[1101, 32.45, 30.5, 30.60, 32.15, 99079]
[1102, 39.35, 37.35, 37.50, 39.05, 21009]
[1103, 16.7, 15.95, 16.10, 16.55, 1938]
[1104, 21.15, 20.1, 20.10, 20.95, 1979]
[1108, 11.0, 10.25, 10.30, 10.85, 1916]
[1109, 15.5, 15.1, 15.15, 15.25, 331]
[1110, 18.4, 17.7, 17.80, 18.30, 541]
[1201, 18.85, 18.4, 18.45, 18.75, 1670]
[1203, 33.3, 32.15, 32.15, 33.15, 59]
[1210, 42.5, 41.3, 41.30, 42.05, 3265]
[1213, 7.5, 6.81, 7.50, 7.17, 34]
[1215, 78.2, 76.6, 77.00, 77.50, 1494]
[1216, 65.9, 64.5, 65.10, 65.40, 37831]
[1217, 9.88, 9.4, 9.43, 9.76, 4050]
[1218, 45.35, 39.15, 39.65, 42.00, 11976]
[1219, 19.8, 19.15, 19.45, 19.20, 4010]
[1220, 15.0, 14.55, 14.65, 14.75, 636]
[1225, 56.9, 54.1, 56.00, 54.10, 69]
[1227, 39.9, 38.85, 38.90, 39.60, 2117]
[1229, 51.0, 48.3, 48.50, 50.10, 4730]
[1231, 70.7, 67.3, 67.70, 69.50, 740]
[1232, 147.0, 141.0, 142.50, 145.50, 249]
[1233, 32.85, 32.05, 32.05, 32.70, 40]
[1234, 33.3, 32.85, 33.00, 33.05, 863]
[1235, 72.3, 67.4, 69.20, 69.00, 48]
[1236, 22.4, 19.6, 19.60, 20.55, 1047]
[1240, 44.0, 42.6, 44.00, 43.55, 140]
[1256, 212.0, 200.5, 201.00, 212.00, 32]
[1258, 23.4, 21.05, 21.30, 22.25, 1845]
[1259, 73.5, 72.2, 72.20, 73.10, 57]
[1264, 247.5, 244.0, 244.50, 247.00, 45]
[1268, 112.0, 108.0, 108.50, 110.00, 133]
[1301, 87.8, 82.9, 83.00, 87.70, 31537]
[1303, 72.7, 68.6, 68.70, 72.60, 39275]
[1304, 21.1, 20.05, 20.40, 20.60, 7117]
[1305, 20.75, 19.6, 19.60, 20.20, 6183]
[1307, 20.7, 19.9, 20.15, 20.30, 674]
[1308, 26.6, 25.8, 26.20, 26.10, 3863]
[1309, 20.65, 19.9, 20.05, 20.10, 2657]
[1310, 13.4, 12.8, 12.80, 13.25, 1672]
[1312, 18.7, 17.85, 18.05, 18.05, 18181]
[1313, 12.7, 12.2, 12.50, 12.40, 5451]
[1314, 9.91, 9.51, 9.59, 9.70, 33306]
[1315, 66.9, 64.8, 65.00, 66.30, 967]
[1316, 12.75, 12.1, 12.75, 12.15, 3856]
[1319, 48.0, 42.3, 46.30, 43.40, 42545]
[1321, 33.65, 32.8, 33.05, 33.40, 349]
[1323, 33.4, 32.75, 33.35, 32.90, 231]
[1324, 10.6, 10.3, 10.50, 10.50, 58]
[1325, 23.05, 22.3, 22.55, 22.30, 1159]
[1326, 72.5, 68.9, 69.10, 72.50, 18355]
[1336, 26.15, 22.2, 22.70, 25.20, 5814]
[1337, 7.48, 7.08, 7.17, 7.09, 6354]
[1338, 47.3, 44.8, 46.10, 44.95, 1255]
[1339, 39.4, 37.85, 38.25, 39.00, 814]
[1340, 10.1, 9.76, 9.79, 10.00, 552]
[1341, 72.4, 67.0, 67.50, 69.90, 119]
[1342, 84.4, 79.3, 83.30, 81.10, 4095]
[1402, 32.85, 31.85, 32.35, 32.25, 34265]
[1409, 17.05, 16.3, 16.30, 16.80, 8504]
[1410, 43.5, 40.45, 41.20, 41.00, 4583]
[1413, 9.82, 9.6, 9.81, 9.70, 1192]
[1414, 17.45, 17.0, 17.40, 17.30, 671]
[1416, 10.2, 10.0, 10.10, 10.15, 657]
[1417, 11.75, 11.2, 11.45, 11.25, 2006]
[1418, 14.35, 13.4, 14.35, 13.95, 82]
[1419, 38.65, 37.3, 37.40, 38.55, 534]
[1423, 21.65, 19.95, 20.90, 20.40, 3075]
[1432, 12.25, 11.6, 11.65, 11.90, 1833]
[1434, 26.55, 25.85, 25.85, 26.45, 5427]
[1436, 55.2, 53.2, 53.50, 54.30, 236]
[1437, 24.9, 24.3, 24.30, 24.80, 230]
[1438, 29.45, 28.55, 29.30, 28.95, 283]
[1439, 24.0, 20.75, 21.10, 23.30, 697]
[1440, 17.6, 17.0, 17.20, 17.10, 5712]
[1441, 8.09, 7.95, 8.06, 8.02, 223]
[1442, 31.95, 29.05, 29.35, 31.90, 9812]
[1443, 21.75, 20.1, 20.50, 20.85, 931]
[1444, 10.85, 10.35, 10.55, 10.40, 35630]
[1445, 16.25, 15.95, 16.10, 16.25, 95]
[1446, 32.3, 30.5, 30.80, 32.10, 403]
[1447, 8.3, 7.83, 7.88, 8.02, 5009]
[1449, 14.1, 13.05, 13.50, 13.05, 3495]
[1451, 22.35, 21.6, 22.35, 22.05, 3003]
[1452, 17.8, 17.0, 17.20, 17.45, 399]
[1453, 15.85, 14.3, 14.95, 14.65, 2393]
[1454, 12.85, 12.55, 12.85, 12.65, 308]
[1455, 10.55, 10.1, 10.25, 10.20, 4206]
[1456, 17.4, 16.15, 16.70, 16.65, 420]
[1457, 18.6, 18.25, 18.30, 18.50, 1601]
[1459, 8.45, 8.0, 8.45, 8.24, 596]
[1460, 7.75, 7.3, 7.65, 7.30, 4033]
[1463, 14.15, 13.85, 13.90, 14.00, 166]
[1464, 14.5, 13.9, 14.10, 14.05, 710]
[1465, 14.65, 13.25, 13.30, 13.80, 924]
[1466, 11.3, 11.05, 11.15, 11.10, 226]
[1467, 11.7, 11.2, 11.45, 11.50, 11318]
[1468, 13.0, 12.5, 12.65, 13.00, 214]
[1470, 18.7, 17.75, 18.30, 18.05, 71]
[1471, 8.1, 7.5, 7.54, 7.70, 2149]
[1472, 22.0, 18.4, 18.45, 21.85, 26]
[1473, 20.0, 18.4, 18.40, 19.60, 1361]
[1474, 11.4, 11.0, 11.00, 11.20, 392]
[1475, 66.8, 56.0, 56.00, 63.00, 2044]
[1476, 447.0, 416.5, 428.00, 447.00, 4722]
[1477, 221.0, 210.5, 217.50, 220.50, 11260]
[1503, 56.6, 55.2, 55.20, 56.20, 821]
[1504, 29.75, 28.8, 29.10, 29.65, 20587]
[1506, 16.3, 15.55, 15.85, 16.05, 977]
[1512, 3.8, 3.5, 3.66, 3.50, 649]
[1513, 54.5, 51.4, 53.40, 51.70, 35186]
[1514, 27.6, 25.8, 25.85, 26.90, 14245]
[1515, 29.9, 28.4, 28.45, 29.25, 2407]
[1516, 21.65, 21.1, 21.55, 21.15, 417]
[1517, 23.85, 22.4, 23.10, 22.70, 13420]
[1519, 39.85, 36.9, 39.15, 36.90, 6309]
[1521, 34.7, 34.0, 34.20, 34.05, 52]
[1522, 26.65, 25.5, 26.50, 26.00, 8058]
[1524, 23.45, 22.25, 23.10, 22.50, 24197]
[1525, 58.5, 54.8, 55.80, 57.30, 228]
[1526, 48.35, 45.15, 47.70, 45.25, 4364]
[1527, 41.8, 40.05, 40.05, 40.95, 1325]
[1528, 9.66, 9.2, 9.40, 9.48, 1750]
[1529, 17.3, 16.35, 17.25, 16.35, 4772]
[1530, 31.45, 29.9, 31.35, 30.30, 431]
[1531, 13.55, 13.1, 13.15, 13.45, 553]
[1532, 27.7, 26.95, 27.25, 27.40, 1300]
[1533, 51.3, 48.75, 49.60, 49.40, 1440]
[1535, 42.2, 41.25, 41.25, 42.15, 439]
[1536, 79.2, 71.5, 76.10, 71.50, 18000]
[1537, 137.5, 134.0, 134.00, 136.50, 607]
[1538, 6.73, 6.21, 6.73, 6.27, 121]
[1539, 34.1, 29.9, 34.00, 31.10, 26499]
[1540, 16.4, 14.95, 15.00, 15.75, 1521]
[1541, 34.6, 33.25, 33.60, 34.05, 256]
[1558, 116.5, 108.0, 109.00, 114.50, 701]
[1560, 112.5, 103.0, 104.50, 109.50, 37778]
[1565, 230.0, 221.0, 224.00, 227.50, 545]
[1568, 24.5, 23.05, 23.80, 23.05, 1868]
[1569, 23.55, 22.5, 22.90, 22.80, 2518]
[1570, 16.0, 15.3, 15.70, 15.55, 256]
[1580, 88.1, 84.5, 85.10, 86.00, 248]
[1582, 60.9, 58.5, 60.20, 58.80, 726]
[1583, 61.9, 60.1, 61.00, 61.70, 45]
[1584, 17.2, 16.4, 16.45, 16.50, 3496]
[1586, 34.1, 32.3, 34.10, 33.10, 1306]
[1587, 22.7, 21.3, 21.45, 22.10, 618]
[1589, 53.3, 51.2, 51.20, 52.30, 947]
[1590, 893.0, 780.0, 795.00, 870.00, 4125]
[1591, 18.4, 16.0, 17.25, 18.40, 5607]
[1593, 70.8, 65.5, 68.50, 70.80, 244]
[1595, 37.7, 36.8, 37.10, 36.95, 351]
[1597, 78.4, 73.5, 76.90, 76.00, 513]
[1598, 37.95, 35.85, 36.40, 36.90, 507]
[1599, 43.0, 41.0, 41.30, 41.50, 299]
[1603, 27.0, 25.5, 25.55, 25.95, 1751]
[1604, 25.8, 23.85, 23.85, 24.95, 1473]
[1605, 42.95, 37.3, 37.45, 42.15, 504048]
[1608, 14.95, 13.7, 13.90, 13.95, 16605]
[1609, 17.75, 17.1, 17.10, 17.20, 12667]
[1611, 14.55, 14.05, 14.40, 14.05, 4334]
[1612, 16.65, 15.15, 15.20, 16.00, 9944]
[1614, 36.4, 35.75, 36.00, 36.20, 256]
[1615, 28.7, 27.75, 27.85, 28.15, 211]
[1616, 7.67, 7.3, 7.36, 7.30, 743]
[1617, 14.95, 14.7, 14.75, 14.75, 95]
[1618, 15.8, 14.6, 15.20, 15.00, 7598]
[1626, 17.0, 16.05, 16.55, 16.50, 336]
[1701, 20.8, 20.3, 20.30, 20.65, 2073]
[1702, 45.6, 44.1, 44.15, 44.70, 873]
[1707, 133.5, 123.0, 124.00, 129.50, 1596]
[1708, 44.0, 41.7, 42.20, 43.35, 19128]
[1709, 22.3, 21.05, 21.05, 21.95, 3924]
[1710, 17.65, 17.15, 17.45, 17.25, 3468]
[1711, 18.1, 17.5, 17.50, 17.80, 3861]
[1712, 38.6, 36.55, 38.60, 37.75, 13388]
[1713, 24.7, 24.1, 24.30, 24.40, 205]
[1714, 8.4, 8.21, 8.21, 8.28, 5352]
[1717, 31.6, 30.3, 30.60, 31.50, 6275]
[1718, 8.04, 7.65, 7.65, 7.88, 9113]
[1720, 46.3, 44.85, 45.15, 45.90, 1757]
[1721, 14.3, 13.65, 13.90, 13.90, 4070]
[1722, 55.9, 53.5, 53.80, 55.00, 9457]
[1723, 108.5, 104.5, 104.50, 106.50, 1463]
[1725, 19.55, 18.95, 18.95, 19.30, 163]
[1726, 70.3, 69.7, 69.90, 70.10, 126]
[1727, 25.75, 24.4, 25.10, 24.70, 2631]
[1730, 54.0, 52.9, 53.20, 53.90, 81]
[1731, 18.15, 17.8, 17.90, 18.05, 1086]
[1732, 29.8, 28.15, 29.00, 28.85, 1838]
[1733, 24.3, 23.55, 23.55, 23.90, 900]
[1734, 29.5, 28.15, 28.65, 29.00, 3418]
[1735, 14.7, 14.4, 14.50, 14.70, 49]
[1736, 68.4, 62.9, 67.20, 63.80, 8668]
[1737, 31.4, 30.3, 30.50, 30.95, 863]
[1742, 16.3, 15.2, 15.20, 16.10, 89]
[1752, 35.8, 34.4, 34.55, 35.55, 481]
[1760, 147.5, 136.0, 145.50, 141.00, 46337]
[1762, 56.9, 51.8, 51.90, 55.40, 2688]
[1773, 111.5, 103.0, 103.00, 109.00, 1514]
[1776, 16.55, 16.2, 16.35, 16.45, 192]
[1777, 78.5, 75.1, 77.00, 76.70, 608]
[1781, 14.75, 13.8, 14.50, 13.95, 299]
[1783, 41.5, 37.5, 41.00, 38.00, 1686]
[1784, 38.25, 36.55, 37.90, 37.30, 478]
[1785, 31.2, 28.8, 29.05, 30.00, 7939]
[1786, 49.4, 47.0, 49.40, 47.40, 528]
[1788, 139.5, 136.0, 138.00, 138.00, 114]
[1789, 24.6, 23.85, 23.85, 24.05, 2442]
[1795, 171.5, 155.5, 160.00, 171.50, 67863]
[1796, 58.2, 55.0, 57.50, 56.60, 112]
[1799, 15.1, 14.0, 15.10, 14.90, 39]
[1802, 23.25, 21.3, 21.55, 23.15, 59720]
[1805, 11.35, 10.85, 11.35, 10.90, 59]
[1806, 9.43, 9.2, 9.31, 9.22, 1956]
[1808, 60.8, 58.7, 60.50, 59.70, 528]
[1809, 13.5, 12.65, 13.05, 12.90, 2901]
[1810, 13.95, 12.2, 12.60, 12.35, 22164]
[1813, 23.7, 22.1, 23.70, 23.60, 960]
[1815, 12.45, 12.0, 12.20, 12.05, 5894]
[1817, 36.15, 35.2, 35.50, 35.35, 427]
[1903, 49.95, 47.7, 48.30, 49.60, 314]
[1904, 27.4, 26.45, 26.45, 27.00, 3802]
[1905, 17.8, 16.9, 17.00, 17.20, 3359]
[1906, 16.95, 15.6, 15.70, 16.30, 7026]
[1907, 27.1, 24.95, 25.00, 26.95, 14048]
[1909, 16.4, 15.0, 15.00, 16.25, 17000]
[2002, 28.1, 26.8, 26.80, 28.00, 105549]
[2006, 50.8, 49.35, 49.50, 50.40, 6292]
[2007, 9.77, 9.34, 9.42, 9.59, 3033]
[2008, 17.2, 16.9, 17.20, 16.95, 75]
[2009, 31.5, 27.75, 28.45, 29.90, 61029]
[2010, 15.65, 15.15, 15.20, 15.35, 2189]
[2012, 22.25, 21.85, 22.00, 22.25, 246]
[2013, 56.5, 53.5, 53.50, 55.30, 884]
[2014, 21.1, 20.0, 20.00, 20.45, 26854]
[2015, 58.8, 57.0, 57.00, 58.50, 919]
[2017, 12.7, 12.3, 12.40, 12.40, 1882]
[2020, 23.3, 22.4, 22.55, 22.80, 770]
[2022, 8.33, 8.0, 8.00, 8.13, 3143]
[2023, 14.9, 14.4, 14.60, 14.70, 13806]
[2024, 18.45, 17.65, 17.65, 18.20, 109]
[2025, 5.19, 3.92, 4.12, 4.99, 2527]
[2027, 40.5, 38.0, 38.00, 39.25, 55570]
[2028, 24.15, 22.3, 22.40, 23.40, 2410]
[2029, 24.3, 23.55, 23.65, 23.90, 1470]
[2030, 22.5, 21.25, 22.00, 21.35, 11519]
[2031, 36.15, 34.05, 35.30, 34.05, 6449]
[2032, 18.05, 16.9, 17.00, 17.30, 1717]
[2033, 13.35, 12.7, 12.75, 12.75, 727]
[2034, 27.05, 26.0, 26.00, 26.55, 4274]
[2035, 30.95, 30.35, 30.35, 30.80, 41]
[2038, 18.95, 17.85, 18.15, 18.35, 2888]
[2049, 183.0, 171.5, 175.00, 178.00, 6331]
[2059, 457.5, 417.0, 445.00, 432.00, 2706]
[2061, 26.9, 25.7, 26.00, 26.15, 974]
[2062, 22.4, 21.5, 22.20, 21.70, 1842]
[2063, 37.45, 36.7, 37.45, 36.85, 307]
[2064, 17.15, 16.0, 16.55, 16.20, 212]
[2065, 52.1, 51.4, 51.40, 51.80, 300]
[2066, 77.6, 74.4, 76.10, 75.00, 1716]
[2067, 12.5, 11.7, 12.50, 12.30, 218]
[2069, 20.6, 19.15, 20.15, 19.20, 3103]
[2070, 39.6, 35.5, 36.50, 37.30, 1775]
[2101, 35.05, 33.55, 34.05, 34.00, 4208]
[2102, 19.5, 18.85, 18.85, 19.25, 1053]
[2103, 27.0, 26.35, 26.75, 26.40, 4533]
[2104, 20.55, 19.35, 19.45, 20.10, 5972]
[2105, 33.8, 33.0, 33.10, 33.35, 16025]
[2106, 31.2, 30.25, 30.65, 30.25, 3112]
[2107, 21.8, 19.95, 19.95, 21.25, 1657]
[2108, 36.35, 34.25, 34.25, 35.30, 3718]
[2109, 14.35, 14.05, 14.10, 14.15, 260]
[2114, 95.0, 90.7, 93.00, 94.00, 122]
[2115, 30.05, 29.4, 29.60, 29.60, 214]
[2201, 46.3, 44.35, 45.45, 45.00, 34194]
[2204, 43.2, 41.65, 42.70, 42.10, 3722]
[2206, 38.95, 35.9, 38.40, 36.05, 18117]
[2207, 605.0, 584.0, 586.00, 605.00, 1419]
[2208, 19.8, 16.85, 16.90, 18.75, 46149]
[2211, 52.6, 49.5, 50.00, 51.60, 1385]
[2221, 43.2, 37.45, 37.60, 41.25, 989]
[2227, 184.5, 176.0, 176.50, 184.50, 185]
[2228, 82.0, 75.5, 77.70, 77.30, 2979]
[2230, 30.2, 26.5, 29.80, 26.50, 6030]
[2231, 146.0, 131.0, 145.00, 133.50, 4605]
[2233, 96.4, 93.2, 93.30, 94.30, 616]
[2235, 49.95, 47.7, 48.00, 48.20, 149]
[2236, 21.7, 20.05, 20.25, 21.00, 220]
[2239, 66.1, 58.5, 65.20, 60.10, 1008]
[2241, 30.0, 29.4, 29.60, 29.65, 149]
[2243, 14.1, 12.35, 13.25, 12.70, 888]
[2247, 207.5, 199.0, 200.00, 205.00, 295]
[2250, 73.0, 69.6, 71.00, 70.00, 431]
[2301, 67.2, 65.1, 66.30, 65.90, 26312]
[2302, 19.8, 17.6, 18.15, 18.70, 16179]
[2303, 45.5, 39.5, 39.50, 44.00, 498898]
[2305, 34.8, 30.45, 31.90, 31.00, 64105]
[2308, 285.0, 265.5, 272.00, 283.50, 34420]
[2312, 15.1, 13.75, 14.70, 13.75, 109065]
[2313, 48.8, 44.5, 46.25, 47.95, 122641]
[2314, 38.5, 35.9, 38.00, 35.90, 6790]
[2316, 25.1, 24.0, 24.00, 24.50, 1493]
[2317, 102.5, 99.8, 100.50, 100.00, 243861]
[2321, 5.33, 4.72, 4.72, 4.91, 78]
[2323, 7.08, 6.75, 6.75, 6.92, 12714]
[2324, 22.1, 21.2, 21.25, 22.05, 48262]
[2327, 453.5, 381.0, 390.00, 445.50, 30150]
[2328, 34.2, 32.4, 32.60, 33.05, 7146]
[2329, 18.2, 17.1, 17.40, 17.75, 12359]
[2330, 442.0, 387.0, 390.00, 441.50, 244078]
[2331, 22.2, 20.95, 21.20, 21.45, 15057]
[2332, 15.35, 14.85, 15.05, 14.90, 6091]
[2337, 34.6, 31.35, 31.40, 33.75, 59341]
[2338, 70.3, 58.7, 64.10, 67.20, 78916]
[2340, 35.5, 33.0, 33.80, 34.05, 11545]
[2342, 38.0, 35.75, 36.85, 36.45, 4794]
[2344, 22.55, 20.2, 20.30, 21.85, 110183]
[2345, 263.0, 239.5, 249.00, 261.50, 15276]
[2347, 55.0, 53.5, 54.30, 54.90, 21510]
[2348, 63.0, 60.3, 60.30, 62.60, 725]
[2349, 7.48, 7.2, 7.24, 7.39, 4694]
[2351, 101.5, 91.1, 96.20, 98.80, 20556]
[2352, 27.45, 26.35, 26.35, 27.05, 27202]
[2353, 24.65, 22.8, 22.85, 24.60, 89905]
[2354, 48.9, 45.75, 45.95, 48.85, 18878]
[2355, 29.2, 27.75, 27.90, 28.80, 4860]
[2356, 24.2, 23.45, 23.75, 24.10, 24308]
[2357, 251.0, 234.0, 236.50, 249.00, 12569]
[2358, 16.7, 14.2, 14.25, 15.55, 39153]
[2359, 25.2, 23.8, 24.10, 23.80, 10876]
[2360, 197.0, 175.0, 177.00, 194.00, 8764]
[2362, 31.2, 30.65, 31.00, 30.80, 861]
[2363, 17.6, 15.85, 15.90, 16.65, 23972]
[2364, 135.5, 102.0, 113.50, 115.50, 20197]
[2365, 9.98, 9.72, 9.73, 9.86, 1023]
[2367, 19.25, 18.3, 18.95, 18.40, 76275]
[2368, 99.8, 87.5, 89.50, 94.00, 85206]
[2369, 14.3, 13.45, 13.55, 13.70, 10577]
[2371, 33.2, 29.95, 30.45, 31.75, 51559]
[2373, 79.6, 76.8, 77.50, 79.00, 381]
[2374, 21.65, 20.65, 21.10, 21.10, 3253]
[2375, 57.4, 53.8, 55.50, 55.60, 2956]
[2376, 105.5, 97.2, 97.50, 101.00, 55467]
[2377, 125.0, 112.0, 112.00, 123.00, 24176]
[2379, 308.0, 266.5, 270.50, 300.50, 22816]
[2380, 12.45, 11.2, 11.90, 12.45, 4511]
[2382, 70.7, 66.9, 67.30, 70.50, 41629]
[2383, 178.0, 158.5, 166.00, 174.50, 17289]
[2385, 82.6, 79.8, 80.50, 82.00, 7509]
[2387, 41.6, 38.55, 38.85, 40.25, 7810]
[2388, 74.8, 67.2, 70.40, 67.40, 180707]
[2390, 14.3, 11.95, 12.20, 13.50, 16514]
[2392, 35.9, 34.55, 35.00, 34.70, 7730]
[2393, 36.75, 35.7, 36.00, 36.15, 2677]
[2395, 316.0, 282.5, 288.00, 315.00, 5798]
[2397, 60.8, 57.7, 58.00, 58.30, 156]
[2399, 15.45, 13.25, 13.25, 13.60, 69145]
[2401, 25.3, 23.6, 23.80, 24.10, 13645]
[2402, 19.65, 18.5, 19.65, 18.55, 33137]
[2404, 173.0, 150.0, 150.00, 162.00, 3122]
[2405, 13.3, 12.05, 12.05, 12.65, 32568]
[2406, 17.95, 17.25, 17.30, 17.50, 5061]
[2408, 59.9, 55.2, 55.40, 59.80, 62654]
[2409, 18.3, 17.3, 17.85, 17.70, 194897]
[2412, 110.0, 107.5, 108.50, 109.50, 42265]
[2413, 29.95, 26.1, 27.50, 26.40, 45220]
[2414, 31.0, 29.35, 30.75, 30.50, 559]
[2415, 23.65, 22.0, 22.75, 22.05, 868]
[2417, 22.3, 20.25, 20.45, 22.30, 2021]
[2419, 27.2, 25.2, 26.10, 25.20, 24744]
[2420, 39.25, 38.35, 38.50, 38.75, 438]
[2421, 47.05, 43.8, 44.30, 44.25, 22421]
[2423, 28.0, 26.95, 27.00, 27.40, 1185]
[2424, 20.35, 19.0, 19.55, 19.10, 246]
[2425, 29.4, 25.1, 25.35, 27.90, 19748]
[2426, 17.45, 16.3, 16.45, 16.70, 2619]
[2427, 12.2, 10.9, 10.90, 11.55, 3774]
[2428, 125.5, 118.5, 119.00, 121.50, 1420]
[2429, 10.8, 9.29, 9.29, 9.80, 120]
[2430, 42.7, 41.0, 41.95, 41.45, 861]
[2431, 10.75, 10.25, 10.50, 10.40, 617]
[2433, 48.95, 45.4, 45.40, 47.15, 161]
[2434, 29.85, 27.1, 28.45, 28.75, 86]
[2436, 46.0, 42.8, 43.30, 44.50, 21123]
[2438, 13.45, 12.75, 12.75, 13.20, 268]
[2439, 87.6, 80.7, 80.70, 84.70, 10453]
[2440, 13.15, 12.2, 12.85, 12.20, 755]
[2441, 49.0, 46.05, 46.20, 48.10, 7076]
[2442, 12.5, 12.2, 12.40, 12.30, 1991]
[2443, 2.94, 2.71, 2.94, 2.80, 951]
[2444, 13.6, 12.3, 12.50, 12.85, 2940]
[2449, 35.2, 33.1, 33.70, 34.45, 33746]
[2450, 30.65, 29.9, 30.10, 30.40, 417]
[2451, 67.3, 64.5, 65.50, 66.70, 2986]
[2453, 25.35, 24.4, 24.45, 25.05, 429]
[2454, 700.0, 601.0, 608.00, 700.00, 53485]
[2455, 70.0, 60.3, 62.00, 67.80, 18149]
[2457, 38.9, 36.8, 37.85, 36.80, 19101]
[2458, 89.4, 78.2, 79.60, 87.10, 22908]
[2459, 51.5, 49.9, 51.00, 50.90, 503]
[2460, 18.55, 16.5, 17.25, 16.50, 7914]
[2461, 19.0, 18.3, 18.80, 18.35, 1409]
[2462, 25.1, 24.3, 24.60, 24.60, 446]
[2464, 37.85, 36.5, 36.50, 37.30, 842]
[2465, 43.1, 34.5, 36.20, 34.60, 35961]
[2466, 35.7, 32.95, 32.95, 35.45, 424]
[2467, 47.0, 43.9, 44.20, 44.90, 920]
[2468, 30.85, 26.65, 26.65, 27.20, 62320]
[2471, 27.3, 25.75, 25.80, 26.55, 585]
[2472, 58.0, 50.1, 50.90, 54.80, 2979]
[2474, 183.0, 172.0, 173.00, 180.00, 19805]
[2476, 47.8, 45.05, 47.55, 46.10, 6363]
[2477, 19.35, 18.45, 18.50, 19.20, 879]
[2478, 45.8, 43.3, 44.60, 44.50, 1200]
[2480, 79.7, 77.5, 77.80, 79.00, 741]
[2481, 60.5, 57.2, 58.10, 58.10, 15506]
[2482, 24.1, 21.75, 22.80, 23.45, 12285]
[2483, 25.3, 24.25, 25.20, 24.35, 2281]
[2484, 35.5, 33.15, 34.20, 33.95, 17848]
[2485, 17.6, 16.95, 17.00, 17.15, 2856]
[2486, 19.3, 17.55, 18.00, 18.20, 8230]
[2488, 32.25, 28.15, 29.50, 28.90, 5046]
[2489, 10.45, 9.47, 9.63, 9.99, 17930]
[2491, 14.35, 12.1, 12.10, 12.50, 1582]
[2492, 89.7, 80.2, 82.00, 85.60, 14730]
[2493, 43.05, 41.25, 41.85, 42.25, 651]
[2495, 19.65, 18.15, 18.60, 18.95, 27683]
[2496, 46.2, 44.35, 45.40, 45.70, 205]
[2497, 77.6, 68.6, 69.50, 73.70, 47201]
[2498, 54.9, 51.8, 53.10, 52.40, 113385]
[2501, 14.95, 14.5, 14.55, 14.75, 3870]
[2504, 24.4, 23.2, 23.30, 23.90, 10400]
[2505, 19.45, 17.95, 17.95, 19.05, 761]
[2506, 9.38, 9.1, 9.10, 9.34, 1065]
[2509, 14.4, 14.25, 14.30, 14.35, 188]
[2511, 10.85, 10.35, 10.35, 10.65, 2737]
[2514, 16.9, 16.6, 16.70, 16.75, 678]
[2515, 8.25, 8.1, 8.16, 8.21, 10414]
[2516, 5.03, 4.85, 4.98, 4.88, 483]
[2520, 27.3, 25.2, 25.50, 27.10, 4287]
[2524, 34.8, 33.9, 33.90, 34.35, 168]
[2527, 20.9, 20.45, 20.45, 20.50, 388]
[2528, 16.8, 15.95, 16.30, 16.15, 1984]
[2530, 19.35, 17.6, 17.95, 19.20, 11650]
[2534, 26.1, 24.7, 24.70, 25.70, 6883]
[2535, 30.0, 29.4, 29.85, 29.50, 1864]
[2536, 22.75, 22.3, 22.30, 22.65, 607]
[2537, 7.16, 6.96, 7.00, 7.01, 3735]
[2538, 12.0, 11.25, 11.35, 11.80, 3090]
[2539, 32.55, 31.2, 31.35, 32.00, 1787]
[2540, 78.5, 70.9, 72.90, 72.10, 1238]
[2542, 42.65, 41.7, 42.00, 42.40, 20832]
[2543, 8.7, 8.37, 8.38, 8.65, 272]
[2545, 41.1, 40.15, 40.90, 40.55, 1188]
[2546, 48.55, 46.2, 46.20, 48.35, 407]
[2547, 9.28, 9.11, 9.14, 9.19, 2428]
[2548, 87.0, 85.5, 85.90, 86.20, 2758]
[2596, 17.2, 16.9, 16.95, 17.00, 151]
[2597, 103.5, 97.1, 100.00, 100.00, 449]
[2601, 8.53, 8.16, 8.17, 8.35, 10836]
[2603, 159.0, 141.0, 144.00, 150.00, 241967]
[2605, 19.35, 18.05, 18.05, 18.75, 20825]
[2606, 40.25, 36.75, 37.15, 39.60, 29176]
[2607, 28.3, 26.9, 27.70, 27.40, 21735]
[2608, 37.2, 36.1, 36.10, 36.90, 1093]
[2609, 67.5, 61.6, 62.50, 65.20, 269472]
[2610, 18.4, 17.15, 17.15, 17.30, 293232]
[2611, 13.75, 12.9, 12.90, 13.40, 3812]
[2612, 35.2, 32.6, 32.60, 34.85, 3644]
[2613, 22.8, 21.6, 22.10, 21.65, 3142]
[2614, 22.15, 21.05, 22.00, 21.05, 19543]
[2615, 78.0, 67.6, 67.80, 73.50, 118700]
[2616, 33.25, 32.5, 32.50, 33.20, 1291]
[2617, 25.7, 24.0, 24.00, 25.15, 7513]
[2618, 26.75, 24.2, 24.50, 25.70, 321217]
[2630, 16.75, 16.25, 16.60, 16.60, 276]
[2633, 28.35, 27.7, 27.85, 28.20, 12549]
[2634, 33.4, 30.85, 32.80, 30.90, 39745]
[2636, 75.5, 67.0, 69.00, 71.60, 19329]
[2637, 58.7, 55.1, 55.80, 57.30, 44085]
[2640, 83.5, 78.1, 78.90, 81.00, 224]
[2641, 18.1, 16.2, 16.25, 17.35, 30113]
[2642, 46.6, 43.85, 44.50, 45.40, 1458]
[2643, 73.4, 69.8, 73.20, 70.50, 663]
[2701, 12.15, 11.95, 12.10, 12.10, 1201]
[2702, 21.85, 21.15, 21.35, 21.35, 2049]
[2704, 31.5, 30.55, 30.85, 30.75, 981]
[2705, 16.55, 16.1, 16.10, 16.30, 761]
[2706, 14.15, 14.0, 14.05, 14.10, 953]
[2707, 190.0, 182.5, 185.00, 183.00, 2546]
[2712, 33.95, 32.85, 33.80, 33.30, 33]
[2718, NaN, NaN, NaN, NaN, 0]
[2719, 21.8, 20.9, 20.90, 21.80, 49]
[2722, 34.0, 31.35, 31.50, 33.20, 539]
[2723, 106.5, 99.4, 100.00, 104.00, 3923]
[2724, 14.1, 13.9, 14.10, 13.90, 6]
[2726, 19.9, 18.9, 19.85, 19.40, 123]
[2727, 152.0, 134.5, 135.50, 149.00, 8034]
[2729, 202.5, 191.5, 193.00, 192.50, 306]
[2731, 90.9, 87.2, 89.00, 88.20, 3508]
[2732, 107.5, 100.0, 102.00, 107.00, 3024]
[2734, 25.95, 24.5, 24.95, 24.50, 642]
[2736, 20.65, 19.05, 19.95, 19.10, 2112]
[2739, 27.1, 26.6, 26.90, 27.00, 87]
[2740, 52.3, 50.0, 50.00, 50.00, 19]
[2743, 55.4, 50.0, 51.80, 50.00, 5002]
[2745, 32.55, 31.05, 31.55, 31.70, 295]
[2748, 47.8, 45.55, 45.75, 46.60, 750]
[2752, 199.5, 190.0, 195.00, 197.00, 185]
[2753, 187.0, 173.0, 173.00, 182.00, 4503]
[2754, 119.0, 107.0, 112.00, 107.00, 2570]
[2755, 77.5, 73.5, 77.50, 76.50, 42]
[2756, 95.1, 90.5, 91.00, 90.70, 141]
[2801, 17.15, 16.5, 16.55, 17.15, 36495]
[2809, 34.7, 32.6, 32.95, 34.60, 12119]
[2812, 13.0, 12.5, 12.55, 12.90, 17355]
[2816, 15.55, 14.55, 14.55, 15.30, 341]
[2820, 14.9, 14.4, 14.45, 14.65, 2935]
[2832, 20.25, 19.9, 20.00, 20.20, 669]
[2834, 12.75, 12.05, 12.10, 12.60, 200264]
[2836, 12.85, 12.5, 12.50, 12.70, 1572]
[2838, 16.7, 15.5, 15.90, 16.05, 10124]
[2845, 10.9, 10.6, 10.65, 10.85, 23268]
[2849, 14.85, 14.4, 14.40, 14.70, 107]
[2850, 47.3, 43.95, 44.20, 47.10, 2366]
[2851, 18.25, 17.9, 18.00, 18.05, 3281]
[2852, 15.35, 14.45, 14.45, 15.20, 1351]
[2855, 15.85, 14.95, 14.95, 15.75, 4162]
[2867, 5.59, 5.42, 5.44, 5.53, 51042]
[2880, 22.25, 21.1, 21.10, 22.25, 44660]
[2881, 55.8, 51.8, 52.00, 55.50, 86819]
[2882, 42.0, 39.05, 39.25, 41.90, 136434]
[2883, 12.95, 12.25, 12.25, 12.90, 151448]
[2884, 24.1, 23.1, 23.25, 24.00, 138636]
[2885, 21.2, 20.0, 20.10, 21.20, 106418]
[2886, 31.15, 29.6, 29.80, 30.85, 94412]
[2887, 14.6, 13.4, 13.45, 14.60, 90480]
[2888, 8.55, 8.12, 8.16, 8.53, 174853]
[2889, 11.45, 11.05, 11.05, 11.35, 33546]
[2890, 16.85, 16.1, 16.30, 16.80, 107824]
[2891, 21.85, 20.9, 21.15, 21.85, 189605]
[2892, 25.9, 24.75, 24.95, 25.90, 67704]
[2897, 8.3, 8.07, 8.07, 8.25, 8306]
[2901, 23.55, 23.0, 23.15, 23.45, 64]
[2903, 19.2, 18.25, 18.25, 19.05, 2780]
[2904, 18.7, 17.9, 17.95, 18.60, 197]
[2905, 14.85, 14.35, 14.55, 14.50, 2006]
[2906, 15.3, 14.45, 14.65, 14.55, 2644]
[2908, 20.6, 20.0, 20.20, 20.30, 362]
[2910, 35.0, 33.75, 33.80, 34.70, 215]
[2911, 6.5, 6.3, 6.37, 6.35, 507]
[2912, 267.0, 260.5, 263.00, 262.50, 6767]
[2913, 23.8, 21.9, 22.80, 23.50, 19993]
[2915, 62.8, 58.2, 59.00, 62.70, 23077]
[2916, 23.45, 22.6, 23.20, 23.10, 106]
[2923, 21.5, 21.2, 21.50, 21.40, 19]
[2924, 28.5, 27.6, 27.60, 28.05, 8]
[2926, 50.9, 45.9, 45.90, 50.80, 67]
[2929, 12.45, 11.05, 11.65, 11.15, 7063]
[2937, 37.0, 35.6, 37.00, 36.65, 87]
[2939, 38.15, 34.75, 35.50, 35.70, 882]
[2945, 38.75, 35.0, 35.10, 37.55, 93]
[2947, 98.0, 95.0, 95.00, 95.00, 25]
[3002, 11.8, 11.35, 11.65, 11.75, 2770]
[3003, 73.3, 70.3, 71.00, 70.70, 3542]
[3004, 64.1, 61.9, 63.00, 63.70, 792]
[3005, 41.35, 39.35, 39.35, 40.50, 5362]
[3006, 72.2, 65.2, 66.50, 71.10, 29869]
[3008, 2035.0, 1920.0, 1,930.00, 2,030.00, 3591]
[3010, 87.0, 80.7, 81.60, 84.70, 870]
[3011, 15.15, 13.9, 14.45, 14.55, 2456]
[3013, 16.0, 14.25, 14.35, 15.75, 4249]
[3014, 71.3, 62.9, 63.20, 68.40, 6452]
[3015, 38.35, 37.55, 37.90, 38.00, 354]
[3016, 78.5, 71.7, 72.80, 75.00, 8938]
[3017, 112.0, 105.0, 107.00, 110.00, 25651]
[3018, 8.8, 8.0, 8.00, 8.63, 244]
[3019, 65.6, 61.2, 62.70, 63.70, 7814]
[3021, 23.1, 21.0, 22.65, 21.10, 1755]
[3022, 60.1, 56.4, 57.10, 58.50, 11373]
[3023, 287.0, 256.0, 261.00, 278.00, 3413]
[3024, 13.6, 12.6, 12.70, 12.80, 29914]
[3025, 23.4, 20.6, 22.15, 20.60, 6207]
[3026, 91.1, 88.0, 88.00, 89.60, 910]
[3027, 28.5, 24.9, 27.90, 25.35, 61285]
[3028, 27.5, 26.35, 26.55, 27.15, 1327]
[3029, 39.5, 38.5, 38.70, 39.00, 983]
[3030, 64.3, 62.8, 63.60, 63.30, 2666]
[3031, 15.75, 15.25, 15.40, 15.25, 537]
[3032, 28.45, 27.2, 27.95, 28.05, 628]
[3033, 27.05, 25.85, 26.00, 26.70, 6485]
[3034, 312.5, 248.5, 251.00, 298.00, 58114]
[3035, 164.0, 142.5, 142.50, 156.50, 136735]
[3036, 60.4, 57.4, 57.80, 60.10, 8071]
[3037, 161.5, 125.5, 130.50, 158.00, 355095]
[3038, 21.85, 20.25, 20.95, 20.45, 13633]
[3040, 30.1, 29.5, 30.10, 29.95, 62]
[3041, 19.9, 18.7, 18.90, 18.95, 4232]
[3042, 83.5, 78.3, 78.30, 81.00, 6066]
[3043, 7.18, 6.7, 6.80, 6.76, 2209]
[3044, 95.5, 90.9, 92.20, 94.50, 5613]
[3045, 95.2, 92.7, 94.00, 95.00, 13872]
[3046, 61.8, 52.8, 58.70, 52.80, 77872]
[3047, 17.45, 15.8, 17.10, 15.80, 57648]
[3048, 29.55, 27.6, 28.50, 27.70, 4888]
[3049, 9.65, 9.39, 9.42, 9.45, 6507]
[3050, 16.6, 15.75, 15.75, 15.80, 6094]
[3051, 20.15, 18.6, 18.90, 19.00, 7067]
[3052, 10.2, 9.85, 9.85, 10.10, 778]
[3054, 20.35, 19.15, 20.15, 19.60, 92]
[3055, 27.5, 26.05, 27.10, 26.05, 217]
[3056, 32.95, 29.6, 29.70, 32.70, 8324]
[3057, 10.35, 9.99, 10.20, 10.00, 699]
[3058, 10.0, 9.49, 9.50, 9.69, 1004]
[3059, 36.3, 34.45, 34.80, 34.90, 10846]
[3060, 17.35, 16.65, 16.70, 16.65, 903]
[3062, 23.9, 22.6, 23.40, 22.75, 20619]
[3064, 11.2, 11.0, 11.00, 11.20, 4]
[3066, 25.6, 23.7, 24.15, 24.00, 782]
[3067, 38.1, 38.1, 38.10, 38.10, 1]
[3071, 25.75, 24.35, 25.20, 24.45, 901]
[3073, 29.35, 28.2, 28.30, 29.35, 23]
[3078, 26.5, 24.8, 25.25, 25.90, 2342]
[3081, 101.5, 91.2, 93.20, 96.80, 31251]
[3083, 41.6, 40.4, 41.20, 41.10, 561]
[3085, 10.0, 9.6, 9.65, 10.00, 112]
[3086, 78.8, 70.0, 74.00, 73.20, 297]
[3088, 56.5, 54.2, 54.70, 55.80, 1482]
[3089, 45.95, 42.0, 45.95, 43.25, 1112]
[3090, 52.3, 49.85, 50.10, 51.20, 1608]
[3092, 36.9, 35.4, 35.70, 35.80, 1090]
[3093, 99.8, 90.6, 90.60, 94.30, 681]
[3094, 26.75, 24.9, 25.40, 25.75, 1218]
[3095, 27.5, 24.6, 24.60, 27.50, 93]
[3105, 156.0, 127.0, 130.00, 146.50, 33501]
[3114, 26.45, 25.25, 25.25, 25.85, 533]
[3115, 11.5, 10.55, 11.10, 10.75, 122]
[3118, 26.9, 25.6, 25.65, 26.50, 86]
[3122, 28.25, 25.6, 27.40, 25.65, 2658]
[3128, 36.75, 32.0, 32.00, 34.70, 85167]
[3130, 192.5, 190.5, 191.00, 190.50, 52]
[3131, 216.0, 188.5, 188.50, 206.50, 1374]
[3138, 133.5, 127.0, 128.50, 127.00, 2367]
[3141, 91.8, 79.2, 80.10, 87.00, 41366]
[3147, 53.8, 50.3, 51.30, 50.90, 1424]
[3149, 22.5, 20.55, 20.95, 21.40, 11343]
[3152, 176.0, 166.0, 168.50, 171.50, 357]
[3162, 45.75, 41.5, 41.75, 42.15, 14136]
[3163, 55.9, 52.2, 54.10, 54.30, 26166]
[3164, 22.5, 21.65, 21.95, 21.80, 359]
[3167, 43.25, 41.0, 41.25, 42.00, 543]
[3169, 107.5, 96.1, 98.30, 102.00, 5687]
[3171, 15.75, 14.9, 15.55, 15.30, 56]
[3176, 34.0, 32.0, 33.65, 32.40, 1719]
[3178, 61.8, 54.3, 54.80, 58.30, 983]
[3188, 12.0, 10.95, 10.95, 11.35, 1096]
[3189, 124.0, 101.5, 104.50, 119.50, 156446]
[3191, 8.28, 7.11, 8.28, 7.25, 157]
[3202, 14.6, 13.8, 13.80, 14.05, 754]
[3205, 50.3, 41.45, 43.30, 50.30, 5152]
[3206, 29.8, 28.2, 28.20, 28.40, 677]
[3207, 55.8, 50.2, 52.30, 50.20, 74449]
[3209, 35.35, 31.85, 31.95, 34.70, 6188]
[3211, 73.6, 70.2, 72.00, 72.10, 1365]
[3213, 43.65, 41.35, 41.35, 43.60, 349]
[3217, 74.1, 68.6, 69.40, 72.60, 2219]
[3218, 277.5, 252.0, 256.50, 272.00, 1843]
[3219, 46.5, 43.0, 45.00, 43.65, 131]
[3221, 27.75, 25.9, 26.80, 26.45, 5100]
[3224, 43.2, 40.0, 42.50, 40.45, 1323]
[3226, 54.4, 52.5, 53.00, 54.40, 4]
[3227, 90.5, 82.8, 83.40, 88.70, 2454]
[3228, 190.0, 156.5, 174.50, 179.50, 8056]
[3229, 20.8, 19.6, 19.60, 20.00, 36]
[3230, 14.6, 13.45, 14.60, 13.85, 1310]
[3231, 27.8, 25.9, 25.90, 27.50, 75197]
[3232, 30.95, 28.55, 29.50, 28.80, 2079]
[3234, 23.05, 21.75, 22.30, 22.20, 2242]
[3236, 26.1, 24.35, 24.90, 24.55, 6663]
[3252, 17.25, 16.7, 16.90, 16.75, 837]
[3257, 39.15, 37.8, 38.50, 38.85, 220]
[3259, 17.0, 16.5, 16.50, 16.50, 89]
[3260, 58.5, 55.2, 55.20, 58.10, 6665]
[3264, 49.5, 44.6, 45.30, 48.35, 43656]
[3265, 46.95, 44.5, 45.00, 44.90, 6522]
[3266, 11.25, 11.0, 11.10, 11.10, 232]
[3268, 24.6, 21.7, 21.70, 23.45, 1247]
[3272, 54.5, 50.5, 53.50, 52.60, 9041]
[3276, 12.3, 11.7, 12.05, 11.80, 190]
[3284, 14.8, 13.2, 13.20, 13.90, 353]
[3285, 19.4, 18.7, 18.90, 18.95, 134]
[3287, 15.15, 13.6, 13.70, 13.70, 2338]
[3288, 24.6, 23.0, 23.00, 23.95, 48]
[3289, 85.6, 78.2, 80.10, 80.00, 52650]
[3290, 23.25, 20.3, 20.50, 22.50, 4395]
[3293, 394.5, 366.0, 366.00, 382.50, 7564]
[3294, 17.35, 16.5, 16.95, 17.25, 572]
[3296, 18.0, 16.45, 17.45, 16.45, 4547]
[3297, 17.25, 15.6, 15.90, 16.10, 986]
[3303, 25.6, 24.7, 25.40, 24.85, 985]
[3305, 41.0, 39.05, 40.30, 39.20, 3065]
[3306, 25.45, 22.5, 23.00, 22.60, 3363]
[3308, 14.7, 13.0, 13.75, 13.70, 950]
[3310, 41.2, 39.85, 40.20, 40.90, 199]
[3311, 33.0, 32.1, 32.10, 32.95, 162]
[3312, 18.5, 17.7, 17.75, 18.20, 3558]
[3313, 10.0, 9.6, 9.98, 9.82, 261]
[3317, 53.9, 50.4, 52.00, 51.90, 2606]
[3321, 8.97, 8.66, 8.78, 8.70, 588]
[3322, 19.45, 17.9, 19.00, 17.90, 2348]
[3323, 36.5, 32.15, 32.20, 34.05, 5944]
[3324, 143.0, 125.5, 130.00, 139.00, 7401]
[3325, 12.3, 11.8, 12.00, 11.95, 357]
[3332, 44.3, 39.15, 42.00, 40.60, 143]
[3338, 34.55, 32.8, 33.35, 33.00, 1096]
[3339, 13.8, 12.95, 13.20, 13.15, 410]
[3346, 32.45, 30.1, 31.00, 30.70, 6847]
[3349, 13.75, 13.05, 13.55, 13.10, 37]
[3354, 13.8, 13.2, 13.40, 13.30, 331]
[3356, 47.65, 38.35, 38.40, 42.65, 107424]
[3357, 82.8, 74.1, 76.70, 79.50, 463]
[3360, 13.85, 13.55, 13.75, 13.70, 476]
[3362, 71.6, 57.9, 59.80, 68.20, 16277]
[3363, 22.95, 22.15, 22.85, 22.40, 764]
[3372, 11.55, 11.0, 11.30, 11.20, 1431]
[3373, 24.5, 22.9, 23.60, 23.45, 797]
[3374, 101.5, 92.0, 95.70, 97.80, 15368]
[3376, 84.7, 80.3, 82.10, 81.20, 2570]
[3379, 11.45, 11.15, 11.25, 11.20, 149]
[3380, 30.0, 28.7, 29.00, 29.55, 13602]
[3388, 73.4, 70.9, 71.40, 72.50, 216]
[3390, 19.6, 17.7, 18.50, 17.90, 3816]
[3402, 43.5, 40.9, 40.95, 41.65, 1507]
[3406, 357.5, 317.5, 328.00, 341.00, 22685]
[3413, 186.5, 175.5, 177.00, 183.50, 7018]
[3416, 85.7, 83.2, 83.50, 85.00, 929]
[3419, 19.15, 15.95, 16.25, 17.90, 25235]
[3426, 38.2, 38.0, 38.00, 38.00, 7]
[3430, 48.5, 45.7, 46.70, 46.00, 1538]
[3432, 23.0, 20.95, 21.40, 21.15, 16806]
[3434, 29.9, 25.0, 25.95, 25.40, 8590]
[3437, 17.35, 16.75, 17.00, 16.90, 635]
[3438, 55.8, 51.9, 53.80, 51.90, 4801]
[3441, 37.0, 33.05, 33.65, 34.90, 6888]
[3443, 656.0, 539.0, 548.00, 640.00, 48628]
[3444, 59.8, 55.4, 57.80, 56.40, 2025]
[3450, 37.9, 35.8, 36.45, 36.90, 953]
[3454, 197.0, 165.0, 172.00, 166.50, 106239]
[3455, 90.0, 79.5, 80.40, 84.80, 5688]
[3465, 85.2, 79.5, 84.10, 81.90, 67]
[3466, 28.4, 25.7, 26.30, 26.95, 4841]
[3479, 62.7, 57.5, 58.20, 59.90, 2279]
[3481, 13.25, 12.65, 12.80, 12.90, 370024]
[3483, 53.3, 47.45, 47.45, 50.80, 3533]
[3484, 44.25, 41.55, 43.10, 42.90, 1300]
[3489, 10.3, 10.0, 10.10, 10.30, 56]
[3490, 25.6, 24.15, 24.70, 24.15, 467]
[3491, 130.0, 120.0, 123.00, 124.00, 11673]
[3492, 20.2, 17.05, 17.05, 18.75, 2714]
[3494, 10.4, 8.84, 8.95, 9.01, 10597]
[3498, 30.1, 26.2, 26.40, 28.90, 1559]
[3499, 19.15, 17.55, 18.75, 17.65, 14204]
[3501, 47.65, 45.35, 45.50, 46.80, 648]
[3504, 95.9, 83.2, 84.90, 90.10, 27061]
[3508, 34.9, 31.55, 33.60, 31.55, 5601]
[3511, 37.75, 35.6, 36.95, 35.80, 4612]
[3512, 29.0, 28.55, 28.80, 28.65, 86]
[3515, 110.5, 100.5, 102.00, 101.50, 13284]
[3516, 16.75, 15.9, 16.75, 16.30, 317]
[3518, 20.95, 19.7, 20.40, 20.40, 689]
[3520, 20.75, 19.2, 20.50, 19.55, 6720]
[3521, 26.6, 24.35, 24.60, 25.25, 5562]
[3522, 10.45, 9.9, 10.15, 10.10, 173]
[3523, 19.95, 17.0, 19.95, 17.80, 143]
[3526, 123.0, 117.5, 120.00, 121.50, 1138]
[3527, 106.0, 96.7, 96.90, 102.00, 798]
[3528, 51.4, 49.7, 51.10, 49.90, 172]
[3529, 1400.0, 1165.0, 1,195.00, 1,400.00, 8596]
[3530, 76.3, 71.4, 72.50, 73.10, 506]
[3531, 29.4, 26.85, 27.60, 27.05, 1231]
[3532, 169.5, 149.5, 154.00, 163.50, 20915]
[3533, 836.0, 785.0, 801.00, 798.00, 3577]
[3535, 29.1, 25.25, 28.05, 25.25, 33535]
[3536, 4.12, 3.91, 4.10, 3.98, 136]
[3537, 35.0, 33.35, 33.80, 34.45, 400]
[3540, 23.3, 22.1, 22.10, 22.45, 394]
[3541, 58.4, 54.2, 54.30, 56.50, 609]
[3543, 20.1, 19.7, 20.05, 20.00, 143]
[3545, 79.5, 67.3, 67.50, 75.00, 82614]
[3546, 72.9, 69.7, 71.60, 70.00, 538]
[3548, 59.5, 57.2, 58.30, 57.60, 1017]
[3550, 13.85, 13.4, 13.80, 13.75, 403]
[3551, 56.3, 53.5, 53.80, 56.00, 521]
[3552, 146.5, 138.5, 145.50, 139.00, 8832]
[3555, 22.3, 20.35, 20.35, 21.95, 32]
[3556, 55.5, 53.1, 53.70, 54.80, 603]
[3557, 46.8, 43.05, 43.05, 44.75, 890]
[3558, 218.0, 190.0, 197.00, 204.00, 36646]
[3563, 132.0, 123.5, 123.50, 127.00, 654]
[3564, 31.0, 29.1, 31.00, 29.45, 618]
[3567, 24.9, 23.85, 23.85, 24.60, 254]
[3570, 88.5, 86.9, 87.30, 87.30, 45]
[3576, 21.7, 20.9, 21.50, 21.35, 19707]
[3577, 70.5, 67.8, 69.30, 69.20, 276]
[3580, 64.2, 58.0, 58.50, 59.40, 3848]
[3581, 20.95, 19.0, 19.00, 20.15, 143]
[3583, 71.9, 66.4, 66.50, 68.50, 2962]
[3587, 145.0, 136.0, 140.00, 140.00, 4141]
[3588, 68.8, 62.1, 65.10, 64.10, 18419]
[3591, 15.3, 14.5, 14.70, 14.75, 926]
[3592, 301.0, 240.5, 242.00, 288.00, 15284]
[3593, 14.4, 13.8, 13.80, 14.35, 175]
[3594, 26.3, 24.6, 25.00, 25.90, 6235]
[3596, 101.0, 91.0, 92.40, 97.10, 18309]
[3597, 25.5, 23.65, 23.70, 24.90, 507]
[3605, 31.95, 30.75, 31.70, 30.90, 1253]
[3607, 12.5, 12.0, 12.00, 12.10, 605]
[3609, 46.2, 45.05, 45.60, 45.50, 64]
[3611, 197.0, 186.0, 187.00, 190.00, 399]
[3615, 17.45, 17.0, 17.00, 17.15, 298]
[3617, 117.0, 99.9, 101.50, 107.50, 8340]
[3622, 28.1, 27.0, 27.80, 27.55, 472]
[3623, 15.9, 15.2, 15.90, 15.30, 326]
[3624, 44.6, 42.1, 43.10, 42.50, 6895]
[3625, 15.25, 14.2, 14.80, 14.25, 2302]
[3628, 39.5, 37.5, 37.50, 38.70, 338]
[3629, 42.5, 38.5, 42.00, 39.70, 15]
[3630, 29.15, 27.4, 29.15, 27.50, 1377]
[3631, 30.25, 29.0, 30.00, 29.40, 55]
[3632, 10.0, 9.65, 9.99, 9.80, 31]
[3642, 3.99, 3.61, 3.90, 3.98, 252]
[3645, 32.2, 30.7, 31.50, 31.00, 2059]
[3646, 22.9, 21.8, 22.80, 22.00, 253]
[3652, 23.25, 22.1, 22.60, 22.70, 271]
[3653, 396.5, 370.0, 383.00, 384.00, 5388]
[3661, 868.0, 736.0, 750.00, 823.00, 46178]
[3663, 27.8, 26.25, 26.25, 27.35, 293]
[3664, 13.1, 11.5, 11.75, 11.50, 778]
[3665, 271.0, 248.5, 264.00, 250.50, 14158]
[3666, 19.9, 17.8, 18.10, 18.65, 3306]
[3669, 43.65, 40.6, 41.45, 40.90, 918]
[3672, 30.95, 29.5, 29.50, 29.75, 131]
[3673, 31.35, 29.95, 30.20, 30.60, 3925]
[3675, 190.0, 171.0, 176.00, 180.00, 8558]
[3679, 93.3, 90.7, 92.00, 92.30, 379]
[3680, 241.0, 212.5, 220.50, 236.50, 13430]
[3682, 6.31, 6.19, 6.24, 6.24, 4725]
[3684, 60.3, 54.3, 54.90, 59.30, 887]
[3685, 21.7, 20.3, 21.00, 20.30, 937]
[3686, 11.35, 10.85, 10.90, 10.95, 788]
[3687, 81.8, 75.3, 78.00, 77.20, 1369]
[3689, 32.05, 31.0, 31.45, 31.20, 967]
[3691, 106.0, 100.0, 102.00, 104.50, 1752]
[3693, 75.6, 65.0, 66.60, 71.00, 7599]
[3694, 22.65, 19.55, 19.70, 20.50, 9379]
[3701, 41.5, 36.25, 36.50, 38.50, 6670]
[3702, 46.95, 45.0, 45.35, 46.65, 14618]
[3703, 28.55, 27.55, 28.10, 28.15, 7323]
[3704, 32.85, 27.1, 27.15, 32.30, 28740]
[3705, 40.25, 38.9, 39.10, 39.90, 713]
[3706, 29.0, 27.55, 27.65, 28.60, 17486]
[3707, 99.4, 90.2, 92.30, 93.60, 32570]
[3708, 94.5, 89.1, 90.50, 89.10, 6143]
[3709, 22.8, 20.2, 20.45, 21.95, 146]
[3710, 11.75, 10.8, 11.40, 10.85, 10228]
[3711, 91.7, 81.9, 82.50, 90.40, 79459]
[3712, 24.6, 24.0, 24.25, 24.20, 455]
[3713, 25.8, 24.35, 24.85, 25.60, 1012]
[3714, 46.0, 40.6, 41.20, 44.95, 31527]
[3715, 18.0, 17.2, 17.35, 17.45, 3558]
[4102, 35.4, 30.65, 31.20, 31.15, 21036]
[4104, 63.2, 61.6, 61.70, 62.30, 1016]
[4105, 78.8, 73.3, 75.70, 74.40, 6939]
[4106, 24.5, 23.95, 24.00, 24.35, 1081]
[4107, 116.0, 111.0, 113.00, 112.00, 522]
[4108, 18.05, 17.5, 17.55, 17.90, 719]
[4109, 14.4, 14.1, 14.15, 14.30, 320]
[4111, 24.35, 23.7, 23.90, 24.15, 660]
[4113, 12.15, 11.75, 11.80, 11.90, 913]
[4114, 36.65, 34.05, 34.30, 35.90, 30229]
[4116, 59.5, 54.4, 54.90, 57.10, 4824]
[4119, 92.1, 87.8, 92.00, 90.10, 2144]
[4120, 36.7, 34.75, 35.45, 35.10, 401]
[4121, 20.4, 19.8, 20.05, 20.05, 1941]
[4123, 45.45, 43.45, 44.15, 43.50, 5876]
[4126, 68.5, 66.6, 66.80, 67.80, 299]
[4127, 13.9, 13.05, 13.10, 13.20, 393]
[4128, 61.5, 56.8, 57.40, 59.40, 33196]
[4129, 35.1, 32.1, 32.20, 34.10, 2333]
[4130, 22.9, 22.05, 22.10, 22.45, 694]
[4131, 22.25, 19.8, 22.25, 21.75, 45]
[4133, 37.0, 34.5, 34.50, 36.20, 3498]
[4137, 158.5, 149.5, 149.50, 155.00, 369]
[4138, 59.0, 57.4, 57.60, 58.20, 162]
[4139, 49.7, 46.6, 49.00, 46.70, 285]
[4142, 35.1, 34.0, 34.85, 34.85, 6333]
[4147, 62.1, 57.6, 57.90, 61.00, 3992]
[4148, 58.0, 55.3, 55.70, 56.40, 1738]
[4153, 27.2, 26.15, 26.15, 26.90, 152]
[4154, 44.95, 41.15, 44.90, 44.30, 106]
[4155, 26.45, 25.35, 25.60, 25.40, 5920]
[4157, 15.15, 14.7, 15.00, 14.75, 4688]
[4160, 24.3, 23.9, 24.10, 24.05, 46]
[4161, 25.35, 24.0, 24.35, 24.65, 246]
[4162, 123.5, 95.9, 96.00, 123.50, 54075]
[4163, 98.5, 92.8, 93.00, 95.80, 631]
[4164, 41.1, 39.7, 40.30, 40.20, 937]
[4167, 17.2, 16.25, 16.25, 16.65, 2203]
[4168, 31.0, 28.1, 28.40, 29.80, 20359]
[4171, 54.6, 50.5, 51.60, 52.30, 1801]
[4173, 17.55, 17.0, 17.00, 17.40, 248]
[4174, 72.7, 69.0, 71.50, 71.90, 2434]
[4175, 74.1, 71.4, 72.00, 72.60, 366]
[4183, 18.65, 17.8, 18.50, 17.80, 10]
[4188, 15.3, 14.55, 14.70, 14.80, 131]
[4190, 75.0, 70.6, 74.00, 70.90, 875]
[4192, 27.3, 25.65, 26.10, 26.30, 106]
[4198, 26.2, 24.8, 24.85, 26.20, 18]
[4205, 99.0, 97.1, 97.50, 99.00, 61]
[4207, 12.9, 12.4, 12.50, 12.65, 1175]
[4303, 17.2, 15.8, 15.85, 17.20, 450]
[4304, 8.68, 7.85, 8.07, 8.24, 404]
[4305, 30.15, 29.5, 29.75, 29.75, 12]
[4306, 13.85, 13.25, 13.30, 13.70, 2402]
[4401, 26.95, 26.2, 26.70, 26.35, 313]
[4402, 12.1, 10.65, 11.45, 12.10, 3932]
[4406, 10.85, 10.5, 10.85, 10.65, 171]
[4413, 17.0, 15.9, 16.45, 16.20, 657]
[4416, 78.4, 75.5, 76.00, 76.00, 33]
[4417, 36.7, 34.5, 34.60, 36.30, 706]
[4419, 9.15, 9.15, 9.15, 9.15, 3]
[4420, 30.55, 29.3, 30.55, 29.85, 26]
[4426, 24.85, 23.15, 23.55, 23.65, 1963]
[4430, 22.45, 21.6, 21.80, 22.00, 50]
[4432, 25.45, 22.65, 23.10, 24.45, 6716]
[4433, 30.0, 29.0, 29.30, 29.45, 154]
[4438, 137.5, 122.5, 130.00, 123.50, 4287]
[4439, 104.0, 99.0, 100.50, 100.00, 290]
[4440, 34.15, 33.1, 34.00, 33.65, 125]
[4502, 38.2, 37.05, 37.60, 37.55, 34]
[4503, 37.45, 34.4, 34.40, 35.45, 2456]
[4506, 69.7, 66.2, 66.20, 68.70, 360]
[4510, 10.45, 10.15, 10.15, 10.30, 222]
[4513, 24.4, 23.1, 24.15, 23.35, 1038]
[4523, 28.8, 27.5, 28.30, 28.25, 87]
[4526, 13.95, 13.45, 13.50, 13.80, 573]
[4527, 26.85, 26.25, 26.50, 26.40, 209]
[4528, 34.0, 31.7, 33.35, 31.70, 149]
[4529, 10.0, 9.33, 9.85, 9.39, 451]
[4530, 7.19, 6.81, 7.00, 6.81, 64]
[4532, 16.6, 15.9, 16.35, 16.20, 2522]
[4533, 10.7, 10.3, 10.55, 10.45, 2010]
[4534, 8.98, 8.52, 8.69, 8.73, 275]
[4535, 38.65, 37.8, 38.40, 38.65, 24]
[4536, 182.0, 170.0, 180.50, 177.50, 4333]
[4538, 20.55, 19.25, 19.75, 20.25, 78]
[4540, 36.9, 34.5, 35.15, 35.40, 254]
[4541, 30.05, 27.15, 29.70, 27.40, 2263]
[4542, 25.8, 23.3, 23.30, 24.45, 163]
[4543, 28.15, 23.3, 25.55, 23.30, 5551]
[4545, 28.95, 27.85, 27.85, 28.75, 176]
[4549, 92.3, 89.3, 91.50, 90.20, 768]
[4550, 23.6, 21.45, 21.60, 23.15, 328]
[4551, 165.0, 147.5, 150.50, 157.00, 8563]
[4552, 29.8, 28.75, 28.90, 29.50, 497]
[4554, 27.8, 26.25, 27.20, 26.25, 205]
[4555, 51.0, 49.8, 50.40, 50.00, 87]
[4556, 30.6, 29.75, 30.60, 30.10, 23]
[4557, 114.5, 99.6, 100.50, 109.50, 1391]
[4558, 22.95, 21.4, 22.10, 22.70, 138]
[4560, 39.45, 37.9, 38.60, 38.70, 315]
[4561, 22.1, 21.3, 21.85, 21.65, 133]
[4562, 15.35, 14.8, 15.10, 15.25, 106]
[4563, 34.25, 30.9, 31.20, 31.65, 285]
[4564, 25.0, 23.35, 24.30, 23.80, 989]
[4566, 55.5, 52.0, 53.50, 52.40, 3916]
[4568, 58.3, 56.3, 56.60, 58.10, 80]
[4571, 72.5, 68.7, 69.80, 69.50, 125]
[4572, 114.5, 109.0, 113.00, 111.00, 1039]
[4576, 69.6, 66.3, 66.70, 68.30, 203]
[4577, 34.2, 31.25, 31.75, 32.80, 1119]
[4580, 82.3, 79.3, 81.00, 79.80, 194]
[4581, 31.9, 31.05, 31.45, 31.90, 24]
[4583, 188.5, 180.0, 185.00, 184.50, 96]
[4584, 52.0, 42.85, 42.85, 47.35, 1096]
[4609, 8.86, 8.09, 8.50, 8.45, 12]
[4702, 11.9, 11.3, 11.45, 11.35, 1513]
[4706, 17.0, 16.8, 17.00, 16.80, 18]
[4707, 11.6, 11.25, 11.30, 11.50, 2233]
[4711, 15.3, 14.2, 14.20, 14.60, 445]
[4712, 4.37, 4.15, 4.15, 4.36, 26]
[4714, 10.9, 10.5, 10.65, 10.55, 319]
[4716, 13.55, 12.35, 12.35, 12.55, 1007]
[4720, 15.1, 14.05, 14.20, 14.30, 9891]
[4721, 105.0, 100.5, 103.50, 101.00, 4497]
[4722, 34.1, 31.75, 32.90, 33.50, 615]
[4726, 36.2, 34.05, 34.40, 35.35, 5088]
[4728, 139.0, 126.0, 130.50, 135.00, 228]
[4729, 17.6, 14.1, 14.50, 15.05, 3531]
[4735, 34.7, 33.35, 33.35, 34.35, 302]
[4736, 185.5, 169.5, 174.00, 183.00, 5089]
[4737, 78.0, 74.3, 74.90, 77.70, 124]
[4739, 94.4, 90.6, 92.80, 91.30, 6373]
[4741, 27.8, 24.7, 24.70, 26.60, 458]
[4743, 264.5, 241.5, 249.50, 252.50, 48653]
[4744, 26.2, 24.75, 25.30, 25.70, 385]
[4745, 24.4, 23.8, 24.10, 24.15, 185]
[4746, 50.9, 48.15, 49.25, 50.80, 1645]
[4747, 31.45, 30.8, 30.80, 31.40, 19]
[4754, 34.5, 34.0, 34.50, 34.10, 23]
[4755, 118.0, 107.5, 107.50, 118.00, 7982]
[4760, 47.35, 44.6, 44.70, 47.15, 289]
[4763, 134.5, 121.0, 122.50, 126.00, 13402]
[4764, 50.1, 48.0, 49.45, 48.90, 26]
[4766, 134.5, 130.0, 131.00, 134.50, 351]
[4767, 26.85, 26.3, 26.30, 26.85, 2]
[4768, 195.5, 175.0, 175.50, 195.50, 11972]
[4770, 310.0, 265.0, 274.50, 310.00, 5773]
[4804, 9.55, 9.06, 9.27, 9.17, 969]
[4806, 9.48, 7.72, 8.60, 8.24, 64]
[4807, 19.25, 18.2, 18.85, 18.75, 62]
[4903, 9.7, 9.13, 9.13, 9.26, 263]
[4904, 69.8, 68.0, 69.30, 69.00, 23338]
[4905, 51.0, 50.1, 51.00, 50.60, 32]
[4906, 28.6, 26.7, 26.90, 27.75, 18643]
[4907, 24.35, 23.45, 23.90, 23.90, 117]
[4908, 31.8, 29.75, 31.80, 29.90, 1749]
[4909, 16.9, 15.5, 15.50, 15.90, 3276]
[4911, 49.45, 46.0, 49.00, 48.90, 454]
[4912, 80.3, 75.0, 76.40, 76.80, 449]
[4915, 55.7, 53.0, 54.40, 54.50, 52301]
[4916, 23.4, 22.15, 22.90, 22.15, 1757]
[4919, 117.0, 104.0, 108.00, 109.50, 58847]
[4923, 50.0, 47.3, 49.50, 48.80, 871]
[4924, 14.9, 13.35, 13.60, 14.20, 2035]
[4927, 56.4, 52.8, 53.70, 53.10, 22336]
[4930, 26.2, 23.9, 24.00, 25.70, 654]
[4931, 60.1, 51.5, 59.60, 51.60, 234144]
[4933, 31.6, 30.05, 30.25, 30.85, 105]
[4934, 26.4, 24.7, 25.00, 25.95, 2622]
[4935, 61.0, 57.0, 58.40, 59.10, 1215]
[4938, 60.3, 56.8, 57.30, 60.00, 23052]
[4939, 15.85, 15.15, 15.60, 15.20, 441]
[4942, 34.9, 34.1, 34.25, 34.40, 443]
[4943, 12.1, 10.85, 11.35, 11.40, 2694]
[4944, 12.4, 10.8, 12.00, 12.10, 249]
[4945, 52.0, 47.0, 52.00, 47.50, 209]
[4946, 43.7, 41.0, 41.60, 41.50, 219]
[4950, 22.9, 21.5, 22.45, 22.10, 1879]
[4951, 48.1, 43.7, 44.25, 46.10, 1987]
[4952, 49.3, 46.0, 46.30, 47.90, 2057]
[4953, 83.1, 77.2, 79.50, 81.20, 2208]
[4956, 14.6, 13.8, 14.25, 14.40, 474]
[4958, 118.0, 111.5, 114.50, 116.00, 31303]
[4960, 11.0, 9.84, 9.85, 10.05, 13047]
[4961, 133.5, 107.0, 108.50, 123.00, 70054]
[4966, 775.0, 620.0, 620.00, 747.00, 12043]
[4967, 32.55, 30.05, 31.10, 30.05, 1122]
[4968, 114.5, 102.5, 105.00, 107.00, 25145]
[4971, 63.0, 59.6, 62.90, 61.80, 474]
[4972, 29.9, 29.6, 29.60, 29.75, 75]
[4973, 22.85, 20.55, 20.55, 21.60, 4077]
[4974, 57.2, 55.3, 55.60, 56.10, 1103]
[4976, 39.4, 36.1, 37.05, 37.15, 4198]
[4977, 101.5, 92.0, 98.90, 92.00, 8239]
[4979, 36.5, 32.55, 32.65, 33.90, 16845]
[4987, 56.3, 55.0, 55.50, 56.30, 163]
[4989, 26.5, 24.65, 25.80, 25.15, 1268]
[4991, 39.1, 33.8, 34.15, 38.90, 424]
[4994, 42.3, 40.05, 41.35, 40.40, 320]
[4995, 37.6, 36.6, 37.00, 37.40, 698]
[4999, 37.5, 35.75, 35.75, 36.80, 122]
[5007, 53.5, 52.2, 52.60, 53.00, 151]
[5009, 31.85, 29.65, 29.70, 30.10, 69795]
[5011, 23.05, 21.5, 21.55, 22.60, 2672]
[5013, 36.75, 35.5, 35.50, 36.25, 31]
[5014, 14.5, 12.8, 12.90, 13.95, 4612]
[5015, 74.8, 65.4, 65.40, 68.00, 6384]
[5016, 29.2, 28.3, 28.30, 28.85, 139]
[5201, 29.8, 28.5, 28.50, 29.75, 249]
[5202, 15.75, 14.8, 15.60, 15.00, 263]
[5203, 85.1, 82.9, 82.90, 83.80, 817]
[5205, 34.35, 30.65, 30.95, 31.95, 72]
[5206, 14.05, 13.8, 13.90, 13.95, 104]
[5209, 76.3, 71.2, 71.20, 73.80, 123]
[5210, 16.95, 15.3, 16.90, 15.50, 542]
[5211, 20.5, 18.0, 18.00, 18.95, 1866]
[5212, 37.15, 34.25, 36.80, 35.40, 97]
[5213, 22.5, 21.95, 22.15, 22.45, 684]
[5215, 59.5, 50.5, 58.90, 50.50, 7219]
[5220, 29.0, 28.3, 28.95, 28.45, 263]
[5222, 132.5, 127.0, 129.50, 129.00, 1295]
[5223, 39.3, 36.8, 37.05, 38.05, 345]
[5225, 43.3, 37.15, 37.15, 41.50, 36713]
[5227, 80.2, 72.2, 73.50, 74.10, 16959]
[5228, 20.8, 20.1, 20.80, 20.25, 297]
[5230, 22.9, 22.2, 22.35, 22.40, 111]
[5234, 63.3, 59.3, 59.30, 62.50, 581]
[5236, 70.6, 63.6, 65.30, 66.80, 1626]
[5243, 62.1, 59.8, 60.80, 60.20, 10054]
[5244, 23.6, 22.0, 22.30, 23.10, 225]
[5245, 60.3, 57.4, 58.50, 57.60, 831]
[5251, 30.5, 27.45, 27.60, 27.80, 39860]
[5258, 67.8, 61.7, 62.80, 65.60, 70854]
[5263, 111.0, 106.5, 107.50, 107.00, 697]
[5269, 672.0, 601.0, 615.00, 649.00, 9456]
[5272, 25.65, 23.3, 25.25, 24.05, 1546]
[5274, 2150.0, 1870.0, 2,000.00, 2,135.00, 4101]
[5276, 14.3, 11.75, 11.85, 13.20, 283]
[5278, 161.5, 147.0, 147.50, 155.50, 50]
[5281, 15.8, 14.9, 15.30, 15.45, 47]
[5283, 103.0, 100.5, 102.00, 100.50, 442]
[5284, 55.4, 52.0, 53.00, 52.40, 4991]
[5285, 65.5, 62.2, 63.50, 63.20, 1253]
[5287, 181.5, 178.5, 180.00, 179.50, 125]
[5288, 172.0, 162.0, 165.00, 166.50, 920]
[5289, 179.0, 172.0, 172.00, 175.50, 1377]
[5291, 35.85, 34.0, 35.50, 34.55, 699]
[5299, 113.0, 97.9, 97.90, 111.50, 3753]
[5301, 10.0, 9.6, 9.60, 10.00, 89]
[5302, 8.51, 8.13, 8.22, 8.36, 788]
[5306, 151.0, 146.0, 150.50, 150.00, 566]
[5309, 42.6, 37.85, 39.80, 41.40, 27544]
[5310, 28.45, 27.1, 27.50, 27.95, 51]
[5312, 57.9, 56.2, 56.60, 56.80, 71]
[5314, 4.06, 3.99, 4.00, 4.06, 106]
[5315, 18.1, 17.25, 17.25, 17.75, 4544]
[5321, 71.9, 66.2, 69.40, 66.50, 1371]
[5324, 8.64, 8.4, 8.62, 8.51, 166]
[5328, 10.15, 9.08, 9.13, 9.83, 1346]
[5340, 26.35, 25.2, 26.15, 25.80, 227]
[5344, 18.8, 16.9, 17.15, 16.90, 1126]
[5345, 6.2, 5.75, 6.10, 6.20, 8]
[5347, 81.5, 65.6, 65.70, 80.90, 52479]
[5348, 10.4, 9.1, 10.10, 10.40, 42]
[5351, 41.6, 34.8, 35.10, 38.95, 93831]
[5353, 33.1, 29.1, 32.80, 29.10, 11113]
[5355, 6.05, 5.57, 5.68, 5.85, 524]
[5356, 19.95, 19.4, 19.55, 19.70, 405]
[5364, 24.0, 21.45, 22.70, 23.95, 154]
[5371, 55.7, 53.3, 54.30, 53.50, 17663]
[5381, 5.81, 5.7, 5.77, 5.81, 244]
[5383, 27.1, 24.9, 25.40, 24.95, 70]
[5386, 39.4, 32.6, 33.75, 33.10, 5617]
[5388, 81.2, 77.0, 78.00, 77.00, 21860]
[5392, 20.15, 19.5, 19.90, 19.55, 793]
[5398, 18.35, 17.0, 17.45, 17.15, 35]
[5403, 68.1, 64.8, 64.80, 67.50, 312]
[5410, 33.65, 29.4, 30.25, 33.65, 27327]
[5425, 79.5, 75.2, 78.20, 75.20, 70324]
[5426, 14.5, 13.7, 13.80, 13.95, 2854]
[5432, 30.85, 27.8, 28.65, 29.25, 131]
[5434, 162.0, 154.5, 156.50, 160.00, 1357]
[5438, 15.95, 15.45, 15.80, 15.65, 193]
[5439, 43.2, 41.8, 42.50, 42.85, 656]
[5443, 27.6, 26.3, 26.70, 26.60, 1242]
[5450, 18.05, 17.15, 17.35, 17.50, 251]
[5452, 14.05, 13.15, 13.20, 13.50, 1036]
[5455, 27.55, 27.55, 27.55, 27.55, 10]
[5457, 57.9, 52.8, 53.70, 56.60, 13727]
[5460, 11.25, 10.9, 11.20, 11.00, 280]
[5464, 25.85, 23.5, 23.55, 24.60, 1549]
[5465, 18.8, 17.3, 17.50, 17.60, 959]
[5468, 20.25, 18.6, 19.90, 19.00, 610]
[5469, 34.9, 33.0, 34.00, 33.65, 10575]
[5471, 50.3, 47.35, 48.10, 49.00, 2382]
[5474, 70.5, 63.6, 63.60, 68.10, 183]
[5475, 12.85, 11.45, 11.90, 11.60, 19228]
[5478, 74.0, 72.5, 72.80, 72.50, 251]
[5481, 12.6, 12.2, 12.45, 12.35, 157]
[5483, 159.0, 130.5, 133.50, 155.00, 45501]
[5484, 13.0, 12.3, 12.30, 12.70, 107]
[5487, 26.2, 25.0, 25.60, 25.25, 32]
[5488, 11.95, 10.4, 11.80, 10.85, 5982]
[5489, 41.0, 35.6, 35.60, 36.95, 3695]
[5490, 21.45, 21.05, 21.20, 21.10, 173]
[5493, 51.5, 49.5, 50.50, 50.90, 179]
[5498, 10.5, 9.98, 10.15, 10.05, 836]
[5508, 58.8, 57.3, 57.60, 57.80, 436]
[5511, 30.25, 29.7, 30.10, 29.90, 82]
[5512, 8.33, 8.22, 8.25, 8.29, 977]
[5514, 18.9, 17.9, 18.30, 18.75, 68]
[5515, 11.05, 10.85, 11.00, 11.00, 298]
[5516, 17.2, 16.5, 17.00, 17.10, 375]
[5519, 22.5, 20.8, 20.80, 22.20, 1671]
[5520, 55.1, 53.9, 53.90, 55.10, 8]
[5521, 6.54, 6.35, 6.51, 6.42, 3094]
[5522, 52.4, 50.2, 51.30, 51.80, 3967]
[5523, 25.0, 24.75, 24.85, 24.95, 108]
[5525, 23.95, 23.35, 23.60, 23.75, 160]
[5529, 14.55, 13.55, 14.10, 14.45, 268]
[5530, 37.8, 36.05, 36.05, 37.10, 696]
[5531, 9.29, 9.1, 9.18, 9.18, 826]
[5533, 17.9, 17.45, 17.80, 17.60, 931]
[5534, 71.7, 70.6, 70.60, 71.10, 785]
[5536, 99.0, 95.9, 97.60, 97.10, 1454]
[5538, 45.2, 41.1, 45.15, 41.30, 661]
[5543, 56.0, 53.5, 56.00, 55.80, 14]
[5546, 48.1, 46.0, 47.15, 47.10, 518]
[5601, 33.5, 31.8, 31.80, 33.50, 37]
[5603, 20.85, 20.05, 20.35, 20.15, 1508]
[5604, 52.8, 49.2, 49.50, 51.10, 65]
[5607, 54.8, 51.9, 53.70, 53.00, 3766]
[5608, 24.3, 22.35, 22.35, 22.90, 47173]
[5609, 71.3, 66.1, 67.00, 69.90, 2400]
[5701, 2.99, 2.82, 2.91, 2.90, 714]
[5703, 19.35, 16.2, 17.30, 18.30, 1232]
[5704, 42.9, 40.0, 40.20, 41.05, 2216]
[5706, 52.8, 49.0, 49.30, 51.40, 4178]
[5864, 10.3, 9.61, 9.98, 10.30, 371]
[5871, 180.0, 155.5, 157.00, 173.00, 34378]
[5876, 46.25, 44.6, 44.85, 46.00, 33711]
[5878, 48.7, 47.2, 48.70, 47.20, 16]
[5880, 26.7, 25.35, 25.60, 26.55, 50145]
[5902, 37.2, 34.3, 37.20, 34.90, 177]
[5903, 187.5, 184.0, 185.00, 186.50, 60]
[5904, 501.0, 459.0, 477.00, 481.50, 4950]
[5905, 11.65, 11.3, 11.40, 11.30, 1576]
[5906, 30.9, 30.0, 30.90, 30.30, 12]
[5907, 13.8, 13.2, 13.35, 13.45, 347]
[6005, 11.1, 10.25, 10.30, 11.00, 13080]
[6015, 10.75, 10.0, 10.10, 10.50, 3162]
[6016, 10.25, 9.46, 9.46, 9.92, 2471]
[6020, 19.0, 18.1, 18.70, 18.65, 61]
[6021, 19.7, 19.3, 19.40, 19.35, 51]
[6023, 47.45, 46.9, 47.15, 47.45, 228]
[6024, 36.1, 34.95, 34.95, 35.80, 892]
[6026, 11.1, 10.3, 10.30, 10.65, 6762]
[6101, 20.55, 19.05, 20.55, 19.70, 522]
[6103, 7.28, 7.2, 7.20, 7.28, 31]
[6104, 100.0, 86.6, 90.90, 91.70, 72348]
[6108, 16.65, 16.15, 16.35, 16.40, 367]
[6109, 15.55, 14.0, 15.00, 14.00, 9647]
[6111, 50.6, 46.9, 47.30, 48.60, 3779]
[6112, 33.05, 31.8, 32.15, 31.90, 490]
[6113, 19.9, 17.4, 19.50, 17.45, 8985]
[6114, 25.7, 23.0, 24.00, 24.40, 3948]
[6115, 41.6, 40.5, 40.75, 41.60, 379]
[6116, 12.1, 11.4, 11.55, 12.00, 58380]
[6117, 15.2, 13.5, 13.95, 13.75, 2352]
[6118, 36.55, 32.9, 34.35, 33.20, 37721]
[6120, 9.2, 8.88, 8.98, 9.02, 3040]
[6121, 289.5, 274.0, 274.00, 286.00, 3022]
[6122, 16.6, 15.8, 15.90, 16.15, 2135]
[6123, 53.9, 52.6, 53.40, 52.60, 511]
[6124, 31.8, 28.45, 31.30, 28.45, 2194]
[6125, 26.0, 24.65, 25.45, 25.00, 14303]
[6126, 22.0, 20.4, 22.00, 20.50, 1091]
[6127, 16.25, 14.7, 15.10, 15.00, 2265]
[6128, 29.1, 27.55, 28.15, 28.60, 492]
[6129, 32.7, 29.5, 30.80, 30.50, 26834]
[6130, 34.4, 30.3, 31.90, 32.40, 153]
[6133, 28.6, 24.2, 24.50, 26.80, 165132]
[6134, 19.0, 17.75, 18.25, 18.20, 628]
[6136, 18.1, 17.8, 17.95, 18.00, 334]
[6138, 123.0, 110.0, 111.50, 116.00, 8413]
[6139, 33.0, 29.95, 30.15, 32.00, 17308]
[6140, 19.5, 16.2, 16.20, 17.25, 5118]
[6141, 19.8, 19.05, 19.60, 19.30, 205]
[6142, 10.3, 9.45, 9.65, 10.25, 5856]
[6143, 63.6, 58.6, 59.40, 62.00, 7254]
[6144, 15.0, 13.8, 14.85, 14.40, 37]
[6146, 224.5, 197.0, 201.00, 216.50, 2755]
[6147, 58.5, 54.8, 55.00, 57.50, 14620]
[6148, 13.35, 12.5, 13.10, 12.85, 195]
[6150, 74.0, 60.5, 62.20, 61.40, 35030]
[6151, 24.5, 23.55, 23.60, 24.20, 95]
[6152, 11.05, 10.05, 10.15, 10.65, 2308]
[6153, 30.3, 27.9, 30.00, 28.00, 97096]
[6154, 15.6, 15.15, 15.20, 15.25, 81]
[6155, 23.15, 21.8, 21.80, 22.75, 594]
[6156, 19.3, 18.2, 19.20, 18.65, 3565]
[6158, 26.45, 25.05, 25.50, 25.45, 131]
[6160, 15.25, 14.5, 14.70, 14.60, 660]
[6161, 25.5, 23.7, 24.00, 25.25, 854]
[6163, 14.7, 14.05, 14.15, 14.55, 1201]
[6164, 10.15, 9.79, 9.85, 9.91, 1345]
[6165, 27.75, 26.6, 27.65, 27.30, 707]
[6166, 51.1, 49.8, 50.80, 50.40, 330]
[6167, 13.15, 12.35, 13.00, 12.60, 5532]
[6168, 17.8, 16.5, 16.50, 17.15, 5395]
[6169, 18.15, 17.35, 17.55, 17.35, 71]
[6170, 33.1, 30.9, 32.90, 30.90, 724]
[6171, 24.55, 24.0, 24.00, 24.20, 136]
[6173, 34.85, 32.9, 32.90, 33.80, 1828]
[6174, 25.7, 24.4, 24.70, 24.70, 718]
[6175, 32.0, 25.8, 26.90, 30.10, 3137]
[6176, 104.0, 98.5, 99.30, 101.50, 10420]
[6177, 27.75, 26.2, 26.60, 27.55, 1269]
[6179, 25.85, 25.1, 25.65, 25.50, 208]
[6180, 59.6, 57.2, 57.70, 58.00, 3986]
[6182, 46.3, 41.55, 42.30, 44.75, 46676]
[6183, 57.6, 55.4, 55.80, 56.30, 238]
[6184, 48.05, 47.0, 47.90, 47.50, 240]
[6185, 13.25, 11.9, 12.10, 12.15, 3962]
[6186, 26.45, 25.9, 26.40, 26.30, 1138]
[6187, 62.1, 58.5, 59.80, 60.10, 3131]
[6188, 40.9, 38.85, 39.15, 39.55, 5077]
[6189, 37.0, 36.0, 36.10, 36.70, 966]
[6190, 33.05, 31.4, 32.60, 31.50, 4276]
[6191, 30.8, 28.7, 29.50, 29.55, 13486]
[6192, 70.4, 68.2, 69.00, 69.50, 450]
[6194, 24.4, 23.85, 24.20, 24.20, 111]
[6195, 45.55, 43.5, 45.25, 43.50, 302]
[6196, 110.0, 101.0, 103.00, 109.00, 3307]
[6197, 39.05, 37.1, 37.95, 38.10, 1142]
[6198, 24.8, 24.0, 24.80, 24.45, 23]
[6199, 16.3, 15.6, 16.00, 16.00, 151]
[6201, 40.0, 39.4, 39.45, 39.90, 52]
[6202, 72.3, 65.8, 66.20, 70.00, 12298]
[6203, 49.9, 47.25, 47.25, 49.15, 210]
[6204, 51.0, 49.15, 51.00, 49.75, 44]
[6205, 86.3, 79.0, 81.30, 80.00, 23544]
[6206, 68.8, 66.2, 66.40, 67.60, 2908]
[6207, 25.5, 24.85, 25.50, 25.25, 415]
[6208, 48.2, 45.9, 45.90, 48.00, 378]
[6209, 25.8, 24.0, 24.25, 25.15, 2607]
[6210, 36.35, 35.0, 36.35, 36.15, 112]
[6212, 51.0, 50.0, 51.00, 51.00, 80]
[6213, 72.1, 66.3, 67.80, 70.30, 22951]
[6214, 68.2, 65.3, 65.50, 67.20, 2344]
[6215, 21.0, 19.95, 20.60, 20.40, 803]
[6216, 25.75, 25.05, 25.25, 25.35, 1123]
[6217, 42.65, 39.35, 42.20, 42.35, 15687]
[6218, 18.0, 17.6, 17.65, 17.65, 173]
[6219, 12.4, 11.45, 11.75, 12.15, 3111]
[6220, 31.3, 27.15, 28.00, 31.25, 12757]
[6221, 52.6, 51.2, 51.60, 52.30, 171]
[6222, 15.8, 15.1, 15.45, 15.40, 138]
[6223, 98.0, 89.4, 90.20, 93.50, 12304]
[6224, 56.9, 53.7, 54.30, 55.30, 614]
[6225, 6.1, 5.15, 5.91, 5.43, 484]
[6226, 10.65, 10.2, 10.45, 10.25, 2001]
[6227, 41.2, 38.7, 39.50, 39.70, 1908]
[6228, 13.6, 13.05, 13.60, 13.15, 312]
[6229, 27.65, 24.75, 24.75, 26.20, 1518]
[6230, 118.0, 100.5, 101.50, 113.50, 722]
[6231, 81.5, 76.6, 80.70, 76.60, 1975]
[6233, 20.95, 20.05, 20.70, 20.25, 1285]
[6234, 17.95, 17.5, 17.60, 17.60, 360]
[6235, 35.3, 32.75, 33.55, 33.55, 39062]
[6236, 19.35, 17.6, 17.80, 19.35, 4]
[6237, 44.9, 41.85, 41.90, 42.55, 4141]
[6239, 80.4, 75.2, 75.20, 79.60, 15770]
[6240, 19.25, 17.15, 17.75, 17.15, 643]
[6241, 18.6, 16.15, 17.95, 16.40, 1440]
[6242, 47.9, 46.65, 47.05, 46.80, 105]
[6243, 28.8, 26.6, 27.25, 27.30, 1383]
[6244, 25.6, 24.45, 25.35, 25.15, 7621]
[6245, 72.1, 65.8, 67.70, 70.90, 23554]
[6246, 14.5, 14.0, 14.50, 14.35, 93]
[6247, 15.4, 15.25, 15.30, 15.40, 462]
[6248, 21.25, 20.3, 20.80, 20.30, 1417]
[6257, 50.5, 48.2, 48.90, 49.20, 8348]
[6259, 22.3, 20.5, 20.80, 21.30, 252]
[6261, 60.8, 58.0, 58.90, 59.40, 1110]
[6263, 78.3, 76.5, 77.00, 77.70, 163]
[6264, 8.79, 8.02, 8.02, 8.41, 566]
[6265, 10.55, 10.1, 10.45, 10.15, 1532]
[6266, 26.6, 23.2, 23.20, 24.70, 8875]
[6269, 105.5, 98.4, 101.50, 102.50, 15927]
[6270, 23.25, 22.25, 22.40, 23.00, 429]
[6271, 194.0, 180.0, 185.50, 182.00, 11134]
[6274, 52.8, 48.3, 50.30, 52.10, 37387]
[6275, 26.8, 25.6, 25.60, 26.00, 818]
[6276, 14.2, 12.75, 12.75, 13.70, 217]
[6277, 78.9, 76.6, 76.70, 78.60, 234]
[6278, 93.9, 88.1, 89.30, 90.50, 9906]
[6279, 169.5, 142.0, 157.00, 143.00, 29866]
[6281, 81.9, 81.0, 81.00, 81.60, 50]
[6282, 30.2, 29.0, 29.65, 29.15, 21459]
[6283, 34.95, 32.0, 33.20, 33.10, 2890]
[6284, 49.8, 44.6, 45.00, 48.20, 3595]
[6285, 93.0, 82.5, 84.00, 82.60, 93794]
[6287, 27.75, 24.4, 26.40, 24.50, 29]
[6288, 22.4, 21.25, 21.45, 22.15, 1544]
[6290, 56.5, 54.7, 56.00, 56.00, 10241]
[6291, 97.0, 92.2, 97.00, 93.00, 27]
[6292, 38.8, 37.3, 37.50, 38.70, 237]
[6294, 102.5, 100.0, 100.00, 100.50, 114]
[6404, 17.8, 14.8, 14.80, 16.40, 10]
[6405, 21.1, 19.75, 19.90, 19.95, 183]
[6409, 1585.0, 1410.0, 1,415.00, 1,560.00, 766]
[6411, 95.6, 89.6, 91.80, 92.00, 3570]
[6412, 72.5, 70.1, 71.00, 71.30, 1219]
[6414, 208.0, 193.5, 195.00, 201.00, 2698]
[6415, 458.0, 397.0, 398.00, 442.50, 12590]
[6416, 84.1, 80.4, 82.10, 81.20, 620]
[6417, 90.5, 87.4, 90.50, 88.00, 84]
[6418, 16.75, 15.7, 16.75, 15.70, 120]
[6419, 31.7, 29.8, 30.25, 29.95, 30]
[6425, 20.35, 19.55, 20.15, 19.85, 39]
[6426, 63.6, 59.4, 61.00, 61.50, 1022]
[6431, 21.2, 19.9, 20.00, 20.70, 217]
[6432, 35.0, 32.4, 33.50, 34.20, 2185]
[6435, 109.5, 100.5, 101.00, 105.50, 1492]
[6438, 85.9, 78.7, 78.70, 82.60, 2050]
[6441, 40.75, 38.45, 40.55, 39.00, 419]
[6442, 44.75, 41.35, 42.25, 44.75, 4535]
[6443, 35.75, 31.05, 35.65, 31.25, 120873]
[6446, 522.0, 477.5, 499.00, 508.00, 8840]
[6449, 41.0, 40.0, 40.65, 40.70, 101]
[6451, 87.5, 81.5, 81.50, 81.80, 1023]
[6456, 89.9, 83.8, 85.90, 86.70, 20266]
[6457, 62.3, 56.4, 57.00, 58.70, 1557]
[6461, 33.45, 29.85, 30.50, 31.70, 24777]
[6462, 64.9, 58.6, 59.40, 62.80, 714]
[6464, 98.0, 87.3, 87.90, 95.70, 201]
[6465, 18.6, 16.9, 17.75, 17.45, 429]
[6469, 294.5, 277.0, 278.00, 291.00, 2703]
[6470, 58.7, 50.9, 52.00, 54.40, 5388]
[6472, 355.0, 306.0, 312.00, 355.00, 29053]
[6477, 45.6, 41.9, 45.10, 42.45, 12369]
[6482, 43.85, 41.2, 43.85, 42.25, 4]
[6485, 77.6, 66.6, 68.20, 71.10, 9969]
[6486, 60.7, 58.1, 59.50, 59.80, 195]
[6488, 465.5, 376.0, 388.00, 460.00, 28622]
[6491, 327.5, 303.0, 303.00, 322.50, 3147]
[6492, 50.9, 46.6, 49.00, 48.70, 2544]
[6494, 72.0, 63.3, 66.10, 67.20, 2042]
[6496, 27.6, 26.95, 27.30, 27.60, 32]
[6499, 55.7, 50.7, 52.10, 53.30, 940]
[6504, 72.8, 69.6, 69.80, 70.80, 253]
[6505, 84.0, 82.1, 82.30, 83.90, 9709]
[6506, 19.95, 19.05, 19.50, 19.70, 391]
[6508, 37.15, 35.5, 37.05, 36.30, 4560]
[6509, 38.3, 36.15, 36.80, 36.95, 5173]
[6510, 430.0, 393.0, 393.00, 422.00, 979]
[6512, 24.8, 20.3, 22.05, 23.80, 785]
[6514, 56.0, 51.1, 54.60, 54.00, 361]
[6515, 349.0, 316.5, 323.00, 335.50, 3802]
[6516, 79.6, 74.3, 76.00, 75.40, 130]
[6523, 98.9, 89.5, 90.90, 94.30, 665]
[6525, 69.9, 65.0, 65.00, 67.70, 725]
[6527, 53.6, 42.8, 44.10, 52.20, 1318]
[6530, 23.25, 21.7, 22.90, 22.30, 401]
[6531, 183.5, 155.0, 157.00, 175.50, 58801]
[6532, 64.1, 53.5, 57.50, 63.70, 18044]
[6533, 489.5, 407.5, 412.50, 489.50, 30828]
[6535, 36.8, 35.25, 36.80, 35.50, 384]
[6538, 72.0, 68.0, 69.80, 69.30, 564]
[6541, 30.0, 28.7, 30.00, 29.10, 4545]
[6542, 43.45, 41.5, 41.50, 43.45, 5]
[6546, 81.6, 70.6, 79.50, 71.30, 8116]
[6547, 79.0, 66.5, 79.00, 73.50, 42797]
[6548, 32.3, 30.0, 30.00, 31.30, 4457]
[6550, 105.0, 94.3, 95.20, 101.00, 80640]
[6552, 32.65, 31.65, 32.00, 32.05, 219]
[6556, 116.0, 96.1, 96.10, 105.00, 1144]
[6558, 22.1, 20.2, 21.80, 21.05, 1631]
[6560, 34.9, 32.0, 32.00, 33.55, 174]
[6561, 288.5, 279.0, 280.00, 285.50, 61]
[6568, 148.0, 124.0, 125.50, 137.00, 4825]
[6569, 94.0, 91.0, 94.00, 92.00, 19]
[6570, 48.8, 45.55, 46.20, 46.80, 5764]
[6573, 14.5, 12.85, 13.00, 13.30, 1107]
[6574, 51.2, 51.2, 51.20, 51.20, 1]
[6576, 75.4, 71.0, 74.50, 74.30, 1480]
[6577, 59.0, 57.7, 57.70, 58.30, 66]
[6578, 17.35, 15.5, 16.65, 15.75, 2295]
[6579, 78.5, 76.8, 78.50, 77.50, 441]
[6581, 91.0, 88.4, 89.10, 88.90, 470]
[6582, 57.1, 52.6, 53.20, 55.10, 1004]
[6585, 50.0, 46.5, 46.50, 48.20, 531]
[6588, 29.1, 27.95, 28.05, 28.40, 81]
[6589, 116.0, 103.0, 105.50, 114.00, 27254]
[6590, 51.3, 50.3, 51.00, 51.00, 33]
[6591, 41.3, 39.6, 40.05, 40.40, 480]
[6592, 99.5, 96.1, 97.10, 98.50, 1616]
[6593, 38.0, 37.0, 37.95, 37.50, 29]
[6594, 31.15, 28.4, 29.90, 28.65, 329]
[6596, 42.4, 41.0, 41.10, 41.70, 106]
[6598, 27.35, 25.4, 25.60, 26.50, 715]
[6603, 18.35, 17.05, 18.10, 17.50, 10044]
[6605, 74.4, 71.4, 72.40, 72.10, 3682]
[6609, 31.9, 29.95, 30.80, 31.40, 1237]
[6612, 86.0, 76.1, 78.00, 81.80, 231]
[6613, 83.8, 81.7, 82.90, 82.00, 386]
[6615, 38.5, 36.8, 37.90, 37.00, 66]
[6616, 15.0, 14.15, 15.00, 14.20, 334]
[6624, 41.0, 39.5, 40.00, 40.40, 43]
[6625, 34.25, 30.55, 30.55, 32.80, 1626]
[6629, 50.2, 49.8, 50.20, 50.00, 11]
[6640, 93.5, 86.6, 86.60, 90.50, 94]
[6641, 52.2, 51.5, 51.60, 52.20, 26]
[6642, 41.5, 40.3, 41.50, 40.55, 573]
[6643, 425.5, 351.0, 353.00, 425.50, 16590]
[6649, 39.3, 34.3, 34.30, 37.25, 2128]
[6651, 70.4, 63.3, 65.90, 67.80, 1019]
[6654, 44.3, 41.1, 44.30, 43.20, 155]
[6655, 132.5, 131.0, 131.00, 131.00, 29]
[6661, 21.85, 20.4, 21.25, 21.40, 83]
[6662, 29.75, 29.35, 29.40, 29.75, 12]
[6664, 88.9, 84.7, 85.80, 87.20, 583]
[6666, 77.7, 73.5, 74.00, 74.00, 1406]
[6667, 64.0, 60.0, 60.30, 60.90, 992]
[6668, 39.2, 36.05, 36.70, 36.25, 1442]
[6669, 878.0, 819.0, 860.00, 822.00, 10964]
[6670, 209.5, 194.0, 198.00, 207.50, 3370]
[6671, 39.25, 38.3, 39.25, 39.00, 41]
[6672, 67.8, 64.0, 65.40, 65.00, 1141]
[6674, 22.75, 21.5, 22.15, 22.20, 72]
[6679, 214.5, 184.0, 189.00, 205.00, 6335]
[6680, 57.0, 54.5, 57.00, 57.00, 21]
[6683, 178.5, 160.0, 160.00, 172.50, 2298]
[6684, 56.5, 52.0, 56.50, 52.00, 852]
[6689, 95.0, 85.6, 90.00, 87.40, 1280]
[6690, 110.5, 105.5, 109.00, 107.00, 131]
[6691, 178.5, 173.0, 178.50, 176.00, 532]
[6693, 72.4, 62.1, 62.70, 65.20, 1033]
[6695, 35.4, 32.35, 34.15, 32.50, 3643]
[6697, 36.95, 35.9, 36.35, 36.70, 17]
[6698, 30.65, 28.55, 29.45, 29.15, 345]
[6703, 88.0, 85.0, 85.00, 86.50, 164]
[6706, 90.8, 82.8, 84.00, 84.90, 9576]
[6712, 197.5, 185.0, 193.00, 191.50, 4314]
[6715, 128.0, 117.5, 118.00, 119.00, 1526]
[6716, 80.6, 76.1, 77.50, 78.50, 91]
[6719, 274.5, 236.0, 248.00, 270.00, 22079]
[6721, 41.3, 40.0, 41.30, 40.40, 61]
[6727, 67.9, 64.3, 65.30, 65.90, 869]
[6728, 124.0, 116.5, 118.00, 118.50, 116]
[6732, 238.5, 215.0, 216.00, 230.50, 690]
[6733, 22.25, 20.3, 21.80, 21.40, 335]
[6735, 56.9, 49.9, 49.95, 53.10, 165]
[6741, 86.4, 79.5, 80.00, 85.70, 958]
[6743, 33.5, 31.05, 31.05, 31.15, 367]
[6747, 174.5, 163.0, 166.00, 171.00, 277]
[6751, 44.4, 42.0, 42.30, 42.95, 150]
[6752, 61.9, 59.0, 60.40, 59.00, 214]
[6754, 45.4, 43.5, 44.60, 45.00, 412]
[6756, 197.0, 179.0, 182.00, 186.50, 3481]
[6761, 82.8, 76.8, 76.80, 79.90, 115]
[6762, 227.0, 217.0, 217.00, 222.00, 6]
[6763, 383.0, 352.0, 361.00, 381.50, 154]
[6767, 30.0, 28.0, 29.35, 28.90, 316]
[6768, 77.9, 72.6, 73.80, 76.30, 4799]
[6770, 34.8, 31.9, 32.30, 33.30, 125849]
[6776, 38.0, 37.3, 37.30, 37.95, 202]
[6781, 691.0, 631.0, 642.00, 674.00, 8833]
[6788, 93.7, 88.1, 90.00, 91.00, 3328]
[6789, 206.0, 183.0, 197.00, 192.00, 17187]
[6790, 35.5, 35.0, 35.35, 35.30, 185]
[6792, 74.8, 70.7, 70.70, 72.00, 341]
[6796, 78.0, 70.6, 70.80, 75.30, 1100]
[6799, 114.5, 100.5, 104.00, 107.50, 1490]
[6803, 255.5, 245.0, 245.50, 247.50, 57]
[6804, 60.0, 53.4, 53.40, 56.80, 571]
[6806, 65.2, 60.8, 62.90, 60.90, 4216]
[6807, 26.45, 24.4, 24.40, 25.65, 172]
[6811, 130.5, 121.5, 125.00, 125.50, 236]
[6823, 89.4, 84.0, 85.00, 87.00, 83]
[6829, 69.6, 66.2, 69.10, 67.10, 775]
[6830, 88.8, 84.3, 85.40, 86.00, 707]
[6834, 25.75, 24.5, 24.55, 24.95, 285]
[6835, 43.0, 35.1, 36.80, 41.10, 4424]
[6854, 105.5, 91.8, 98.90, 105.50, 728]
[6855, 73.1, 68.2, 73.10, 70.10, 55]
[7402, 40.2, 38.3, 38.65, 40.20, 75]
[7556, 102.0, 99.5, 99.70, 101.00, 22]
[8011, 14.6, 14.15, 14.20, 14.20, 1376]
[8016, 213.0, 173.5, 175.00, 196.00, 27399]
[8021, 31.1, 28.2, 28.90, 29.20, 6264]
[8024, 22.9, 20.8, 21.20, 21.45, 1806]
[8027, 55.1, 51.7, 53.20, 53.80, 1943]
[8028, 55.0, 51.8, 53.30, 54.50, 25996]
[8032, 31.0, 29.15, 30.85, 29.15, 466]
[8033, 36.4, 30.3, 33.10, 34.00, 53688]
[8034, 15.85, 14.5, 14.80, 15.05, 1018]
[8038, 42.5, 38.7, 42.50, 38.85, 5085]
[8039, 42.4, 41.0, 41.25, 41.55, 754]
[8040, 60.5, 57.0, 59.70, 60.00, 24881]
[8042, 35.9, 34.0, 34.40, 35.20, 69]
[8043, 26.45, 25.3, 26.45, 25.40, 537]
[8044, 53.4, 49.0, 49.95, 50.80, 8937]
[8046, 256.5, 212.5, 219.00, 256.50, 84612]
[8047, 12.7, 12.5, 12.60, 12.50, 9]
[8048, 30.85, 29.65, 29.70, 30.70, 179]
[8049, 27.8, 27.05, 27.40, 27.40, 3536]
[8050, 74.1, 69.5, 72.50, 70.40, 33484]
[8054, 34.7, 32.55, 33.60, 33.40, 2932]
[8059, 9.6, 9.3, 9.49, 9.55, 249]
[8064, 15.55, 14.95, 15.30, 15.25, 1506]
[8066, 26.45, 25.75, 26.15, 26.00, 50]
[8067, 8.67, 7.92, 8.40, 8.20, 130]
[8068, 25.8, 24.1, 25.15, 24.80, 320]
[8069, 213.5, 183.0, 210.00, 189.50, 168555]
[8070, 32.25, 30.7, 30.70, 31.60, 2439]
[8071, 15.4, 14.45, 15.25, 14.75, 836]
[8072, 28.55, 24.8, 24.90, 26.05, 4262]
[8074, 18.45, 17.75, 18.00, 18.05, 168]
[8076, 28.95, 26.0, 26.10, 27.80, 5836]
[8077, 8.97, 7.77, 8.71, 8.71, 24]
[8080, 11.4, 9.6, 9.70, 10.85, 261]
[8081, 152.5, 132.0, 134.00, 145.50, 6364]
[8083, 166.0, 155.5, 157.00, 164.00, 341]
[8084, 112.0, 97.3, 99.20, 105.50, 3498]
[8085, 20.0, 18.85, 19.15, 19.35, 584]
[8086, 70.8, 62.2, 64.70, 65.80, 11941]
[8087, 28.65, 26.05, 28.60, 26.65, 214]
[8088, 24.0, 21.5, 21.70, 22.60, 4672]
[8089, 27.3, 24.5, 26.70, 24.60, 2646]
[8091, 79.7, 75.6, 77.20, 78.30, 2754]
[8092, 12.6, 11.8, 12.20, 12.00, 522]
[8093, 13.2, 11.2, 11.20, 12.30, 2090]
[8096, 11.75, 11.45, 11.45, 11.65, 1245]
[8097, 65.8, 59.6, 64.90, 60.80, 6028]
[8099, 36.8, 34.8, 35.00, 35.50, 101]
[8101, 6.4, 5.89, 5.94, 5.98, 289]
[8103, 33.1, 31.85, 32.30, 32.05, 909]
[8104, 35.65, 33.5, 33.90, 34.25, 922]
[8105, 12.9, 11.6, 11.65, 12.55, 14450]
[8107, 17.7, 16.65, 17.70, 16.90, 428]
[8109, 91.0, 85.2, 85.90, 88.50, 1433]
[8110, 12.7, 11.95, 12.15, 12.45, 4509]
[8111, 16.45, 15.75, 15.85, 16.00, 1450]
[8112, 37.0, 34.75, 34.95, 36.40, 7394]
[8114, 124.0, 116.0, 119.50, 116.50, 6190]
[8121, 25.35, 24.15, 24.70, 24.35, 1841]
[8131, 40.15, 38.6, 38.85, 39.35, 2106]
[8147, 70.5, 65.3, 66.80, 65.40, 4515]
[8150, 33.4, 31.45, 31.80, 32.50, 17152]
[8155, 102.0, 94.0, 95.80, 97.10, 4376]
[8163, 39.7, 38.45, 38.90, 38.80, 2963]
[8171, 42.6, 39.3, 39.50, 41.35, 3860]
[8176, 10.05, 9.37, 9.58, 9.80, 443]
[8182, 32.0, 30.3, 31.15, 31.40, 598]
[8183, 59.6, 55.3, 58.40, 56.30, 10157]
[8201, 11.9, 11.4, 11.60, 11.45, 626]
[8210, 72.5, 69.8, 69.80, 71.00, 1444]
[8213, 35.8, 33.5, 33.85, 35.00, 2424]
[8215, 32.15, 30.85, 31.30, 31.45, 9309]
[8222, 21.5, 19.9, 21.00, 20.00, 9609]
[8234, 28.8, 27.95, 28.25, 28.05, 1777]
[8240, 27.8, 26.95, 27.45, 26.95, 114]
[8249, 28.5, 25.3, 26.80, 26.60, 12441]
[8255, 159.0, 147.0, 149.50, 152.50, 4829]
[8261, 104.0, 98.6, 102.00, 99.50, 13128]
[8271, 42.1, 40.8, 41.45, 41.40, 1226]
[8277, 8.8, 8.35, 8.46, 8.53, 514]
[8279, 140.0, 132.0, 136.00, 136.00, 197]
[8284, 54.6, 51.9, 52.20, 52.70, 257]
[8289, 34.3, 30.85, 30.85, 33.05, 3380]
[8291, 6.1, 6.1, 6.10, 6.10, 18]
[8299, 334.5, 282.5, 285.50, 325.50, 12864]
[8341, 140.5, 135.0, 138.00, 136.00, 652]
[8342, 56.4, 53.5, 55.40, 54.20, 61]
[8349, 63.5, 60.7, 62.90, 60.70, 3347]
[8354, 14.6, 14.05, 14.35, 14.40, 298]
[8358, 52.1, 47.85, 48.30, 48.55, 68529]
[8367, 34.15, 33.0, 33.60, 33.70, 162]
[8374, 28.3, 27.3, 27.65, 27.60, 96]
[8383, 35.65, 35.1, 35.30, 35.25, 392]
[8390, 34.5, 32.15, 32.25, 32.25, 2757]
[8401, 22.45, 20.4, 21.70, 20.70, 2674]
[8403, 31.35, 29.95, 30.30, 30.20, 2509]
[8404, 26.9, 25.65, 25.65, 26.20, 282]
[8409, 19.15, 18.1, 19.15, 18.35, 459]
[8410, 31.0, 29.15, 30.55, 29.45, 249]
[8411, 12.95, 12.3, 12.80, 12.40, 3706]
[8415, 33.85, 33.3, 33.60, 33.50, 2235]
[8416, 113.5, 109.0, 110.00, 112.50, 58]
[8418, 10.25, 10.1, 10.25, 10.20, 9]
[8420, 74.8, 72.0, 74.30, 72.20, 1083]
[8421, 15.6, 14.25, 15.00, 14.45, 3086]
[8422, 170.5, 167.5, 168.00, 169.00, 940]
[8423, 17.35, 17.35, 17.35, 17.35, 2]
[8424, 65.2, 63.7, 63.70, 64.80, 35]
[8426, 29.95, 26.7, 29.60, 27.60, 1456]
[8429, 9.98, 9.65, 9.72, 9.69, 1469]
[8431, 55.1, 51.9, 54.40, 52.90, 1088]
[8432, 45.4, 43.45, 43.90, 44.30, 238]
[8433, 60.9, 53.5, 54.10, 59.90, 1941]
[8435, 60.3, 59.1, 60.30, 59.60, 119]
[8436, 117.0, 111.5, 112.50, 114.00, 1376]
[8437, 81.3, 80.1, 80.50, 80.90, 21]
[8438, 26.5, 24.7, 24.70, 25.35, 156]
[8440, 47.6, 39.5, 43.30, 39.50, 11177]
[8442, 81.6, 73.9, 78.10, 75.70, 1866]
[8443, 11.1, 10.9, 10.95, 11.10, 178]
[8444, 41.1, 39.0, 40.60, 40.20, 120]
[8446, 74.1, 72.0, 72.50, 74.00, 214]
[8450, 27.05, 25.1, 26.45, 26.05, 1245]
[8454, 548.0, 470.0, 473.00, 545.00, 8613]
[8455, 20.95, 19.55, 20.95, 20.05, 17]
[8462, 116.0, 106.0, 115.00, 109.50, 378]
[8463, 21.0, 18.7, 18.70, 19.80, 425]
[8464, 260.0, 238.0, 240.00, 259.50, 2938]
[8466, 42.6, 40.1, 41.35, 42.50, 163]
[8467, 60.7, 51.8, 52.00, 54.50, 1034]
[8472, 43.5, 41.85, 42.80, 42.80, 20]
[8473, 28.5, 28.0, 28.50, 28.15, 174]
[8476, 52.4, 49.55, 52.40, 49.60, 194]
[8477, 19.75, 17.8, 19.75, 18.20, 456]
[8478, 262.0, 237.5, 255.00, 240.50, 13825]
[8480, 84.6, 84.4, 84.40, 84.50, 56]
[8481, 57.1, 55.2, 57.00, 56.10, 71]
[8482, 69.2, 68.0, 68.40, 68.70, 74]
[8488, 15.75, 15.05, 15.50, 15.15, 79]
[8489, 22.9, 21.05, 21.45, 21.20, 312]
[8499, 110.0, 100.0, 109.50, 100.50, 461]
[8905, 21.5, 20.9, 21.40, 21.30, 188]
[8906, 19.75, 19.0, 19.10, 19.20, 13]
[8908, 64.8, 62.0, 62.20, 63.00, 213]
[8916, 61.3, 56.1, 61.00, 56.40, 18591]
[8917, 90.8, 88.2, 90.80, 89.90, 10]
[8921, 14.25, 13.75, 14.00, 14.00, 4]
[8923, NaN, NaN, NaN, NaN, 0]
[8924, 113.0, 104.0, 105.50, 112.00, 2772]
[8926, 30.4, 28.8, 29.10, 29.30, 5124]
[8927, 35.3, 34.15, 34.45, 34.60, 1018]
[8928, 37.65, 34.75, 34.90, 36.75, 987]
[8929, 20.35, 19.5, 20.10, 20.00, 78]
[8930, 17.4, 16.6, 17.40, 16.70, 522]
[8931, 33.7, 30.0, 30.25, 32.95, 1754]
[8932, 41.0, 33.4, 34.80, 40.10, 5741]
[8933, 23.2, 18.7, 22.15, 18.70, 79771]
[8935, 11.2, 10.6, 10.90, 10.90, 209]
[8936, 20.65, 19.8, 19.95, 20.10, 2039]
[8937, 14.45, 13.6, 14.30, 14.20, 91]
[8938, 101.0, 96.1, 99.80, 97.70, 6517]
[8940, 15.85, 15.1, 15.80, 15.50, 541]
[8941, 54.6, 50.5, 50.50, 53.60, 320]
[8942, 61.8, 56.5, 57.10, 61.00, 1017]
[8996, 155.0, 134.0, 137.50, 145.00, 175694]
[9103, 7.5, 6.96, 7.50, 7.32, 2499]
[9105, 3.84, 3.73, 3.78, 3.73, 7488]
[9110, 3.04, 2.92, 3.01, 2.93, 258]
[9136, 6.55, 6.3, 6.48, 6.40, 6591]
[9802, 145.0, 135.5, 139.50, 141.00, 10112]
[9902, 10.7, 10.25, 10.25, 10.55, 433]
[9904, 29.1, 28.05, 28.25, 28.90, 24167]
[9905, 24.35, 24.1, 24.15, 24.15, 227]
[9906, 45.9, 44.35, 45.80, 44.60, 117]
[9907, 17.5, 16.5, 16.80, 16.75, 25585]
[9908, 31.0, 30.0, 30.00, 30.65, 180]
[9910, 179.0, 167.5, 167.50, 179.00, 6001]
[9911, 63.0, 59.2, 59.20, 60.50, 1299]
[9912, 10.3, 9.28, 9.40, 9.95, 865]
[9914, 195.0, 180.0, 181.50, 195.00, 2843]
[9917, 97.4, 92.7, 93.00, 97.30, 1561]
[9918, 42.75, 41.8, 41.80, 42.50, 22]
[9919, 18.15, 15.7, 16.05, 17.10, 32478]
[9921, 233.5, 207.0, 207.00, 233.00, 4968]
[9924, 41.6, 40.8, 41.20, 41.45, 1042]
[9925, 39.3, 38.55, 38.55, 39.25, 582]
[9926, 51.5, 51.0, 51.30, 51.20, 20]
[9927, 37.25, 36.25, 36.25, 36.70, 804]
[9928, 21.4, 18.25, 19.85, 19.90, 3110]
[9929, 8.6, 8.1, 8.20, 8.50, 309]
[9930, 45.75, 45.05, 45.25, 45.50, 169]
[9931, 39.85, 39.0, 39.00, 39.85, 14]
[9933, 39.95, 38.1, 39.95, 39.10, 44312]
[9934, 12.65, 12.1, 12.30, 12.40, 1564]
[9935, 17.25, 16.6, 16.60, 17.20, 769]
[9937, 51.1, 50.4, 50.90, 50.90, 118]
[9938, 52.6, 50.4, 51.30, 51.50, 5959]
[9939, 85.2, 81.8, 85.00, 81.80, 5364]
[9940, 29.35, 28.15, 28.15, 29.00, 845]
[9941, 149.0, 140.5, 142.00, 146.00, 4043]
[9942, 121.5, 108.5, 115.00, 112.50, 5165]
[9943, 60.8, 56.4, 56.40, 60.60, 348]
[9944, 20.5, 20.35, 20.35, 20.50, 317]
[9945, 44.8, 40.25, 40.55, 44.65, 43280]
[9946, 11.85, 11.6, 11.75, 11.80, 194]
[9949, 18.95, 18.3, 18.75, 18.85, 24]
[9950, 11.8, 10.55, 11.05, 11.65, 19]
[9951, 61.5, 59.9, 59.90, 60.10, 368]
[9955, 18.45, 17.7, 18.15, 17.70, 1621]
[9958, 82.0, 77.5, 78.40, 78.50, 12651]
[9960, 27.25, 24.35, 25.00, 25.15, 1357]
[9962, 16.95, 15.95, 15.95, 16.20, 2416]
