[1101, 34.8, 33.55, 34.15, 34.05, 308561]
[1102, 41.65, 40.3, 41.10, 41.55, 134781]
[1103, 17.6, 17.25, 17.35, 17.50, 715]
[1104, 22.5, 22.15, 22.50, 22.25, 1553]
[1108, 10.9, 10.65, 10.85, 10.80, 799]
[1109, 16.0, 15.5, 15.75, 15.70, 394]
[1110, 17.7, 17.25, 17.35, 17.70, 358]
[1201, 19.2, 18.95, 18.95, 19.05, 682]
[1203, 35.4, 34.4, 34.50, 34.65, 65]
[1210, 45.5, 44.1, 44.20, 45.45, 4006]
[1213, 7.5, 6.92, 7.05, 6.97, 67]
[1215, 79.4, 77.0, 77.10, 78.30, 2961]
[1216, 66.0, 64.9, 64.90, 65.90, 23364]
[1217, 11.05, 10.5, 11.00, 10.90, 15393]
[1218, 36.45, 32.0, 36.45, 32.60, 32136]
[1219, 19.05, 18.55, 18.90, 18.90, 3778]
[1220, 15.35, 14.85, 15.00, 15.30, 637]
[1225, 57.3, 55.6, 55.70, 56.70, 49]
[1227, 39.7, 38.75, 38.75, 39.40, 1630]
[1229, 50.0, 48.85, 49.35, 49.25, 2892]
[1231, 74.6, 72.8, 72.90, 73.60, 519]
[1232, 143.0, 141.0, 142.00, 141.50, 729]
[1233, 32.5, 32.05, 32.10, 32.15, 58]
[1234, 33.0, 32.65, 32.85, 32.70, 1072]
[1235, 69.8, 68.2, 69.80, 68.80, 56]
[1236, 22.85, 21.3, 21.80, 21.40, 425]
[1240, 45.65, 43.6, 44.50, 44.35, 153]
[1256, 286.0, 258.0, 269.00, 267.00, 115]
[1258, 20.5, 20.0, 20.50, 20.45, 210]
[1259, 75.2, 74.0, 74.80, 74.50, 29]
[1264, 256.0, 254.5, 255.50, 255.00, 34]
[1268, 131.0, 125.0, 130.00, 128.50, 441]
[1301, 87.6, 85.1, 86.80, 86.80, 63888]
[1303, 72.6, 70.1, 72.00, 70.30, 68571]
[1304, 22.3, 20.7, 21.50, 22.10, 31582]
[1305, 27.1, 23.15, 25.10, 26.50, 42630]
[1307, 21.1, 20.45, 20.75, 20.70, 352]
[1308, 28.9, 27.1, 27.80, 28.20, 7612]
[1309, 22.4, 21.0, 21.90, 22.20, 7827]
[1310, 13.6, 13.1, 13.55, 13.55, 1710]
[1312, 19.1, 18.05, 18.30, 18.95, 24158]
[1313, 14.1, 13.1, 13.85, 13.80, 9362]
[1314, 10.05, 9.72, 10.00, 9.86, 32628]
[1315, 70.7, 69.2, 70.20, 70.00, 62]
[1316, 12.4, 11.8, 12.30, 11.85, 3720]
[1319, 44.65, 40.35, 44.60, 41.05, 31470]
[1321, 33.85, 33.15, 33.60, 33.15, 528]
[1323, 33.2, 32.5, 33.10, 33.00, 301]
[1324, 11.1, 10.55, 10.65, 10.65, 185]
[1325, 29.25, 25.2, 25.20, 27.70, 24874]
[1326, 70.7, 69.0, 70.10, 69.40, 8517]
[1336, 26.45, 24.85, 26.20, 25.00, 1138]
[1337, 7.11, 6.83, 7.04, 6.90, 1921]
[1338, 44.8, 43.35, 44.80, 43.60, 502]
[1339, 42.45, 40.4, 41.60, 40.75, 524]
[1340, 10.05, 9.91, 10.00, 9.95, 963]
[1341, 68.0, 66.5, 68.00, 66.80, 77]
[1342, 138.5, 127.0, 138.50, 132.50, 2682]
[1402, 33.0, 30.85, 32.05, 31.55, 173859]
[1409, 18.4, 17.55, 18.15, 17.90, 34695]
[1410, 43.0, 39.75, 42.15, 40.30, 767]
[1413, 9.59, 9.35, 9.51, 9.48, 244]
[1414, 18.15, 17.85, 17.95, 18.05, 989]
[1416, 10.45, 10.2, 10.35, 10.30, 532]
[1417, 14.6, 13.85, 14.35, 14.20, 21789]
[1418, 14.45, 13.9, 14.30, 14.25, 113]
[1419, 40.45, 39.7, 40.00, 39.85, 179]
[1423, 20.35, 19.8, 19.95, 20.00, 281]
[1432, 12.0, 11.65, 11.95, 12.00, 899]
[1434, 26.9, 26.15, 26.20, 26.30, 5216]
[1436, 56.6, 55.6, 56.20, 56.10, 70]
[1437, 25.9, 25.2, 25.70, 25.35, 622]
[1438, 32.6, 31.3, 32.60, 31.45, 115]
[1439, 21.45, 20.6, 21.10, 21.00, 142]
[1440, 17.6, 16.7, 17.05, 17.30, 6288]
[1441, 7.99, 7.77, 7.87, 7.97, 273]
[1442, 37.3, 36.0, 36.25, 37.20, 3009]
[1443, 21.5, 20.65, 20.85, 20.90, 188]
[1444, 10.4, 10.05, 10.40, 10.30, 10700]
[1445, 16.3, 16.0, 16.05, 16.15, 393]
[1446, 30.25, 29.45, 30.10, 30.00, 248]
[1447, 7.78, 7.61, 7.75, 7.71, 3027]
[1449, 16.75, 13.85, 15.75, 16.75, 2646]
[1451, 21.45, 20.75, 21.25, 20.95, 1757]
[1452, 17.85, 17.25, 17.35, 17.80, 377]
[1453, 16.05, 14.9, 16.05, 15.10, 1046]
[1454, 13.0, 12.7, 12.85, 12.85, 269]
[1455, 10.55, 10.15, 10.35, 10.45, 2773]
[1456, 16.0, 15.1, 15.40, 15.85, 174]
[1457, 19.0, 18.5, 19.00, 18.70, 985]
[1459, 8.65, 8.25, 8.48, 8.37, 454]
[1460, 7.23, 7.07, 7.16, 7.14, 1806]
[1463, 14.5, 14.15, 14.30, 14.35, 344]
[1464, 14.2, 13.65, 14.20, 14.05, 875]
[1465, 14.05, 13.45, 13.65, 13.85, 327]
[1466, 12.8, 11.85, 11.90, 12.15, 825]
[1467, 11.75, 11.0, 11.75, 11.00, 3699]
[1468, 13.55, 13.0, 13.05, 13.35, 225]
[1470, 18.75, 17.9, 18.55, 18.10, 85]
[1471, 8.11, 7.56, 7.98, 7.71, 1180]
[1472, 22.95, 20.55, 22.65, 21.55, 34]
[1473, 21.6, 20.4, 21.40, 20.55, 1230]
[1474, 12.15, 11.85, 12.00, 12.00, 324]
[1475, 71.9, 65.0, 66.20, 67.80, 637]
[1476, 505.0, 445.0, 454.50, 492.50, 4774]
[1477, 247.5, 231.0, 234.50, 238.50, 5124]
[1503, 61.0, 58.8, 59.20, 59.10, 648]
[1504, 27.7, 27.0, 27.60, 27.25, 10583]
[1506, 17.75, 17.1, 17.30, 17.60, 1380]
[1512, 5.82, 4.35, 4.96, 4.69, 6713]
[1513, 67.9, 64.0, 67.80, 66.00, 91612]
[1514, 30.15, 28.6, 30.00, 29.45, 7572]
[1515, 33.75, 30.1, 32.50, 30.90, 3271]
[1516, 20.5, 19.55, 20.40, 20.05, 629]
[1517, 20.55, 19.85, 20.55, 20.15, 3649]
[1519, 49.7, 46.7, 48.70, 48.90, 22985]
[1521, 36.4, 35.3, 36.20, 35.35, 40]
[1522, 27.65, 25.85, 27.45, 26.15, 8806]
[1524, 24.4, 22.6, 24.40, 22.90, 12319]
[1525, 59.1, 57.0, 58.50, 57.70, 51]
[1526, 42.8, 40.6, 42.80, 41.10, 1582]
[1527, 41.45, 40.55, 41.05, 41.30, 715]
[1528, 10.45, 9.99, 10.35, 10.10, 1810]
[1529, 21.8, 19.05, 19.60, 19.30, 25519]
[1530, 30.8, 30.3, 30.60, 30.50, 107]
[1531, 14.05, 13.8, 13.85, 13.95, 237]
[1532, 29.25, 28.1, 28.70, 28.45, 1099]
[1533, 51.3, 49.05, 50.80, 49.75, 885]
[1535, 44.2, 42.35, 42.35, 43.55, 627]
[1536, 73.4, 69.1, 73.00, 70.40, 5212]
[1537, 138.0, 136.0, 137.00, 136.50, 222]
[1538, 8.02, 7.19, 7.36, 7.90, 129]
[1539, 31.6, 28.0, 29.90, 29.45, 5782]
[1540, 15.5, 15.05, 15.45, 15.25, 781]
[1541, 34.3, 32.85, 34.05, 34.00, 66]
[1558, 123.0, 119.0, 119.00, 120.00, 393]
[1560, 117.0, 107.0, 117.00, 109.50, 13223]
[1565, 246.0, 236.0, 243.00, 244.00, 526]
[1568, 23.8, 22.4, 23.35, 22.80, 1447]
[1569, 23.25, 21.9, 23.05, 22.15, 1237]
[1570, 17.0, 16.25, 16.30, 16.70, 217]
[1580, 88.0, 85.8, 87.20, 87.20, 359]
[1582, 58.9, 58.0, 58.70, 58.60, 357]
[1583, 61.8, 61.0, 61.20, 61.00, 9]
[1584, 24.65, 22.2, 24.50, 23.35, 53210]
[1586, 34.0, 33.35, 33.95, 33.50, 293]
[1587, 22.0, 21.15, 21.65, 21.65, 219]
[1589, 57.4, 54.4, 57.40, 55.50, 704]
[1590, 939.0, 887.0, 930.00, 911.00, 1537]
[1591, 17.55, 16.75, 17.20, 16.85, 329]
[1593, 73.0, 70.1, 72.50, 71.00, 84]
[1595, 38.35, 37.7, 37.75, 38.35, 49]
[1597, 72.8, 71.2, 72.30, 71.30, 135]
[1598, 44.9, 42.0, 43.20, 43.00, 1725]
[1599, 40.65, 38.9, 40.50, 39.15, 283]
[1603, 26.7, 25.4, 26.40, 26.30, 1759]
[1604, 25.6, 25.0, 25.10, 25.55, 769]
[1605, 49.65, 45.95, 48.30, 46.75, 402100]
[1608, 14.3, 13.5, 14.00, 13.90, 3751]
[1609, 20.85, 19.6, 20.70, 20.50, 16968]
[1611, 13.9, 13.15, 13.85, 13.30, 3773]
[1612, 16.9, 16.1, 16.65, 16.50, 2450]
[1614, 35.8, 35.3, 35.35, 35.30, 69]
[1615, 28.55, 28.1, 28.40, 28.20, 110]
[1616, 7.66, 7.27, 7.40, 7.45, 391]
[1617, 15.1, 14.95, 14.95, 15.00, 122]
[1618, 14.55, 13.85, 14.40, 14.25, 1823]
[1626, 17.0, 16.3, 16.90, 16.65, 270]
[1701, 33.5, 27.95, 31.15, 33.50, 59539]
[1702, 45.7, 44.25, 44.25, 44.80, 1183]
[1707, 164.5, 154.5, 158.00, 160.50, 6355]
[1708, 42.6, 40.25, 42.50, 40.75, 9914]
[1709, 22.6, 22.05, 22.50, 22.45, 2462]
[1710, 19.05, 18.05, 19.05, 18.50, 5318]
[1711, 19.45, 18.3, 19.30, 18.40, 7069]
[1712, 37.45, 36.0, 37.45, 36.35, 5518]
[1713, 25.3, 24.85, 24.90, 25.25, 348]
[1714, 8.83, 8.55, 8.56, 8.73, 5732]
[1717, 32.15, 31.0, 31.05, 31.50, 13597]
[1718, 8.76, 8.12, 8.75, 8.35, 22447]
[1720, 62.0, 55.1, 59.50, 59.10, 57461]
[1721, 15.65, 14.75, 15.45, 15.05, 4157]
[1722, 54.2, 52.8, 53.30, 53.10, 6323]
[1723, 107.0, 104.5, 105.00, 105.50, 1247]
[1725, 20.5, 20.0, 20.05, 20.15, 103]
[1726, 70.8, 70.0, 70.00, 70.60, 74]
[1727, 27.25, 25.15, 26.90, 25.45, 1294]
[1730, 58.0, 55.0, 55.00, 55.30, 85]
[1731, 20.35, 19.15, 19.35, 19.40, 3063]
[1732, 33.4, 30.5, 30.50, 31.85, 17862]
[1733, 26.5, 25.25, 25.80, 25.65, 1861]
[1734, 35.5, 32.15, 34.60, 33.30, 29020]
[1735, 14.95, 14.6, 14.90, 14.95, 30]
[1736, 84.3, 72.3, 79.00, 73.90, 11397]
[1737, 32.5, 31.9, 31.90, 32.15, 451]
[1742, 15.0, 14.6, 15.00, 14.85, 154]
[1752, 65.1, 51.2, 53.10, 63.10, 172776]
[1760, 192.5, 168.0, 180.00, 190.00, 84737]
[1762, 66.3, 60.6, 65.70, 63.50, 13475]
[1773, 118.5, 113.0, 116.00, 114.00, 659]
[1776, 16.6, 16.4, 16.60, 16.50, 48]
[1777, 88.1, 82.1, 86.70, 86.40, 1346]
[1781, 17.05, 15.0, 15.85, 15.30, 4131]
[1783, 52.0, 44.25, 45.60, 52.00, 17525]
[1784, 45.25, 41.7, 44.15, 42.05, 1025]
[1785, 33.3, 31.75, 32.95, 32.45, 4629]
[1786, 56.5, 52.2, 53.40, 55.50, 2307]
[1788, 144.5, 140.5, 143.50, 144.50, 52]
[1789, 27.3, 25.4, 26.00, 25.90, 17540]
[1795, 241.0, 223.0, 234.50, 232.00, 55666]
[1796, 72.8, 63.7, 63.70, 69.80, 3625]
[1799, 16.5, 15.3, 16.30, 16.05, 33]
[1802, 24.15, 20.3, 24.10, 21.20, 197064]
[1805, 11.1, 10.5, 10.70, 10.70, 55]
[1806, 9.35, 8.95, 9.27, 9.13, 1222]
[1808, 69.4, 62.6, 64.00, 68.00, 2873]
[1809, 13.2, 12.2, 13.20, 12.40, 3142]
[1810, 21.45, 17.5, 21.30, 18.00, 82385]
[1813, 23.35, 22.5, 23.20, 22.90, 224]
[1815, 12.25, 11.65, 12.20, 11.80, 3057]
[1817, 38.65, 37.5, 38.65, 37.90, 464]
[1903, 50.5, 49.3, 49.55, 49.45, 243]
[1904, 27.55, 27.1, 27.20, 27.15, 2600]
[1905, 16.75, 16.15, 16.65, 16.25, 3072]
[1906, 17.0, 16.4, 17.00, 16.85, 615]
[1907, 24.9, 24.15, 24.70, 24.45, 6612]
[1909, 15.95, 15.0, 15.80, 15.55, 17610]
[2002, 30.85, 28.3, 29.00, 30.70, 555033]
[2006, 53.4, 49.55, 52.80, 53.20, 22387]
[2007, 12.95, 10.85, 11.35, 12.70, 31257]
[2008, 18.45, 16.85, 16.85, 17.70, 384]
[2009, 32.4, 29.65, 31.30, 31.95, 15463]
[2010, 16.55, 15.4, 15.95, 16.25, 4985]
[2012, 25.0, 22.95, 23.10, 23.90, 963]
[2013, 60.6, 57.2, 57.70, 59.30, 1707]
[2014, 28.3, 24.7, 27.55, 27.60, 328576]
[2015, 65.9, 62.1, 64.80, 65.90, 1372]
[2017, 14.65, 13.35, 13.80, 14.20, 7900]
[2020, 24.4, 22.8, 23.75, 23.50, 1146]
[2022, 8.84, 8.32, 8.51, 8.65, 7057]
[2023, 17.35, 15.7, 16.30, 16.80, 72835]
[2024, 19.85, 18.3, 18.35, 18.85, 435]
[2025, 5.65, 5.1, 5.11, 5.26, 2056]
[2027, 44.0, 40.95, 43.25, 43.15, 169805]
[2028, 31.7, 26.45, 27.70, 29.20, 23818]
[2029, 25.3, 23.25, 23.95, 25.20, 6147]
[2030, 24.0, 22.2, 23.00, 23.95, 22806]
[2031, 44.85, 40.3, 42.40, 44.00, 28026]
[2032, 21.3, 19.25, 19.70, 21.10, 23850]
[2033, 17.1, 14.7, 15.50, 16.70, 9310]
[2034, 30.2, 27.7, 28.20, 29.60, 20585]
[2035, 32.5, 31.4, 31.85, 31.90, 152]
[2038, 23.8, 20.75, 21.70, 23.05, 32905]
[2049, 189.0, 178.0, 188.00, 180.00, 3138]
[2059, 402.0, 385.5, 398.00, 395.00, 1067]
[2061, 25.7, 24.5, 25.20, 25.30, 336]
[2062, 22.5, 22.1, 22.40, 22.35, 1007]
[2063, 39.8, 38.0, 38.75, 39.60, 416]
[2064, 17.8, 16.7, 17.15, 17.55, 234]
[2065, 52.9, 50.3, 52.90, 50.90, 324]
[2066, 80.7, 74.9, 80.70, 76.50, 634]
[2067, 11.2, 10.25, 10.90, 10.65, 106]
[2069, 21.8, 19.75, 20.65, 21.35, 8207]
[2070, 36.75, 34.0, 34.20, 36.60, 278]
[2101, 34.65, 33.5, 34.05, 33.70, 2102]
[2102, 21.05, 20.35, 20.95, 20.45, 1899]
[2103, 28.0, 26.7, 27.65, 26.95, 3480]
[2104, 19.65, 19.1, 19.45, 19.60, 5678]
[2105, 34.2, 33.5, 34.00, 33.75, 8945]
[2106, 30.35, 29.95, 30.15, 30.15, 2258]
[2107, 21.9, 21.6, 21.70, 21.70, 321]
[2108, 40.95, 37.15, 37.15, 38.20, 11312]
[2109, 14.65, 14.35, 14.40, 14.40, 274]
[2114, 99.0, 95.3, 98.30, 98.80, 63]
[2115, 29.6, 29.0, 29.40, 29.50, 111]
[2201, 65.7, 58.4, 64.10, 59.10, 112856]
[2204, 52.5, 49.05, 51.10, 50.10, 11438]
[2206, 35.95, 33.15, 35.95, 33.70, 25026]
[2207, 598.0, 581.0, 581.00, 592.00, 746]
[2208, 20.3, 19.15, 20.10, 19.50, 14092]
[2211, 54.1, 51.0, 52.00, 52.40, 1941]
[2221, 38.7, 37.4, 38.05, 38.40, 449]
[2227, 196.0, 188.5, 188.50, 191.00, 161]
[2228, 77.9, 74.6, 77.60, 75.30, 670]
[2230, 30.35, 28.1, 28.80, 30.10, 2037]
[2231, 153.0, 140.5, 148.00, 142.00, 3416]
[2233, 101.0, 98.6, 100.50, 99.50, 369]
[2235, 48.75, 46.05, 47.70, 46.10, 36]
[2236, 24.95, 23.05, 24.30, 23.60, 1302]
[2239, 61.1, 58.5, 60.60, 59.00, 258]
[2241, 32.4, 30.1, 31.00, 30.55, 117]
[2243, 13.65, 12.05, 12.45, 13.05, 1268]
[2247, 211.0, 206.0, 210.50, 208.00, 203]
[2250, 74.3, 71.6, 74.20, 72.40, 84]
[2301, 65.1, 62.8, 64.80, 64.00, 113475]
[2302, 17.9, 16.55, 17.70, 17.05, 1763]
[2303, 43.5, 41.7, 43.25, 41.95, 307510]
[2305, 26.9, 24.65, 26.60, 25.85, 5156]
[2308, 292.0, 277.5, 288.00, 281.00, 20137]
[2312, 14.2, 13.45, 14.05, 13.65, 18300]
[2313, 48.8, 45.25, 48.55, 45.95, 45901]
[2314, 40.25, 37.7, 39.70, 38.25, 2551]
[2316, 27.3, 26.85, 27.00, 26.85, 623]
[2317, 102.0, 100.0, 100.50, 101.00, 139798]
[2321, 5.82, 5.41, 5.80, 5.74, 18]
[2323, 7.61, 7.38, 7.60, 7.40, 10183]
[2324, 22.95, 22.05, 22.50, 22.95, 137318]
[2327, 484.5, 452.0, 479.00, 460.00, 12465]
[2328, 39.25, 37.3, 38.05, 37.65, 16865]
[2329, 18.2, 17.35, 18.10, 17.60, 7426]
[2330, 469.5, 455.0, 466.50, 455.00, 139486]
[2331, 22.3, 21.1, 21.80, 21.45, 6582]
[2332, 16.6, 14.7, 14.80, 15.60, 51203]
[2337, 35.5, 34.0, 34.55, 35.00, 140765]
[2338, 91.3, 83.8, 89.40, 86.30, 25876]
[2340, 36.55, 34.15, 36.00, 34.95, 4808]
[2342, 39.5, 37.25, 38.65, 38.65, 2738]
[2344, 21.2, 19.75, 20.70, 20.10, 50246]
[2345, 257.5, 233.0, 251.50, 237.50, 9657]
[2347, 62.9, 60.5, 60.60, 61.00, 57547]
[2348, 65.9, 63.7, 65.60, 65.50, 509]
[2349, 7.95, 7.73, 7.90, 7.84, 3963]
[2351, 102.0, 95.8, 100.00, 99.50, 4943]
[2352, 27.7, 26.35, 26.70, 27.50, 48633]
[2353, 23.3, 22.7, 22.85, 23.15, 40818]
[2354, 52.5, 50.6, 52.30, 51.40, 9873]
[2355, 30.0, 28.3, 29.60, 28.95, 2786]
[2356, 26.0, 25.25, 25.40, 26.00, 118188]
[2357, 278.0, 261.5, 263.00, 271.00, 29663]
[2358, 15.45, 13.55, 14.20, 14.70, 20079]
[2359, 27.65, 25.65, 27.60, 26.25, 11787]
[2360, 187.0, 173.5, 182.00, 179.00, 4000]
[2362, 31.1, 30.5, 30.55, 30.60, 527]
[2363, 16.55, 15.65, 16.50, 15.95, 6770]
[2364, 111.5, 100.0, 108.00, 105.00, 3517]
[2365, 10.25, 9.92, 9.96, 10.10, 932]
[2367, 18.0, 17.25, 17.80, 17.50, 17955]
[2368, 95.8, 86.9, 94.50, 88.40, 18823]
[2369, 13.8, 13.05, 13.60, 13.20, 2046]
[2371, 35.05, 33.15, 35.05, 33.70, 37433]
[2373, 78.2, 77.3, 77.40, 77.60, 258]
[2374, 21.35, 20.3, 21.20, 20.70, 1738]
[2375, 59.0, 55.0, 58.80, 56.00, 1373]
[2376, 106.5, 100.0, 106.00, 106.50, 55402]
[2377, 124.5, 114.5, 121.50, 119.50, 48587]
[2379, 297.5, 284.5, 291.50, 289.00, 22675]
[2380, 12.35, 11.5, 12.30, 11.90, 3033]
[2382, 72.5, 69.3, 71.40, 71.20, 103646]
[2383, 183.5, 169.5, 182.00, 176.50, 25942]
[2385, 87.9, 84.5, 84.90, 87.20, 20649]
[2387, 41.35, 38.5, 40.75, 39.25, 1927]
[2388, 73.3, 67.9, 73.20, 69.30, 50236]
[2390, 13.55, 12.8, 13.30, 13.20, 2398]
[2392, 38.0, 36.4, 38.00, 36.85, 5094]
[2393, 38.1, 37.0, 38.00, 37.50, 1904]
[2395, 339.5, 324.0, 325.50, 333.00, 2758]
[2397, 59.5, 57.9, 58.50, 58.50, 72]
[2399, 14.25, 13.3, 13.80, 13.55, 5671]
[2401, 24.1, 22.4, 24.00, 22.85, 4303]
[2402, 18.7, 17.6, 18.65, 17.90, 11680]
[2404, 190.0, 182.0, 185.00, 182.00, 4977]
[2405, 12.3, 11.5, 12.20, 11.80, 5638]
[2406, 19.55, 18.5, 19.55, 18.80, 6012]
[2408, 54.6, 50.1, 54.20, 51.40, 36461]
[2409, 15.55, 14.65, 15.10, 15.40, 317752]
[2412, 113.0, 110.5, 110.50, 112.50, 33741]
[2413, 27.55, 25.65, 27.05, 25.85, 4877]
[2414, 30.75, 30.0, 30.20, 30.50, 293]
[2415, 22.25, 20.85, 22.25, 21.15, 381]
[2417, 23.6, 21.85, 22.80, 22.60, 2001]
[2419, 25.75, 23.7, 25.20, 24.15, 8032]
[2420, 39.95, 39.1, 39.70, 39.45, 373]
[2421, 46.85, 44.4, 46.65, 44.85, 5494]
[2423, 27.4, 26.8, 27.10, 26.95, 438]
[2424, 21.0, 19.35, 19.65, 20.70, 280]
[2425, 29.9, 27.9, 29.50, 28.60, 4655]
[2426, 17.45, 16.6, 17.30, 16.90, 973]
[2427, 12.05, 11.75, 11.90, 11.95, 500]
[2428, 125.0, 117.5, 122.00, 119.00, 1023]
[2429, 11.2, 10.5, 11.10, 10.85, 28]
[2430, 41.85, 41.3, 41.60, 41.80, 175]
[2431, 10.25, 9.98, 10.10, 10.25, 581]
[2433, 48.55, 48.0, 48.10, 48.10, 72]
[2434, 29.0, 27.6, 27.60, 28.30, 157]
[2436, 44.0, 40.5, 44.00, 42.00, 3736]
[2438, 14.45, 13.25, 13.25, 13.85, 98]
[2439, 81.1, 77.8, 80.30, 79.50, 2778]
[2440, 12.45, 11.9, 12.45, 12.05, 436]
[2441, 50.8, 46.2, 48.90, 48.20, 49618]
[2442, 13.25, 12.8, 13.25, 13.15, 2118]
[2443, 2.85, 2.76, 2.78, 2.80, 281]
[2444, 19.75, 17.75, 19.00, 18.00, 31012]
[2449, 37.55, 36.0, 37.00, 36.40, 46000]
[2450, 31.1, 30.55, 30.75, 30.85, 323]
[2451, 67.4, 65.4, 65.40, 66.80, 2271]
[2453, 25.45, 25.0, 25.25, 25.45, 325]
[2454, 668.0, 646.0, 650.00, 660.00, 26192]
[2455, 68.8, 65.0, 68.20, 67.00, 9854]
[2457, 43.3, 39.2, 39.30, 41.00, 92569]
[2458, 91.4, 85.1, 89.90, 86.10, 6302]
[2459, 52.3, 51.3, 51.70, 51.40, 162]
[2460, 17.15, 16.45, 17.00, 16.65, 590]
[2461, 18.75, 18.3, 18.55, 18.50, 885]
[2462, 29.8, 28.2, 28.35, 29.00, 3723]
[2464, 38.95, 37.95, 38.45, 38.10, 982]
[2465, 42.95, 37.55, 42.00, 38.95, 23039]
[2466, 33.7, 31.2, 31.85, 33.30, 282]
[2467, 43.95, 42.8, 43.25, 43.25, 200]
[2468, 28.65, 25.8, 26.90, 27.35, 14084]
[2471, 27.2, 26.35, 27.20, 26.85, 437]
[2472, 56.9, 54.3, 56.30, 54.40, 792]
[2474, 173.0, 165.0, 172.00, 169.00, 32673]
[2476, 48.2, 45.5, 48.15, 46.40, 2669]
[2477, 20.0, 19.45, 19.80, 19.60, 244]
[2478, 44.65, 42.65, 44.50, 43.20, 343]
[2480, 83.8, 81.5, 81.60, 82.00, 587]
[2481, 64.7, 59.1, 63.20, 60.40, 11450]
[2482, 26.5, 24.15, 26.50, 24.20, 7790]
[2483, 24.65, 23.75, 24.65, 24.20, 1201]
[2484, 37.2, 33.2, 37.00, 33.90, 8642]
[2485, 18.4, 16.9, 18.25, 17.25, 6352]
[2486, 23.1, 20.65, 22.85, 21.55, 13993]
[2488, 29.15, 28.55, 29.00, 28.95, 402]
[2489, 9.98, 9.68, 9.73, 9.93, 6228]
[2491, 12.45, 11.45, 12.20, 11.60, 868]
[2492, 81.5, 77.2, 80.70, 78.70, 8706]
[2493, 43.45, 42.8, 43.40, 43.15, 423]
[2495, 23.4, 21.4, 23.25, 21.60, 17358]
[2496, 47.9, 46.8, 47.15, 47.45, 227]
[2497, 77.5, 71.6, 77.40, 72.90, 10115]
[2498, 57.6, 53.7, 57.20, 55.00, 77207]
[2501, 15.55, 15.15, 15.40, 15.20, 4334]
[2504, 25.25, 24.6, 24.95, 25.10, 6513]
[2505, 18.65, 18.15, 18.35, 18.25, 623]
[2506, 9.4, 9.11, 9.39, 9.17, 1238]
[2509, 14.45, 14.3, 14.30, 14.35, 140]
[2511, 10.75, 10.45, 10.55, 10.60, 2340]
[2514, 17.55, 16.7, 17.55, 16.85, 949]
[2515, 8.41, 8.21, 8.32, 8.25, 7743]
[2516, 5.09, 4.95, 5.00, 4.97, 478]
[2520, 29.35, 28.25, 28.30, 28.65, 4178]
[2524, 33.8, 32.1, 32.55, 32.55, 126]
[2527, 21.35, 20.7, 20.95, 20.80, 274]
[2528, 16.1, 15.65, 15.75, 15.80, 207]
[2530, 17.75, 17.3, 17.45, 17.35, 2249]
[2534, 23.9, 22.2, 23.85, 22.85, 11485]
[2535, 30.15, 29.4, 29.50, 29.70, 1218]
[2536, 23.0, 22.2, 22.25, 22.25, 278]
[2537, 7.27, 7.08, 7.23, 7.16, 1846]
[2538, 12.15, 11.85, 11.95, 11.95, 1383]
[2539, 32.1, 31.75, 31.95, 31.95, 1564]
[2540, 74.3, 70.6, 71.20, 71.90, 1903]
[2542, 42.0, 38.7, 41.10, 40.35, 111747]
[2543, 9.04, 8.83, 8.85, 8.91, 390]
[2545, 40.75, 39.85, 40.60, 40.20, 778]
[2546, 50.5, 49.8, 50.50, 50.50, 291]
[2547, 9.19, 9.05, 9.11, 9.08, 1457]
[2548, 88.5, 87.4, 87.70, 88.00, 1075]
[2596, 17.65, 17.3, 17.50, 17.35, 198]
[2597, 127.0, 118.5, 124.00, 121.50, 1192]
[2601, 9.32, 8.8, 9.02, 8.94, 17719]
[2603, 172.0, 158.0, 164.50, 167.50, 219331]
[2605, 22.1, 19.9, 21.00, 20.65, 46044]
[2606, 51.9, 47.1, 50.00, 50.10, 113944]
[2607, 29.65, 27.7, 28.60, 29.10, 32313]
[2608, 40.25, 37.6, 37.60, 38.05, 4404]
[2609, 68.7, 63.9, 66.00, 67.30, 496193]
[2610, 19.55, 18.1, 19.20, 19.00, 210004]
[2611, 15.1, 13.25, 13.90, 14.10, 18782]
[2612, 45.7, 36.9, 39.30, 45.50, 35500]
[2613, 25.1, 21.6, 22.90, 23.00, 11630]
[2614, 23.9, 22.2, 23.05, 23.30, 21051]
[2615, 87.5, 75.8, 79.40, 86.20, 270608]
[2616, 32.3, 31.9, 32.05, 32.10, 696]
[2617, 28.45, 26.25, 27.45, 27.25, 18843]
[2618, 29.0, 27.0, 28.60, 28.10, 193967]
[2630, 17.15, 16.8, 17.00, 16.85, 243]
[2633, 29.5, 28.55, 29.50, 28.75, 18582]
[2634, 35.0, 33.0, 34.95, 34.55, 38835]
[2636, 78.6, 74.0, 77.10, 76.30, 15556]
[2637, 67.3, 61.3, 64.50, 64.80, 150375]
[2640, 87.5, 84.4, 84.60, 86.40, 223]
[2641, 20.7, 17.65, 18.25, 20.10, 79171]
[2642, 54.4, 48.8, 49.55, 52.10, 11707]
[2643, 70.1, 67.5, 69.80, 69.00, 264]
[2701, 12.1, 11.85, 12.05, 12.00, 357]
[2702, 23.05, 22.05, 22.80, 22.40, 1626]
[2704, 32.05, 31.05, 31.10, 32.00, 854]
[2705, 16.85, 16.25, 16.75, 16.45, 805]
[2706, 14.15, 13.95, 14.10, 14.00, 795]
[2707, 265.5, 250.0, 252.50, 256.00, 4982]
[2712, 33.4, 32.6, 33.20, 32.90, 35]
[2718, 33.5, 32.5, 33.50, 32.50, 8]
[2719, 41.0, 31.6, 38.00, 34.35, 301]
[2722, 34.75, 32.7, 34.75, 33.90, 180]
[2723, 142.0, 135.0, 137.50, 139.00, 2965]
[2724, NaN, NaN, NaN, NaN, 0]
[2726, 26.05, 22.3, 23.80, 22.35, 831]
[2727, 167.0, 157.5, 162.50, 158.00, 2428]
[2729, 205.0, 196.0, 202.50, 199.50, 144]
[2731, 103.0, 94.5, 103.00, 102.50, 20966]
[2732, 126.5, 118.5, 125.00, 126.00, 2109]
[2734, 29.5, 27.5, 29.50, 28.35, 998]
[2736, 21.8, 20.35, 21.80, 21.30, 2686]
[2739, 31.0, 28.65, 29.70, 29.75, 448]
[2740, 52.8, 49.4, 49.50, 49.40, 15]
[2743, 60.8, 56.1, 60.80, 58.20, 6488]
[2745, 42.5, 38.0, 42.50, 38.50, 421]
[2748, 58.8, 55.3, 57.10, 58.20, 2272]
[2752, 190.0, 180.0, 183.50, 188.00, 168]
[2753, 204.0, 190.5, 200.00, 198.00, 3207]
[2754, 136.0, 127.5, 131.00, 135.00, 1722]
[2755, 82.3, 79.0, 82.30, 81.10, 65]
[2756, 121.5, 114.5, 119.00, 117.50, 159]
[2801, 17.35, 17.15, 17.15, 17.25, 17345]
[2809, 35.35, 33.2, 35.30, 33.90, 70683]
[2812, 13.1, 12.7, 13.05, 12.80, 31664]
[2816, 16.0, 15.5, 15.50, 15.85, 197]
[2820, 14.65, 14.45, 14.45, 14.55, 1845]
[2832, 20.6, 20.35, 20.40, 20.45, 379]
[2834, 13.1, 12.85, 12.95, 12.90, 68846]
[2836, 12.65, 12.35, 12.50, 12.50, 1616]
[2838, 16.3, 15.85, 16.00, 16.10, 4069]
[2845, 11.2, 11.05, 11.10, 11.10, 16621]
[2849, 14.85, 14.55, 14.55, 14.60, 285]
[2850, 49.0, 46.65, 47.55, 48.80, 934]
[2851, 18.9, 18.1, 18.65, 18.45, 4516]
[2852, 15.85, 15.6, 15.70, 15.80, 851]
[2855, 16.1, 15.55, 15.75, 15.85, 2332]
[2867, 5.82, 5.49, 5.71, 5.51, 60260]
[2880, 22.95, 22.4, 22.40, 22.50, 36766]
[2881, 57.2, 55.2, 56.60, 56.70, 68034]
[2882, 41.5, 39.85, 40.10, 41.15, 126197]
[2883, 12.8, 12.5, 12.60, 12.70, 77692]
[2884, 24.35, 23.8, 24.05, 24.10, 73171]
[2885, 22.3, 21.65, 22.05, 21.80, 214028]
[2886, 30.85, 30.3, 30.50, 30.55, 54489]
[2887, 15.25, 14.85, 14.85, 15.20, 58146]
[2888, 8.84, 8.67, 8.77, 8.75, 92270]
[2889, 11.6, 11.2, 11.45, 11.35, 32741]
[2890, 17.55, 16.4, 16.75, 16.70, 340870]
[2891, 22.35, 21.6, 22.05, 21.90, 274635]
[2892, 26.45, 26.05, 26.05, 26.30, 43627]
[2897, 8.47, 8.29, 8.40, 8.32, 6446]
[2901, 23.8, 23.2, 23.50, 23.30, 96]
[2903, 21.65, 20.9, 21.45, 21.60, 13241]
[2904, 20.0, 19.2, 19.70, 19.75, 115]
[2905, 15.3, 14.95, 15.10, 15.05, 990]
[2906, 18.85, 16.5, 17.10, 17.60, 10936]
[2908, 19.9, 19.6, 19.80, 19.75, 453]
[2910, 31.25, 29.95, 30.65, 30.30, 90]
[2911, 7.8, 7.03, 7.80, 7.38, 3358]
[2912, 273.0, 267.0, 268.50, 268.00, 3743]
[2913, 22.4, 21.3, 22.25, 21.45, 5331]
[2915, 68.7, 63.4, 68.10, 66.70, 74325]
[2916, 24.0, 23.4, 23.60, 23.50, 163]
[2923, 21.8, 21.1, 21.20, 21.10, 18]
[2924, 33.0, 30.0, 31.80, 30.90, 40]
[2926, 61.3, 58.2, 59.50, 60.30, 143]
[2929, 18.65, 16.1, 17.00, 18.05, 50868]
[2937, 36.9, 36.0, 36.35, 36.50, 55]
[2939, 35.2, 32.0, 35.00, 33.70, 379]
[2945, 43.55, 42.2, 43.55, 42.25, 40]
[2947, NaN, NaN, NaN, NaN, 0]
[3002, 11.75, 11.25, 11.60, 11.40, 251]
[3003, 72.3, 69.3, 71.80, 70.40, 1164]
[3004, 75.4, 70.8, 71.40, 74.70, 910]
[3005, 44.95, 42.65, 43.75, 43.55, 4574]
[3006, 70.9, 63.3, 69.80, 66.20, 12473]
[3008, 2280.0, 2115.0, 2,225.00, 2,140.00, 2664]
[3010, 85.6, 83.0, 85.00, 85.60, 868]
[3011, 18.45, 16.9, 16.90, 17.55, 6429]
[3013, 21.95, 19.45, 21.70, 20.55, 44279]
[3014, 73.8, 70.3, 72.50, 71.50, 1450]
[3015, 39.15, 37.45, 38.10, 38.30, 284]
[3016, 74.7, 69.4, 73.70, 71.20, 3452]
[3017, 114.5, 108.5, 114.50, 111.00, 31138]
[3019, 63.6, 61.2, 63.00, 61.60, 2360]
[3021, 20.6, 19.7, 20.50, 20.30, 598]
[3022, 78.5, 73.1, 75.10, 74.00, 10638]
[3023, 287.0, 270.5, 286.50, 275.50, 1863]
[3024, 13.75, 13.2, 13.60, 13.30, 2353]
[3025, 21.3, 19.85, 21.30, 20.60, 3706]
[3026, 90.8, 88.2, 88.20, 89.90, 842]
[3027, 38.05, 33.6, 36.80, 36.05, 52563]
[3028, 28.6, 28.0, 28.25, 28.60, 724]
[3029, 40.6, 40.0, 40.50, 40.25, 572]
[3030, 64.9, 63.4, 64.50, 63.70, 1136]
[3031, 15.65, 15.0, 15.45, 15.05, 526]
[3032, 30.5, 29.5, 30.00, 29.55, 247]
[3033, 26.8, 26.2, 26.70, 26.50, 2754]
[3034, 312.0, 296.5, 310.00, 301.50, 44813]
[3035, 168.0, 154.0, 164.00, 159.00, 45868]
[3036, 64.5, 61.5, 62.40, 62.70, 22747]
[3037, 143.5, 118.0, 140.50, 125.00, 222934]
[3038, 21.2, 20.25, 21.20, 20.35, 4473]
[3040, 30.05, 29.3, 30.00, 29.80, 40]
[3041, 21.6, 19.9, 21.20, 21.10, 4128]
[3042, 86.3, 81.2, 85.80, 83.00, 5591]
[3043, 35.0, 25.0, 35.00, 27.00, 1249]
[3044, 99.3, 90.9, 98.50, 96.00, 16827]
[3045, 94.9, 93.6, 93.60, 94.80, 10067]
[3046, 49.6, 45.8, 49.55, 46.30, 6680]
[3047, 16.7, 15.3, 16.70, 15.60, 18572]
[3048, 27.65, 26.9, 27.60, 26.95, 1985]
[3049, 9.33, 9.1, 9.27, 9.18, 6787]
[3050, 18.2, 16.7, 18.20, 17.00, 5567]
[3051, 18.25, 17.2, 18.25, 17.75, 3079]
[3052, 10.45, 10.25, 10.40, 10.30, 524]
[3054, 20.7, 19.15, 19.50, 19.95, 136]
[3055, 25.2, 24.0, 24.95, 24.90, 200]
[3056, 30.75, 29.9, 30.60, 30.60, 2487]
[3057, 10.1, 9.95, 10.10, 10.10, 457]
[3058, 10.25, 9.86, 10.00, 9.98, 644]
[3059, 35.05, 32.95, 35.00, 33.40, 7473]
[3060, 17.05, 16.15, 17.00, 16.40, 987]
[3062, 24.4, 23.0, 23.90, 23.55, 11128]
[3064, 12.5, 11.15, 11.45, 12.50, 29]
[3066, 24.0, 22.75, 24.00, 23.00, 136]
[3067, 33.25, 31.0, 33.25, 32.35, 15]
[3071, 25.35, 24.6, 25.30, 24.75, 511]
[3073, 29.0, 26.65, 28.20, 28.15, 40]
[3078, 28.6, 27.1, 28.30, 28.35, 1668]
[3081, 123.0, 106.5, 121.50, 110.50, 9964]
[3083, 49.5, 44.05, 47.65, 46.15, 2845]
[3085, 10.55, 10.0, 10.25, 10.40, 92]
[3086, 87.1, 80.0, 83.00, 81.50, 243]
[3088, 58.9, 56.7, 58.80, 58.20, 724]
[3089, 71.2, 55.2, 55.50, 70.20, 1667]
[3090, 54.1, 52.0, 53.50, 53.00, 2033]
[3092, 35.9, 33.3, 35.85, 34.25, 1302]
[3093, 28.3, 25.8, 27.65, 27.65, 1702]
[3094, 24.85, 23.9, 24.85, 24.25, 496]
[3095, 37.2, 36.4, 36.80, 36.70, 41]
[3105, 149.0, 133.0, 145.00, 138.00, 11702]
[3114, 26.8, 25.65, 26.80, 25.70, 514]
[3115, 11.2, 10.75, 10.85, 10.90, 14]
[3118, 28.8, 26.75, 28.00, 27.75, 189]
[3122, 27.6, 25.45, 26.60, 26.00, 1243]
[3128, 46.95, 43.3, 45.80, 44.15, 15209]
[3130, 216.0, 206.0, 207.00, 207.00, 65]
[3131, 233.0, 217.0, 230.00, 225.00, 311]
[3138, 138.0, 130.0, 136.50, 131.50, 1551]
[3141, 86.7, 77.5, 86.20, 79.90, 5320]
[3147, 52.2, 50.2, 52.00, 50.70, 389]
[3149, 20.25, 18.8, 19.95, 19.05, 3364]
[3152, 187.5, 177.0, 184.00, 179.50, 267]
[3162, 55.0, 46.1, 54.00, 49.00, 49128]
[3163, 54.1, 49.55, 54.00, 50.50, 6137]
[3164, 26.2, 23.8, 24.75, 25.10, 3479]
[3167, 42.4, 39.8, 42.05, 40.60, 335]
[3169, 109.0, 101.0, 109.00, 105.50, 2060]
[3171, 16.2, 15.7, 15.80, 16.00, 53]
[3176, 36.8, 34.3, 36.05, 35.50, 846]
[3178, 67.5, 61.2, 67.50, 62.40, 440]
[3188, 12.8, 12.4, 12.75, 12.55, 1225]
[3189, 114.0, 103.5, 112.50, 107.00, 86167]
[3191, 7.2, 6.56, 7.15, 6.90, 523]
[3202, 14.8, 14.0, 14.65, 14.40, 707]
[3205, 47.15, 41.8, 45.75, 43.40, 2602]
[3206, 30.25, 29.4, 29.60, 29.80, 752]
[3207, 51.9, 49.35, 50.70, 49.55, 5312]
[3209, 36.2, 35.05, 36.20, 35.50, 1901]
[3211, 75.0, 72.5, 74.50, 73.10, 554]
[3213, 44.15, 43.4, 43.80, 43.80, 37]
[3217, 82.5, 78.5, 81.30, 80.70, 765]
[3218, 296.0, 275.0, 289.50, 290.00, 2285]
[3219, 49.6, 44.9, 49.60, 46.75, 101]
[3221, 26.55, 24.9, 26.55, 25.55, 2240]
[3224, 42.9, 40.7, 42.90, 40.95, 682]
[3226, NaN, NaN, NaN, NaN, 0]
[3227, 103.0, 93.8, 97.80, 94.60, 2790]
[3228, 199.5, 184.0, 195.00, 187.00, 848]
[3229, 19.9, 19.45, 19.75, 19.50, 116]
[3230, 13.8, 12.9, 13.60, 13.15, 651]
[3231, 30.6, 29.4, 29.80, 29.90, 145542]
[3232, 31.8, 29.1, 30.50, 31.55, 1007]
[3234, 24.5, 22.2, 24.50, 22.55, 1330]
[3236, 27.6, 24.2, 26.20, 24.60, 27953]
[3252, 19.05, 17.7, 18.35, 18.55, 1520]
[3257, 44.5, 41.35, 43.10, 43.65, 163]
[3259, 18.1, 17.0, 17.65, 17.00, 91]
[3260, 59.8, 56.0, 59.70, 57.60, 6051]
[3264, 51.2, 48.1, 50.60, 49.85, 11408]
[3265, 48.4, 45.0, 48.00, 46.95, 6033]
[3266, 12.05, 11.8, 12.00, 11.90, 198]
[3268, 23.75, 22.4, 23.60, 22.40, 239]
[3272, 47.8, 42.9, 45.70, 47.45, 4277]
[3276, 12.65, 12.1, 12.25, 12.30, 419]
[3284, 14.2, 13.4, 13.90, 14.10, 260]
[3285, 19.5, 18.55, 18.60, 19.00, 67]
[3287, 14.2, 13.4, 13.90, 13.65, 459]
[3288, 24.15, 21.55, 23.55, 23.30, 97]
[3289, 81.5, 73.4, 79.30, 77.80, 17735]
[3290, 23.1, 21.85, 22.90, 22.25, 2921]
[3293, 439.0, 400.0, 402.00, 425.50, 18623]
[3294, 17.7, 16.95, 17.65, 17.30, 897]
[3296, 16.25, 15.35, 15.85, 16.25, 1273]
[3297, 19.7, 17.6, 19.50, 18.05, 1536]
[3303, 25.6, 24.75, 25.60, 24.95, 564]
[3305, 40.5, 38.5, 40.00, 40.05, 1631]
[3306, 23.6, 22.45, 23.60, 22.90, 350]
[3308, 14.85, 14.0, 14.50, 14.70, 189]
[3310, 42.2, 40.6, 41.40, 41.90, 293]
[3311, 33.55, 32.7, 33.05, 32.80, 86]
[3312, 17.9, 17.45, 17.90, 17.65, 654]
[3313, 10.05, 9.85, 9.93, 9.95, 138]
[3317, 57.5, 53.2, 57.00, 54.90, 1447]
[3321, 8.5, 8.27, 8.30, 8.38, 311]
[3322, 20.0, 18.4, 19.60, 18.95, 1638]
[3323, 34.25, 33.3, 34.25, 33.55, 463]
[3324, 158.5, 147.0, 158.00, 151.00, 5471]
[3325, 12.8, 12.25, 12.80, 12.50, 277]
[3332, 41.85, 40.3, 41.00, 41.40, 53]
[3338, 33.5, 30.8, 33.45, 31.55, 697]
[3339, 12.9, 12.45, 12.50, 12.85, 441]
[3346, 39.15, 36.4, 38.15, 38.00, 7044]
[3349, 13.6, 12.8, 12.90, 13.30, 28]
[3354, 14.15, 13.5, 14.10, 13.75, 475]
[3356, 42.9, 40.1, 42.10, 41.00, 12841]
[3357, 83.4, 80.0, 82.30, 80.10, 149]
[3360, 13.6, 13.2, 13.50, 13.40, 326]
[3362, 80.5, 69.5, 80.50, 71.10, 13762]
[3363, 23.35, 22.55, 23.00, 22.65, 655]
[3372, 11.55, 11.15, 11.55, 11.30, 983]
[3373, 32.05, 25.8, 26.00, 29.75, 8662]
[3374, 106.0, 98.1, 102.00, 99.50, 6116]
[3376, 81.7, 80.1, 80.90, 80.70, 916]
[3379, 12.0, 11.65, 11.95, 11.80, 189]
[3380, 30.1, 28.15, 30.10, 28.55, 4509]
[3388, 74.3, 72.1, 72.50, 72.90, 106]
[3390, 18.3, 17.55, 18.25, 18.00, 869]
[3402, 45.25, 44.0, 45.00, 44.50, 432]
[3406, 378.0, 342.5, 342.50, 364.00, 11804]
[3413, 191.0, 182.0, 188.00, 183.50, 2052]
[3416, 83.8, 82.0, 83.30, 83.00, 177]
[3419, 20.1, 18.15, 19.75, 18.60, 8576]
[3426, 39.25, 38.0, 39.25, 38.00, 8]
[3430, 46.0, 42.9, 45.45, 43.55, 650]
[3432, 19.6, 18.15, 19.55, 18.75, 1301]
[3434, 26.2, 24.5, 26.00, 25.00, 570]
[3437, 17.6, 17.05, 17.50, 17.50, 564]
[3438, 55.4, 50.0, 51.30, 53.40, 1772]
[3441, 41.3, 39.1, 40.20, 40.65, 3745]
[3443, 822.0, 708.0, 772.00, 726.00, 35861]
[3444, 71.5, 64.5, 71.00, 65.30, 5502]
[3447, 44.0, 39.55, 44.00, 40.75, 6358]
[3450, 38.6, 36.65, 38.20, 37.35, 712]
[3454, 218.5, 188.0, 214.00, 207.50, 45525]
[3455, 84.5, 79.3, 84.50, 80.30, 2201]
[3465, 82.2, 78.7, 80.60, 80.40, 32]
[3466, 32.8, 27.55, 30.35, 31.75, 7883]
[3479, 75.1, 66.9, 69.90, 75.10, 11785]
[3481, 11.4, 10.7, 11.35, 11.10, 238392]
[3483, 56.1, 52.7, 56.10, 54.30, 721]
[3484, 45.45, 42.9, 45.45, 43.00, 449]
[3489, 10.4, 10.05, 10.30, 10.20, 83]
[3490, 26.05, 24.2, 25.85, 24.50, 612]
[3491, 141.0, 133.0, 135.50, 136.50, 5496]
[3492, 20.6, 18.75, 19.55, 18.75, 1367]
[3494, 13.0, 10.85, 11.80, 11.10, 12482]
[3498, 37.85, 35.45, 35.70, 36.30, 1025]
[3499, 20.2, 17.85, 19.85, 18.40, 2144]
[3501, 51.4, 49.5, 51.40, 49.85, 926]
[3504, 80.2, 75.3, 79.90, 77.80, 4695]
[3508, 38.8, 35.1, 38.00, 35.70, 5525]
[3511, 35.25, 32.8, 35.25, 33.70, 1304]
[3512, 29.3, 28.55, 28.75, 29.00, 112]
[3515, 146.5, 132.0, 146.50, 140.50, 15289]
[3516, 15.65, 14.8, 15.20, 15.65, 490]
[3518, 20.25, 19.45, 20.25, 20.00, 823]
[3520, 21.1, 19.1, 20.30, 19.45, 4372]
[3521, 24.35, 20.6, 22.65, 23.55, 5584]
[3522, 10.15, 9.94, 10.10, 10.05, 66]
[3523, 18.95, 18.4, 18.90, 18.75, 24]
[3526, 122.0, 115.5, 120.50, 117.50, 522]
[3527, 107.0, 98.5, 105.00, 100.00, 791]
[3528, 51.0, 49.8, 50.50, 50.00, 61]
[3529, 1490.0, 1305.0, 1,460.00, 1,350.00, 3877]
[3530, 77.5, 71.7, 77.00, 71.80, 320]
[3531, 26.9, 26.0, 26.55, 26.40, 155]
[3532, 152.5, 140.5, 149.50, 142.00, 5335]
[3533, 895.0, 799.0, 895.00, 829.00, 3102]
[3535, 22.65, 21.1, 22.50, 21.80, 4835]
[3536, 4.81, 3.7, 3.95, 4.75, 457]
[3537, 35.8, 34.4, 35.15, 34.85, 175]
[3540, 29.25, 26.4, 28.55, 27.00, 872]
[3541, 54.4, 51.9, 53.20, 52.60, 350]
[3543, 20.05, 19.5, 19.95, 19.70, 171]
[3545, 60.2, 56.4, 60.10, 59.40, 12235]
[3546, 78.0, 73.7, 77.40, 76.10, 1059]
[3548, 59.4, 56.5, 59.40, 56.80, 499]
[3550, 14.05, 13.5, 13.90, 13.90, 175]
[3551, 58.2, 57.2, 58.00, 58.00, 147]
[3552, 153.0, 134.0, 153.00, 141.50, 5478]
[3555, 28.75, 25.7, 27.80, 27.45, 26]
[3556, 56.8, 55.1, 55.80, 55.50, 258]
[3557, 49.65, 48.5, 48.80, 48.90, 153]
[3558, 221.0, 201.0, 210.00, 206.00, 15079]
[3563, 138.5, 128.5, 138.00, 130.00, 301]
[3564, 30.9, 29.55, 30.50, 30.15, 385]
[3567, 25.25, 24.4, 25.25, 24.95, 224]
[3570, 89.8, 87.0, 89.80, 88.40, 38]
[3576, 21.0, 20.15, 20.70, 20.40, 27416]
[3577, 93.0, 81.0, 87.50, 90.00, 1326]
[3580, 67.4, 61.0, 65.90, 62.10, 2543]
[3581, 22.7, 21.5, 22.65, 22.05, 82]
[3583, 74.6, 70.5, 74.60, 72.60, 1087]
[3587, 167.5, 155.5, 161.50, 165.00, 7365]
[3588, 58.3, 53.1, 58.30, 53.80, 2036]
[3591, 16.6, 15.5, 16.60, 15.70, 927]
[3592, 318.5, 295.0, 316.00, 307.50, 3138]
[3593, 13.65, 12.95, 13.60, 13.45, 46]
[3594, 28.55, 26.35, 27.80, 27.95, 5434]
[3596, 102.0, 96.0, 100.50, 98.30, 3283]
[3597, 23.75, 23.05, 23.45, 23.20, 123]
[3605, 33.3, 31.85, 32.75, 32.00, 917]
[3607, 12.25, 11.8, 12.00, 11.90, 547]
[3609, 53.8, 48.55, 48.60, 52.10, 378]
[3611, 193.0, 190.0, 193.00, 191.00, 75]
[3615, 16.95, 16.45, 16.80, 16.85, 155]
[3617, 101.5, 96.1, 101.00, 96.30, 1538]
[3622, 28.4, 27.1, 28.20, 27.50, 267]
[3623, 16.1, 15.2, 15.90, 15.45, 239]
[3624, 41.55, 39.0, 41.50, 40.35, 3300]
[3625, 13.2, 12.65, 13.00, 12.85, 613]
[3628, 46.65, 43.0, 45.95, 43.40, 1307]
[3629, 41.35, 38.25, 41.35, 40.60, 11]
[3630, 29.5, 28.2, 29.10, 28.50, 1196]
[3631, 42.45, 39.65, 41.90, 40.00, 138]
[3632, 11.1, 10.15, 10.50, 10.40, 99]
[3645, 34.3, 32.4, 33.90, 32.55, 937]
[3646, 23.4, 22.85, 23.25, 23.10, 183]
[3652, 24.0, 22.3, 23.00, 22.90, 557]
[3653, 401.5, 357.0, 398.00, 369.50, 5681]
[3661, 898.0, 791.0, 870.00, 803.00, 20667]
[3663, 29.7, 28.3, 29.15, 28.65, 178]
[3664, 12.15, 11.5, 12.05, 11.75, 459]
[3665, 257.0, 241.5, 256.00, 251.00, 13701]
[3666, 19.45, 18.25, 19.15, 18.65, 289]
[3669, 48.35, 43.6, 47.20, 47.80, 1780]
[3672, 31.65, 28.1, 29.85, 28.60, 322]
[3673, 30.45, 29.35, 30.25, 29.70, 2666]
[3675, 178.0, 160.0, 173.50, 168.00, 5702]
[3679, 92.6, 89.5, 92.10, 91.00, 2410]
[3680, 265.0, 246.0, 255.50, 254.50, 3248]
[3682, 6.01, 5.85, 5.96, 5.94, 8374]
[3684, 58.1, 55.1, 58.10, 56.40, 90]
[3685, 20.0, 19.0, 20.00, 19.50, 572]
[3686, 17.5, 15.6, 17.25, 16.20, 7679]
[3687, 92.2, 85.2, 90.70, 91.00, 3545]
[3689, 34.0, 32.05, 34.00, 33.10, 1081]
[3691, 108.5, 99.3, 107.00, 101.50, 1702]
[3693, 123.0, 111.0, 116.50, 114.00, 3536]
[3694, 19.9, 19.1, 19.80, 19.60, 499]
[3701, 40.2, 37.5, 39.80, 38.25, 1288]
[3702, 48.75, 46.65, 47.75, 47.80, 62842]
[3703, 28.3, 27.6, 28.15, 28.15, 4147]
[3704, 35.3, 32.75, 34.45, 33.85, 34145]
[3705, 46.9, 43.0, 44.80, 45.40, 26266]
[3706, 30.4, 29.35, 29.45, 29.70, 22825]
[3707, 92.5, 85.0, 92.20, 86.90, 16346]
[3708, 97.9, 91.3, 95.90, 94.60, 6405]
[3709, 23.0, 22.15, 22.30, 23.00, 32]
[3710, 11.75, 10.7, 11.65, 11.25, 8913]
[3711, 97.3, 93.3, 95.10, 93.80, 104773]
[3712, 28.65, 27.2, 27.85, 27.45, 1946]
[3713, 33.25, 28.15, 33.25, 29.30, 1737]
[3714, 48.95, 45.9, 48.30, 46.60, 12460]
[3715, 17.25, 16.2, 17.25, 16.55, 3914]
[4102, 40.75, 36.6, 37.95, 39.75, 70337]
[4104, 69.4, 65.8, 66.40, 67.20, 2342]
[4105, 84.4, 81.0, 81.10, 82.80, 11127]
[4106, 32.95, 29.1, 31.05, 31.10, 25210]
[4107, 118.0, 110.0, 117.00, 112.00, 1470]
[4108, 20.35, 18.9, 19.85, 19.05, 1171]
[4109, 15.6, 14.45, 14.95, 14.70, 1245]
[4111, 29.4, 26.15, 27.20, 27.55, 20922]
[4113, 12.05, 11.6, 11.80, 11.85, 972]
[4114, 55.0, 48.8, 52.20, 51.60, 250088]
[4116, 71.5, 64.2, 66.40, 66.40, 12640]
[4119, 97.9, 92.7, 95.20, 95.30, 2024]
[4120, 38.35, 36.7, 36.90, 37.30, 408]
[4121, 26.2, 23.35, 23.80, 24.50, 47696]
[4123, 49.3, 45.35, 47.95, 46.35, 7658]
[4126, 78.5, 73.0, 74.40, 76.00, 2679]
[4127, 16.25, 14.7, 15.20, 15.00, 3153]
[4128, 68.3, 61.0, 62.30, 66.80, 49241]
[4129, 53.2, 46.8, 51.00, 50.60, 18892]
[4130, 41.85, 34.65, 38.50, 36.30, 122570]
[4131, 20.4, 18.7, 20.00, 20.00, 26]
[4133, 41.85, 37.6, 39.05, 40.00, 9429]
[4137, 218.0, 192.0, 192.00, 206.00, 11565]
[4138, 64.0, 61.1, 62.10, 62.20, 233]
[4139, 45.0, 41.3, 44.60, 41.30, 284]
[4142, 38.3, 35.45, 35.85, 36.45, 13625]
[4147, 72.4, 67.7, 71.50, 70.70, 6507]
[4148, 57.1, 53.5, 57.10, 54.70, 729]
[4153, 36.5, 31.0, 32.15, 35.50, 1796]
[4154, 41.3, 39.3, 39.50, 40.00, 10]
[4155, 29.45, 26.55, 27.20, 28.55, 30727]
[4157, 17.95, 15.7, 17.10, 16.15, 23275]
[4160, 28.15, 26.5, 27.40, 26.85, 334]
[4161, 32.7, 28.0, 31.45, 28.10, 2828]
[4162, 123.5, 114.5, 117.50, 118.50, 38878]
[4163, 119.0, 101.5, 105.00, 109.00, 9666]
[4164, 45.3, 43.5, 44.60, 44.20, 1632]
[4167, 29.0, 24.25, 27.00, 26.55, 365669]
[4168, 34.9, 31.1, 34.00, 32.05, 12480]
[4171, 59.5, 53.6, 55.60, 56.10, 3500]
[4173, 20.45, 18.4, 19.25, 18.80, 5224]
[4174, 75.3, 70.7, 73.10, 71.00, 1585]
[4175, 81.6, 74.0, 80.90, 75.40, 1452]
[4183, 19.4, 18.6, 19.00, 19.05, 80]
[4188, 17.55, 16.15, 16.40, 16.55, 871]
[4190, 82.8, 77.2, 80.40, 78.90, 1727]
[4192, 26.95, 25.0, 26.90, 25.85, 170]
[4198, 27.5, 26.0, 26.80, 26.25, 20]
[4205, 103.0, 101.5, 102.50, 102.00, 29]
[4207, 13.3, 12.85, 13.00, 13.10, 395]
[4303, 16.1, 15.4, 15.95, 15.50, 387]
[4304, 10.0, 9.29, 10.00, 9.51, 296]
[4305, 30.2, 29.7, 30.05, 29.95, 30]
[4306, 14.6, 14.2, 14.55, 14.40, 2348]
[4401, 27.0, 26.25, 26.70, 26.55, 125]
[4402, 10.65, 9.81, 10.20, 9.95, 1224]
[4406, 10.55, 10.15, 10.55, 10.15, 105]
[4413, 16.65, 15.9, 16.60, 16.10, 150]
[4416, 78.9, 77.8, 78.10, 78.00, 21]
[4417, 39.05, 38.05, 38.80, 38.45, 540]
[4419, 10.35, 10.35, 10.35, 10.35, 4]
[4420, 30.3, 29.3, 30.30, 30.30, 23]
[4426, 27.7, 25.55, 25.55, 27.10, 4302]
[4430, 22.65, 21.7, 22.65, 21.70, 28]
[4432, 28.4, 25.1, 28.40, 27.60, 3261]
[4433, 31.4, 29.8, 31.00, 30.40, 106]
[4438, 121.0, 117.0, 119.50, 119.50, 707]
[4439, 102.0, 99.6, 100.50, 100.50, 56]
[4440, 32.85, 32.0, 32.70, 32.20, 260]
[4502, 37.05, 36.65, 37.00, 37.00, 24]
[4503, 39.1, 35.3, 35.30, 38.40, 3534]
[4506, 71.3, 68.5, 69.80, 69.70, 143]
[4510, 10.4, 10.1, 10.40, 10.20, 285]
[4513, 22.5, 20.05, 21.60, 21.60, 1464]
[4523, 42.3, 35.7, 40.60, 39.80, 953]
[4526, 14.65, 14.2, 14.50, 14.40, 459]
[4527, 29.4, 28.05, 29.10, 28.70, 93]
[4528, 32.4, 31.3, 31.95, 31.45, 71]
[4529, 9.33, 9.0, 9.10, 9.00, 199]
[4530, 6.6, 6.3, 6.40, 6.50, 75]
[4532, 16.45, 16.05, 16.35, 16.20, 1288]
[4533, 10.7, 10.5, 10.70, 10.55, 598]
[4534, 9.84, 9.02, 9.34, 9.12, 549]
[4535, 38.8, 37.6, 37.60, 38.50, 17]
[4536, 196.0, 186.5, 193.00, 189.00, 3202]
[4538, 19.25, 18.3, 19.00, 18.45, 61]
[4540, 37.5, 35.9, 37.50, 36.40, 289]
[4541, 30.25, 27.65, 30.20, 28.45, 2103]
[4542, 26.1, 24.1, 24.10, 24.50, 15]
[4543, 24.7, 22.9, 23.75, 23.10, 1438]
[4545, 31.35, 29.0, 29.95, 29.60, 369]
[4549, 84.8, 83.7, 84.30, 84.80, 56]
[4550, 23.8, 23.2, 23.60, 23.20, 62]
[4551, 151.5, 143.0, 150.50, 146.00, 2629]
[4552, 30.25, 29.55, 29.80, 29.70, 325]
[4554, 25.1, 23.9, 24.45, 24.50, 140]
[4555, 49.95, 48.9, 49.65, 49.40, 37]
[4556, 30.3, 29.6, 30.00, 30.30, 8]
[4557, 102.0, 98.4, 100.50, 101.00, 372]
[4558, 25.2, 23.3, 23.70, 24.15, 120]
[4560, 38.65, 37.9, 38.45, 38.35, 143]
[4561, 21.85, 21.4, 21.70, 21.50, 132]
[4562, 15.7, 14.9, 15.35, 15.30, 288]
[4563, 37.0, 34.8, 35.10, 36.00, 154]
[4564, 25.1, 23.2, 23.75, 23.85, 4012]
[4566, 54.8, 50.1, 54.50, 51.40, 2577]
[4568, 59.7, 57.8, 59.00, 58.90, 17]
[4571, 74.7, 72.3, 74.10, 73.80, 53]
[4572, 125.0, 112.0, 116.00, 122.50, 2358]
[4576, 71.0, 67.6, 69.80, 70.00, 181]
[4577, 31.7, 29.45, 31.70, 31.15, 238]
[4580, 81.3, 80.4, 81.00, 80.80, 158]
[4581, 35.7, 34.5, 35.55, 35.55, 13]
[4583, 188.0, 184.0, 188.00, 184.00, 49]
[4584, 45.65, 44.15, 45.65, 44.30, 79]
[4609, 8.05, 8.05, 8.05, 8.05, 1]
[4702, 12.65, 12.1, 12.65, 12.55, 580]
[4706, 17.0, 16.65, 16.65, 17.00, 24]
[4707, 12.0, 11.75, 11.95, 11.85, 1039]
[4711, 15.05, 14.7, 15.00, 15.05, 82]
[4712, 4.85, 4.71, 4.85, 4.80, 30]
[4714, 11.0, 10.4, 11.00, 10.50, 477]
[4716, 13.15, 12.45, 12.50, 12.75, 598]
[4720, 14.4, 13.8, 14.40, 14.05, 888]
[4721, 110.0, 99.0, 101.00, 102.50, 7119]
[4722, 34.2, 33.5, 33.90, 34.10, 276]
[4726, 39.75, 37.05, 39.35, 38.20, 3737]
[4728, 142.0, 130.0, 141.50, 136.00, 239]
[4729, 15.8, 15.0, 15.80, 15.10, 267]
[4735, 41.45, 37.05, 37.05, 39.85, 2404]
[4736, 193.0, 173.0, 182.00, 186.00, 10996]
[4737, 77.9, 75.6, 76.50, 77.70, 137]
[4739, 106.5, 94.0, 100.50, 94.90, 8634]
[4741, 25.7, 24.6, 25.30, 25.20, 30]
[4743, 264.5, 236.0, 241.00, 259.50, 44815]
[4744, 27.6, 25.55, 27.25, 26.75, 847]
[4745, 26.25, 24.8, 25.90, 25.15, 167]
[4746, 81.6, 71.0, 77.90, 73.10, 129115]
[4747, 55.2, 44.1, 46.75, 55.20, 25698]
[4754, 35.0, 34.4, 34.50, 34.65, 24]
[4755, 128.5, 116.0, 128.50, 119.00, 2592]
[4760, 48.9, 46.55, 48.90, 47.20, 91]
[4763, 189.5, 168.0, 171.50, 172.00, 18502]
[4764, 50.3, 49.0, 49.40, 50.30, 6242]
[4766, 135.5, 132.5, 134.50, 134.00, 223]
[4767, 27.15, 26.6, 26.80, 26.60, 9]
[4768, 168.0, 151.5, 168.00, 157.50, 2639]
[4770, 327.0, 285.5, 306.00, 300.50, 5850]
[4804, 12.15, 11.05, 12.00, 11.45, 1631]
[4806, 6.3, 5.92, 6.30, 6.29, 13]
[4807, 20.9, 19.5, 20.90, 20.20, 85]
[4903, 10.05, 8.99, 9.82, 10.00, 719]
[4904, 66.6, 65.3, 66.00, 65.70, 17097]
[4905, 51.0, 50.5, 50.50, 51.00, 9]
[4906, 27.5, 26.65, 27.35, 27.35, 5281]
[4907, 28.15, 26.1, 28.15, 26.30, 264]
[4908, 32.35, 30.1, 32.10, 30.95, 936]
[4909, 16.9, 15.4, 16.25, 16.50, 641]
[4911, 50.1, 48.0, 50.00, 49.40, 134]
[4912, 83.6, 79.2, 82.70, 79.80, 194]
[4915, 57.8, 54.2, 57.40, 55.10, 19181]
[4916, 27.75, 25.85, 27.30, 26.45, 3266]
[4919, 125.5, 115.5, 119.50, 117.00, 34135]
[4923, 51.2, 49.5, 50.80, 49.90, 220]
[4924, 16.0, 13.85, 15.65, 14.55, 2339]
[4927, 57.3, 53.6, 57.10, 54.50, 3544]
[4930, 27.35, 26.3, 27.00, 26.60, 286]
[4931, 54.1, 45.6, 52.80, 47.20, 29940]
[4933, 31.95, 31.4, 31.40, 31.80, 99]
[4934, 27.85, 26.05, 27.80, 27.50, 3223]
[4935, 58.1, 56.0, 57.40, 56.30, 347]
[4938, 64.7, 62.4, 63.00, 64.20, 76037]
[4939, 15.9, 14.95, 15.90, 15.10, 357]
[4942, 36.3, 35.25, 36.00, 35.75, 273]
[4943, 10.65, 7.13, 7.46, 10.60, 2324]
[4944, 12.25, 11.35, 12.10, 11.35, 49]
[4945, 48.95, 43.65, 48.20, 46.75, 195]
[4946, 54.0, 49.95, 52.60, 51.80, 433]
[4950, 24.2, 22.0, 23.50, 22.50, 5767]
[4951, 52.9, 49.2, 50.80, 49.60, 286]
[4952, 50.2, 46.65, 47.00, 47.85, 1954]
[4953, 85.3, 80.8, 84.10, 81.70, 969]
[4956, 15.2, 14.0, 14.80, 14.40, 734]
[4958, 115.0, 107.0, 113.00, 108.00, 47267]
[4960, 9.97, 9.57, 9.96, 9.74, 5440]
[4961, 123.0, 113.0, 122.00, 117.00, 9309]
[4966, 862.0, 790.0, 862.00, 825.00, 3742]
[4967, 31.15, 29.75, 31.15, 30.15, 749]
[4968, 119.0, 107.5, 116.00, 113.50, 6396]
[4971, 55.2, 52.5, 54.60, 53.60, 257]
[4972, 29.9, 29.3, 29.60, 29.50, 89]
[4973, 23.65, 21.8, 23.65, 21.80, 1787]
[4974, 58.0, 56.5, 57.80, 57.50, 755]
[4976, 38.95, 37.0, 38.50, 38.20, 1039]
[4977, 106.5, 96.1, 105.00, 97.50, 13146]
[4979, 51.2, 41.2, 50.10, 41.60, 37650]
[4987, 58.0, 56.4, 57.00, 57.70, 73]
[4989, 26.2, 24.5, 26.20, 24.85, 655]
[4991, 39.2, 38.05, 39.20, 38.30, 115]
[4994, 42.3, 40.1, 40.50, 40.40, 442]
[4995, 38.2, 37.1, 37.50, 38.00, 93]
[4999, 37.5, 36.45, 37.50, 36.75, 158]
[5007, 51.2, 50.4, 50.40, 50.80, 87]
[5009, 38.1, 34.8, 36.20, 37.50, 94398]
[5011, 25.8, 24.0, 25.30, 25.35, 2397]
[5013, 36.8, 35.9, 35.90, 36.10, 36]
[5014, 19.45, 16.2, 17.25, 18.95, 56027]
[5015, 61.8, 56.1, 59.50, 58.80, 7266]
[5016, 29.1, 28.65, 28.90, 28.90, 38]
[5201, 29.0, 27.4, 27.85, 27.60, 123]
[5202, 15.0, 14.7, 14.95, 15.00, 57]
[5203, 84.4, 82.3, 84.40, 83.00, 461]
[5205, 47.55, 41.6, 47.55, 46.95, 18]
[5206, 16.55, 15.9, 16.30, 16.25, 608]
[5209, 78.5, 76.5, 76.50, 78.30, 108]
[5210, 15.2, 14.3, 14.90, 14.95, 637]
[5211, 19.9, 18.8, 19.90, 18.90, 373]
[5212, 39.5, 36.75, 38.00, 37.30, 245]
[5213, 22.45, 21.8, 22.10, 22.10, 354]
[5215, 46.5, 44.0, 46.50, 44.85, 627]
[5220, 28.75, 28.1, 28.50, 28.20, 134]
[5222, 142.0, 133.0, 137.00, 134.50, 1010]
[5223, 40.3, 38.8, 39.80, 39.15, 55]
[5225, 38.0, 35.6, 37.00, 37.85, 4979]
[5227, 69.5, 65.0, 68.20, 66.10, 1813]
[5228, 21.6, 20.6, 21.30, 20.80, 404]
[5230, 23.7, 22.7, 23.50, 22.80, 166]
[5234, 71.1, 65.8, 70.90, 67.20, 492]
[5236, 69.1, 66.5, 69.00, 67.60, 361]
[5243, 61.0, 58.1, 59.60, 59.30, 5413]
[5244, 27.75, 26.2, 26.60, 27.35, 1626]
[5245, 55.2, 51.6, 55.20, 51.80, 625]
[5251, 27.5, 24.35, 27.10, 25.35, 2692]
[5258, 66.9, 63.1, 66.60, 65.20, 12839]
[5263, 133.0, 123.0, 125.00, 123.50, 5394]
[5269, 725.0, 679.0, 717.00, 717.00, 3552]
[5272, 29.4, 26.5, 27.50, 27.55, 5649]
[5274, 2000.0, 1765.0, 2,000.00, 1,830.00, 1806]
[5276, 14.1, 13.8, 14.10, 13.85, 3]
[5278, 183.0, 177.5, 180.00, 182.00, 55]
[5281, 17.4, 16.3, 17.30, 16.30, 51]
[5283, 104.5, 102.5, 103.00, 104.50, 234]
[5284, 73.3, 64.5, 68.20, 68.80, 18677]
[5285, 64.0, 60.2, 63.00, 61.20, 696]
[5287, 191.5, 186.5, 186.50, 190.50, 143]
[5288, 162.0, 154.0, 161.00, 156.00, 963]
[5289, 189.5, 180.5, 185.00, 181.50, 785]
[5291, 33.7, 31.65, 33.30, 32.10, 506]
[5299, 117.5, 109.5, 116.00, 113.00, 600]
[5301, 11.8, 11.0, 11.70, 11.40, 83]
[5302, 8.8, 8.35, 8.65, 8.50, 209]
[5306, 142.0, 137.0, 141.00, 140.00, 1232]
[5309, 41.4, 39.45, 40.70, 39.50, 6177]
[5310, 28.7, 26.05, 26.05, 28.40, 11]
[5312, 57.6, 57.3, 57.40, 57.50, 103]
[5314, 18.85, 14.3, 14.75, 18.00, 84]
[5315, 18.55, 17.7, 18.55, 18.20, 1128]
[5321, 66.1, 62.0, 64.50, 63.10, 541]
[5324, 8.48, 8.37, 8.46, 8.43, 53]
[5328, 10.3, 10.0, 10.30, 10.15, 600]
[5340, 25.85, 25.2, 25.85, 25.25, 93]
[5344, 20.25, 18.0, 18.80, 18.35, 734]
[5345, 7.0, 6.03, 6.20, 6.20, 241]
[5347, 86.3, 81.0, 81.40, 81.50, 32691]
[5348, 9.16, 8.36, 8.57, 8.41, 35]
[5351, 40.95, 38.15, 40.00, 40.70, 19649]
[5353, 29.3, 27.0, 29.20, 28.30, 3208]
[5355, 6.41, 6.13, 6.30, 6.25, 390]
[5356, 20.8, 20.0, 20.35, 20.55, 312]
[5364, 24.15, 22.1, 24.05, 23.00, 54]
[5371, 56.2, 52.4, 54.50, 55.00, 11201]
[5381, 6.2, 5.9, 6.20, 6.02, 152]
[5383, 27.5, 25.8, 26.80, 25.80, 44]
[5386, 38.9, 35.2, 37.00, 36.15, 2484]
[5388, 80.9, 76.0, 80.80, 77.40, 13028]
[5392, 21.45, 20.1, 20.80, 20.70, 899]
[5398, 17.25, 16.5, 17.15, 16.75, 257]
[5403, 67.8, 67.1, 67.60, 67.50, 218]
[5410, 33.8, 32.2, 33.25, 33.60, 2798]
[5425, 79.0, 73.7, 78.60, 75.30, 28207]
[5426, 14.4, 13.65, 14.30, 13.80, 1702]
[5432, 30.35, 27.7, 28.50, 28.05, 60]
[5434, 169.0, 161.5, 162.00, 167.50, 1812]
[5438, 16.8, 16.4, 16.80, 16.75, 35]
[5439, 48.15, 46.5, 47.75, 46.85, 437]
[5443, 29.75, 28.0, 29.05, 28.65, 2221]
[5450, 18.15, 17.3, 17.50, 18.00, 258]
[5452, 14.9, 13.9, 14.90, 14.55, 566]
[5455, 27.45, 26.65, 27.45, 26.85, 5]
[5457, 52.3, 48.6, 51.20, 49.50, 3132]
[5460, 11.15, 10.8, 10.90, 10.80, 256]
[5464, 27.1, 25.75, 26.50, 25.95, 865]
[5465, 20.9, 19.05, 20.40, 19.75, 1181]
[5468, 18.5, 16.6, 18.50, 17.00, 310]
[5469, 32.6, 31.3, 32.55, 31.65, 3790]
[5471, 59.9, 48.5, 48.65, 51.10, 25792]
[5474, 73.5, 71.8, 73.10, 72.60, 70]
[5475, 11.25, 10.15, 11.20, 10.30, 1322]
[5478, 80.0, 76.5, 78.60, 78.30, 766]
[5481, 12.45, 12.0, 12.45, 12.35, 123]
[5483, 154.5, 140.5, 152.00, 143.50, 23010]
[5484, 13.75, 13.3, 13.70, 13.55, 57]
[5487, 25.6, 24.0, 24.30, 25.50, 20]
[5488, 9.99, 9.6, 9.84, 9.70, 942]
[5489, 37.9, 37.15, 37.50, 37.45, 346]
[5490, 22.15, 21.6, 21.90, 22.05, 248]
[5493, 50.5, 48.8, 49.50, 50.50, 182]
[5498, 11.7, 10.35, 10.50, 11.45, 17709]
[5508, 58.2, 56.6, 58.10, 56.70, 376]
[5511, 30.4, 29.8, 30.30, 30.00, 94]
[5512, 8.72, 8.5, 8.72, 8.65, 1050]
[5514, 18.3, 17.25, 18.15, 17.40, 149]
[5515, 11.45, 11.2, 11.35, 11.35, 226]
[5516, 19.35, 17.7, 17.70, 18.10, 675]
[5519, 22.8, 22.35, 22.70, 22.80, 585]
[5520, 55.2, 55.1, 55.10, 55.10, 10]
[5521, 6.79, 6.67, 6.74, 6.75, 2565]
[5522, 59.4, 54.1, 54.80, 58.50, 19232]
[5523, 24.95, 24.15, 24.15, 24.40, 93]
[5525, 25.3, 23.65, 23.65, 24.80, 521]
[5529, 13.5, 12.5, 13.00, 12.95, 295]
[5530, 40.8, 37.55, 40.20, 38.30, 4321]
[5531, 9.37, 9.15, 9.15, 9.25, 741]
[5533, 17.65, 17.35, 17.50, 17.45, 346]
[5534, 73.9, 71.3, 71.40, 73.60, 1237]
[5536, 106.5, 102.0, 105.50, 102.50, 1249]
[5538, 42.6, 40.9, 41.20, 42.35, 90]
[5543, 55.5, 52.0, 52.00, 54.30, 11]
[5546, 47.5, 46.0, 46.95, 47.05, 277]
[5601, 37.4, 35.75, 35.75, 36.00, 18]
[5603, 23.85, 21.75, 22.75, 23.40, 4010]
[5604, 52.8, 51.8, 51.80, 51.90, 69]
[5607, 52.0, 49.85, 51.70, 50.70, 2598]
[5608, 28.3, 25.2, 26.55, 26.45, 107136]
[5609, 74.8, 69.1, 72.00, 71.80, 1905]
[5701, 3.0, 2.89, 3.00, 2.93, 973]
[5703, 19.8, 18.6, 19.65, 18.85, 336]
[5704, 53.5, 49.8, 52.20, 53.20, 1567]
[5706, 62.6, 57.3, 60.50, 61.10, 10739]
[5864, 10.5, 10.2, 10.50, 10.40, 198]
[5871, 221.0, 213.0, 213.00, 216.50, 23851]
[5876, 47.3, 43.35, 47.05, 44.25, 41978]
[5878, 48.0, 47.2, 47.40, 47.60, 8]
[5880, 26.2, 25.85, 26.00, 25.95, 28960]
[5902, 34.85, 34.0, 34.85, 34.55, 153]
[5903, 208.0, 196.5, 205.00, 202.50, 414]
[5904, 473.5, 446.0, 457.50, 447.50, 1546]
[5905, 11.95, 11.5, 11.90, 11.65, 1668]
[5906, 30.5, 29.5, 29.80, 30.35, 33]
[5907, 19.1, 17.2, 17.65, 17.65, 6377]
[6005, 11.45, 11.0, 11.35, 11.10, 9438]
[6015, 9.98, 8.93, 9.96, 8.94, 15308]
[6016, 10.1, 9.82, 9.92, 9.86, 1692]
[6020, 18.7, 18.4, 18.50, 18.60, 16]
[6021, 19.2, 18.85, 19.20, 18.90, 3]
[6023, 49.2, 48.7, 49.00, 48.90, 139]
[6024, 37.35, 36.85, 37.35, 36.90, 346]
[6026, 10.25, 10.0, 10.10, 10.15, 3140]
[6101, 27.2, 24.2, 26.90, 24.65, 236]
[6103, 6.7, 6.16, 6.70, 6.49, 16]
[6104, 96.4, 85.9, 95.50, 88.80, 14676]
[6108, 16.85, 16.5, 16.55, 16.55, 380]
[6109, 16.8, 15.25, 16.80, 15.95, 8465]
[6111, 63.9, 58.9, 62.50, 61.40, 25782]
[6112, 33.35, 32.35, 32.35, 32.65, 424]
[6113, 17.8, 16.7, 17.80, 17.00, 1262]
[6114, 24.9, 23.2, 24.90, 24.20, 501]
[6115, 42.45, 41.95, 42.15, 42.15, 256]
[6116, 11.25, 10.7, 10.80, 11.10, 32000]
[6117, 14.3, 13.7, 14.00, 13.90, 450]
[6118, 37.9, 34.45, 36.65, 35.35, 25628]
[6120, 9.05, 8.66, 8.85, 9.05, 4057]
[6121, 296.0, 279.0, 290.50, 288.50, 3949]
[6122, 18.15, 16.25, 16.70, 18.10, 5267]
[6123, 55.9, 54.1, 55.80, 54.80, 397]
[6124, 27.65, 26.35, 27.60, 26.75, 466]
[6125, 26.3, 24.6, 26.30, 25.45, 6229]
[6126, 20.7, 19.9, 20.50, 20.50, 1097]
[6127, 17.05, 16.35, 16.75, 16.50, 581]
[6128, 29.6, 29.2, 29.55, 29.30, 340]
[6129, 31.3, 29.3, 31.20, 30.15, 7550]
[6130, 30.8, 29.45, 30.40, 29.90, 108]
[6133, 24.15, 22.4, 24.05, 23.35, 22567]
[6134, 23.1, 21.2, 23.10, 21.45, 602]
[6136, 18.35, 18.0, 18.35, 18.20, 393]
[6138, 129.5, 113.5, 129.00, 117.50, 5591]
[6139, 37.95, 35.85, 37.40, 36.75, 5412]
[6140, 17.6, 16.85, 17.25, 17.10, 915]
[6141, 20.35, 18.95, 19.85, 19.20, 317]
[6142, 10.8, 9.89, 9.92, 10.55, 9339]
[6143, 73.3, 65.5, 71.50, 66.90, 6559]
[6144, 16.35, 13.65, 16.35, 15.00, 5]
[6146, 235.5, 218.0, 229.00, 231.00, 1589]
[6147, 59.8, 57.4, 59.30, 58.60, 8172]
[6148, 12.75, 12.5, 12.60, 12.65, 73]
[6150, 81.4, 70.5, 78.70, 73.10, 21354]
[6151, 27.4, 25.4, 25.75, 26.65, 220]
[6152, 10.4, 9.85, 10.40, 10.00, 1637]
[6153, 25.0, 23.65, 24.70, 23.85, 14774]
[6154, 16.1, 15.6, 15.80, 15.85, 39]
[6155, 25.6, 23.3, 24.10, 24.75, 1622]
[6156, 20.1, 19.0, 20.10, 19.85, 1705]
[6158, 26.55, 25.8, 26.00, 26.30, 142]
[6160, 19.0, 17.7, 19.00, 17.90, 2088]
[6161, 25.1, 24.5, 25.05, 25.05, 363]
[6163, 15.55, 14.45, 14.80, 14.85, 2392]
[6164, 10.45, 9.89, 10.45, 10.00, 786]
[6165, 28.0, 26.1, 28.00, 27.45, 350]
[6166, 53.0, 51.7, 52.20, 52.80, 241]
[6167, 12.5, 11.55, 12.10, 12.30, 4424]
[6168, 18.1, 17.45, 17.85, 17.70, 812]
[6169, 19.9, 19.1, 19.65, 19.70, 108]
[6170, 36.25, 34.35, 36.25, 35.15, 751]
[6171, 24.25, 23.95, 24.15, 24.15, 78]
[6173, 35.8, 33.85, 35.05, 34.45, 1385]
[6174, 26.95, 26.0, 26.95, 26.30, 269]
[6175, 33.4, 31.8, 33.40, 32.30, 869]
[6176, 110.0, 104.5, 105.50, 106.00, 19789]
[6177, 29.6, 28.75, 29.60, 29.25, 1805]
[6179, 24.55, 22.15, 23.25, 24.40, 835]
[6180, 69.2, 64.8, 67.00, 65.60, 5839]
[6182, 43.9, 41.0, 43.60, 41.80, 13184]
[6183, 59.7, 57.5, 59.60, 58.50, 108]
[6184, 48.35, 47.8, 47.95, 48.00, 587]
[6185, 12.45, 12.2, 12.40, 12.35, 246]
[6186, 34.65, 31.85, 33.05, 34.10, 5273]
[6187, 69.5, 62.8, 68.70, 65.00, 3785]
[6188, 41.6, 39.85, 41.60, 40.45, 3124]
[6189, 38.05, 37.6, 37.60, 38.05, 415]
[6190, 30.6, 28.9, 30.50, 29.35, 3857]
[6191, 28.45, 27.35, 28.45, 27.60, 2626]
[6192, 70.3, 68.8, 70.00, 69.20, 564]
[6194, 23.7, 23.3, 23.70, 23.45, 97]
[6195, 43.15, 42.4, 43.10, 42.95, 73]
[6196, 121.0, 114.0, 120.00, 117.00, 2136]
[6197, 41.8, 39.05, 39.75, 40.25, 1903]
[6198, 19.85, 19.1, 19.70, 19.70, 106]
[6199, 18.4, 17.2, 18.40, 17.60, 58]
[6201, 39.4, 38.9, 39.35, 39.10, 14]
[6202, 72.7, 66.6, 68.90, 67.60, 15821]
[6203, 53.7, 50.2, 52.80, 50.90, 224]
[6204, 58.4, 56.1, 58.30, 58.20, 26]
[6205, 73.1, 68.5, 73.10, 70.90, 4698]
[6206, 66.6, 64.8, 66.10, 65.60, 1072]
[6207, 26.7, 26.1, 26.60, 26.35, 209]
[6208, 51.2, 49.7, 50.20, 49.90, 463]
[6209, 27.0, 24.9, 25.70, 25.40, 1794]
[6210, 35.45, 34.9, 35.45, 35.05, 25]
[6212, 52.0, 48.6, 52.00, 51.60, 5]
[6213, 75.2, 69.7, 73.50, 71.90, 7063]
[6214, 70.5, 68.7, 69.00, 70.00, 4739]
[6215, 20.55, 19.75, 20.45, 19.95, 396]
[6216, 25.6, 25.1, 25.55, 25.25, 656]
[6217, 45.3, 42.45, 43.80, 43.75, 4181]
[6218, 18.3, 18.0, 18.20, 18.05, 166]
[6219, 11.05, 10.8, 11.00, 11.05, 667]
[6220, 26.4, 25.3, 25.30, 25.85, 3614]
[6221, 51.9, 51.1, 51.70, 51.50, 49]
[6222, 15.6, 14.3, 15.30, 15.35, 112]
[6223, 120.0, 108.5, 116.00, 111.50, 12270]
[6224, 63.7, 56.8, 63.70, 57.20, 1242]
[6225, 10.85, 10.05, 10.60, 10.85, 106]
[6226, 11.1, 10.5, 11.10, 10.50, 1674]
[6227, 40.1, 39.3, 39.85, 40.05, 476]
[6228, 13.15, 12.1, 12.90, 12.50, 59]
[6229, 25.8, 24.5, 25.55, 25.25, 168]
[6230, 131.0, 115.5, 131.00, 118.00, 202]
[6231, 92.5, 83.9, 89.70, 87.20, 2457]
[6233, 21.95, 20.1, 21.70, 20.55, 949]
[6234, 23.8, 21.35, 23.35, 21.45, 4006]
[6235, 38.6, 35.1, 37.60, 36.05, 18659]
[6236, 17.1, 15.0, 17.10, 15.00, 3]
[6237, 47.25, 43.7, 46.20, 44.80, 2379]
[6239, 81.8, 79.0, 80.80, 81.30, 43112]
[6240, 18.35, 17.8, 18.15, 18.15, 89]
[6241, 16.8, 15.55, 16.60, 16.10, 336]
[6242, 54.5, 48.8, 54.00, 54.50, 751]
[6243, 29.3, 27.15, 28.15, 28.60, 885]
[6244, 29.0, 27.25, 28.80, 28.35, 19871]
[6245, 108.0, 91.3, 99.40, 91.80, 33363]
[6246, 15.2, 14.5, 14.90, 14.60, 202]
[6247, 15.45, 15.35, 15.40, 15.40, 73]
[6248, 23.2, 21.75, 22.80, 22.60, 1780]
[6257, 49.85, 47.8, 49.50, 48.85, 4993]
[6259, 23.45, 22.55, 23.00, 22.75, 85]
[6261, 59.9, 57.7, 59.10, 58.00, 498]
[6263, 87.7, 83.4, 86.40, 87.20, 341]
[6264, 8.46, 8.18, 8.18, 8.30, 401]
[6265, 10.1, 9.8, 10.10, 9.84, 863]
[6266, 25.9, 24.4, 25.90, 25.45, 5459]
[6269, 102.5, 98.5, 100.50, 99.20, 4393]
[6270, 22.1, 21.75, 21.90, 22.05, 103]
[6271, 221.0, 188.5, 219.00, 201.00, 22673]
[6274, 56.4, 50.5, 55.50, 52.50, 7374]
[6275, 27.3, 26.4, 27.05, 26.60, 345]
[6276, 18.35, 15.45, 17.00, 16.90, 1845]
[6277, 78.3, 76.5, 76.80, 77.10, 179]
[6278, 96.5, 89.7, 95.60, 92.40, 4671]
[6279, 158.5, 144.5, 157.50, 149.50, 7793]
[6281, 82.2, 81.1, 81.50, 81.20, 95]
[6282, 30.95, 29.65, 30.15, 30.40, 12754]
[6283, 33.7, 31.4, 33.70, 32.40, 926]
[6284, 53.8, 49.95, 53.80, 50.80, 2972]
[6285, 84.8, 80.7, 84.60, 80.80, 17057]
[6287, 24.55, 23.5, 24.55, 23.75, 9]
[6288, 24.55, 22.4, 24.50, 22.85, 4767]
[6290, 56.3, 53.2, 55.90, 54.00, 4306]
[6291, 101.5, 98.8, 101.00, 99.90, 35]
[6292, 39.7, 38.7, 39.00, 39.60, 84]
[6294, 103.5, 102.5, 103.50, 103.00, 75]
[6404, 20.3, 17.75, 18.40, 17.85, 10]
[6405, 21.45, 20.85, 21.25, 21.35, 86]
[6409, 1655.0, 1535.0, 1,635.00, 1,550.00, 650]
[6411, 91.5, 84.2, 91.50, 85.70, 2100]
[6412, 74.5, 70.6, 73.60, 74.50, 1444]
[6414, 207.5, 194.0, 207.50, 198.50, 2052]
[6415, 491.0, 420.0, 487.00, 445.00, 10952]
[6416, 92.0, 87.5, 91.30, 90.00, 690]
[6417, 85.2, 83.5, 84.30, 85.20, 49]
[6418, 16.15, 15.5, 16.05, 15.95, 64]
[6419, 35.8, 34.5, 34.75, 35.30, 74]
[6425, 20.95, 19.3, 19.40, 20.50, 172]
[6426, 65.3, 60.5, 65.30, 61.30, 521]
[6431, 23.2, 19.95, 22.15, 20.20, 1084]
[6432, 31.6, 29.6, 30.95, 30.65, 327]
[6435, 102.0, 97.4, 102.00, 99.00, 753]
[6438, 88.9, 85.2, 88.70, 86.20, 696]
[6441, 56.5, 49.65, 53.20, 53.60, 4277]
[6442, 50.4, 45.3, 50.00, 45.85, 1667]
[6443, 34.3, 32.5, 34.25, 34.10, 39907]
[6446, 530.0, 481.5, 523.00, 488.50, 5390]
[6449, 44.25, 41.95, 43.25, 42.05, 67]
[6451, 97.0, 89.4, 92.80, 89.60, 5031]
[6456, 95.6, 90.7, 94.10, 93.30, 6308]
[6457, 65.1, 58.6, 59.10, 62.50, 3772]
[6461, 39.9, 34.3, 36.60, 36.40, 14606]
[6462, 64.3, 61.3, 64.00, 62.90, 452]
[6464, 102.0, 96.2, 99.70, 97.50, 415]
[6465, 18.6, 17.0, 17.65, 17.25, 190]
[6469, 291.5, 281.0, 284.50, 283.50, 1236]
[6470, 58.5, 54.8, 57.70, 55.70, 1541]
[6472, 428.5, 383.5, 383.50, 406.50, 25136]
[6477, 47.75, 43.8, 47.75, 45.15, 6176]
[6482, NaN, NaN, NaN, NaN, 0]
[6485, 71.7, 64.1, 71.70, 66.00, 1624]
[6486, 59.8, 59.2, 59.20, 59.60, 49]
[6488, 461.5, 432.5, 452.50, 435.50, 8071]
[6491, 431.0, 399.0, 417.00, 404.50, 4488]
[6492, 68.8, 62.2, 62.80, 62.50, 4660]
[6494, 79.7, 72.3, 73.00, 73.50, 3072]
[6496, 28.4, 27.4, 28.30, 28.20, 60]
[6499, 64.0, 57.5, 62.20, 58.60, 2584]
[6504, 85.0, 72.6, 72.60, 73.20, 2558]
[6505, 81.0, 79.3, 80.00, 80.10, 7091]
[6506, 19.65, 19.05, 19.40, 19.30, 167]
[6508, 36.8, 35.55, 36.70, 36.10, 1646]
[6509, 41.7, 38.6, 40.15, 41.15, 6206]
[6510, 524.0, 481.0, 522.00, 490.50, 789]
[6512, 25.3, 23.2, 25.30, 23.60, 97]
[6514, 53.0, 51.2, 52.10, 51.70, 99]
[6515, 440.0, 394.0, 440.00, 404.00, 2551]
[6516, 77.9, 76.4, 77.60, 77.70, 96]
[6517, 70.4, 56.4, 66.60, 69.50, 15448]
[6523, 110.0, 99.5, 102.50, 103.00, 3343]
[6525, 71.4, 68.6, 70.70, 69.30, 375]
[6527, 54.6, 50.4, 54.00, 51.00, 485]
[6530, 23.05, 21.65, 22.70, 22.50, 407]
[6531, 185.0, 165.0, 178.50, 170.00, 11478]
[6532, 53.3, 50.3, 52.90, 51.90, 1445]
[6533, 556.0, 487.0, 525.00, 494.50, 25305]
[6535, 41.2, 38.05, 38.60, 41.00, 4729]
[6538, 71.8, 68.6, 71.30, 68.90, 287]
[6541, 38.4, 35.4, 37.00, 36.15, 2993]
[6542, 47.0, 45.45, 46.00, 45.45, 4]
[6546, 74.4, 69.5, 74.40, 71.10, 1825]
[6547, 77.8, 69.3, 76.00, 71.10, 14115]
[6548, 31.05, 29.4, 31.05, 29.95, 1801]
[6550, 98.9, 89.5, 98.00, 90.50, 28864]
[6552, 32.2, 30.55, 32.00, 30.90, 260]
[6556, 124.5, 105.0, 121.00, 113.00, 389]
[6558, 23.2, 21.5, 22.85, 22.25, 1439]
[6560, 37.55, 36.0, 36.60, 36.20, 127]
[6561, 294.5, 275.0, 291.00, 277.50, 220]
[6568, 191.0, 163.0, 191.00, 168.00, 4075]
[6569, 102.0, 99.0, 101.00, 100.00, 76]
[6570, 47.5, 45.3, 47.25, 46.70, 1064]
[6573, 14.35, 13.5, 14.05, 13.80, 1023]
[6574, 50.3, 48.1, 49.30, 49.90, 26]
[6576, 101.0, 89.2, 98.80, 91.20, 2993]
[6577, 59.4, 58.3, 58.60, 58.70, 19]
[6578, 16.8, 14.6, 15.30, 16.80, 2183]
[6579, 88.6, 82.2, 87.80, 83.20, 583]
[6581, 95.3, 90.7, 94.50, 91.20, 321]
[6582, 64.0, 57.0, 58.70, 59.60, 2445]
[6585, 56.2, 49.35, 51.80, 55.90, 920]
[6588, 33.65, 31.45, 32.20, 31.90, 29]
[6589, 128.5, 120.5, 126.00, 125.50, 29144]
[6590, 53.5, 52.4, 53.40, 52.60, 30]
[6591, 44.55, 42.4, 44.20, 42.70, 311]
[6592, 102.0, 99.5, 101.00, 100.00, 1082]
[6593, 44.15, 41.7, 43.30, 43.00, 181]
[6594, 28.45, 25.5, 27.20, 25.95, 126]
[6596, 45.35, 43.0, 45.30, 43.60, 90]
[6598, 32.55, 28.7, 30.40, 30.00, 2919]
[6603, 18.25, 17.35, 17.85, 17.85, 7188]
[6605, 73.6, 69.9, 73.10, 70.50, 1533]
[6609, 35.4, 33.3, 34.20, 34.75, 1114]
[6612, 82.9, 80.4, 81.10, 80.50, 148]
[6613, 93.0, 89.5, 92.00, 90.00, 383]
[6615, 39.5, 36.7, 39.50, 36.85, 42]
[6616, 14.25, 13.55, 14.05, 13.85, 208]
[6624, 41.0, 40.0, 40.00, 40.95, 55]
[6625, 42.2, 37.7, 39.20, 41.50, 2825]
[6629, 50.0, 47.0, 47.10, 47.05, 24]
[6640, 89.5, 86.5, 89.00, 86.50, 37]
[6641, 53.7, 52.3, 53.70, 52.90, 17]
[6642, 48.9, 44.5, 48.80, 44.95, 457]
[6643, 578.0, 487.0, 561.00, 504.00, 22378]
[6649, 37.1, 34.5, 34.75, 34.70, 584]
[6651, 73.4, 69.0, 72.90, 70.00, 173]
[6654, 49.75, 47.15, 49.00, 49.75, 23]
[6655, 131.5, 129.0, 130.50, 130.50, 20]
[6661, 22.35, 21.0, 22.30, 21.90, 42]
[6662, 32.6, 29.75, 29.95, 30.10, 475]
[6664, 101.5, 94.0, 100.00, 97.40, 1045]
[6666, 83.7, 74.8, 80.10, 79.00, 1950]
[6667, 63.0, 57.6, 62.90, 59.50, 1295]
[6668, 40.0, 37.6, 40.00, 38.55, 767]
[6669, 912.0, 811.0, 910.00, 819.00, 5419]
[6670, 222.0, 209.5, 219.00, 213.00, 2303]
[6671, 37.85, 37.0, 37.40, 37.50, 32]
[6672, 77.5, 72.6, 77.20, 75.20, 1699]
[6674, 25.65, 24.05, 25.15, 25.40, 103]
[6679, 253.0, 218.0, 252.50, 229.00, 3883]
[6680, 64.9, 60.4, 64.80, 62.60, 49]
[6683, 194.5, 183.5, 189.00, 189.50, 770]
[6684, 49.9, 45.3, 49.90, 45.40, 222]
[6689, 89.0, 80.1, 84.20, 87.20, 1588]
[6690, 114.0, 110.0, 112.00, 112.00, 83]
[6691, 198.5, 190.5, 190.50, 197.00, 450]
[6693, 66.5, 61.0, 63.80, 62.80, 276]
[6695, 46.7, 41.1, 46.00, 42.40, 1602]
[6697, 37.85, 36.0, 37.45, 37.10, 64]
[6698, 29.3, 28.25, 29.30, 28.85, 155]
[6703, 104.0, 93.6, 98.80, 95.80, 1345]
[6706, 91.0, 86.6, 89.50, 89.30, 1538]
[6712, 211.0, 195.0, 208.50, 205.50, 5919]
[6715, 140.0, 129.5, 138.00, 130.00, 2002]
[6716, 80.0, 76.1, 77.20, 76.50, 25]
[6719, 269.5, 250.5, 266.00, 256.00, 4670]
[6721, 44.0, 42.65, 44.00, 42.70, 30]
[6727, 71.2, 67.5, 70.90, 67.80, 402]
[6728, 127.0, 115.0, 118.00, 123.00, 96]
[6732, 236.5, 215.5, 236.50, 220.00, 402]
[6733, 23.0, 21.9, 22.80, 22.10, 462]
[6735, 56.6, 54.9, 54.90, 56.60, 14]
[6741, 122.0, 93.8, 93.80, 114.50, 32018]
[6743, 37.4, 35.15, 36.10, 36.05, 278]
[6747, 195.0, 184.0, 193.50, 185.00, 137]
[6751, 44.3, 43.45, 43.75, 43.70, 68]
[6752, 63.0, 58.5, 61.00, 59.50, 166]
[6754, 48.2, 45.0, 48.05, 46.45, 462]
[6756, 204.0, 187.5, 200.50, 191.00, 1335]
[6761, 87.2, 85.1, 87.20, 86.50, 71]
[6762, 234.0, 226.0, 229.50, 234.00, 13]
[6763, 412.0, 380.0, 398.00, 412.00, 211]
[6767, 31.5, 29.8, 31.30, 31.35, 203]
[6768, 74.7, 71.3, 74.30, 74.00, 3344]
[6770, 33.5, 32.25, 32.35, 33.30, 79413]
[6776, 39.0, 38.65, 38.80, 38.75, 70]
[6781, 754.0, 652.0, 740.00, 680.00, 5985]
[6782, 338.0, 279.0, 329.00, 290.00, 4853]
[6788, 103.0, 92.9, 102.50, 95.10, 2012]
[6789, 214.0, 192.0, 213.50, 201.50, 4089]
[6790, 36.3, 35.05, 35.90, 35.40, 193]
[6791, 47.75, 46.3, 47.75, 47.00, 83]
[6792, 73.4, 68.3, 72.70, 69.20, 320]
[6796, 77.9, 73.0, 76.10, 74.30, 253]
[6799, 101.5, 95.0, 99.80, 96.10, 410]
[6803, 250.0, 245.5, 248.50, 249.00, 82]
[6804, 54.5, 53.3, 54.10, 54.30, 79]
[6806, 84.8, 75.5, 76.80, 82.90, 56893]
[6807, 25.65, 24.6, 25.40, 25.05, 83]
[6811, 135.0, 129.5, 130.00, 133.00, 142]
[6823, 97.5, 94.7, 96.00, 97.50, 58]
[6829, 76.0, 71.1, 75.80, 73.20, 685]
[6830, 101.0, 93.0, 95.20, 98.00, 405]
[6834, 25.95, 24.65, 25.80, 25.10, 98]
[6835, 40.15, 36.5, 38.45, 39.20, 1409]
[6843, 50.6, 48.0, 49.15, 48.20, 589]
[6854, 113.5, 102.0, 112.00, 102.00, 404]
[6855, 71.7, 69.0, 70.20, 70.90, 58]
[6859, 139.0, 129.0, 136.50, 132.50, 729]
[6874, 51.5, 45.65, 51.50, 46.75, 940]
[7402, 40.5, 39.5, 39.70, 39.90, 15]
[7556, 103.0, 100.0, 102.00, 100.00, 10]
[8011, 14.7, 14.1, 14.70, 14.30, 849]
[8016, 185.5, 168.0, 185.50, 173.50, 3766]
[8021, 30.5, 29.3, 29.70, 30.15, 1674]
[8024, 22.2, 21.0, 21.80, 21.65, 473]
[8027, 54.7, 51.0, 54.00, 51.70, 1323]
[8028, 61.7, 57.4, 61.10, 57.50, 18077]
[8032, 29.75, 29.25, 29.75, 29.55, 76]
[8033, 45.75, 40.9, 43.50, 42.80, 24725]
[8034, 15.05, 14.4, 14.85, 14.90, 388]
[8038, 41.0, 37.65, 39.90, 37.80, 1610]
[8039, 42.05, 40.85, 41.05, 41.00, 799]
[8040, 54.9, 51.9, 53.20, 54.70, 3707]
[8042, 35.95, 34.9, 35.15, 35.90, 399]
[8043, 25.4, 24.2, 25.30, 24.45, 370]
[8044, 55.6, 51.1, 54.00, 53.20, 3311]
[8046, 263.5, 232.5, 258.50, 242.00, 82942]
[8047, 12.95, 12.1, 12.90, 12.15, 11]
[8048, 34.45, 33.1, 34.45, 33.45, 225]
[8049, 31.45, 29.35, 30.70, 30.20, 5016]
[8050, 85.2, 76.1, 83.60, 78.90, 41567]
[8054, 32.35, 30.35, 32.35, 31.05, 1133]
[8059, 9.81, 9.52, 9.52, 9.78, 92]
[8064, 17.85, 16.8, 17.60, 17.10, 1970]
[8066, 27.7, 27.1, 27.65, 27.50, 80]
[8067, 9.26, 8.4, 8.98, 9.04, 56]
[8068, 26.15, 24.7, 26.10, 25.15, 176]
[8069, 172.5, 163.0, 170.00, 167.00, 72277]
[8070, 30.9, 30.1, 30.75, 30.65, 1880]
[8071, 15.75, 14.65, 15.60, 15.20, 1404]
[8072, 27.55, 26.3, 27.25, 26.45, 1467]
[8074, 19.25, 19.0, 19.15, 19.15, 59]
[8076, 28.6, 27.2, 27.90, 28.15, 4056]
[8077, NaN, NaN, NaN, NaN, 0]
[8080, 10.5, 10.0, 10.50, 10.05, 37]
[8081, 147.5, 138.0, 147.50, 141.00, 1999]
[8083, 166.5, 163.5, 165.50, 166.00, 54]
[8084, 113.5, 98.0, 113.00, 104.00, 3573]
[8085, 20.05, 19.7, 20.05, 20.00, 509]
[8086, 72.3, 65.6, 70.90, 67.70, 4997]
[8087, 25.75, 25.0, 25.10, 25.25, 150]
[8088, 25.0, 23.25, 24.85, 23.75, 1160]
[8089, 23.8, 22.65, 23.10, 22.80, 458]
[8091, 91.2, 83.3, 91.00, 86.00, 4357]
[8092, 12.9, 12.1, 12.60, 12.30, 351]
[8093, 12.15, 11.2, 12.10, 11.35, 320]
[8096, 12.8, 11.55, 11.65, 11.90, 7541]
[8097, 64.3, 59.7, 63.00, 60.50, 1436]
[8099, 39.6, 37.7, 39.50, 38.70, 209]
[8101, 5.97, 5.8, 5.90, 5.97, 141]
[8103, 32.2, 31.5, 32.05, 31.90, 482]
[8104, 37.05, 34.6, 37.05, 35.20, 791]
[8105, 12.85, 12.15, 12.80, 12.45, 3764]
[8107, 17.5, 16.75, 17.50, 16.90, 357]
[8109, 87.3, 84.5, 85.20, 85.50, 386]
[8110, 12.05, 11.4, 12.05, 11.60, 2928]
[8111, 16.15, 15.4, 16.00, 15.55, 605]
[8112, 36.15, 35.25, 35.85, 36.05, 2986]
[8114, 113.5, 107.0, 112.00, 110.00, 1958]
[8121, 26.9, 24.75, 26.70, 25.05, 1554]
[8131, 39.2, 38.05, 38.90, 38.40, 1151]
[8147, 61.6, 59.4, 61.60, 61.00, 407]
[8150, 33.6, 32.0, 33.00, 32.90, 8294]
[8155, 114.5, 106.5, 109.00, 108.00, 3940]
[8163, 38.35, 37.4, 37.80, 37.80, 2200]
[8171, 51.1, 47.2, 50.30, 48.70, 11548]
[8176, 10.5, 9.81, 10.50, 10.00, 417]
[8182, 31.75, 30.6, 31.10, 31.10, 200]
[8183, 56.8, 53.0, 56.80, 54.10, 3724]
[8201, 10.6, 10.0, 10.60, 10.15, 149]
[8210, 75.6, 72.5, 75.00, 74.20, 882]
[8213, 36.8, 36.0, 36.30, 36.40, 847]
[8215, 34.65, 31.5, 32.40, 32.20, 12036]
[8222, 32.65, 25.5, 32.45, 27.00, 38856]
[8227, 115.0, 91.5, 100.00, 103.00, 11127]
[8234, 36.9, 32.95, 33.90, 35.15, 12461]
[8240, 29.15, 28.0, 28.90, 28.40, 140]
[8249, 28.8, 26.5, 28.60, 27.35, 1258]
[8255, 182.5, 158.0, 166.00, 177.00, 21920]
[8261, 109.5, 104.0, 108.50, 106.00, 9126]
[8271, 41.7, 40.65, 41.25, 41.10, 553]
[8277, 8.48, 8.18, 8.42, 8.35, 390]
[8279, 168.0, 152.5, 152.50, 165.50, 415]
[8284, 56.5, 55.0, 55.80, 55.80, 145]
[8289, 38.35, 36.75, 37.20, 36.85, 2038]
[8291, 6.0, 5.48, 5.83, 5.48, 19]
[8299, 317.0, 296.0, 305.00, 305.00, 5111]
[8341, 197.0, 162.5, 181.00, 162.50, 16122]
[8342, 54.6, 54.0, 54.00, 54.10, 12]
[8349, 61.2, 57.6, 60.10, 58.40, 1680]
[8354, 14.3, 14.15, 14.30, 14.20, 194]
[8358, 54.4, 50.2, 54.40, 51.30, 12198]
[8367, 39.5, 34.9, 34.90, 38.95, 712]
[8374, 29.35, 28.1, 28.20, 29.10, 94]
[8383, 39.0, 37.65, 38.75, 38.10, 399]
[8390, 39.6, 36.35, 36.50, 36.80, 3771]
[8401, 20.7, 19.75, 20.70, 20.25, 1605]
[8403, 35.8, 33.1, 33.90, 34.55, 6989]
[8404, 26.8, 25.95, 26.30, 26.45, 297]
[8409, 20.0, 18.55, 19.10, 18.60, 300]
[8410, 30.65, 29.0, 29.65, 29.10, 67]
[8411, 13.25, 13.0, 13.00, 13.10, 791]
[8415, 39.05, 37.2, 39.05, 38.35, 3267]
[8416, 114.5, 112.5, 113.50, 114.00, 32]
[8418, 10.05, 9.87, 9.94, 9.90, 19]
[8420, 77.1, 73.0, 76.00, 75.30, 1373]
[8421, 15.9, 14.8, 15.90, 15.20, 782]
[8422, 183.0, 175.0, 180.00, 177.50, 982]
[8423, 17.7, 17.7, 17.70, 17.70, 2]
[8424, 66.2, 65.3, 66.20, 65.60, 9]
[8426, 28.8, 27.1, 28.80, 27.60, 302]
[8429, 11.55, 10.6, 10.95, 11.20, 6098]
[8431, 54.4, 49.45, 49.50, 54.20, 513]
[8432, 50.7, 47.0, 49.70, 48.75, 621]
[8433, 63.8, 59.0, 63.00, 62.40, 418]
[8435, 59.3, 58.6, 58.90, 59.00, 63]
[8436, 185.0, 153.0, 160.00, 174.50, 46101]
[8437, 102.0, 99.8, 101.00, 101.00, 42]
[8438, 26.0, 24.5, 26.00, 24.55, 104]
[8440, 48.45, 42.65, 48.00, 43.90, 3199]
[8442, 76.1, 73.2, 73.90, 75.40, 252]
[8443, 11.15, 10.85, 11.10, 10.95, 1937]
[8444, 40.1, 38.5, 39.35, 40.05, 28]
[8446, 84.3, 80.5, 83.50, 83.20, 253]
[8450, 29.7, 27.1, 29.30, 27.70, 961]
[8454, 634.0, 572.0, 604.00, 626.00, 2856]
[8455, 20.85, 20.2, 20.55, 20.50, 15]
[8462, 122.5, 117.0, 122.00, 120.00, 179]
[8463, 25.55, 23.25, 25.35, 23.40, 652]
[8464, 288.5, 270.0, 281.50, 278.50, 2004]
[8466, 41.05, 39.5, 40.45, 39.85, 71]
[8467, 63.7, 57.0, 61.30, 57.60, 493]
[8472, 43.8, 40.0, 43.30, 42.10, 26]
[8473, 27.7, 27.1, 27.25, 27.30, 182]
[8476, 56.0, 53.3, 53.90, 55.20, 652]
[8477, 19.3, 18.4, 18.90, 18.50, 197]
[8478, 344.5, 283.0, 321.00, 297.00, 27473]
[8481, 57.4, 54.6, 56.80, 55.50, 71]
[8482, 70.2, 69.5, 69.60, 69.90, 33]
[8488, 15.25, 15.05, 15.25, 15.10, 9]
[8489, 23.0, 21.9, 22.10, 22.35, 86]
[8499, 104.0, 100.0, 104.00, 101.00, 113]
[8905, 22.0, 21.5, 21.55, 21.85, 259]
[8906, 19.95, 18.95, 19.95, 19.30, 29]
[8908, 68.5, 65.7, 66.60, 66.80, 86]
[8916, 55.2, 52.4, 53.50, 52.90, 4819]
[8917, 89.7, 89.0, 89.70, 89.10, 4]
[8921, 14.9, 14.8, 14.80, 14.80, 5]
[8923, 22.3, 19.55, 22.30, 21.30, 36]
[8924, 121.0, 116.0, 119.00, 120.50, 1437]
[8926, 32.6, 31.7, 32.20, 32.20, 2396]
[8927, 36.8, 34.95, 35.90, 36.20, 2173]
[8928, 39.9, 38.5, 39.60, 39.05, 588]
[8929, 21.1, 20.65, 20.80, 20.70, 37]
[8930, 18.0, 16.65, 16.80, 16.75, 5092]
[8931, 43.25, 39.35, 42.95, 39.95, 880]
[8932, 50.8, 37.05, 48.80, 39.70, 8645]
[8933, 16.5, 14.95, 16.00, 15.70, 61735]
[8935, 12.95, 12.35, 12.85, 12.80, 382]
[8936, 22.85, 21.7, 22.60, 22.60, 3171]
[8937, 14.85, 14.15, 14.45, 14.45, 69]
[8938, 97.6, 93.5, 97.50, 94.70, 1931]
[8940, 16.7, 16.1, 16.45, 16.15, 671]
[8941, 56.2, 54.0, 56.20, 56.00, 55]
[8942, 60.7, 59.4, 60.00, 60.20, 417]
[8996, 186.5, 167.0, 169.50, 183.50, 82605]
[9103, 8.31, 7.4, 8.23, 7.71, 13470]
[9105, 3.97, 3.9, 3.96, 3.94, 4631]
[9110, 3.0, 2.91, 2.94, 2.97, 140]
[9136, 6.45, 6.21, 6.32, 6.34, 824]
[9802, 165.5, 150.5, 156.50, 162.00, 12995]
[9902, 12.9, 12.15, 12.55, 12.60, 949]
[9904, 34.25, 32.5, 32.60, 34.05, 53669]
[9905, 24.55, 24.3, 24.30, 24.40, 103]
[9906, 44.55, 43.5, 44.50, 44.30, 111]
[9907, 17.3, 16.9, 17.00, 17.05, 8258]
[9908, 31.5, 30.9, 31.10, 31.45, 227]
[9910, 223.0, 185.0, 185.00, 207.50, 17129]
[9911, 62.6, 61.6, 62.10, 62.10, 394]
[9912, 9.65, 9.15, 9.54, 9.35, 252]
[9914, 175.5, 164.0, 172.00, 171.00, 3488]
[9917, 99.6, 96.6, 97.60, 99.60, 1365]
[9918, 43.45, 42.1, 43.45, 42.25, 38]
[9919, 20.7, 17.3, 17.65, 17.90, 74543]
[9921, 212.0, 203.5, 208.00, 209.00, 2755]
[9924, 41.5, 41.05, 41.40, 41.30, 386]
[9925, 39.25, 38.95, 39.10, 39.10, 499]
[9926, 51.9, 51.0, 51.90, 51.40, 13]
[9927, 37.8, 36.75, 37.15, 37.60, 570]
[9928, 19.2, 17.3, 19.20, 18.30, 706]
[9929, 8.61, 8.29, 8.50, 8.49, 120]
[9930, 46.45, 45.65, 45.65, 46.30, 174]
[9931, 39.8, 39.05, 39.80, 39.10, 4]
[9933, 42.95, 41.25, 42.80, 41.85, 8644]
[9934, 13.35, 12.95, 13.10, 13.25, 916]
[9935, 17.6, 17.0, 17.40, 17.35, 709]
[9937, 52.3, 51.5, 51.50, 52.00, 139]
[9938, 59.4, 52.0, 54.50, 59.00, 13690]
[9939, 88.6, 83.1, 87.00, 86.90, 6517]
[9940, 27.75, 26.8, 27.60, 27.20, 2479]
[9941, 159.0, 153.0, 157.50, 156.50, 2792]
[9942, 109.5, 104.0, 106.50, 109.50, 1784]
[9943, 63.0, 62.0, 62.60, 62.10, 113]
[9944, 21.15, 20.2, 20.55, 20.55, 709]
[9945, 44.6, 42.45, 43.95, 43.65, 28753]
[9946, 12.5, 12.15, 12.35, 12.20, 222]
[9949, 19.2, 18.6, 18.95, 19.20, 55]
[9950, 11.0, 10.5, 11.00, 10.95, 41]
[9951, 67.9, 65.1, 67.90, 66.90, 372]
[9955, 21.85, 20.35, 21.85, 20.55, 2634]
[9958, 92.7, 81.6, 87.80, 88.90, 26436]
[9960, 26.4, 25.35, 26.05, 26.00, 139]
[9962, 17.8, 16.4, 16.95, 17.25, 6011]
