[1101, 34.7, 33.65, 34.35, 33.65, 59922, tse]
[1102, 41.6, 40.35, 41.55, 41.00, 15828, tse]
[1103, 17.65, 17.35, 17.35, 17.40, 473, tse]
[1104, 22.4, 22.0, 22.30, 22.20, 1331, tse]
[1108, 10.95, 10.7, 10.85, 10.75, 462, tse]
[1109, 15.85, 15.6, 15.70, 15.65, 298, tse]
[1110, 18.7, 17.5, 17.70, 18.70, 821, tse]
[1201, 19.2, 19.0, 19.05, 19.05, 639, tse]
[1203, 35.1, 34.45, 34.50, 34.90, 47, tse]
[1210, 47.25, 44.8, 45.60, 45.55, 6264, tse]
[1213, 7.37, 6.63, 7.01, 7.13, 29, tse]
[1215, 79.1, 77.6, 78.50, 78.30, 2516, tse]
[1216, 66.9, 65.6, 65.80, 66.60, 24386, tse]
[1217, 11.0, 10.55, 10.95, 10.70, 7214, tse]
[1218, 32.95, 31.75, 32.55, 32.55, 13317, tse]
[1219, 19.3, 18.65, 19.00, 18.75, 2296, tse]
[1220, 15.5, 15.15, 15.45, 15.35, 1652, tse]
[1225, 57.7, 55.7, 56.50, 57.70, 20, tse]
[1227, 40.0, 39.45, 39.70, 39.85, 1529, tse]
[1229, 50.1, 49.05, 49.40, 50.10, 3469, tse]
[1231, 74.8, 72.9, 73.60, 74.70, 522, tse]
[1232, 142.0, 138.5, 141.50, 141.00, 762, tse]
[1233, 32.5, 32.15, 32.40, 32.40, 27, tse]
[1234, 32.8, 32.45, 32.75, 32.60, 1207, tse]
[1235, 69.5, 67.9, 68.80, 68.90, 47, tse]
[1236, 23.2, 21.0, 21.60, 22.45, 1251, tse]
[1240, 44.45, 43.15, 44.30, 44.00, 58, otc]
[1256, 275.0, 264.5, 270.00, 271.50, 33, tse]
[1258, 21.55, 20.3, 20.35, 20.65, 356, otc]
[1259, 74.5, 73.4, 74.50, 73.60, 14, otc]
[1264, 259.0, 253.0, 253.50, 257.00, 40, otc]
[1268, 136.0, 125.5, 128.50, 129.50, 1276, otc]
[1301, 87.2, 85.9, 86.80, 86.80, 18779, tse]
[1303, 72.1, 70.2, 70.40, 71.00, 18422, tse]
[1304, 22.5, 21.85, 22.40, 22.10, 11630, tse]
[1305, 27.4, 26.0, 26.00, 26.40, 27194, tse]
[1307, 20.95, 20.45, 20.70, 20.50, 356, tse]
[1308, 28.9, 27.65, 28.50, 28.20, 4383, tse]
[1309, 22.8, 21.45, 22.80, 22.40, 5560, tse]
[1310, 13.8, 13.25, 13.55, 13.50, 1892, tse]
[1312, 19.35, 18.55, 18.95, 18.85, 11703, tse]
[1313, 14.2, 13.4, 13.80, 13.60, 5977, tse]
[1314, 10.15, 9.83, 9.90, 9.88, 23519, tse]
[1315, 72.0, 69.8, 72.00, 70.30, 90, tse]
[1316, 12.15, 11.45, 11.95, 11.85, 3656, tse]
[1319, 43.95, 41.05, 41.05, 43.10, 37609, tse]
[1321, 33.6, 32.6, 33.60, 32.95, 446, tse]
[1323, 33.3, 32.7, 33.00, 32.90, 109, tse]
[1324, 10.9, 10.6, 10.65, 10.90, 60, tse]
[1325, 30.4, 27.0, 27.70, 27.15, 10353, tse]
[1326, 71.2, 69.3, 69.90, 70.50, 6830, tse]
[1336, 25.6, 24.45, 24.90, 24.60, 616, otc]
[1337, 7.2, 6.86, 6.95, 7.02, 2314, tse]
[1338, 44.05, 42.5, 43.60, 42.90, 540, tse]
[1339, 42.1, 40.55, 40.75, 41.85, 550, tse]
[1340, 9.99, 9.81, 9.95, 9.82, 301, tse]
[1341, 66.9, 65.7, 66.30, 66.70, 117, tse]
[1342, 136.5, 113.0, 133.50, 131.00, 14066, tse]
[1402, 32.0, 31.45, 31.55, 31.90, 21999, tse]
[1409, 18.0, 17.35, 17.95, 17.55, 5698, tse]
[1410, 40.9, 39.15, 40.15, 40.35, 384, tse]
[1413, 9.51, 9.3, 9.48, 9.51, 101, tse]
[1414, 18.15, 17.6, 18.15, 17.80, 2447, tse]
[1416, 10.35, 10.1, 10.30, 10.15, 659, tse]
[1417, 15.85, 14.1, 14.45, 14.25, 97174, tse]
[1418, 14.4, 13.7, 14.35, 14.10, 75, tse]
[1419, 40.25, 39.7, 39.70, 40.05, 122, tse]
[1423, 20.65, 19.9, 19.90, 20.15, 708, tse]
[1432, 12.05, 11.75, 12.00, 12.00, 931, tse]
[1434, 26.8, 26.2, 26.45, 26.75, 4705, tse]
[1436, 56.3, 55.5, 56.00, 56.30, 98, tse]
[1437, 26.95, 25.35, 25.35, 26.00, 2630, tse]
[1438, 32.15, 30.6, 31.50, 31.45, 118, tse]
[1439, 21.5, 20.55, 21.50, 20.75, 105, tse]
[1440, 17.4, 16.6, 17.30, 16.80, 3726, tse]
[1441, 7.93, 7.78, 7.85, 7.90, 155, tse]
[1442, 37.4, 34.45, 37.10, 34.80, 7668, tse]
[1443, 21.4, 20.85, 20.95, 21.05, 136, tse]
[1444, 10.55, 10.1, 10.25, 10.20, 12073, tse]
[1445, 16.35, 15.85, 16.20, 16.30, 656, tse]
[1446, 31.5, 30.0, 30.00, 30.70, 307, tse]
[1447, 7.87, 7.66, 7.71, 7.67, 2611, tse]
[1449, 18.1, 16.05, 17.50, 16.20, 3143, tse]
[1451, 21.1, 20.7, 20.95, 20.95, 1168, tse]
[1452, 17.8, 17.3, 17.80, 17.55, 267, tse]
[1453, 15.25, 14.6, 15.10, 14.75, 898, tse]
[1454, 13.25, 12.75, 12.90, 13.25, 218, tse]
[1455, 10.6, 10.25, 10.60, 10.35, 1594, tse]
[1456, 15.75, 15.15, 15.70, 15.35, 166, tse]
[1457, 18.75, 18.45, 18.70, 18.70, 818, tse]
[1459, 8.44, 8.2, 8.31, 8.24, 201, tse]
[1460, 7.19, 7.05, 7.19, 7.09, 1319, tse]
[1463, 14.5, 14.2, 14.35, 14.30, 317, tse]
[1464, 14.4, 13.9, 14.15, 14.05, 1352, tse]
[1465, 14.15, 13.85, 13.90, 13.85, 594, tse]
[1466, 12.4, 11.85, 12.20, 12.10, 332, tse]
[1467, 11.25, 10.8, 11.00, 11.10, 5766, tse]
[1468, 13.5, 13.15, 13.30, 13.45, 221, tse]
[1470, 18.85, 17.15, 18.00, 18.20, 205, tse]
[1471, 7.78, 7.45, 7.71, 7.65, 654, tse]
[1472, 22.45, 20.8, 20.80, 22.40, 35, tse]
[1473, 21.1, 20.55, 20.95, 20.90, 166, tse]
[1474, 12.2, 11.85, 12.00, 11.95, 333, tse]
[1475, 69.8, 62.9, 68.80, 63.70, 540, tse]
[1476, 504.0, 466.0, 494.50, 495.50, 3740, tse]
[1477, 243.5, 228.5, 238.50, 233.00, 4949, tse]
[1503, 61.3, 59.1, 59.20, 60.50, 1039, tse]
[1504, 27.9, 27.35, 27.40, 27.55, 7889, tse]
[1506, 17.7, 16.8, 17.60, 17.20, 1506, tse]
[1512, 5.25, 4.75, 4.80, 4.80, 2137, tse]
[1513, 68.4, 65.5, 66.00, 67.20, 65540, tse]
[1514, 30.3, 29.0, 29.70, 29.35, 6386, tse]
[1515, 31.3, 29.5, 30.90, 29.90, 1437, tse]
[1516, 20.2, 19.7, 20.10, 19.90, 437, tse]
[1517, 20.45, 20.0, 20.30, 20.15, 1542, tse]
[1519, 50.9, 48.05, 49.05, 48.30, 22956, tse]
[1521, 36.1, 34.05, 35.45, 34.90, 91, tse]
[1522, 29.0, 26.4, 26.50, 27.85, 35238, tse]
[1524, 25.6, 22.9, 23.05, 24.85, 52845, tse]
[1525, 57.7, 56.3, 57.70, 57.00, 116, tse]
[1526, 41.25, 40.05, 41.10, 40.55, 788, tse]
[1527, 41.65, 40.8, 41.30, 40.95, 503, tse]
[1528, 10.3, 9.95, 10.05, 10.15, 1849, tse]
[1529, 21.5, 19.3, 19.35, 20.20, 21546, tse]
[1530, 31.2, 30.5, 30.75, 31.00, 62, tse]
[1531, 14.05, 13.75, 13.90, 14.00, 221, tse]
[1532, 29.15, 28.25, 28.40, 28.70, 991, tse]
[1533, 51.0, 48.55, 49.95, 48.85, 627, tse]
[1535, 43.55, 42.7, 43.45, 42.85, 260, tse]
[1536, 72.2, 66.1, 70.90, 67.00, 7130, tse]
[1537, 137.5, 136.0, 136.50, 137.00, 148, tse]
[1538, 8.68, 8.0, 8.68, 8.00, 44, tse]
[1539, 29.7, 27.8, 29.45, 28.60, 1579, tse]
[1540, 15.4, 15.2, 15.30, 15.25, 300, tse]
[1541, 34.1, 33.15, 33.90, 33.50, 72, tse]
[1558, 121.0, 115.5, 120.00, 119.00, 423, tse]
[1560, 109.5, 102.5, 108.50, 105.50, 14770, tse]
[1565, 248.0, 241.0, 243.50, 246.50, 308, otc]
[1568, 24.05, 22.1, 22.80, 22.70, 2028, tse]
[1569, 22.4, 21.6, 22.30, 22.00, 812, otc]
[1570, 17.35, 16.4, 16.55, 16.85, 273, otc]
[1580, 91.3, 87.0, 87.20, 90.90, 675, otc]
[1582, 59.1, 58.3, 58.80, 59.00, 322, tse]
[1583, 61.8, 60.4, 61.80, 61.60, 19, tse]
[1584, 24.5, 22.1, 23.60, 22.35, 54022, otc]
[1586, 33.55, 33.15, 33.50, 33.50, 285, otc]
[1587, 22.45, 21.5, 21.85, 21.75, 508, tse]
[1589, 57.7, 55.3, 55.60, 56.90, 515, tse]
[1590, 948.0, 896.0, 920.00, 931.00, 1289, tse]
[1591, 17.0, 16.5, 16.90, 16.80, 264, otc]
[1593, 70.8, 67.4, 70.60, 68.30, 85, otc]
[1595, 38.95, 37.7, 38.80, 38.20, 84, otc]
[1597, 71.4, 69.6, 71.30, 70.00, 147, tse]
[1598, 44.95, 40.0, 43.30, 40.70, 1555, tse]
[1599, 39.65, 38.95, 39.60, 39.10, 188, otc]
[1603, 26.5, 25.55, 26.35, 26.00, 826, tse]
[1604, 26.65, 25.45, 25.60, 26.50, 2016, tse]
[1605, 49.0, 45.9, 47.10, 47.20, 346725, tse]
[1608, 14.15, 13.65, 13.95, 13.70, 1892, tse]
[1609, 20.8, 20.0, 20.70, 20.30, 10227, tse]
[1611, 13.5, 13.1, 13.25, 13.20, 3070, tse]
[1612, 16.6, 16.0, 16.60, 16.25, 1565, tse]
[1614, 36.05, 35.3, 35.85, 35.45, 137, tse]
[1615, 28.7, 28.15, 28.45, 28.70, 125, tse]
[1616, 7.47, 7.23, 7.45, 7.32, 284, tse]
[1617, 15.1, 14.9, 15.00, 14.95, 201, tse]
[1618, 14.7, 13.85, 14.25, 14.35, 2057, tse]
[1626, 16.85, 16.2, 16.40, 16.35, 164, tse]
[1701, 36.85, 31.0, 34.00, 33.25, 56815, tse]
[1702, 45.6, 44.35, 44.80, 45.50, 853, tse]
[1707, 170.0, 159.0, 160.00, 168.00, 7372, tse]
[1708, 41.7, 39.7, 40.95, 40.10, 7908, tse]
[1709, 22.65, 22.15, 22.45, 22.25, 1823, tse]
[1710, 19.45, 18.3, 18.90, 18.60, 20190, tse]
[1711, 19.6, 18.35, 18.55, 18.50, 11442, tse]
[1712, 37.25, 35.8, 36.60, 36.45, 3804, tse]
[1713, 25.4, 24.9, 25.25, 25.05, 520, tse]
[1714, 9.03, 8.56, 8.74, 8.75, 13840, tse]
[1717, 32.05, 31.1, 31.80, 31.25, 5699, tse]
[1718, 9.3, 8.47, 8.49, 8.61, 65610, tse]
[1720, 65.1, 58.8, 61.50, 61.50, 66338, tse]
[1721, 15.75, 14.5, 15.35, 14.80, 3865, tse]
[1722, 54.0, 52.9, 53.20, 53.50, 6459, tse]
[1723, 107.0, 105.0, 105.50, 105.50, 732, tse]
[1725, 20.5, 20.05, 20.15, 20.10, 80, tse]
[1726, 70.7, 70.1, 70.30, 70.30, 121, tse]
[1727, 26.25, 24.35, 25.50, 24.50, 1144, tse]
[1730, 56.0, 55.1, 55.10, 55.40, 37, tse]
[1731, 20.0, 19.45, 19.45, 19.75, 2174, tse]
[1732, 33.0, 31.65, 32.20, 32.70, 6227, tse]
[1733, 26.95, 25.1, 25.70, 25.55, 2404, tse]
[1734, 36.8, 33.05, 35.00, 33.15, 56817, tse]
[1735, 15.15, 14.8, 15.10, 15.15, 27, tse]
[1736, 74.1, 68.7, 74.10, 69.50, 3865, tse]
[1737, 32.5, 32.0, 32.30, 32.45, 493, tse]
[1742, 14.95, 14.55, 14.85, 14.65, 142, otc]
[1752, 69.5, 61.2, 66.00, 63.90, 174042, tse]
[1760, 195.0, 168.0, 192.00, 179.00, 115275, tse]
[1762, 69.8, 63.7, 65.10, 65.60, 31449, tse]
[1773, 116.0, 111.5, 114.00, 114.50, 532, tse]
[1776, 16.8, 16.35, 16.50, 16.50, 52, tse]
[1777, 93.5, 83.1, 87.90, 84.20, 2221, otc]
[1781, 16.25, 15.0, 15.35, 15.25, 1174, otc]
[1783, 54.6, 47.5, 52.00, 47.65, 33274, tse]
[1784, 45.35, 42.1, 42.10, 43.90, 4069, otc]
[1785, 32.85, 31.55, 32.45, 32.05, 3335, otc]
[1786, 64.5, 53.6, 56.50, 54.20, 18346, tse]
[1788, 146.0, 142.5, 146.00, 144.00, 44, otc]
[1789, 27.75, 25.3, 26.30, 25.45, 20223, tse]
[1795, 254.0, 229.0, 234.00, 246.00, 77237, tse]
[1796, 74.3, 66.2, 69.90, 66.90, 744, otc]
[1799, 16.35, 15.35, 16.00, 16.05, 59, otc]
[1802, 22.6, 21.05, 21.55, 21.25, 47427, tse]
[1805, 10.8, 10.55, 10.75, 10.65, 16, tse]
[1806, 9.28, 8.95, 9.07, 8.95, 1566, tse]
[1808, 72.4, 67.5, 69.50, 69.50, 3151, tse]
[1809, 12.75, 12.15, 12.50, 12.35, 2892, tse]
[1810, 19.9, 17.75, 18.20, 18.50, 69016, tse]
[1813, 23.3, 22.7, 22.80, 22.80, 184, otc]
[1815, 11.95, 11.5, 11.80, 11.65, 1904, otc]
[1817, 38.2, 37.55, 38.05, 37.85, 245, tse]
[1903, 50.3, 49.1, 49.80, 49.80, 304, tse]
[1904, 27.4, 27.05, 27.10, 27.35, 1554, tse]
[1905, 16.6, 15.9, 16.30, 16.15, 2632, tse]
[1906, 17.05, 16.75, 16.90, 16.85, 588, tse]
[1907, 24.8, 24.25, 24.50, 24.45, 3237, tse]
[1909, 16.5, 15.5, 15.50, 16.35, 23948, tse]
[2002, 30.9, 29.7, 30.70, 29.80, 121870, tse]
[2006, 53.5, 51.2, 53.20, 52.70, 4933, tse]
[2007, 13.0, 11.45, 12.70, 12.05, 26709, tse]
[2008, 18.2, 17.7, 17.70, 17.85, 161, tse]
[2009, 32.4, 29.7, 32.40, 29.90, 10366, tse]
[2010, 16.4, 15.65, 16.40, 15.95, 1941, tse]
[2012, 24.1, 23.35, 24.05, 24.00, 824, tse]
[2013, 60.0, 58.3, 59.70, 59.00, 681, tse]
[2014, 28.1, 26.05, 27.75, 26.75, 85221, tse]
[2015, 66.3, 62.3, 66.30, 63.70, 541, tse]
[2017, 14.5, 13.8, 14.35, 13.85, 3285, tse]
[2020, 23.9, 22.8, 23.70, 22.95, 604, tse]
[2022, 8.75, 8.25, 8.75, 8.32, 3707, tse]
[2023, 16.9, 15.7, 16.80, 16.00, 23937, tse]
[2024, 19.35, 18.5, 19.35, 18.60, 134, tse]
[2025, 5.3, 4.91, 5.16, 4.99, 2106, tse]
[2027, 43.05, 41.0, 42.95, 42.40, 37644, tse]
[2028, 29.35, 27.05, 28.95, 27.65, 9238, tse]
[2029, 25.35, 23.8, 25.35, 24.50, 2444, tse]
[2030, 24.15, 22.8, 23.90, 23.20, 8321, tse]
[2031, 44.5, 41.75, 43.55, 42.90, 10797, tse]
[2032, 21.4, 19.85, 21.40, 20.30, 7111, tse]
[2033, 17.45, 15.6, 17.35, 15.75, 8576, tse]
[2034, 29.85, 28.2, 29.40, 28.95, 5870, tse]
[2035, 33.4, 31.5, 31.65, 31.75, 162, otc]
[2038, 23.3, 21.45, 23.05, 22.00, 11099, tse]
[2049, 186.0, 178.0, 182.00, 182.50, 3186, tse]
[2059, 399.0, 381.0, 398.00, 384.00, 616, tse]
[2061, 25.35, 24.5, 25.30, 24.65, 185, otc]
[2062, 22.8, 22.3, 22.30, 22.60, 961, tse]
[2063, 43.75, 40.55, 41.25, 43.50, 1667, otc]
[2064, 18.4, 17.4, 17.75, 18.00, 399, otc]
[2065, 52.4, 50.8, 50.80, 51.80, 340, otc]
[2066, 76.8, 71.0, 75.80, 73.60, 687, otc]
[2067, 10.95, 10.2, 10.40, 10.95, 149, otc]
[2069, 22.9, 20.9, 21.75, 21.45, 7390, tse]
[2070, 37.95, 35.0, 36.25, 37.95, 358, otc]
[2101, 33.8, 33.2, 33.75, 33.45, 2036, tse]
[2102, 20.75, 19.95, 20.75, 20.00, 1964, tse]
[2103, 27.45, 26.5, 26.95, 27.05, 2417, tse]
[2104, 19.7, 19.15, 19.60, 19.45, 3559, tse]
[2105, 34.45, 33.5, 33.75, 33.90, 7073, tse]
[2106, 30.45, 30.0, 30.15, 30.30, 1360, tse]
[2107, 21.9, 21.6, 21.70, 21.75, 368, tse]
[2108, 40.1, 37.05, 38.20, 37.05, 3612, tse]
[2109, 14.7, 14.45, 14.60, 14.50, 531, tse]
[2114, 98.8, 96.2, 98.80, 97.20, 64, tse]
[2115, 29.7, 29.1, 29.40, 29.65, 39, tse]
[2201, 62.8, 58.8, 59.60, 62.00, 77616, tse]
[2204, 52.7, 49.7, 49.95, 51.50, 6586, tse]
[2206, 34.55, 33.35, 33.75, 33.85, 6474, tse]
[2207, 604.0, 583.0, 590.00, 588.00, 658, tse]
[2208, 20.4, 19.25, 19.60, 19.50, 12759, tse]
[2211, 53.5, 51.3, 53.40, 51.60, 39726, tse]
[2221, 38.45, 37.5, 38.45, 38.00, 224, otc]
[2227, 195.0, 187.5, 195.00, 189.00, 175, tse]
[2228, 75.9, 71.4, 75.00, 72.60, 636, tse]
[2230, 32.8, 29.65, 30.10, 31.70, 4732, otc]
[2231, 144.5, 137.0, 144.50, 138.00, 2049, tse]
[2233, 102.5, 99.2, 99.60, 101.00, 696, tse]
[2235, 47.0, 45.0, 46.10, 46.85, 28, otc]
[2236, 26.35, 23.15, 23.55, 25.90, 4877, tse]
[2239, 60.0, 57.0, 58.80, 58.60, 404, tse]
[2241, 31.6, 30.0, 30.55, 30.90, 118, tse]
[2243, 16.5, 13.0, 13.20, 16.35, 8857, tse]
[2247, 212.0, 207.5, 208.00, 212.00, 86, tse]
[2250, 73.5, 70.8, 72.40, 71.60, 50, tse]
[2301, 64.5, 62.8, 64.30, 63.80, 14713, tse]
[2302, 17.35, 16.3, 17.35, 16.70, 1184, tse]
[2303, 42.5, 40.2, 42.00, 40.70, 163925, tse]
[2305, 27.2, 25.0, 25.90, 25.55, 3537, tse]
[2308, 288.5, 278.0, 281.50, 286.50, 14387, tse]
[2312, 13.9, 13.3, 13.70, 13.50, 11561, tse]
[2313, 46.8, 44.0, 46.20, 44.50, 25826, tse]
[2314, 40.7, 38.1, 38.70, 39.25, 2675, tse]
[2316, 27.15, 26.85, 26.95, 26.90, 307, tse]
[2317, 101.5, 99.5, 101.50, 99.90, 97545, tse]
[2321, 6.01, 5.58, 5.58, 6.01, 118, tse]
[2323, 7.48, 7.22, 7.44, 7.25, 6736, tse]
[2324, 23.15, 22.7, 22.95, 23.05, 39322, tse]
[2327, 474.0, 450.5, 463.00, 451.00, 5864, tse]
[2328, 38.8, 36.3, 37.95, 37.30, 10116, tse]
[2329, 18.1, 17.1, 17.75, 17.55, 5477, tse]
[2330, 462.5, 442.5, 454.00, 448.50, 102354, tse]
[2331, 21.7, 20.35, 21.50, 20.60, 4081, tse]
[2332, 16.25, 14.7, 15.65, 14.85, 28170, tse]
[2337, 35.0, 33.1, 35.00, 33.75, 31684, tse]
[2338, 89.2, 82.5, 86.40, 84.70, 30712, tse]
[2340, 35.45, 33.45, 35.15, 33.75, 4288, tse]
[2342, 38.9, 36.6, 38.65, 37.10, 2389, tse]
[2344, 20.25, 19.1, 20.15, 19.60, 42325, tse]
[2345, 240.5, 230.0, 235.00, 234.50, 7796, tse]
[2347, 61.6, 58.4, 61.00, 59.20, 14536, tse]
[2348, 65.4, 61.5, 65.40, 63.60, 268, tse]
[2349, 7.9, 7.55, 7.84, 7.61, 3993, tse]
[2351, 101.0, 96.0, 100.00, 96.40, 4171, tse]
[2352, 28.4, 27.3, 27.65, 28.15, 24724, tse]
[2353, 23.85, 23.05, 23.10, 23.55, 27218, tse]
[2354, 52.7, 51.0, 52.20, 51.90, 11494, tse]
[2355, 29.3, 28.35, 28.95, 28.75, 1375, tse]
[2356, 26.35, 25.8, 26.00, 26.25, 29019, tse]
[2357, 273.5, 264.5, 272.00, 268.50, 4865, tse]
[2358, 14.9, 13.85, 14.85, 14.05, 4780, tse]
[2359, 27.2, 25.55, 26.45, 26.10, 5421, tse]
[2360, 184.5, 177.0, 180.50, 181.00, 1886, tse]
[2362, 31.25, 30.5, 30.60, 30.60, 654, tse]
[2363, 16.95, 15.85, 16.05, 16.25, 17331, tse]
[2364, 106.0, 95.5, 105.50, 99.10, 2065, tse]
[2365, 10.4, 9.95, 10.10, 10.40, 948, tse]
[2367, 17.85, 17.2, 17.60, 17.25, 11945, tse]
[2368, 90.1, 84.6, 88.90, 86.80, 18005, tse]
[2369, 13.5, 12.9, 13.20, 12.95, 1843, tse]
[2371, 34.85, 33.5, 33.70, 34.50, 39180, tse]
[2373, 78.1, 77.1, 77.60, 77.90, 794, tse]
[2374, 21.4, 20.1, 20.70, 20.30, 2345, tse]
[2375, 56.5, 53.3, 56.30, 53.50, 891, tse]
[2376, 109.5, 102.5, 109.00, 106.50, 21664, tse]
[2377, 121.5, 116.5, 119.50, 119.50, 10908, tse]
[2379, 296.5, 279.0, 291.00, 281.00, 8684, tse]
[2380, 11.9, 11.05, 11.85, 11.15, 2095, tse]
[2382, 72.9, 70.6, 71.10, 72.30, 24515, tse]
[2383, 179.0, 169.0, 177.00, 171.00, 4224, tse]
[2385, 87.5, 84.3, 87.20, 86.30, 4740, tse]
[2387, 39.6, 37.25, 39.60, 38.05, 1547, tse]
[2388, 71.7, 66.5, 70.30, 67.30, 42511, tse]
[2390, 13.65, 11.7, 13.35, 12.10, 4811, tse]
[2392, 37.4, 36.2, 36.90, 36.90, 2448, tse]
[2393, 37.9, 36.5, 37.50, 36.95, 1586, tse]
[2395, 340.0, 326.0, 332.50, 331.00, 1220, tse]
[2397, 59.2, 58.3, 58.80, 58.90, 67, tse]
[2399, 13.85, 12.8, 13.65, 13.30, 6398, tse]
[2401, 23.1, 22.05, 22.90, 22.40, 4359, tse]
[2402, 18.6, 17.7, 17.90, 18.20, 9959, tse]
[2404, 183.5, 172.5, 183.50, 183.00, 2846, tse]
[2405, 11.9, 11.35, 11.90, 11.55, 2756, tse]
[2406, 19.4, 18.3, 19.00, 18.40, 4532, tse]
[2408, 52.3, 50.5, 51.70, 51.20, 14674, tse]
[2409, 15.7, 15.0, 15.50, 15.00, 99876, tse]
[2412, 114.0, 112.0, 113.00, 113.00, 21582, tse]
[2413, 26.3, 24.5, 25.90, 24.80, 3835, tse]
[2414, 30.95, 30.15, 30.25, 30.35, 174, tse]
[2415, 21.3, 19.95, 21.30, 20.40, 407, tse]
[2417, 23.25, 22.0, 22.50, 22.20, 1547, tse]
[2419, 24.55, 23.45, 24.50, 23.95, 5365, tse]
[2420, 39.55, 39.05, 39.45, 39.25, 254, tse]
[2421, 45.25, 42.3, 45.00, 42.70, 3138, tse]
[2423, 27.85, 26.95, 26.95, 27.50, 726, tse]
[2424, 24.15, 21.0, 22.75, 21.00, 1098, tse]
[2425, 31.5, 28.2, 28.65, 31.00, 14586, tse]
[2426, 17.35, 16.45, 16.90, 16.60, 931, tse]
[2427, 12.2, 11.85, 11.95, 11.95, 685, tse]
[2428, 125.5, 115.5, 119.00, 124.00, 1480, tse]
[2429, 10.95, 10.45, 10.85, 10.95, 8, tse]
[2430, 44.8, 41.5, 41.50, 44.20, 1136, tse]
[2431, 10.2, 9.87, 10.20, 9.91, 451, tse]
[2433, 48.2, 47.95, 48.20, 48.15, 62, tse]
[2434, 29.15, 27.0, 28.85, 27.80, 181, tse]
[2436, 42.9, 40.7, 42.00, 41.30, 2559, tse]
[2438, 14.75, 13.5, 13.95, 13.90, 963, tse]
[2439, 80.2, 77.4, 79.40, 79.70, 1702, tse]
[2440, 12.3, 11.9, 12.10, 12.10, 150, tse]
[2441, 48.35, 46.4, 48.20, 48.00, 5996, tse]
[2442, 13.3, 12.85, 13.15, 13.25, 1094, tse]
[2443, 2.94, 2.78, 2.80, 2.81, 229, tse]
[2444, 18.45, 16.55, 18.30, 16.55, 12834, tse]
[2449, 36.65, 35.4, 36.40, 36.20, 11269, tse]
[2450, 31.2, 30.7, 30.85, 30.70, 342, tse]
[2451, 67.0, 65.7, 67.00, 66.00, 847, tse]
[2453, 27.0, 25.25, 25.70, 25.50, 849, tse]
[2454, 664.0, 621.0, 661.00, 625.00, 18875, tse]
[2455, 70.3, 66.0, 67.40, 69.00, 14501, tse]
[2457, 41.35, 38.55, 41.35, 39.45, 15340, tse]
[2458, 87.3, 82.7, 86.30, 86.00, 4976, tse]
[2459, 51.7, 50.6, 51.60, 51.20, 224, tse]
[2460, 16.9, 16.15, 16.90, 16.25, 500, tse]
[2461, 18.7, 18.35, 18.40, 18.45, 611, tse]
[2462, 29.8, 28.15, 28.85, 28.50, 4712, tse]
[2464, 38.5, 37.6, 38.30, 37.85, 608, tse]
[2465, 40.5, 36.85, 39.30, 38.00, 9861, tse]
[2466, 33.8, 32.8, 33.30, 33.25, 254, tse]
[2467, 43.95, 42.3, 43.25, 43.00, 174, tse]
[2468, 27.6, 25.0, 27.30, 25.50, 4339, tse]
[2471, 28.25, 27.1, 27.70, 28.20, 1446, tse]
[2472, 54.8, 52.7, 54.50, 53.60, 644, tse]
[2474, 170.5, 167.5, 169.00, 169.00, 5015, tse]
[2476, 46.95, 44.1, 46.50, 44.75, 2120, tse]
[2477, 19.8, 19.4, 19.70, 19.55, 157, tse]
[2478, 43.55, 42.15, 43.00, 42.45, 350, tse]
[2480, 86.5, 81.8, 82.00, 85.90, 1238, tse]
[2481, 60.8, 56.9, 60.80, 57.90, 8227, tse]
[2482, 25.05, 23.35, 24.50, 23.80, 5112, tse]
[2483, 24.75, 23.7, 24.75, 24.00, 554, tse]
[2484, 34.4, 32.8, 33.90, 33.80, 3371, tse]
[2485, 17.55, 16.85, 17.40, 17.05, 2856, tse]
[2486, 22.8, 21.3, 21.70, 21.70, 9179, tse]
[2488, 29.0, 28.6, 28.95, 28.80, 177, tse]
[2489, 10.1, 9.7, 9.94, 10.00, 5880, tse]
[2491, 11.6, 11.25, 11.60, 11.35, 351, tse]
[2492, 80.7, 77.4, 79.30, 79.00, 3331, tse]
[2493, 43.5, 43.0, 43.15, 43.25, 287, tse]
[2495, 22.7, 19.0, 21.80, 19.15, 22843, tse]
[2496, 47.55, 47.25, 47.45, 47.55, 25, tse]
[2497, 73.8, 68.8, 72.90, 70.20, 5550, tse]
[2498, 57.4, 54.9, 55.70, 55.70, 65004, tse]
[2501, 15.4, 15.1, 15.20, 15.25, 2492, tse]
[2504, 25.25, 24.55, 25.10, 25.25, 5095, tse]
[2505, 18.45, 17.85, 18.05, 17.95, 571, tse]
[2506, 9.19, 9.03, 9.17, 9.07, 1667, tse]
[2509, 14.85, 14.6, 14.65, 14.70, 143, tse]
[2511, 10.7, 10.4, 10.60, 10.50, 2612, tse]
[2514, 17.1, 16.5, 16.80, 16.80, 620, tse]
[2515, 8.3, 8.1, 8.25, 8.14, 7169, tse]
[2516, 5.04, 4.92, 4.96, 5.00, 322, tse]
[2520, 29.35, 28.2, 28.75, 29.20, 2763, tse]
[2524, 32.7, 32.0, 32.45, 32.15, 93, tse]
[2527, 21.25, 20.55, 20.75, 20.70, 476, tse]
[2528, 16.0, 15.75, 15.75, 16.00, 493, tse]
[2530, 17.45, 17.1, 17.45, 17.25, 1496, tse]
[2534, 23.25, 22.0, 22.85, 22.65, 8539, tse]
[2535, 30.3, 29.45, 29.70, 30.15, 1174, tse]
[2536, 22.5, 22.2, 22.25, 22.50, 311, tse]
[2537, 7.22, 7.08, 7.19, 7.11, 1622, tse]
[2538, 12.8, 11.85, 11.95, 12.65, 3798, tse]
[2539, 32.05, 31.85, 31.95, 31.90, 333, tse]
[2540, 73.6, 71.4, 71.90, 72.80, 1157, tse]
[2542, 41.7, 40.1, 40.35, 40.30, 20369, tse]
[2543, 9.32, 8.95, 8.95, 9.13, 426, tse]
[2545, 40.8, 39.8, 40.70, 40.45, 486, tse]
[2546, 51.9, 50.5, 50.50, 51.50, 335, tse]
[2547, 9.15, 9.0, 9.08, 9.13, 2214, tse]
[2548, 89.9, 87.8, 88.00, 89.00, 1225, tse]
[2596, 17.6, 17.2, 17.30, 17.60, 186, otc]
[2597, 127.5, 121.5, 122.00, 125.50, 734, tse]
[2601, 9.01, 8.64, 8.96, 8.74, 8374, tse]
[2603, 168.5, 157.5, 168.50, 163.00, 102746, tse]
[2605, 21.25, 19.9, 20.65, 20.00, 18684, tse]
[2606, 49.8, 48.2, 49.80, 48.60, 20986, tse]
[2607, 29.35, 27.75, 29.35, 27.80, 15485, tse]
[2608, 38.7, 37.3, 38.05, 37.80, 854, tse]
[2609, 67.5, 63.6, 67.00, 65.50, 168515, tse]
[2610, 20.15, 18.6, 19.10, 19.00, 253512, tse]
[2611, 14.25, 13.25, 14.10, 13.50, 4026, tse]
[2612, 45.5, 39.1, 45.50, 41.55, 19391, tse]
[2613, 24.25, 22.25, 23.00, 22.65, 3456, tse]
[2614, 24.5, 23.05, 23.50, 23.35, 35820, tse]
[2615, 86.2, 78.5, 85.90, 80.10, 138071, tse]
[2616, 32.1, 31.8, 32.00, 31.90, 424, tse]
[2617, 27.35, 26.0, 27.35, 26.90, 4903, tse]
[2618, 29.8, 27.7, 28.20, 28.15, 193679, tse]
[2630, 16.95, 16.6, 16.85, 16.70, 149, tse]
[2633, 29.2, 28.55, 28.90, 28.75, 10788, tse]
[2634, 36.4, 34.75, 35.30, 35.75, 70886, tse]
[2636, 77.3, 74.8, 77.00, 76.00, 7041, tse]
[2637, 64.2, 60.8, 64.20, 61.40, 29836, tse]
[2640, 92.2, 86.8, 87.00, 89.40, 296, otc]
[2641, 20.3, 18.4, 20.20, 18.70, 25129, otc]
[2642, 53.2, 48.85, 52.20, 50.10, 1959, tse]
[2643, 69.1, 67.8, 68.90, 68.00, 185, otc]
[2701, 12.2, 12.0, 12.00, 12.20, 138, tse]
[2702, 23.7, 22.35, 22.45, 22.65, 3465, tse]
[2704, 33.2, 31.65, 32.15, 32.60, 818, tse]
[2705, 17.5, 16.45, 16.50, 16.70, 1841, tse]
[2706, 14.25, 14.0, 14.00, 14.15, 681, tse]
[2707, 278.0, 249.0, 257.00, 257.50, 15840, tse]
[2712, 33.8, 31.85, 33.15, 32.05, 116, tse]
[2718, 32.3, 32.3, 32.30, 32.30, 1, otc]
[2719, 37.0, 33.1, 34.35, 33.60, 126, otc]
[2722, 36.35, 33.25, 34.00, 33.40, 822, tse]
[2723, 157.0, 137.5, 139.50, 151.50, 21288, tse]
[2724, NaN, NaN, NaN, NaN, 0, otc]
[2726, 25.85, 21.25, 21.90, 23.10, 1688, otc]
[2727, 170.0, 158.5, 158.50, 168.00, 7546, tse]
[2729, 217.0, 197.0, 199.50, 205.00, 884, otc]
[2731, 113.0, 98.2, 101.50, 106.50, 20789, tse]
[2732, 133.5, 122.0, 129.00, 125.50, 6447, otc]
[2734, 30.2, 26.5, 28.35, 27.90, 1788, otc]
[2736, 23.45, 21.05, 21.50, 22.60, 13120, otc]
[2739, 32.3, 29.7, 30.30, 30.00, 896, tse]
[2740, NaN, NaN, NaN, NaN, 0, otc]
[2743, 64.7, 57.8, 58.20, 60.20, 20826, otc]
[2745, 42.9, 38.2, 38.50, 40.00, 1030, otc]
[2748, 64.9, 58.0, 59.30, 59.90, 29392, tse]
[2752, 193.0, 187.0, 188.00, 193.00, 163, otc]
[2753, 230.0, 197.0, 198.00, 227.00, 9051, tse]
[2754, 145.5, 133.5, 136.00, 139.50, 4486, otc]
[2755, 83.0, 78.5, 81.00, 82.10, 41, otc]
[2756, 124.5, 115.5, 116.50, 123.50, 187, otc]
[2801, 17.4, 17.05, 17.30, 17.15, 13825, tse]
[2809, 34.05, 32.95, 33.80, 33.90, 10066, tse]
[2812, 12.9, 12.8, 12.80, 12.80, 13544, tse]
[2816, 16.0, 15.75, 15.80, 15.80, 86, tse]
[2820, 14.65, 14.4, 14.60, 14.50, 1540, tse]
[2832, 20.5, 20.35, 20.45, 20.45, 296, tse]
[2834, 13.05, 12.75, 12.90, 12.95, 62486, tse]
[2836, 12.55, 12.4, 12.45, 12.45, 779, tse]
[2838, 16.15, 15.7, 16.10, 16.00, 2654, tse]
[2845, 11.2, 11.0, 11.15, 11.00, 12139, tse]
[2849, 14.85, 14.55, 14.60, 14.75, 194, tse]
[2850, 48.85, 47.7, 48.55, 48.85, 545, tse]
[2851, 18.55, 16.65, 18.50, 17.00, 69397, tse]
[2852, 16.05, 15.75, 15.80, 15.80, 1356, tse]
[2855, 15.9, 15.55, 15.75, 15.65, 1439, tse]
[2867, 5.59, 5.42, 5.52, 5.53, 51900, tse]
[2880, 22.7, 22.1, 22.50, 22.45, 25651, tse]
[2881, 57.5, 55.7, 56.60, 56.30, 31375, tse]
[2882, 41.3, 39.6, 41.15, 40.00, 154131, tse]
[2883, 12.9, 12.5, 12.70, 12.60, 66981, tse]
[2884, 24.35, 23.85, 24.15, 24.05, 45893, tse]
[2885, 22.1, 21.6, 21.90, 21.70, 38615, tse]
[2886, 30.8, 30.1, 30.55, 30.35, 46472, tse]
[2887, 15.3, 14.8, 15.10, 15.10, 44373, tse]
[2888, 8.85, 8.67, 8.75, 8.77, 86092, tse]
[2889, 11.5, 11.1, 11.40, 11.30, 45567, tse]
[2890, 16.95, 16.55, 16.75, 16.75, 56399, tse]
[2891, 22.35, 21.75, 21.85, 22.10, 67134, tse]
[2892, 26.6, 25.9, 26.25, 26.50, 47574, tse]
[2897, 8.46, 8.25, 8.32, 8.39, 5275, tse]
[2901, 23.8, 23.2, 23.70, 23.65, 51, tse]
[2903, 22.0, 21.3, 21.65, 21.50, 12100, tse]
[2904, 19.9, 19.5, 19.75, 19.75, 40, tse]
[2905, 15.4, 14.95, 15.10, 15.15, 827, tse]
[2906, 18.55, 17.45, 17.80, 18.20, 9192, tse]
[2908, 19.8, 19.55, 19.75, 19.65, 375, tse]
[2910, 30.8, 29.5, 30.45, 30.25, 145, tse]
[2911, 7.45, 7.05, 7.38, 7.06, 1950, tse]
[2912, 274.0, 267.0, 269.50, 272.00, 3726, tse]
[2913, 21.95, 21.0, 21.60, 21.25, 3428, tse]
[2915, 68.3, 65.0, 66.40, 65.00, 15491, tse]
[2916, 23.7, 23.35, 23.50, 23.55, 137, otc]
[2923, 22.45, 20.55, 21.05, 21.55, 93, tse]
[2924, 36.5, 31.45, 32.70, 32.00, 47, otc]
[2926, 61.4, 59.2, 59.30, 61.00, 84, otc]
[2929, 18.75, 17.0, 17.90, 17.20, 35703, tse]
[2937, 36.8, 36.0, 36.80, 36.40, 43, otc]
[2939, 33.9, 32.65, 33.80, 32.95, 159, tse]
[2945, 43.8, 42.0, 42.25, 43.80, 38, tse]
[2947, 95.0, 91.7, 91.70, 92.10, 20, otc]
[3002, 11.55, 11.05, 11.55, 11.25, 599, tse]
[3003, 71.5, 68.3, 71.50, 70.20, 1011, tse]
[3004, 75.1, 69.2, 75.10, 70.90, 617, tse]
[3005, 44.65, 42.7, 43.55, 44.15, 2801, tse]
[3006, 67.3, 63.7, 66.30, 65.00, 7789, tse]
[3008, 2165.0, 2040.0, 2,160.00, 2,040.00, 1496, tse]
[3010, 85.6, 83.0, 85.60, 83.80, 493, tse]
[3011, 19.85, 17.55, 17.55, 17.85, 5516, tse]
[3013, 21.0, 17.25, 21.00, 17.25, 28193, tse]
[3014, 75.1, 71.0, 71.00, 73.30, 5385, tse]
[3015, 38.15, 37.65, 38.00, 38.05, 397, tse]
[3016, 72.1, 68.9, 71.60, 70.20, 1793, tse]
[3017, 113.0, 107.0, 111.50, 112.00, 7989, tse]
[3019, 62.0, 59.5, 61.60, 60.50, 1775, tse]
[3021, 20.4, 19.5, 20.40, 20.00, 949, tse]
[3022, 74.7, 70.6, 74.00, 70.80, 5436, tse]
[3023, 281.0, 272.5, 277.00, 275.00, 801, tse]
[3024, 13.55, 13.15, 13.35, 13.40, 2029, tse]
[3025, 20.9, 20.0, 20.60, 20.55, 1225, tse]
[3026, 91.4, 88.5, 89.80, 91.00, 801, tse]
[3027, 37.4, 33.45, 36.05, 33.45, 37175, tse]
[3028, 29.05, 28.4, 28.70, 28.95, 1427, tse]
[3029, 40.55, 39.6, 40.20, 40.15, 557, tse]
[3030, 64.3, 63.1, 64.00, 63.70, 828, tse]
[3031, 15.3, 14.8, 15.20, 15.00, 286, tse]
[3032, 30.05, 29.4, 29.65, 29.90, 175, tse]
[3033, 26.6, 26.0, 26.55, 26.30, 2207, tse]
[3034, 329.0, 300.5, 303.50, 315.50, 32992, tse]
[3035, 159.5, 142.5, 159.00, 142.50, 62131, tse]
[3036, 62.6, 60.6, 62.60, 61.10, 3442, tse]
[3037, 125.0, 118.5, 124.50, 120.00, 75683, tse]
[3038, 20.55, 19.9, 20.35, 20.30, 2485, tse]
[3040, 29.95, 29.15, 29.50, 29.35, 55, tse]
[3041, 21.4, 20.45, 21.10, 20.50, 2195, tse]
[3042, 82.7, 80.5, 82.50, 82.70, 4198, tse]
[3043, 28.95, 27.0, 27.00, 27.20, 464, tse]
[3044, 96.9, 93.6, 96.00, 94.00, 5520, tse]
[3045, 95.2, 93.9, 94.80, 94.70, 6306, tse]
[3046, 48.85, 44.35, 46.35, 47.30, 10237, tse]
[3047, 15.9, 14.9, 15.80, 15.10, 10199, tse]
[3048, 27.15, 26.6, 27.00, 26.85, 1233, tse]
[3049, 9.28, 9.03, 9.18, 9.09, 5159, tse]
[3050, 17.6, 16.75, 17.25, 17.05, 7885, tse]
[3051, 18.15, 16.8, 17.90, 17.15, 2476, tse]
[3052, 10.4, 10.15, 10.30, 10.30, 356, tse]
[3054, 20.65, 19.4, 19.40, 19.95, 243, tse]
[3055, 24.9, 24.1, 24.75, 24.75, 231, tse]
[3056, 31.45, 30.55, 30.60, 31.25, 1733, tse]
[3057, 10.05, 9.88, 10.00, 9.98, 985, tse]
[3058, 10.05, 9.8, 9.92, 9.94, 631, tse]
[3059, 34.15, 32.65, 33.70, 33.10, 3961, tse]
[3060, 16.65, 15.85, 16.40, 16.10, 508, tse]
[3062, 24.2, 22.55, 23.50, 22.95, 7465, tse]
[3064, 12.8, 12.0, 12.00, 12.35, 29, otc]
[3066, 26.75, 21.35, 23.00, 26.25, 1614, otc]
[3067, 36.95, 33.35, 33.35, 35.85, 13, otc]
[3071, 25.2, 24.35, 25.00, 24.60, 326, otc]
[3073, 29.1, 27.5, 27.50, 28.85, 11, otc]
[3078, 28.8, 27.65, 28.75, 28.15, 1025, otc]
[3081, 112.0, 103.5, 111.50, 106.00, 5389, otc]
[3083, 51.4, 46.35, 46.75, 51.00, 15780, otc]
[3085, 10.35, 10.05, 10.25, 10.30, 22, otc]
[3086, 87.8, 80.0, 82.80, 83.80, 666, otc]
[3088, 60.9, 58.2, 58.30, 59.00, 1677, otc]
[3089, 73.3, 60.0, 73.10, 65.00, 682, otc]
[3090, 53.3, 51.9, 53.10, 52.60, 1068, tse]
[3092, 34.8, 32.6, 34.80, 33.40, 730, tse]
[3093, 27.95, 26.45, 27.55, 26.95, 931, otc]
[3094, 24.45, 23.75, 24.25, 23.80, 404, tse]
[3095, 37.5, 33.7, 35.65, 36.45, 46, otc]
[3105, 144.0, 134.5, 138.50, 136.50, 12840, otc]
[3114, 25.8, 24.8, 25.80, 25.30, 454, otc]
[3115, 11.35, 10.85, 10.85, 11.15, 21, otc]
[3118, 28.2, 27.1, 27.35, 27.65, 60, otc]
[3122, 26.8, 24.15, 26.80, 25.05, 616, otc]
[3128, 44.5, 40.55, 44.15, 41.45, 13371, otc]
[3130, 210.0, 204.0, 210.00, 205.00, 32, tse]
[3131, 232.0, 218.0, 232.00, 227.00, 198, otc]
[3138, 136.5, 130.0, 133.50, 130.50, 1343, tse]
[3141, 82.0, 76.7, 80.90, 76.90, 4713, otc]
[3147, 52.5, 50.4, 50.80, 51.80, 351, otc]
[3149, 19.25, 18.35, 19.10, 18.50, 1556, tse]
[3152, 186.5, 174.0, 179.50, 182.50, 226, otc]
[3162, 51.1, 45.7, 49.50, 49.25, 13259, otc]
[3163, 51.4, 48.5, 50.50, 49.50, 3183, otc]
[3164, 26.5, 23.6, 25.35, 23.70, 2003, tse]
[3167, 40.9, 40.0, 40.65, 40.20, 112, tse]
[3169, 107.0, 97.2, 107.00, 99.00, 1551, otc]
[3171, 16.3, 15.65, 15.70, 16.25, 99, otc]
[3176, 37.9, 32.4, 35.95, 33.60, 1876, otc]
[3178, 63.8, 60.5, 62.40, 62.80, 176, otc]
[3188, 12.95, 12.25, 12.55, 12.50, 737, otc]
[3189, 109.0, 103.5, 107.00, 104.50, 22128, tse]
[3191, 7.0, 6.9, 6.91, 6.99, 106, otc]
[3202, 15.0, 14.05, 14.60, 14.35, 563, otc]
[3205, 44.5, 39.55, 43.40, 40.70, 1680, otc]
[3206, 29.9, 28.95, 29.90, 29.45, 564, otc]
[3207, 51.9, 48.0, 49.75, 48.80, 7249, otc]
[3209, 36.15, 35.2, 35.80, 35.70, 1691, tse]
[3211, 74.3, 72.0, 73.50, 73.00, 421, otc]
[3213, 44.3, 43.5, 44.00, 44.00, 61, otc]
[3217, 84.5, 77.0, 81.50, 80.00, 937, otc]
[3218, 303.5, 284.0, 293.00, 298.50, 2652, otc]
[3219, 48.3, 45.7, 46.75, 46.05, 73, otc]
[3221, 26.6, 25.35, 25.55, 26.05, 2688, otc]
[3224, 42.35, 40.8, 41.00, 41.00, 571, otc]
[3226, 60.1, 57.1, 59.90, 57.10, 6, otc]
[3227, 97.1, 91.3, 95.00, 96.40, 1359, otc]
[3228, 189.0, 172.5, 187.00, 180.50, 3372, otc]
[3229, 19.75, 19.4, 19.50, 19.65, 63, tse]
[3230, 13.3, 12.7, 13.25, 12.90, 136, otc]
[3231, 30.0, 28.8, 29.95, 29.40, 30476, tse]
[3232, 32.5, 29.6, 32.00, 30.10, 804, otc]
[3234, 22.7, 21.0, 22.65, 21.10, 1247, otc]
[3236, 24.9, 22.95, 24.85, 23.15, 1872, otc]
[3252, 21.05, 18.85, 18.85, 19.70, 8266, otc]
[3257, 44.7, 42.5, 43.05, 43.20, 153, tse]
[3259, 17.85, 16.5, 17.05, 17.70, 77, otc]
[3260, 58.0, 55.3, 57.80, 57.00, 2587, otc]
[3264, 50.0, 47.3, 50.00, 49.60, 7121, otc]
[3265, 47.8, 45.2, 47.05, 45.60, 4262, otc]
[3266, 11.9, 11.75, 11.85, 11.85, 130, tse]
[3268, 22.95, 21.5, 22.40, 21.85, 256, otc]
[3272, 49.3, 43.65, 47.45, 44.50, 5898, otc]
[3276, 12.4, 12.1, 12.20, 12.10, 183, otc]
[3284, 14.2, 13.65, 14.00, 14.00, 125, otc]
[3285, 19.5, 18.65, 18.90, 19.10, 245, otc]
[3287, 13.7, 13.15, 13.60, 13.30, 286, otc]
[3288, 23.75, 21.8, 23.20, 21.90, 41, otc]
[3289, 78.1, 70.0, 77.40, 70.20, 11122, otc]
[3290, 23.0, 21.95, 22.30, 22.65, 2641, otc]
[3293, 438.0, 420.0, 431.00, 433.50, 10152, otc]
[3294, 17.55, 16.7, 17.50, 16.95, 561, otc]
[3296, 16.25, 15.6, 16.20, 16.10, 1036, tse]
[3297, 18.8, 17.1, 18.05, 17.85, 1427, otc]
[3303, 25.2, 24.65, 24.95, 25.00, 513, otc]
[3305, 41.0, 38.9, 40.30, 39.65, 998, tse]
[3306, 22.9, 22.4, 22.75, 22.50, 240, otc]
[3308, 14.7, 14.05, 14.65, 14.45, 314, tse]
[3310, 44.8, 41.7, 41.75, 43.85, 438, otc]
[3311, 33.4, 32.7, 32.75, 33.10, 108, tse]
[3312, 17.7, 17.2, 17.60, 17.25, 687, tse]
[3313, 10.0, 9.89, 9.95, 9.97, 189, otc]
[3317, 56.0, 52.7, 55.30, 53.50, 939, otc]
[3321, 10.1, 8.95, 9.21, 9.10, 3117, tse]
[3322, 19.4, 18.45, 19.00, 18.60, 1065, otc]
[3323, 33.55, 32.1, 33.55, 33.00, 371, otc]
[3324, 151.5, 142.0, 151.50, 148.00, 2485, otc]
[3325, 12.75, 12.3, 12.50, 12.50, 170, otc]
[3332, 42.5, 41.05, 41.05, 41.70, 32, otc]
[3338, 32.25, 30.95, 31.60, 31.30, 331, tse]
[3339, 12.95, 12.5, 12.85, 12.60, 369, otc]
[3346, 38.05, 34.5, 38.05, 34.50, 3779, tse]
[3349, 13.5, 13.0, 13.10, 13.35, 34, otc]
[3354, 14.05, 13.45, 13.70, 13.55, 509, otc]
[3356, 41.5, 38.05, 41.20, 38.75, 12220, tse]
[3357, 82.3, 79.2, 79.70, 80.90, 98, otc]
[3360, 13.5, 13.3, 13.45, 13.35, 93, otc]
[3362, 73.0, 66.7, 71.50, 69.90, 5418, otc]
[3363, 24.0, 22.55, 22.60, 22.70, 346, otc]
[3372, 11.45, 10.95, 11.30, 11.05, 742, otc]
[3373, 31.65, 27.15, 30.30, 28.20, 3167, otc]
[3374, 100.5, 95.0, 99.50, 96.30, 3961, otc]
[3376, 82.8, 80.2, 81.00, 81.60, 626, tse]
[3379, 11.85, 11.55, 11.80, 11.70, 118, otc]
[3380, 29.1, 27.75, 28.70, 28.20, 3363, tse]
[3388, 73.9, 71.9, 72.50, 73.40, 116, otc]
[3390, 18.2, 17.55, 18.15, 17.60, 393, otc]
[3402, 44.9, 43.5, 44.50, 44.10, 529, otc]
[3406, 372.5, 332.0, 364.00, 335.50, 9186, tse]
[3413, 186.0, 174.5, 186.00, 178.50, 1530, tse]
[3416, 83.4, 81.5, 83.00, 83.00, 207, tse]
[3419, 19.1, 18.1, 18.65, 18.40, 3750, tse]
[3426, 38.0, 37.8, 38.00, 37.80, 9, otc]
[3430, 44.8, 42.2, 43.65, 42.45, 732, otc]
[3432, 19.0, 18.0, 18.80, 18.40, 1119, tse]
[3434, 25.4, 23.95, 24.85, 24.05, 249, otc]
[3437, 17.6, 17.0, 17.55, 17.05, 578, tse]
[3438, 56.5, 52.5, 53.40, 54.10, 1904, otc]
[3441, 41.85, 38.55, 40.35, 38.75, 2233, otc]
[3443, 732.0, 630.0, 727.00, 641.00, 35753, tse]
[3444, 66.1, 61.3, 65.50, 63.40, 4014, otc]
[3447, 40.8, 39.15, 40.80, 39.50, 1581, tse]
[3450, 38.05, 36.45, 37.90, 36.75, 397, tse]
[3454, 214.5, 188.0, 206.00, 197.00, 55362, tse]
[3455, 81.2, 78.2, 80.50, 79.90, 1285, otc]
[3465, 82.3, 80.0, 82.30, 80.10, 38, otc]
[3466, 37.25, 31.05, 31.70, 32.30, 24354, otc]
[3479, 87.6, 76.9, 77.50, 81.40, 66031, otc]
[3481, 11.45, 10.9, 11.15, 11.05, 122808, tse]
[3483, 54.5, 51.8, 53.90, 52.40, 650, otc]
[3484, 43.7, 42.65, 43.15, 42.95, 204, otc]
[3489, 10.25, 10.0, 10.20, 10.10, 74, otc]
[3490, 25.0, 24.05, 24.40, 24.35, 280, otc]
[3491, 144.0, 133.0, 138.50, 134.50, 6656, otc]
[3492, 18.9, 18.25, 18.80, 18.25, 221, otc]
[3494, 11.45, 10.35, 11.20, 10.45, 4852, tse]
[3498, 37.6, 34.6, 36.30, 37.20, 1058, otc]
[3499, 18.85, 17.5, 18.50, 18.55, 2206, otc]
[3501, 50.3, 48.9, 50.00, 49.50, 368, tse]
[3504, 79.5, 74.5, 77.80, 75.80, 3151, tse]
[3508, 38.95, 34.1, 35.75, 38.95, 7634, otc]
[3511, 33.95, 32.25, 33.70, 32.95, 949, otc]
[3512, 29.65, 28.45, 29.00, 28.65, 83, otc]
[3515, 147.0, 132.5, 143.00, 142.00, 14382, tse]
[3516, 16.6, 15.6, 15.65, 16.40, 865, otc]
[3518, 20.45, 19.15, 20.20, 19.50, 638, tse]
[3520, 19.8, 18.0, 19.50, 18.20, 2223, otc]
[3521, 24.05, 21.9, 24.05, 22.10, 1985, otc]
[3522, 10.65, 9.92, 10.10, 10.25, 137, otc]
[3523, 19.5, 18.2, 19.50, 18.70, 34, otc]
[3526, 118.5, 113.0, 117.50, 114.50, 316, otc]
[3527, 103.5, 97.8, 101.00, 100.00, 575, otc]
[3528, 50.9, 49.9, 50.10, 50.40, 78, tse]
[3529, 1370.0, 1220.0, 1,340.00, 1,335.00, 4684, otc]
[3530, 72.9, 70.1, 71.50, 71.50, 141, tse]
[3531, 26.8, 25.8, 26.80, 26.25, 80, otc]
[3532, 144.5, 135.0, 142.00, 136.00, 5511, tse]
[3533, 841.0, 788.0, 829.00, 826.00, 2306, tse]
[3535, 22.3, 20.95, 21.90, 21.00, 2722, tse]
[3536, 4.97, 3.99, 4.75, 3.99, 176, tse]
[3537, 35.2, 34.5, 34.85, 34.80, 130, otc]
[3540, 28.3, 26.65, 27.15, 27.65, 510, otc]
[3541, 53.1, 52.3, 52.70, 53.00, 113, otc]
[3543, 19.9, 19.4, 19.65, 19.80, 71, tse]
[3545, 61.8, 57.3, 59.70, 58.60, 10648, tse]
[3546, 79.8, 74.4, 76.80, 77.10, 2198, otc]
[3548, 61.8, 57.0, 57.00, 60.60, 1133, otc]
[3550, 14.2, 13.75, 13.90, 14.00, 305, tse]
[3551, 59.1, 57.1, 58.00, 57.50, 139, otc]
[3552, 142.0, 132.5, 141.50, 136.00, 3604, otc]
[3555, 29.0, 26.0, 27.55, 28.70, 53, otc]
[3556, 56.4, 54.2, 55.70, 55.00, 260, otc]
[3557, 49.65, 48.55, 49.25, 49.50, 103, tse]
[3558, 208.0, 195.0, 206.00, 199.00, 7711, otc]
[3563, 132.0, 127.5, 131.00, 130.50, 235, tse]
[3564, 30.35, 29.7, 30.10, 29.95, 268, otc]
[3567, 24.95, 23.35, 24.95, 24.15, 395, otc]
[3570, 88.3, 86.5, 87.80, 87.00, 36, otc]
[3576, 21.0, 20.35, 20.60, 20.65, 27112, tse]
[3577, 95.9, 84.5, 92.00, 84.50, 3318, otc]
[3580, 62.3, 58.3, 62.30, 59.00, 1470, otc]
[3581, 22.35, 21.6, 22.35, 21.90, 47, otc]
[3583, 73.4, 70.0, 72.60, 72.00, 931, tse]
[3587, 168.5, 151.5, 167.00, 151.50, 7125, otc]
[3588, 56.2, 52.3, 53.70, 53.10, 983, tse]
[3591, 16.05, 15.3, 15.75, 15.65, 553, tse]
[3592, 328.0, 296.5, 310.00, 304.50, 4590, tse]
[3593, 13.85, 12.75, 13.85, 13.35, 81, tse]
[3594, 28.8, 27.0, 27.95, 27.05, 3142, otc]
[3596, 99.5, 94.1, 98.40, 95.70, 2254, tse]
[3597, 23.35, 22.9, 23.20, 23.30, 133, otc]
[3605, 32.7, 31.65, 31.90, 31.90, 479, tse]
[3607, 12.0, 11.7, 12.00, 11.85, 391, tse]
[3609, 52.6, 50.9, 51.70, 51.80, 301, otc]
[3611, 193.5, 190.0, 190.50, 192.50, 110, otc]
[3615, 17.0, 16.5, 16.85, 16.60, 163, otc]
[3617, 97.5, 93.3, 96.90, 94.00, 826, tse]
[3622, 27.8, 26.7, 27.25, 27.15, 221, tse]
[3623, 15.8, 15.1, 15.40, 15.40, 184, otc]
[3624, 40.6, 38.05, 40.35, 38.80, 2668, otc]
[3625, 13.0, 11.8, 12.70, 12.20, 1133, otc]
[3628, 43.9, 42.3, 43.90, 42.60, 239, otc]
[3629, 39.95, 39.95, 39.95, 39.95, 1, otc]
[3630, 29.1, 27.5, 28.35, 27.85, 776, otc]
[3631, 41.45, 39.7, 40.85, 40.60, 134, otc]
[3632, 10.3, 9.98, 10.30, 10.00, 30, otc]
[3645, 33.3, 31.55, 32.55, 32.00, 779, tse]
[3646, 23.4, 23.0, 23.35, 23.30, 68, otc]
[3652, 23.4, 22.4, 22.90, 22.45, 289, tse]
[3653, 394.0, 359.0, 365.00, 376.50, 7485, tse]
[3661, 810.0, 731.0, 810.00, 788.00, 22079, tse]
[3663, 29.7, 28.1, 28.70, 28.45, 131, otc]
[3664, 12.05, 11.3, 11.70, 11.85, 328, otc]
[3665, 252.0, 231.5, 252.00, 236.50, 5720, tse]
[3666, 22.4, 18.6, 18.70, 19.40, 6801, otc]
[3669, 49.9, 45.65, 48.55, 46.30, 3325, tse]
[3672, 28.35, 26.45, 27.65, 26.70, 54, otc]
[3673, 30.0, 29.15, 29.90, 29.45, 1731, tse]
[3675, 170.5, 157.0, 169.00, 161.00, 2647, otc]
[3679, 93.0, 90.1, 91.20, 91.30, 135, tse]
[3680, 273.0, 235.5, 255.50, 265.00, 8549, otc]
[3682, 6.1, 5.89, 5.94, 6.10, 6960, tse]
[3684, 57.4, 55.5, 56.80, 55.60, 83, otc]
[3685, 20.05, 19.1, 19.45, 19.90, 268, otc]
[3686, 16.5, 15.15, 16.10, 15.15, 2269, tse]
[3687, 98.0, 89.4, 92.00, 94.50, 13769, otc]
[3689, 33.5, 31.8, 33.20, 31.95, 527, otc]
[3691, 104.5, 98.5, 102.00, 99.50, 811, otc]
[3693, 118.5, 104.0, 116.00, 114.00, 2777, otc]
[3694, 19.9, 19.2, 19.85, 19.40, 331, tse]
[3701, 39.35, 36.6, 38.65, 37.10, 1225, tse]
[3702, 48.55, 47.15, 47.50, 48.10, 12442, tse]
[3703, 28.3, 27.6, 28.20, 28.00, 2942, tse]
[3704, 34.95, 33.15, 34.00, 34.90, 15490, tse]
[3705, 52.3, 45.85, 46.60, 46.00, 67281, tse]
[3706, 30.1, 28.8, 29.65, 29.50, 10849, tse]
[3707, 90.2, 84.5, 87.00, 84.60, 11870, otc]
[3708, 99.1, 93.6, 94.60, 95.50, 5612, tse]
[3709, 23.0, 22.3, 23.00, 22.75, 93, otc]
[3710, 12.0, 11.0, 11.25, 11.15, 8529, otc]
[3711, 94.9, 92.1, 93.80, 93.90, 21431, tse]
[3712, 29.25, 27.45, 27.45, 27.80, 6043, tse]
[3713, 30.8, 28.5, 29.75, 28.95, 1193, otc]
[3714, 47.05, 44.65, 46.60, 44.75, 7264, tse]
[3715, 16.9, 16.05, 16.55, 16.20, 2621, tse]
[4102, 43.7, 35.7, 40.25, 36.05, 53169, otc]
[4104, 70.0, 67.1, 67.20, 67.60, 3255, tse]
[4105, 86.4, 81.8, 83.70, 83.40, 16237, otc]
[4106, 32.55, 28.3, 31.40, 29.40, 17124, tse]
[4107, 114.5, 110.5, 113.00, 111.50, 542, otc]
[4108, 20.05, 18.9, 19.05, 19.10, 1104, tse]
[4109, 15.15, 14.6, 14.80, 14.70, 506, otc]
[4111, 29.85, 26.9, 27.90, 27.10, 10221, otc]
[4113, 11.9, 11.7, 11.85, 11.75, 540, otc]
[4114, 55.8, 47.3, 51.90, 48.70, 239041, otc]
[4116, 68.6, 63.3, 67.00, 64.00, 3886, otc]
[4119, 99.7, 95.4, 96.30, 97.50, 2616, tse]
[4120, 38.3, 35.55, 38.30, 36.20, 415, otc]
[4121, 26.5, 23.6, 24.75, 24.45, 26909, otc]
[4123, 50.6, 46.6, 46.60, 47.30, 17960, otc]
[4126, 77.9, 72.3, 76.10, 75.50, 2306, otc]
[4127, 16.4, 15.15, 15.20, 15.45, 4504, otc]
[4128, 68.2, 61.5, 66.90, 62.20, 43030, otc]
[4129, 54.9, 45.5, 52.00, 47.80, 15913, otc]
[4130, 38.0, 31.55, 36.50, 32.50, 56571, otc]
[4131, 20.5, 20.0, 20.05, 20.50, 9, otc]
[4133, 41.5, 38.9, 40.55, 41.20, 19034, tse]
[4137, 219.5, 196.0, 205.00, 198.50, 5202, tse]
[4138, 68.5, 62.1, 62.10, 63.80, 2172, otc]
[4139, 42.6, 41.3, 41.30, 42.30, 157, otc]
[4142, 37.7, 35.1, 36.95, 35.60, 5946, tse]
[4147, 72.8, 69.7, 71.00, 70.70, 6084, otc]
[4148, 56.2, 53.3, 54.60, 53.70, 531, tse]
[4153, 43.0, 36.0, 36.20, 40.55, 12083, otc]
[4154, 41.5, 40.0, 40.90, 40.00, 5, otc]
[4155, 28.8, 27.2, 28.55, 27.55, 10421, tse]
[4157, 17.15, 15.8, 16.30, 16.05, 11462, otc]
[4160, 28.4, 26.8, 26.85, 27.40, 481, otc]
[4161, 29.55, 28.05, 28.10, 28.20, 1677, otc]
[4162, 128.5, 120.0, 120.00, 125.00, 57457, otc]
[4163, 114.5, 105.5, 109.00, 106.00, 6152, otc]
[4164, 45.3, 43.2, 44.50, 43.55, 1046, tse]
[4167, 28.0, 23.7, 26.95, 24.80, 187915, otc]
[4168, 33.2, 30.25, 32.10, 30.45, 7268, otc]
[4171, 66.0, 54.5, 56.30, 66.00, 26056, otc]
[4173, 21.9, 18.9, 19.10, 19.35, 12170, otc]
[4174, 79.3, 68.5, 76.00, 69.10, 9227, otc]
[4175, 82.2, 75.2, 75.20, 78.00, 1996, otc]
[4183, 19.3, 18.3, 19.10, 18.50, 67, otc]
[4188, 16.8, 15.9, 16.80, 15.95, 302, otc]
[4190, 84.5, 74.3, 78.90, 75.10, 3994, tse]
[4192, 27.05, 25.05, 27.00, 25.40, 165, otc]
[4198, 26.5, 25.4, 26.50, 26.50, 67, otc]
[4205, 102.5, 100.5, 102.00, 101.00, 22, otc]
[4207, 13.4, 12.7, 13.20, 13.00, 724, otc]
[4303, 15.6, 15.15, 15.50, 15.30, 287, otc]
[4304, 9.85, 9.3, 9.54, 9.60, 180, otc]
[4305, 30.4, 30.35, 30.40, 30.35, 6, otc]
[4306, 14.5, 14.15, 14.45, 14.40, 1827, tse]
[4401, 27.05, 26.2, 26.85, 26.20, 89, otc]
[4402, 10.8, 9.81, 9.95, 10.80, 1283, otc]
[4406, 10.5, 10.1, 10.25, 10.15, 228, otc]
[4413, 16.4, 15.6, 16.40, 16.20, 42, otc]
[4416, 80.8, 78.0, 78.00, 79.10, 20, otc]
[4417, 39.6, 38.25, 38.80, 38.50, 477, otc]
[4419, NaN, NaN, NaN, NaN, 0, otc]
[4420, 30.3, 29.6, 30.15, 30.15, 25, otc]
[4426, 28.0, 26.25, 27.15, 26.90, 1838, tse]
[4430, 22.0, 21.5, 21.75, 21.80, 32, otc]
[4432, 28.75, 27.45, 27.70, 27.50, 1759, otc]
[4433, 30.65, 30.0, 30.40, 30.35, 116, otc]
[4438, 120.5, 117.0, 120.00, 120.00, 509, tse]
[4439, 100.5, 99.0, 100.00, 99.80, 45, tse]
[4440, 32.5, 32.0, 32.50, 32.10, 78, tse]
[4502, 37.85, 36.4, 37.00, 37.25, 35, otc]
[4503, 42.45, 38.4, 39.25, 40.05, 9237, otc]
[4506, 70.1, 69.4, 69.90, 70.10, 126, otc]
[4510, 10.3, 10.05, 10.20, 10.30, 214, otc]
[4513, 24.55, 20.9, 21.90, 22.80, 2910, otc]
[4523, 42.4, 39.2, 41.50, 40.60, 1048, otc]
[4526, 14.4, 13.8, 14.40, 13.95, 386, tse]
[4527, 29.2, 28.1, 28.80, 28.55, 63, otc]
[4528, 31.95, 31.45, 31.60, 31.90, 65, otc]
[4529, 9.16, 8.9, 9.14, 8.99, 149, otc]
[4530, 6.9, 6.11, 6.50, 6.73, 250, otc]
[4532, 16.4, 16.05, 16.20, 16.10, 1486, tse]
[4533, 10.6, 10.4, 10.55, 10.50, 443, otc]
[4534, 9.12, 8.83, 9.12, 8.95, 443, otc]
[4535, 38.55, 37.95, 38.55, 38.40, 8, otc]
[4536, 191.5, 177.0, 191.50, 183.00, 2009, tse]
[4538, 18.75, 17.8, 18.45, 18.20, 186, otc]
[4540, 38.35, 36.15, 37.00, 36.45, 248, tse]
[4541, 30.75, 27.8, 28.80, 30.15, 4173, otc]
[4542, 25.8, 24.8, 24.80, 25.00, 8, otc]
[4543, 24.4, 23.05, 23.50, 23.35, 813, otc]
[4545, 30.75, 29.35, 29.65, 30.00, 308, tse]
[4549, 84.8, 83.4, 84.80, 84.70, 114, otc]
[4550, 23.4, 22.9, 23.20, 23.00, 100, otc]
[4551, 150.0, 142.5, 146.00, 149.00, 1578, tse]
[4552, 29.95, 29.5, 29.70, 29.90, 167, tse]
[4554, 24.45, 23.8, 24.15, 24.10, 89, otc]
[4555, 49.8, 49.0, 49.40, 49.70, 51, tse]
[4556, 30.7, 30.7, 30.70, 30.70, 1, otc]
[4557, 102.0, 99.4, 102.00, 100.50, 217, tse]
[4558, 24.4, 23.35, 24.15, 23.65, 31, otc]
[4560, 38.8, 38.0, 38.45, 38.70, 231, tse]
[4561, 22.4, 21.45, 21.55, 21.60, 79, otc]
[4562, 15.4, 14.95, 15.35, 15.10, 230, tse]
[4563, 39.45, 35.15, 36.35, 39.45, 986, otc]
[4564, 24.9, 23.5, 23.75, 24.30, 823, tse]
[4566, 52.3, 49.5, 51.70, 51.00, 1586, tse]
[4568, 59.4, 58.2, 58.70, 58.90, 24, otc]
[4571, 73.8, 69.0, 73.80, 70.20, 61, tse]
[4572, 127.0, 118.0, 125.00, 120.00, 1264, tse]
[4576, 71.2, 69.0, 70.00, 69.30, 135, tse]
[4577, 31.45, 30.05, 30.15, 31.15, 292, otc]
[4580, 81.2, 80.5, 80.90, 80.60, 116, otc]
[4581, 36.1, 34.1, 35.55, 35.75, 34, tse]
[4583, 185.0, 182.0, 183.50, 185.00, 32, tse]
[4584, 45.2, 44.2, 44.30, 44.45, 110, otc]
[4609, 8.25, 7.87, 8.08, 7.93, 23, otc]
[4702, 12.7, 12.05, 12.70, 12.20, 288, otc]
[4706, 17.0, 16.8, 17.00, 16.80, 13, otc]
[4707, 12.05, 11.8, 11.85, 11.95, 857, otc]
[4711, 15.1, 14.6, 14.75, 15.00, 111, otc]
[4712, 4.8, 4.47, 4.80, 4.61, 39, otc]
[4714, 10.65, 10.4, 10.50, 10.50, 467, otc]
[4716, 13.7, 12.55, 12.75, 13.15, 1013, otc]
[4720, 14.25, 13.6, 14.15, 13.75, 816, tse]
[4721, 104.0, 97.1, 102.50, 97.80, 2515, otc]
[4722, 34.25, 33.2, 34.25, 33.85, 516, tse]
[4726, 40.0, 37.1, 39.00, 37.50, 5632, otc]
[4728, 150.0, 135.0, 136.50, 136.00, 556, otc]
[4729, 15.45, 14.85, 15.45, 14.90, 182, otc]
[4735, 43.5, 38.6, 41.90, 39.30, 1549, otc]
[4736, 193.0, 179.0, 186.00, 185.00, 7609, otc]
[4737, 78.2, 77.0, 77.10, 77.20, 76, tse]
[4739, 96.5, 90.5, 95.30, 91.50, 2789, tse]
[4741, 25.4, 24.8, 25.40, 25.15, 35, otc]
[4743, 269.5, 241.5, 262.00, 245.50, 54197, otc]
[4744, 27.8, 24.4, 26.80, 24.75, 1487, otc]
[4745, 25.8, 24.5, 25.40, 24.85, 184, otc]
[4746, 76.8, 70.4, 73.70, 73.50, 48821, tse]
[4747, 60.7, 51.0, 60.60, 51.20, 10746, otc]
[4754, 36.0, 34.35, 34.65, 34.85, 27, otc]
[4755, 121.0, 111.0, 120.00, 115.00, 1264, tse]
[4760, 48.1, 46.5, 47.55, 46.90, 96, otc]
[4763, 195.0, 168.0, 172.00, 178.00, 20513, tse]
[4764, 52.1, 49.9, 50.30, 52.00, 6796, tse]
[4766, 134.5, 133.0, 133.50, 133.00, 95, tse]
[4767, 27.15, 26.2, 27.05, 27.15, 17, otc]
[4768, 160.5, 142.5, 159.00, 142.50, 2255, otc]
[4770, 335.0, 300.0, 302.50, 321.00, 7368, tse]
[4804, 12.05, 11.0, 11.50, 11.10, 1399, otc]
[4806, 6.79, 6.28, 6.45, 6.79, 20, otc]
[4807, 20.95, 20.05, 20.30, 20.75, 30, tse]
[4903, 14.45, 13.6, 14.00, 14.05, 147, otc]
[4904, 66.6, 65.5, 65.80, 65.90, 9063, tse]
[4905, 51.0, 50.0, 50.00, 50.50, 9, otc]
[4906, 27.95, 26.65, 27.40, 27.40, 5205, tse]
[4907, 27.0, 25.35, 26.30, 25.85, 381, otc]
[4908, 31.15, 29.6, 30.70, 29.95, 761, otc]
[4909, 16.6, 15.8, 16.45, 15.80, 384, otc]
[4911, 56.9, 48.7, 49.00, 53.40, 1126, otc]
[4912, 81.6, 78.0, 80.90, 79.00, 215, tse]
[4915, 56.0, 54.7, 55.10, 55.50, 7309, tse]
[4916, 27.4, 25.5, 26.50, 26.70, 2578, tse]
[4919, 119.0, 111.5, 117.50, 115.00, 14730, tse]
[4923, 50.0, 49.25, 49.60, 49.70, 218, otc]
[4924, 15.35, 14.1, 14.50, 14.15, 1122, otc]
[4927, 55.2, 52.4, 54.90, 53.30, 2187, tse]
[4930, 27.4, 26.6, 26.60, 27.05, 327, tse]
[4931, 47.35, 43.2, 47.35, 44.80, 15924, otc]
[4933, 31.8, 30.9, 31.80, 31.20, 85, otc]
[4934, 28.5, 26.8, 27.70, 27.80, 3752, tse]
[4935, 56.4, 54.5, 56.30, 55.00, 309, tse]
[4938, 64.3, 63.1, 64.20, 63.50, 10705, tse]
[4939, 15.05, 14.65, 15.00, 14.75, 444, otc]
[4942, 36.0, 35.1, 35.45, 35.35, 424, tse]
[4943, 13.95, 10.35, 10.35, 13.95, 3211, tse]
[4944, 11.65, 10.3, 11.20, 10.30, 88, otc]
[4945, 46.75, 44.0, 46.75, 44.95, 150, otc]
[4946, 55.5, 50.8, 52.80, 53.30, 746, otc]
[4950, 22.9, 21.0, 22.90, 21.40, 7455, otc]
[4951, 50.1, 47.6, 49.60, 48.10, 393, otc]
[4952, 48.4, 46.1, 47.85, 46.25, 696, tse]
[4953, 83.5, 81.0, 82.00, 82.70, 603, otc]
[4956, 14.6, 14.2, 14.40, 14.20, 404, tse]
[4958, 109.0, 103.5, 108.00, 105.00, 13118, tse]
[4960, 9.92, 9.65, 9.70, 9.86, 4011, tse]
[4961, 125.0, 113.5, 118.00, 115.50, 18133, tse]
[4966, 826.0, 768.0, 826.00, 773.00, 2908, otc]
[4967, 30.75, 30.0, 30.20, 30.45, 591, tse]
[4968, 124.0, 110.5, 114.00, 112.50, 33560, tse]
[4971, 53.6, 51.4, 53.60, 52.40, 907, otc]
[4972, 29.85, 29.3, 29.85, 29.50, 52, otc]
[4973, 22.5, 21.6, 21.80, 21.85, 683, otc]
[4974, 57.8, 56.3, 57.60, 57.00, 349, otc]
[4976, 38.85, 37.05, 38.20, 37.60, 609, tse]
[4977, 100.5, 93.7, 97.50, 98.90, 16666, tse]
[4979, 43.6, 39.55, 42.00, 39.80, 27483, otc]
[4987, 57.7, 56.5, 57.70, 57.70, 66, otc]
[4989, 25.5, 24.0, 25.50, 24.85, 317, tse]
[4991, 39.0, 37.0, 38.05, 39.00, 95, otc]
[4994, 42.5, 40.4, 40.60, 40.90, 712, tse]
[4995, 38.2, 37.45, 37.55, 37.70, 79, otc]
[4999, 37.4, 36.5, 37.40, 36.70, 47, tse]
[5007, 51.0, 50.5, 50.80, 50.70, 69, tse]
[5009, 37.6, 35.8, 37.60, 37.15, 49426, otc]
[5011, 25.4, 24.05, 25.35, 24.75, 1326, otc]
[5013, 36.8, 35.2, 36.45, 35.20, 27, otc]
[5014, 19.25, 18.0, 18.95, 18.55, 24598, otc]
[5015, 59.6, 56.3, 59.00, 57.30, 1458, otc]
[5016, 29.4, 28.7, 28.90, 29.30, 55, otc]
[5201, 28.65, 27.2, 27.50, 27.75, 39, otc]
[5202, 17.5, 14.6, 14.80, 17.15, 477, otc]
[5203, 84.0, 82.0, 83.00, 82.90, 223, tse]
[5205, 47.4, 43.1, 43.95, 44.60, 12, otc]
[5206, 16.4, 15.5, 16.20, 16.25, 348, otc]
[5209, 79.5, 77.8, 78.00, 78.60, 74, otc]
[5210, 15.2, 14.85, 14.95, 15.05, 519, otc]
[5211, 20.3, 18.8, 19.05, 19.10, 792, otc]
[5212, 39.4, 36.9, 38.20, 36.90, 234, otc]
[5213, 22.2, 21.85, 22.05, 22.15, 668, otc]
[5215, 46.3, 43.4, 46.30, 44.55, 306, tse]
[5220, 28.35, 28.0, 28.20, 28.20, 52, otc]
[5222, 142.5, 134.5, 137.00, 139.00, 1085, tse]
[5223, 39.45, 38.4, 39.15, 38.65, 72, otc]
[5225, 39.2, 35.85, 38.50, 35.90, 5154, tse]
[5227, 67.2, 65.2, 66.80, 66.20, 923, otc]
[5228, 21.55, 20.6, 21.30, 21.10, 100, otc]
[5230, 23.55, 22.85, 22.85, 23.05, 268, otc]
[5234, 67.8, 64.7, 67.00, 65.00, 415, tse]
[5236, 70.3, 67.5, 68.00, 68.20, 293, otc]
[5243, 60.0, 56.5, 59.30, 57.50, 3416, tse]
[5244, 27.1, 26.0, 27.10, 26.50, 158, tse]
[5245, 53.5, 50.3, 52.00, 51.20, 572, otc]
[5251, 25.6, 23.35, 25.40, 23.85, 2588, otc]
[5258, 66.5, 61.1, 65.50, 63.00, 9797, tse]
[5263, 131.5, 123.0, 124.00, 128.50, 3346, otc]
[5269, 726.0, 670.0, 718.00, 670.00, 2587, tse]
[5272, 27.6, 25.6, 27.60, 26.05, 1133, otc]
[5274, 1830.0, 1685.0, 1,830.00, 1,685.00, 1466, otc]
[5276, 14.65, 13.85, 14.55, 14.55, 28, otc]
[5278, 198.0, 185.5, 185.50, 193.00, 114, otc]
[5281, 16.95, 15.75, 16.30, 16.20, 36, otc]
[5283, 106.5, 104.0, 104.50, 106.00, 333, tse]
[5284, 73.3, 67.1, 68.80, 67.50, 11760, tse]
[5285, 62.1, 59.5, 61.30, 60.20, 598, tse]
[5287, 195.0, 188.0, 190.50, 190.00, 58, otc]
[5288, 166.5, 153.0, 156.00, 164.00, 473, tse]
[5289, 187.5, 178.0, 183.00, 185.50, 493, otc]
[5291, 32.35, 31.25, 32.15, 31.75, 175, otc]
[5299, 113.5, 106.0, 113.00, 110.50, 596, otc]
[5301, 11.8, 11.0, 11.15, 11.20, 32, otc]
[5302, 8.5, 8.2, 8.47, 8.32, 305, otc]
[5306, 141.0, 138.0, 140.50, 140.00, 307, tse]
[5309, 40.3, 37.45, 39.15, 38.30, 6120, otc]
[5310, 28.3, 26.75, 26.75, 27.85, 17, otc]
[5312, 58.0, 57.3, 57.50, 58.00, 51, otc]
[5314, 18.6, 15.0, 18.60, 16.80, 89, otc]
[5315, 18.25, 17.75, 18.20, 18.05, 544, otc]
[5321, 67.1, 62.7, 63.20, 63.00, 873, otc]
[5324, 8.43, 8.3, 8.39, 8.40, 76, otc]
[5328, 10.25, 9.99, 10.10, 10.10, 360, otc]
[5340, 25.3, 24.2, 25.30, 25.05, 349, otc]
[5344, 18.65, 16.5, 18.60, 17.90, 721, otc]
[5345, 6.8, 6.3, 6.67, 6.45, 50, otc]
[5347, 82.1, 76.0, 81.80, 77.50, 20504, otc]
[5348, 9.48, 8.51, 8.70, 9.21, 50, otc]
[5351, 43.4, 39.5, 41.00, 39.50, 28503, otc]
[5353, 28.5, 26.5, 28.50, 27.40, 2267, otc]
[5355, 6.39, 6.12, 6.25, 6.17, 309, otc]
[5356, 20.75, 20.5, 20.60, 20.65, 110, otc]
[5364, 24.25, 22.8, 23.00, 23.30, 76, otc]
[5371, 58.8, 55.6, 55.90, 56.90, 21428, otc]
[5381, 6.14, 5.86, 6.00, 6.00, 138, otc]
[5383, 26.65, 24.85, 25.80, 25.60, 62, otc]
[5386, 37.15, 33.8, 36.00, 34.80, 939, otc]
[5388, 78.9, 75.1, 77.90, 76.30, 5785, tse]
[5392, 21.05, 20.25, 21.05, 20.40, 397, otc]
[5398, 16.85, 16.25, 16.70, 16.40, 58, otc]
[5403, 68.6, 67.5, 67.90, 68.30, 273, otc]
[5410, 33.8, 32.0, 33.60, 32.70, 1423, otc]
[5425, 76.3, 72.3, 75.60, 74.20, 15730, otc]
[5426, 14.05, 13.05, 13.80, 13.25, 1633, otc]
[5432, 29.05, 27.3, 28.05, 27.30, 69, otc]
[5434, 166.5, 158.5, 166.50, 164.00, 1297, tse]
[5438, 16.85, 16.55, 16.60, 16.75, 18, otc]
[5439, 47.8, 46.5, 47.10, 46.95, 329, otc]
[5443, 28.9, 27.2, 28.85, 27.60, 1989, otc]
[5450, 18.1, 17.65, 18.00, 18.00, 116, otc]
[5452, 14.8, 14.2, 14.70, 14.35, 185, otc]
[5455, 27.95, 26.15, 27.30, 27.95, 4, otc]
[5457, 51.4, 47.65, 49.35, 48.30, 3760, otc]
[5460, 11.05, 10.8, 10.95, 11.00, 61, otc]
[5464, 26.95, 25.7, 26.00, 26.40, 1416, otc]
[5465, 19.9, 18.9, 19.90, 19.45, 573, otc]
[5468, 17.35, 16.5, 17.35, 16.80, 121, otc]
[5469, 32.5, 31.1, 31.75, 31.65, 2014, tse]
[5471, 51.5, 48.8, 50.70, 50.10, 3120, tse]
[5474, 74.5, 72.0, 74.00, 72.30, 88, otc]
[5475, 10.45, 9.9, 10.20, 10.00, 1014, otc]
[5478, 82.0, 78.3, 79.50, 79.80, 2010, otc]
[5481, 12.4, 12.0, 12.30, 12.15, 220, otc]
[5483, 146.0, 136.0, 144.50, 139.50, 10584, otc]
[5484, 14.0, 13.35, 13.50, 13.80, 190, tse]
[5487, 25.6, 25.2, 25.60, 25.20, 3, otc]
[5488, 9.77, 9.37, 9.70, 9.50, 643, otc]
[5489, 37.65, 36.3, 37.30, 36.45, 191, otc]
[5490, 22.55, 21.8, 22.05, 22.00, 169, otc]
[5493, 50.7, 49.75, 50.60, 50.40, 49, otc]
[5498, 11.5, 10.5, 11.45, 10.60, 3993, otc]
[5508, 56.9, 54.1, 56.90, 54.50, 644, otc]
[5511, 30.45, 29.55, 30.05, 30.00, 230, otc]
[5512, 8.94, 8.58, 8.58, 8.61, 3506, otc]
[5514, 18.2, 17.05, 17.40, 17.80, 78, otc]
[5515, 11.45, 11.2, 11.35, 11.40, 267, tse]
[5516, 18.85, 18.15, 18.15, 18.25, 206, otc]
[5519, 22.8, 22.25, 22.80, 22.40, 441, tse]
[5520, 55.2, 55.0, 55.10, 55.10, 8, otc]
[5521, 6.77, 6.65, 6.74, 6.75, 1422, tse]
[5522, 58.6, 56.8, 58.50, 56.80, 2487, tse]
[5523, 24.85, 23.75, 24.45, 24.80, 99, otc]
[5525, 25.0, 24.6, 24.80, 24.75, 264, tse]
[5529, 13.05, 12.55, 12.90, 12.90, 78, otc]
[5530, 40.3, 38.55, 38.90, 39.05, 2395, otc]
[5531, 9.34, 9.19, 9.23, 9.33, 612, tse]
[5533, 17.65, 17.4, 17.45, 17.55, 381, tse]
[5534, 74.1, 72.5, 74.10, 73.70, 1049, tse]
[5536, 103.0, 99.7, 103.00, 101.50, 1343, otc]
[5538, 42.5, 41.45, 42.40, 42.50, 63, tse]
[5543, 55.3, 52.8, 54.50, 52.80, 12, otc]
[5546, 47.5, 45.15, 47.05, 47.50, 152, tse]
[5601, 36.0, 35.75, 36.00, 36.00, 10, otc]
[5603, 23.85, 21.45, 23.85, 21.70, 2111, otc]
[5604, 52.5, 51.8, 52.00, 52.20, 60, otc]
[5607, 53.5, 49.85, 50.40, 52.30, 2301, tse]
[5608, 26.35, 24.7, 26.35, 25.10, 33146, tse]
[5609, 73.0, 69.2, 73.00, 69.80, 861, otc]
[5701, 2.98, 2.92, 2.93, 2.94, 870, otc]
[5703, 20.0, 18.85, 18.85, 20.00, 399, otc]
[5704, 57.8, 50.7, 53.20, 51.90, 6391, otc]
[5706, 66.3, 58.5, 61.20, 61.40, 17736, tse]
[5864, 10.45, 10.05, 10.45, 10.25, 162, otc]
[5871, 220.5, 207.5, 217.00, 217.00, 17343, tse]
[5876, 44.4, 43.55, 44.15, 44.05, 14194, tse]
[5878, 47.8, 47.05, 47.50, 47.80, 9, otc]
[5880, 26.2, 25.6, 25.95, 26.00, 27600, tse]
[5902, 34.8, 33.0, 34.80, 33.80, 130, otc]
[5903, 208.5, 199.0, 203.00, 205.00, 359, otc]
[5904, 503.0, 447.0, 455.00, 497.50, 4127, otc]
[5905, 12.5, 11.7, 11.70, 12.05, 8066, otc]
[5906, 30.7, 29.8, 30.70, 30.25, 10, tse]
[5907, 18.35, 17.1, 17.80, 17.25, 3173, tse]
[6005, 11.25, 10.65, 11.10, 10.85, 9775, tse]
[6015, 9.04, 8.64, 8.99, 8.77, 3103, otc]
[6016, 9.87, 9.52, 9.85, 9.68, 1313, otc]
[6020, 18.7, 18.4, 18.70, 18.60, 40, otc]
[6021, 20.0, 18.6, 19.55, 20.00, 104, otc]
[6023, 49.1, 48.5, 48.90, 48.95, 117, otc]
[6024, 37.1, 36.5, 37.00, 36.75, 314, tse]
[6026, 10.2, 9.83, 10.20, 10.05, 3471, otc]
[6101, 26.0, 23.2, 24.85, 25.50, 227, otc]
[6103, NaN, NaN, NaN, NaN, 0, otc]
[6104, 91.9, 86.5, 89.20, 88.00, 12114, otc]
[6108, 16.75, 16.4, 16.65, 16.45, 392, tse]
[6109, 16.25, 15.0, 16.25, 15.10, 4568, otc]
[6111, 67.4, 60.0, 61.80, 65.10, 31462, otc]
[6112, 33.0, 32.25, 32.50, 32.70, 206, tse]
[6113, 17.4, 16.4, 17.05, 16.60, 877, otc]
[6114, 24.75, 23.4, 24.75, 24.10, 301, otc]
[6115, 42.65, 42.05, 42.20, 42.20, 187, tse]
[6116, 11.35, 10.9, 11.10, 11.15, 25029, tse]
[6117, 14.3, 13.5, 13.85, 13.85, 333, tse]
[6118, 37.0, 33.6, 35.80, 36.80, 23367, otc]
[6120, 9.08, 8.77, 9.07, 8.81, 1893, tse]
[6121, 293.0, 282.5, 288.00, 285.00, 1287, otc]
[6122, 18.7, 17.0, 18.35, 17.10, 6295, otc]
[6123, 54.8, 53.3, 54.80, 53.60, 415, otc]
[6124, 27.95, 26.05, 26.65, 26.05, 524, otc]
[6125, 26.55, 25.15, 26.20, 25.40, 7677, otc]
[6126, 20.55, 19.8, 20.55, 20.20, 465, otc]
[6127, 16.75, 16.1, 16.50, 16.15, 388, otc]
[6128, 29.8, 29.25, 29.45, 29.45, 420, tse]
[6129, 30.55, 28.85, 30.15, 29.60, 5355, otc]
[6130, 30.55, 29.9, 29.95, 29.90, 60, otc]
[6133, 23.4, 22.0, 23.35, 22.60, 21753, tse]
[6134, 23.0, 20.8, 21.20, 21.10, 1894, otc]
[6136, 18.35, 18.0, 18.35, 18.15, 310, tse]
[6138, 121.5, 111.5, 117.50, 115.00, 3862, otc]
[6139, 39.5, 36.4, 37.00, 37.65, 12785, tse]
[6140, 17.0, 16.2, 17.00, 16.40, 424, otc]
[6141, 19.75, 18.7, 19.05, 19.00, 338, tse]
[6142, 10.65, 10.05, 10.60, 10.30, 4129, tse]
[6143, 68.6, 61.9, 66.60, 63.50, 8127, otc]
[6144, 15.6, 14.0, 15.00, 15.15, 49, otc]
[6146, 233.0, 209.5, 233.00, 209.50, 1532, otc]
[6147, 59.5, 57.4, 58.10, 57.40, 6291, otc]
[6148, 12.7, 12.35, 12.70, 12.55, 117, otc]
[6150, 75.7, 66.7, 73.70, 69.20, 9429, otc]
[6151, 27.15, 26.2, 26.70, 26.35, 208, otc]
[6152, 10.1, 9.76, 9.97, 10.05, 841, tse]
[6153, 24.4, 23.25, 23.90, 23.60, 9120, tse]
[6154, 15.9, 15.6, 15.80, 15.75, 30, otc]
[6155, 25.5, 24.15, 24.85, 24.40, 1614, tse]
[6156, 20.0, 18.45, 20.00, 19.05, 1148, otc]
[6158, 26.0, 24.9, 25.75, 25.15, 90, otc]
[6160, 18.05, 16.2, 18.05, 16.70, 1169, otc]
[6161, 25.1, 24.55, 24.80, 24.95, 224, otc]
[6163, 14.95, 14.4, 14.75, 14.80, 826, otc]
[6164, 10.55, 9.7, 10.05, 9.95, 1790, tse]
[6165, 28.0, 26.65, 28.00, 27.35, 200, tse]
[6166, 55.9, 52.8, 52.90, 53.80, 491, tse]
[6167, 12.35, 11.65, 12.35, 11.85, 1522, otc]
[6168, 17.95, 17.4, 17.80, 17.60, 624, tse]
[6169, 21.0, 19.4, 19.40, 20.60, 302, otc]
[6170, 35.55, 34.05, 35.00, 34.65, 617, otc]
[6171, 24.3, 23.95, 24.00, 24.20, 77, otc]
[6173, 34.8, 33.15, 34.50, 34.10, 628, otc]
[6174, 26.45, 25.3, 26.45, 25.45, 330, otc]
[6175, 33.3, 32.0, 32.35, 32.60, 703, otc]
[6176, 107.0, 103.0, 105.50, 105.00, 5472, tse]
[6177, 29.75, 29.1, 29.40, 29.60, 1925, tse]
[6179, 24.85, 23.75, 24.40, 24.80, 532, otc]
[6180, 70.0, 65.8, 66.00, 69.90, 19273, otc]
[6182, 42.6, 40.0, 42.30, 40.80, 8822, otc]
[6183, 60.0, 57.9, 60.00, 59.00, 97, tse]
[6184, 48.15, 47.95, 48.00, 48.05, 161, tse]
[6185, 12.4, 12.2, 12.30, 12.25, 242, otc]
[6186, 37.0, 34.05, 34.10, 36.80, 5872, otc]
[6187, 65.3, 59.6, 65.20, 60.80, 2283, otc]
[6188, 41.2, 39.55, 40.70, 40.15, 2533, otc]
[6189, 38.1, 37.75, 38.05, 37.95, 436, tse]
[6190, 29.7, 27.85, 29.70, 28.55, 3778, otc]
[6191, 28.45, 27.05, 27.90, 27.55, 2523, tse]
[6192, 69.7, 68.5, 69.10, 69.00, 319, tse]
[6194, 23.5, 23.1, 23.50, 23.30, 63, otc]
[6195, 43.5, 42.3, 43.00, 42.55, 127, otc]
[6196, 118.0, 112.5, 118.00, 118.00, 1577, tse]
[6197, 40.75, 39.7, 40.75, 40.00, 779, tse]
[6198, 19.7, 19.5, 19.60, 19.70, 16, otc]
[6199, 18.2, 17.4, 17.60, 17.70, 57, otc]
[6201, 39.8, 38.65, 39.80, 39.00, 29, tse]
[6202, 69.3, 65.7, 67.90, 68.20, 4518, tse]
[6203, 52.1, 51.0, 51.20, 51.50, 197, otc]
[6204, 59.5, 58.0, 58.20, 58.60, 47, otc]
[6205, 72.8, 67.0, 72.00, 67.00, 3582, tse]
[6206, 67.9, 65.4, 65.40, 66.90, 1414, tse]
[6207, 26.35, 25.35, 26.35, 25.50, 422, otc]
[6208, 50.1, 49.0, 49.90, 49.50, 293, otc]
[6209, 25.75, 24.2, 25.50, 24.40, 945, tse]
[6210, 36.1, 35.0, 35.10, 35.10, 13, otc]
[6212, 48.95, 46.0, 48.95, 46.00, 3, otc]
[6213, 73.2, 70.2, 71.90, 72.60, 3634, tse]
[6214, 71.5, 69.0, 69.20, 69.50, 2137, tse]
[6215, 20.65, 19.9, 19.95, 20.10, 537, tse]
[6216, 25.45, 25.0, 25.25, 25.20, 626, tse]
[6217, 44.9, 41.5, 43.75, 41.85, 3317, otc]
[6218, 18.25, 17.95, 18.15, 18.10, 107, otc]
[6219, 11.0, 10.6, 11.00, 10.70, 638, otc]
[6220, 26.45, 25.6, 25.95, 26.20, 3829, otc]
[6221, 51.9, 51.4, 51.50, 51.50, 19, otc]
[6222, 15.35, 14.5, 15.35, 14.65, 50, otc]
[6223, 120.5, 111.5, 112.50, 112.50, 11127, otc]
[6224, 57.4, 55.8, 57.10, 56.70, 489, tse]
[6225, 13.35, 10.8, 10.85, 12.85, 266, tse]
[6226, 10.7, 10.2, 10.70, 10.20, 1120, tse]
[6227, 40.35, 39.4, 40.00, 40.30, 357, otc]
[6228, 12.85, 12.25, 12.45, 12.40, 88, otc]
[6229, 25.35, 23.85, 24.60, 24.45, 184, otc]
[6230, 119.0, 114.5, 118.00, 116.00, 54, tse]
[6231, 87.7, 80.2, 87.60, 82.80, 1763, otc]
[6233, 22.05, 20.25, 20.55, 20.40, 966, otc]
[6234, 24.45, 21.35, 21.50, 23.60, 18256, otc]
[6235, 36.65, 34.05, 36.65, 34.90, 10545, tse]
[6236, 17.0, 14.2, 14.20, 17.00, 4, otc]
[6237, 46.4, 43.4, 45.30, 44.35, 2408, otc]
[6239, 82.3, 79.2, 80.90, 79.20, 8962, tse]
[6240, 18.3, 17.4, 18.00, 17.80, 73, otc]
[6241, 16.05, 15.35, 15.90, 15.60, 315, otc]
[6242, 64.6, 53.5, 55.60, 56.40, 1994, otc]
[6243, 28.95, 27.2, 28.60, 27.85, 452, tse]
[6244, 29.45, 28.1, 28.60, 28.50, 27822, otc]
[6245, 95.6, 90.2, 92.10, 92.00, 14152, otc]
[6246, 14.7, 14.3, 14.65, 14.70, 96, otc]
[6247, 15.4, 15.4, 15.40, 15.40, 19, otc]
[6248, 22.9, 21.8, 22.70, 22.45, 819, otc]
[6257, 49.2, 47.55, 49.05, 48.55, 2826, tse]
[6259, 23.35, 21.15, 22.80, 21.15, 150, otc]
[6261, 58.6, 56.7, 57.90, 57.10, 460, otc]
[6263, 91.0, 87.0, 87.20, 89.80, 234, otc]
[6264, 8.36, 8.15, 8.33, 8.15, 222, otc]
[6265, 9.98, 9.42, 9.85, 9.43, 793, otc]
[6266, 25.65, 23.8, 25.50, 23.85, 4103, otc]
[6269, 100.5, 96.5, 100.00, 98.00, 2361, tse]
[6270, 22.1, 21.75, 22.10, 21.90, 97, otc]
[6271, 204.0, 190.5, 201.00, 191.00, 5330, tse]
[6274, 52.8, 50.3, 52.60, 51.40, 3943, otc]
[6275, 27.0, 25.85, 27.00, 26.15, 354, otc]
[6276, 17.4, 16.05, 17.10, 16.50, 339, otc]
[6277, 77.7, 76.9, 77.00, 77.50, 71, tse]
[6278, 94.0, 88.6, 92.00, 89.00, 3892, tse]
[6279, 151.5, 136.5, 150.50, 144.50, 9115, otc]
[6281, 82.3, 81.1, 81.20, 81.80, 72, tse]
[6282, 30.7, 29.15, 30.60, 29.85, 9454, tse]
[6283, 32.95, 31.5, 32.95, 31.90, 518, tse]
[6284, 52.7, 48.65, 51.60, 51.80, 2097, otc]
[6285, 81.7, 77.2, 81.00, 78.40, 18552, tse]
[6287, 24.0, 23.05, 24.00, 23.05, 6, otc]
[6288, 23.5, 22.2, 22.85, 22.45, 3488, tse]
[6290, 54.1, 51.5, 53.90, 53.00, 2596, otc]
[6291, 100.0, 97.1, 100.00, 98.00, 49, otc]
[6292, 40.85, 40.0, 40.00, 40.30, 229, otc]
[6294, 108.5, 104.0, 104.00, 108.00, 156, otc]
[6404, 18.9, 18.0, 18.30, 18.90, 5, otc]
[6405, 21.7, 21.0, 21.20, 21.55, 142, tse]
[6409, 1585.0, 1510.0, 1,535.00, 1,545.00, 243, tse]
[6411, 87.0, 82.7, 86.00, 84.20, 1515, otc]
[6412, 74.6, 72.6, 74.60, 73.00, 515, tse]
[6414, 204.5, 196.0, 198.50, 203.50, 1288, tse]
[6415, 458.5, 424.0, 443.00, 436.50, 5837, tse]
[6416, 90.1, 86.2, 88.70, 87.10, 304, tse]
[6417, 88.2, 84.3, 84.30, 87.20, 41, otc]
[6418, 16.15, 15.35, 15.75, 15.60, 32, otc]
[6419, 35.7, 34.8, 34.80, 35.70, 20, otc]
[6425, 21.45, 20.2, 20.20, 21.35, 265, otc]
[6426, 62.2, 59.0, 61.00, 59.60, 428, tse]
[6431, 20.8, 19.9, 20.35, 20.35, 196, tse]
[6432, 32.2, 30.0, 30.65, 30.65, 244, otc]
[6435, 101.0, 95.6, 99.00, 97.50, 536, otc]
[6438, 87.4, 84.5, 86.90, 85.00, 413, tse]
[6441, 55.6, 49.95, 53.60, 51.40, 2949, otc]
[6442, 46.75, 43.3, 45.85, 43.60, 1024, tse]
[6443, 36.9, 33.6, 34.55, 34.55, 118407, tse]
[6446, 499.0, 463.0, 489.00, 477.00, 4215, otc]
[6449, 42.1, 41.5, 42.10, 41.65, 52, tse]
[6451, 90.5, 81.5, 90.20, 81.50, 2583, tse]
[6456, 93.5, 87.3, 93.40, 88.00, 4515, tse]
[6457, 63.5, 57.7, 63.50, 59.00, 705, otc]
[6461, 37.25, 32.85, 36.80, 33.25, 5946, otc]
[6462, 63.9, 60.1, 62.70, 60.50, 429, otc]
[6464, 97.5, 95.8, 97.40, 96.70, 660, tse]
[6465, 17.3, 16.25, 17.00, 16.80, 187, otc]
[6469, 308.0, 284.0, 284.00, 295.50, 3046, otc]
[6470, 55.9, 51.2, 55.80, 53.00, 1486, otc]
[6472, 437.0, 399.5, 411.50, 414.50, 22833, otc]
[6477, 47.65, 45.3, 45.70, 45.40, 8047, tse]
[6482, 43.0, 41.0, 43.00, 41.70, 28, otc]
[6485, 69.0, 63.7, 65.90, 64.60, 1384, otc]
[6486, 64.4, 59.6, 59.60, 62.10, 339, otc]
[6488, 443.5, 421.5, 438.00, 427.50, 5108, otc]
[6491, 441.0, 402.5, 407.50, 424.00, 4098, tse]
[6492, 65.0, 57.2, 63.20, 58.00, 1538, otc]
[6494, 75.2, 69.5, 73.80, 70.90, 704, otc]
[6496, 29.0, 27.05, 28.40, 27.80, 119, otc]
[6499, 60.4, 57.8, 59.30, 58.10, 551, otc]
[6504, 76.0, 72.8, 74.90, 73.20, 535, tse]
[6505, 81.2, 79.4, 80.40, 80.30, 5442, tse]
[6506, 19.3, 19.1, 19.30, 19.25, 93, otc]
[6508, 37.0, 35.6, 36.20, 36.00, 915, otc]
[6509, 44.95, 40.85, 41.90, 40.90, 18894, otc]
[6510, 496.0, 465.5, 496.00, 465.50, 702, otc]
[6512, 24.45, 23.35, 23.60, 24.20, 35, otc]
[6514, 54.6, 51.0, 52.00, 51.50, 103, otc]
[6515, 425.0, 391.0, 412.00, 418.00, 2130, tse]
[6516, 77.8, 76.0, 76.80, 76.50, 84, otc]
[6517, 69.0, 56.5, 69.00, 58.30, 6836, otc]
[6523, 114.5, 103.0, 103.50, 103.50, 6122, otc]
[6525, 70.3, 67.8, 69.10, 68.20, 273, tse]
[6527, 52.6, 51.1, 52.60, 52.00, 193, otc]
[6530, 22.45, 21.5, 22.45, 22.40, 257, otc]
[6531, 175.0, 163.5, 170.00, 165.00, 10292, tse]
[6532, 52.4, 49.35, 51.80, 50.10, 737, otc]
[6533, 510.0, 473.0, 498.50, 497.50, 19978, tse]
[6535, 45.15, 39.15, 41.80, 39.40, 11499, otc]
[6538, 70.8, 68.2, 68.90, 68.60, 184, otc]
[6541, 37.75, 34.65, 36.30, 35.10, 2174, tse]
[6542, 47.15, 44.65, 44.65, 46.20, 19, otc]
[6546, 72.8, 69.7, 70.70, 71.10, 1095, otc]
[6547, 76.1, 62.2, 71.10, 69.50, 21542, otc]
[6548, 30.35, 29.2, 30.35, 29.70, 910, otc]
[6550, 93.7, 87.3, 90.60, 88.70, 27530, tse]
[6552, 31.1, 29.4, 30.90, 30.00, 409, tse]
[6556, 114.0, 105.5, 109.50, 113.00, 202, otc]
[6558, 22.45, 21.0, 22.45, 21.85, 468, tse]
[6560, 36.6, 35.0, 35.35, 35.70, 151, otc]
[6561, 282.0, 275.5, 279.50, 281.00, 87, otc]
[6568, 168.0, 151.0, 168.00, 151.50, 2261, otc]
[6569, 101.0, 97.5, 101.00, 97.80, 80, otc]
[6570, 47.7, 45.4, 46.85, 46.30, 796, otc]
[6573, 14.0, 13.25, 13.85, 13.40, 192, tse]
[6574, 49.95, 48.05, 49.50, 49.15, 33, otc]
[6576, 95.0, 90.4, 91.90, 91.40, 933, otc]
[6577, 58.7, 57.7, 58.50, 58.20, 52, otc]
[6578, 18.55, 15.9, 17.45, 16.10, 20568, otc]
[6579, 89.0, 82.9, 83.50, 87.10, 528, tse]
[6581, 92.5, 90.4, 91.20, 92.00, 297, tse]
[6582, 64.8, 57.4, 60.50, 58.00, 1971, tse]
[6585, 60.4, 54.2, 55.90, 60.40, 3289, tse]
[6588, 32.65, 30.0, 31.90, 31.40, 37, otc]
[6589, 128.5, 120.0, 125.50, 123.00, 22427, otc]
[6590, 56.8, 52.5, 53.50, 56.50, 106, otc]
[6591, 43.4, 41.2, 42.70, 41.90, 242, tse]
[6592, 102.0, 98.5, 100.00, 102.00, 1216, tse]
[6593, 44.4, 41.9, 43.40, 43.30, 171, otc]
[6594, 27.1, 25.2, 25.95, 25.70, 88, otc]
[6596, 45.2, 43.3, 44.00, 44.80, 139, otc]
[6598, 31.85, 28.95, 30.75, 31.00, 5686, tse]
[6603, 18.1, 17.05, 18.05, 17.30, 5297, otc]
[6605, 73.2, 70.3, 70.50, 71.70, 1855, tse]
[6609, 35.6, 34.3, 34.65, 35.00, 927, otc]
[6612, 82.5, 79.0, 81.30, 81.20, 96, otc]
[6613, 90.0, 87.2, 89.90, 88.50, 221, otc]
[6615, 39.1, 36.7, 36.85, 36.70, 49, otc]
[6616, 13.95, 13.5, 13.95, 13.70, 99, otc]
[6624, 41.1, 40.15, 40.70, 40.70, 20, otc]
[6625, 42.95, 39.5, 42.45, 41.10, 1954, tse]
[6629, 46.6, 46.0, 46.00, 46.60, 32, otc]
[6640, 88.7, 86.0, 86.50, 87.90, 45, otc]
[6641, 53.7, 52.3, 53.70, 53.00, 14, tse]
[6642, 44.8, 43.5, 44.65, 44.75, 171, otc]
[6643, 513.0, 456.5, 501.00, 457.00, 18034, otc]
[6649, 35.7, 34.0, 35.00, 34.70, 274, otc]
[6651, 71.6, 65.9, 71.60, 66.00, 185, otc]
[6654, 49.7, 46.65, 49.70, 47.80, 47, otc]
[6655, 131.5, 127.0, 130.00, 129.50, 45, tse]
[6661, 22.35, 21.45, 22.25, 22.20, 43, otc]
[6662, 30.85, 29.6, 30.85, 29.85, 92, otc]
[6664, 101.5, 95.4, 98.20, 98.20, 851, otc]
[6666, 93.0, 77.4, 79.50, 79.00, 7497, tse]
[6667, 60.4, 57.4, 59.70, 58.90, 272, otc]
[6668, 40.2, 37.7, 39.15, 38.00, 752, tse]
[6669, 825.0, 787.0, 820.00, 797.00, 2185, tse]
[6670, 214.5, 206.0, 213.50, 210.50, 1434, tse]
[6671, 37.4, 37.1, 37.25, 37.10, 8, tse]
[6672, 78.0, 74.1, 75.20, 75.30, 1441, tse]
[6674, 25.95, 24.9, 25.40, 25.70, 64, tse]
[6679, 238.0, 217.0, 231.00, 234.00, 3326, otc]
[6680, 65.0, 62.1, 62.70, 63.80, 11, otc]
[6683, 189.5, 173.0, 189.50, 179.50, 492, otc]
[6684, 48.9, 43.8, 45.20, 44.60, 184, otc]
[6689, 88.0, 81.5, 87.20, 82.50, 832, tse]
[6690, 116.5, 110.5, 113.50, 113.50, 70, otc]
[6691, 199.0, 195.5, 197.00, 199.00, 314, tse]
[6693, 62.8, 58.7, 62.10, 60.50, 304, otc]
[6695, 43.45, 38.7, 43.45, 40.00, 1226, tse]
[6697, 37.45, 37.1, 37.10, 37.45, 2, otc]
[6698, 29.3, 27.8, 28.95, 28.00, 150, tse]
[6703, 100.0, 95.6, 95.80, 98.30, 312, otc]
[6706, 90.6, 86.3, 88.90, 88.00, 982, tse]
[6708, 65.0, 59.3, 62.50, 63.10, 2722, otc]
[6712, 226.5, 206.0, 207.50, 220.50, 13659, otc]
[6715, 133.0, 120.5, 132.50, 124.00, 2530, tse]
[6716, 78.5, 76.1, 76.50, 78.50, 19, otc]
[6719, 259.0, 232.5, 259.00, 237.00, 3944, tse]
[6721, 43.2, 42.35, 42.55, 42.70, 40, otc]
[6727, 68.9, 66.2, 67.80, 67.10, 287, otc]
[6728, 124.0, 120.0, 122.00, 120.00, 67, otc]
[6732, 224.0, 209.5, 218.00, 213.50, 372, otc]
[6733, 22.95, 21.8, 22.30, 21.80, 483, otc]
[6735, 56.0, 54.0, 55.60, 54.50, 51, otc]
[6741, 118.5, 104.0, 115.50, 104.00, 19576, otc]
[6743, 36.7, 35.65, 36.05, 35.95, 231, tse]
[6747, 187.5, 180.5, 185.00, 186.50, 111, otc]
[6751, 43.8, 42.9, 43.70, 42.90, 22, otc]
[6752, 60.0, 59.0, 59.50, 60.00, 64, otc]
[6754, 46.85, 45.95, 46.45, 46.25, 237, tse]
[6756, 196.0, 177.0, 193.00, 181.00, 1129, tse]
[6761, 87.0, 83.5, 86.50, 84.40, 50, otc]
[6762, 238.0, 230.0, 234.00, 230.00, 22, otc]
[6763, 415.0, 375.0, 414.50, 387.00, 233, otc]
[6767, 34.2, 31.1, 31.55, 31.20, 692, otc]
[6768, 75.1, 71.0, 73.30, 71.50, 6886, tse]
[6770, 33.65, 31.4, 33.35, 31.85, 65164, tse]
[6776, 39.0, 38.25, 38.75, 38.90, 109, tse]
[6781, 688.0, 643.0, 679.00, 643.00, 3310, tse]
[6782, 306.0, 282.0, 288.00, 284.50, 2656, tse]
[6788, 95.2, 89.0, 94.70, 91.90, 923, otc]
[6789, 203.0, 188.0, 200.50, 193.50, 1807, tse]
[6790, 35.5, 34.5, 35.50, 34.95, 471, tse]
[6791, 47.1, 45.75, 47.00, 46.50, 67, otc]
[6792, 69.7, 65.3, 69.60, 66.10, 524, tse]
[6796, 74.4, 69.6, 74.30, 71.60, 258, tse]
[6799, 96.0, 90.0, 96.00, 93.10, 269, tse]
[6803, 250.0, 246.5, 250.00, 247.00, 61, otc]
[6804, 55.4, 53.8, 55.40, 54.20, 38, otc]
[6806, 90.0, 83.1, 84.00, 84.90, 65673, tse]
[6807, 25.0, 24.65, 24.75, 24.95, 18, tse]
[6811, 138.5, 130.5, 134.00, 136.00, 226, otc]
[6823, 98.0, 91.9, 98.00, 92.20, 46, otc]
[6829, 74.6, 70.3, 73.50, 73.40, 661, otc]
[6830, 100.0, 96.7, 99.00, 97.10, 180, tse]
[6834, 25.2, 24.3, 25.05, 24.70, 125, tse]
[6835, 39.65, 38.0, 39.50, 39.45, 459, tse]
[6843, 48.7, 47.7, 48.50, 48.60, 325, otc]
[6854, 102.0, 98.6, 102.00, 99.60, 268, tse]
[6855, 70.2, 69.1, 70.00, 69.80, 36, otc]
[6859, 134.5, 125.0, 132.50, 126.50, 356, otc]
[6874, 47.5, 46.1, 47.40, 46.40, 225, otc]
[7402, 39.55, 36.1, 39.50, 36.20, 90, otc]
[7556, 100.0, 98.0, 98.50, 99.00, 10, otc]
[8011, 14.65, 14.05, 14.30, 14.10, 568, tse]
[8016, 181.5, 172.0, 174.50, 177.50, 3350, tse]
[8021, 31.35, 29.8, 30.20, 30.75, 2461, tse]
[8024, 21.95, 20.6, 21.90, 21.20, 299, otc]
[8027, 52.2, 49.5, 52.20, 50.60, 909, otc]
[8028, 58.7, 54.9, 57.50, 56.30, 8904, tse]
[8032, 29.7, 29.3, 29.60, 29.40, 48, otc]
[8033, 44.5, 40.6, 43.15, 42.75, 18964, tse]
[8034, 14.95, 14.45, 14.75, 14.95, 329, otc]
[8038, 38.75, 37.0, 37.80, 37.60, 722, otc]
[8039, 41.45, 40.35, 40.65, 41.20, 436, tse]
[8040, 55.0, 52.2, 54.60, 52.50, 1649, otc]
[8042, 36.15, 35.05, 35.15, 35.35, 858, otc]
[8043, 27.4, 24.2, 24.35, 26.55, 2710, otc]
[8044, 54.8, 51.1, 53.20, 53.20, 2981, otc]
[8046, 243.0, 226.0, 241.50, 227.00, 28806, tse]
[8047, 12.4, 12.05, 12.15, 12.40, 13, otc]
[8048, 34.4, 32.15, 33.15, 32.40, 237, otc]
[8049, 32.5, 29.8, 30.40, 30.00, 6972, otc]
[8050, 80.4, 74.7, 79.10, 77.30, 21141, otc]
[8054, 31.4, 29.8, 30.80, 30.00, 1011, otc]
[8059, 10.05, 9.68, 9.70, 9.99, 66, otc]
[8064, 17.4, 16.45, 17.40, 16.55, 968, otc]
[8066, 27.6, 27.1, 27.20, 27.60, 87, otc]
[8067, 9.04, 8.43, 9.04, 8.83, 48, otc]
[8068, 25.35, 24.45, 24.80, 25.05, 151, otc]
[8069, 170.5, 155.5, 168.00, 161.00, 62435, otc]
[8070, 30.7, 30.1, 30.60, 30.30, 1029, tse]
[8071, 15.25, 14.55, 15.20, 14.75, 549, otc]
[8072, 26.7, 25.05, 26.65, 25.45, 1141, tse]
[8074, 19.3, 18.85, 18.90, 19.05, 72, otc]
[8076, 28.75, 27.4, 28.00, 27.95, 2788, otc]
[8077, 8.35, 7.77, 8.33, 7.77, 11, otc]
[8080, 11.4, 10.25, 10.25, 11.40, 113, otc]
[8081, 145.5, 138.5, 141.00, 142.50, 1678, tse]
[8083, 165.5, 164.0, 165.50, 165.50, 57, otc]
[8084, 106.5, 98.6, 105.00, 102.00, 1653, otc]
[8085, 20.2, 19.7, 19.95, 19.70, 238, otc]
[8086, 70.1, 65.9, 67.70, 68.10, 3971, otc]
[8087, 25.6, 25.0, 25.25, 25.40, 699, otc]
[8088, 24.0, 23.25, 23.95, 23.45, 487, otc]
[8089, 23.2, 22.6, 22.90, 22.90, 160, otc]
[8091, 88.3, 83.5, 86.20, 86.40, 2326, otc]
[8092, 12.65, 12.15, 12.50, 12.25, 261, otc]
[8093, 11.45, 10.9, 11.45, 10.90, 220, otc]
[8096, 12.05, 11.65, 12.05, 11.80, 968, otc]
[8097, 64.4, 59.7, 60.30, 60.20, 2532, otc]
[8099, 40.0, 38.0, 39.05, 39.10, 264, otc]
[8101, 6.12, 5.9, 6.00, 6.06, 153, tse]
[8103, 32.05, 30.65, 31.80, 31.00, 795, tse]
[8104, 35.75, 33.75, 35.35, 34.20, 466, tse]
[8105, 12.6, 11.8, 12.50, 12.20, 2573, tse]
[8107, 17.05, 16.55, 16.95, 16.55, 390, otc]
[8109, 87.0, 84.8, 85.00, 86.40, 302, otc]
[8110, 11.75, 11.15, 11.60, 11.35, 1686, tse]
[8111, 15.7, 15.2, 15.70, 15.20, 542, otc]
[8112, 36.15, 35.3, 36.05, 35.80, 2074, tse]
[8114, 113.0, 105.0, 110.50, 108.00, 1687, tse]
[8121, 25.8, 23.95, 25.40, 23.95, 1572, otc]
[8131, 38.65, 37.85, 38.30, 38.30, 752, tse]
[8147, 61.1, 58.8, 60.30, 60.10, 183, otc]
[8150, 33.5, 31.65, 33.00, 33.50, 6181, tse]
[8155, 109.0, 100.0, 108.50, 101.50, 3157, otc]
[8163, 38.45, 37.3, 37.95, 37.80, 1254, tse]
[8171, 51.1, 48.5, 49.00, 48.65, 11055, otc]
[8176, 10.1, 9.82, 10.05, 10.00, 129, otc]
[8182, 31.1, 30.1, 30.85, 30.90, 310, otc]
[8183, 54.8, 51.8, 54.40, 52.80, 2206, otc]
[8201, 10.7, 10.05, 10.20, 10.20, 169, tse]
[8210, 74.4, 71.3, 74.40, 72.40, 637, tse]
[8213, 36.8, 35.7, 36.40, 36.20, 1022, tse]
[8215, 32.9, 31.65, 32.20, 31.85, 3087, tse]
[8222, 27.85, 25.25, 27.30, 26.00, 29220, tse]
[8227, 106.0, 83.8, 103.50, 90.50, 7464, otc]
[8234, 35.8, 32.2, 35.55, 32.75, 4721, otc]
[8240, 28.85, 28.35, 28.35, 28.80, 125, otc]
[8249, 27.7, 26.5, 27.50, 27.60, 569, tse]
[8255, 182.5, 159.0, 182.00, 163.50, 12362, otc]
[8261, 109.0, 103.0, 106.00, 104.00, 8873, tse]
[8271, 41.9, 41.0, 41.15, 41.40, 470, tse]
[8277, 8.39, 8.1, 8.32, 8.10, 317, otc]
[8279, 182.0, 156.0, 167.50, 162.00, 660, otc]
[8284, 56.7, 54.9, 55.80, 55.60, 119, otc]
[8289, 37.35, 35.4, 36.85, 35.60, 1659, otc]
[8291, 6.0, 6.0, 6.00, 6.00, 8, otc]
[8299, 321.0, 303.0, 306.50, 315.00, 4329, otc]
[8341, 180.0, 163.5, 164.50, 173.00, 8803, tse]
[8342, 55.0, 54.2, 54.70, 55.00, 25, otc]
[8349, 58.2, 54.3, 58.10, 56.30, 1449, otc]
[8354, 14.25, 14.1, 14.15, 14.15, 72, otc]
[8358, 52.5, 49.2, 52.50, 50.00, 4667, otc]
[8367, 38.7, 37.2, 38.20, 37.95, 162, tse]
[8374, 30.5, 28.8, 29.00, 29.65, 291, tse]
[8383, 38.4, 37.4, 38.10, 37.75, 447, otc]
[8390, 36.95, 35.8, 36.65, 35.85, 660, otc]
[8401, 20.8, 20.0, 20.30, 20.35, 744, otc]
[8403, 35.75, 33.35, 34.80, 33.80, 3824, otc]
[8404, 26.95, 26.3, 26.65, 26.50, 180, tse]
[8409, 19.8, 18.75, 19.00, 18.95, 248, otc]
[8410, 29.5, 29.1, 29.50, 29.50, 26, otc]
[8411, 13.7, 13.0, 13.05, 13.50, 838, tse]
[8415, 38.7, 37.25, 38.40, 37.90, 1254, otc]
[8416, 116.0, 114.0, 114.00, 116.00, 26, otc]
[8418, 9.98, 9.72, 9.88, 9.72, 19, otc]
[8420, 77.6, 75.3, 75.70, 76.00, 906, otc]
[8421, 15.2, 14.55, 15.20, 14.90, 383, otc]
[8422, 181.0, 176.0, 178.50, 180.00, 793, tse]
[8423, 18.25, 18.25, 18.25, 18.25, 2, otc]
[8424, 66.1, 65.6, 65.60, 66.10, 6, otc]
[8426, 28.5, 27.6, 27.60, 28.15, 99, otc]
[8429, 11.75, 10.95, 11.30, 11.00, 5175, tse]
[8431, 54.2, 50.6, 54.20, 52.00, 328, otc]
[8432, 49.6, 46.6, 48.55, 47.55, 312, otc]
[8433, 62.9, 60.6, 62.00, 61.90, 271, otc]
[8435, 59.1, 58.7, 59.00, 59.00, 84, otc]
[8436, 184.5, 167.0, 178.00, 171.00, 23112, otc]
[8437, 101.0, 98.0, 101.00, 101.00, 98, otc]
[8438, 25.3, 23.25, 24.60, 24.30, 70, tse]
[8440, 45.7, 43.6, 44.45, 43.65, 1979, otc]
[8442, 83.3, 73.9, 75.20, 79.80, 1302, tse]
[8443, 10.95, 10.7, 10.90, 10.90, 144, tse]
[8444, 40.25, 38.55, 39.50, 39.10, 44, otc]
[8446, 83.7, 80.0, 82.30, 81.10, 156, otc]
[8450, 28.55, 27.1, 28.05, 27.60, 817, otc]
[8454, 665.0, 624.0, 628.00, 642.00, 4008, tse]
[8455, 22.35, 20.3, 20.75, 22.30, 32, otc]
[8462, 122.5, 116.0, 120.00, 119.00, 183, tse]
[8463, 25.15, 23.4, 23.45, 23.75, 473, tse]
[8464, 298.5, 276.5, 279.00, 294.50, 1709, tse]
[8466, 42.5, 40.0, 40.35, 41.20, 150, tse]
[8467, 58.4, 55.3, 58.00, 56.20, 110, tse]
[8472, 43.3, 41.2, 42.95, 42.00, 11, otc]
[8473, 27.8, 27.25, 27.30, 27.50, 101, tse]
[8476, 59.3, 54.9, 55.20, 58.60, 1424, otc]
[8477, 18.5, 17.55, 18.50, 17.60, 250, otc]
[8478, 301.0, 275.0, 300.00, 291.50, 12806, tse]
[8481, 56.3, 55.2, 55.50, 55.70, 26, tse]
[8482, 70.2, 69.7, 69.90, 70.10, 16, tse]
[8488, 15.55, 14.9, 14.90, 15.00, 11, tse]
[8489, 23.0, 21.95, 22.40, 22.70, 178, otc]
[8499, 100.5, 98.5, 100.50, 99.80, 93, tse]
[8905, 22.1, 21.8, 21.85, 22.00, 266, otc]
[8906, 19.5, 18.75, 19.00, 19.00, 29, otc]
[8908, 67.9, 65.8, 66.00, 67.00, 88, otc]
[8916, 53.2, 50.4, 53.10, 52.40, 3894, otc]
[8917, 90.5, 89.1, 89.10, 90.00, 14, otc]
[8921, 14.8, 14.8, 14.80, 14.80, 1, otc]
[8923, 21.9, 19.8, 21.90, 21.00, 30, otc]
[8924, 121.0, 117.0, 121.00, 117.50, 577, otc]
[8926, 32.9, 32.0, 32.25, 32.45, 2012, tse]
[8927, 37.15, 35.75, 36.10, 36.10, 1159, otc]
[8928, 39.7, 38.5, 39.30, 38.50, 500, otc]
[8929, 20.9, 20.3, 20.50, 20.40, 49, otc]
[8930, 16.85, 16.45, 16.80, 16.50, 557, otc]
[8931, 41.95, 40.0, 40.35, 41.60, 511, otc]
[8932, 44.45, 38.8, 40.10, 44.05, 3613, otc]
[8933, 16.5, 15.5, 15.75, 16.50, 19958, otc]
[8935, 13.9, 12.5, 12.50, 13.45, 1042, otc]
[8936, 22.75, 21.05, 22.75, 21.30, 3707, otc]
[8937, 15.35, 14.25, 14.45, 14.80, 42, otc]
[8938, 95.6, 91.7, 94.70, 94.90, 1535, otc]
[8940, 17.0, 16.3, 16.30, 16.70, 671, tse]
[8941, 56.6, 54.2, 54.70, 56.00, 109, otc]
[8942, 60.1, 58.5, 59.70, 59.10, 511, otc]
[8996, 188.0, 160.5, 184.00, 188.00, 92569, tse]
[9103, 8.5, 8.06, 8.48, 8.19, 3798, tse]
[9105, 3.96, 3.77, 3.93, 3.82, 12722, tse]
[9110, 3.09, 2.96, 2.96, 2.98, 229, tse]
[9136, 6.36, 6.15, 6.36, 6.26, 733, tse]
[9802, 165.5, 151.5, 162.00, 152.00, 8737, tse]
[9902, 12.75, 12.45, 12.65, 12.55, 661, tse]
[9904, 34.5, 33.0, 34.20, 34.20, 35492, tse]
[9905, 24.5, 24.25, 24.40, 24.35, 123, tse]
[9906, 47.75, 43.7, 43.85, 47.20, 524, tse]
[9907, 17.15, 16.4, 17.05, 17.05, 10029, tse]
[9908, 32.0, 30.95, 31.05, 31.15, 217, tse]
[9910, 218.0, 201.5, 207.00, 206.50, 8128, tse]
[9911, 62.5, 61.4, 62.00, 62.10, 244, tse]
[9912, 9.57, 9.13, 9.38, 9.15, 222, tse]
[9914, 171.0, 164.5, 170.00, 167.00, 1444, tse]
[9917, 100.0, 97.6, 99.30, 100.00, 816, tse]
[9918, 42.7, 41.9, 42.70, 41.90, 17, tse]
[9919, 19.5, 17.65, 17.80, 18.45, 20333, tse]
[9921, 210.0, 200.0, 210.00, 200.50, 2102, tse]
[9924, 41.55, 41.0, 41.30, 41.00, 519, tse]
[9925, 39.35, 39.05, 39.10, 39.10, 314, tse]
[9926, 51.7, 51.5, 51.70, 51.60, 4, tse]
[9927, 37.8, 37.3, 37.60, 37.70, 421, tse]
[9928, 18.35, 17.0, 18.35, 17.35, 483, tse]
[9929, 8.71, 8.48, 8.49, 8.70, 147, tse]
[9930, 46.35, 45.8, 46.35, 46.00, 147, tse]
[9931, 39.9, 39.0, 39.10, 39.90, 15, tse]
[9933, 42.4, 41.6, 41.95, 41.85, 5067, tse]
[9934, 13.25, 13.0, 13.25, 13.25, 599, tse]
[9935, 17.5, 17.05, 17.35, 17.50, 293, tse]
[9937, 52.4, 51.5, 51.60, 51.50, 65, tse]
[9938, 59.8, 56.4, 58.80, 56.80, 10102, tse]
[9939, 87.9, 84.5, 86.90, 87.00, 4281, tse]
[9940, 27.25, 26.6, 27.20, 26.90, 1465, tse]
[9941, 157.0, 150.0, 156.50, 155.50, 2600, tse]
[9942, 111.0, 102.0, 110.50, 105.50, 1401, tse]
[9943, 62.6, 61.1, 61.80, 62.20, 144, tse]
[9944, 20.6, 20.2, 20.55, 20.45, 319, tse]
[9945, 44.2, 42.4, 43.55, 43.25, 18708, tse]
[9946, 12.4, 12.15, 12.20, 12.20, 97, tse]
[9949, 21.15, 18.75, 19.10, 20.90, 437, otc]
[9950, 11.0, 10.5, 10.50, 10.95, 28, otc]
[9951, 67.5, 64.0, 67.10, 65.10, 355, otc]
[9955, 20.85, 19.55, 20.85, 19.80, 995, tse]
[9958, 93.0, 85.7, 88.40, 88.60, 27295, tse]
[9960, 26.9, 25.9, 26.20, 26.65, 177, otc]
[9962, 17.35, 16.8, 17.35, 17.10, 1903, otc]
