[1101, 33.9, 33.05, 33.45, 33.70, 109602, tse]
[1102, 41.45, 40.75, 40.85, 41.35, 26143, tse]
[1103, 18.5, 17.35, 18.05, 17.75, 1112, tse]
[1104, 22.9, 22.3, 22.30, 22.45, 3041, tse]
[1108, 11.05, 10.7, 11.05, 10.80, 646, tse]
[1109, 16.65, 16.0, 16.60, 16.05, 487, tse]
[1110, 17.9, 17.5, 17.90, 17.70, 347, tse]
[1201, 19.25, 18.8, 19.15, 18.95, 1438, tse]
[1203, 35.1, 33.95, 34.40, 34.90, 176, tse]
[1210, 45.35, 44.15, 44.75, 44.50, 3169, tse]
[1213, 7.34, 6.64, 7.29, 7.20, 42, tse]
[1215, 79.8, 77.8, 79.20, 78.00, 1752, tse]
[1216, 66.0, 64.4, 65.00, 66.00, 56203, tse]
[1217, 10.55, 10.3, 10.45, 10.40, 3977, tse]
[1218, 46.9, 38.0, 46.55, 39.25, 80605, tse]
[1219, 19.45, 18.9, 19.40, 19.20, 1887, tse]
[1220, 15.4, 15.0, 15.05, 15.15, 643, tse]
[1225, 57.6, 55.6, 55.60, 57.00, 53, tse]
[1227, 40.95, 39.7, 40.65, 39.90, 1635, tse]
[1229, 51.2, 49.15, 51.00, 49.75, 3319, tse]
[1231, 75.0, 72.0, 73.80, 73.80, 583, tse]
[1232, 150.5, 145.0, 150.00, 146.00, 464, tse]
[1233, 32.9, 32.05, 32.70, 32.45, 96, tse]
[1234, 33.1, 32.9, 33.00, 33.00, 1295, tse]
[1235, 70.5, 68.0, 68.90, 69.50, 38, tse]
[1236, 22.0, 21.25, 21.75, 21.80, 369, tse]
[1240, 44.2, 42.8, 43.00, 43.15, 128, otc]
[1256, 287.0, 255.0, 258.00, 278.50, 196, tse]
[1258, 20.05, 19.25, 19.35, 19.95, 376, otc]
[1259, 74.2, 72.9, 72.90, 74.20, 82, otc]
[1264, 261.5, 251.5, 251.50, 259.00, 50, otc]
[1268, 137.0, 120.5, 130.50, 133.00, 1592, otc]
[1301, 90.0, 87.1, 88.90, 87.90, 36849, tse]
[1303, 78.1, 73.3, 77.20, 73.50, 45246, tse]
[1304, 22.15, 20.35, 21.80, 21.05, 16453, tse]
[1305, 24.35, 21.3, 22.55, 24.35, 26375, tse]
[1307, 21.85, 20.65, 21.65, 20.90, 973, tse]
[1308, 29.1, 27.0, 28.70, 28.00, 11075, tse]
[1309, 22.65, 20.8, 22.25, 22.05, 10209, tse]
[1310, 14.25, 13.65, 14.10, 13.85, 2306, tse]
[1312, 20.4, 18.6, 20.30, 19.00, 40373, tse]
[1313, 14.35, 13.3, 14.00, 13.85, 9616, tse]
[1314, 10.4, 9.96, 10.35, 10.10, 43066, tse]
[1315, 72.7, 70.7, 70.70, 71.60, 114, tse]
[1316, 13.6, 12.8, 13.35, 13.20, 4254, tse]
[1319, 49.4, 46.7, 49.30, 47.90, 28936, tse]
[1321, 34.3, 33.55, 33.90, 33.90, 451, tse]
[1323, 33.5, 32.8, 32.90, 33.35, 197, tse]
[1324, 10.6, 10.3, 10.55, 10.35, 86, tse]
[1325, 24.75, 23.1, 24.50, 23.75, 1906, tse]
[1326, 74.7, 70.9, 74.00, 70.90, 15162, tse]
[1336, 29.3, 26.6, 28.20, 27.40, 3962, otc]
[1337, 7.34, 6.91, 7.25, 7.06, 3796, tse]
[1338, 46.75, 45.55, 46.30, 46.50, 752, tse]
[1339, 43.35, 42.2, 43.10, 42.80, 922, tse]
[1340, 10.35, 9.95, 10.00, 10.20, 636, tse]
[1341, 69.0, 67.5, 68.40, 68.40, 89, tse]
[1342, 138.0, 107.0, 108.00, 136.00, 35511, tse]
[1402, 33.25, 32.3, 32.75, 33.20, 79111, tse]
[1409, 17.85, 17.4, 17.85, 17.60, 7843, tse]
[1410, 45.4, 42.0, 44.85, 43.30, 2123, tse]
[1413, 9.91, 9.59, 9.88, 9.61, 215, tse]
[1414, 18.0, 17.5, 17.90, 17.95, 1421, tse]
[1416, 10.65, 10.3, 10.65, 10.40, 449, tse]
[1417, 15.9, 13.75, 14.70, 14.35, 59597, tse]
[1418, 14.8, 13.4, 13.55, 14.05, 49, tse]
[1419, 40.2, 38.8, 39.15, 39.70, 289, tse]
[1423, 20.75, 19.9, 20.15, 20.15, 557, tse]
[1432, 12.4, 11.95, 12.35, 12.15, 1393, tse]
[1434, 26.65, 26.25, 26.50, 26.35, 3796, tse]
[1436, 56.7, 55.9, 56.10, 56.50, 252, tse]
[1437, 26.9, 25.35, 25.95, 25.85, 5749, tse]
[1438, 32.5, 30.0, 30.00, 31.25, 620, tse]
[1439, 22.2, 21.15, 22.20, 21.60, 89, tse]
[1440, 17.95, 17.0, 17.75, 17.30, 4763, tse]
[1441, 8.1, 7.88, 7.97, 7.93, 156, tse]
[1442, 38.2, 35.6, 36.80, 38.10, 7901, tse]
[1443, 21.8, 20.8, 21.45, 20.85, 262, tse]
[1444, 10.85, 10.4, 10.70, 10.50, 10082, tse]
[1445, 16.3, 16.0, 16.20, 16.10, 148, tse]
[1446, 31.05, 29.65, 30.85, 29.85, 358, tse]
[1447, 8.13, 7.8, 8.08, 7.83, 4542, tse]
[1451, 21.9, 21.15, 21.80, 21.65, 2096, tse]
[1452, 18.2, 17.4, 18.20, 17.60, 521, tse]
[1453, 18.3, 16.5, 17.95, 16.55, 3050, tse]
[1454, 13.9, 13.1, 13.35, 13.10, 678, tse]
[1455, 11.0, 10.35, 11.00, 10.55, 3853, tse]
[1456, 16.45, 15.85, 16.30, 16.20, 253, tse]
[1457, 19.3, 18.65, 19.30, 18.90, 2121, tse]
[1459, 8.8, 8.5, 8.80, 8.51, 260, tse]
[1460, 7.26, 7.1, 7.24, 7.13, 2975, tse]
[1463, 14.65, 14.25, 14.25, 14.50, 487, tse]
[1464, 14.55, 14.25, 14.45, 14.40, 872, tse]
[1465, 14.5, 13.65, 14.00, 14.00, 327, tse]
[1466, 11.95, 11.5, 11.50, 11.70, 497, tse]
[1467, 12.8, 11.95, 12.15, 12.25, 30475, tse]
[1468, 13.65, 13.0, 13.55, 13.25, 260, tse]
[1470, 19.3, 18.55, 19.30, 18.80, 121, tse]
[1471, 8.31, 7.92, 8.18, 8.00, 1755, tse]
[1472, 23.15, 20.65, 22.50, 22.00, 40, tse]
[1473, 21.4, 20.25, 20.80, 21.10, 592, tse]
[1474, 12.6, 12.2, 12.20, 12.25, 1489, tse]
[1475, 69.9, 63.4, 66.50, 67.10, 1114, tse]
[1476, 484.0, 462.5, 462.50, 480.00, 3376, tse]
[1477, 250.0, 230.5, 236.00, 244.50, 10118, tse]
[1503, 61.8, 59.3, 61.60, 59.30, 728, tse]
[1504, 28.7, 27.55, 28.20, 28.00, 17838, tse]
[1506, 18.2, 17.3, 17.90, 17.70, 2880, tse]
[1512, 3.63, 3.27, 3.27, 3.36, 765, tse]
[1513, 68.5, 62.3, 65.90, 63.70, 183661, tse]
[1514, 32.9, 29.85, 31.55, 30.30, 24993, tse]
[1515, 34.35, 32.2, 32.50, 33.15, 5609, tse]
[1516, 22.85, 20.35, 21.60, 20.35, 2182, tse]
[1517, 24.0, 22.4, 24.00, 22.70, 3799, tse]
[1519, 50.9, 42.7, 43.20, 48.80, 83327, tse]
[1521, 36.7, 35.35, 36.70, 35.50, 111, tse]
[1522, 29.2, 28.15, 29.20, 28.30, 21062, tse]
[1524, 26.8, 24.45, 26.65, 24.50, 28429, tse]
[1525, 60.8, 57.2, 60.70, 58.00, 112, tse]
[1526, 46.9, 44.8, 46.60, 45.20, 1578, tse]
[1527, 42.45, 41.25, 42.00, 41.40, 1002, tse]
[1528, 10.65, 9.86, 10.00, 10.25, 5396, tse]
[1529, 19.2, 17.4, 18.50, 18.30, 8975, tse]
[1530, 32.0, 30.85, 31.50, 30.95, 225, tse]
[1531, 14.25, 13.9, 14.15, 14.10, 495, tse]
[1532, 30.7, 29.35, 29.55, 29.70, 1918, tse]
[1533, 54.9, 49.8, 53.30, 52.00, 2338, tse]
[1535, 43.1, 42.35, 42.95, 42.65, 254, tse]
[1536, 76.3, 72.2, 75.80, 74.10, 6456, tse]
[1537, 139.5, 135.5, 138.50, 136.00, 469, tse]
[1538, 6.51, 6.06, 6.06, 6.45, 14, tse]
[1539, 34.4, 30.65, 33.20, 30.85, 8700, tse]
[1540, 16.25, 15.75, 16.20, 15.95, 641, tse]
[1541, 35.4, 34.4, 34.50, 34.40, 169, tse]
[1558, 119.0, 116.5, 117.00, 117.50, 370, tse]
[1560, 134.5, 118.5, 118.50, 122.50, 99010, tse]
[1565, 272.0, 246.0, 256.00, 252.00, 3094, otc]
[1568, 25.9, 24.4, 25.85, 24.50, 2936, tse]
[1569, 24.4, 23.05, 24.20, 23.30, 1461, otc]
[1570, 16.95, 16.6, 16.95, 16.75, 149, otc]
[1580, 90.2, 86.7, 87.00, 87.70, 671, otc]
[1582, 60.4, 58.6, 59.60, 58.90, 709, tse]
[1583, 62.7, 61.4, 62.50, 61.40, 38, tse]
[1584, 26.3, 22.9, 24.30, 24.25, 92134, otc]
[1586, 34.1, 33.3, 33.90, 33.75, 322, otc]
[1587, 22.95, 22.0, 22.80, 22.10, 269, tse]
[1589, 59.0, 55.2, 56.50, 56.60, 1707, tse]
[1590, 989.0, 899.0, 978.00, 947.00, 3090, tse]
[1591, 20.25, 19.3, 19.75, 19.60, 1026, otc]
[1593, 81.0, 71.7, 75.00, 73.60, 1145, otc]
[1595, 39.35, 37.8, 37.90, 38.00, 316, otc]
[1597, 77.9, 73.1, 77.50, 73.30, 399, tse]
[1598, 45.75, 41.0, 41.00, 43.60, 6166, tse]
[1599, 43.0, 41.1, 42.20, 41.80, 492, otc]
[1603, 27.85, 25.65, 27.40, 26.60, 3294, tse]
[1604, 26.2, 25.0, 25.25, 25.45, 2469, tse]
[1605, 49.85, 46.65, 48.75, 46.95, 518393, tse]
[1608, 15.15, 14.1, 15.00, 14.25, 3530, tse]
[1609, 21.7, 20.0, 20.65, 20.80, 46666, tse]
[1611, 15.3, 14.0, 15.10, 14.00, 4737, tse]
[1612, 16.95, 16.0, 16.90, 16.35, 3004, tse]
[1614, 36.4, 35.65, 36.40, 35.70, 161, tse]
[1615, 28.95, 28.35, 28.55, 28.60, 180, tse]
[1616, 7.76, 7.34, 7.72, 7.40, 733, tse]
[1617, 15.15, 14.85, 15.15, 15.05, 194, tse]
[1618, 14.8, 13.3, 14.40, 14.40, 3760, tse]
[1626, 18.2, 17.05, 17.60, 17.10, 902, tse]
[1701, 23.0, 21.0, 21.15, 23.00, 8669, tse]
[1702, 45.25, 44.15, 45.10, 44.65, 572, tse]
[1707, 164.5, 152.5, 154.00, 161.00, 14143, tse]
[1708, 45.2, 42.7, 45.20, 43.60, 12520, tse]
[1709, 23.5, 22.5, 23.30, 22.85, 4457, tse]
[1710, 18.95, 18.05, 18.95, 18.35, 4382, tse]
[1711, 19.0, 18.2, 19.00, 18.45, 4964, tse]
[1712, 39.9, 38.0, 39.90, 39.10, 8459, tse]
[1713, 25.6, 24.45, 24.75, 24.55, 187, tse]
[1714, 8.79, 8.51, 8.78, 8.59, 5131, tse]
[1717, 33.05, 31.05, 33.05, 31.55, 13185, tse]
[1718, 9.05, 8.35, 9.05, 8.62, 19880, tse]
[1720, 51.6, 48.35, 48.40, 51.20, 5298, tse]
[1721, 16.65, 15.45, 16.40, 15.65, 14445, tse]
[1722, 56.7, 53.9, 56.10, 55.00, 8260, tse]
[1723, 110.5, 106.0, 109.50, 106.00, 1377, tse]
[1725, 21.55, 20.1, 21.55, 20.65, 294, tse]
[1726, 70.9, 70.2, 70.40, 70.30, 109, tse]
[1727, 29.2, 27.4, 28.80, 28.00, 4329, tse]
[1730, 57.0, 55.2, 56.10, 55.40, 994, tse]
[1731, 18.6, 17.9, 18.35, 18.45, 1110, tse]
[1732, 31.85, 29.7, 31.05, 31.05, 2260, tse]
[1733, 26.5, 24.9, 26.15, 25.30, 3599, tse]
[1734, 33.2, 30.25, 30.35, 32.80, 29942, tse]
[1735, 15.2, 15.0, 15.00, 15.15, 14, tse]
[1736, 86.2, 77.7, 77.90, 81.00, 32300, tse]
[1737, 32.6, 31.9, 32.00, 32.10, 750, tse]
[1742, 15.5, 15.0, 15.30, 15.10, 152, otc]
[1752, 45.8, 36.8, 36.95, 44.60, 15705, tse]
[1760, 193.5, 168.0, 168.00, 180.00, 108241, tse]
[1762, 60.5, 57.9, 59.80, 59.90, 1775, tse]
[1773, 121.5, 116.0, 117.50, 116.50, 1466, tse]
[1776, 17.25, 16.7, 16.90, 16.75, 74, tse]
[1777, 84.6, 79.1, 79.10, 83.50, 1163, otc]
[1781, 15.3, 14.3, 14.75, 14.50, 320, otc]
[1783, 48.45, 44.25, 44.40, 45.40, 5089, tse]
[1784, 46.0, 41.75, 42.35, 45.20, 4079, otc]
[1785, 36.05, 33.05, 34.30, 33.75, 16088, otc]
[1786, 57.3, 48.0, 50.10, 54.70, 3213, tse]
[1788, 143.5, 140.5, 141.00, 143.50, 64, otc]
[1789, 25.3, 24.2, 24.75, 25.20, 5376, tse]
[1795, 270.0, 236.0, 248.00, 254.00, 17995, tse]
[1796, 57.0, 55.2, 57.00, 56.70, 77, otc]
[1799, 15.8, 15.3, 15.70, 15.35, 54, otc]
[1802, 25.4, 23.4, 24.00, 24.60, 100777, tse]
[1805, 10.85, 10.3, 10.50, 10.85, 90, tse]
[1806, 9.83, 9.21, 9.70, 9.22, 3716, tse]
[1808, 66.0, 63.8, 65.00, 65.10, 780, tse]
[1809, 13.85, 13.2, 13.70, 13.35, 3198, tse]
[1810, 21.55, 20.1, 20.10, 20.65, 29996, tse]
[1813, 23.6, 22.7, 22.80, 22.70, 415, otc]
[1815, 13.0, 12.3, 12.90, 12.30, 7464, otc]
[1817, 36.5, 35.8, 36.20, 35.85, 144, tse]
[1903, 51.9, 49.5, 51.00, 50.50, 451, tse]
[1904, 27.95, 27.35, 27.50, 27.60, 4454, tse]
[1905, 17.8, 16.7, 17.75, 16.80, 4078, tse]
[1906, 17.25, 16.6, 17.20, 16.90, 4380, tse]
[1907, 27.0, 24.75, 27.00, 25.00, 23693, tse]
[1909, 16.4, 15.25, 16.30, 15.35, 10261, tse]
[2002, 29.4, 28.55, 28.80, 29.05, 130810, tse]
[2006, 53.6, 51.7, 52.70, 52.50, 7040, tse]
[2007, 10.9, 10.15, 10.60, 10.25, 4548, tse]
[2008, 17.2, 16.55, 16.95, 17.00, 95, tse]
[2009, 32.65, 30.2, 32.00, 31.80, 16973, tse]
[2010, 16.2, 15.5, 15.95, 15.70, 1904, tse]
[2012, 23.9, 22.55, 23.80, 22.55, 368, tse]
[2013, 59.7, 56.8, 58.00, 58.70, 1381, tse]
[2014, 24.8, 23.45, 23.65, 23.80, 52880, tse]
[2015, 68.3, 65.5, 67.80, 66.50, 1530, tse]
[2017, 13.75, 13.15, 13.70, 13.35, 1504, tse]
[2020, 23.45, 22.7, 23.30, 22.75, 779, tse]
[2022, 8.44, 8.05, 8.32, 8.14, 3220, tse]
[2023, 15.5, 14.9, 15.30, 15.15, 10285, tse]
[2024, 18.4, 17.7, 17.85, 17.95, 303, tse]
[2025, 4.93, 4.76, 4.85, 4.85, 767, tse]
[2027, 43.8, 40.8, 40.90, 43.15, 119738, tse]
[2028, 26.85, 24.8, 25.45, 25.15, 4147, tse]
[2029, 24.35, 23.45, 24.00, 23.45, 1490, tse]
[2030, 23.4, 22.5, 22.90, 22.70, 9197, tse]
[2031, 39.9, 37.65, 38.45, 39.25, 9896, tse]
[2032, 19.3, 18.3, 18.80, 18.50, 2045, tse]
[2033, 14.1, 13.4, 13.70, 13.45, 374, tse]
[2034, 28.8, 27.55, 28.20, 27.85, 4955, tse]
[2035, 32.1, 31.4, 31.90, 31.70, 38, otc]
[2038, 20.95, 19.7, 20.40, 19.75, 4502, tse]
[2049, 195.0, 181.0, 191.50, 186.00, 5910, tse]
[2059, 421.0, 391.0, 419.00, 400.00, 2055, tse]
[2061, 27.5, 24.35, 25.85, 27.20, 875, otc]
[2062, 22.9, 21.95, 22.50, 22.35, 1735, tse]
[2063, 39.9, 38.0, 38.00, 39.65, 999, otc]
[2064, 17.6, 16.9, 17.45, 16.90, 125, otc]
[2065, 53.2, 52.5, 53.10, 52.80, 289, otc]
[2066, 86.5, 80.5, 83.00, 81.20, 2316, otc]
[2067, 11.45, 10.6, 10.65, 11.10, 156, otc]
[2069, 20.45, 19.65, 20.10, 19.70, 1539, tse]
[2070, 37.4, 33.15, 36.90, 34.00, 911, otc]
[2101, 35.9, 34.2, 35.50, 34.70, 2826, tse]
[2102, 21.7, 20.8, 21.35, 20.95, 2103, tse]
[2103, 28.15, 26.95, 27.50, 27.50, 7117, tse]
[2104, 21.2, 20.35, 21.00, 20.75, 11629, tse]
[2105, 35.2, 34.2, 34.90, 35.00, 12860, tse]
[2106, 32.1, 30.5, 31.85, 30.95, 2834, tse]
[2107, 22.35, 21.75, 22.35, 21.85, 1330, tse]
[2108, 39.5, 36.5, 38.80, 37.00, 7089, tse]
[2109, 15.0, 14.7, 14.90, 14.70, 429, tse]
[2114, 101.0, 97.7, 99.50, 98.80, 74, tse]
[2115, 30.6, 29.3, 30.55, 29.35, 136, tse]
[2201, 67.8, 61.0, 66.80, 62.30, 138178, tse]
[2204, 56.8, 52.3, 56.10, 53.60, 13445, tse]
[2206, 38.6, 36.7, 37.65, 37.70, 25978, tse]
[2207, 636.0, 615.0, 636.00, 624.00, 1249, tse]
[2208, 20.65, 19.3, 19.85, 19.90, 23255, tse]
[2211, 52.9, 51.4, 52.50, 51.70, 677, tse]
[2221, 43.0, 40.7, 42.80, 41.35, 714, otc]
[2227, 211.5, 192.0, 205.50, 194.00, 209, tse]
[2228, 84.2, 79.2, 82.90, 79.20, 1131, tse]
[2230, 32.7, 29.4, 32.00, 30.95, 3042, otc]
[2231, 158.0, 143.5, 151.50, 151.00, 6230, tse]
[2233, 103.0, 98.1, 98.90, 103.00, 970, tse]
[2235, 50.3, 46.1, 50.10, 47.00, 226, otc]
[2236, 25.45, 19.95, 20.05, 23.70, 5753, tse]
[2239, 66.5, 62.6, 63.00, 63.80, 608, tse]
[2241, 33.3, 32.0, 32.00, 32.25, 295, tse]
[2243, 13.1, 12.55, 12.85, 12.80, 340, tse]
[2247, 218.5, 212.0, 216.50, 215.50, 201, tse]
[2250, 74.9, 71.7, 73.40, 72.50, 245, tse]
[2301, 66.0, 62.1, 64.90, 63.70, 48275, tse]
[2302, 19.1, 17.55, 19.00, 17.70, 3283, tse]
[2303, 45.9, 42.5, 45.65, 43.50, 285720, tse]
[2305, 29.35, 27.0, 28.90, 27.60, 7073, tse]
[2308, 305.5, 289.0, 304.50, 294.50, 24906, tse]
[2312, 14.6, 14.1, 14.50, 14.45, 35402, tse]
[2313, 51.8, 48.65, 51.50, 48.80, 84565, tse]
[2314, 43.8, 40.5, 43.00, 40.85, 7555, tse]
[2316, 27.0, 26.0, 26.15, 26.30, 907, tse]
[2317, 107.0, 101.5, 106.50, 102.00, 210485, tse]
[2321, 6.53, 5.4, 5.40, 6.05, 315, tse]
[2323, 8.07, 7.69, 7.93, 7.78, 31573, tse]
[2324, 21.95, 21.35, 21.60, 21.95, 54738, tse]
[2327, 509.0, 473.0, 492.00, 479.00, 18314, tse]
[2328, 41.7, 38.5, 40.55, 38.75, 128511, tse]
[2329, 19.4, 18.25, 19.10, 18.55, 23499, tse]
[2330, 497.5, 467.0, 491.50, 481.50, 175241, tse]
[2331, 22.7, 21.35, 22.55, 21.95, 6497, tse]
[2332, 15.4, 14.55, 15.40, 14.60, 4159, tse]
[2337, 36.45, 32.7, 35.60, 33.95, 72478, tse]
[2338, 98.2, 90.3, 95.70, 92.70, 63398, tse]
[2340, 40.0, 36.1, 38.65, 36.25, 18707, tse]
[2342, 43.4, 40.15, 43.20, 41.20, 6944, tse]
[2344, 22.45, 20.65, 22.05, 20.70, 87810, tse]
[2345, 262.5, 244.0, 259.50, 250.50, 17414, tse]
[2347, 61.3, 59.1, 59.90, 59.80, 23568, tse]
[2348, 67.0, 64.4, 65.00, 64.90, 490, tse]
[2349, 8.38, 7.85, 7.90, 8.16, 13046, tse]
[2351, 111.5, 103.5, 109.00, 104.00, 6639, tse]
[2352, 28.5, 27.1, 28.40, 27.80, 38982, tse]
[2353, 25.0, 23.25, 24.90, 23.60, 64549, tse]
[2354, 54.9, 52.1, 54.80, 53.20, 20861, tse]
[2355, 33.0, 30.7, 32.60, 30.95, 4719, tse]
[2356, 24.5, 23.7, 23.80, 24.50, 38373, tse]
[2357, 283.0, 266.0, 276.50, 268.50, 12655, tse]
[2358, 15.85, 14.45, 15.25, 14.50, 13067, tse]
[2359, 28.0, 26.15, 26.15, 26.80, 41908, tse]
[2360, 197.5, 173.0, 195.00, 177.50, 6680, tse]
[2362, 32.0, 31.15, 31.80, 31.45, 668, tse]
[2363, 17.85, 16.4, 17.70, 16.70, 10669, tse]
[2364, 130.5, 111.5, 124.50, 116.00, 9793, tse]
[2365, 10.4, 9.96, 10.30, 10.05, 901, tse]
[2367, 20.2, 18.95, 19.60, 19.20, 64768, tse]
[2368, 101.0, 94.0, 99.90, 95.50, 24057, tse]
[2369, 15.15, 13.95, 15.00, 14.20, 3792, tse]
[2371, 34.4, 32.3, 32.30, 33.85, 90002, tse]
[2373, 78.8, 78.0, 78.40, 78.10, 357, tse]
[2374, 22.75, 21.6, 22.50, 21.80, 4921, tse]
[2375, 65.7, 59.0, 61.80, 61.50, 4377, tse]
[2376, 111.0, 99.4, 110.50, 102.50, 40590, tse]
[2377, 126.0, 115.0, 124.00, 119.00, 18756, tse]
[2379, 328.5, 291.0, 324.00, 299.50, 25666, tse]
[2380, 13.8, 12.85, 13.55, 12.85, 4777, tse]
[2382, 73.6, 70.7, 71.90, 72.50, 34515, tse]
[2383, 197.5, 181.0, 191.00, 197.50, 15702, tse]
[2385, 85.5, 82.2, 83.20, 84.80, 10111, tse]
[2387, 41.7, 39.4, 41.05, 40.75, 3982, tse]
[2388, 77.7, 69.7, 76.00, 76.80, 117650, tse]
[2390, 15.15, 13.55, 13.70, 13.60, 11348, tse]
[2392, 40.25, 38.15, 40.25, 38.25, 12269, tse]
[2393, 38.5, 37.0, 38.20, 38.00, 2295, tse]
[2395, 334.5, 323.0, 324.00, 334.50, 3332, tse]
[2397, 59.5, 58.0, 59.50, 58.50, 138, tse]
[2399, 14.8, 13.45, 14.35, 13.65, 7028, tse]
[2401, 26.65, 24.2, 25.95, 24.60, 14721, tse]
[2402, 19.85, 18.7, 19.70, 19.05, 30266, tse]
[2404, 192.0, 181.5, 182.00, 188.50, 5416, tse]
[2405, 13.55, 12.5, 13.55, 12.65, 11368, tse]
[2406, 21.5, 19.2, 19.90, 20.80, 49499, tse]
[2408, 56.9, 53.0, 56.00, 53.70, 48452, tse]
[2409, 16.65, 15.5, 16.25, 15.70, 181171, tse]
[2412, 113.0, 111.0, 112.00, 112.00, 34148, tse]
[2413, 30.25, 27.8, 29.00, 29.05, 18596, tse]
[2414, 31.55, 30.3, 31.55, 30.35, 393, tse]
[2415, 25.0, 22.45, 24.20, 22.80, 811, tse]
[2417, 23.5, 22.4, 23.20, 22.90, 2286, tse]
[2419, 28.05, 26.15, 28.00, 26.25, 14018, tse]
[2420, 40.1, 39.15, 39.80, 39.45, 561, tse]
[2421, 49.7, 43.8, 48.20, 45.20, 30256, tse]
[2423, 27.2, 26.2, 26.95, 27.00, 628, tse]
[2424, 20.95, 19.1, 20.35, 19.85, 238, tse]
[2425, 28.25, 27.1, 27.60, 27.70, 3670, tse]
[2426, 18.55, 17.6, 18.25, 17.80, 1749, tse]
[2427, 12.15, 11.6, 12.10, 11.85, 993, tse]
[2428, 127.0, 117.5, 125.00, 118.00, 1026, tse]
[2429, 11.1, 10.3, 11.00, 10.45, 46, tse]
[2430, 43.0, 42.0, 42.75, 42.15, 329, tse]
[2431, 10.6, 10.1, 10.45, 10.25, 841, tse]
[2433, 48.65, 48.05, 48.50, 48.25, 62, tse]
[2434, 30.4, 28.6, 29.30, 28.60, 175, tse]
[2436, 50.7, 45.0, 49.20, 45.00, 10303, tse]
[2438, 13.4, 12.95, 13.25, 13.35, 166, tse]
[2439, 90.3, 79.8, 90.10, 81.10, 10074, tse]
[2440, 13.3, 12.4, 12.85, 12.55, 670, tse]
[2441, 50.6, 48.1, 50.40, 48.15, 8619, tse]
[2442, 14.25, 13.25, 13.50, 13.70, 7942, tse]
[2443, 3.0, 2.75, 2.98, 2.76, 504, tse]
[2444, 16.4, 13.2, 14.45, 16.20, 17829, tse]
[2449, 36.65, 34.85, 36.60, 35.60, 20367, tse]
[2450, 31.2, 30.8, 31.10, 31.00, 345, tse]
[2451, 67.7, 66.0, 67.50, 66.90, 1209, tse]
[2453, 25.5, 24.8, 25.25, 25.00, 366, tse]
[2454, 755.0, 705.0, 739.00, 729.00, 23718, tse]
[2455, 79.7, 70.6, 78.70, 71.30, 11596, tse]
[2457, 43.5, 39.5, 41.80, 39.90, 39932, tse]
[2458, 92.6, 86.0, 91.90, 89.10, 7024, tse]
[2459, 53.1, 51.7, 53.00, 52.30, 293, tse]
[2460, 18.35, 17.05, 18.35, 17.30, 1551, tse]
[2461, 19.3, 18.7, 18.80, 18.80, 1667, tse]
[2462, 28.7, 27.1, 28.50, 27.35, 1874, tse]
[2464, 40.85, 37.55, 37.95, 40.85, 6246, tse]
[2465, 40.4, 36.4, 37.90, 37.00, 12256, tse]
[2466, 37.75, 33.05, 37.65, 33.20, 320, tse]
[2467, 46.0, 43.45, 45.75, 43.45, 593, tse]
[2468, 34.0, 29.35, 33.65, 30.00, 37796, tse]
[2471, 27.8, 27.3, 27.65, 27.65, 369, tse]
[2472, 58.5, 55.6, 58.00, 56.40, 1440, tse]
[2474, 178.0, 172.5, 176.50, 173.50, 21259, tse]
[2476, 50.6, 47.4, 49.70, 48.40, 10205, tse]
[2477, 21.0, 20.55, 21.00, 20.70, 646, tse]
[2478, 47.7, 44.5, 46.45, 44.90, 725, tse]
[2480, 83.3, 80.6, 82.70, 82.50, 524, tse]
[2481, 66.0, 61.8, 65.70, 62.20, 17616, tse]
[2482, 28.5, 25.5, 27.05, 25.80, 28514, tse]
[2483, 26.8, 25.0, 26.15, 25.05, 2604, tse]
[2484, 37.6, 35.9, 37.30, 36.90, 14818, tse]
[2485, 18.8, 17.7, 18.70, 18.20, 3750, tse]
[2486, 26.75, 23.0, 24.25, 23.25, 65691, tse]
[2488, 29.5, 28.9, 29.35, 29.10, 567, tse]
[2489, 10.4, 9.85, 10.25, 9.90, 15649, tse]
[2491, 13.15, 12.1, 13.00, 12.30, 567, tse]
[2492, 90.6, 81.6, 89.30, 82.10, 10373, tse]
[2493, 43.75, 42.55, 42.55, 43.55, 753, tse]
[2495, 21.1, 19.65, 20.70, 20.20, 20358, tse]
[2496, 47.5, 47.0, 47.30, 47.45, 93, tse]
[2497, 88.0, 79.3, 85.30, 80.10, 58307, tse]
[2498, 62.3, 57.7, 60.80, 59.40, 228685, tse]
[2501, 15.55, 15.2, 15.45, 15.25, 2004, tse]
[2504, 26.05, 24.75, 25.30, 25.60, 11163, tse]
[2505, 19.4, 18.8, 19.35, 18.85, 730, tse]
[2506, 9.56, 9.35, 9.46, 9.40, 1470, tse]
[2509, 14.95, 14.3, 14.60, 14.40, 359, tse]
[2511, 10.95, 10.55, 10.85, 10.65, 2194, tse]
[2514, 19.9, 17.65, 18.65, 18.05, 4171, tse]
[2515, 8.41, 8.15, 8.35, 8.38, 13774, tse]
[2516, 5.14, 4.95, 5.10, 5.12, 887, tse]
[2520, 28.0, 27.2, 28.00, 27.90, 3323, tse]
[2524, 34.5, 33.8, 34.45, 33.90, 85, tse]
[2527, 21.85, 21.0, 21.45, 21.35, 504, tse]
[2528, 17.7, 15.75, 17.70, 16.10, 2618, tse]
[2530, 18.55, 17.7, 18.45, 17.90, 5114, tse]
[2534, 25.95, 25.15, 25.75, 25.80, 4644, tse]
[2535, 30.35, 29.8, 30.35, 29.80, 1029, tse]
[2536, 22.95, 22.45, 22.95, 22.45, 1122, tse]
[2537, 7.31, 7.09, 7.28, 7.14, 2640, tse]
[2538, 12.35, 12.0, 12.35, 12.10, 1517, tse]
[2539, 32.15, 31.65, 31.95, 31.75, 852, tse]
[2540, 75.3, 72.0, 74.20, 73.10, 426, tse]
[2542, 44.85, 43.55, 44.45, 44.00, 27028, tse]
[2543, 8.9, 8.63, 8.82, 8.72, 316, tse]
[2545, 43.1, 41.3, 42.15, 41.60, 1142, tse]
[2546, 50.4, 49.5, 50.00, 49.60, 276, tse]
[2547, 9.37, 9.1, 9.32, 9.23, 8344, tse]
[2548, 89.2, 87.6, 89.20, 88.30, 1099, tse]
[2596, 17.3, 17.15, 17.15, 17.20, 208, otc]
[2597, 118.5, 115.0, 116.00, 118.00, 534, tse]
[2601, 9.07, 8.67, 8.71, 9.00, 11849, tse]
[2603, 161.5, 148.5, 158.00, 154.50, 106330, tse]
[2605, 20.1, 18.75, 19.60, 19.60, 12406, tse]
[2606, 47.55, 44.75, 46.80, 47.25, 41594, tse]
[2607, 29.2, 27.5, 28.65, 27.90, 13866, tse]
[2608, 38.4, 36.9, 37.35, 38.10, 1138, tse]
[2609, 65.1, 60.4, 64.10, 62.80, 165644, tse]
[2610, 19.9, 17.9, 18.00, 19.65, 565049, tse]
[2611, 14.3, 13.4, 14.15, 13.85, 4176, tse]
[2612, 38.1, 35.0, 38.10, 36.40, 1781, tse]
[2613, 23.0, 22.05, 22.60, 22.65, 2009, tse]
[2614, 24.7, 21.15, 21.40, 23.60, 114056, tse]
[2615, 75.5, 68.3, 74.50, 70.10, 58262, tse]
[2616, 32.55, 32.2, 32.35, 32.35, 1215, tse]
[2617, 26.8, 25.4, 26.65, 26.65, 5101, tse]
[2618, 29.2, 27.35, 27.75, 28.35, 327557, tse]
[2630, 17.3, 16.6, 17.15, 17.10, 332, tse]
[2633, 28.85, 28.15, 28.55, 28.50, 18871, tse]
[2634, 38.0, 34.35, 34.95, 34.85, 152480, tse]
[2636, 80.2, 72.2, 79.00, 72.20, 9691, tse]
[2637, 62.6, 57.4, 61.80, 60.10, 45581, tse]
[2640, 84.9, 83.6, 84.60, 84.50, 176, otc]
[2641, 18.5, 17.45, 18.30, 18.15, 7037, otc]
[2642, 48.8, 45.7, 46.55, 47.15, 1106, tse]
[2643, 70.3, 68.0, 70.00, 69.20, 302, otc]
[2701, 12.35, 12.05, 12.25, 12.15, 678, tse]
[2702, 23.9, 22.15, 23.10, 23.55, 2976, tse]
[2704, 31.55, 30.95, 31.35, 31.20, 306, tse]
[2705, 16.9, 16.25, 16.80, 16.80, 1163, tse]
[2706, 14.5, 14.1, 14.50, 14.25, 937, tse]
[2707, 259.0, 245.0, 257.00, 257.50, 8434, tse]
[2712, 34.3, 32.5, 34.05, 33.30, 101, tse]
[2718, 33.9, 33.1, 33.90, 33.40, 24, otc]
[2719, 38.1, 33.0, 38.10, 34.50, 177, otc]
[2722, 35.85, 33.8, 34.60, 34.85, 735, tse]
[2723, 143.5, 131.5, 134.00, 139.50, 17630, tse]
[2724, 13.65, 13.5, 13.50, 13.65, 5, otc]
[2726, 24.5, 22.6, 22.95, 24.50, 438, otc]
[2727, 170.0, 160.0, 163.50, 168.00, 5944, tse]
[2729, 207.0, 199.0, 202.00, 202.00, 687, otc]
[2731, 103.5, 97.2, 98.30, 100.00, 5337, tse]
[2732, 138.0, 120.5, 124.00, 134.00, 7164, otc]
[2734, 27.95, 26.0, 26.80, 27.60, 648, otc]
[2736, 22.95, 21.1, 22.50, 22.15, 3814, otc]
[2739, 29.95, 28.5, 29.65, 29.40, 384, tse]
[2740, 51.0, 49.25, 49.80, 51.00, 22, otc]
[2743, 58.8, 53.0, 55.00, 55.70, 6441, otc]
[2745, 40.0, 35.5, 36.80, 40.00, 641, otc]
[2748, 60.5, 54.0, 55.30, 60.50, 9077, tse]
[2752, 184.5, 182.0, 182.00, 183.50, 86, otc]
[2753, 222.0, 202.0, 209.00, 218.00, 6215, tse]
[2754, 162.0, 133.5, 135.00, 146.50, 9128, otc]
[2755, 83.8, 78.5, 78.60, 83.60, 118, otc]
[2756, 131.5, 101.5, 102.00, 128.50, 629, otc]
[2801, 17.55, 17.1, 17.30, 17.45, 43105, tse]
[2809, 35.9, 34.2, 35.45, 35.80, 13308, tse]
[2812, 13.2, 12.95, 13.15, 13.15, 16578, tse]
[2816, 15.6, 15.4, 15.40, 15.50, 224, tse]
[2820, 15.0, 14.6, 14.85, 14.70, 2311, tse]
[2832, 20.6, 20.4, 20.45, 20.50, 706, tse]
[2834, 13.1, 12.7, 12.85, 13.00, 194098, tse]
[2836, 12.75, 12.5, 12.75, 12.65, 1835, tse]
[2838, 16.4, 15.85, 16.20, 16.15, 5445, tse]
[2845, 11.05, 10.85, 11.00, 10.95, 16820, tse]
[2849, 14.9, 14.55, 14.85, 14.80, 171, tse]
[2850, 49.85, 47.8, 49.70, 48.35, 732, tse]
[2851, 19.4, 18.7, 19.30, 18.95, 3065, tse]
[2852, 15.9, 15.65, 15.75, 15.80, 1015, tse]
[2855, 16.9, 15.7, 16.75, 15.80, 4287, tse]
[2867, 6.22, 5.9, 6.09, 5.94, 97005, tse]
[2880, 22.75, 22.05, 22.30, 22.65, 47589, tse]
[2881, 60.1, 56.9, 59.70, 57.50, 68817, tse]
[2882, 43.25, 40.7, 43.25, 41.10, 177557, tse]
[2883, 13.55, 12.85, 13.45, 12.95, 152868, tse]
[2884, 24.75, 24.05, 24.15, 24.65, 107686, tse]
[2885, 22.75, 22.05, 22.45, 22.40, 107194, tse]
[2886, 31.3, 30.65, 31.10, 31.15, 74644, tse]
[2887, 15.15, 14.65, 14.90, 15.05, 71655, tse]
[2888, 8.88, 8.66, 8.86, 8.71, 115207, tse]
[2889, 11.55, 11.15, 11.30, 11.40, 62922, tse]
[2890, 18.05, 17.65, 17.80, 17.75, 115074, tse]
[2891, 23.2, 22.4, 22.70, 22.70, 207243, tse]
[2892, 26.45, 25.7, 25.80, 26.20, 75845, tse]
[2897, 8.64, 8.41, 8.61, 8.47, 9854, tse]
[2901, 23.85, 23.4, 23.70, 23.65, 215, tse]
[2903, 20.3, 20.05, 20.10, 20.25, 2883, tse]
[2904, 20.05, 19.7, 20.05, 19.90, 181, tse]
[2905, 16.35, 15.2, 16.10, 15.45, 2358, tse]
[2906, 19.2, 17.35, 19.10, 17.75, 10703, tse]
[2908, 20.1, 19.85, 20.00, 19.95, 312, tse]
[2910, 33.7, 31.9, 33.70, 32.05, 120, tse]
[2911, 6.55, 6.33, 6.45, 6.36, 806, tse]
[2912, 273.5, 265.0, 267.50, 273.00, 7793, tse]
[2913, 24.5, 22.6, 23.10, 22.80, 15851, tse]
[2915, 72.5, 67.7, 68.10, 68.90, 46885, tse]
[2916, 24.1, 23.35, 23.65, 23.65, 229, otc]
[2923, 23.1, 22.1, 22.70, 22.90, 21, tse]
[2924, 35.95, 29.75, 29.75, 33.00, 12, otc]
[2926, 61.9, 56.5, 57.90, 60.00, 365, otc]
[2929, 13.85, 12.4, 12.40, 13.75, 16358, tse]
[2937, 38.0, 36.5, 36.60, 37.45, 51, otc]
[2939, 43.0, 38.4, 38.40, 43.00, 1765, tse]
[2945, 47.45, 42.7, 42.90, 45.80, 214, tse]
[2947, 92.4, 90.1, 92.10, 92.40, 43, otc]
[3002, 12.3, 11.55, 12.10, 11.60, 968, tse]
[3003, 76.3, 71.6, 75.10, 72.00, 2487, tse]
[3004, 74.1, 69.3, 70.80, 73.00, 1340, tse]
[3005, 43.55, 41.7, 43.50, 42.30, 5843, tse]
[3006, 77.6, 69.2, 76.10, 69.80, 25162, tse]
[3008, 2335.0, 2175.0, 2,310.00, 2,190.00, 3753, tse]
[3010, 88.4, 85.0, 88.00, 86.20, 923, tse]
[3011, 16.9, 15.8, 16.60, 16.00, 1376, tse]
[3013, 16.95, 15.8, 16.40, 16.45, 2967, tse]
[3014, 76.6, 69.5, 72.90, 75.60, 5337, tse]
[3015, 39.05, 38.2, 38.90, 38.55, 313, tse]
[3016, 83.0, 75.9, 81.90, 75.90, 4220, tse]
[3017, 128.5, 110.5, 117.00, 115.50, 87319, tse]
[3019, 66.9, 63.0, 66.70, 63.30, 4056, tse]
[3021, 21.4, 20.1, 21.15, 20.45, 1043, tse]
[3022, 79.6, 73.7, 75.80, 78.90, 18324, tse]
[3023, 280.5, 266.5, 275.00, 280.00, 2623, tse]
[3024, 14.05, 13.45, 13.50, 13.70, 6052, tse]
[3025, 25.05, 20.55, 25.00, 21.20, 14313, tse]
[3026, 92.3, 88.2, 91.60, 89.10, 1050, tse]
[3027, 36.0, 32.6, 35.85, 34.80, 98761, tse]
[3028, 28.9, 28.1, 28.80, 28.25, 936, tse]
[3029, 40.6, 39.8, 40.40, 40.10, 812, tse]
[3030, 66.9, 64.2, 66.40, 65.30, 2816, tse]
[3031, 16.4, 15.5, 16.15, 15.85, 663, tse]
[3032, 30.1, 29.15, 30.10, 29.70, 331, tse]
[3033, 27.45, 26.45, 27.30, 26.60, 4496, tse]
[3034, 305.0, 292.5, 295.00, 299.00, 32310, tse]
[3035, 182.5, 166.5, 178.50, 168.50, 60752, tse]
[3036, 63.6, 61.9, 63.10, 63.40, 7448, tse]
[3037, 168.5, 146.5, 162.00, 149.50, 215547, tse]
[3038, 21.2, 20.3, 21.20, 20.75, 5196, tse]
[3040, 30.15, 29.6, 30.00, 29.80, 77, tse]
[3041, 22.3, 20.85, 22.05, 21.65, 3652, tse]
[3042, 86.6, 82.0, 86.10, 84.30, 4828, tse]
[3043, 7.04, 6.31, 6.31, 6.64, 3183, tse]
[3044, 99.4, 96.0, 98.40, 97.00, 5051, tse]
[3045, 95.5, 93.5, 94.20, 95.40, 12817, tse]
[3046, 58.5, 51.7, 57.10, 52.10, 18403, tse]
[3047, 17.8, 16.8, 17.60, 17.00, 37509, tse]
[3048, 29.0, 27.65, 28.70, 27.65, 2050, tse]
[3049, 9.97, 9.45, 9.78, 9.50, 9319, tse]
[3050, 17.95, 16.35, 16.80, 17.20, 10166, tse]
[3051, 21.35, 18.5, 21.00, 18.50, 6669, tse]
[3052, 10.4, 10.3, 10.35, 10.35, 564, tse]
[3054, 19.65, 18.85, 19.65, 19.15, 116, tse]
[3055, 25.45, 24.8, 25.20, 25.00, 358, tse]
[3056, 31.7, 30.7, 31.60, 30.90, 3406, tse]
[3057, 10.25, 10.1, 10.20, 10.20, 445, tse]
[3058, 10.45, 9.83, 10.20, 10.25, 828, tse]
[3059, 38.6, 35.6, 38.30, 35.60, 11743, tse]
[3060, 17.45, 16.9, 17.30, 17.05, 845, tse]
[3062, 27.0, 25.15, 25.45, 25.55, 62384, tse]
[3064, 12.0, 11.7, 12.00, 12.00, 12, otc]
[3066, 26.1, 24.5, 26.00, 24.50, 285, otc]
[3067, 33.65, 30.3, 31.35, 31.35, 42, otc]
[3071, 25.9, 25.0, 25.75, 25.40, 804, otc]
[3073, 29.25, 28.0, 28.30, 28.50, 36, otc]
[3078, 28.75, 27.4, 27.90, 27.80, 1982, otc]
[3081, 131.5, 119.5, 124.00, 124.00, 31410, otc]
[3083, 49.65, 45.05, 45.05, 46.65, 5972, otc]
[3085, 10.6, 9.83, 9.83, 10.50, 69, otc]
[3086, 90.8, 78.3, 78.60, 82.80, 1612, otc]
[3088, 59.8, 56.6, 58.10, 57.90, 1046, otc]
[3089, 48.9, 40.8, 43.40, 48.05, 564, otc]
[3090, 52.7, 50.9, 52.60, 51.50, 1953, tse]
[3092, 40.5, 37.2, 40.30, 37.20, 4744, tse]
[3094, 27.5, 25.35, 27.15, 25.75, 907, tse]
[3095, 41.0, 35.5, 39.50, 36.35, 105, otc]
[3105, 169.5, 148.5, 166.00, 149.50, 15314, otc]
[3114, 26.95, 26.35, 26.90, 26.40, 511, otc]
[3115, 11.05, 10.75, 10.90, 11.05, 19, otc]
[3118, 27.8, 26.75, 26.75, 27.55, 81, otc]
[3122, 30.6, 26.6, 29.55, 27.30, 2416, otc]
[3128, 57.1, 50.6, 51.70, 51.70, 71677, otc]
[3130, 204.5, 198.5, 199.50, 202.50, 30, tse]
[3131, 254.5, 232.0, 243.00, 237.50, 901, otc]
[3138, 149.0, 137.5, 144.50, 138.50, 2350, tse]
[3141, 96.3, 85.3, 95.20, 87.60, 13683, otc]
[3147, 55.9, 53.3, 55.30, 54.60, 1384, otc]
[3149, 22.5, 19.85, 22.00, 20.35, 10971, tse]
[3152, 208.0, 184.5, 204.50, 185.50, 590, otc]
[3162, 49.55, 45.45, 48.75, 48.15, 12225, otc]
[3163, 60.7, 56.1, 59.20, 56.50, 19153, otc]
[3164, 24.25, 22.65, 22.65, 23.40, 1106, tse]
[3167, 44.25, 42.65, 43.90, 42.65, 171, tse]
[3169, 124.5, 110.0, 118.00, 111.50, 7937, otc]
[3171, 16.65, 15.75, 16.50, 15.90, 95, otc]
[3176, 41.3, 35.25, 35.45, 37.15, 5216, otc]
[3178, 69.8, 66.1, 67.80, 67.40, 959, otc]
[3188, 13.65, 12.6, 13.35, 12.75, 1926, otc]
[3189, 140.5, 116.0, 135.50, 117.50, 115897, tse]
[3191, 7.89, 7.5, 7.80, 7.60, 208, otc]
[3202, 16.0, 14.9, 15.40, 15.65, 3247, otc]
[3205, 53.5, 46.85, 47.50, 47.15, 12340, otc]
[3206, 30.8, 29.6, 30.55, 29.75, 1176, otc]
[3207, 55.8, 49.9, 50.20, 53.90, 49665, otc]
[3209, 36.35, 35.0, 35.65, 35.85, 4067, tse]
[3211, 76.9, 74.6, 76.00, 75.30, 694, otc]
[3213, 45.75, 44.25, 45.75, 44.75, 148, otc]
[3217, 89.3, 81.2, 86.80, 81.80, 2326, otc]
[3218, 308.0, 284.0, 288.00, 292.00, 7381, otc]
[3219, 64.9, 46.0, 46.00, 56.00, 1085, otc]
[3221, 28.25, 26.35, 27.85, 26.35, 3234, otc]
[3224, 48.5, 45.9, 47.90, 46.60, 1767, otc]
[3226, 60.2, 58.2, 58.20, 60.20, 8, otc]
[3227, 105.0, 95.5, 98.90, 95.60, 4216, otc]
[3228, 222.5, 178.5, 184.50, 194.00, 24686, otc]
[3229, 20.9, 19.0, 19.45, 20.90, 546, tse]
[3230, 14.15, 13.2, 13.85, 13.30, 1661, otc]
[3231, 28.5, 27.1, 27.55, 28.40, 61654, tse]
[3232, 38.95, 33.3, 36.40, 33.30, 4060, otc]
[3234, 26.4, 24.4, 26.40, 24.50, 5184, otc]
[3236, 26.45, 24.5, 26.20, 25.50, 5526, otc]
[3252, 19.05, 17.65, 18.50, 18.20, 1419, otc]
[3257, 45.35, 41.5, 43.90, 42.15, 292, tse]
[3259, 17.85, 17.2, 17.50, 17.65, 61, otc]
[3260, 64.2, 58.4, 63.50, 59.20, 7790, otc]
[3264, 52.2, 49.7, 51.70, 50.30, 17648, otc]
[3265, 50.8, 48.25, 50.30, 48.30, 8984, otc]
[3266, 12.25, 11.65, 12.15, 11.85, 426, tse]
[3268, 24.9, 23.45, 24.60, 23.45, 399, otc]
[3272, 50.3, 44.1, 47.50, 45.20, 10857, otc]
[3276, 12.65, 12.1, 12.35, 12.35, 960, otc]
[3284, 15.3, 14.15, 15.25, 14.35, 303, otc]
[3285, 19.1, 18.0, 18.65, 18.70, 152, otc]
[3287, 15.3, 14.15, 14.60, 15.30, 882, otc]
[3288, 25.5, 23.0, 25.00, 24.50, 33, otc]
[3289, 94.0, 78.8, 82.00, 90.30, 99684, otc]
[3290, 23.55, 21.0, 23.50, 22.20, 5630, otc]
[3293, 407.5, 387.5, 395.50, 390.00, 6795, otc]
[3294, 18.35, 17.35, 17.95, 17.75, 1234, otc]
[3296, 17.1, 15.7, 16.85, 15.80, 3393, tse]
[3297, 23.95, 20.4, 22.30, 20.45, 7432, otc]
[3303, 26.5, 25.2, 26.25, 25.75, 797, otc]
[3305, 43.75, 41.05, 43.30, 42.55, 3313, tse]
[3306, 25.35, 23.55, 25.10, 23.85, 1568, otc]
[3308, 15.3, 13.8, 13.80, 15.30, 620, tse]
[3310, 42.25, 41.45, 42.05, 41.95, 272, otc]
[3311, 33.9, 33.3, 33.40, 33.40, 108, tse]
[3312, 18.65, 17.9, 18.65, 17.95, 1249, tse]
[3313, 9.98, 9.8, 9.98, 9.80, 186, otc]
[3317, 61.0, 55.8, 57.90, 58.30, 8655, otc]
[3321, 9.3, 8.53, 9.07, 8.65, 768, tse]
[3322, 22.15, 20.15, 21.90, 20.60, 4049, otc]
[3323, 36.4, 33.85, 36.35, 34.20, 1062, otc]
[3324, 162.0, 151.0, 157.50, 158.50, 9268, otc]
[3325, 13.5, 12.6, 13.50, 12.65, 501, otc]
[3332, 41.6, 40.8, 40.80, 41.00, 30, otc]
[3338, 36.4, 33.7, 35.65, 33.70, 938, tse]
[3339, 14.65, 13.1, 13.10, 13.40, 3305, otc]
[3346, 38.4, 35.25, 36.45, 37.90, 14915, tse]
[3349, 13.9, 13.45, 13.65, 13.60, 49, otc]
[3354, 14.7, 14.1, 14.55, 14.45, 761, otc]
[3356, 48.3, 45.05, 46.70, 47.25, 44938, tse]
[3357, 85.7, 81.1, 84.40, 83.40, 302, otc]
[3360, 13.9, 13.55, 13.90, 13.70, 273, otc]
[3362, 83.2, 77.7, 81.60, 80.20, 18430, otc]
[3363, 25.35, 23.05, 25.35, 23.45, 1620, otc]
[3372, 13.05, 11.65, 13.05, 12.00, 3809, otc]
[3373, 25.8, 24.05, 25.00, 24.25, 597, otc]
[3374, 113.0, 102.5, 111.00, 105.00, 12593, otc]
[3376, 86.5, 82.6, 85.50, 83.70, 1038, tse]
[3379, 11.8, 11.4, 11.45, 11.65, 106, otc]
[3380, 32.05, 30.45, 31.80, 30.85, 8152, tse]
[3388, 73.4, 72.7, 73.00, 73.00, 190, otc]
[3390, 20.1, 18.4, 20.00, 18.50, 1263, otc]
[3402, 47.15, 44.8, 46.45, 46.25, 2286, otc]
[3406, 410.0, 366.0, 406.50, 366.50, 12774, tse]
[3413, 199.5, 191.0, 196.50, 197.00, 2819, tse]
[3416, 84.4, 81.1, 83.20, 83.20, 480, tse]
[3419, 20.8, 19.15, 20.45, 19.50, 11003, tse]
[3426, 38.05, 37.7, 38.00, 37.90, 11, otc]
[3430, 51.8, 48.0, 49.60, 48.50, 1455, otc]
[3432, 23.25, 20.55, 22.90, 20.60, 4672, tse]
[3434, 30.2, 26.75, 29.65, 26.80, 2112, otc]
[3437, 18.1, 17.25, 18.00, 17.65, 792, tse]
[3438, 56.9, 52.7, 54.20, 53.70, 2642, otc]
[3441, 46.6, 42.65, 46.00, 43.00, 12759, otc]
[3443, 801.0, 736.0, 768.00, 794.00, 34905, tse]
[3444, 79.2, 74.7, 76.00, 76.00, 16045, otc]
[3450, 41.2, 38.4, 40.50, 39.35, 1196, tse]
[3454, 234.0, 206.0, 214.00, 217.00, 74114, tse]
[3455, 90.9, 85.2, 89.00, 87.30, 4013, otc]
[3465, 86.8, 83.3, 85.70, 83.30, 36, otc]
[3466, 31.6, 27.1, 31.50, 28.30, 4354, otc]
[3479, 63.4, 60.0, 61.60, 62.40, 2837, otc]
[3481, 12.75, 11.9, 12.60, 12.00, 203832, tse]
[3483, 61.4, 56.0, 58.70, 56.30, 5074, otc]
[3484, 48.4, 45.0, 46.90, 45.70, 804, otc]
[3489, 10.3, 10.05, 10.30, 10.15, 106, otc]
[3490, 26.9, 24.05, 25.35, 25.95, 2788, otc]
[3491, 150.5, 136.5, 149.00, 138.00, 19372, otc]
[3492, 19.7, 18.6, 19.10, 19.00, 605, otc]
[3494, 11.5, 9.64, 10.90, 10.95, 14055, tse]
[3498, 34.95, 32.3, 33.65, 34.55, 865, otc]
[3499, 21.85, 19.45, 20.20, 19.55, 10155, otc]
[3501, 52.3, 50.0, 50.00, 50.70, 3494, tse]
[3504, 94.6, 85.5, 93.60, 85.70, 9105, tse]
[3508, 40.95, 35.2, 39.70, 36.85, 10367, otc]
[3511, 38.55, 35.7, 38.25, 35.80, 3598, otc]
[3512, 29.45, 28.8, 29.40, 28.85, 171, otc]
[3515, 134.0, 122.5, 131.00, 127.00, 5752, tse]
[3516, 16.0, 15.15, 16.00, 15.30, 557, otc]
[3518, 23.15, 20.9, 22.85, 20.90, 958, tse]
[3520, 23.8, 20.3, 23.55, 20.40, 10497, otc]
[3521, 24.6, 23.15, 24.55, 23.15, 2896, otc]
[3522, 10.3, 9.95, 10.05, 9.95, 100, otc]
[3523, 19.8, 18.4, 19.40, 19.10, 64, otc]
[3526, 133.0, 120.5, 133.00, 121.50, 1293, otc]
[3527, 120.5, 108.5, 117.00, 109.00, 2543, otc]
[3528, 50.2, 49.0, 50.00, 50.00, 98, tse]
[3529, 1555.0, 1405.0, 1,545.00, 1,490.00, 3657, otc]
[3530, 82.6, 76.0, 80.20, 77.70, 709, tse]
[3531, 28.05, 26.9, 27.60, 27.10, 319, otc]
[3532, 167.0, 151.0, 162.00, 152.00, 9815, tse]
[3533, 904.0, 852.0, 882.00, 884.00, 1940, tse]
[3535, 27.1, 25.35, 26.80, 25.75, 12755, tse]
[3536, 4.26, 3.84, 3.95, 4.26, 308, tse]
[3537, 35.3, 34.65, 35.20, 35.00, 176, otc]
[3540, 28.2, 23.95, 23.95, 27.35, 3789, otc]
[3541, 57.0, 53.3, 57.00, 54.00, 477, otc]
[3543, 19.95, 19.35, 19.90, 19.65, 135, tse]
[3545, 70.1, 63.6, 68.50, 63.70, 12295, tse]
[3546, 78.3, 74.3, 76.20, 75.60, 1074, otc]
[3548, 63.6, 59.1, 62.10, 59.10, 1035, otc]
[3550, 14.6, 13.55, 13.55, 14.00, 764, tse]
[3551, 59.6, 57.9, 58.90, 58.90, 433, otc]
[3552, 162.0, 149.0, 161.50, 150.00, 6630, otc]
[3555, 24.7, 22.85, 24.50, 24.45, 73, otc]
[3556, 58.9, 56.5, 57.60, 56.60, 734, otc]
[3557, 50.6, 48.1, 50.50, 48.40, 329, tse]
[3558, 231.5, 204.0, 222.00, 231.50, 22968, otc]
[3563, 147.0, 136.5, 144.50, 137.00, 468, tse]
[3564, 32.15, 29.9, 31.30, 30.20, 660, otc]
[3567, 26.35, 25.25, 25.60, 25.70, 225, otc]
[3570, 90.9, 89.1, 89.70, 89.10, 38, otc]
[3576, 22.85, 20.5, 21.70, 22.10, 93714, tse]
[3577, 80.0, 70.6, 71.80, 80.00, 660, otc]
[3580, 73.8, 64.8, 70.30, 64.80, 10199, otc]
[3581, 22.4, 21.65, 22.00, 22.25, 130, otc]
[3583, 81.4, 73.9, 76.60, 75.50, 6698, tse]
[3587, 171.5, 144.5, 146.00, 166.50, 40966, otc]
[3588, 66.5, 60.0, 64.10, 60.30, 3535, tse]
[3591, 17.65, 16.35, 17.00, 16.75, 2370, tse]
[3592, 318.0, 296.0, 314.00, 301.50, 3058, tse]
[3593, 14.1, 13.65, 13.85, 14.00, 142, tse]
[3594, 27.8, 26.3, 27.10, 26.75, 4309, otc]
[3596, 108.0, 103.5, 106.00, 105.00, 6852, tse]
[3597, 26.35, 23.9, 26.35, 24.35, 387, otc]
[3605, 35.5, 33.1, 34.80, 33.40, 1820, tse]
[3607, 12.7, 12.15, 12.60, 12.30, 658, tse]
[3609, 51.0, 44.8, 45.55, 49.50, 215, otc]
[3611, 195.5, 190.5, 191.00, 194.00, 172, otc]
[3615, 17.25, 16.5, 17.20, 16.95, 469, otc]
[3617, 119.0, 102.0, 118.00, 102.50, 7974, tse]
[3622, 28.4, 27.15, 27.80, 27.85, 637, tse]
[3623, 18.8, 15.9, 16.65, 15.90, 3001, otc]
[3624, 48.3, 42.9, 48.30, 43.00, 8427, otc]
[3625, 14.7, 12.75, 14.60, 12.85, 12904, otc]
[3628, 43.35, 39.65, 40.90, 41.90, 447, otc]
[3629, 39.7, 37.8, 39.70, 38.90, 11, otc]
[3630, 33.2, 30.5, 33.05, 30.50, 2227, otc]
[3631, 42.3, 37.65, 38.50, 40.05, 449, otc]
[3632, 10.9, 9.6, 9.99, 10.60, 104, otc]
[3645, 35.2, 32.95, 33.80, 33.50, 2737, tse]
[3646, 23.7, 22.75, 23.65, 23.05, 187, otc]
[3652, 24.2, 22.8, 23.75, 23.60, 547, tse]
[3653, 416.0, 379.0, 410.00, 387.50, 6736, tse]
[3661, 928.0, 853.0, 918.00, 915.00, 21815, tse]
[3663, 30.6, 28.85, 29.50, 29.05, 477, otc]
[3664, 12.2, 11.3, 11.55, 11.90, 579, otc]
[3665, 270.0, 257.0, 262.50, 258.50, 16085, tse]
[3666, 19.4, 18.4, 19.15, 18.90, 281, otc]
[3669, 46.0, 42.15, 46.00, 43.10, 751, tse]
[3672, 28.05, 27.2, 27.90, 27.45, 39, otc]
[3673, 32.25, 30.25, 32.10, 30.40, 3614, tse]
[3675, 196.5, 178.5, 195.50, 179.00, 10078, otc]
[3679, 99.5, 94.2, 94.80, 95.50, 451, tse]
[3680, 280.0, 255.5, 257.00, 270.00, 10735, otc]
[3682, 6.24, 6.0, 6.24, 6.00, 13253, tse]
[3684, 62.3, 57.0, 57.50, 59.40, 278, otc]
[3685, 23.65, 20.7, 23.55, 21.00, 1077, otc]
[3686, 14.35, 12.5, 13.10, 14.35, 2603, tse]
[3687, 96.6, 86.0, 86.00, 88.30, 7388, otc]
[3689, 35.85, 31.9, 33.50, 34.25, 3336, otc]
[3691, 122.5, 112.0, 117.50, 121.00, 4086, otc]
[3693, 94.4, 74.4, 80.10, 94.40, 9876, otc]
[3694, 22.25, 20.55, 22.00, 20.85, 1066, tse]
[3701, 44.5, 40.2, 44.50, 40.70, 4447, tse]
[3702, 48.5, 47.0, 48.10, 48.50, 15843, tse]
[3703, 30.15, 29.15, 30.05, 29.80, 6355, tse]
[3704, 33.3, 31.3, 32.90, 31.80, 11802, tse]
[3705, 40.9, 40.0, 40.50, 40.55, 1430, tse]
[3706, 30.0, 28.8, 30.00, 29.30, 10366, tse]
[3707, 106.0, 96.1, 104.00, 96.10, 19547, otc]
[3708, 104.5, 94.4, 103.50, 95.70, 15457, tse]
[3709, 23.0, 22.0, 22.15, 22.25, 130, otc]
[3710, 12.75, 11.8, 12.70, 11.85, 9435, otc]
[3711, 102.5, 96.1, 101.50, 99.50, 62023, tse]
[3712, 27.75, 26.3, 27.75, 26.45, 978, tse]
[3713, 29.4, 24.35, 25.00, 29.40, 963, otc]
[3714, 48.65, 45.85, 47.90, 46.45, 12824, tse]
[3715, 18.3, 17.15, 17.95, 17.40, 4864, tse]
[4102, 35.8, 32.5, 33.65, 33.75, 16290, otc]
[4104, 65.8, 64.2, 65.40, 65.80, 946, tse]
[4105, 84.3, 78.0, 78.00, 83.00, 26056, otc]
[4106, 30.45, 25.2, 25.85, 30.45, 14789, tse]
[4107, 116.5, 113.5, 114.50, 115.00, 1120, otc]
[4108, 19.45, 18.6, 19.00, 19.20, 1319, tse]
[4109, 14.5, 14.1, 14.35, 14.30, 453, otc]
[4111, 26.5, 24.45, 24.70, 25.75, 2476, otc]
[4113, 12.0, 11.65, 11.85, 12.00, 9153, otc]
[4114, 49.5, 36.5, 36.50, 48.50, 277808, otc]
[4116, 67.5, 63.0, 65.00, 63.70, 4771, otc]
[4119, 98.3, 94.1, 95.40, 94.50, 2760, tse]
[4120, 37.2, 35.75, 37.00, 36.05, 174, otc]
[4121, 23.15, 20.9, 20.90, 22.20, 9072, otc]
[4123, 48.25, 45.0, 45.65, 46.85, 11656, otc]
[4126, 73.6, 71.5, 71.50, 73.40, 792, otc]
[4127, 15.0, 14.2, 14.30, 14.60, 1384, otc]
[4128, 72.5, 64.7, 70.40, 65.50, 52815, otc]
[4129, 39.45, 37.25, 38.10, 39.45, 2546, otc]
[4130, 27.8, 24.7, 24.70, 27.15, 12043, otc]
[4131, 21.5, 20.6, 21.30, 20.75, 19, otc]
[4133, 39.7, 37.65, 38.45, 39.20, 5552, tse]
[4137, 208.5, 176.0, 177.50, 202.00, 15894, tse]
[4138, 63.0, 58.1, 58.70, 61.60, 762, otc]
[4139, 44.4, 43.7, 44.10, 44.00, 211, otc]
[4142, 38.2, 36.1, 38.00, 36.50, 6813, tse]
[4147, 71.8, 63.7, 65.60, 70.20, 9456, otc]
[4148, 63.4, 59.5, 61.30, 59.80, 1710, tse]
[4153, 33.9, 29.95, 30.80, 31.85, 5241, otc]
[4154, 42.15, 40.0, 42.00, 40.15, 40, otc]
[4155, 26.6, 25.35, 25.70, 26.00, 3048, tse]
[4157, 16.1, 15.25, 15.75, 15.45, 6318, otc]
[4160, 30.45, 27.4, 30.45, 28.20, 883, otc]
[4161, 31.6, 26.9, 27.95, 28.90, 10608, otc]
[4162, 148.0, 125.0, 142.00, 126.00, 68371, otc]
[4163, 108.5, 100.5, 101.50, 106.50, 2378, otc]
[4164, 47.15, 45.3, 45.65, 46.10, 5066, tse]
[4167, 20.25, 18.05, 18.95, 18.80, 13977, otc]
[4168, 34.5, 32.7, 34.05, 32.85, 14215, otc]
[4171, 63.0, 54.9, 55.10, 56.10, 8514, otc]
[4173, 18.05, 17.35, 17.55, 17.75, 763, otc]
[4174, 78.1, 73.5, 76.50, 74.80, 2366, otc]
[4175, 75.4, 72.2, 72.30, 73.90, 429, otc]
[4183, 18.95, 17.8, 17.85, 18.50, 84, otc]
[4188, 16.75, 14.85, 15.00, 15.75, 1083, otc]
[4190, 86.5, 75.8, 75.80, 82.30, 9342, tse]
[4192, 30.5, 26.1, 30.00, 26.80, 395, otc]
[4198, 29.8, 26.7, 29.80, 26.75, 123, otc]
[4205, 101.5, 100.0, 100.50, 100.50, 56, otc]
[4207, 13.6, 12.85, 13.60, 13.25, 1356, otc]
[4303, 16.75, 16.1, 16.55, 16.45, 480, otc]
[4304, 9.02, 8.06, 8.14, 8.76, 808, otc]
[4305, 30.5, 29.9, 29.90, 30.00, 91, otc]
[4306, 15.15, 14.7, 15.10, 14.90, 3409, tse]
[4401, 26.9, 26.25, 26.60, 26.55, 198, otc]
[4402, 11.4, 10.5, 11.25, 10.85, 1591, otc]
[4406, 10.8, 10.4, 10.70, 10.55, 526, otc]
[4413, 20.0, 17.9, 18.50, 18.15, 528, otc]
[4416, 78.9, 76.5, 76.60, 78.00, 13, otc]
[4417, 37.45, 36.95, 37.10, 37.30, 357, otc]
[4419, 10.55, 8.52, 9.20, 9.71, 32, otc]
[4420, 30.55, 29.75, 30.45, 30.25, 126, otc]
[4426, 26.1, 24.2, 24.40, 24.75, 3778, tse]
[4430, 21.95, 21.65, 21.85, 21.80, 43, otc]
[4432, 28.55, 26.1, 27.45, 27.45, 4543, otc]
[4433, 32.4, 30.3, 30.90, 31.65, 423, otc]
[4438, 124.0, 120.0, 123.00, 121.00, 947, tse]
[4439, 103.0, 101.0, 101.00, 101.00, 92, tse]
[4440, 34.2, 33.35, 33.70, 33.40, 181, tse]
[4502, 37.55, 36.5, 37.45, 37.50, 87, otc]
[4503, 37.95, 34.65, 37.45, 35.10, 946, otc]
[4506, 69.5, 68.2, 68.50, 69.00, 279, otc]
[4510, 10.7, 10.4, 10.60, 10.45, 375, otc]
[4513, 23.2, 21.3, 22.95, 22.15, 844, otc]
[4523, 37.5, 31.3, 35.00, 36.20, 1824, otc]
[4526, 14.7, 14.5, 14.60, 14.60, 397, tse]
[4527, 27.65, 27.0, 27.40, 27.50, 71, otc]
[4528, 32.25, 31.35, 31.50, 32.15, 208, otc]
[4529, 9.62, 9.1, 9.34, 9.19, 134, otc]
[4530, 6.64, 6.0, 6.50, 6.39, 347, otc]
[4532, 16.8, 16.3, 16.60, 16.45, 1492, tse]
[4533, 10.9, 10.7, 10.80, 10.70, 1205, otc]
[4534, 9.3, 8.96, 9.30, 8.96, 427, otc]
[4535, 39.0, 37.7, 38.60, 39.00, 43, otc]
[4536, 209.5, 177.5, 178.00, 206.50, 19473, tse]
[4538, 19.75, 18.95, 19.05, 19.55, 39, otc]
[4540, 39.45, 36.75, 37.85, 37.30, 486, tse]
[4541, 32.6, 29.8, 31.25, 30.90, 7034, otc]
[4542, 25.7, 25.1, 25.10, 25.35, 120, otc]
[4543, 27.1, 25.1, 26.85, 25.15, 2203, otc]
[4545, 28.9, 27.8, 28.30, 28.15, 87, tse]
[4549, 86.1, 83.8, 86.10, 85.40, 176, otc]
[4550, 25.0, 23.4, 23.70, 23.85, 685, otc]
[4551, 164.5, 151.0, 162.50, 153.50, 2877, tse]
[4552, 29.75, 29.2, 29.25, 29.25, 345, tse]
[4554, 26.35, 25.25, 25.70, 25.40, 182, otc]
[4555, 51.0, 50.2, 50.70, 50.50, 61, tse]
[4556, 31.2, 30.05, 31.10, 30.80, 20, otc]
[4557, 106.5, 100.5, 106.50, 102.00, 433, tse]
[4558, 24.8, 23.0, 23.10, 23.95, 133, otc]
[4560, 38.85, 38.25, 38.35, 38.50, 160, tse]
[4561, 22.4, 21.55, 22.05, 21.65, 118, otc]
[4562, 16.8, 15.3, 15.65, 15.55, 1127, tse]
[4563, 37.0, 34.25, 36.80, 36.55, 624, otc]
[4564, 26.15, 24.15, 25.95, 24.40, 1229, tse]
[4566, 58.3, 54.0, 57.50, 54.30, 5443, tse]
[4568, 61.6, 60.0, 61.00, 60.10, 39, otc]
[4571, 77.4, 74.8, 77.30, 75.30, 59, tse]
[4572, 130.0, 121.5, 123.50, 122.50, 3629, tse]
[4576, 77.9, 70.3, 76.10, 72.60, 561, tse]
[4577, 33.0, 32.15, 33.00, 33.00, 195, otc]
[4580, 82.0, 81.0, 81.10, 81.60, 231, otc]
[4581, 33.55, 33.15, 33.30, 33.55, 16, tse]
[4583, 190.5, 186.0, 188.50, 186.50, 55, tse]
[4584, 45.5, 44.1, 44.25, 44.70, 250, otc]
[4609, 8.33, 7.9, 8.01, 8.33, 41, otc]
[4702, 13.15, 12.45, 12.75, 12.65, 1545, otc]
[4706, 17.5, 17.0, 17.15, 17.50, 62, otc]
[4707, 12.0, 11.5, 12.00, 11.75, 1963, otc]
[4711, 15.35, 14.85, 14.95, 14.95, 267, otc]
[4712, 4.75, 4.65, 4.75, 4.75, 38, otc]
[4714, 11.25, 10.9, 11.20, 10.95, 408, otc]
[4716, 12.9, 12.45, 12.55, 12.65, 433, otc]
[4720, 15.15, 14.4, 14.65, 14.60, 1554, tse]
[4721, 115.0, 107.0, 114.50, 107.00, 3580, otc]
[4722, 34.95, 33.7, 34.25, 34.10, 305, tse]
[4726, 40.8, 38.4, 39.20, 38.80, 9323, otc]
[4728, 170.0, 147.5, 148.00, 160.00, 1920, otc]
[4729, 15.8, 14.9, 15.80, 14.95, 351, otc]
[4735, 36.45, 35.15, 35.60, 35.45, 286, otc]
[4736, 196.5, 173.5, 187.00, 175.50, 7410, otc]
[4737, 79.3, 77.0, 78.70, 77.80, 133, tse]
[4739, 107.0, 99.9, 106.50, 100.00, 7398, tse]
[4741, 26.95, 25.1, 26.15, 25.50, 124, otc]
[4743, 309.5, 258.5, 295.50, 260.00, 73734, otc]
[4744, 28.95, 25.95, 26.15, 27.85, 1233, otc]
[4745, 24.6, 24.1, 24.30, 24.30, 98, otc]
[4746, 70.3, 63.1, 63.70, 65.70, 30430, tse]
[4747, 33.0, 32.3, 32.50, 32.80, 70, otc]
[4754, 36.4, 34.7, 34.80, 35.00, 45, otc]
[4755, 139.0, 126.5, 129.00, 135.00, 12059, tse]
[4760, 51.0, 48.85, 48.85, 49.30, 241, otc]
[4763, 188.0, 163.0, 169.50, 185.00, 14293, tse]
[4764, 53.8, 52.0, 53.60, 52.20, 38, tse]
[4766, 137.0, 133.5, 135.50, 136.00, 281, tse]
[4767, 26.3, 24.6, 25.25, 26.30, 89, otc]
[4768, 213.0, 185.0, 200.50, 186.00, 11131, otc]
[4770, 356.0, 309.5, 315.00, 330.00, 14797, tse]
[4804, 12.25, 10.15, 10.25, 11.20, 5325, otc]
[4806, 6.17, 5.55, 6.05, 5.88, 40, otc]
[4807, 22.35, 21.35, 21.70, 22.20, 58, tse]
[4903, 10.2, 9.93, 9.93, 10.00, 453, otc]
[4904, 67.9, 66.6, 67.30, 67.50, 18446, tse]
[4905, 54.0, 50.5, 50.50, 51.40, 18, otc]
[4906, 29.2, 27.75, 28.85, 28.60, 11384, tse]
[4907, 26.4, 24.55, 24.90, 26.35, 457, otc]
[4908, 33.7, 31.2, 33.70, 31.70, 1839, otc]
[4909, 17.55, 16.5, 17.25, 16.60, 613, otc]
[4911, 53.7, 50.3, 51.10, 50.60, 640, otc]
[4912, 86.0, 80.4, 86.00, 81.50, 213, tse]
[4915, 58.5, 56.7, 58.50, 57.80, 24684, tse]
[4916, 31.2, 26.6, 26.90, 29.10, 37289, tse]
[4919, 128.5, 118.0, 125.50, 121.50, 50347, tse]
[4923, 52.5, 49.2, 51.90, 50.90, 327, otc]
[4924, 16.5, 15.2, 16.35, 15.55, 2992, otc]
[4927, 61.3, 58.2, 61.10, 58.70, 8264, tse]
[4930, 27.7, 26.6, 26.95, 27.25, 458, tse]
[4931, 54.6, 50.1, 54.40, 50.60, 36762, otc]
[4933, 32.25, 31.8, 32.15, 32.10, 105, otc]
[4934, 29.4, 26.65, 27.75, 28.55, 6803, tse]
[4935, 64.9, 58.6, 63.50, 58.70, 1317, tse]
[4938, 63.8, 61.4, 61.40, 63.10, 25352, tse]
[4939, 16.35, 15.5, 15.90, 15.75, 637, otc]
[4942, 37.4, 36.05, 36.80, 36.05, 451, tse]
[4943, 7.99, 6.85, 7.99, 6.99, 809, tse]
[4944, 13.7, 12.9, 12.90, 13.00, 16, otc]
[4945, 52.5, 48.15, 51.30, 49.05, 164, otc]
[4946, 55.6, 50.2, 50.30, 52.60, 1575, otc]
[4950, 22.0, 20.3, 21.85, 21.00, 988, otc]
[4951, 59.8, 55.0, 58.50, 56.30, 919, otc]
[4952, 51.9, 47.6, 50.60, 47.65, 1552, tse]
[4953, 94.0, 88.0, 89.20, 89.50, 5202, otc]
[4956, 15.2, 14.2, 15.15, 14.60, 819, tse]
[4958, 129.0, 113.5, 122.50, 116.00, 43047, tse]
[4960, 10.25, 9.9, 10.15, 10.00, 6867, tse]
[4961, 136.0, 117.0, 130.50, 118.00, 24664, tse]
[4966, 855.0, 788.0, 843.00, 821.00, 6265, otc]
[4967, 31.5, 29.75, 31.20, 30.20, 824, tse]
[4968, 133.0, 120.0, 131.50, 122.00, 11445, tse]
[4971, 61.6, 56.2, 61.60, 56.40, 408, otc]
[4972, 29.95, 29.55, 29.90, 29.85, 82, otc]
[4973, 22.5, 21.6, 22.10, 21.95, 392, otc]
[4974, 58.9, 56.7, 57.60, 57.20, 2846, otc]
[4976, 42.4, 38.7, 42.40, 38.80, 2592, tse]
[4977, 119.5, 107.5, 110.50, 109.50, 38428, tse]
[4979, 54.0, 47.8, 52.00, 51.50, 55556, otc]
[4987, 58.2, 57.0, 57.00, 57.90, 117, otc]
[4989, 28.0, 26.0, 28.00, 26.35, 901, tse]
[4991, 41.0, 39.25, 40.30, 39.90, 199, otc]
[4994, 45.0, 40.85, 42.70, 41.10, 633, tse]
[4995, 38.8, 37.55, 38.80, 37.55, 252, otc]
[4999, 38.0, 36.8, 37.15, 36.95, 180, tse]
[5007, 52.1, 50.8, 52.10, 51.00, 151, tse]
[5009, 33.9, 31.8, 33.55, 33.70, 43771, otc]
[5011, 25.5, 23.7, 25.10, 23.95, 2806, otc]
[5013, 36.2, 35.65, 36.20, 36.15, 39, otc]
[5014, 16.5, 15.85, 16.20, 16.00, 4957, otc]
[5015, 75.8, 58.3, 74.70, 59.20, 7980, otc]
[5016, 29.7, 29.0, 29.00, 29.35, 35, otc]
[5201, 28.75, 28.0, 28.30, 28.40, 25, otc]
[5202, 15.2, 14.8, 15.05, 14.90, 55, otc]
[5203, 86.4, 83.4, 86.20, 85.00, 661, tse]
[5205, 46.65, 33.05, 33.05, 45.50, 155, otc]
[5206, 14.15, 13.85, 14.00, 14.15, 114, otc]
[5209, 76.4, 74.8, 76.00, 76.00, 85, otc]
[5210, 16.4, 15.1, 15.60, 15.25, 992, otc]
[5211, 20.25, 19.1, 20.00, 19.30, 262, otc]
[5212, 37.3, 35.3, 36.10, 36.35, 163, otc]
[5213, 23.0, 22.05, 22.75, 22.65, 780, otc]
[5215, 51.4, 47.7, 51.00, 48.20, 1062, tse]
[5220, 30.05, 28.35, 30.05, 28.90, 251, otc]
[5222, 154.0, 141.5, 142.50, 144.00, 9303, tse]
[5223, 42.0, 40.4, 41.10, 40.40, 124, otc]
[5225, 39.65, 36.1, 38.00, 36.80, 7220, tse]
[5227, 77.3, 68.3, 76.80, 69.30, 4881, otc]
[5228, 23.85, 22.4, 23.10, 22.60, 413, otc]
[5230, 24.1, 22.0, 22.60, 23.70, 1051, otc]
[5234, 73.5, 69.0, 71.90, 69.40, 770, tse]
[5236, 76.7, 69.5, 75.00, 69.90, 744, otc]
[5243, 66.4, 60.8, 66.00, 60.90, 16700, tse]
[5244, 28.1, 25.55, 25.55, 27.50, 449, tse]
[5245, 63.9, 57.7, 63.10, 57.70, 1870, otc]
[5251, 30.15, 27.55, 29.20, 27.55, 8912, otc]
[5258, 73.9, 65.7, 70.40, 69.40, 63246, tse]
[5263, 127.5, 115.0, 120.00, 116.00, 2417, otc]
[5269, 802.0, 701.0, 792.00, 713.00, 5519, tse]
[5272, 27.7, 25.5, 27.40, 27.10, 1731, otc]
[5274, 2310.0, 1975.0, 2,310.00, 1,985.00, 3052, otc]
[5276, 14.8, 14.4, 14.80, 14.40, 5, otc]
[5278, 183.5, 167.0, 168.50, 183.50, 200, otc]
[5281, 17.75, 16.55, 17.50, 17.10, 59, otc]
[5283, 105.0, 103.0, 104.50, 104.00, 232, tse]
[5284, 69.0, 57.2, 58.50, 67.60, 24071, tse]
[5285, 69.6, 64.3, 69.00, 64.30, 1449, tse]
[5287, 194.5, 186.0, 192.00, 187.00, 134, otc]
[5288, 178.0, 170.0, 171.50, 174.00, 754, tse]
[5289, 200.0, 185.5, 198.00, 188.50, 1610, otc]
[5291, 35.75, 34.1, 35.40, 34.10, 372, otc]
[5299, 127.5, 115.0, 126.00, 115.00, 1709, otc]
[5301, 11.9, 10.65, 11.50, 11.90, 308, otc]
[5302, 9.19, 8.68, 8.92, 8.85, 464, otc]
[5306, 158.0, 152.5, 156.00, 157.50, 698, tse]
[5309, 46.75, 41.05, 44.85, 41.05, 52117, otc]
[5310, 29.25, 27.9, 28.50, 28.45, 103, otc]
[5312, 58.4, 57.6, 58.40, 57.90, 93, otc]
[5314, 20.9, 16.2, 19.50, 17.50, 109, otc]
[5315, 18.7, 18.3, 18.55, 18.50, 1684, otc]
[5321, 73.0, 66.4, 66.40, 67.00, 1550, otc]
[5324, 8.56, 8.41, 8.50, 8.56, 91, otc]
[5328, 10.65, 9.83, 10.00, 10.40, 1736, otc]
[5340, 25.2, 24.5, 25.10, 24.90, 113, otc]
[5344, 21.7, 19.0, 21.40, 20.05, 1796, otc]
[5345, 5.97, 5.7, 5.80, 5.97, 88, otc]
[5347, 88.4, 82.3, 87.30, 83.20, 24571, otc]
[5348, 9.53, 8.7, 9.53, 9.25, 52, otc]
[5351, 47.5, 42.7, 47.20, 42.70, 34004, otc]
[5353, 33.75, 31.0, 32.80, 31.10, 7902, otc]
[5355, 6.39, 6.11, 6.28, 6.26, 390, otc]
[5356, 21.05, 20.15, 20.80, 20.45, 171, otc]
[5364, 24.45, 23.1, 24.45, 23.55, 155, otc]
[5371, 59.5, 55.7, 58.00, 56.00, 8761, otc]
[5381, 6.09, 5.87, 5.92, 5.90, 378, otc]
[5383, 27.7, 26.1, 27.00, 27.00, 116, otc]
[5386, 38.9, 35.25, 36.00, 35.25, 2679, otc]
[5388, 86.0, 80.4, 84.60, 80.90, 23146, tse]
[5392, 21.45, 20.2, 20.90, 20.75, 855, otc]
[5398, 17.4, 16.75, 17.10, 17.00, 81, otc]
[5403, 68.2, 66.4, 67.70, 67.80, 227, otc]
[5410, 36.8, 34.3, 35.60, 35.05, 9336, otc]
[5425, 85.6, 78.7, 85.30, 79.80, 61210, otc]
[5426, 14.4, 13.4, 14.30, 13.95, 2550, otc]
[5432, 30.4, 29.3, 29.30, 29.40, 81, otc]
[5434, 174.5, 166.0, 168.00, 168.50, 1779, tse]
[5438, 17.3, 16.5, 16.60, 16.90, 83, otc]
[5439, 48.95, 46.5, 47.95, 47.00, 778, otc]
[5443, 30.65, 27.4, 28.85, 30.65, 7646, otc]
[5450, 18.4, 17.85, 18.15, 18.20, 273, otc]
[5452, 15.9, 15.05, 15.45, 15.05, 615, otc]
[5455, 27.6, 27.6, 27.60, 27.60, 3, otc]
[5457, 59.5, 54.9, 58.30, 55.30, 3367, otc]
[5460, 11.0, 10.75, 11.00, 10.80, 125, otc]
[5464, 25.45, 24.7, 25.45, 25.05, 548, otc]
[5465, 18.9, 18.35, 18.90, 18.60, 498, otc]
[5468, 20.0, 18.45, 19.50, 18.45, 392, otc]
[5469, 35.8, 33.15, 35.40, 33.25, 6220, tse]
[5471, 53.1, 49.0, 53.00, 49.70, 2869, tse]
[5474, 78.8, 73.5, 77.50, 73.80, 128, otc]
[5475, 12.0, 11.0, 11.80, 11.25, 1656, otc]
[5478, 79.5, 75.7, 78.00, 76.40, 740, otc]
[5481, 12.65, 12.4, 12.65, 12.50, 149, otc]
[5483, 163.5, 152.5, 161.50, 154.50, 14915, otc]
[5484, 14.5, 13.6, 13.60, 13.70, 282, tse]
[5487, 25.2, 24.9, 25.20, 24.90, 2, otc]
[5488, 10.15, 9.61, 10.10, 9.95, 1914, otc]
[5489, 39.75, 37.2, 39.35, 37.35, 953, otc]
[5490, 22.8, 22.0, 22.80, 22.10, 279, otc]
[5493, 50.0, 48.7, 49.70, 49.50, 203, otc]
[5498, 10.3, 9.96, 10.10, 9.97, 1317, otc]
[5508, 59.2, 57.9, 59.20, 58.50, 293, otc]
[5511, 30.95, 30.1, 30.10, 30.10, 119, otc]
[5512, 8.58, 8.45, 8.53, 8.49, 668, otc]
[5514, 18.25, 18.0, 18.05, 18.25, 99, otc]
[5515, 11.8, 11.3, 11.60, 11.50, 387, tse]
[5516, 17.3, 17.0, 17.20, 17.10, 176, otc]
[5519, 23.05, 22.6, 23.00, 22.85, 1147, tse]
[5520, 55.1, 55.0, 55.00, 55.10, 7, otc]
[5521, 6.75, 6.58, 6.75, 6.61, 2108, tse]
[5522, 54.0, 52.1, 53.40, 53.00, 4695, tse]
[5523, 24.9, 24.0, 24.85, 24.20, 134, otc]
[5525, 23.8, 23.5, 23.80, 23.50, 215, tse]
[5529, 13.05, 12.5, 12.75, 12.90, 549, otc]
[5530, 37.7, 36.6, 37.70, 37.50, 886, otc]
[5531, 9.82, 9.41, 9.69, 9.43, 1194, tse]
[5533, 17.8, 17.5, 17.75, 17.65, 295, tse]
[5534, 72.3, 71.2, 72.20, 71.40, 694, tse]
[5536, 107.5, 103.5, 103.50, 107.00, 2315, otc]
[5538, 42.75, 40.9, 41.80, 41.85, 175, tse]
[5543, 53.5, 50.0, 52.00, 51.50, 19, otc]
[5546, 48.35, 47.0, 48.30, 48.10, 109, tse]
[5601, 35.5, 35.0, 35.50, 35.00, 19, otc]
[5603, 23.75, 22.75, 23.60, 22.75, 2189, otc]
[5604, 52.4, 50.8, 51.10, 51.60, 134, otc]
[5607, 53.8, 51.6, 53.40, 52.00, 3428, tse]
[5608, 26.0, 24.7, 25.80, 26.00, 44263, tse]
[5609, 74.6, 71.6, 74.10, 71.70, 1285, otc]
[5701, 3.1, 2.97, 3.10, 3.00, 1115, otc]
[5703, 21.35, 20.0, 21.10, 20.40, 515, otc]
[5704, 55.8, 48.3, 53.40, 52.50, 4371, otc]
[5706, 59.4, 55.7, 57.50, 57.50, 4895, tse]
[5864, 10.65, 10.3, 10.50, 10.35, 398, otc]
[5871, 217.0, 200.0, 212.00, 212.50, 32534, tse]
[5876, 48.2, 46.8, 47.60, 47.80, 27775, tse]
[5878, 47.75, 47.3, 47.30, 47.70, 4, otc]
[5880, 26.35, 25.7, 26.25, 26.25, 47321, tse]
[5902, 35.2, 34.15, 34.20, 34.75, 661, otc]
[5903, 198.0, 189.5, 189.50, 197.00, 275, otc]
[5904, 475.0, 432.0, 442.00, 464.00, 5820, otc]
[5905, 12.5, 11.7, 12.00, 12.00, 4969, otc]
[5906, 31.5, 30.1, 30.90, 30.50, 34, tse]
[5907, 17.9, 15.1, 15.30, 17.45, 6451, tse]
[6005, 11.8, 11.35, 11.65, 11.50, 11061, tse]
[6015, 10.7, 9.92, 10.40, 10.05, 5191, otc]
[6016, 10.45, 10.1, 10.40, 10.25, 2383, otc]
[6020, 18.7, 18.4, 18.70, 18.45, 39, otc]
[6021, 19.0, 18.25, 19.00, 18.60, 33, otc]
[6023, 49.2, 48.5, 48.65, 48.90, 293, otc]
[6024, 37.45, 36.65, 37.05, 36.95, 852, tse]
[6026, 10.9, 10.3, 10.75, 10.30, 3620, otc]
[6101, 25.7, 21.0, 21.40, 24.75, 787, otc]
[6103, 7.18, 6.55, 6.55, 7.18, 2, otc]
[6104, 112.0, 102.0, 108.00, 105.50, 45240, otc]
[6108, 16.85, 16.6, 16.75, 16.65, 371, tse]
[6109, 20.2, 16.4, 17.40, 16.75, 51704, otc]
[6111, 53.6, 49.15, 51.60, 50.30, 6099, otc]
[6112, 32.95, 32.25, 32.30, 32.45, 467, tse]
[6113, 20.1, 18.2, 19.80, 18.20, 8779, otc]
[6114, 27.1, 24.9, 26.90, 25.05, 780, otc]
[6115, 42.8, 42.1, 42.75, 42.25, 545, tse]
[6116, 11.6, 11.05, 11.50, 11.35, 33465, tse]
[6117, 15.85, 14.4, 14.55, 15.65, 2212, tse]
[6118, 39.5, 34.45, 38.25, 36.65, 48681, otc]
[6120, 9.48, 8.92, 9.29, 8.95, 4221, tse]
[6121, 309.0, 296.5, 308.00, 300.00, 2161, otc]
[6122, 16.55, 15.5, 15.80, 16.20, 1206, otc]
[6123, 55.6, 54.5, 55.50, 55.20, 263, otc]
[6124, 30.15, 27.5, 28.50, 29.05, 2666, otc]
[6125, 27.6, 25.8, 26.85, 26.70, 26226, otc]
[6126, 21.5, 20.75, 21.35, 20.80, 665, otc]
[6127, 17.85, 16.7, 17.50, 17.80, 3557, otc]
[6128, 29.75, 29.3, 29.50, 29.45, 445, tse]
[6129, 37.0, 32.1, 36.50, 32.15, 50940, otc]
[6130, 32.0, 29.3, 31.00, 30.80, 207, otc]
[6133, 27.4, 24.5, 27.20, 24.75, 26451, tse]
[6134, 24.1, 22.15, 22.15, 23.55, 3105, otc]
[6136, 18.4, 18.1, 18.25, 18.30, 431, tse]
[6138, 149.0, 130.0, 146.50, 131.00, 12640, otc]
[6139, 37.9, 35.15, 36.30, 37.75, 17892, tse]
[6140, 18.05, 16.95, 17.80, 17.00, 909, otc]
[6141, 19.5, 19.2, 19.20, 19.30, 174, tse]
[6142, 9.97, 9.4, 9.93, 9.59, 3508, tse]
[6143, 78.8, 68.3, 74.00, 70.50, 15338, otc]
[6144, 16.7, 14.55, 14.85, 15.60, 46, otc]
[6146, 222.5, 209.5, 214.00, 221.00, 2388, otc]
[6147, 59.8, 58.3, 59.60, 59.30, 6149, otc]
[6148, 13.15, 12.6, 13.05, 12.75, 138, otc]
[6150, 73.2, 63.7, 67.00, 66.60, 14313, otc]
[6151, 25.65, 24.8, 24.80, 25.40, 217, otc]
[6152, 11.4, 10.3, 11.20, 10.55, 4697, tse]
[6153, 28.7, 24.8, 28.35, 25.05, 49771, tse]
[6154, 15.8, 15.4, 15.70, 15.45, 80, otc]
[6155, 25.9, 23.6, 25.35, 25.35, 2927, tse]
[6156, 21.55, 19.5, 21.50, 20.40, 5079, otc]
[6158, 27.3, 26.15, 26.50, 26.35, 262, otc]
[6160, 19.4, 17.45, 18.45, 18.10, 3059, otc]
[6161, 26.95, 25.2, 26.60, 25.25, 911, otc]
[6163, 16.1, 14.85, 15.00, 15.70, 2671, otc]
[6164, 10.85, 10.15, 10.45, 10.20, 3124, tse]
[6165, 29.75, 26.7, 27.40, 27.65, 2414, tse]
[6166, 53.4, 51.1, 53.40, 52.30, 289, tse]
[6167, 13.4, 12.3, 13.20, 12.40, 2584, otc]
[6168, 19.25, 18.15, 18.80, 18.20, 2898, tse]
[6169, 21.0, 19.0, 19.05, 19.30, 288, otc]
[6170, 36.35, 34.1, 35.40, 35.25, 1247, otc]
[6171, 24.4, 24.15, 24.40, 24.20, 107, otc]
[6173, 37.75, 34.6, 37.50, 35.70, 2099, otc]
[6174, 27.35, 26.3, 27.35, 26.75, 712, otc]
[6175, 34.3, 30.7, 31.70, 32.65, 3075, otc]
[6176, 106.0, 104.5, 106.00, 106.00, 7544, tse]
[6177, 29.05, 28.35, 28.90, 28.80, 673, tse]
[6179, 24.35, 23.25, 24.35, 23.75, 510, otc]
[6180, 69.9, 66.5, 67.60, 67.60, 7958, otc]
[6182, 48.1, 44.25, 47.65, 44.25, 18968, otc]
[6183, 60.5, 58.8, 60.00, 59.10, 142, tse]
[6184, 48.0, 47.5, 47.90, 47.80, 233, tse]
[6185, 12.85, 12.35, 12.45, 12.55, 947, otc]
[6186, 34.4, 31.8, 32.10, 34.10, 6907, otc]
[6187, 75.1, 68.5, 69.40, 70.30, 19259, otc]
[6188, 42.2, 40.6, 41.80, 41.05, 4239, otc]
[6189, 38.45, 37.6, 38.40, 37.95, 598, tse]
[6190, 35.15, 32.35, 34.75, 32.35, 10389, otc]
[6191, 30.6, 28.4, 30.50, 28.85, 5898, tse]
[6192, 70.6, 69.1, 70.20, 69.50, 644, tse]
[6194, 24.05, 23.6, 24.00, 23.90, 416, otc]
[6195, 43.15, 41.6, 42.90, 42.30, 472, otc]
[6196, 130.5, 120.5, 123.50, 123.50, 13955, tse]
[6197, 42.25, 38.45, 39.65, 40.45, 3734, tse]
[6198, 20.0, 19.6, 20.00, 19.70, 59, otc]
[6199, 19.5, 17.2, 18.40, 17.90, 282, otc]
[6201, 39.9, 39.05, 39.85, 39.40, 21, tse]
[6202, 73.8, 68.6, 73.10, 70.30, 6867, tse]
[6203, 55.0, 51.1, 52.10, 51.90, 401, otc]
[6204, 60.0, 57.5, 59.90, 58.20, 254, otc]
[6205, 84.8, 75.3, 81.90, 75.60, 14512, tse]
[6206, 71.3, 65.1, 71.00, 65.40, 3736, tse]
[6207, 28.6, 26.7, 27.45, 27.00, 328, otc]
[6208, 50.5, 49.35, 50.00, 49.90, 381, otc]
[6209, 27.75, 26.05, 27.45, 26.50, 1510, tse]
[6210, 36.5, 34.35, 36.00, 35.75, 36, otc]
[6212, 51.0, 50.0, 50.00, 50.50, 38, otc]
[6213, 79.1, 71.8, 77.40, 76.40, 19357, tse]
[6214, 70.7, 68.3, 70.10, 69.00, 744, tse]
[6215, 21.95, 20.35, 21.75, 20.60, 817, tse]
[6216, 26.6, 25.75, 26.30, 26.10, 1578, tse]
[6217, 48.8, 44.7, 46.50, 45.80, 24363, otc]
[6218, 18.45, 18.0, 18.45, 18.20, 204, otc]
[6219, 11.35, 10.95, 11.30, 11.10, 729, otc]
[6220, 27.05, 25.3, 26.75, 25.75, 5793, otc]
[6221, 54.0, 52.0, 52.20, 52.50, 48, otc]
[6222, 15.9, 15.05, 15.10, 15.60, 80, otc]
[6223, 133.0, 116.5, 130.00, 116.50, 23396, otc]
[6224, 59.2, 55.2, 58.80, 55.60, 370, tse]
[6225, 11.3, 8.46, 8.46, 9.79, 157, tse]
[6226, 11.75, 11.15, 11.60, 11.20, 2918, tse]
[6227, 40.45, 38.5, 40.25, 40.00, 1252, otc]
[6228, 13.45, 12.55, 13.40, 13.30, 167, otc]
[6229, 28.0, 26.2, 27.05, 26.30, 307, otc]
[6230, 144.0, 118.5, 131.00, 118.50, 739, tse]
[6231, 102.0, 93.1, 93.80, 94.70, 10375, otc]
[6233, 24.1, 22.0, 24.05, 22.40, 2565, otc]
[6234, 23.95, 21.65, 22.50, 22.20, 12963, otc]
[6235, 41.8, 37.45, 41.00, 37.50, 44754, tse]
[6236, 17.4, 16.9, 16.90, 17.40, 5, otc]
[6237, 54.0, 46.85, 52.60, 50.00, 11269, otc]
[6239, 87.1, 81.6, 86.30, 82.60, 15198, tse]
[6240, 18.7, 17.6, 18.45, 18.10, 253, otc]
[6241, 18.1, 16.5, 18.10, 16.60, 715, otc]
[6242, 52.3, 48.2, 48.20, 49.25, 665, otc]
[6243, 32.5, 27.3, 29.05, 30.00, 5856, tse]
[6244, 30.0, 25.1, 26.15, 30.00, 31655, otc]
[6245, 112.0, 100.0, 105.00, 108.00, 37144, otc]
[6246, 15.85, 14.65, 14.90, 15.35, 194, otc]
[6247, 15.4, 15.35, 15.35, 15.35, 182, otc]
[6248, 22.35, 21.85, 22.00, 21.90, 1185, otc]
[6257, 51.0, 49.0, 50.50, 49.50, 6520, tse]
[6259, 24.0, 22.35, 22.35, 23.00, 151, otc]
[6261, 62.7, 59.0, 62.50, 59.00, 1027, otc]
[6263, 88.2, 79.6, 80.10, 88.20, 426, otc]
[6264, 8.43, 8.06, 8.13, 8.13, 246, otc]
[6265, 10.8, 10.05, 10.70, 10.10, 1386, otc]
[6266, 26.2, 24.85, 25.85, 25.50, 3093, otc]
[6269, 114.0, 100.0, 110.50, 101.00, 17239, tse]
[6270, 22.55, 22.05, 22.40, 22.25, 269, otc]
[6274, 58.5, 52.9, 58.10, 55.00, 18679, otc]
[6275, 27.8, 26.75, 27.30, 26.85, 722, otc]
[6276, 14.8, 14.35, 14.60, 14.55, 92, otc]
[6277, 78.5, 76.8, 77.70, 77.20, 347, tse]
[6278, 99.4, 94.2, 98.70, 95.80, 7666, tse]
[6279, 164.5, 151.5, 163.00, 157.50, 13663, otc]
[6281, 81.9, 81.3, 81.60, 81.50, 114, tse]
[6282, 31.35, 29.6, 31.25, 30.05, 20807, tse]
[6283, 37.35, 34.5, 36.95, 34.70, 1438, tse]
[6284, 52.9, 49.0, 50.30, 50.50, 3596, otc]
[6285, 95.5, 86.0, 92.60, 86.70, 48901, tse]
[6287, 27.45, 23.65, 26.50, 23.65, 13, otc]
[6288, 26.3, 24.65, 25.80, 24.75, 11692, tse]
[6290, 61.4, 55.0, 58.00, 55.50, 18844, otc]
[6291, 101.5, 97.5, 99.00, 101.50, 56, otc]
[6292, 40.5, 37.8, 40.50, 37.80, 454, otc]
[6294, 106.0, 100.0, 101.50, 103.50, 627, otc]
[6404, 18.2, 16.8, 18.20, 17.70, 4, otc]
[6405, 22.0, 21.0, 21.80, 21.35, 136, tse]
[6409, 1835.0, 1650.0, 1,775.00, 1,715.00, 1070, tse]
[6411, 104.5, 94.0, 103.00, 94.10, 3478, otc]
[6412, 73.8, 72.3, 72.90, 73.30, 696, tse]
[6414, 217.5, 203.0, 209.50, 213.00, 7931, tse]
[6415, 579.0, 458.0, 563.00, 477.00, 20107, tse]
[6416, 105.0, 95.3, 102.00, 96.40, 1804, tse]
[6417, 87.9, 84.0, 86.90, 87.30, 46, otc]
[6418, 17.65, 16.2, 16.55, 16.50, 377, otc]
[6419, 36.5, 34.7, 35.60, 35.10, 158, otc]
[6425, 19.9, 19.3, 19.80, 19.55, 77, otc]
[6426, 76.0, 70.0, 75.30, 70.00, 1731, tse]
[6431, 21.9, 20.8, 21.15, 21.55, 340, tse]
[6432, 36.0, 33.05, 35.20, 33.10, 463, otc]
[6435, 115.5, 102.5, 112.50, 104.00, 1461, otc]
[6438, 92.4, 88.4, 90.20, 88.50, 2026, tse]
[6441, 52.9, 45.65, 46.10, 47.50, 7698, otc]
[6442, 52.8, 49.2, 52.80, 50.40, 4294, tse]
[6443, 37.5, 32.65, 34.40, 36.80, 183386, tse]
[6446, 552.0, 516.0, 530.00, 537.00, 12807, otc]
[6449, 42.6, 40.8, 41.85, 41.60, 155, tse]
[6451, 87.3, 79.3, 83.40, 86.50, 2502, tse]
[6456, 92.5, 89.4, 91.50, 89.70, 6214, tse]
[6457, 68.5, 58.5, 62.60, 58.80, 4407, otc]
[6461, 38.2, 31.4, 31.60, 34.10, 17800, otc]
[6462, 68.1, 63.0, 66.70, 63.70, 682, otc]
[6464, 100.0, 98.7, 99.30, 99.90, 211, tse]
[6465, 18.0, 16.95, 18.00, 17.10, 160, otc]
[6469, 303.5, 287.0, 300.00, 295.50, 1486, otc]
[6470, 66.7, 60.1, 66.10, 60.10, 6411, otc]
[6472, 469.0, 382.0, 450.00, 394.50, 19455, otc]
[6477, 52.2, 46.8, 48.55, 49.70, 40228, tse]
[6482, 43.8, 42.0, 42.00, 43.80, 17, otc]
[6485, 78.9, 71.5, 78.00, 72.10, 3340, otc]
[6486, 60.0, 59.2, 59.80, 59.50, 246, otc]
[6488, 496.0, 458.0, 488.00, 463.00, 9277, otc]
[6491, 429.0, 380.5, 382.00, 413.00, 9907, tse]
[6492, 68.9, 61.2, 64.50, 63.60, 7797, otc]
[6494, 81.3, 74.6, 79.50, 74.60, 2304, otc]
[6496, 28.35, 27.75, 27.75, 28.00, 50, otc]
[6499, 58.6, 55.0, 58.00, 56.00, 631, otc]
[6504, 73.5, 71.9, 71.90, 72.60, 192, tse]
[6505, 84.7, 81.1, 83.50, 81.50, 12729, tse]
[6506, 19.9, 19.4, 19.90, 19.60, 266, otc]
[6508, 39.85, 37.25, 39.20, 37.50, 2774, otc]
[6509, 44.5, 41.75, 43.40, 41.85, 8615, otc]
[6510, 587.0, 520.0, 544.00, 522.00, 3624, otc]
[6512, 27.0, 24.05, 24.40, 25.75, 450, otc]
[6514, 58.2, 55.0, 57.90, 55.30, 159, otc]
[6515, 500.0, 458.5, 483.50, 469.50, 5733, tse]
[6516, 79.6, 77.0, 78.90, 77.50, 123, otc]
[6523, 119.5, 95.5, 95.50, 116.00, 14354, otc]
[6525, 72.9, 70.1, 72.90, 71.70, 655, tse]
[6527, 58.8, 55.0, 55.00, 57.10, 662, otc]
[6530, 24.3, 22.5, 24.15, 23.00, 500, otc]
[6531, 217.5, 186.0, 211.00, 186.50, 22295, tse]
[6532, 64.6, 52.7, 62.00, 53.10, 9772, otc]
[6533, 555.0, 507.0, 543.00, 536.00, 18304, tse]
[6535, 38.9, 37.35, 38.20, 38.00, 851, otc]
[6538, 78.9, 72.1, 74.50, 76.20, 1224, otc]
[6541, 43.1, 33.8, 34.05, 40.75, 14756, tse]
[6542, 51.8, 47.6, 47.70, 48.50, 50, otc]
[6546, 86.2, 79.4, 85.70, 80.00, 4065, otc]
[6547, 88.5, 78.9, 81.60, 82.60, 22354, otc]
[6548, 34.0, 31.35, 33.80, 31.40, 4279, otc]
[6550, 115.0, 102.5, 110.00, 102.50, 42757, tse]
[6552, 33.5, 31.45, 33.05, 32.45, 444, tse]
[6556, 149.0, 131.5, 149.00, 137.00, 993, otc]
[6558, 28.55, 24.3, 27.00, 24.30, 9462, tse]
[6560, 37.9, 35.3, 37.05, 36.00, 174, otc]
[6561, 285.5, 279.0, 284.00, 281.00, 82, otc]
[6568, 200.5, 171.0, 171.00, 192.50, 14192, otc]
[6569, 100.0, 93.5, 94.70, 98.90, 141, otc]
[6570, 51.5, 47.2, 50.80, 47.30, 3633, otc]
[6573, 14.05, 12.95, 13.55, 13.20, 564, tse]
[6574, 50.9, 48.1, 50.40, 48.95, 31, otc]
[6576, 102.0, 85.7, 85.80, 95.80, 6056, otc]
[6577, 61.1, 58.6, 59.30, 58.70, 96, otc]
[6578, 16.2, 15.5, 16.05, 15.75, 463, otc]
[6579, 89.5, 83.6, 84.80, 85.70, 1075, tse]
[6581, 97.3, 93.5, 93.50, 95.30, 726, tse]
[6582, 60.2, 55.8, 59.90, 56.70, 768, tse]
[6585, 58.8, 52.1, 53.10, 52.30, 1976, tse]
[6588, 35.4, 30.9, 33.40, 32.00, 127, otc]
[6589, 163.5, 145.0, 152.50, 154.00, 94851, otc]
[6590, 53.3, 51.8, 51.90, 52.40, 40, otc]
[6591, 44.7, 42.5, 44.15, 43.20, 584, tse]
[6592, 103.0, 100.0, 102.00, 102.50, 1216, tse]
[6593, 46.0, 42.0, 42.80, 45.15, 1196, otc]
[6594, 30.25, 28.1, 30.25, 28.50, 94, otc]
[6596, 44.9, 42.35, 43.00, 44.80, 216, otc]
[6598, 28.75, 27.0, 28.30, 27.60, 677, tse]
[6603, 17.95, 16.95, 17.25, 17.60, 8725, otc]
[6605, 77.5, 73.8, 76.80, 76.50, 3030, tse]
[6609, 33.7, 31.95, 33.15, 32.50, 618, otc]
[6612, 89.0, 82.8, 83.00, 83.80, 547, otc]
[6613, 94.1, 86.2, 88.00, 93.10, 1054, otc]
[6615, 37.3, 36.3, 36.90, 36.75, 60, otc]
[6616, 14.6, 14.0, 14.30, 14.15, 391, otc]
[6624, 40.0, 39.3, 39.70, 39.95, 69, otc]
[6625, 36.8, 33.8, 34.00, 35.65, 1198, tse]
[6629, 51.4, 49.0, 51.40, 50.90, 18, otc]
[6640, 92.0, 89.9, 90.60, 90.90, 40, otc]
[6641, 53.8, 52.2, 52.20, 53.50, 36, tse]
[6642, 44.5, 42.65, 44.50, 43.50, 284, otc]
[6643, 549.0, 476.0, 529.00, 506.00, 16748, otc]
[6649, 37.3, 35.1, 36.60, 36.20, 603, otc]
[6651, 75.5, 71.5, 72.70, 72.40, 832, otc]
[6654, 49.25, 45.05, 45.05, 49.25, 65, otc]
[6655, 130.5, 128.0, 129.50, 129.00, 39, tse]
[6661, 22.1, 21.4, 21.70, 21.70, 95, otc]
[6662, 29.65, 29.25, 29.25, 29.40, 27, otc]
[6664, 103.5, 92.0, 92.00, 100.50, 3789, otc]
[6666, 93.0, 75.4, 77.70, 90.10, 11614, tse]
[6667, 66.6, 63.3, 65.10, 64.10, 1389, otc]
[6668, 43.6, 39.65, 42.30, 41.40, 4770, tse]
[6669, 947.0, 883.0, 921.00, 906.00, 4978, tse]
[6670, 227.0, 216.0, 220.50, 221.00, 2808, tse]
[6671, 39.2, 37.35, 37.90, 37.55, 108, tse]
[6672, 80.4, 72.0, 75.10, 78.10, 7262, tse]
[6674, 24.2, 22.55, 22.75, 23.70, 85, tse]
[6679, 238.0, 210.5, 234.50, 212.00, 4649, otc]
[6680, 67.0, 61.4, 62.60, 65.00, 150, otc]
[6683, 220.0, 193.5, 214.00, 194.00, 1827, otc]
[6684, 56.2, 49.6, 55.90, 50.20, 603, otc]
[6689, 89.8, 78.3, 84.80, 83.80, 2582, tse]
[6690, 120.0, 115.5, 116.50, 118.00, 165, otc]
[6691, 201.5, 192.5, 196.00, 198.00, 850, tse]
[6693, 69.5, 63.6, 67.80, 64.50, 372, otc]
[6695, 55.0, 47.0, 47.70, 47.70, 7883, tse]
[6697, 37.2, 36.6, 36.65, 36.70, 15, otc]
[6698, 31.75, 29.7, 31.30, 30.25, 348, tse]
[6703, 114.5, 90.9, 91.90, 105.00, 1744, otc]
[6706, 102.5, 95.2, 100.50, 96.00, 7130, tse]
[6712, 225.0, 206.0, 207.50, 211.50, 17920, otc]
[6715, 140.5, 129.0, 135.00, 136.00, 1565, tse]
[6716, 82.5, 77.2, 81.10, 78.50, 33, otc]
[6719, 331.0, 270.0, 311.00, 271.00, 16470, tse]
[6721, 43.85, 41.15, 41.15, 43.30, 64, otc]
[6727, 73.3, 70.1, 71.10, 71.30, 794, otc]
[6728, 122.0, 111.0, 112.00, 122.00, 159, otc]
[6732, 257.0, 231.0, 247.00, 234.00, 863, otc]
[6733, 24.75, 22.05, 22.05, 23.80, 833, otc]
[6735, 58.0, 56.5, 58.00, 58.00, 21, otc]
[6741, 107.0, 94.5, 94.50, 97.90, 10975, otc]
[6743, 40.5, 37.2, 37.20, 37.65, 1551, tse]
[6747, 215.5, 182.0, 182.50, 197.50, 1002, otc]
[6751, 45.45, 43.35, 45.00, 44.25, 125, otc]
[6752, 62.0, 58.2, 58.20, 61.50, 179, otc]
[6754, 58.7, 51.9, 55.00, 52.40, 2364, tse]
[6756, 236.5, 206.0, 230.50, 214.00, 4159, tse]
[6761, 96.6, 83.0, 83.00, 90.40, 602, otc]
[6762, 243.0, 230.0, 239.50, 235.00, 41, otc]
[6763, 443.5, 402.0, 430.00, 415.50, 185, otc]
[6767, 32.6, 31.4, 31.75, 32.40, 357, otc]
[6768, 84.0, 77.8, 82.00, 81.10, 8528, tse]
[6770, 35.65, 32.8, 34.80, 33.45, 118427, tse]
[6776, 39.35, 38.8, 39.30, 38.95, 273, tse]
[6781, 858.0, 748.0, 850.00, 750.00, 7489, tse]
[6782, 339.0, 292.5, 309.50, 331.00, 7820, tse]
[6788, 114.0, 102.0, 103.50, 108.00, 10729, otc]
[6789, 250.5, 223.5, 241.00, 226.00, 7683, tse]
[6790, 36.95, 36.05, 36.65, 36.10, 395, tse]
[6791, 51.9, 49.8, 50.70, 49.90, 196, otc]
[6792, 79.5, 73.0, 78.00, 73.40, 522, tse]
[6796, 84.7, 77.4, 79.90, 78.50, 995, tse]
[6799, 123.0, 104.0, 120.00, 108.00, 1039, tse]
[6803, 250.0, 247.0, 249.00, 249.50, 57, otc]
[6804, 59.3, 57.0, 58.50, 57.10, 287, otc]
[6806, 73.0, 68.2, 70.30, 69.20, 16100, tse]
[6807, 25.95, 25.3, 25.50, 25.45, 62, tse]
[6811, 141.5, 123.0, 138.00, 129.00, 601, otc]
[6823, 107.0, 99.6, 101.00, 103.00, 299, otc]
[6829, 82.3, 76.1, 79.00, 76.20, 3795, otc]
[6830, 109.5, 92.9, 92.90, 104.00, 1895, tse]
[6834, 27.2, 25.75, 27.00, 25.85, 261, tse]
[6835, 41.45, 38.65, 39.60, 39.20, 1325, tse]
[6843, 51.9, 48.7, 49.30, 49.70, 1124, otc]
[6854, 106.5, 98.2, 106.50, 101.50, 534, tse]
[6855, 74.0, 71.0, 72.70, 73.30, 83, otc]
[6859, 142.0, 119.0, 122.00, 141.50, 2177, otc]
[7402, 43.5, 39.35, 40.25, 40.20, 64, otc]
[7556, 106.5, 99.9, 105.00, 103.50, 26, otc]
[8011, 16.0, 14.9, 15.60, 14.90, 2063, tse]
[8016, 196.5, 177.5, 194.50, 179.50, 7368, tse]
[8021, 30.2, 28.35, 29.75, 28.95, 991, tse]
[8024, 24.0, 22.1, 24.00, 22.40, 622, otc]
[8027, 57.6, 54.2, 56.50, 54.30, 1634, otc]
[8028, 64.7, 56.9, 59.20, 60.20, 74082, tse]
[8032, 30.35, 29.7, 30.20, 29.90, 177, otc]
[8033, 48.35, 41.5, 41.80, 44.05, 51771, tse]
[8034, 15.9, 15.0, 15.70, 15.35, 472, otc]
[8038, 41.4, 38.65, 41.40, 39.50, 1972, otc]
[8039, 43.15, 41.15, 42.75, 41.60, 701, tse]
[8040, 63.5, 55.0, 60.00, 55.00, 17840, otc]
[8042, 36.8, 35.7, 36.20, 36.30, 80, otc]
[8043, 27.35, 25.25, 26.90, 25.40, 781, otc]
[8044, 58.3, 51.8, 52.00, 54.50, 15098, otc]
[8046, 314.5, 275.5, 300.50, 281.50, 90195, tse]
[8047, 12.9, 12.15, 12.40, 12.55, 50, otc]
[8048, 33.0, 32.3, 32.75, 32.90, 112, otc]
[8049, 30.85, 27.9, 28.90, 30.30, 6692, otc]
[8050, 85.5, 76.5, 76.70, 84.00, 76633, otc]
[8054, 36.4, 33.25, 34.80, 33.35, 3267, otc]
[8059, 9.83, 9.36, 9.80, 9.64, 72, otc]
[8064, 18.15, 16.2, 17.00, 17.65, 3827, otc]
[8066, 28.25, 27.1, 27.30, 27.90, 120, otc]
[8067, 9.48, 8.56, 9.18, 9.26, 53, otc]
[8068, 25.8, 24.7, 25.50, 24.90, 319, otc]
[8069, 189.5, 166.5, 181.00, 170.00, 144135, otc]
[8070, 32.9, 31.4, 32.50, 31.80, 3350, tse]
[8071, 15.65, 15.05, 15.60, 15.10, 955, otc]
[8072, 34.25, 29.3, 33.75, 29.30, 7906, tse]
[8074, 19.3, 18.8, 19.30, 18.85, 367, otc]
[8076, 32.4, 29.4, 29.40, 30.40, 26151, otc]
[8077, 8.2, 8.2, 8.20, 8.20, 5, otc]
[8080, 10.9, 10.05, 10.90, 10.55, 69, otc]
[8081, 154.5, 141.5, 153.00, 142.50, 2485, tse]
[8083, 167.5, 165.0, 167.00, 167.00, 93, otc]
[8084, 130.5, 115.5, 119.00, 128.00, 5861, otc]
[8085, 21.9, 19.9, 20.35, 20.05, 3528, otc]
[8086, 77.4, 69.8, 76.60, 69.80, 8460, otc]
[8087, 27.45, 26.0, 26.95, 26.75, 189, otc]
[8088, 24.2, 23.45, 23.55, 23.60, 1236, otc]
[8089, 25.55, 24.2, 25.25, 24.30, 816, otc]
[8091, 98.8, 89.0, 94.40, 90.70, 12878, otc]
[8092, 14.05, 12.65, 13.85, 12.75, 654, otc]
[8093, 11.85, 11.1, 11.60, 11.35, 345, otc]
[8096, 12.15, 11.8, 12.00, 11.90, 793, otc]
[8097, 75.0, 66.6, 68.30, 67.60, 11209, otc]
[8099, 40.0, 38.0, 39.20, 38.80, 496, otc]
[8101, 6.25, 5.87, 6.06, 6.07, 173, tse]
[8103, 34.35, 32.15, 33.90, 32.15, 711, tse]
[8104, 42.7, 37.0, 41.85, 38.50, 6210, tse]
[8105, 13.5, 12.5, 13.40, 12.80, 6396, tse]
[8107, 18.05, 17.4, 18.00, 17.60, 217, otc]
[8109, 91.0, 87.8, 90.50, 87.90, 1177, otc]
[8110, 13.15, 12.3, 13.05, 12.45, 3884, tse]
[8111, 17.4, 16.5, 17.15, 16.60, 1082, otc]
[8112, 38.4, 36.1, 38.20, 36.65, 5944, tse]
[8114, 129.5, 116.0, 126.00, 118.50, 6812, tse]
[8121, 30.7, 27.7, 30.25, 27.70, 3979, otc]
[8131, 39.7, 38.5, 39.60, 38.75, 835, tse]
[8147, 63.7, 61.2, 62.00, 62.20, 774, otc]
[8150, 35.0, 32.85, 34.40, 33.30, 11000, tse]
[8155, 129.0, 115.0, 123.00, 115.50, 10055, otc]
[8163, 40.7, 38.5, 40.55, 38.50, 2968, tse]
[8171, 51.5, 46.2, 47.50, 46.80, 18435, otc]
[8176, 10.2, 9.61, 9.72, 9.85, 605, otc]
[8182, 32.4, 30.9, 32.10, 31.30, 210, otc]
[8183, 60.4, 55.5, 59.90, 58.30, 11933, otc]
[8201, 11.05, 10.5, 11.05, 10.75, 333, tse]
[8210, 76.5, 71.4, 75.20, 72.80, 2116, tse]
[8213, 37.2, 35.65, 36.70, 36.05, 1603, tse]
[8215, 34.1, 32.55, 33.50, 32.65, 11274, tse]
[8222, 33.65, 30.1, 32.10, 30.15, 12452, tse]
[8234, 32.25, 30.45, 30.90, 31.10, 2278, otc]
[8240, 28.75, 28.35, 28.70, 28.50, 67, otc]
[8249, 28.0, 26.2, 28.00, 26.50, 2226, tse]
[8255, 171.0, 153.5, 169.50, 163.50, 6739, otc]
[8261, 122.0, 106.5, 120.50, 107.00, 22121, tse]
[8271, 42.95, 41.1, 42.80, 41.35, 876, tse]
[8277, 8.66, 8.43, 8.57, 8.51, 465, otc]
[8279, 161.5, 148.5, 150.00, 160.00, 473, otc]
[8284, 54.2, 52.8, 53.90, 53.50, 145, otc]
[8289, 39.45, 37.05, 38.85, 38.35, 3831, otc]
[8291, 6.1, 5.49, 6.10, 5.49, 13, otc]
[8299, 338.0, 298.5, 337.00, 313.00, 11008, otc]
[8341, 155.0, 139.0, 139.00, 145.00, 6346, tse]
[8342, 55.7, 54.2, 54.80, 55.10, 38, otc]
[8349, 67.5, 61.7, 63.80, 63.00, 5234, otc]
[8354, 14.45, 14.25, 14.40, 14.30, 223, otc]
[8358, 57.9, 52.2, 57.70, 53.50, 34898, otc]
[8367, 36.0, 33.65, 33.65, 35.00, 159, tse]
[8374, 28.85, 27.9, 28.65, 27.95, 72, tse]
[8383, 40.8, 37.9, 39.25, 37.90, 1926, otc]
[8390, 36.85, 33.0, 33.30, 36.60, 3642, otc]
[8401, 22.6, 21.15, 22.60, 21.40, 4198, otc]
[8403, 34.65, 32.7, 33.75, 34.45, 4557, otc]
[8404, 27.2, 26.5, 26.90, 26.90, 277, tse]
[8409, 20.05, 18.6, 19.00, 18.80, 570, otc]
[8410, 31.9, 29.3, 29.70, 29.35, 177, otc]
[8411, 13.6, 12.85, 12.90, 13.20, 1032, tse]
[8415, 37.15, 36.05, 36.30, 36.60, 4117, otc]
[8416, 115.0, 113.5, 115.00, 115.00, 76, otc]
[8418, 10.0, 9.84, 10.00, 9.84, 135, otc]
[8420, 78.1, 71.7, 73.00, 74.40, 3377, otc]
[8421, 16.5, 15.15, 16.25, 15.20, 1316, otc]
[8422, 184.0, 175.0, 177.50, 179.00, 2099, tse]
[8423, 18.5, 17.05, 18.50, 17.65, 24, otc]
[8424, 66.9, 64.9, 65.30, 66.20, 37, otc]
[8426, 28.45, 26.8, 27.80, 28.10, 490, otc]
[8429, 11.15, 9.42, 9.52, 11.00, 10187, tse]
[8431, 51.9, 49.1, 51.30, 49.55, 481, otc]
[8432, 47.8, 45.6, 45.60, 47.00, 570, otc]
[8433, 69.9, 61.7, 69.90, 64.20, 1231, otc]
[8435, 59.5, 58.9, 59.50, 59.00, 115, otc]
[8436, 182.0, 155.0, 156.00, 172.50, 41596, otc]
[8437, 115.5, 103.0, 103.00, 104.50, 145, otc]
[8438, 26.95, 25.95, 26.50, 25.95, 262, tse]
[8440, 49.5, 45.25, 48.60, 46.65, 6298, otc]
[8442, 80.5, 76.3, 80.50, 78.30, 506, tse]
[8443, 11.25, 10.9, 11.15, 11.10, 194, tse]
[8444, 40.3, 39.05, 40.00, 39.05, 69, otc]
[8446, 85.0, 78.9, 84.40, 82.90, 408, otc]
[8450, 30.9, 28.3, 28.95, 28.60, 2137, otc]
[8454, 645.0, 600.0, 606.00, 636.00, 4494, tse]
[8455, 20.1, 19.75, 19.75, 19.95, 4, otc]
[8462, 133.0, 122.5, 122.50, 125.00, 681, tse]
[8463, 23.85, 22.65, 23.00, 23.75, 1084, tse]
[8464, 291.5, 274.0, 285.00, 275.50, 1945, tse]
[8466, 42.85, 40.65, 40.80, 41.55, 164, tse]
[8467, 63.8, 57.0, 62.50, 59.00, 286, tse]
[8472, 44.7, 43.0, 43.00, 43.20, 14, otc]
[8473, 27.75, 27.1, 27.25, 27.30, 223, tse]
[8476, 57.0, 51.6, 52.80, 53.40, 970, otc]
[8477, 19.4, 17.8, 18.90, 18.60, 689, otc]
[8478, 332.0, 299.5, 322.50, 325.00, 21421, tse]
[8480, 84.9, 84.6, 84.60, 84.60, 47, tse]
[8481, 59.2, 57.3, 59.20, 57.40, 47, tse]
[8482, 71.9, 70.9, 71.20, 71.80, 40, tse]
[8488, 16.0, 15.55, 15.65, 15.60, 76, tse]
[8489, 24.5, 22.3, 22.90, 23.50, 300, otc]
[8499, 106.5, 103.0, 103.00, 104.50, 237, tse]
[8905, 22.0, 21.3, 21.95, 21.55, 239, otc]
[8906, 19.9, 18.8, 19.50, 19.50, 12, otc]
[8908, 69.8, 65.0, 68.00, 66.20, 145, otc]
[8916, 61.2, 58.2, 59.30, 59.50, 13365, otc]
[8917, 90.2, 89.6, 89.80, 89.60, 10, otc]
[8921, 15.0, 14.6, 14.80, 15.00, 4, otc]
[8923, 22.6, 21.7, 22.60, 21.70, 13, otc]
[8924, 125.5, 119.0, 122.50, 121.50, 2452, otc]
[8926, 33.0, 31.55, 32.30, 32.50, 4929, tse]
[8927, 37.0, 33.35, 33.35, 36.85, 4816, otc]
[8928, 41.65, 36.9, 38.40, 40.55, 2538, otc]
[8929, 23.8, 20.7, 20.80, 20.85, 1634, otc]
[8930, 17.0, 16.75, 16.90, 16.85, 398, otc]
[8931, 42.85, 38.8, 40.00, 42.40, 1260, otc]
[8932, 46.95, 41.9, 43.00, 44.20, 4712, otc]
[8933, 18.65, 17.65, 18.20, 17.85, 13812, otc]
[8935, 12.8, 11.35, 11.55, 12.50, 373, otc]
[8936, 23.3, 21.65, 21.65, 22.90, 9434, otc]
[8937, 15.0, 14.5, 14.50, 14.75, 105, otc]
[8938, 105.0, 99.2, 102.50, 100.50, 6247, otc]
[8940, 17.4, 16.0, 17.40, 17.00, 1201, tse]
[8941, 58.4, 56.2, 58.00, 56.70, 107, otc]
[8942, 62.3, 59.5, 62.20, 59.80, 1131, otc]
[8996, 179.5, 156.5, 167.00, 171.00, 63406, tse]
[9103, 7.0, 6.45, 6.81, 6.59, 1263, tse]
[9105, 4.17, 3.96, 4.06, 3.99, 31584, tse]
[9110, 3.02, 2.88, 3.02, 3.01, 254, tse]
[9136, 6.65, 6.31, 6.35, 6.55, 1331, tse]
[9802, 161.0, 147.0, 154.00, 154.00, 10778, tse]
[9902, 13.5, 12.7, 13.10, 13.15, 3737, tse]
[9904, 33.65, 32.2, 32.55, 33.05, 49761, tse]
[9905, 24.75, 24.25, 24.60, 24.30, 144, tse]
[9906, 44.95, 44.35, 44.95, 44.65, 123, tse]
[9907, 18.45, 17.85, 18.20, 18.20, 16369, tse]
[9908, 31.95, 31.1, 31.60, 31.10, 273, tse]
[9910, 194.5, 183.0, 186.00, 194.50, 4941, tse]
[9911, 63.5, 62.2, 62.80, 62.50, 519, tse]
[9912, 9.87, 9.55, 9.80, 9.69, 289, tse]
[9914, 195.5, 185.0, 188.50, 193.50, 2890, tse]
[9917, 101.0, 96.5, 100.50, 99.40, 2342, tse]
[9918, 42.65, 41.65, 42.20, 42.60, 19, tse]
[9919, 18.95, 17.0, 17.50, 18.70, 41968, tse]
[9921, 234.0, 224.5, 230.00, 231.50, 3986, tse]
[9924, 41.9, 41.35, 41.75, 41.75, 601, tse]
[9925, 39.45, 39.0, 39.40, 39.20, 541, tse]
[9926, 51.8, 51.0, 51.60, 51.00, 66, tse]
[9927, 38.7, 37.35, 37.55, 37.80, 781, tse]
[9928, 22.95, 20.55, 22.95, 21.00, 1257, tse]
[9929, 8.65, 8.34, 8.55, 8.47, 125, tse]
[9930, 46.1, 45.5, 45.80, 46.10, 202, tse]
[9931, 39.05, 38.75, 39.05, 38.80, 10, tse]
[9933, 43.9, 41.15, 41.95, 42.65, 20618, tse]
[9934, 14.2, 13.45, 13.90, 13.55, 3548, tse]
[9935, 17.9, 17.5, 17.80, 17.80, 407, tse]
[9937, 51.5, 50.9, 50.90, 51.40, 59, tse]
[9938, 56.3, 53.5, 56.10, 53.60, 4087, tse]
[9939, 84.5, 82.0, 82.20, 83.30, 5156, tse]
[9940, 29.4, 28.55, 29.20, 28.80, 1029, tse]
[9941, 162.5, 155.5, 161.50, 159.00, 3407, tse]
[9942, 120.5, 107.0, 113.50, 107.50, 4508, tse]
[9943, 64.4, 62.0, 63.20, 62.40, 264, tse]
[9944, 20.85, 20.45, 20.50, 20.60, 885, tse]
[9945, 47.6, 44.1, 45.85, 44.85, 41197, tse]
[9946, 12.4, 12.1, 12.10, 12.20, 393, tse]
[9949, 18.75, 18.45, 18.50, 18.60, 36, otc]
[9950, 11.2, 10.45, 10.60, 11.00, 22, otc]
[9951, 66.0, 62.8, 63.80, 63.90, 266, otc]
[9955, 21.7, 19.75, 20.00, 20.90, 5269, tse]
[9958, 91.9, 85.7, 89.00, 88.50, 29443, tse]
[9960, 26.4, 25.2, 25.95, 26.20, 140, otc]
[9962, 16.65, 15.5, 16.50, 16.10, 1654, otc]
