[1101, 34.6, 33.0, 33.70, 34.60, 138946]
[1102, 41.9, 40.3, 41.05, 41.90, 64370]
[1103, 17.75, 17.3, 17.35, 17.35, 676]
[1104, 22.9, 22.45, 22.50, 22.45, 2958]
[1108, 11.05, 10.75, 10.80, 10.85, 976]
[1109, 16.8, 15.85, 16.10, 15.85, 1136]
[1110, 18.0, 17.35, 17.75, 17.35, 832]
[1201, 19.4, 18.9, 18.95, 19.15, 1171]
[1203, 36.9, 33.6, 34.80, 34.50, 201]
[1210, 45.2, 44.1, 44.50, 44.35, 2783]
[1213, 7.5, 6.82, 7.45, 6.82, 23]
[1215, 78.1, 76.9, 78.00, 77.60, 2833]
[1216, 66.2, 64.9, 65.50, 65.30, 42214]
[1217, 11.3, 10.3, 10.30, 11.05, 29142]
[1218, 39.8, 36.5, 38.70, 36.50, 21926]
[1219, 19.5, 18.9, 19.10, 19.10, 4675]
[1220, 15.45, 15.0, 15.15, 15.05, 578]
[1225, 57.8, 55.8, 57.00, 55.80, 93]
[1227, 40.2, 38.7, 39.95, 38.70, 3058]
[1229, 50.4, 49.05, 49.80, 49.35, 3372]
[1231, 75.0, 72.2, 73.80, 72.90, 905]
[1232, 147.0, 142.0, 146.00, 142.00, 794]
[1233, 32.6, 32.15, 32.20, 32.15, 41]
[1234, 33.15, 32.75, 32.75, 32.80, 2169]
[1235, 71.0, 69.1, 69.20, 69.10, 80]
[1236, 23.95, 21.8, 23.95, 21.90, 2319]
[1240, 44.5, 43.05, 43.35, 44.50, 151]
[1256, 283.5, 263.0, 280.00, 263.00, 61]
[1258, 20.85, 19.65, 19.95, 20.15, 555]
[1259, 74.5, 73.1, 74.50, 74.00, 21]
[1264, 258.5, 256.0, 257.50, 256.00, 38]
[1268, 141.0, 130.5, 137.00, 130.50, 1387]
[1301, 89.1, 86.1, 87.10, 87.60, 61080]
[1303, 74.7, 72.2, 73.50, 72.50, 58026]
[1304, 22.35, 20.55, 20.90, 21.50, 22894]
[1305, 26.5, 23.6, 24.55, 25.25, 58906]
[1307, 21.35, 20.7, 21.00, 20.75, 488]
[1308, 29.3, 27.25, 28.70, 27.95, 17802]
[1309, 23.5, 21.2, 22.05, 21.90, 12362]
[1310, 13.95, 13.55, 13.95, 13.60, 1999]
[1312, 19.2, 18.1, 18.75, 18.35, 23397]
[1313, 14.35, 13.5, 13.85, 13.90, 10944]
[1314, 10.2, 9.97, 10.15, 10.00, 33605]
[1315, 71.7, 70.0, 71.50, 70.20, 79]
[1316, 13.1, 12.25, 13.10, 12.35, 6436]
[1319, 49.65, 44.8, 48.00, 45.00, 34868]
[1321, 34.2, 33.55, 34.00, 33.75, 399]
[1323, 33.5, 32.8, 33.15, 33.10, 230]
[1324, 10.65, 10.25, 10.35, 10.60, 126]
[1325, 25.0, 23.25, 23.80, 24.20, 1966]
[1326, 72.2, 70.3, 70.90, 70.80, 15685]
[1336, 27.0, 25.8, 26.80, 25.80, 2725]
[1337, 7.25, 6.98, 7.10, 7.04, 3497]
[1338, 46.25, 44.8, 46.05, 44.80, 636]
[1339, 43.6, 41.75, 43.05, 41.90, 1320]
[1340, 10.2, 9.99, 10.20, 10.00, 552]
[1341, 69.0, 67.8, 68.40, 68.00, 91]
[1342, 141.0, 128.0, 138.00, 136.50, 5742]
[1402, 33.35, 32.35, 33.15, 32.60, 140084]
[1409, 17.7, 16.9, 17.40, 17.70, 14554]
[1410, 44.5, 41.9, 43.55, 42.15, 1485]
[1413, 9.72, 9.49, 9.54, 9.51, 428]
[1414, 18.1, 17.8, 17.95, 18.10, 1436]
[1416, 10.5, 10.3, 10.35, 10.35, 326]
[1417, 15.1, 13.8, 14.25, 14.40, 57452]
[1418, 14.2, 13.7, 13.80, 14.15, 96]
[1419, 41.45, 39.65, 39.80, 40.25, 532]
[1423, 20.8, 19.75, 20.65, 20.00, 223]
[1432, 12.1, 11.8, 12.10, 11.85, 1585]
[1434, 26.8, 26.2, 26.40, 26.20, 4206]
[1436, 57.1, 55.9, 56.50, 56.20, 82]
[1437, 26.4, 25.55, 25.85, 25.90, 995]
[1438, 32.7, 31.25, 31.50, 32.30, 349]
[1439, 22.8, 21.15, 22.20, 21.20, 240]
[1440, 17.5, 17.1, 17.10, 17.15, 3962]
[1441, 8.0, 7.85, 7.99, 7.87, 171]
[1442, 38.45, 36.2, 38.00, 36.20, 5612]
[1443, 21.3, 20.45, 20.55, 20.90, 133]
[1444, 10.6, 10.4, 10.50, 10.40, 6018]
[1445, 16.1, 15.9, 16.10, 16.00, 124]
[1446, 30.85, 29.75, 29.95, 30.25, 280]
[1447, 7.91, 7.72, 7.84, 7.78, 3979]
[1449, 16.75, 15.25, 16.20, 15.25, 1395]
[1451, 21.65, 21.3, 21.55, 21.35, 1771]
[1452, 17.65, 17.35, 17.65, 17.35, 455]
[1453, 16.95, 16.0, 16.55, 16.00, 1558]
[1454, 13.1, 12.8, 13.10, 12.80, 368]
[1455, 10.6, 10.3, 10.55, 10.35, 2448]
[1456, 16.25, 15.4, 15.95, 15.50, 384]
[1457, 19.0, 18.65, 19.00, 19.00, 1049]
[1459, 8.58, 8.3, 8.51, 8.30, 169]
[1460, 7.3, 7.09, 7.13, 7.16, 2598]
[1463, 14.55, 14.25, 14.45, 14.35, 519]
[1464, 14.45, 14.15, 14.40, 14.15, 739]
[1465, 14.1, 13.7, 13.90, 13.70, 268]
[1466, 11.85, 11.5, 11.85, 11.85, 348]
[1467, 12.45, 11.75, 12.25, 11.75, 16464]
[1468, 13.6, 13.0, 13.20, 13.30, 224]
[1470, 19.1, 18.15, 19.05, 18.30, 81]
[1471, 8.42, 7.94, 8.00, 7.99, 2035]
[1472, 22.95, 21.55, 22.80, 22.65, 34]
[1473, 21.7, 20.85, 21.10, 21.40, 813]
[1474, 12.3, 11.95, 12.20, 11.95, 393]
[1475, 68.3, 64.1, 67.50, 66.10, 650]
[1476, 482.0, 448.0, 479.50, 461.00, 4535]
[1477, 250.0, 237.5, 242.00, 237.50, 5700]
[1503, 61.5, 59.0, 59.30, 59.60, 731]
[1504, 28.3, 27.7, 28.00, 27.75, 11984]
[1506, 18.1, 17.1, 17.70, 17.50, 1449]
[1512, 4.85, 3.29, 3.36, 4.85, 5317]
[1513, 68.9, 63.6, 64.30, 68.30, 147165]
[1514, 31.0, 29.85, 30.05, 30.05, 8007]
[1515, 33.65, 32.3, 33.60, 32.70, 3290]
[1516, 20.5, 20.0, 20.30, 20.35, 616]
[1517, 22.7, 20.5, 22.70, 20.55, 7191]
[1519, 49.9, 47.0, 48.45, 49.20, 26876]
[1521, 36.1, 35.05, 35.50, 35.25, 86]
[1522, 28.75, 27.5, 28.20, 27.55, 11594]
[1524, 25.5, 24.3, 24.60, 24.60, 21421]
[1525, 59.6, 57.8, 57.80, 58.50, 103]
[1526, 46.75, 42.95, 45.25, 43.00, 3818]
[1527, 41.8, 41.0, 41.40, 41.00, 909]
[1528, 10.65, 10.15, 10.20, 10.40, 3229]
[1529, 19.75, 18.2, 18.50, 19.65, 18751]
[1530, 31.45, 30.55, 30.95, 30.55, 196]
[1531, 14.25, 13.8, 13.95, 13.95, 581]
[1532, 29.95, 28.9, 29.70, 28.90, 1171]
[1533, 53.2, 50.6, 52.30, 51.30, 994]
[1535, 42.8, 42.45, 42.50, 42.50, 213]
[1536, 77.6, 73.4, 74.10, 73.40, 12263]
[1537, 137.5, 135.5, 136.00, 137.00, 338]
[1538, 7.3, 6.04, 6.18, 7.30, 157]
[1539, 31.1, 29.95, 30.80, 30.00, 2028]
[1540, 15.7, 15.3, 15.70, 15.45, 881]
[1541, 35.25, 33.65, 35.25, 34.00, 91]
[1558, 123.0, 117.0, 117.50, 119.50, 615]
[1560, 124.5, 117.0, 121.00, 118.00, 21211]
[1565, 253.0, 242.5, 251.50, 242.50, 578]
[1568, 25.1, 24.15, 24.50, 24.15, 1625]
[1569, 23.55, 22.9, 23.15, 23.05, 1002]
[1570, 16.8, 16.5, 16.50, 16.50, 115]
[1580, 88.9, 86.6, 87.70, 87.20, 445]
[1582, 59.1, 58.1, 58.90, 58.20, 617]
[1583, 62.5, 60.7, 62.50, 61.10, 42]
[1584, 25.1, 22.6, 23.90, 24.65, 115636]
[1586, 33.95, 33.55, 33.75, 33.90, 249]
[1587, 22.05, 21.6, 21.70, 21.80, 148]
[1589, 58.8, 56.3, 56.60, 56.80, 929]
[1590, 970.0, 890.0, 945.00, 930.00, 2783]
[1591, 18.3, 17.0, 18.00, 17.20, 2175]
[1593, 74.5, 71.6, 73.60, 72.50, 108]
[1595, 38.5, 37.55, 37.90, 38.00, 94]
[1597, 74.4, 71.2, 72.50, 72.80, 167]
[1598, 45.3, 42.5, 44.00, 43.20, 2543]
[1599, 41.8, 40.25, 41.80, 40.35, 417]
[1603, 27.5, 26.3, 26.65, 26.40, 2810]
[1604, 26.3, 25.1, 25.45, 25.20, 1652]
[1605, 48.65, 46.3, 46.95, 48.20, 236762]
[1608, 14.95, 14.05, 14.40, 14.05, 3259]
[1609, 21.3, 20.45, 20.95, 20.75, 29125]
[1611, 14.05, 13.7, 14.00, 13.85, 2852]
[1612, 17.1, 16.35, 16.45, 16.65, 5952]
[1614, 36.1, 35.5, 35.75, 35.60, 101]
[1615, 29.2, 28.3, 29.20, 28.45, 152]
[1616, 7.63, 7.39, 7.54, 7.40, 532]
[1617, 15.1, 14.95, 15.10, 15.00, 206]
[1618, 15.1, 14.45, 14.50, 14.50, 5033]
[1626, 18.0, 16.85, 17.10, 16.90, 621]
[1701, 31.6, 24.05, 24.05, 31.10, 263607]
[1702, 45.3, 44.25, 44.80, 44.25, 844]
[1707, 166.5, 153.0, 160.00, 155.50, 6549]
[1708, 43.6, 42.3, 43.60, 42.40, 8226]
[1709, 23.15, 22.4, 22.75, 22.55, 4138]
[1710, 19.15, 18.2, 18.35, 19.00, 8619]
[1711, 20.9, 18.15, 18.25, 19.25, 27305]
[1712, 38.4, 37.0, 38.40, 37.10, 7481]
[1713, 25.5, 24.4, 24.65, 24.85, 394]
[1714, 8.82, 8.53, 8.65, 8.58, 7608]
[1717, 32.2, 31.05, 31.55, 31.05, 9262]
[1718, 8.94, 8.52, 8.75, 8.60, 21696]
[1720, 65.1, 51.3, 51.80, 58.50, 81739]
[1721, 16.1, 15.15, 15.65, 15.60, 6397]
[1722, 54.8, 53.4, 54.60, 53.50, 6703]
[1723, 107.0, 104.5, 105.50, 104.50, 1213]
[1725, 21.25, 20.35, 20.80, 20.35, 167]
[1726, 71.0, 70.3, 70.30, 70.30, 93]
[1727, 28.75, 27.1, 27.60, 27.25, 2672]
[1730, 56.5, 54.8, 55.20, 55.30, 91]
[1731, 20.55, 18.45, 18.50, 19.25, 9842]
[1732, 32.45, 30.2, 31.15, 30.45, 2620]
[1733, 26.6, 24.95, 25.25, 25.65, 3067]
[1734, 36.9, 32.8, 33.05, 34.45, 97501]
[1735, 15.15, 14.65, 15.15, 14.95, 16]
[1736, 82.9, 77.5, 81.50, 79.00, 11173]
[1737, 32.2, 31.85, 31.95, 31.90, 586]
[1742, 15.3, 14.6, 15.00, 14.80, 237]
[1752, 54.6, 46.8, 47.20, 51.10, 107424]
[1760, 184.0, 159.5, 179.50, 179.50, 93938]
[1762, 67.1, 59.9, 60.20, 64.00, 30202]
[1773, 121.0, 113.0, 115.50, 117.00, 1108]
[1776, 16.75, 16.45, 16.60, 16.60, 105]
[1777, 91.8, 83.4, 83.50, 84.80, 4151]
[1781, 16.0, 14.4, 14.50, 15.50, 1338]
[1783, 49.0, 44.1, 45.35, 45.50, 8505]
[1784, 46.0, 42.7, 45.80, 43.75, 2591]
[1785, 33.75, 32.65, 33.75, 32.80, 5604]
[1786, 57.3, 50.4, 52.70, 53.30, 2695]
[1788, 144.5, 142.5, 143.00, 144.00, 39]
[1789, 27.85, 25.0, 25.45, 25.45, 36778]
[1795, 258.0, 234.5, 255.00, 234.50, 38452]
[1796, 63.6, 55.9, 56.00, 62.20, 733]
[1799, 17.45, 15.35, 15.35, 16.30, 90]
[1802, 25.4, 24.0, 24.55, 24.35, 88003]
[1805, 10.9, 10.4, 10.80, 10.65, 105]
[1806, 9.57, 9.1, 9.22, 9.28, 2283]
[1808, 66.9, 64.1, 65.40, 64.30, 1682]
[1809, 13.5, 13.0, 13.40, 13.20, 2986]
[1810, 23.35, 18.8, 20.00, 21.30, 133733]
[1813, 23.4, 22.6, 22.60, 22.90, 266]
[1815, 12.4, 12.0, 12.20, 12.20, 3093]
[1817, 38.85, 36.05, 36.05, 38.65, 1422]
[1903, 50.8, 49.2, 50.80, 49.95, 223]
[1904, 27.9, 27.25, 27.50, 27.30, 3265]
[1905, 16.95, 16.45, 16.80, 16.65, 2418]
[1906, 16.9, 16.7, 16.70, 16.90, 1137]
[1907, 25.35, 24.65, 25.00, 24.90, 8582]
[1909, 16.45, 15.1, 15.30, 15.80, 16864]
[2002, 29.7, 28.55, 29.00, 29.40, 246869]
[2006, 53.4, 51.0, 52.70, 53.30, 11007]
[2007, 11.9, 10.05, 10.30, 11.45, 28989]
[2008, 17.8, 17.0, 17.00, 17.30, 241]
[2009, 33.2, 30.35, 31.90, 31.05, 26067]
[2010, 16.8, 15.4, 15.80, 15.85, 5752]
[2012, 23.85, 22.65, 22.75, 23.05, 2558]
[2013, 61.5, 57.1, 59.00, 58.10, 3172]
[2014, 28.1, 23.2, 23.90, 27.50, 290707]
[2015, 67.5, 64.8, 66.00, 64.80, 1787]
[2017, 14.6, 13.1, 13.35, 13.80, 7689]
[2020, 24.55, 22.55, 22.65, 23.75, 3053]
[2022, 8.88, 8.07, 8.14, 8.50, 12821]
[2023, 16.85, 14.95, 15.25, 16.20, 68792]
[2024, 19.9, 17.75, 17.90, 18.70, 580]
[2025, 5.16, 4.82, 4.90, 5.10, 2437]
[2027, 45.35, 41.35, 42.70, 43.55, 140517]
[2028, 28.6, 24.6, 25.15, 27.35, 20316]
[2029, 24.8, 23.1, 23.40, 23.70, 3809]
[2030, 24.1, 22.1, 22.55, 23.05, 22464]
[2031, 42.65, 38.45, 39.35, 42.00, 26393]
[2032, 21.1, 18.2, 18.50, 19.85, 18130]
[2033, 16.2, 13.25, 13.45, 15.65, 9474]
[2034, 29.45, 27.35, 27.75, 28.20, 9198]
[2035, 32.4, 31.55, 31.55, 32.10, 98]
[2038, 22.4, 19.15, 19.70, 21.65, 30574]
[2049, 192.0, 182.0, 185.50, 190.50, 6147]
[2059, 408.0, 395.5, 402.00, 398.00, 1022]
[2061, 27.9, 25.0, 27.50, 25.60, 973]
[2062, 22.8, 22.05, 22.25, 22.50, 1057]
[2063, 39.9, 38.45, 39.60, 38.75, 2534]
[2064, 17.6, 16.8, 16.90, 17.20, 171]
[2065, 53.7, 52.5, 52.80, 52.90, 547]
[2066, 81.6, 79.1, 81.20, 80.00, 652]
[2067, 11.2, 10.55, 11.00, 10.90, 57]
[2069, 21.3, 19.3, 19.70, 20.60, 4600]
[2070, 34.75, 33.4, 33.50, 34.25, 256]
[2101, 34.85, 34.15, 34.50, 34.15, 1808]
[2102, 21.5, 20.75, 21.15, 20.95, 2775]
[2103, 28.6, 27.3, 27.60, 27.95, 7010]
[2104, 20.85, 19.4, 20.75, 19.45, 13184]
[2105, 34.85, 34.0, 34.85, 34.25, 13402]
[2106, 30.8, 30.2, 30.80, 30.25, 3206]
[2107, 22.1, 21.55, 22.00, 21.75, 801]
[2108, 38.65, 36.55, 37.30, 37.50, 2847]
[2109, 14.8, 14.4, 14.70, 14.45, 432]
[2114, 99.8, 98.3, 98.80, 98.50, 69]
[2115, 30.0, 29.3, 30.00, 29.35, 134]
[2201, 69.0, 61.5, 61.60, 64.10, 206128]
[2204, 56.3, 51.6, 53.60, 51.70, 17069]
[2206, 37.45, 35.9, 37.30, 35.95, 16789]
[2207, 629.0, 595.0, 616.00, 595.00, 1570]
[2208, 20.85, 19.5, 20.15, 20.10, 25988]
[2211, 52.9, 51.1, 51.20, 52.20, 1074]
[2221, 39.1, 37.25, 37.25, 38.35, 1686]
[2227, 205.0, 192.5, 195.50, 194.00, 264]
[2228, 80.5, 77.8, 79.00, 78.00, 754]
[2230, 30.75, 28.05, 30.75, 28.80, 5047]
[2231, 160.0, 149.0, 151.50, 151.00, 7202]
[2233, 104.0, 100.5, 103.50, 101.00, 923]
[2235, 48.6, 46.9, 48.60, 47.70, 8]
[2236, 26.45, 23.95, 24.00, 24.60, 6764]
[2239, 64.2, 60.6, 64.20, 60.60, 304]
[2241, 32.9, 31.2, 32.25, 31.20, 134]
[2243, 12.7, 12.35, 12.55, 12.60, 207]
[2247, 218.0, 212.5, 215.50, 212.50, 135]
[2250, 76.3, 72.6, 72.60, 73.90, 148]
[2301, 65.4, 63.2, 63.20, 65.20, 57557]
[2302, 18.75, 17.65, 17.65, 17.85, 2057]
[2303, 44.5, 42.95, 43.35, 44.30, 263736]
[2305, 28.3, 26.6, 27.60, 26.90, 4533]
[2308, 298.0, 288.0, 290.00, 291.00, 28557]
[2312, 14.45, 14.0, 14.45, 14.10, 32038]
[2313, 49.0, 47.6, 48.50, 48.90, 45583]
[2314, 41.3, 39.7, 40.70, 39.90, 3223]
[2316, 27.3, 26.0, 26.10, 27.00, 809]
[2317, 102.5, 100.0, 102.00, 100.50, 179197]
[2321, 6.2, 5.38, 6.20, 5.89, 57]
[2323, 7.86, 7.6, 7.78, 7.60, 12402]
[2324, 22.85, 21.55, 21.75, 22.85, 72974]
[2327, 498.0, 472.0, 477.00, 480.50, 14952]
[2328, 39.7, 37.8, 38.85, 38.05, 21430]
[2329, 18.6, 18.1, 18.50, 18.15, 7416]
[2330, 481.5, 465.5, 476.50, 471.00, 173063]
[2331, 23.4, 21.6, 21.60, 22.00, 25660]
[2332, 15.2, 14.65, 14.75, 14.95, 6316]
[2337, 35.5, 33.6, 33.75, 34.85, 68743]
[2338, 93.5, 88.4, 93.50, 90.00, 30110]
[2340, 37.05, 35.2, 36.00, 36.15, 7607]
[2342, 41.0, 39.1, 40.35, 39.30, 3681]
[2344, 21.25, 20.45, 20.60, 20.85, 54335]
[2345, 263.0, 246.0, 248.50, 255.00, 10631]
[2347, 61.8, 57.8, 59.30, 61.40, 33547]
[2348, 66.6, 64.5, 65.00, 65.70, 304]
[2349, 8.34, 7.89, 8.12, 7.90, 6045]
[2351, 106.5, 100.0, 104.50, 100.50, 3833]
[2352, 28.0, 26.85, 27.70, 26.85, 23877]
[2353, 23.7, 22.95, 23.55, 23.05, 49932]
[2354, 54.3, 52.3, 52.90, 52.60, 15679]
[2355, 30.95, 29.8, 30.80, 29.85, 2757]
[2356, 25.7, 24.3, 24.40, 25.70, 74299]
[2357, 273.5, 262.0, 266.00, 265.50, 17140]
[2358, 14.75, 13.8, 14.40, 14.20, 8170]
[2359, 27.65, 26.45, 26.50, 27.20, 16467]
[2360, 184.5, 175.5, 177.00, 184.50, 4995]
[2362, 31.5, 30.55, 31.45, 30.55, 1353]
[2363, 17.35, 16.35, 16.60, 16.60, 13501]
[2364, 119.0, 109.5, 115.50, 111.50, 4314]
[2365, 10.15, 9.95, 10.15, 10.05, 775]
[2367, 18.75, 18.0, 18.60, 18.00, 31300]
[2368, 97.3, 92.2, 95.00, 95.70, 21579]
[2369, 14.1, 13.55, 14.10, 13.70, 2670]
[2371, 35.35, 33.4, 33.65, 35.30, 75822]
[2373, 78.7, 77.5, 78.10, 77.80, 301]
[2374, 21.75, 21.1, 21.75, 21.25, 3017]
[2375, 61.6, 59.2, 61.20, 59.40, 1274]
[2376, 117.5, 100.0, 101.50, 107.00, 95917]
[2377, 126.0, 116.0, 117.50, 123.50, 30962]
[2379, 306.5, 291.0, 296.00, 293.00, 20872]
[2380, 12.8, 11.9, 12.80, 12.50, 4552]
[2382, 73.1, 70.7, 72.30, 72.00, 51984]
[2383, 196.0, 182.0, 195.00, 182.00, 17296]
[2385, 85.3, 84.0, 84.20, 85.20, 12819]
[2387, 41.4, 40.45, 40.75, 40.80, 2677]
[2388, 77.7, 72.5, 77.50, 73.10, 122279]
[2390, 14.1, 13.3, 13.60, 13.30, 3315]
[2392, 38.7, 37.75, 38.05, 38.40, 4769]
[2393, 39.0, 37.45, 37.80, 38.10, 2732]
[2395, 346.5, 322.5, 331.00, 337.00, 4874]
[2397, 59.6, 58.5, 58.90, 58.50, 154]
[2399, 15.3, 13.4, 13.70, 14.00, 32644]
[2401, 25.1, 24.15, 24.60, 24.15, 5219]
[2402, 19.7, 18.8, 18.95, 18.90, 23400]
[2404, 190.0, 179.0, 188.50, 186.00, 5102]
[2405, 12.8, 12.25, 12.60, 12.30, 5661]
[2406, 21.3, 19.65, 20.85, 19.65, 18389]
[2408, 56.1, 53.3, 53.50, 54.50, 35608]
[2409, 15.95, 15.05, 15.60, 15.05, 310235]
[2412, 113.0, 110.5, 111.50, 110.50, 46957]
[2413, 29.15, 27.2, 29.00, 27.20, 11467]
[2414, 30.6, 30.1, 30.40, 30.30, 1302]
[2415, 23.45, 22.25, 22.70, 22.25, 395]
[2417, 24.75, 22.7, 22.90, 22.85, 6695]
[2419, 26.65, 25.35, 26.15, 25.40, 10319]
[2420, 40.0, 39.3, 39.45, 39.70, 353]
[2421, 47.4, 44.0, 44.10, 46.70, 8349]
[2423, 27.4, 26.7, 26.95, 27.10, 438]
[2424, 21.05, 19.3, 19.30, 19.90, 232]
[2425, 30.4, 27.5, 27.65, 29.50, 17936]
[2426, 18.05, 17.5, 17.90, 17.50, 1197]
[2427, 12.35, 11.9, 12.05, 12.00, 1801]
[2428, 128.5, 115.5, 118.00, 123.00, 2263]
[2429, 11.25, 10.2, 10.65, 11.15, 129]
[2430, 42.55, 41.25, 41.90, 41.80, 403]
[2431, 10.3, 10.05, 10.20, 10.15, 548]
[2433, 48.55, 47.85, 48.25, 48.05, 49]
[2434, 29.85, 27.55, 29.10, 28.30, 263]
[2436, 45.35, 43.65, 44.25, 44.15, 3707]
[2438, 14.3, 13.05, 13.80, 13.90, 101]
[2439, 81.5, 79.4, 81.00, 80.60, 3796]
[2440, 12.7, 12.3, 12.65, 12.35, 353]
[2441, 49.3, 47.3, 48.15, 49.30, 16358]
[2442, 13.95, 13.25, 13.65, 13.40, 3564]
[2443, 2.91, 2.73, 2.76, 2.75, 291]
[2444, 20.9, 15.55, 16.00, 19.20, 60504]
[2449, 37.15, 35.2, 35.50, 37.15, 26775]
[2450, 31.2, 30.7, 30.85, 30.85, 360]
[2451, 67.2, 65.5, 66.70, 65.70, 1670]
[2453, 25.35, 24.8, 25.35, 25.35, 346]
[2454, 724.0, 651.0, 715.00, 660.00, 43434]
[2455, 72.8, 68.1, 69.90, 68.10, 8438]
[2457, 40.75, 38.9, 39.90, 39.40, 15026]
[2458, 91.9, 87.7, 89.10, 90.30, 7028]
[2459, 52.5, 51.2, 51.80, 51.70, 214]
[2460, 18.2, 16.95, 17.25, 17.05, 1328]
[2461, 18.95, 18.45, 18.90, 18.55, 867]
[2462, 28.9, 27.2, 27.45, 28.30, 1928]
[2464, 40.9, 38.3, 40.90, 38.55, 6778]
[2465, 45.15, 36.2, 37.05, 42.00, 68518]
[2466, 33.2, 32.1, 33.20, 32.10, 316]
[2467, 44.3, 43.1, 43.45, 43.45, 308]
[2468, 29.85, 27.05, 29.50, 27.10, 8796]
[2471, 28.0, 27.2, 27.70, 27.25, 515]
[2472, 57.5, 55.7, 56.40, 56.70, 964]
[2474, 175.5, 170.5, 172.00, 172.00, 23945]
[2476, 49.2, 47.8, 48.25, 48.20, 3147]
[2477, 20.6, 19.9, 20.50, 19.90, 355]
[2478, 45.85, 44.1, 44.20, 44.85, 316]
[2480, 83.6, 81.2, 82.50, 81.20, 686]
[2481, 66.4, 63.6, 65.00, 64.00, 32195]
[2482, 27.65, 25.9, 26.00, 26.50, 31488]
[2483, 25.35, 24.6, 24.90, 24.65, 1036]
[2484, 37.4, 35.4, 36.50, 37.00, 13184]
[2485, 19.65, 18.15, 18.50, 18.25, 15851]
[2486, 24.95, 22.15, 22.65, 23.00, 38888]
[2488, 29.45, 28.8, 28.90, 29.25, 600]
[2489, 9.98, 9.7, 9.90, 9.73, 6089]
[2491, 12.7, 12.15, 12.45, 12.20, 814]
[2492, 84.7, 80.5, 81.30, 81.00, 9383]
[2493, 43.75, 42.65, 42.95, 43.40, 625]
[2495, 24.1, 20.35, 20.80, 23.25, 57922]
[2496, 47.8, 46.95, 47.45, 47.20, 68]
[2497, 82.1, 77.4, 79.50, 78.30, 12831]
[2498, 60.3, 57.1, 59.50, 57.20, 84958]
[2501, 16.25, 15.4, 15.55, 15.45, 7655]
[2504, 25.65, 24.95, 25.55, 25.05, 8432]
[2505, 19.1, 18.45, 18.85, 18.50, 798]
[2506, 9.49, 9.36, 9.42, 9.40, 942]
[2509, 14.6, 14.35, 14.40, 14.45, 128]
[2511, 10.9, 10.55, 10.65, 10.55, 2251]
[2514, 18.15, 17.55, 17.80, 17.60, 894]
[2515, 8.53, 8.27, 8.33, 8.36, 13834]
[2516, 5.14, 5.0, 5.12, 5.01, 1019]
[2520, 29.5, 28.15, 28.30, 28.60, 6479]
[2524, 35.1, 33.0, 33.75, 33.00, 124]
[2527, 21.75, 21.05, 21.35, 21.05, 451]
[2528, 16.4, 15.9, 16.10, 15.95, 229]
[2530, 18.45, 17.5, 17.90, 17.65, 3337]
[2534, 25.95, 23.75, 25.85, 23.95, 10366]
[2535, 29.8, 29.5, 29.80, 29.50, 1410]
[2536, 22.55, 22.2, 22.50, 22.25, 1141]
[2537, 7.33, 7.11, 7.14, 7.24, 4110]
[2538, 12.2, 11.95, 12.10, 12.00, 1480]
[2539, 32.4, 31.7, 31.70, 31.90, 1472]
[2540, 73.2, 71.0, 71.00, 72.00, 2024]
[2542, 44.05, 41.15, 44.00, 41.15, 57246]
[2543, 9.71, 8.67, 8.67, 8.90, 1663]
[2545, 41.7, 40.2, 40.20, 40.60, 1051]
[2546, 51.4, 50.2, 50.50, 50.50, 705]
[2547, 9.26, 9.08, 9.23, 9.11, 4110]
[2548, 88.4, 87.1, 88.00, 87.80, 1744]
[2596, 17.5, 17.15, 17.20, 17.50, 200]
[2597, 123.5, 115.0, 119.00, 123.00, 995]
[2601, 9.4, 8.81, 8.97, 9.06, 11154]
[2603, 170.0, 151.0, 153.00, 164.00, 163596]
[2605, 20.95, 19.4, 19.60, 20.65, 20390]
[2606, 51.5, 45.9, 47.40, 49.85, 78537]
[2607, 29.2, 27.3, 28.05, 28.45, 18274]
[2608, 38.6, 37.6, 38.60, 37.90, 1124]
[2609, 67.4, 61.7, 62.20, 65.30, 285424]
[2610, 19.9, 18.9, 19.70, 19.30, 272258]
[2611, 14.25, 13.3, 13.60, 13.80, 3992]
[2612, 39.8, 35.3, 36.40, 38.90, 5982]
[2613, 23.7, 21.9, 22.65, 22.65, 3573]
[2614, 24.35, 22.45, 23.35, 23.15, 43523]
[2615, 79.7, 68.7, 69.20, 78.80, 108477]
[2616, 32.35, 32.0, 32.35, 32.05, 327]
[2617, 27.8, 26.15, 26.70, 27.30, 8064]
[2618, 29.0, 27.65, 28.60, 28.60, 207062]
[2630, 17.3, 17.05, 17.10, 17.05, 242]
[2633, 29.45, 28.3, 28.55, 29.45, 32636]
[2634, 36.1, 34.25, 34.90, 34.95, 56944]
[2636, 78.2, 70.8, 72.30, 76.00, 12855]
[2637, 66.7, 57.6, 59.90, 64.40, 84198]
[2640, 88.9, 83.5, 84.40, 85.40, 364]
[2641, 18.7, 17.45, 18.10, 18.20, 15618]
[2642, 49.45, 46.5, 48.05, 48.20, 1121]
[2643, 69.8, 67.3, 67.30, 69.80, 211]
[2701, 12.35, 12.05, 12.10, 12.05, 848]
[2702, 24.4, 22.6, 23.40, 22.80, 4114]
[2704, 31.75, 30.9, 31.20, 31.05, 479]
[2705, 17.5, 16.8, 16.85, 16.80, 2712]
[2706, 14.4, 14.05, 14.25, 14.10, 937]
[2707, 263.5, 250.0, 257.00, 252.50, 6428]
[2712, 33.75, 32.7, 33.40, 32.70, 109]
[2718, 35.0, 33.8, 34.00, 34.45, 20]
[2719, 38.55, 30.7, 32.55, 38.00, 286]
[2722, 37.5, 33.7, 34.50, 33.85, 742]
[2723, 146.0, 137.5, 139.50, 138.00, 7984]
[2724, 13.75, 13.75, 13.75, 13.75, 4]
[2726, 25.45, 23.2, 24.80, 23.60, 283]
[2727, 169.5, 160.5, 166.50, 162.50, 3279]
[2729, 206.5, 200.5, 202.50, 200.50, 235]
[2731, 123.0, 100.0, 100.00, 103.00, 59466]
[2732, 133.0, 122.0, 133.00, 125.50, 4424]
[2734, 30.8, 26.65, 27.40, 29.05, 2253]
[2736, 24.15, 21.65, 22.20, 21.70, 11644]
[2739, 30.85, 29.0, 29.15, 29.30, 444]
[2740, 50.5, 49.0, 50.00, 49.80, 22]
[2743, 64.7, 55.5, 56.20, 60.10, 26228]
[2745, 44.2, 37.5, 40.05, 40.90, 1661]
[2748, 60.6, 56.2, 60.20, 56.90, 7206]
[2752, 186.0, 180.5, 185.00, 185.50, 65]
[2753, 223.5, 200.0, 219.00, 200.00, 3644]
[2754, 149.5, 131.5, 146.00, 132.50, 5384]
[2755, 84.5, 81.1, 82.50, 82.10, 105]
[2756, 128.0, 119.0, 127.50, 120.00, 420]
[2801, 17.5, 17.2, 17.40, 17.35, 31461]
[2809, 36.75, 35.5, 35.90, 35.80, 30334]
[2812, 13.2, 13.0, 13.20, 13.10, 17166]
[2816, 16.1, 15.5, 15.55, 15.80, 263]
[2820, 14.7, 14.4, 14.50, 14.55, 2451]
[2832, 20.6, 20.35, 20.50, 20.40, 740]
[2834, 13.05, 12.85, 12.90, 13.05, 89881]
[2836, 12.75, 12.5, 12.60, 12.50, 1112]
[2838, 16.3, 15.9, 16.15, 16.15, 3932]
[2845, 11.3, 11.0, 11.05, 11.15, 22175]
[2849, 15.3, 14.65, 14.65, 14.70, 422]
[2850, 48.9, 47.25, 48.35, 47.55, 2055]
[2851, 19.0, 18.55, 18.60, 18.70, 3148]
[2852, 15.85, 15.7, 15.80, 15.80, 1180]
[2855, 16.1, 15.6, 15.70, 15.90, 3861]
[2867, 6.0, 5.67, 5.93, 5.74, 89294]
[2880, 22.75, 22.3, 22.50, 22.65, 52484]
[2881, 58.4, 54.8, 55.70, 56.10, 91840]
[2882, 41.35, 40.05, 40.90, 40.20, 129381]
[2883, 13.0, 12.6, 12.75, 12.70, 156832]
[2884, 24.65, 24.1, 24.65, 24.25, 102317]
[2885, 22.6, 22.05, 22.55, 22.15, 138148]
[2886, 31.3, 30.65, 31.05, 30.80, 90034]
[2887, 15.15, 14.8, 14.90, 15.00, 78995]
[2888, 8.85, 8.58, 8.66, 8.85, 138764]
[2889, 11.5, 11.3, 11.40, 11.45, 54222]
[2890, 17.9, 16.9, 17.80, 16.90, 221275]
[2891, 23.1, 22.25, 22.75, 22.25, 259619]
[2892, 26.45, 25.95, 26.30, 26.20, 72559]
[2897, 8.53, 8.4, 8.44, 8.43, 6330]
[2901, 24.0, 23.45, 23.70, 23.55, 264]
[2903, 21.45, 20.15, 20.25, 21.45, 9790]
[2904, 19.95, 19.7, 19.90, 19.85, 71]
[2905, 15.8, 15.1, 15.40, 15.10, 1484]
[2906, 18.15, 17.15, 17.70, 17.15, 5575]
[2908, 20.25, 19.8, 19.90, 19.85, 480]
[2910, 32.2, 30.8, 31.90, 31.25, 100]
[2911, 8.52, 6.41, 6.46, 7.65, 13145]
[2912, 274.5, 268.0, 272.00, 270.00, 5874]
[2913, 23.65, 22.05, 22.90, 22.25, 7034]
[2915, 70.8, 65.9, 68.10, 68.70, 46523]
[2916, 23.6, 23.0, 23.50, 23.50, 125]
[2923, 23.9, 21.2, 22.40, 21.20, 163]
[2924, 33.5, 29.15, 29.95, 30.00, 39]
[2926, 60.8, 57.0, 60.00, 59.50, 126]
[2929, 17.7, 14.0, 14.20, 16.90, 75544]
[2937, 37.2, 36.05, 37.20, 36.60, 86]
[2939, 42.5, 34.2, 42.10, 35.20, 3596]
[2945, 45.95, 43.5, 45.60, 43.55, 57]
[2947, 93.2, 91.0, 91.80, 92.60, 18]
[3002, 11.7, 11.35, 11.60, 11.55, 474]
[3003, 73.7, 71.5, 72.00, 72.20, 1337]
[3004, 75.4, 70.6, 73.00, 71.40, 1341]
[3005, 44.5, 42.2, 42.40, 43.85, 6839]
[3006, 71.6, 68.4, 69.30, 69.80, 9410]
[3008, 2275.0, 2160.0, 2,160.00, 2,225.00, 2120]
[3010, 87.2, 85.0, 86.10, 85.00, 819]
[3011, 17.4, 14.75, 15.90, 16.85, 4705]
[3013, 22.45, 18.05, 18.05, 21.70, 95113]
[3014, 77.0, 72.3, 75.50, 72.50, 4581]
[3015, 38.8, 38.15, 38.60, 38.40, 367]
[3016, 76.8, 74.0, 75.50, 74.50, 3124]
[3017, 118.0, 113.0, 116.00, 115.00, 25758]
[3019, 64.4, 62.6, 62.80, 63.20, 2670]
[3021, 21.05, 20.5, 20.60, 20.60, 355]
[3022, 82.4, 74.0, 78.80, 74.80, 24007]
[3023, 292.0, 276.0, 280.00, 289.00, 2354]
[3024, 13.75, 13.25, 13.70, 13.65, 3364]
[3025, 21.8, 20.85, 21.10, 21.05, 4154]
[3026, 90.2, 88.3, 88.60, 88.30, 602]
[3027, 40.5, 33.6, 34.65, 37.00, 107823]
[3028, 28.6, 28.0, 28.20, 28.35, 613]
[3029, 41.15, 40.0, 40.10, 40.55, 1079]
[3030, 66.3, 64.6, 65.30, 64.80, 2436]
[3031, 16.45, 15.6, 15.85, 15.60, 672]
[3032, 30.5, 29.4, 30.00, 30.00, 294]
[3033, 27.3, 26.35, 26.60, 26.80, 4233]
[3034, 314.5, 292.0, 299.00, 314.50, 28247]
[3035, 175.5, 161.5, 167.00, 165.00, 58318]
[3036, 62.9, 61.6, 62.60, 62.90, 9477]
[3037, 152.0, 142.0, 148.00, 142.00, 107734]
[3038, 21.95, 20.85, 20.95, 21.30, 9544]
[3040, 30.05, 29.7, 29.85, 29.70, 75]
[3041, 22.5, 21.3, 21.90, 21.30, 4503]
[3042, 86.4, 83.4, 83.50, 86.20, 4753]
[3044, 99.3, 96.4, 97.00, 99.30, 7471]
[3045, 96.0, 93.9, 95.40, 94.10, 15445]
[3046, 52.7, 49.2, 51.90, 49.55, 8599]
[3047, 17.5, 16.8, 16.85, 16.80, 22008]
[3048, 27.9, 27.5, 27.60, 27.70, 1378]
[3049, 9.54, 9.28, 9.47, 9.32, 6404]
[3050, 18.15, 17.1, 17.80, 17.70, 14812]
[3051, 19.45, 18.1, 18.70, 18.20, 3919]
[3052, 10.5, 10.35, 10.40, 10.40, 984]
[3054, 19.8, 19.1, 19.80, 19.50, 75]
[3055, 25.35, 24.8, 25.00, 24.95, 267]
[3056, 31.5, 30.55, 31.50, 30.80, 2605]
[3057, 10.2, 9.98, 10.20, 10.00, 912]
[3058, 10.35, 10.0, 10.30, 10.10, 1089]
[3059, 36.9, 35.05, 35.80, 35.15, 9000]
[3060, 18.0, 16.9, 17.35, 17.00, 1466]
[3062, 25.5, 24.2, 25.25, 24.20, 23315]
[3064, 11.95, 11.3, 11.35, 11.40, 23]
[3066, 24.5, 23.5, 24.50, 24.00, 173]
[3067, 33.2, 30.0, 31.35, 32.95, 7]
[3071, 25.75, 25.1, 25.30, 25.30, 459]
[3073, 28.7, 28.0, 28.50, 28.70, 25]
[3078, 29.6, 27.0, 27.25, 28.25, 2678]
[3081, 125.5, 116.5, 124.00, 121.50, 14762]
[3083, 49.45, 45.95, 46.50, 46.70, 2329]
[3085, 10.75, 9.91, 10.00, 10.55, 29]
[3086, 87.4, 80.3, 81.00, 83.00, 260]
[3088, 60.7, 57.7, 58.00, 58.50, 1441]
[3089, 56.0, 48.0, 48.25, 54.80, 1009]
[3090, 54.5, 51.1, 51.60, 53.50, 5246]
[3092, 37.5, 35.65, 36.40, 35.85, 1806]
[3093, 29.0, 26.35, 28.50, 27.65, 2859]
[3094, 25.8, 24.85, 25.50, 24.85, 664]
[3095, 39.6, 35.6, 36.35, 38.30, 76]
[3105, 155.5, 145.0, 147.50, 146.00, 15508]
[3114, 26.85, 26.35, 26.40, 26.60, 365]
[3115, 11.2, 10.8, 11.00, 11.10, 25]
[3118, 28.55, 27.55, 27.60, 28.00, 214]
[3122, 27.8, 26.5, 27.30, 26.90, 961]
[3128, 50.6, 45.6, 47.65, 45.80, 28703]
[3130, 206.5, 202.0, 203.50, 205.50, 56]
[3131, 237.5, 231.0, 235.00, 232.50, 233]
[3138, 164.5, 137.0, 146.50, 137.50, 13128]
[3141, 89.4, 84.9, 86.80, 86.20, 6927]
[3147, 54.9, 51.4, 54.90, 52.50, 837]
[3149, 20.4, 19.6, 20.35, 19.95, 2650]
[3152, 193.0, 179.5, 183.00, 185.50, 355]
[3162, 54.8, 47.4, 48.15, 53.60, 33399]
[3163, 56.9, 54.2, 55.80, 54.20, 6686]
[3164, 26.8, 23.15, 23.40, 24.20, 7281]
[3167, 43.0, 42.1, 42.25, 42.10, 235]
[3169, 114.0, 108.0, 110.00, 109.00, 2167]
[3171, 16.15, 15.95, 16.10, 15.95, 17]
[3176, 37.6, 36.0, 37.15, 36.05, 997]
[3178, 67.9, 64.6, 67.00, 66.80, 560]
[3188, 13.3, 12.6, 12.80, 12.75, 1118]
[3189, 119.0, 111.5, 116.50, 112.00, 47348]
[3191, 8.11, 7.0, 7.60, 7.13, 623]
[3202, 15.55, 14.7, 15.45, 14.80, 1382]
[3205, 48.35, 45.5, 47.00, 45.75, 3489]
[3206, 29.9, 29.25, 29.50, 29.60, 616]
[3207, 54.7, 50.7, 53.90, 51.00, 13945]
[3209, 36.2, 35.3, 35.65, 35.85, 2241]
[3211, 75.4, 74.6, 75.10, 74.80, 420]
[3213, 44.95, 43.8, 44.70, 43.80, 233]
[3217, 84.0, 79.3, 79.30, 81.20, 1014]
[3218, 299.0, 284.0, 292.50, 289.50, 2470]
[3219, 55.3, 47.8, 55.30, 48.05, 210]
[3221, 27.45, 25.9, 26.25, 26.70, 1894]
[3224, 46.7, 42.0, 46.10, 42.70, 3046]
[3226, 60.3, 58.5, 59.90, 58.50, 7]
[3227, 99.1, 93.7, 95.50, 97.80, 1410]
[3228, 211.5, 188.0, 189.00, 192.50, 12714]
[3229, 22.0, 19.75, 20.90, 19.95, 612]
[3230, 13.85, 13.2, 13.30, 13.60, 1088]
[3231, 30.0, 28.0, 28.40, 30.00, 107652]
[3232, 33.0, 30.25, 32.90, 30.80, 2798]
[3234, 25.6, 23.6, 24.45, 24.60, 2038]
[3236, 27.5, 24.9, 25.35, 26.00, 7061]
[3252, 19.6, 17.65, 18.10, 18.35, 4043]
[3257, 44.85, 42.15, 42.15, 43.10, 271]
[3259, 18.5, 17.25, 17.75, 18.10, 283]
[3260, 61.3, 57.7, 58.50, 59.80, 5167]
[3264, 50.9, 49.65, 50.30, 50.70, 7822]
[3265, 48.95, 46.75, 48.05, 48.20, 6414]
[3266, 12.15, 11.8, 11.90, 12.05, 364]
[3268, 25.35, 22.65, 23.70, 23.40, 612]
[3272, 47.95, 44.55, 45.20, 45.70, 4114]
[3276, 12.7, 12.2, 12.35, 12.30, 337]
[3284, 14.4, 13.85, 14.40, 13.95, 196]
[3285, 19.4, 18.5, 18.85, 18.55, 94]
[3287, 17.6, 13.75, 15.15, 14.00, 6839]
[3288, 24.45, 23.9, 23.90, 24.40, 5]
[3289, 90.3, 78.3, 90.00, 79.00, 40751]
[3290, 23.5, 22.2, 22.20, 23.05, 2785]
[3293, 403.0, 387.5, 388.00, 398.00, 3957]
[3294, 19.7, 17.5, 17.75, 17.65, 2751]
[3296, 16.3, 15.5, 15.70, 15.85, 1703]
[3297, 19.9, 18.65, 19.80, 19.15, 3031]
[3303, 26.3, 25.35, 25.65, 25.40, 669]
[3305, 42.95, 40.0, 42.50, 40.20, 2976]
[3306, 24.35, 23.4, 24.05, 23.50, 648]
[3308, 15.0, 14.15, 14.45, 14.45, 393]
[3310, 41.95, 41.0, 41.95, 41.70, 163]
[3311, 33.6, 33.1, 33.15, 33.15, 124]
[3312, 18.05, 17.5, 17.55, 17.85, 987]
[3313, 9.99, 9.78, 9.87, 9.93, 267]
[3317, 58.7, 56.8, 57.80, 57.40, 1800]
[3321, 8.68, 8.25, 8.66, 8.33, 1038]
[3322, 20.65, 19.55, 20.65, 19.55, 2173]
[3323, 34.9, 34.0, 34.00, 34.25, 535]
[3324, 167.5, 151.5, 157.00, 158.50, 14767]
[3325, 13.0, 12.5, 12.50, 12.75, 298]
[3332, 46.35, 40.3, 42.40, 40.75, 777]
[3338, 34.35, 33.05, 33.70, 33.55, 582]
[3339, 13.4, 12.6, 13.40, 12.60, 708]
[3346, 39.5, 36.1, 37.90, 38.55, 18977]
[3349, 13.6, 12.85, 13.40, 13.25, 41]
[3354, 14.5, 13.9, 14.50, 13.95, 367]
[3356, 46.55, 42.2, 46.55, 42.35, 22044]
[3357, 84.8, 81.8, 83.40, 83.50, 176]
[3360, 13.75, 13.5, 13.60, 13.60, 230]
[3362, 85.0, 78.0, 78.80, 80.90, 24678]
[3363, 23.65, 22.45, 22.75, 23.00, 1076]
[3372, 11.85, 11.4, 11.80, 11.40, 1953]
[3373, 29.35, 24.15, 24.50, 26.55, 3915]
[3374, 106.0, 101.0, 104.00, 102.50, 4718]
[3376, 84.7, 81.0, 83.60, 81.30, 1745]
[3379, 12.15, 11.5, 11.50, 11.95, 360]
[3380, 31.3, 30.3, 30.75, 30.40, 4919]
[3388, 72.8, 71.6, 71.60, 72.60, 118]
[3390, 18.9, 18.25, 18.50, 18.25, 957]
[3402, 46.2, 45.0, 45.45, 45.15, 864]
[3406, 387.0, 363.0, 363.00, 372.00, 8880]
[3413, 197.0, 186.5, 195.00, 186.50, 2506]
[3416, 84.5, 82.5, 83.00, 82.70, 296]
[3419, 22.3, 19.8, 20.10, 19.95, 51721]
[3426, 38.0, 38.0, 38.00, 38.00, 1]
[3430, 48.6, 46.2, 48.60, 46.25, 792]
[3432, 21.2, 19.5, 21.20, 19.60, 2395]
[3434, 27.75, 26.1, 26.35, 26.15, 830]
[3437, 18.1, 17.5, 17.75, 17.50, 734]
[3438, 55.0, 51.0, 53.20, 52.00, 812]
[3441, 42.85, 40.65, 42.30, 40.65, 4178]
[3443, 804.0, 755.0, 785.00, 787.00, 32270]
[3444, 78.0, 69.7, 76.00, 71.00, 8330]
[3447, 48.0, 38.35, 39.40, 44.50, 11496]
[3450, 39.7, 38.5, 39.30, 38.60, 751]
[3454, 234.0, 207.0, 218.50, 214.00, 47046]
[3455, 90.3, 84.0, 88.30, 84.50, 2909]
[3465, 83.2, 80.2, 83.20, 80.90, 36]
[3466, 33.55, 28.45, 28.55, 30.25, 7784]
[3479, 73.0, 62.7, 63.10, 69.90, 14262]
[3481, 12.05, 11.45, 11.95, 11.45, 229857]
[3483, 57.4, 55.1, 55.80, 55.80, 957]
[3484, 46.7, 44.95, 45.80, 45.45, 325]
[3489, 10.35, 10.05, 10.05, 10.25, 81]
[3490, 26.65, 25.3, 26.15, 25.80, 1586]
[3491, 141.5, 130.5, 133.00, 137.50, 5487]
[3492, 19.6, 18.8, 19.20, 19.55, 955]
[3494, 13.0, 10.85, 11.05, 11.85, 20070]
[3498, 37.85, 35.5, 36.80, 35.95, 3116]
[3499, 20.6, 18.55, 19.35, 19.90, 7753]
[3501, 52.5, 49.9, 50.20, 51.10, 2035]
[3504, 85.4, 80.0, 83.50, 80.20, 7657]
[3508, 38.8, 35.5, 36.30, 37.80, 5766]
[3511, 36.25, 34.9, 35.50, 35.15, 1708]
[3512, 29.6, 28.75, 29.60, 28.80, 151]
[3515, 155.0, 127.5, 132.00, 148.50, 48710]
[3516, 15.7, 15.1, 15.30, 15.30, 173]
[3518, 21.5, 20.1, 20.65, 20.20, 1250]
[3520, 21.15, 20.15, 20.40, 20.30, 3352]
[3521, 24.3, 22.0, 23.20, 22.35, 4933]
[3522, 10.25, 9.83, 9.83, 10.10, 113]
[3523, 19.8, 18.2, 19.30, 18.80, 105]
[3526, 123.5, 120.0, 120.50, 120.50, 372]
[3527, 112.0, 105.0, 108.00, 105.50, 769]
[3528, 50.6, 49.85, 50.20, 50.40, 56]
[3529, 1510.0, 1415.0, 1,480.00, 1,475.00, 3580]
[3530, 78.9, 76.1, 78.80, 76.80, 364]
[3531, 27.3, 26.35, 26.80, 26.75, 161]
[3532, 155.5, 149.0, 151.50, 152.00, 5388]
[3533, 924.0, 872.0, 880.00, 889.00, 2135]
[3535, 23.8, 22.0, 23.40, 22.45, 12934]
[3536, 4.33, 4.02, 4.25, 4.03, 67]
[3537, 35.8, 34.8, 34.80, 35.15, 144]
[3540, 29.9, 26.65, 27.55, 28.50, 3708]
[3541, 55.8, 53.1, 54.10, 53.60, 342]
[3543, 20.0, 19.5, 19.50, 19.70, 53]
[3545, 63.9, 60.1, 63.20, 60.50, 11773]
[3546, 78.5, 75.0, 75.60, 76.60, 808]
[3548, 60.3, 58.6, 59.70, 58.80, 483]
[3550, 14.15, 13.8, 13.95, 13.95, 311]
[3551, 59.6, 58.2, 58.90, 58.20, 127]
[3552, 162.5, 150.5, 151.00, 153.00, 11794]
[3555, 27.9, 23.1, 24.85, 27.90, 141]
[3556, 58.4, 55.4, 56.30, 56.40, 281]
[3557, 49.55, 48.3, 48.60, 48.70, 188]
[3558, 244.5, 210.0, 233.50, 211.00, 47387]
[3563, 140.0, 136.0, 137.00, 137.00, 289]
[3564, 30.85, 29.45, 30.20, 30.40, 362]
[3567, 25.95, 25.1, 25.35, 25.30, 186]
[3570, 90.4, 88.9, 89.10, 88.90, 30]
[3576, 22.4, 20.75, 22.20, 20.75, 66862]
[3577, 96.0, 81.2, 81.30, 86.60, 2490]
[3580, 68.6, 63.9, 64.40, 66.30, 3653]
[3581, 24.2, 22.3, 23.60, 22.80, 529]
[3583, 77.5, 74.6, 75.60, 74.80, 1389]
[3587, 170.5, 153.5, 166.50, 162.50, 18059]
[3588, 61.5, 58.0, 60.30, 58.30, 1622]
[3591, 17.35, 16.4, 16.55, 16.55, 1327]
[3592, 312.5, 294.0, 301.00, 312.50, 3138]
[3593, 14.05, 13.4, 14.00, 13.70, 94]
[3594, 31.45, 27.1, 28.10, 27.95, 28387]
[3596, 105.0, 101.0, 105.00, 101.50, 4699]
[3597, 24.2, 22.9, 24.20, 23.30, 339]
[3605, 33.75, 32.6, 33.15, 32.80, 699]
[3607, 12.6, 12.0, 12.20, 12.00, 878]
[3609, 50.7, 48.35, 49.50, 50.00, 129]
[3611, 196.0, 192.0, 194.00, 193.00, 125]
[3615, 17.0, 16.6, 17.00, 16.80, 422]
[3617, 107.5, 100.5, 102.50, 101.00, 2684]
[3622, 29.1, 27.8, 27.85, 28.20, 760]
[3623, 16.3, 15.75, 15.85, 16.10, 308]
[3624, 43.55, 41.7, 42.85, 41.70, 3477]
[3625, 13.25, 12.8, 12.95, 13.00, 1414]
[3628, 46.05, 42.45, 45.20, 45.00, 3266]
[3629, 41.5, 38.8, 39.45, 41.50, 16]
[3630, 31.0, 29.5, 30.55, 29.60, 1272]
[3631, 41.6, 38.0, 40.05, 41.15, 244]
[3632, 10.8, 9.99, 10.30, 10.50, 36]
[3645, 34.85, 32.8, 33.05, 34.00, 1736]
[3646, 23.55, 22.9, 22.95, 23.05, 206]
[3652, 23.9, 22.95, 23.90, 23.40, 1238]
[3653, 408.5, 380.0, 387.00, 398.50, 4239]
[3661, 920.0, 854.0, 914.00, 876.00, 21601]
[3663, 29.5, 28.1, 29.15, 29.15, 163]
[3664, 13.05, 11.65, 12.00, 12.00, 1413]
[3665, 265.5, 255.5, 259.00, 255.50, 11220]
[3666, 20.5, 18.7, 18.90, 19.15, 383]
[3669, 50.6, 42.55, 43.10, 46.60, 9144]
[3672, 27.9, 26.8, 27.45, 27.15, 23]
[3673, 31.15, 30.1, 30.40, 30.30, 2457]
[3675, 185.0, 171.5, 179.00, 173.50, 4724]
[3679, 94.6, 91.3, 94.60, 91.90, 197]
[3680, 270.5, 253.0, 266.50, 257.00, 3691]
[3682, 6.04, 5.82, 6.00, 5.99, 18088]
[3684, 59.3, 56.9, 59.20, 58.10, 134]
[3685, 21.25, 19.85, 20.95, 20.00, 575]
[3686, 18.15, 14.5, 15.50, 17.80, 14699]
[3687, 93.7, 87.0, 89.00, 89.10, 3093]
[3689, 34.75, 33.65, 34.25, 33.85, 1264]
[3691, 123.5, 107.0, 122.00, 107.00, 4660]
[3693, 119.0, 97.1, 97.80, 119.00, 36778]
[3694, 20.4, 19.6, 20.35, 19.90, 848]
[3701, 42.0, 39.95, 40.70, 40.05, 2103]
[3702, 48.75, 46.5, 48.30, 48.45, 33144]
[3703, 29.9, 28.1, 29.90, 28.20, 9529]
[3704, 34.5, 31.2, 31.70, 33.75, 20262]
[3705, 47.9, 40.6, 40.65, 44.00, 40302]
[3706, 29.95, 29.0, 29.25, 29.40, 10699]
[3707, 96.3, 92.3, 94.90, 93.20, 11358]
[3708, 99.3, 95.0, 96.00, 95.80, 4991]
[3709, 23.0, 21.6, 21.60, 22.50, 163]
[3710, 12.2, 11.25, 11.80, 11.80, 8372]
[3711, 99.2, 95.8, 99.00, 96.20, 84357]
[3712, 29.3, 26.15, 26.35, 27.80, 4031]
[3713, 34.3, 30.15, 32.10, 32.70, 3662]
[3714, 49.5, 45.2, 46.00, 48.70, 22678]
[3715, 17.65, 17.2, 17.40, 17.25, 2454]
[4102, 44.8, 33.75, 34.00, 36.50, 75098]
[4104, 67.2, 65.4, 65.80, 66.50, 1372]
[4105, 84.0, 80.2, 83.50, 81.40, 17810]
[4106, 33.85, 29.8, 31.00, 31.00, 48312]
[4107, 118.0, 113.5, 115.00, 117.00, 1577]
[4108, 20.75, 19.2, 19.30, 19.90, 2439]
[4109, 14.95, 14.3, 14.30, 14.80, 1257]
[4111, 28.4, 25.7, 25.90, 26.60, 8064]
[4113, 12.25, 11.75, 11.95, 11.85, 1869]
[4114, 52.8, 47.6, 48.60, 50.20, 270628]
[4116, 75.4, 62.5, 64.00, 66.10, 21606]
[4119, 102.0, 94.9, 94.90, 95.50, 5169]
[4120, 40.25, 35.75, 36.05, 36.65, 1939]
[4121, 25.0, 21.9, 22.60, 22.60, 24484]
[4123, 49.15, 46.3, 47.00, 47.60, 9304]
[4126, 81.6, 73.2, 73.40, 74.40, 6676]
[4127, 15.7, 14.5, 14.75, 14.90, 3461]
[4128, 67.0, 62.5, 65.00, 62.50, 23201]
[4129, 50.3, 40.1, 40.95, 49.55, 25062]
[4130, 38.2, 26.65, 27.15, 38.05, 95520]
[4131, 20.8, 18.7, 20.15, 19.70, 21]
[4133, 45.9, 38.2, 39.70, 38.75, 16485]
[4137, 204.5, 191.0, 202.00, 191.00, 3134]
[4138, 63.5, 60.1, 62.20, 61.20, 590]
[4139, 46.6, 43.65, 44.00, 44.80, 626]
[4142, 37.55, 35.4, 36.00, 35.60, 7332]
[4147, 73.8, 68.8, 71.00, 69.30, 15898]
[4148, 61.7, 57.0, 60.70, 57.00, 1344]
[4153, 37.8, 31.7, 32.05, 32.55, 5119]
[4154, 42.4, 39.5, 40.15, 39.50, 38]
[4155, 28.35, 25.8, 26.10, 27.20, 21138]
[4157, 18.25, 15.6, 15.60, 17.05, 72530]
[4160, 28.75, 27.05, 28.50, 27.40, 416]
[4161, 32.9, 28.4, 28.85, 31.45, 10610]
[4162, 132.0, 116.0, 125.00, 117.50, 50500]
[4163, 108.5, 101.5, 106.50, 104.50, 3013]
[4164, 46.8, 44.75, 46.10, 44.75, 3163]
[4167, 26.45, 18.75, 18.75, 26.45, 166445]
[4168, 37.5, 32.35, 32.70, 33.85, 48810]
[4171, 60.0, 54.1, 55.30, 55.60, 3750]
[4173, 21.45, 17.75, 17.75, 18.85, 17704]
[4174, 75.8, 73.6, 74.50, 73.80, 1332]
[4175, 85.6, 73.9, 74.00, 79.40, 3784]
[4183, 20.55, 18.35, 18.35, 18.80, 392]
[4188, 16.55, 15.65, 15.75, 16.00, 471]
[4190, 82.3, 78.3, 82.30, 80.40, 2016]
[4192, 28.0, 25.5, 26.80, 26.25, 269]
[4198, 28.45, 26.2, 26.25, 26.80, 94]
[4205, 103.5, 100.0, 100.50, 101.50, 49]
[4207, 13.5, 12.95, 13.20, 13.05, 825]
[4303, 16.35, 15.85, 16.35, 15.95, 286]
[4304, 10.55, 8.76, 8.76, 9.80, 1645]
[4305, 30.3, 29.95, 30.00, 30.30, 7]
[4306, 14.9, 14.55, 14.90, 14.55, 2853]
[4401, 26.95, 26.45, 26.50, 26.90, 133]
[4402, 10.8, 9.97, 10.80, 9.97, 1478]
[4406, 10.65, 10.3, 10.55, 10.35, 141]
[4413, 18.15, 15.85, 18.15, 16.30, 307]
[4416, 78.6, 77.8, 77.90, 78.60, 7]
[4417, 40.6, 37.75, 38.00, 38.50, 2497]
[4419, 10.45, 9.41, 10.45, 9.41, 8]
[4420, 30.25, 29.5, 30.15, 29.90, 27]
[4426, 27.7, 25.0, 25.40, 25.80, 5319]
[4430, 22.45, 21.65, 21.65, 22.15, 47]
[4432, 29.6, 27.0, 27.80, 28.10, 4560]
[4433, 31.6, 29.8, 31.60, 30.90, 230]
[4438, 122.0, 119.0, 121.00, 119.50, 675]
[4439, 102.5, 100.0, 101.00, 100.50, 129]
[4440, 33.9, 32.9, 33.40, 32.90, 212]
[4502, 37.25, 36.5, 36.90, 37.00, 29]
[4503, 37.4, 34.45, 35.10, 35.70, 993]
[4506, 70.9, 68.8, 68.90, 69.80, 331]
[4510, 10.55, 10.35, 10.50, 10.40, 421]
[4513, 22.35, 21.65, 22.00, 21.80, 900]
[4523, 42.0, 35.95, 37.00, 40.00, 2091]
[4526, 14.8, 14.4, 14.60, 14.65, 368]
[4527, 29.6, 28.15, 28.90, 28.90, 650]
[4528, 32.55, 31.4, 32.15, 32.05, 77]
[4529, 9.4, 9.04, 9.19, 9.15, 218]
[4530, 6.57, 6.23, 6.38, 6.46, 83]
[4532, 16.75, 16.35, 16.50, 16.45, 1810]
[4533, 10.75, 10.65, 10.65, 10.65, 421]
[4534, 9.23, 8.88, 8.96, 9.20, 294]
[4535, 38.65, 38.05, 38.35, 38.05, 13]
[4536, 207.5, 192.5, 205.00, 193.50, 6767]
[4538, 19.8, 19.0, 19.55, 19.00, 17]
[4540, 38.5, 36.5, 36.50, 37.40, 565]
[4541, 32.3, 30.05, 30.90, 30.30, 3936]
[4542, 26.1, 25.5, 26.00, 25.50, 15]
[4543, 25.75, 24.85, 25.15, 24.85, 968]
[4545, 30.15, 27.9, 28.20, 29.95, 309]
[4549, 85.7, 84.3, 85.00, 84.70, 105]
[4550, 24.15, 23.4, 24.15, 23.60, 144]
[4551, 156.5, 151.0, 153.00, 151.50, 1280]
[4552, 30.0, 29.15, 29.25, 29.80, 304]
[4554, 25.45, 24.4, 25.30, 24.50, 111]
[4555, 50.4, 49.65, 50.40, 49.65, 33]
[4556, 30.4, 29.85, 30.00, 30.15, 18]
[4557, 103.0, 100.0, 102.00, 100.50, 354]
[4558, 24.45, 23.3, 23.95, 24.00, 77]
[4560, 38.75, 38.2, 38.50, 38.45, 135]
[4561, 21.65, 21.5, 21.65, 21.60, 45]
[4562, 15.6, 15.15, 15.30, 15.35, 399]
[4563, 35.8, 34.5, 34.75, 35.20, 303]
[4564, 24.5, 22.9, 24.40, 23.75, 1383]
[4566, 58.0, 54.4, 54.80, 54.60, 6057]
[4568, 59.9, 58.0, 58.70, 59.00, 20]
[4571, 76.1, 74.8, 75.10, 75.00, 51]
[4572, 125.0, 116.5, 120.00, 116.50, 2008]
[4576, 74.5, 70.2, 73.60, 70.50, 317]
[4577, 32.35, 31.0, 31.40, 32.00, 236]
[4580, 81.6, 80.7, 81.60, 81.20, 206]
[4581, 36.45, 34.7, 35.50, 35.10, 154]
[4583, 190.5, 185.0, 185.00, 188.00, 49]
[4584, 45.5, 43.6, 44.50, 45.40, 161]
[4609, 8.35, 7.94, 8.00, 8.05, 24]
[4702, 13.4, 12.6, 12.65, 12.60, 1352]
[4706, 17.2, 16.55, 17.15, 16.65, 260]
[4707, 12.05, 11.85, 11.90, 11.95, 1648]
[4711, 15.1, 14.55, 14.95, 15.00, 404]
[4712, 4.97, 4.6, 4.70, 4.75, 69]
[4714, 11.2, 10.85, 10.90, 10.95, 568]
[4716, 12.7, 12.25, 12.65, 12.55, 457]
[4720, 14.6, 14.25, 14.50, 14.30, 617]
[4721, 105.5, 101.0, 104.50, 101.50, 2482]
[4722, 34.4, 33.9, 34.10, 33.90, 214]
[4726, 41.1, 38.15, 39.30, 38.75, 9570]
[4728, 163.5, 133.5, 160.50, 139.00, 876]
[4729, 16.2, 14.5, 14.70, 15.80, 765]
[4735, 38.8, 35.1, 35.45, 37.05, 582]
[4736, 183.0, 170.5, 174.50, 180.00, 3328]
[4737, 79.0, 77.0, 77.30, 77.30, 102]
[4739, 102.5, 99.5, 100.00, 100.50, 3860]
[4741, 26.3, 25.3, 25.70, 25.80, 16]
[4743, 265.5, 242.5, 256.00, 243.00, 43619]
[4744, 29.1, 27.0, 28.30, 27.35, 1186]
[4745, 27.15, 24.3, 24.30, 25.55, 564]
[4746, 74.3, 59.4, 66.00, 74.30, 48344]
[4747, 45.95, 33.0, 33.00, 44.95, 10296]
[4754, 35.5, 34.65, 35.50, 35.35, 11]
[4755, 137.0, 127.0, 136.50, 129.00, 4441]
[4760, 49.8, 48.4, 49.00, 48.90, 98]
[4763, 193.0, 171.0, 186.50, 176.50, 11277]
[4764, 54.5, 50.8, 52.00, 50.80, 40]
[4766, 136.5, 134.0, 135.00, 134.50, 283]
[4767, 26.9, 26.1, 26.50, 26.90, 22]
[4768, 184.0, 165.0, 183.50, 166.00, 3743]
[4770, 333.5, 302.0, 333.00, 305.00, 5277]
[4804, 13.2, 11.25, 11.45, 12.00, 6126]
[4806, 6.51, 5.86, 6.35, 6.30, 19]
[4807, 22.45, 20.9, 22.45, 20.90, 97]
[4903, 10.05, 9.41, 9.93, 9.82, 568]
[4904, 67.7, 66.3, 67.20, 66.40, 26264]
[4905, 51.0, 50.5, 50.90, 50.70, 9]
[4906, 28.65, 27.55, 28.60, 27.55, 7109]
[4907, 28.75, 26.3, 26.50, 27.95, 506]
[4908, 33.25, 31.2, 31.70, 31.90, 1546]
[4909, 16.65, 16.2, 16.55, 16.25, 528]
[4911, 52.0, 49.25, 50.50, 49.95, 257]
[4912, 86.2, 78.3, 81.00, 83.20, 283]
[4915, 59.0, 56.4, 57.40, 57.40, 22616]
[4916, 29.4, 27.15, 29.00, 27.35, 11639]
[4919, 125.5, 119.0, 121.00, 121.00, 25721]
[4923, 52.2, 50.2, 50.20, 50.80, 208]
[4924, 16.3, 14.8, 15.30, 15.75, 2237]
[4927, 60.1, 57.1, 58.70, 57.50, 5474]
[4930, 27.75, 26.9, 27.75, 27.05, 312]
[4931, 54.3, 49.9, 50.50, 53.10, 31268]
[4933, 32.1, 31.65, 32.10, 31.95, 66]
[4934, 30.4, 28.0, 29.30, 28.00, 8715]
[4935, 59.4, 57.5, 58.30, 58.00, 596]
[4938, 64.0, 62.0, 62.20, 64.00, 42586]
[4939, 16.15, 15.65, 15.85, 15.65, 343]
[4942, 36.5, 35.55, 35.90, 36.00, 485]
[4943, 7.14, 6.83, 6.88, 7.10, 352]
[4944, 12.5, 12.2, 12.50, 12.50, 18]
[4945, 49.8, 47.55, 49.00, 48.20, 99]
[4946, 56.3, 51.5, 51.80, 52.70, 788]
[4950, 23.45, 20.45, 20.85, 23.45, 3996]
[4951, 56.3, 50.8, 56.30, 50.80, 491]
[4952, 48.55, 47.1, 47.40, 47.25, 1004]
[4953, 89.8, 83.8, 87.90, 84.10, 1824]
[4956, 15.1, 14.4, 14.60, 14.65, 671]
[4958, 117.0, 112.0, 115.50, 114.50, 30118]
[4960, 10.1, 9.95, 10.00, 9.97, 5184]
[4961, 125.0, 115.5, 117.00, 121.50, 13490]
[4966, 889.0, 791.0, 820.00, 863.00, 6088]
[4967, 31.95, 29.5, 29.90, 30.80, 1077]
[4968, 123.5, 114.0, 119.50, 116.00, 8167]
[4971, 56.5, 54.3, 56.00, 55.20, 349]
[4972, 29.9, 29.35, 29.55, 29.65, 108]
[4973, 24.3, 21.75, 21.75, 23.40, 7329]
[4974, 57.8, 56.7, 57.10, 57.50, 1168]
[4976, 39.5, 38.0, 38.60, 38.30, 1087]
[4977, 113.0, 103.0, 107.50, 106.00, 16887]
[4979, 54.9, 50.0, 51.20, 51.00, 20304]
[4987, 58.3, 57.4, 57.80, 58.10, 45]
[4989, 26.95, 25.75, 26.35, 26.35, 930]
[4991, 40.45, 39.1, 39.90, 39.20, 66]
[4994, 42.5, 40.05, 41.35, 40.45, 388]
[4995, 38.2, 37.4, 37.55, 37.40, 62]
[4999, 37.9, 36.6, 36.70, 37.45, 206]
[5007, 51.7, 50.6, 51.00, 50.60, 148]
[5009, 37.6, 33.15, 34.00, 36.40, 156972]
[5011, 26.1, 23.05, 23.05, 25.45, 5435]
[5013, 36.35, 35.7, 36.15, 35.90, 46]
[5014, 17.95, 15.55, 16.00, 17.10, 27247]
[5015, 60.4, 57.4, 59.50, 59.80, 2575]
[5016, 29.9, 29.0, 29.60, 29.50, 46]
[5201, 28.3, 27.1, 27.15, 28.30, 115]
[5202, 15.5, 14.8, 15.00, 14.95, 61]
[5203, 87.8, 84.3, 85.00, 84.30, 809]
[5205, 47.45, 43.65, 45.30, 46.80, 64]
[5206, 16.9, 14.15, 14.15, 16.55, 2560]
[5209, 77.7, 75.4, 76.00, 76.30, 63]
[5210, 15.45, 14.75, 15.30, 15.15, 724]
[5211, 20.2, 19.0, 19.00, 19.75, 466]
[5212, 38.4, 36.1, 36.35, 37.75, 109]
[5213, 22.8, 22.0, 22.80, 22.10, 217]
[5215, 48.5, 46.5, 47.75, 46.50, 718]
[5220, 29.2, 28.4, 28.90, 28.60, 95]
[5222, 149.0, 136.5, 143.00, 136.50, 2438]
[5223, 40.5, 39.55, 40.05, 40.00, 67]
[5225, 40.8, 36.15, 37.20, 37.20, 12624]
[5227, 71.7, 67.8, 68.50, 68.10, 2051]
[5228, 22.95, 21.3, 22.95, 21.45, 316]
[5230, 23.8, 23.05, 23.70, 23.35, 340]
[5234, 76.9, 68.0, 69.00, 71.00, 1637]
[5236, 71.8, 68.4, 69.30, 69.30, 469]
[5243, 61.6, 59.7, 60.90, 59.70, 3695]
[5244, 27.6, 26.15, 27.15, 27.00, 1091]
[5245, 59.8, 54.5, 58.70, 55.00, 765]
[5251, 28.65, 26.6, 27.60, 27.00, 3973]
[5258, 71.7, 66.8, 70.50, 66.80, 32057]
[5263, 122.0, 112.5, 115.00, 122.00, 1170]
[5269, 729.0, 687.0, 712.00, 717.00, 3430]
[5272, 28.5, 26.5, 27.10, 27.10, 996]
[5274, 2060.0, 1920.0, 1,985.00, 2,010.00, 2062]
[5276, 14.5, 14.05, 14.35, 14.50, 19]
[5278, 189.0, 173.5, 173.50, 180.50, 191]
[5281, 17.25, 16.6, 16.80, 16.80, 35]
[5283, 104.5, 102.5, 104.00, 103.00, 223]
[5284, 71.2, 62.3, 66.80, 68.10, 13671]
[5285, 65.1, 63.0, 64.30, 63.10, 565]
[5287, 189.0, 185.0, 185.00, 187.50, 176]
[5288, 173.0, 160.5, 172.50, 160.50, 980]
[5289, 190.0, 185.5, 186.50, 186.00, 526]
[5291, 34.2, 33.2, 34.10, 33.30, 468]
[5299, 119.0, 113.0, 114.00, 116.00, 792]
[5301, 12.0, 11.6, 11.70, 11.80, 208]
[5302, 8.95, 8.5, 8.95, 8.57, 265]
[5306, 157.0, 143.5, 156.50, 144.00, 1628]
[5309, 42.15, 40.5, 41.10, 40.95, 11410]
[5310, 28.65, 27.5, 28.00, 27.90, 54]
[5312, 58.0, 57.4, 57.90, 57.40, 117]
[5314, 18.7, 14.75, 18.70, 14.75, 124]
[5315, 18.7, 18.3, 18.50, 18.60, 1442]
[5321, 69.5, 64.2, 67.60, 64.40, 958]
[5324, 8.53, 8.39, 8.53, 8.46, 111]
[5328, 10.5, 10.1, 10.35, 10.30, 675]
[5340, 25.9, 24.6, 24.80, 25.85, 268]
[5344, 20.75, 18.6, 19.85, 19.05, 777]
[5345, 6.37, 5.75, 5.75, 6.02, 119]
[5347, 87.0, 78.0, 81.00, 82.30, 33367]
[5348, 9.43, 8.6, 9.43, 8.70, 43]
[5351, 42.55, 39.75, 41.40, 40.10, 20444]
[5353, 31.45, 29.25, 31.45, 29.30, 4158]
[5355, 6.37, 6.05, 6.26, 6.30, 457]
[5356, 21.45, 20.2, 20.40, 20.50, 336]
[5364, 24.05, 23.1, 24.00, 23.60, 100]
[5371, 56.1, 54.3, 55.20, 54.80, 5465]
[5381, 6.02, 5.97, 5.97, 6.00, 64]
[5383, 27.95, 26.8, 27.10, 26.80, 86]
[5386, 42.0, 34.3, 34.80, 37.20, 14818]
[5388, 84.7, 79.3, 81.00, 81.20, 19017]
[5392, 21.3, 20.15, 20.90, 20.70, 664]
[5398, 17.2, 16.9, 17.15, 17.10, 77]
[5403, 68.2, 67.3, 67.80, 67.60, 228]
[5410, 34.2, 31.6, 33.65, 33.10, 8063]
[5425, 81.5, 78.7, 79.20, 79.00, 30221]
[5426, 15.25, 13.95, 14.00, 14.40, 6151]
[5432, 30.05, 28.2, 29.80, 28.75, 79]
[5434, 169.5, 163.0, 166.00, 163.00, 1604]
[5438, 17.2, 16.4, 17.10, 16.85, 64]
[5439, 48.8, 46.7, 46.70, 47.75, 658]
[5443, 31.5, 28.8, 30.65, 28.90, 16982]
[5450, 18.0, 17.2, 18.00, 17.50, 505]
[5452, 15.2, 14.5, 15.00, 14.65, 542]
[5455, 36.6, 30.25, 33.35, 30.25, 14]
[5457, 54.0, 50.8, 53.80, 51.20, 3829]
[5460, 11.0, 10.75, 10.80, 10.85, 180]
[5464, 27.5, 25.05, 25.20, 26.25, 1811]
[5465, 20.85, 18.65, 18.65, 19.95, 3010]
[5468, 18.75, 17.7, 18.70, 18.30, 234]
[5469, 33.5, 32.8, 33.15, 32.80, 3994]
[5471, 51.2, 48.65, 49.40, 48.80, 1802]
[5474, 76.0, 73.0, 73.80, 74.20, 111]
[5475, 11.85, 11.2, 11.45, 11.25, 1796]
[5478, 79.7, 76.0, 77.00, 78.50, 1020]
[5481, 12.6, 12.2, 12.55, 12.35, 174]
[5483, 160.0, 151.0, 153.50, 153.50, 14037]
[5484, 14.1, 13.55, 13.70, 13.60, 170]
[5487, 25.7, 24.3, 24.30, 25.70, 7]
[5488, 10.45, 9.8, 10.00, 9.83, 2538]
[5489, 38.35, 37.2, 37.25, 37.50, 270]
[5490, 22.25, 21.75, 22.10, 21.90, 79]
[5493, 50.0, 49.2, 49.50, 49.30, 78]
[5498, 10.2, 9.83, 9.95, 9.97, 814]
[5508, 58.5, 58.1, 58.50, 58.50, 121]
[5511, 31.05, 30.15, 30.70, 30.25, 169]
[5512, 8.83, 8.47, 8.50, 8.72, 1752]
[5514, 18.4, 17.85, 18.25, 18.15, 116]
[5515, 11.6, 11.2, 11.50, 11.40, 411]
[5516, 17.75, 17.1, 17.15, 17.70, 348]
[5519, 22.95, 22.65, 22.70, 22.75, 786]
[5520, 55.2, 55.1, 55.10, 55.20, 7]
[5521, 6.76, 6.59, 6.64, 6.75, 2323]
[5522, 55.4, 51.5, 53.00, 55.40, 9813]
[5523, 24.5, 23.5, 24.00, 24.45, 211]
[5525, 23.8, 23.5, 23.50, 23.65, 150]
[5529, 13.25, 12.6, 12.75, 13.00, 258]
[5530, 41.1, 36.9, 37.20, 40.15, 3452]
[5531, 9.7, 9.24, 9.70, 9.29, 923]
[5533, 17.7, 17.45, 17.55, 17.50, 402]
[5534, 71.8, 71.2, 71.80, 71.50, 760]
[5536, 109.5, 104.0, 108.00, 105.00, 2146]
[5538, 42.7, 41.65, 41.95, 41.90, 138]
[5543, 55.0, 50.3, 52.00, 54.00, 48]
[5546, 48.0, 46.7, 48.00, 47.00, 75]
[5601, 36.0, 35.0, 35.00, 35.10, 18]
[5603, 23.3, 22.25, 22.85, 22.70, 1543]
[5604, 52.8, 51.3, 51.30, 52.20, 30]
[5607, 52.1, 50.7, 52.00, 51.30, 2828]
[5608, 27.0, 24.25, 25.75, 26.25, 71978]
[5609, 73.8, 70.0, 71.70, 72.00, 1394]
[5701, 3.01, 2.96, 3.00, 2.98, 594]
[5703, 20.7, 18.5, 20.40, 19.65, 629]
[5704, 57.0, 50.6, 52.80, 52.00, 6929]
[5706, 67.6, 57.3, 58.30, 60.10, 39864]
[5864, 10.65, 10.25, 10.25, 10.50, 397]
[5871, 219.5, 208.5, 213.00, 214.50, 29036]
[5876, 48.3, 47.1, 47.75, 47.40, 23639]
[5878, 47.95, 47.25, 47.25, 47.80, 10]
[5880, 26.5, 26.0, 26.20, 26.15, 66822]
[5902, 35.05, 33.2, 34.90, 34.50, 384]
[5903, 217.5, 188.5, 196.00, 205.00, 991]
[5904, 487.5, 454.0, 457.00, 457.00, 2386]
[5905, 12.2, 11.8, 12.00, 11.90, 2674]
[5906, 30.4, 29.8, 30.00, 30.15, 13]
[5907, 18.4, 16.3, 17.25, 17.80, 7049]
[6005, 11.55, 11.25, 11.55, 11.50, 12002]
[6015, 10.05, 9.75, 10.00, 9.96, 4848]
[6016, 10.15, 9.9, 10.10, 9.98, 1678]
[6020, 18.9, 18.3, 18.45, 18.60, 52]
[6021, 19.3, 18.5, 18.60, 19.30, 28]
[6023, 49.3, 48.5, 48.65, 49.05, 148]
[6024, 37.5, 36.75, 37.00, 37.35, 492]
[6026, 10.35, 10.05, 10.35, 10.15, 3015]
[6101, 27.4, 24.7, 24.70, 26.55, 499]
[6103, 7.18, 6.54, 6.54, 6.55, 3]
[6104, 104.5, 95.6, 104.50, 95.70, 19715]
[6108, 16.85, 16.5, 16.60, 16.50, 286]
[6109, 17.8, 16.05, 16.40, 16.85, 14515]
[6111, 60.9, 48.9, 49.85, 60.60, 29987]
[6112, 33.0, 32.1, 32.50, 32.40, 468]
[6113, 18.4, 17.5, 18.20, 17.85, 1886]
[6114, 25.5, 24.0, 25.00, 24.65, 534]
[6115, 42.7, 42.0, 42.25, 42.60, 359]
[6116, 11.3, 10.85, 11.25, 10.85, 32715]
[6117, 15.0, 13.9, 15.00, 14.00, 1560]
[6118, 38.3, 35.6, 36.70, 36.35, 31725]
[6120, 9.15, 8.8, 8.92, 8.90, 2476]
[6121, 302.0, 290.0, 299.50, 290.00, 2898]
[6122, 17.8, 15.9, 16.20, 16.80, 6855]
[6123, 55.9, 55.0, 55.30, 55.80, 250]
[6124, 30.9, 27.45, 29.00, 27.65, 1786]
[6125, 27.15, 26.1, 26.60, 26.30, 10089]
[6126, 21.3, 20.5, 20.60, 20.65, 485]
[6127, 18.4, 16.85, 17.80, 16.85, 2470]
[6128, 29.85, 29.35, 29.40, 29.55, 535]
[6129, 32.45, 31.05, 32.15, 31.35, 12088]
[6130, 31.45, 28.35, 30.50, 30.50, 132]
[6133, 25.25, 23.7, 24.30, 24.00, 12675]
[6134, 23.75, 21.9, 23.40, 23.00, 1063]
[6136, 18.7, 18.15, 18.30, 18.40, 753]
[6138, 138.0, 128.0, 130.00, 130.50, 5607]
[6139, 38.6, 37.2, 37.75, 37.70, 8124]
[6140, 17.9, 17.0, 17.05, 17.25, 995]
[6141, 21.8, 19.1, 19.10, 20.00, 4796]
[6142, 10.4, 9.55, 9.59, 9.99, 7389]
[6143, 75.2, 68.5, 70.00, 72.00, 10718]
[6144, 15.15, 14.5, 14.80, 14.90, 12]
[6146, 239.5, 216.0, 222.00, 229.00, 2673]
[6147, 59.9, 58.4, 59.50, 59.40, 6237]
[6148, 12.8, 12.5, 12.70, 12.60, 146]
[6150, 81.6, 65.3, 66.60, 78.90, 51172]
[6151, 25.8, 25.2, 25.60, 25.75, 140]
[6152, 10.55, 10.0, 10.40, 10.10, 2301]
[6153, 25.45, 24.55, 25.05, 24.75, 17351]
[6154, 16.1, 15.3, 15.30, 15.80, 67]
[6155, 25.8, 24.05, 25.35, 24.15, 3020]
[6156, 20.8, 19.95, 20.10, 20.10, 1674]
[6158, 26.7, 25.75, 25.80, 25.90, 83]
[6160, 19.35, 17.65, 18.10, 18.30, 3495]
[6161, 25.5, 24.95, 25.25, 25.05, 308]
[6163, 16.05, 14.9, 15.65, 14.95, 3134]
[6164, 10.65, 10.05, 10.20, 10.25, 1327]
[6165, 29.0, 27.5, 28.00, 27.85, 563]
[6166, 56.1, 52.6, 53.00, 53.40, 793]
[6167, 12.5, 12.0, 12.40, 12.10, 1662]
[6168, 18.5, 17.8, 18.20, 18.10, 1237]
[6169, 20.6, 19.4, 19.50, 19.65, 242]
[6170, 36.5, 34.2, 35.25, 36.05, 1046]
[6171, 24.4, 24.15, 24.20, 24.20, 44]
[6173, 36.85, 35.0, 36.00, 35.25, 1480]
[6174, 27.3, 26.35, 26.60, 26.75, 402]
[6175, 33.55, 31.8, 32.10, 33.10, 1067]
[6176, 107.0, 102.5, 105.50, 107.00, 12523]
[6177, 29.65, 28.5, 28.70, 29.45, 2679]
[6179, 23.8, 21.9, 23.80, 23.15, 1444]
[6180, 68.5, 65.6, 66.50, 67.00, 4860]
[6182, 45.0, 43.55, 44.20, 43.65, 11006]
[6183, 60.4, 58.9, 59.10, 59.60, 167]
[6184, 48.2, 47.8, 47.80, 47.95, 132]
[6185, 12.75, 12.35, 12.55, 12.40, 386]
[6186, 34.1, 32.6, 33.85, 33.00, 3667]
[6187, 71.3, 68.7, 70.10, 69.20, 3481]
[6188, 42.35, 40.7, 40.90, 41.55, 4357]
[6189, 38.2, 37.55, 37.95, 37.85, 684]
[6190, 31.7, 30.35, 31.70, 30.40, 5318]
[6191, 29.1, 28.5, 29.10, 28.55, 2846]
[6192, 71.1, 69.2, 69.50, 70.10, 594]
[6194, 24.0, 23.5, 23.75, 23.70, 461]
[6195, 43.35, 42.4, 42.40, 43.10, 176]
[6196, 125.5, 119.5, 123.50, 120.00, 3866]
[6197, 41.25, 39.5, 40.65, 39.75, 1167]
[6198, 19.75, 19.5, 19.70, 19.70, 35]
[6199, 18.6, 17.0, 18.00, 18.40, 123]
[6201, 39.9, 38.1, 39.45, 39.20, 91]
[6202, 70.3, 67.6, 70.00, 68.50, 7876]
[6203, 53.8, 51.9, 52.40, 52.80, 236]
[6204, 58.9, 56.5, 58.50, 58.30, 45]
[6205, 76.0, 71.8, 75.60, 73.90, 3564]
[6206, 66.8, 64.4, 65.30, 65.80, 1597]
[6207, 27.3, 26.45, 27.30, 26.60, 211]
[6208, 50.0, 49.3, 49.80, 49.90, 228]
[6209, 27.6, 25.9, 26.50, 25.90, 1692]
[6210, 36.05, 34.7, 34.70, 35.40, 23]
[6212, 54.0, 54.0, 54.00, 54.00, 2]
[6213, 77.3, 73.5, 75.60, 73.50, 9603]
[6214, 71.1, 68.7, 69.70, 68.70, 4660]
[6215, 20.9, 20.4, 20.80, 20.50, 437]
[6216, 26.05, 25.45, 26.05, 25.65, 1266]
[6217, 45.95, 44.1, 45.30, 44.10, 5364]
[6218, 18.35, 18.0, 18.20, 18.20, 98]
[6219, 11.1, 10.9, 11.10, 10.95, 603]
[6220, 26.1, 25.2, 25.50, 25.50, 2784]
[6221, 52.4, 50.9, 51.10, 51.90, 31]
[6222, 16.2, 14.8, 15.10, 15.80, 50]
[6223, 120.0, 115.0, 115.00, 117.00, 12885]
[6224, 66.0, 55.0, 55.60, 63.70, 3623]
[6225, 11.2, 9.56, 10.15, 10.70, 91]
[6226, 11.35, 11.0, 11.15, 11.00, 1730]
[6227, 40.55, 39.4, 40.25, 39.60, 641]
[6228, 13.2, 12.2, 12.85, 12.90, 126]
[6229, 26.1, 25.25, 25.75, 25.90, 158]
[6230, 132.5, 118.5, 118.50, 128.00, 301]
[6231, 95.2, 89.3, 92.20, 90.70, 3688]
[6233, 23.05, 21.8, 22.20, 22.00, 4820]
[6234, 25.35, 22.65, 22.80, 23.35, 27527]
[6235, 39.1, 36.75, 37.05, 37.70, 21251]
[6236, NaN, NaN, NaN, NaN, 0]
[6237, 50.9, 45.95, 50.90, 46.20, 4069]
[6239, 84.4, 81.8, 82.60, 82.10, 21327]
[6240, 18.65, 17.8, 17.90, 18.30, 181]
[6241, 17.0, 16.45, 16.50, 16.60, 361]
[6242, 56.7, 48.9, 49.10, 51.90, 1114]
[6243, 30.2, 28.4, 29.50, 28.50, 1833]
[6244, 31.9, 28.95, 31.90, 28.95, 98457]
[6245, 105.5, 97.0, 105.00, 100.50, 27706]
[6246, 15.3, 14.4, 14.95, 14.90, 194]
[6247, 15.4, 15.35, 15.35, 15.35, 107]
[6248, 23.35, 21.4, 22.05, 22.80, 2907]
[6257, 50.6, 49.05, 49.65, 49.60, 7980]
[6259, 23.7, 22.2, 22.80, 23.00, 97]
[6261, 60.2, 58.2, 58.70, 59.30, 651]
[6263, 96.0, 86.1, 89.80, 86.40, 1565]
[6264, 8.58, 8.1, 8.13, 8.25, 393]
[6265, 10.45, 10.0, 10.15, 10.10, 1223]
[6266, 26.9, 25.2, 25.35, 25.95, 8706]
[6269, 103.5, 99.5, 101.00, 101.00, 7025]
[6270, 22.4, 22.0, 22.10, 22.00, 258]
[6271, 233.0, 208.0, 233.00, 222.00, 12102]
[6274, 55.9, 54.0, 54.40, 55.30, 5984]
[6275, 27.2, 26.3, 26.30, 27.10, 513]
[6276, 17.8, 14.0, 14.10, 17.00, 2563]
[6277, 77.6, 76.7, 77.20, 76.80, 289]
[6278, 98.4, 94.8, 95.20, 96.00, 5371]
[6279, 166.5, 156.0, 156.50, 157.50, 21181]
[6281, 82.3, 81.2, 81.20, 81.50, 92]
[6282, 31.35, 29.75, 30.05, 30.10, 19111]
[6283, 34.9, 33.65, 34.25, 33.85, 1085]
[6284, 56.3, 50.0, 50.00, 54.10, 8104]
[6285, 87.7, 84.5, 86.70, 84.80, 16772]
[6287, 25.8, 23.2, 23.20, 25.30, 27]
[6288, 25.45, 24.15, 24.80, 24.70, 6308]
[6290, 56.4, 54.7, 55.60, 55.30, 4456]
[6291, 102.0, 100.0, 101.50, 100.00, 15]
[6292, 39.1, 38.1, 38.50, 38.90, 177]
[6294, 104.5, 103.0, 103.50, 103.50, 66]
[6404, 20.8, 17.8, 17.90, 17.80, 14]
[6405, 21.5, 20.75, 21.20, 21.50, 196]
[6409, 1775.0, 1625.0, 1,695.00, 1,655.00, 811]
[6411, 95.4, 91.0, 93.50, 91.50, 1667]
[6412, 76.3, 72.7, 73.70, 73.70, 1536]
[6414, 216.5, 206.0, 211.00, 207.50, 4053]
[6415, 534.0, 474.5, 477.00, 503.00, 14644]
[6416, 96.0, 91.2, 95.00, 91.30, 890]
[6417, 87.5, 84.0, 87.30, 85.40, 74]
[6418, 16.5, 16.0, 16.50, 16.15, 92]
[6419, 35.95, 34.6, 34.85, 34.75, 78]
[6425, 20.2, 19.2, 19.35, 19.50, 92]
[6426, 71.1, 65.3, 70.00, 65.30, 1124]
[6431, 23.3, 20.9, 23.00, 21.80, 1577]
[6432, 34.35, 31.4, 32.70, 31.60, 353]
[6435, 105.0, 101.5, 103.00, 103.00, 522]
[6438, 90.4, 87.5, 88.50, 89.50, 755]
[6441, 58.0, 46.85, 46.85, 53.40, 9428]
[6442, 52.4, 49.6, 50.40, 50.10, 2645]
[6443, 37.8, 34.25, 37.25, 34.25, 121814]
[6446, 540.0, 518.0, 536.00, 525.00, 4069]
[6449, 45.0, 41.5, 41.60, 43.70, 238]
[6451, 95.3, 87.3, 88.50, 92.10, 7858]
[6456, 96.5, 89.1, 89.70, 94.90, 12373]
[6457, 60.9, 57.8, 58.90, 59.10, 541]
[6461, 37.6, 33.0, 33.25, 36.60, 17875]
[6462, 65.8, 63.0, 63.60, 64.00, 471]
[6464, 102.0, 98.3, 99.90, 99.90, 417]
[6465, 19.85, 16.9, 17.15, 17.60, 883]
[6469, 295.0, 283.5, 292.50, 284.50, 1335]
[6470, 59.8, 57.6, 59.80, 57.80, 2587]
[6472, 416.5, 379.5, 392.50, 383.50, 16294]
[6477, 51.2, 47.7, 50.40, 47.70, 19145]
[6482, 44.45, 43.05, 44.40, 44.45, 11]
[6485, 73.8, 71.0, 72.10, 71.20, 1267]
[6486, 59.9, 59.0, 59.50, 59.20, 111]
[6488, 472.5, 449.5, 458.50, 455.50, 7446]
[6491, 421.0, 400.0, 414.00, 417.50, 3639]
[6492, 65.4, 61.2, 63.00, 62.10, 2336]
[6494, 75.4, 72.5, 74.40, 73.30, 580]
[6496, 28.6, 28.1, 28.20, 28.10, 117]
[6499, 61.5, 55.7, 56.50, 60.80, 1325]
[6504, 73.0, 71.1, 72.50, 71.40, 184]
[6505, 83.4, 80.8, 81.60, 81.00, 10641]
[6506, 19.95, 19.2, 19.50, 19.65, 144]
[6508, 37.5, 36.7, 37.20, 36.70, 1499]
[6509, 42.0, 40.1, 41.60, 40.15, 3917]
[6510, 543.0, 506.0, 516.00, 520.00, 1703]
[6512, 25.8, 24.3, 25.50, 24.90, 77]
[6514, 54.6, 51.6, 53.80, 52.00, 190]
[6515, 482.0, 428.0, 475.00, 431.00, 3271]
[6516, 78.8, 76.5, 76.80, 78.00, 52]
[6517, 69.4, 50.6, 50.60, 68.40, 10294]
[6523, 117.0, 102.0, 117.00, 102.50, 3789]
[6525, 72.2, 70.5, 71.10, 70.80, 267]
[6527, 57.0, 53.6, 57.00, 54.20, 662]
[6530, 23.25, 22.65, 22.85, 23.00, 286]
[6531, 190.5, 178.0, 185.00, 181.00, 13544]
[6532, 54.6, 52.0, 52.90, 53.30, 1918]
[6533, 560.0, 505.0, 533.00, 530.00, 29306]
[6535, 39.25, 38.0, 38.00, 38.15, 1084]
[6538, 77.3, 71.1, 77.30, 71.30, 618]
[6541, 42.85, 36.05, 40.75, 37.40, 5832]
[6542, 48.8, 45.7, 48.80, 45.95, 13]
[6546, 78.9, 74.3, 78.90, 74.60, 2178]
[6547, 82.8, 76.1, 81.60, 76.30, 11782]
[6548, 32.05, 30.95, 31.50, 31.05, 2229]
[6550, 103.5, 96.4, 102.00, 98.00, 25997]
[6552, 32.7, 31.8, 32.00, 32.00, 343]
[6556, 137.5, 122.5, 134.00, 123.50, 484]
[6558, 25.1, 22.8, 24.30, 22.85, 1791]
[6560, 38.2, 36.0, 36.00, 37.90, 308]
[6561, 292.5, 281.0, 281.00, 290.00, 195]
[6568, 194.0, 182.0, 189.00, 185.00, 4335]
[6569, 103.0, 96.9, 98.80, 99.60, 195]
[6570, 48.05, 46.3, 47.60, 47.25, 1757]
[6573, 14.65, 13.0, 13.20, 13.80, 1632]
[6574, 49.95, 47.9, 48.85, 49.35, 20]
[6576, 98.5, 93.9, 94.90, 98.20, 2039]
[6577, 59.8, 58.2, 58.70, 58.60, 82]
[6578, 16.1, 15.3, 15.60, 15.30, 534]
[6579, 90.2, 84.4, 85.80, 87.70, 700]
[6581, 97.4, 93.6, 95.10, 94.60, 341]
[6582, 59.8, 56.0, 56.70, 57.60, 558]
[6585, 53.5, 51.0, 52.30, 51.90, 642]
[6588, 33.75, 31.5, 33.75, 31.50, 28]
[6589, 153.5, 121.5, 153.50, 124.50, 60394]
[6590, 53.6, 52.5, 53.00, 52.50, 39]
[6591, 45.6, 43.7, 43.90, 44.50, 941]
[6592, 103.5, 100.0, 102.50, 101.00, 1361]
[6593, 45.5, 42.5, 44.90, 43.90, 552]
[6594, 28.65, 27.4, 28.65, 27.50, 91]
[6596, 47.0, 44.2, 45.00, 45.55, 184]
[6598, 34.65, 28.1, 28.20, 30.00, 9095]
[6603, 18.15, 17.35, 17.60, 17.70, 7340]
[6605, 76.1, 73.7, 75.90, 73.80, 2070]
[6609, 37.5, 34.0, 34.85, 34.15, 6531]
[6612, 83.6, 80.0, 80.30, 81.70, 324]
[6613, 94.2, 90.4, 93.80, 92.00, 873]
[6615, 39.4, 36.35, 36.75, 38.30, 109]
[6616, 14.35, 14.0, 14.30, 14.20, 189]
[6624, 40.0, 39.3, 39.50, 40.00, 54]
[6625, 41.9, 35.05, 36.95, 39.30, 3786]
[6629, 50.3, 47.5, 50.30, 48.65, 23]
[6640, 90.0, 86.5, 88.90, 88.70, 51]
[6641, 53.8, 53.0, 53.20, 53.70, 35]
[6642, 50.4, 42.5, 43.20, 48.60, 1878]
[6643, 582.0, 491.0, 501.00, 561.00, 23996]
[6649, 36.5, 34.2, 35.30, 34.90, 545]
[6651, 74.7, 71.5, 73.00, 72.70, 261]
[6654, 50.7, 49.25, 49.25, 49.90, 17]
[6655, 131.5, 128.0, 131.50, 128.00, 25]
[6661, 23.2, 21.7, 21.75, 21.85, 152]
[6662, 31.3, 29.3, 29.50, 29.70, 136]
[6664, 106.0, 97.4, 100.00, 100.00, 2487]
[6666, 88.8, 79.2, 88.40, 79.60, 2956]
[6667, 65.6, 62.5, 64.80, 62.50, 947]
[6668, 42.2, 38.85, 42.20, 39.80, 1309]
[6669, 948.0, 885.0, 906.00, 919.00, 5391]
[6670, 223.0, 216.0, 220.50, 221.00, 1655]
[6671, 37.75, 37.3, 37.40, 37.75, 49]
[6672, 78.7, 76.1, 78.00, 77.00, 2541]
[6674, 24.95, 23.15, 23.85, 24.95, 103]
[6679, 257.0, 210.5, 212.00, 251.50, 8014]
[6680, 65.8, 63.3, 65.00, 63.30, 36]
[6683, 201.0, 183.0, 194.00, 187.50, 1325]
[6684, 50.3, 49.0, 49.25, 49.50, 187]
[6689, 88.5, 82.6, 83.50, 85.20, 1428]
[6690, 119.0, 113.5, 118.50, 113.50, 87]
[6691, 203.0, 193.0, 197.00, 193.00, 741]
[6693, 65.0, 63.0, 64.50, 63.80, 178]
[6695, 49.0, 45.05, 46.30, 45.65, 3233]
[6697, 38.5, 37.1, 37.10, 37.45, 14]
[6698, 30.25, 29.5, 30.10, 29.50, 150]
[6703, 104.5, 97.0, 101.50, 98.90, 743]
[6706, 96.0, 90.3, 96.00, 90.30, 2949]
[6712, 216.0, 204.5, 210.00, 205.50, 6112]
[6715, 151.5, 133.5, 135.00, 140.50, 5895]
[6716, 78.5, 76.1, 78.00, 77.00, 20]
[6719, 282.0, 261.0, 268.00, 264.50, 6763]
[6721, 44.6, 42.6, 43.30, 44.10, 101]
[6727, 72.6, 70.4, 71.80, 70.90, 685]
[6728, 128.0, 118.5, 120.50, 119.00, 141]
[6732, 245.5, 230.5, 234.00, 236.50, 410]
[6733, 24.05, 23.15, 23.60, 23.15, 618]
[6735, 59.9, 54.6, 57.00, 56.20, 60]
[6741, 102.0, 88.1, 96.50, 93.40, 9571]
[6743, 38.25, 36.0, 37.00, 36.80, 570]
[6747, 197.0, 189.0, 197.00, 192.50, 242]
[6751, 44.15, 43.1, 43.80, 43.50, 54]
[6752, 62.9, 60.0, 61.50, 62.50, 74]
[6754, 51.5, 47.8, 51.50, 48.05, 1015]
[6756, 215.0, 196.5, 215.00, 201.00, 1852]
[6761, 90.4, 87.1, 90.40, 87.20, 126]
[6762, 236.0, 230.0, 235.00, 235.00, 10]
[6763, 423.0, 398.0, 415.00, 398.00, 119]
[6767, 32.4, 30.7, 32.40, 31.30, 256]
[6768, 81.5, 74.5, 81.50, 74.60, 5576]
[6770, 33.45, 32.05, 32.65, 32.65, 88524]
[6776, 39.05, 38.55, 38.90, 38.90, 142]
[6781, 750.0, 692.0, 750.00, 740.00, 7463]
[6782, 358.5, 327.5, 336.00, 331.50, 5850]
[6788, 108.0, 102.5, 106.50, 102.50, 3058]
[6789, 229.0, 213.5, 224.00, 215.00, 3862]
[6790, 36.6, 36.05, 36.50, 36.05, 189]
[6791, 49.7, 47.8, 49.65, 48.00, 135]
[6792, 76.0, 71.8, 72.30, 72.70, 297]
[6796, 79.9, 75.0, 78.50, 76.00, 361]
[6799, 107.0, 99.1, 107.00, 99.60, 2008]
[6803, 250.0, 246.0, 249.00, 248.50, 56]
[6804, 57.7, 53.2, 56.80, 54.70, 286]
[6806, 84.0, 68.3, 69.30, 76.70, 51193]
[6807, 25.6, 25.0, 25.45, 25.15, 74]
[6811, 136.5, 129.0, 129.50, 132.00, 392]
[6823, 105.0, 94.2, 103.50, 96.10, 153]
[6829, 79.1, 74.8, 76.00, 76.30, 805]
[6830, 103.5, 95.1, 103.50, 96.50, 608]
[6834, 26.5, 25.5, 26.50, 25.80, 120]
[6835, 39.6, 38.1, 39.20, 38.30, 693]
[6843, 49.5, 47.55, 49.20, 49.05, 900]
[6854, 111.5, 99.5, 101.50, 110.00, 722]
[6855, 72.5, 70.2, 72.50, 70.20, 83]
[6859, 151.5, 135.5, 140.00, 141.00, 1436]
[6874, 53.7, 49.25, 52.30, 50.80, 2395]
[7402, 40.85, 39.55, 40.40, 39.75, 22]
[7556, 103.0, 100.5, 103.00, 101.50, 17]
[8011, 15.0, 14.6, 14.90, 14.65, 1078]
[8016, 185.5, 176.5, 179.00, 185.00, 4403]
[8021, 30.15, 28.45, 28.90, 29.95, 1189]
[8024, 22.6, 21.95, 22.40, 22.00, 477]
[8027, 56.1, 53.2, 53.90, 54.40, 1260]
[8028, 63.3, 59.0, 59.90, 60.80, 36236]
[8032, 29.85, 29.3, 29.70, 29.75, 103]
[8033, 45.35, 39.9, 43.90, 43.90, 42236]
[8034, 15.05, 14.5, 14.80, 14.80, 593]
[8038, 44.7, 39.55, 42.50, 39.70, 4532]
[8039, 41.95, 41.1, 41.60, 41.10, 485]
[8040, 55.1, 52.5, 55.00, 53.20, 3625]
[8042, 36.25, 35.05, 36.25, 35.80, 51]
[8043, 25.9, 25.2, 25.40, 25.45, 319]
[8044, 57.3, 52.6, 54.00, 53.90, 4941]
[8046, 286.0, 259.0, 278.50, 260.00, 57665]
[8047, 12.9, 12.2, 12.35, 12.60, 18]
[8048, 34.8, 33.15, 34.20, 34.35, 527]
[8049, 31.7, 29.2, 30.30, 30.65, 8551]
[8050, 88.7, 82.7, 84.10, 84.20, 71359]
[8054, 33.8, 32.3, 33.50, 32.35, 1016]
[8059, 9.86, 9.31, 9.64, 9.71, 191]
[8064, 17.9, 17.35, 17.65, 17.55, 1990]
[8066, 28.1, 27.0, 27.90, 27.65, 104]
[8067, 9.38, 8.61, 9.26, 8.84, 84]
[8068, 26.7, 24.6, 25.00, 25.80, 412]
[8069, 179.5, 165.0, 168.00, 168.00, 135881]
[8070, 32.1, 30.9, 31.80, 30.90, 2351]
[8071, 16.55, 14.85, 15.05, 15.65, 1996]
[8072, 29.1, 27.25, 28.70, 27.45, 3327]
[8074, 19.45, 18.6, 18.60, 19.20, 319]
[8076, 29.3, 27.75, 29.05, 27.85, 8271]
[8077, 8.2, 7.85, 7.85, 8.00, 12]
[8080, 10.75, 10.5, 10.60, 10.50, 39]
[8081, 152.0, 141.5, 143.00, 147.50, 2815]
[8083, 167.0, 164.0, 167.00, 165.50, 93]
[8084, 133.5, 110.5, 126.00, 111.00, 6657]
[8085, 21.4, 19.95, 20.10, 20.05, 6757]
[8086, 73.7, 69.0, 69.50, 71.40, 5706]
[8087, 26.85, 24.5, 26.80, 25.50, 335]
[8088, 25.45, 23.65, 24.00, 24.70, 3403]
[8089, 24.35, 23.2, 24.20, 23.30, 532]
[8091, 93.3, 86.7, 90.80, 91.70, 7964]
[8092, 13.55, 12.15, 12.70, 12.60, 1886]
[8093, 12.5, 11.3, 11.65, 12.10, 690]
[8096, 11.9, 11.6, 11.80, 11.65, 918]
[8097, 69.4, 62.6, 68.70, 63.30, 4011]
[8099, 40.0, 38.25, 38.25, 39.60, 178]
[8101, 6.08, 5.87, 6.00, 5.93, 206]
[8103, 32.55, 31.95, 32.10, 32.05, 400]
[8104, 38.95, 37.0, 38.30, 37.50, 1301]
[8105, 13.1, 12.65, 12.80, 12.85, 5298]
[8107, 17.75, 17.3, 17.70, 17.50, 317]
[8109, 87.9, 85.0, 87.30, 85.40, 544]
[8110, 12.65, 12.0, 12.40, 12.00, 3145]
[8111, 16.6, 16.0, 16.60, 16.00, 909]
[8112, 36.8, 35.85, 36.65, 35.85, 4127]
[8114, 116.5, 110.5, 115.50, 112.50, 4485]
[8121, 28.3, 26.6, 27.75, 26.90, 1972]
[8131, 39.35, 38.3, 38.60, 39.30, 1301]
[8147, 63.5, 61.2, 61.40, 61.50, 555]
[8150, 33.55, 32.65, 33.10, 33.05, 6638]
[8155, 117.0, 109.0, 113.00, 110.00, 3911]
[8163, 38.9, 38.0, 38.50, 38.05, 2033]
[8171, 52.0, 46.3, 47.20, 50.70, 23478]
[8176, 10.6, 9.77, 9.90, 10.35, 881]
[8182, 31.8, 30.8, 31.05, 31.60, 172]
[8183, 58.4, 56.1, 57.80, 56.40, 3648]
[8201, 10.75, 10.4, 10.65, 10.40, 297]
[8210, 77.2, 71.9, 72.10, 74.80, 1456]
[8213, 37.4, 36.2, 36.20, 36.50, 1809]
[8215, 33.3, 32.2, 32.60, 32.40, 3942]
[8222, 32.65, 28.5, 30.10, 32.65, 13249]
[8234, 36.25, 30.95, 31.40, 33.65, 21178]
[8240, 28.8, 28.0, 28.10, 28.55, 125]
[8249, 29.5, 27.2, 27.60, 28.60, 6036]
[8255, 178.5, 161.5, 163.50, 164.00, 10603]
[8261, 110.0, 105.0, 105.50, 110.00, 10338]
[8271, 42.05, 40.9, 41.15, 41.55, 450]
[8277, 8.59, 8.41, 8.50, 8.41, 383]
[8279, 164.0, 150.0, 158.00, 151.50, 406]
[8284, 58.5, 53.7, 54.70, 55.50, 506]
[8289, 38.5, 37.1, 38.20, 37.35, 1977]
[8291, NaN, NaN, NaN, NaN, 0]
[8299, 321.0, 305.5, 311.00, 306.50, 7444]
[8341, 184.0, 147.0, 149.00, 182.50, 18392]
[8342, 55.0, 54.3, 54.30, 54.40, 11]
[8349, 63.7, 60.1, 62.70, 60.10, 2334]
[8354, 14.45, 14.25, 14.30, 14.30, 211]
[8358, 56.9, 52.9, 54.20, 54.40, 27118]
[8367, 35.7, 34.65, 35.20, 34.75, 132]
[8374, 29.6, 28.0, 28.00, 28.20, 127]
[8383, 39.7, 37.9, 37.90, 38.85, 830]
[8390, 37.5, 36.0, 37.05, 36.35, 2250]
[8401, 21.6, 20.75, 21.60, 20.80, 1697]
[8403, 37.7, 33.4, 34.45, 33.80, 11281]
[8404, 27.85, 26.3, 27.00, 26.35, 495]
[8409, 19.7, 18.7, 18.90, 19.00, 516]
[8410, 29.75, 28.9, 28.90, 29.35, 30]
[8411, 13.4, 13.0, 13.20, 13.10, 572]
[8415, 39.5, 36.15, 36.50, 39.00, 13339]
[8416, 115.5, 113.5, 115.00, 114.00, 48]
[8418, 10.05, 9.84, 9.84, 9.94, 65]
[8420, 77.5, 72.8, 74.50, 75.80, 1282]
[8421, 16.25, 14.8, 15.10, 15.85, 986]
[8422, 183.0, 178.0, 179.00, 180.50, 1300]
[8423, 18.85, 17.6, 18.85, 17.60, 3]
[8424, 66.8, 65.5, 66.00, 66.20, 24]
[8426, 30.0, 27.15, 28.80, 28.80, 846]
[8429, 11.8, 10.8, 10.95, 10.95, 12527]
[8431, 51.4, 48.8, 48.80, 50.20, 363]
[8432, 50.0, 46.6, 46.60, 49.10, 786]
[8433, 66.5, 60.5, 63.90, 63.80, 525]
[8435, 59.5, 58.7, 59.00, 58.90, 82]
[8436, 165.5, 156.0, 163.50, 157.50, 17250]
[8437, 105.0, 100.0, 103.00, 101.00, 71]
[8438, 26.7, 25.75, 25.85, 26.15, 96]
[8440, 48.6, 46.0, 47.00, 47.80, 4696]
[8442, 78.1, 73.4, 77.70, 74.50, 744]
[8443, 11.15, 10.95, 11.00, 11.05, 2779]
[8444, 40.0, 39.0, 39.05, 39.35, 40]
[8446, 87.5, 81.4, 83.00, 84.20, 414]
[8450, 30.0, 28.2, 28.40, 29.30, 1543]
[8454, 654.0, 609.0, 636.00, 612.00, 3452]
[8455, 20.85, 19.5, 19.50, 20.85, 27]
[8462, 127.5, 122.0, 125.00, 122.00, 294]
[8463, 26.05, 23.7, 24.00, 25.20, 1455]
[8464, 293.5, 271.5, 275.00, 285.50, 2575]
[8466, 42.0, 40.0, 40.85, 40.45, 134]
[8467, 62.9, 58.5, 59.00, 60.80, 210]
[8472, 46.0, 42.0, 42.00, 44.40, 11]
[8473, 27.8, 27.2, 27.30, 27.40, 255]
[8476, 55.0, 52.8, 53.40, 53.90, 565]
[8477, 19.8, 18.6, 18.60, 18.75, 415]
[8478, 334.5, 318.0, 321.50, 321.00, 18761]
[8480, 84.6, 84.6, 84.60, 84.60, 14]
[8481, 58.8, 56.3, 57.40, 56.80, 74]
[8482, 71.8, 69.6, 71.10, 69.60, 117]
[8488, 15.6, 14.9, 15.60, 15.30, 57]
[8489, 23.9, 22.2, 23.40, 22.60, 191]
[8499, 104.0, 101.0, 102.50, 102.00, 162]
[8905, 21.9, 21.5, 21.55, 21.55, 186]
[8906, 19.5, 19.0, 19.00, 19.50, 5]
[8908, 67.8, 65.0, 65.00, 66.60, 74]
[8916, 59.0, 53.7, 59.00, 53.80, 9304]
[8917, 90.5, 89.6, 89.70, 89.60, 6]
[8921, 14.9, 14.5, 14.70, 14.50, 19]
[8923, 22.35, 19.25, 22.35, 21.65, 46]
[8924, 121.5, 117.5, 121.00, 118.50, 1422]
[8926, 33.2, 32.2, 32.85, 32.35, 3290]
[8927, 36.8, 35.9, 36.60, 35.90, 1144]
[8928, 41.5, 39.05, 40.15, 39.65, 1371]
[8929, 21.1, 20.55, 20.80, 20.80, 60]
[8930, 17.1, 16.7, 16.80, 16.85, 780]
[8931, 44.2, 41.5, 42.40, 42.90, 1052]
[8932, 50.0, 44.2, 44.20, 48.10, 3542]
[8933, 18.15, 15.7, 17.85, 15.95, 25058]
[8935, 13.25, 12.0, 12.75, 12.80, 460]
[8936, 23.1, 22.2, 23.00, 22.65, 2934]
[8937, 14.8, 14.4, 14.70, 14.60, 136]
[8938, 100.5, 96.3, 100.50, 97.00, 2981]
[8940, 17.4, 16.35, 17.00, 16.35, 1199]
[8941, 57.8, 56.1, 56.20, 56.70, 91]
[8942, 60.5, 59.3, 59.60, 60.40, 486]
[8996, 182.5, 162.0, 171.50, 169.00, 59094]
[9103, 7.56, 6.59, 6.59, 7.56, 5022]
[9105, 4.0, 3.93, 3.99, 3.96, 4522]
[9110, 3.01, 2.8, 2.80, 3.00, 222]
[9136, 6.56, 6.3, 6.48, 6.33, 908]
[9802, 160.0, 140.0, 154.50, 156.50, 15910]
[9902, 13.0, 12.5, 12.90, 12.75, 1204]
[9904, 33.3, 32.25, 33.00, 32.75, 50073]
[9905, 24.75, 24.25, 24.30, 24.35, 206]
[9906, 44.9, 44.25, 44.65, 44.25, 137]
[9907, 17.7, 16.75, 17.70, 17.05, 25962]
[9908, 31.6, 30.9, 31.10, 31.10, 318]
[9910, 195.5, 181.0, 190.50, 189.00, 7264]
[9911, 63.4, 61.8, 62.50, 62.10, 661]
[9912, 9.88, 9.45, 9.79, 9.61, 312]
[9914, 197.5, 171.0, 194.00, 172.50, 9071]
[9917, 100.0, 97.6, 98.60, 97.60, 1340]
[9918, 43.0, 42.1, 42.55, 42.20, 54]
[9919, 18.7, 17.15, 18.70, 17.15, 11515]
[9921, 226.5, 202.0, 225.50, 210.00, 14244]
[9924, 41.9, 41.5, 41.75, 41.50, 504]
[9925, 39.5, 39.1, 39.15, 39.10, 453]
[9926, 52.0, 51.0, 51.50, 51.00, 31]
[9927, 37.8, 37.1, 37.50, 37.30, 557]
[9928, 21.4, 19.0, 21.00, 19.20, 1781]
[9929, 8.63, 8.37, 8.38, 8.50, 152]
[9930, 46.55, 45.95, 46.25, 46.00, 298]
[9931, 39.95, 39.0, 39.00, 39.55, 11]
[9933, 43.65, 42.1, 42.60, 42.80, 12027]
[9934, 13.55, 13.0, 13.55, 13.15, 1883]
[9935, 17.85, 17.35, 17.80, 17.55, 547]
[9937, 52.3, 51.0, 51.00, 51.30, 150]
[9938, 57.7, 53.6, 53.60, 54.60, 8948]
[9939, 89.0, 82.4, 83.80, 87.10, 9118]
[9940, 29.25, 27.6, 28.80, 27.65, 2615]
[9941, 161.5, 156.0, 158.00, 158.00, 3147]
[9942, 108.0, 102.5, 108.00, 106.50, 1918]
[9943, 63.5, 61.7, 62.10, 62.30, 149]
[9944, 20.65, 20.3, 20.65, 20.55, 584]
[9945, 45.35, 44.25, 45.00, 44.40, 27943]
[9946, 12.55, 12.15, 12.20, 12.30, 318]
[9949, 19.05, 18.05, 18.45, 19.05, 86]
[9950, 11.0, 10.65, 11.00, 11.00, 38]
[9951, 71.0, 65.0, 67.50, 67.90, 1208]
[9955, 21.7, 20.75, 21.00, 21.55, 3447]
[9958, 91.8, 86.5, 88.60, 87.70, 13916]
[9960, 27.0, 25.95, 26.10, 26.30, 309]
[9962, 17.15, 15.9, 16.15, 16.90, 3469]
