[1101, 34.1, 32.4, 34.10, 32.40, 213135]
[1102, 39.85, 38.4, 39.80, 38.45, 23625]
[1103, 17.15, 16.15, 16.50, 16.25, 776]
[1104, 20.35, 19.8, 20.25, 20.00, 1910]
[1108, 10.35, 9.92, 10.30, 10.15, 1016]
[1109, 15.55, 15.05, 15.50, 15.50, 531]
[1110, 17.7, 17.1, 17.50, 17.35, 567]
[1201, 19.4, 18.25, 19.30, 18.65, 2157]
[1203, 32.1, 30.95, 31.55, 32.10, 132]
[1210, 43.9, 42.6, 43.35, 43.55, 3233]
[1213, 7.34, 6.85, 7.12, 6.90, 104]
[1215, 80.0, 77.4, 78.00, 78.60, 1481]
[1216, 67.0, 65.1, 65.10, 66.10, 40765]
[1217, 9.38, 8.73, 9.38, 9.07, 5277]
[1218, 36.05, 33.6, 34.80, 35.90, 2470]
[1219, 19.45, 18.75, 19.45, 19.10, 4301]
[1220, 14.4, 13.3, 14.40, 13.70, 1115]
[1225, 53.4, 51.0, 51.00, 53.40, 389]
[1227, 38.3, 36.8, 38.30, 37.35, 1837]
[1229, 49.6, 47.7, 49.60, 48.60, 5825]
[1231, 70.1, 67.5, 70.10, 68.40, 696]
[1232, 152.0, 149.5, 152.00, 150.50, 226]
[1233, 33.1, 32.25, 33.10, 32.55, 25]
[1234, 33.2, 32.65, 33.20, 32.95, 439]
[1235, 62.3, 59.7, 61.20, 60.60, 82]
[1236, 21.1, 18.5, 21.10, 19.25, 795]
[1240, 42.85, 41.3, 41.85, 42.30, 85]
[1256, 226.0, 216.5, 225.00, 225.00, 52]
[1258, 24.45, 20.5, 24.20, 20.50, 3279]
[1259, 74.3, 71.9, 74.30, 73.00, 64]
[1264, 256.0, 249.5, 256.00, 252.00, 28]
[1268, 114.0, 106.0, 113.00, 110.00, 171]
[1301, 85.4, 78.1, 85.00, 79.90, 71967]
[1303, 67.1, 62.6, 66.00, 64.20, 39662]
[1304, 20.4, 19.0, 20.10, 19.95, 7214]
[1305, 20.35, 19.1, 20.20, 19.70, 3805]
[1307, 21.1, 19.75, 20.60, 20.10, 520]
[1308, 26.9, 23.4, 26.90, 24.45, 11636]
[1309, 20.2, 18.8, 20.10, 19.25, 2004]
[1310, 13.4, 12.4, 13.10, 12.70, 2323]
[1312, 17.8, 16.65, 17.75, 17.10, 8747]
[1313, 12.65, 11.65, 12.30, 12.60, 7275]
[1314, 9.48, 9.0, 9.45, 9.16, 33899]
[1315, 67.9, 66.0, 67.40, 66.60, 56]
[1316, 13.2, 11.35, 13.15, 12.00, 9053]
[1319, 48.8, 44.6, 47.00, 48.20, 29391]
[1321, 34.4, 32.0, 34.40, 33.25, 1530]
[1323, 33.45, 32.65, 33.45, 33.20, 314]
[1324, 10.55, 10.05, 10.20, 10.25, 150]
[1325, 22.8, 21.15, 22.80, 21.95, 968]
[1326, 68.2, 65.1, 68.00, 65.80, 19131]
[1336, 25.55, 20.55, 25.50, 22.50, 2415]
[1337, 7.87, 7.2, 7.87, 7.75, 5385]
[1338, 53.5, 48.85, 53.50, 49.75, 1216]
[1339, 39.3, 35.7, 39.30, 37.15, 734]
[1340, 10.15, 9.5, 10.15, 9.97, 712]
[1341, 66.4, 64.5, 65.90, 65.80, 44]
[1342, 77.7, 71.5, 76.30, 76.00, 2281]
[1402, 32.1, 31.0, 31.30, 31.35, 41321]
[1409, 16.65, 15.6, 16.65, 15.90, 8513]
[1410, 41.95, 38.0, 40.75, 39.45, 4528]
[1413, 10.55, 9.9, 10.45, 10.35, 611]
[1414, 17.25, 16.55, 17.15, 17.15, 388]
[1416, 10.55, 10.1, 10.45, 10.50, 644]
[1417, 10.75, 10.1, 10.20, 10.50, 1203]
[1418, 14.4, 13.6, 13.60, 14.05, 109]
[1419, 39.0, 38.15, 38.95, 38.80, 212]
[1423, 19.8, 18.7, 19.50, 19.45, 283]
[1432, 12.4, 11.0, 12.40, 11.65, 1583]
[1434, 26.85, 25.8, 26.85, 26.05, 5539]
[1436, 56.1, 54.7, 54.70, 55.80, 160]
[1437, 24.75, 24.1, 24.50, 24.40, 315]
[1438, 31.8, 29.55, 31.50, 30.00, 194]
[1439, 19.85, 19.0, 19.10, 19.15, 91]
[1440, 16.75, 15.75, 16.35, 16.60, 5896]
[1441, 8.09, 7.75, 7.90, 7.87, 280]
[1442, 28.4, 27.05, 28.00, 28.30, 4572]
[1443, 19.8, 18.5, 19.80, 19.50, 611]
[1444, 10.5, 10.0, 10.40, 10.30, 12717]
[1445, 16.05, 15.45, 16.05, 15.85, 166]
[1446, 31.25, 26.65, 31.25, 28.90, 2098]
[1447, 8.29, 7.6, 8.29, 7.90, 5832]
[1449, 14.3, 12.9, 13.35, 14.15, 7350]
[1451, 22.35, 20.9, 22.15, 21.60, 2807]
[1452, 17.35, 16.7, 17.00, 17.15, 364]
[1453, 15.95, 13.75, 15.90, 14.55, 3661]
[1454, 12.35, 11.5, 12.30, 12.20, 362]
[1455, 9.61, 9.04, 9.60, 9.52, 3978]
[1456, 16.4, 15.2, 15.85, 15.75, 429]
[1457, 18.35, 17.65, 18.00, 18.20, 1641]
[1459, 8.5, 7.86, 8.45, 8.18, 921]
[1460, 7.9, 7.46, 7.80, 7.64, 1833]
[1463, 14.0, 13.75, 13.85, 13.85, 279]
[1464, 14.5, 13.8, 14.45, 14.20, 910]
[1465, 13.45, 12.75, 13.10, 13.10, 233]
[1466, 11.35, 10.7, 11.10, 11.10, 238]
[1467, 11.75, 11.25, 11.55, 11.55, 9866]
[1468, 12.8, 12.05, 12.20, 12.30, 173]
[1470, 18.65, 17.0, 18.65, 17.45, 42]
[1471, 7.5, 6.97, 7.50, 7.20, 2153]
[1472, 22.0, 17.95, 22.00, 18.30, 182]
[1473, 18.8, 17.7, 17.95, 18.40, 995]
[1474, 11.8, 10.35, 11.75, 10.90, 935]
[1475, 55.9, 47.2, 55.90, 49.65, 436]
[1476, 406.0, 388.5, 389.00, 390.50, 3242]
[1477, 204.5, 193.0, 194.50, 199.00, 8718]
[1503, 55.2, 52.6, 55.20, 53.20, 1687]
[1504, 27.85, 26.65, 27.60, 27.45, 11165]
[1506, 16.45, 15.1, 16.35, 15.80, 1799]
[1512, 3.58, 3.1, 3.10, 3.50, 549]
[1513, 56.9, 52.9, 56.00, 55.40, 32129]
[1514, 27.25, 25.3, 27.25, 26.50, 8688]
[1515, 28.75, 27.3, 28.25, 28.25, 2166]
[1516, 24.6, 23.2, 23.75, 23.75, 3058]
[1517, 23.1, 20.65, 23.10, 22.05, 8183]
[1519, 43.9, 40.0, 40.35, 42.90, 20316]
[1521, 34.75, 33.9, 34.00, 34.75, 107]
[1522, 26.65, 24.75, 26.25, 26.40, 17486]
[1524, 24.7, 22.05, 24.65, 23.50, 31405]
[1525, 56.6, 50.7, 56.50, 54.80, 380]
[1526, 50.8, 46.95, 49.00, 48.95, 2351]
[1527, 40.2, 37.65, 40.20, 38.40, 1792]
[1528, 9.63, 8.9, 9.63, 9.19, 1849]
[1529, 19.55, 16.8, 19.35, 17.45, 11291]
[1530, 33.9, 29.5, 30.15, 31.25, 658]
[1531, 13.8, 12.8, 13.80, 13.00, 410]
[1532, 30.2, 28.65, 30.00, 28.80, 1837]
[1533, 52.1, 45.55, 52.10, 49.05, 2066]
[1535, 42.0, 40.65, 42.00, 40.95, 301]
[1536, 86.3, 79.1, 84.10, 81.50, 12503]
[1537, 140.0, 135.5, 140.00, 136.50, 690]
[1538, 7.19, 6.12, 7.19, 6.68, 23]
[1539, 29.2, 26.7, 29.00, 27.50, 7276]
[1540, 16.1, 14.8, 16.00, 15.10, 621]
[1541, 31.45, 29.4, 30.50, 31.30, 164]
[1558, 114.5, 111.5, 114.00, 113.00, 404]
[1560, 114.5, 104.5, 113.50, 106.50, 22335]
[1565, 220.0, 209.0, 218.50, 215.50, 700]
[1568, 23.8, 21.75, 23.80, 23.40, 3057]
[1569, 25.1, 22.2, 25.10, 23.00, 3143]
[1570, 15.8, 15.1, 15.45, 15.60, 415]
[1580, 88.7, 85.3, 85.30, 87.70, 338]
[1582, 62.3, 58.4, 62.30, 59.80, 724]
[1583, 63.1, 60.8, 63.10, 61.50, 38]
[1584, 17.5, 15.45, 17.50, 16.30, 5558]
[1586, 36.45, 34.75, 36.45, 35.40, 346]
[1587, 22.75, 20.0, 22.75, 20.60, 1140]
[1589, 62.3, 57.0, 60.40, 57.70, 2427]
[1590, 718.0, 674.0, 717.00, 689.00, 2447]
[1591, 15.05, 14.2, 15.05, 14.80, 290]
[1593, 62.6, 57.8, 59.40, 60.00, 133]
[1595, 37.75, 35.5, 37.65, 36.95, 42]
[1597, 70.9, 67.9, 70.00, 70.30, 337]
[1598, 38.7, 36.6, 38.60, 37.30, 515]
[1599, 41.0, 37.6, 41.00, 39.10, 418]
[1603, 27.0, 25.05, 26.80, 26.55, 1762]
[1604, 25.85, 24.55, 25.75, 25.05, 1589]
[1605, 38.25, 34.5, 38.05, 36.25, 176441]
[1608, 12.75, 11.45, 12.75, 12.00, 3084]
[1609, 17.95, 15.85, 17.95, 16.35, 15552]
[1611, 15.0, 13.55, 15.00, 14.40, 5393]
[1612, 14.35, 13.45, 14.25, 14.15, 4155]
[1614, 34.85, 33.8, 34.85, 34.30, 216]
[1615, 28.3, 27.45, 27.50, 28.10, 104]
[1616, 7.69, 7.0, 7.30, 7.28, 682]
[1617, 14.9, 14.75, 14.75, 14.75, 269]
[1618, 13.65, 12.8, 13.55, 13.20, 2016]
[1626, 17.7, 15.55, 17.70, 16.10, 1027]
[1701, 21.25, 20.5, 21.20, 21.05, 2019]
[1702, 43.4, 42.5, 43.20, 42.80, 521]
[1707, 133.5, 127.0, 133.50, 129.00, 751]
[1708, 42.1, 37.65, 41.60, 39.25, 16916]
[1709, 22.1, 20.55, 22.10, 21.15, 4903]
[1710, 18.05, 17.0, 17.50, 17.15, 5580]
[1711, 18.0, 16.4, 18.00, 17.20, 5514]
[1712, 36.25, 33.7, 35.20, 34.40, 10783]
[1713, 24.2, 23.5, 24.10, 23.90, 236]
[1714, 8.86, 8.4, 8.86, 8.50, 9277]
[1717, 31.2, 29.5, 29.50, 29.85, 9328]
[1718, 8.35, 7.72, 8.35, 7.87, 10418]
[1720, 46.8, 43.5, 46.70, 44.20, 1912]
[1721, 14.3, 12.5, 14.30, 13.30, 5788]
[1722, 54.1, 51.2, 54.10, 51.60, 9672]
[1723, 105.0, 100.0, 105.00, 102.50, 2075]
[1725, 21.95, 19.05, 21.95, 19.70, 298]
[1726, 70.4, 69.4, 70.10, 70.00, 110]
[1727, 27.0, 23.4, 26.65, 24.60, 3299]
[1730, 55.5, 53.0, 55.30, 54.00, 73]
[1731, 17.95, 17.05, 17.95, 17.70, 820]
[1732, 28.75, 25.8, 28.75, 26.90, 2302]
[1733, 25.1, 23.9, 25.05, 24.50, 1189]
[1734, 29.0, 27.5, 29.00, 28.15, 3758]
[1735, 14.7, 13.8, 14.05, 14.30, 26]
[1736, 78.4, 71.9, 75.20, 76.10, 8637]
[1737, 31.9, 30.55, 31.90, 30.70, 733]
[1742, 19.2, 15.1, 19.15, 15.40, 337]
[1752, 34.85, 33.35, 34.85, 34.00, 461]
[1760, 152.0, 135.5, 146.50, 151.00, 61662]
[1762, 55.3, 50.9, 54.70, 53.00, 1333]
[1773, 111.5, 99.5, 111.50, 103.50, 1691]
[1776, 17.75, 16.6, 17.75, 17.05, 64]
[1777, 84.0, 74.0, 81.40, 76.60, 1316]
[1781, 14.6, 12.9, 14.60, 14.30, 341]
[1783, 39.8, 34.4, 39.80, 36.10, 1950]
[1784, 38.75, 35.1, 38.75, 36.75, 727]
[1785, 30.5, 27.65, 30.50, 29.05, 4772]
[1786, 48.7, 41.7, 47.60, 43.50, 1336]
[1788, 152.5, 148.5, 152.50, 149.50, 109]
[1789, 24.6, 23.0, 24.60, 23.90, 3361]
[1795, 169.5, 145.5, 168.00, 153.00, 101699]
[1796, 58.6, 55.6, 58.30, 56.80, 110]
[1799, 16.2, 13.55, 15.00, 13.80, 124]
[1802, 19.0, 17.05, 18.80, 18.05, 28621]
[1805, 11.3, 10.4, 11.00, 11.30, 100]
[1806, 8.44, 8.12, 8.44, 8.28, 7884]
[1808, 60.0, 56.3, 57.20, 58.80, 734]
[1809, 12.1, 11.55, 11.80, 11.95, 804]
[1810, 10.4, 10.05, 10.25, 10.10, 873]
[1813, 22.5, 21.35, 21.80, 21.85, 232]
[1815, 12.05, 11.0, 12.05, 11.45, 6447]
[1817, 35.5, 34.05, 35.25, 34.50, 527]
[1903, 51.5, 48.85, 51.50, 49.90, 416]
[1904, 26.45, 25.25, 26.45, 26.00, 4543]
[1905, 17.2, 15.5, 16.40, 16.35, 4708]
[1906, 16.85, 15.4, 16.80, 15.85, 2531]
[1907, 24.8, 22.7, 24.50, 24.15, 6008]
[1909, 15.6, 14.85, 15.30, 15.35, 9203]
[2002, 27.7, 26.9, 27.10, 26.90, 90473]
[2006, 54.8, 52.2, 53.90, 52.50, 7052]
[2007, 9.95, 8.65, 9.95, 9.34, 5109]
[2008, 16.8, 16.0, 16.35, 16.60, 110]
[2009, 22.6, 20.35, 22.60, 20.95, 4054]
[2010, 15.15, 14.0, 14.80, 14.45, 3410]
[2012, 22.5, 21.9, 22.50, 22.35, 291]
[2013, 52.8, 50.1, 52.50, 51.70, 737]
[2014, 22.7, 21.0, 22.35, 21.15, 27780]
[2015, 60.1, 58.0, 59.00, 59.00, 976]
[2017, 12.8, 11.55, 12.75, 12.00, 2203]
[2020, 24.2, 22.8, 24.00, 23.90, 847]
[2022, 8.05, 7.78, 7.98, 8.00, 3284]
[2023, 14.1, 13.1, 13.90, 13.60, 10359]
[2024, 18.9, 17.5, 18.45, 18.40, 111]
[2025, 4.48, 3.84, 4.48, 4.05, 1612]
[2027, 39.9, 36.85, 38.30, 39.10, 49176]
[2028, 24.4, 22.0, 24.40, 22.90, 1737]
[2029, 23.45, 21.85, 23.25, 22.60, 1586]
[2030, 23.25, 21.55, 23.10, 22.75, 6512]
[2031, 35.35, 32.65, 34.50, 34.50, 4482]
[2032, 18.2, 16.3, 18.10, 16.95, 1475]
[2033, 13.15, 11.4, 13.00, 11.95, 708]
[2034, 27.3, 25.6, 27.15, 26.60, 5883]
[2035, 31.5, 30.15, 30.60, 30.65, 80]
[2038, 19.6, 17.4, 19.60, 18.15, 2281]
[2049, 171.0, 157.0, 171.00, 161.00, 9410]
[2059, 457.0, 408.0, 457.00, 431.50, 3346]
[2061, 26.8, 24.8, 26.80, 26.00, 505]
[2062, 22.6, 21.0, 22.60, 21.35, 732]
[2063, 36.5, 34.9, 34.90, 35.85, 185]
[2064, 16.4, 15.05, 16.10, 16.40, 197]
[2065, 48.4, 46.9, 48.00, 47.85, 236]
[2066, 82.4, 73.7, 81.70, 78.30, 3235]
[2067, 12.8, 12.3, 12.80, 12.70, 12]
[2069, 21.0, 18.95, 21.00, 19.85, 1945]
[2070, 33.7, 31.5, 31.80, 33.35, 95]
[2101, 37.0, 34.55, 36.70, 35.20, 3149]
[2102, 20.6, 18.5, 20.60, 19.00, 2973]
[2103, 27.0, 25.95, 26.80, 26.60, 4539]
[2104, 19.45, 18.8, 19.40, 19.10, 5926]
[2105, 35.15, 34.0, 34.35, 34.10, 19111]
[2106, 31.5, 30.3, 31.45, 30.80, 3468]
[2107, 20.1, 19.55, 20.10, 19.75, 672]
[2108, 36.85, 33.05, 36.80, 34.40, 5349]
[2109, 14.2, 13.7, 14.15, 14.10, 534]
[2114, 101.0, 95.0, 100.00, 100.00, 174]
[2115, 30.6, 29.95, 30.60, 30.50, 207]
[2201, 43.05, 40.5, 42.35, 42.80, 27597]
[2204, 41.65, 40.0, 41.05, 41.50, 2986]
[2206, 39.1, 35.95, 39.00, 36.85, 15157]
[2207, 567.0, 540.0, 561.00, 554.00, 937]
[2208, 16.25, 14.5, 16.25, 15.00, 7002]
[2211, 51.0, 46.95, 51.00, 48.55, 1209]
[2221, 40.2, 34.35, 40.20, 35.70, 1158]
[2227, 192.0, 182.0, 192.00, 190.50, 141]
[2228, 74.5, 70.0, 74.00, 73.00, 1663]
[2230, 30.35, 26.8, 30.00, 28.45, 5380]
[2231, 148.0, 130.5, 148.00, 133.00, 2899]
[2233, 97.5, 90.9, 97.50, 92.20, 1135]
[2235, 47.5, 45.1, 47.50, 47.25, 38]
[2236, 21.0, 20.25, 20.30, 20.60, 154]
[2239, 72.6, 65.8, 72.60, 67.70, 591]
[2241, 30.5, 29.2, 30.50, 30.05, 313]
[2243, 13.85, 12.25, 13.85, 12.65, 642]
[2247, 204.5, 201.0, 204.00, 203.00, 174]
[2250, 81.4, 76.2, 80.40, 76.20, 239]
[2301, 65.1, 62.8, 63.90, 63.40, 31546]
[2302, 15.7, 14.2, 15.70, 15.25, 2791]
[2303, 38.75, 35.15, 36.30, 38.70, 372409]
[2305, 28.65, 25.45, 26.85, 28.50, 26913]
[2308, 275.0, 259.0, 267.00, 266.00, 35727]
[2312, 14.95, 13.3, 13.55, 14.20, 178149]
[2313, 45.8, 42.75, 45.30, 44.80, 61300]
[2314, 39.45, 33.85, 39.20, 36.60, 5993]
[2316, 24.1, 21.3, 24.10, 22.55, 1447]
[2317, 105.5, 102.5, 105.00, 105.00, 134648]
[2321, 6.2, 5.2, 6.20, 5.20, 78]
[2323, 7.17, 6.5, 7.17, 6.53, 16645]
[2324, 21.75, 21.3, 21.45, 21.40, 58429]
[2327, 281.0, 263.0, 276.50, 277.50, 11525]
[2328, 33.8, 31.5, 33.70, 33.50, 6922]
[2329, 16.6, 14.7, 16.60, 15.70, 9293]
[2330, 416.0, 395.0, 408.00, 412.00, 276979]
[2331, 24.9, 21.25, 24.90, 21.60, 23542]
[2332, 15.45, 13.9, 14.95, 15.00, 11658]
[2337, 32.6, 30.2, 31.55, 32.45, 36764]
[2338, 58.1, 49.95, 57.70, 55.10, 26004]
[2340, 33.25, 30.4, 32.65, 31.65, 10542]
[2342, 34.1, 29.75, 34.10, 31.80, 5142]
[2344, 19.75, 18.5, 19.60, 19.55, 68697]
[2345, 283.0, 247.0, 278.50, 247.50, 15650]
[2347, 54.1, 52.4, 53.50, 52.80, 18174]
[2348, 71.1, 65.2, 71.10, 65.90, 280]
[2349, 7.49, 7.0, 7.38, 7.16, 3866]
[2351, 115.0, 101.5, 111.00, 107.00, 5571]
[2352, 27.95, 25.3, 27.05, 26.15, 25770]
[2353, 22.1, 21.2, 21.50, 22.05, 44995]
[2354, 46.9, 45.25, 46.65, 46.10, 9020]
[2355, 28.45, 26.0, 28.40, 26.95, 4005]
[2356, 23.5, 22.75, 22.95, 23.15, 41626]
[2357, 235.0, 223.5, 227.00, 231.00, 11393]
[2358, 15.9, 13.6, 14.50, 15.55, 39775]
[2359, 24.3, 22.3, 24.10, 23.95, 7891]
[2360, 185.5, 168.0, 179.00, 181.50, 9947]
[2362, 31.25, 30.6, 31.00, 30.85, 723]
[2363, 16.7, 14.8, 16.50, 15.55, 9695]
[2364, 96.8, 66.7, 96.80, 66.70, 2084]
[2365, 10.3, 9.31, 10.30, 9.84, 3277]
[2367, 19.4, 17.8, 19.25, 18.60, 68854]
[2368, 93.9, 83.9, 88.80, 88.00, 88792]
[2369, 13.15, 11.8, 13.15, 12.65, 4790]
[2371, 33.1, 31.9, 32.65, 32.25, 30912]
[2373, 82.0, 79.1, 80.20, 80.30, 149]
[2374, 20.7, 19.3, 20.35, 20.40, 3780]
[2375, 51.2, 48.2, 50.50, 50.40, 1742]
[2376, 85.2, 81.9, 82.70, 82.10, 20636]
[2377, 110.5, 103.5, 105.00, 106.50, 20527]
[2379, 253.0, 232.5, 249.00, 246.00, 25226]
[2380, 12.5, 11.4, 12.15, 11.85, 2796]
[2382, 74.6, 72.2, 74.50, 72.50, 30443]
[2383, 150.5, 134.0, 149.00, 141.50, 11536]
[2385, 81.6, 79.2, 81.10, 79.30, 7996]
[2387, 36.5, 34.05, 35.80, 36.35, 2900]
[2388, 73.9, 59.6, 71.80, 64.00, 151444]
[2390, 12.7, 11.35, 12.40, 11.80, 3263]
[2392, 37.8, 34.8, 37.20, 36.60, 20605]
[2393, 35.0, 33.05, 35.00, 34.55, 2978]
[2395, 299.5, 289.0, 291.50, 292.50, 3862]
[2397, 59.0, 56.8, 58.50, 57.10, 68]
[2399, 12.2, 11.15, 12.20, 11.80, 2884]
[2401, 23.2, 20.25, 23.15, 22.35, 12824]
[2402, 18.15, 16.5, 17.55, 18.00, 14772]
[2404, 148.5, 139.0, 148.00, 145.00, 2501]
[2405, 12.65, 11.5, 12.60, 11.90, 9300]
[2406, 17.65, 16.0, 17.55, 17.10, 8197]
[2408, 55.6, 48.6, 49.20, 55.20, 92125]
[2409, 17.45, 15.3, 16.15, 17.15, 292333]
[2412, 110.0, 108.0, 109.50, 109.00, 40019]
[2413, 26.2, 22.05, 23.50, 26.20, 36493]
[2414, 29.2, 28.2, 28.30, 28.85, 592]
[2415, 23.8, 20.05, 23.80, 21.50, 1107]
[2417, 20.5, 18.8, 20.45, 19.60, 1654]
[2419, 28.0, 23.1, 26.55, 24.50, 57714]
[2420, 38.9, 37.5, 38.90, 38.25, 797]
[2421, 42.0, 37.3, 37.55, 41.75, 11509]
[2423, 26.4, 24.4, 26.40, 24.95, 1211]
[2424, 21.5, 18.5, 20.95, 19.85, 87]
[2425, 23.25, 21.8, 23.25, 22.65, 3357]
[2426, 15.95, 14.7, 15.95, 15.85, 2103]
[2427, 11.25, 10.55, 11.25, 11.00, 2572]
[2428, 117.5, 100.0, 117.50, 110.50, 2351]
[2429, 11.75, 9.8, 11.50, 10.45, 114]
[2430, 42.75, 39.55, 41.70, 41.75, 503]
[2431, 10.7, 9.92, 10.70, 10.25, 1008]
[2433, 47.5, 45.5, 47.00, 45.60, 150]
[2434, 29.2, 27.6, 29.20, 28.25, 93]
[2436, 41.5, 36.45, 41.50, 39.55, 5997]
[2438, 14.15, 13.6, 13.60, 13.85, 51]
[2439, 90.4, 83.2, 87.00, 90.00, 7101]
[2440, 12.15, 11.25, 12.05, 11.80, 784]
[2441, 49.0, 44.65, 49.00, 46.30, 8273]
[2442, 12.45, 12.05, 12.30, 12.35, 1770]
[2443, 2.9, 2.6, 2.90, 2.60, 131]
[2444, 11.5, 10.7, 11.50, 11.05, 1507]
[2449, 31.25, 29.65, 30.80, 31.15, 28819]
[2450, 30.0, 29.45, 30.00, 29.85, 198]
[2451, 66.7, 64.3, 65.70, 65.90, 1760]
[2453, 24.4, 22.85, 24.40, 23.70, 256]
[2454, 588.0, 538.0, 546.00, 585.00, 32282]
[2455, 58.5, 55.0, 56.50, 57.90, 5930]
[2457, 37.3, 33.4, 37.25, 35.05, 15625]
[2458, 83.2, 76.1, 83.20, 81.10, 8957]
[2459, 52.1, 48.9, 50.40, 50.80, 352]
[2460, 13.85, 12.15, 13.85, 13.05, 949]
[2461, 18.0, 17.35, 17.90, 17.65, 1122]
[2462, 25.35, 23.55, 25.05, 24.50, 739]
[2464, 37.55, 35.75, 36.80, 36.55, 1043]
[2465, 30.25, 25.05, 30.25, 26.70, 4130]
[2466, 32.3, 31.7, 32.20, 32.30, 231]
[2467, 46.15, 42.55, 46.15, 43.30, 965]
[2468, 19.15, 16.3, 16.90, 19.15, 16405]
[2471, 26.45, 25.0, 26.45, 25.60, 425]
[2472, 49.1, 42.5, 48.70, 46.85, 2504]
[2474, 173.5, 167.0, 170.00, 172.00, 11305]
[2476, 46.0, 40.95, 46.00, 43.60, 7608]
[2477, 18.3, 17.1, 18.30, 18.00, 370]
[2478, 40.95, 38.6, 39.80, 40.00, 836]
[2480, 80.6, 78.5, 79.30, 79.50, 803]
[2481, 55.7, 48.95, 55.70, 53.00, 18059]
[2482, 21.7, 19.15, 21.65, 20.60, 6144]
[2483, 27.15, 23.45, 27.15, 23.80, 6574]
[2484, 32.25, 28.9, 32.20, 31.10, 8971]
[2485, 17.95, 16.4, 17.95, 17.05, 4053]
[2486, 18.6, 16.25, 18.60, 17.00, 6195]
[2488, 29.0, 27.65, 29.00, 28.25, 621]
[2489, 9.96, 9.11, 9.96, 9.41, 5764]
[2491, 12.6, 11.05, 12.05, 11.90, 739]
[2492, 76.6, 71.6, 76.50, 75.30, 7090]
[2493, 40.35, 39.5, 40.20, 40.15, 868]
[2495, 16.55, 14.7, 16.55, 15.70, 2501]
[2496, 46.6, 45.55, 45.85, 45.85, 54]
[2497, 76.0, 64.8, 76.00, 68.60, 24995]
[2498, 53.5, 48.0, 53.50, 51.70, 154674]
[2501, 15.7, 15.15, 15.70, 15.50, 2432]
[2504, 23.8, 22.3, 23.80, 22.95, 11021]
[2505, 18.55, 17.8, 18.30, 18.35, 790]
[2506, 9.3, 8.68, 9.14, 9.04, 995]
[2509, 14.65, 14.05, 14.65, 14.35, 346]
[2511, 10.8, 10.4, 10.80, 10.70, 1802]
[2514, 16.65, 16.3, 16.65, 16.65, 348]
[2515, 8.08, 7.52, 8.04, 7.62, 23152]
[2516, 5.08, 4.71, 4.80, 5.08, 949]
[2520, 24.75, 23.8, 24.50, 24.15, 4264]
[2524, 33.85, 31.7, 32.80, 33.00, 102]
[2527, 20.4, 19.65, 20.35, 20.30, 1063]
[2528, 19.35, 18.7, 18.90, 19.00, 94]
[2530, 18.65, 17.3, 17.90, 17.85, 9084]
[2534, 24.55, 23.6, 24.30, 24.35, 4350]
[2535, 30.8, 29.9, 30.65, 30.55, 1718]
[2536, 22.85, 22.2, 22.65, 22.40, 1106]
[2537, 7.32, 6.9, 7.32, 7.07, 4332]
[2538, 12.75, 12.25, 12.75, 12.45, 5562]
[2539, 32.1, 31.0, 31.00, 31.85, 1228]
[2540, 99.9, 88.6, 97.00, 91.90, 664]
[2542, 39.5, 38.0, 38.50, 39.20, 13984]
[2543, 8.56, 8.1, 8.56, 8.39, 815]
[2545, 39.6, 38.0, 39.40, 39.30, 1443]
[2546, 48.6, 46.0, 48.60, 47.55, 315]
[2547, 9.53, 8.95, 9.50, 9.37, 2084]
[2548, 88.8, 86.0, 88.80, 86.50, 2156]
[2596, 17.9, 17.1, 17.70, 17.25, 254]
[2597, 84.1, 80.0, 82.00, 82.40, 252]
[2601, 8.68, 7.91, 8.68, 8.15, 8869]
[2603, 158.0, 143.5, 153.50, 152.50, 189884]
[2605, 19.5, 17.45, 19.25, 18.65, 12208]
[2606, 39.25, 34.8, 38.65, 36.15, 25501]
[2607, 31.35, 26.7, 31.30, 27.70, 39277]
[2608, 37.6, 35.2, 37.60, 35.45, 1518]
[2609, 64.9, 59.1, 63.50, 62.80, 202256]
[2610, 20.15, 16.6, 20.00, 16.90, 460973]
[2611, 14.1, 12.05, 14.10, 12.90, 3762]
[2612, 35.2, 31.6, 35.00, 33.50, 2889]
[2613, 25.8, 20.65, 25.80, 22.05, 5323]
[2614, 20.35, 19.0, 20.30, 19.60, 7593]
[2615, 73.5, 65.1, 71.80, 68.80, 78739]
[2616, 33.6, 32.9, 33.60, 33.10, 424]
[2617, 25.85, 23.5, 25.70, 24.40, 5837]
[2618, 28.9, 23.7, 28.80, 24.35, 453415]
[2630, 16.95, 15.7, 16.70, 16.45, 313]
[2633, 28.45, 27.55, 28.15, 27.80, 12828]
[2634, 34.05, 30.95, 33.10, 31.45, 24742]
[2636, 66.7, 58.4, 64.80, 62.20, 5558]
[2637, 58.4, 51.3, 57.80, 54.00, 36062]
[2640, 83.2, 80.7, 83.00, 82.80, 39]
[2641, 17.3, 14.5, 17.30, 15.50, 10703]
[2642, 45.5, 39.0, 45.50, 41.30, 1049]
[2643, 68.9, 65.7, 66.20, 68.20, 168]
[2701, 12.1, 11.6, 12.10, 11.85, 689]
[2702, 22.9, 20.0, 22.90, 20.50, 2569]
[2704, 31.2, 30.2, 30.80, 31.00, 843]
[2705, 17.45, 15.5, 17.45, 16.25, 3873]
[2706, 14.6, 13.75, 14.60, 14.10, 2221]
[2707, 196.0, 179.0, 188.50, 195.00, 7059]
[2712, 35.05, 32.35, 35.05, 33.75, 57]
[2718, 34.5, 33.7, 33.75, 34.00, 4]
[2719, 23.5, 22.8, 23.50, 22.80, 12]
[2722, 35.0, 31.3, 35.00, 32.20, 1108]
[2723, 106.0, 100.5, 104.00, 102.50, 3577]
[2724, 14.3, 14.15, 14.15, 14.30, 4]
[2726, 23.3, 22.2, 23.30, 22.80, 65]
[2727, 136.5, 124.0, 136.50, 129.00, 3102]
[2729, 205.0, 195.0, 201.00, 196.00, 271]
[2731, 96.6, 84.7, 95.50, 90.40, 10838]
[2732, 133.0, 109.0, 133.00, 113.50, 7837]
[2734, 33.9, 26.75, 33.45, 28.55, 1706]
[2736, 23.3, 19.0, 23.25, 20.25, 11224]
[2739, 29.4, 26.0, 28.70, 27.30, 220]
[2740, 50.0, 47.7, 50.00, 48.00, 47]
[2743, 67.1, 55.2, 63.80, 57.80, 15794]
[2745, 45.3, 36.15, 44.80, 39.10, 799]
[2748, 52.2, 46.6, 50.70, 49.85, 5099]
[2752, 189.5, 175.0, 180.00, 186.00, 173]
[2753, 191.0, 178.0, 181.50, 183.50, 3696]
[2754, 116.0, 101.0, 114.50, 110.00, 5535]
[2755, 82.5, 79.0, 82.50, 79.00, 43]
[2756, 93.8, 83.5, 93.80, 88.10, 84]
[2801, 16.9, 16.45, 16.85, 16.60, 29498]
[2809, 31.7, 30.05, 31.70, 31.45, 5582]
[2812, 13.2, 12.8, 13.15, 12.85, 23469]
[2816, 14.6, 13.75, 14.60, 13.95, 337]
[2820, 14.7, 14.25, 14.70, 14.45, 3069]
[2832, 20.0, 19.65, 20.00, 20.00, 757]
[2834, 12.8, 12.2, 12.65, 12.30, 162618]
[2836, 12.55, 12.0, 12.50, 12.20, 2313]
[2838, 14.85, 14.2, 14.45, 14.55, 9329]
[2845, 10.8, 10.5, 10.60, 10.55, 78612]
[2849, 14.6, 13.7, 14.00, 14.45, 621]
[2850, 45.95, 42.9, 45.95, 43.45, 2044]
[2851, 19.85, 18.75, 19.85, 18.95, 1482]
[2852, 13.9, 13.65, 13.90, 13.85, 830]
[2855, 14.75, 14.15, 14.75, 14.60, 3353]
[2867, 6.44, 6.0, 6.44, 6.10, 28367]
[2880, 21.8, 20.75, 21.65, 20.80, 60012]
[2881, 50.0, 48.1, 49.75, 48.45, 66221]
[2882, 39.95, 37.4, 39.70, 37.65, 198501]
[2883, 12.35, 11.6, 12.10, 11.65, 178222]
[2884, 25.0, 23.5, 25.00, 23.55, 182484]
[2885, 19.4, 19.0, 19.25, 19.10, 78840]
[2886, 30.4, 29.4, 30.30, 29.40, 104466]
[2887, 13.65, 12.85, 13.65, 12.90, 86285]
[2888, 8.23, 7.95, 8.20, 8.00, 140820]
[2889, 11.45, 11.1, 11.30, 11.40, 16355]
[2890, 17.25, 16.6, 16.85, 16.60, 80046]
[2891, 20.4, 19.6, 20.20, 19.80, 173403]
[2892, 25.3, 24.25, 25.25, 24.45, 86915]
[2897, 8.16, 7.86, 8.16, 8.00, 12058]
[2901, 23.45, 23.0, 23.15, 23.35, 307]
[2903, 19.1, 18.4, 19.10, 18.75, 2670]
[2904, 18.9, 17.2, 18.90, 17.50, 851]
[2905, 14.5, 13.85, 14.35, 14.40, 2403]
[2906, 17.1, 15.1, 17.10, 16.10, 6967]
[2908, 20.9, 20.2, 20.90, 20.70, 508]
[2910, 31.05, 30.35, 30.80, 30.85, 63]
[2911, 6.74, 6.34, 6.66, 6.59, 457]
[2912, 281.0, 268.0, 272.50, 275.50, 6901]
[2913, 20.95, 20.25, 20.45, 20.80, 6505]
[2915, 54.5, 49.85, 50.30, 51.00, 42947]
[2916, 22.5, 21.85, 22.50, 22.05, 96]
[2923, 20.8, 19.5, 20.00, 20.75, 44]
[2924, NaN, NaN, NaN, NaN, 0]
[2926, 49.05, 46.4, 48.05, 48.00, 43]
[2929, 10.7, 9.86, 10.70, 10.35, 920]
[2937, 37.2, 34.9, 37.20, 36.80, 59]
[2939, 32.3, 30.5, 31.55, 31.05, 301]
[2945, 37.4, 34.55, 37.40, 35.70, 141]
[2947, 99.0, 96.5, 96.50, 99.00, 9]
[3002, 12.1, 11.0, 11.90, 11.20, 593]
[3003, 72.1, 66.7, 72.10, 69.80, 3620]
[3004, 67.7, 61.5, 67.50, 62.40, 1275]
[3005, 42.0, 40.0, 41.55, 41.25, 4386]
[3006, 66.4, 60.5, 65.60, 64.60, 21092]
[3008, 1880.0, 1685.0, 1,755.00, 1,800.00, 4850]
[3010, 85.5, 78.7, 82.80, 80.70, 1477]
[3011, 14.65, 12.65, 14.60, 13.70, 3585]
[3013, 14.15, 13.45, 14.10, 13.90, 1324]
[3014, 59.2, 55.1, 58.90, 59.10, 2102]
[3015, 38.3, 36.5, 38.30, 37.45, 511]
[3016, 74.4, 66.1, 74.20, 70.50, 8303]
[3017, 109.5, 101.0, 107.50, 105.00, 32665]
[3018, 9.49, 8.6, 9.08, 9.09, 101]
[3019, 58.8, 55.2, 58.00, 58.20, 3762]
[3021, 22.65, 20.2, 22.30, 21.60, 3159]
[3022, 57.0, 53.3, 55.50, 55.50, 11250]
[3023, 291.0, 276.0, 282.00, 283.50, 5031]
[3024, 12.95, 12.15, 12.95, 12.75, 4096]
[3025, 24.6, 20.85, 24.15, 21.70, 13002]
[3026, 87.0, 83.5, 87.00, 85.70, 538]
[3027, 23.85, 20.4, 23.85, 22.45, 12417]
[3028, 25.95, 25.1, 25.85, 25.90, 1684]
[3029, 38.5, 37.15, 38.25, 38.35, 1205]
[3030, 62.4, 59.2, 62.00, 60.60, 2324]
[3031, 14.7, 13.8, 14.60, 14.40, 553]
[3032, 27.9, 27.0, 27.90, 27.20, 225]
[3033, 25.95, 25.2, 25.50, 25.70, 5805]
[3034, 245.5, 226.0, 231.50, 242.50, 21163]
[3035, 132.0, 118.5, 130.50, 130.00, 137731]
[3036, 63.6, 60.0, 62.00, 61.40, 10516]
[3037, 118.0, 106.5, 114.50, 118.00, 108862]
[3038, 21.0, 19.85, 20.15, 20.50, 3378]
[3040, 30.0, 28.4, 29.20, 29.30, 132]
[3041, 19.6, 16.95, 19.60, 18.00, 6640]
[3042, 78.9, 69.9, 70.10, 73.50, 14762]
[3043, 7.6, 6.57, 7.60, 6.68, 3536]
[3044, 93.1, 89.6, 90.20, 89.60, 5065]
[3045, 94.3, 91.2, 92.70, 91.50, 18733]
[3046, 61.7, 53.1, 53.50, 61.70, 120174]
[3047, 16.95, 15.15, 16.60, 16.40, 47519]
[3048, 27.95, 26.95, 27.80, 27.80, 2065]
[3049, 9.91, 9.04, 9.91, 9.50, 9024]
[3050, 15.95, 15.0, 15.50, 15.45, 8117]
[3051, 17.7, 15.65, 17.70, 16.55, 3946]
[3052, 9.92, 9.77, 9.90, 9.90, 404]
[3054, 21.0, 19.2, 20.25, 19.65, 442]
[3055, 26.65, 24.55, 24.80, 25.80, 301]
[3056, 31.5, 28.7, 30.75, 29.35, 3213]
[3057, 11.0, 9.99, 11.00, 10.15, 575]
[3058, 9.8, 9.1, 9.80, 9.35, 832]
[3059, 35.7, 32.55, 35.10, 34.25, 9909]
[3060, 17.6, 16.05, 17.60, 16.65, 1171]
[3062, 24.7, 22.5, 24.30, 23.75, 22649]
[3064, 11.35, 10.95, 10.95, 11.20, 14]
[3066, 23.35, 20.25, 23.35, 21.60, 516]
[3067, 38.0, 37.85, 37.85, 38.00, 5]
[3071, 25.05, 22.85, 25.05, 23.90, 1105]
[3073, 28.95, 28.5, 28.55, 28.95, 6]
[3078, 27.5, 24.6, 27.50, 25.50, 1149]
[3081, 136.5, 124.5, 135.00, 127.50, 4665]
[3083, 42.1, 39.0, 41.80, 41.20, 752]
[3085, 10.5, 9.4, 9.90, 10.50, 107]
[3086, 71.0, 58.7, 71.00, 64.60, 269]
[3088, 52.0, 49.8, 52.00, 50.60, 959]
[3089, 43.6, 39.1, 43.10, 39.90, 469]
[3090, 49.55, 47.75, 49.55, 48.55, 820]
[3092, 36.5, 31.4, 36.50, 34.05, 1653]
[3093, 89.3, 82.3, 87.50, 88.20, 322]
[3094, 25.05, 22.45, 25.05, 24.15, 1306]
[3095, 2.7, 2.5, 2.55, 2.50, 478]
[3105, 130.0, 117.5, 123.50, 128.50, 22144]
[3114, 26.65, 24.2, 26.10, 25.25, 1557]
[3115, 11.7, 10.3, 10.80, 11.10, 105]
[3118, 25.45, 25.0, 25.30, 25.05, 82]
[3122, 26.3, 23.0, 25.90, 24.95, 1168]
[3128, 28.25, 24.05, 28.00, 26.25, 15847]
[3130, 192.0, 189.5, 189.50, 191.00, 50]
[3131, 207.5, 188.0, 207.50, 190.00, 548]
[3138, 140.0, 116.0, 140.00, 121.50, 3353]
[3141, 85.2, 72.0, 85.20, 78.50, 16898]
[3147, 51.4, 49.0, 50.50, 50.40, 709]
[3149, 22.5, 19.8, 20.50, 22.40, 19736]
[3152, 165.0, 155.5, 164.00, 156.00, 341]
[3162, 44.65, 42.15, 44.25, 43.00, 4723]
[3163, 49.9, 44.4, 49.70, 47.20, 7819]
[3164, 24.4, 21.6, 24.40, 22.60, 2811]
[3167, 45.2, 40.3, 45.20, 41.15, 365]
[3169, 91.5, 80.2, 91.10, 88.20, 3684]
[3171, 16.2, 15.25, 15.80, 15.40, 32]
[3176, 34.05, 31.15, 33.50, 32.75, 846]
[3178, 56.5, 51.2, 55.20, 53.60, 473]
[3188, 11.25, 10.7, 11.25, 11.05, 979]
[3189, 99.5, 90.5, 96.20, 99.50, 46998]
[3191, 8.95, 7.63, 8.90, 8.20, 373]
[3202, 15.3, 13.3, 15.30, 13.80, 1044]
[3205, 43.4, 36.9, 43.05, 38.80, 3069]
[3206, 28.8, 27.75, 28.50, 28.20, 385]
[3207, 45.55, 41.15, 45.40, 45.20, 13053]
[3209, 34.0, 31.1, 34.00, 31.85, 3857]
[3211, 72.3, 67.9, 72.30, 69.60, 649]
[3213, 42.3, 39.55, 41.05, 40.35, 188]
[3217, 65.5, 58.9, 64.60, 61.40, 1562]
[3218, 274.0, 247.5, 270.00, 262.50, 2020]
[3219, 51.7, 37.9, 51.70, 39.05, 387]
[3221, 25.2, 22.55, 25.10, 24.05, 5740]
[3224, 42.8, 40.3, 42.80, 41.15, 1048]
[3226, 58.0, 56.0, 57.50, 56.50, 9]
[3227, 86.1, 79.0, 86.10, 81.70, 1118]
[3228, 223.5, 175.0, 218.00, 175.00, 4296]
[3229, 24.45, 20.9, 24.45, 20.90, 534]
[3230, 12.85, 12.1, 12.85, 12.45, 1580]
[3231, 26.75, 26.2, 26.65, 26.55, 33150]
[3232, 30.6, 28.1, 30.60, 29.10, 1027]
[3234, 22.2, 19.7, 21.95, 20.75, 1875]
[3236, 23.75, 20.1, 23.75, 22.30, 1430]
[3252, 22.45, 17.4, 22.00, 17.80, 10073]
[3257, 38.5, 34.6, 38.50, 35.50, 402]
[3259, 17.9, 17.0, 17.70, 17.40, 55]
[3260, 57.8, 54.1, 56.60, 56.50, 8920]
[3264, 43.25, 38.35, 43.10, 40.70, 14794]
[3265, 39.0, 36.25, 39.00, 38.40, 2304]
[3266, 10.95, 10.5, 10.90, 10.90, 170]
[3268, 21.35, 19.1, 21.35, 20.05, 237]
[3272, 40.8, 34.65, 36.35, 36.50, 11750]
[3276, 13.1, 11.5, 12.70, 12.00, 488]
[3284, 14.35, 13.1, 14.35, 13.90, 380]
[3285, 19.4, 18.2, 19.40, 19.10, 97]
[3287, 12.8, 11.5, 12.80, 12.20, 354]
[3288, 23.05, 20.6, 22.65, 22.30, 29]
[3289, 76.5, 60.9, 75.70, 67.90, 23217]
[3290, 20.35, 19.1, 20.25, 19.45, 696]
[3293, 354.0, 340.5, 350.00, 345.50, 1852]
[3294, 17.75, 16.15, 17.75, 16.90, 1056]
[3296, 17.7, 14.7, 17.55, 15.75, 5658]
[3297, 16.35, 14.6, 16.35, 15.10, 394]
[3303, 26.9, 24.9, 26.85, 25.70, 1699]
[3305, 40.4, 35.4, 40.30, 37.85, 3673]
[3306, 23.0, 20.65, 23.00, 21.35, 1137]
[3308, 12.3, 11.0, 12.10, 12.30, 107]
[3310, 40.3, 37.9, 40.20, 39.15, 313]
[3311, 33.2, 31.9, 32.85, 32.30, 364]
[3312, 16.95, 15.8, 16.80, 16.70, 1457]
[3313, 10.2, 9.5, 10.00, 9.79, 267]
[3317, 48.65, 43.0, 48.65, 46.80, 2024]
[3321, 9.1, 8.39, 9.10, 8.97, 618]
[3322, 18.05, 15.8, 18.00, 16.80, 1933]
[3323, 32.15, 28.45, 32.05, 29.50, 756]
[3324, 129.0, 116.5, 128.00, 120.00, 11337]
[3325, 12.25, 11.2, 12.00, 11.60, 594]
[3332, 40.9, 38.9, 39.60, 40.45, 129]
[3338, 32.5, 29.65, 32.50, 31.35, 1170]
[3339, 13.7, 12.45, 13.70, 12.65, 1082]
[3346, 34.95, 30.9, 34.80, 31.85, 6152]
[3349, 14.75, 13.5, 14.75, 14.25, 79]
[3354, 14.5, 12.55, 14.50, 13.00, 442]
[3356, 32.6, 28.2, 32.25, 31.10, 7922]
[3357, 78.0, 72.5, 78.00, 74.60, 229]
[3360, 13.75, 12.95, 13.75, 13.55, 548]
[3362, 62.5, 55.0, 62.40, 58.00, 6124]
[3363, 23.0, 21.6, 23.00, 22.10, 967]
[3372, 11.0, 10.1, 11.00, 10.45, 1760]
[3373, 24.05, 21.2, 23.60, 22.45, 949]
[3374, 93.0, 85.1, 91.10, 90.50, 9878]
[3376, 85.7, 78.4, 85.70, 79.70, 2623]
[3379, 11.85, 11.0, 11.60, 11.20, 161]
[3380, 29.2, 26.05, 28.90, 28.00, 8185]
[3388, 75.6, 71.6, 72.00, 72.90, 205]
[3390, 19.6, 17.05, 19.60, 18.30, 3335]
[3402, 43.6, 38.8, 43.60, 40.10, 876]
[3406, 356.5, 322.0, 350.50, 328.50, 17574]
[3413, 184.0, 166.0, 183.00, 174.00, 3516]
[3416, 80.5, 78.8, 80.40, 80.30, 403]
[3419, 16.9, 14.85, 16.90, 16.00, 3279]
[3426, 38.05, 37.8, 37.80, 37.90, 5]
[3430, 51.7, 41.95, 50.00, 44.40, 2057]
[3432, 19.4, 17.4, 19.40, 18.20, 3206]
[3434, 23.05, 20.5, 22.40, 21.75, 955]
[3437, 16.9, 15.15, 16.90, 16.15, 1107]
[3438, 49.95, 44.05, 49.40, 45.85, 1398]
[3441, 34.7, 31.0, 34.20, 32.40, 3534]
[3443, 548.0, 433.0, 548.00, 433.00, 33280]
[3444, 57.1, 52.9, 56.00, 55.80, 1230]
[3450, 39.35, 35.4, 38.80, 36.70, 1482]
[3454, 130.5, 118.5, 128.00, 130.50, 13312]
[3455, 83.8, 73.9, 83.80, 77.20, 2007]
[3465, 95.6, 86.0, 95.60, 90.30, 93]
[3466, 22.85, 20.0, 22.85, 21.85, 2199]
[3479, 57.4, 52.3, 57.00, 54.70, 2037]
[3481, 12.4, 10.8, 11.05, 12.25, 435630]
[3483, 48.65, 43.8, 48.30, 45.80, 1215]
[3484, 45.2, 39.6, 45.20, 41.70, 910]
[3489, 10.15, 9.36, 10.05, 9.98, 160]
[3490, 24.7, 23.0, 24.35, 23.60, 833]
[3491, 131.0, 116.0, 130.00, 123.50, 11642]
[3492, 17.95, 16.0, 17.95, 16.85, 398]
[3494, 9.73, 8.5, 9.73, 9.20, 3895]
[3498, 27.55, 24.0, 26.95, 24.60, 2593]
[3499, 15.2, 13.1, 14.85, 13.95, 900]
[3501, 46.0, 43.8, 46.00, 44.70, 504]
[3504, 83.5, 73.5, 83.10, 77.30, 10530]
[3508, 31.2, 27.05, 30.70, 28.75, 2820]
[3511, 37.35, 31.95, 37.25, 33.85, 4737]
[3512, 29.4, 27.7, 28.80, 28.90, 224]
[3515, 88.0, 82.1, 88.00, 87.40, 2422]
[3516, 17.1, 16.35, 16.90, 17.05, 435]
[3518, 23.0, 20.3, 23.00, 21.00, 1166]
[3520, 19.3, 16.7, 19.25, 17.70, 6065]
[3521, 27.4, 23.45, 27.35, 24.70, 5658]
[3522, 10.9, 10.05, 10.05, 10.60, 88]
[3523, 20.0, 19.0, 19.95, 20.00, 486]
[3526, 133.5, 109.0, 133.50, 111.50, 4427]
[3527, 96.5, 85.8, 95.50, 91.10, 952]
[3528, 51.0, 49.0, 49.60, 49.50, 40]
[3529, 1190.0, 985.0, 1,135.00, 1,055.00, 7097]
[3530, 70.9, 62.0, 70.90, 66.40, 665]
[3531, 27.9, 25.1, 25.80, 26.50, 940]
[3532, 139.0, 126.0, 137.00, 139.00, 13338]
[3533, 798.0, 718.0, 776.00, 725.00, 5110]
[3535, 26.95, 23.3, 26.95, 25.00, 9370]
[3536, 4.72, 4.28, 4.65, 4.70, 42]
[3537, 34.95, 32.9, 34.25, 33.45, 282]
[3540, 22.6, 20.4, 22.60, 21.50, 299]
[3541, 54.3, 49.95, 54.30, 50.10, 719]
[3543, 20.65, 19.45, 20.10, 20.20, 208]
[3545, 66.7, 59.8, 66.00, 65.60, 15125]
[3546, 73.0, 68.2, 73.00, 70.00, 599]
[3548, 58.4, 53.2, 58.40, 55.00, 805]
[3550, 13.65, 12.65, 13.65, 13.35, 348]
[3551, 55.0, 50.1, 54.60, 51.20, 529]
[3552, 157.5, 142.0, 155.00, 146.50, 19832]
[3555, 24.0, 21.6, 23.50, 23.10, 79]
[3556, 51.9, 49.0, 51.90, 50.20, 857]
[3557, 48.95, 46.0, 48.95, 47.45, 293]
[3558, 198.5, 179.0, 193.00, 194.50, 27730]
[3563, 127.0, 115.5, 127.00, 119.00, 560]
[3564, 30.5, 25.75, 30.50, 27.50, 599]
[3567, 25.5, 24.0, 25.50, 24.80, 169]
[3570, 90.0, 84.0, 90.00, 87.50, 167]
[3576, 21.65, 20.0, 21.40, 20.60, 24099]
[3577, 71.5, 67.0, 70.00, 68.90, 121]
[3580, 60.5, 52.0, 60.50, 52.70, 3389]
[3581, 20.65, 18.3, 20.35, 19.00, 89]
[3583, 68.1, 62.0, 67.90, 64.60, 1826]
[3587, 136.5, 112.0, 134.00, 123.50, 10028]
[3588, 49.95, 43.65, 49.95, 47.65, 1234]
[3591, 14.7, 13.15, 14.55, 14.15, 2146]
[3592, 215.5, 197.0, 215.00, 211.00, 2498]
[3593, 13.85, 13.25, 13.85, 13.50, 78]
[3594, 27.4, 24.05, 27.10, 25.55, 8774]
[3596, 100.5, 93.0, 98.00, 97.20, 6100]
[3597, 24.0, 22.7, 23.75, 23.15, 239]
[3605, 29.6, 27.3, 29.50, 28.95, 1377]
[3607, 12.6, 11.2, 12.60, 11.85, 856]
[3609, 47.85, 46.05, 47.00, 47.05, 57]
[3611, 188.0, 182.5, 185.00, 185.50, 107]
[3615, 16.4, 14.65, 16.40, 15.50, 526]
[3617, 95.5, 86.7, 94.00, 94.20, 1474]
[3622, 27.7, 25.15, 27.70, 25.60, 551]
[3623, 15.6, 13.75, 15.60, 14.65, 694]
[3624, 41.55, 36.75, 41.55, 39.60, 5665]
[3625, 15.3, 13.6, 15.10, 14.55, 786]
[3628, 39.1, 34.4, 37.80, 35.50, 295]
[3629, 42.0, 39.1, 42.00, 41.40, 11]
[3630, 28.0, 24.2, 28.00, 25.40, 1092]
[3631, 31.9, 27.6, 28.10, 30.40, 104]
[3632, 10.8, 9.58, 10.80, 9.75, 40]
[3642, 5.89, 5.11, 5.89, 5.14, 111]
[3645, 32.6, 28.85, 32.60, 30.80, 3207]
[3646, 21.4, 20.05, 21.20, 21.05, 649]
[3652, 22.35, 20.5, 22.25, 21.35, 206]
[3653, 419.0, 373.0, 410.00, 384.50, 6815]
[3661, 828.0, 670.0, 828.00, 670.00, 26312]
[3663, 25.95, 23.3, 25.95, 24.40, 399]
[3664, 12.45, 10.45, 12.05, 10.85, 1063]
[3665, 282.0, 252.5, 281.50, 253.50, 11238]
[3666, 19.0, 17.0, 18.55, 17.20, 1624]
[3669, 41.3, 36.8, 40.80, 39.20, 874]
[3672, 28.85, 24.7, 27.00, 28.85, 151]
[3673, 32.45, 29.75, 32.45, 31.65, 4915]
[3675, 190.0, 163.0, 185.00, 169.00, 8859]
[3679, 84.0, 76.7, 84.00, 79.40, 159]
[3680, 267.0, 215.0, 264.50, 215.50, 12685]
[3682, 6.3, 6.1, 6.15, 6.20, 6129]
[3684, 57.2, 51.4, 56.40, 52.00, 551]
[3685, 22.3, 19.2, 22.30, 19.90, 1762]
[3686, 13.55, 11.4, 13.55, 11.60, 1882]
[3687, 74.0, 66.2, 70.90, 70.00, 898]
[3689, 30.9, 28.7, 30.50, 29.75, 1572]
[3691, 115.0, 98.0, 111.00, 102.50, 1913]
[3693, 75.0, 65.2, 71.60, 65.20, 5000]
[3694, 19.45, 17.1, 19.45, 18.10, 831]
[3701, 37.0, 31.4, 37.00, 34.70, 4050]
[3702, 47.8, 46.0, 46.75, 46.10, 21664]
[3703, 30.2, 27.9, 29.80, 28.40, 13742]
[3704, 27.2, 25.05, 25.30, 26.85, 6350]
[3705, 39.45, 38.2, 39.45, 38.50, 1345]
[3706, 27.05, 26.15, 27.05, 26.55, 5623]
[3707, 93.8, 82.1, 93.80, 89.10, 35231]
[3708, 96.9, 86.7, 96.90, 88.80, 5718]
[3709, 21.8, 20.2, 21.10, 20.75, 151]
[3710, 12.85, 11.05, 12.70, 11.95, 14467]
[3711, 78.0, 71.5, 78.00, 75.80, 84647]
[3712, 24.9, 22.1, 24.90, 23.25, 1610]
[3713, 28.5, 27.0, 28.30, 28.30, 517]
[3714, 43.2, 40.55, 42.00, 43.00, 11219]
[3715, 17.6, 15.95, 17.60, 17.05, 5127]
[4102, 27.8, 23.5, 27.80, 25.90, 7285]
[4104, 65.5, 63.0, 64.70, 63.30, 1044]
[4105, 74.2, 71.0, 73.80, 72.90, 2468]
[4106, 24.75, 23.0, 24.75, 23.95, 1357]
[4107, 116.0, 107.0, 116.00, 108.00, 731]
[4108, 18.1, 17.2, 18.10, 17.70, 866]
[4109, 15.05, 14.3, 14.95, 14.35, 1170]
[4111, 23.6, 22.8, 23.30, 23.25, 581]
[4113, 12.25, 11.65, 12.25, 11.95, 619]
[4114, 35.3, 32.35, 35.25, 34.70, 22416]
[4116, 60.0, 51.4, 60.00, 55.50, 3270]
[4119, 91.5, 85.0, 91.30, 88.20, 1457]
[4120, 36.15, 34.55, 35.80, 34.80, 364]
[4121, 20.2, 19.0, 20.20, 19.90, 2086]
[4123, 48.3, 45.1, 47.00, 45.75, 3269]
[4126, 67.5, 66.0, 67.50, 66.70, 170]
[4127, 13.85, 12.8, 13.80, 13.30, 538]
[4128, 63.9, 57.2, 63.40, 60.30, 35031]
[4129, 32.35, 29.9, 30.80, 31.00, 862]
[4130, 23.85, 21.6, 23.50, 22.35, 1145]
[4131, 21.8, 19.4, 21.80, 19.65, 42]
[4133, 34.2, 31.3, 33.55, 32.90, 3330]
[4137, 158.0, 148.0, 157.00, 152.00, 662]
[4138, 58.5, 57.0, 58.30, 57.40, 166]
[4139, 49.9, 46.85, 49.80, 48.50, 326]
[4142, 34.85, 32.25, 34.50, 33.05, 6325]
[4147, 60.2, 54.6, 60.20, 57.50, 4432]
[4148, 59.4, 51.2, 59.40, 53.40, 1881]
[4153, 28.25, 25.8, 28.25, 26.90, 396]
[4154, 45.45, 44.9, 45.00, 45.00, 171]
[4155, 24.85, 22.5, 24.85, 22.80, 5719]
[4157, 15.4, 14.0, 15.40, 14.60, 9058]
[4160, 24.85, 23.3, 24.85, 23.80, 32]
[4161, 24.5, 23.0, 24.30, 24.00, 137]
[4162, 110.5, 96.4, 108.50, 105.50, 48785]
[4163, 96.8, 89.8, 96.80, 92.20, 517]
[4164, 43.45, 38.3, 43.45, 39.70, 1897]
[4167, 17.5, 15.8, 17.50, 16.65, 3161]
[4168, 30.7, 27.15, 30.70, 28.70, 16517]
[4171, 51.5, 46.0, 51.20, 50.70, 2321]
[4173, 17.7, 16.6, 17.70, 17.05, 580]
[4174, 72.7, 66.8, 72.70, 70.00, 2750]
[4175, 71.3, 68.8, 69.80, 69.70, 206]
[4183, 18.8, 17.15, 17.70, 18.30, 22]
[4188, 16.2, 15.2, 16.20, 15.40, 86]
[4190, 71.4, 63.7, 71.20, 71.40, 663]
[4192, 27.8, 26.2, 27.50, 26.30, 198]
[4198, 27.5, 24.5, 24.60, 25.85, 14]
[4205, 101.0, 98.9, 101.00, 100.50, 64]
[4207, 12.4, 11.7, 12.40, 12.15, 741]
[4303, 16.3, 14.6, 15.85, 15.30, 769]
[4304, 9.81, 8.82, 9.60, 9.08, 634]
[4305, 30.55, 29.45, 30.55, 29.65, 8]
[4306, 13.8, 13.35, 13.80, 13.70, 2816]
[4401, 27.9, 26.4, 27.00, 27.75, 185]
[4402, 11.2, 10.05, 10.90, 10.25, 3086]
[4406, 10.8, 10.4, 10.65, 10.60, 139]
[4413, 16.3, 13.75, 16.30, 14.70, 879]
[4416, 79.3, 77.2, 78.30, 78.60, 6]
[4417, 35.7, 33.65, 35.60, 34.65, 860]
[4419, NaN, NaN, NaN, NaN, 0]
[4420, 30.25, 29.0, 29.00, 30.10, 35]
[4426, 23.65, 22.0, 23.60, 23.00, 2183]
[4430, 22.55, 21.55, 21.60, 21.80, 23]
[4432, 24.5, 20.8, 24.50, 23.00, 2897]
[4433, 31.7, 29.45, 31.00, 30.00, 175]
[4438, 144.5, 137.5, 139.50, 141.00, 3764]
[4439, 103.0, 100.0, 101.00, 103.00, 32]
[4440, 34.05, 33.0, 33.50, 33.60, 51]
[4502, 39.9, 36.9, 37.20, 38.00, 71]
[4503, 36.75, 31.8, 36.30, 32.15, 2438]
[4506, 74.0, 69.6, 73.90, 72.50, 213]
[4510, 10.25, 9.96, 10.20, 10.15, 428]
[4513, 27.3, 25.25, 27.30, 25.75, 973]
[4523, 29.9, 26.35, 29.90, 27.65, 158]
[4526, 14.05, 13.1, 13.90, 13.40, 745]
[4527, 26.5, 26.0, 26.30, 26.20, 159]
[4528, 32.85, 30.8, 32.60, 31.80, 127]
[4529, 10.5, 9.59, 9.91, 9.59, 349]
[4530, 6.49, 5.85, 6.30, 6.47, 232]
[4532, 17.05, 15.5, 17.05, 16.10, 4098]
[4533, 12.2, 10.4, 10.40, 11.50, 13875]
[4534, 9.0, 8.4, 8.75, 8.87, 347]
[4535, 39.75, 38.75, 39.75, 39.25, 52]
[4536, 167.5, 151.5, 154.00, 165.50, 2413]
[4538, 19.6, 18.15, 19.60, 18.75, 107]
[4540, 36.5, 32.1, 36.50, 33.75, 906]
[4541, 30.75, 26.0, 30.75, 26.90, 4937]
[4542, 24.1, 23.3, 23.50, 23.35, 12]
[4543, 24.3, 21.15, 24.15, 22.35, 2722]
[4545, 28.65, 26.5, 27.80, 27.35, 113]
[4549, 91.0, 87.4, 89.50, 89.20, 353]
[4550, 22.1, 20.7, 21.60, 20.80, 66]
[4551, 158.5, 139.0, 157.50, 141.00, 5168]
[4552, 29.15, 27.8, 28.20, 28.55, 195]
[4554, 29.1, 25.7, 29.00, 27.25, 245]
[4555, 50.3, 49.1, 49.90, 49.70, 414]
[4556, 31.7, 30.75, 30.75, 31.70, 6]
[4557, 118.5, 108.0, 118.50, 111.00, 800]
[4558, 24.5, 22.05, 24.15, 22.75, 86]
[4560, 39.85, 39.0, 39.85, 39.35, 221]
[4561, 25.05, 22.6, 24.00, 23.60, 139]
[4562, 15.5, 13.7, 14.80, 15.50, 559]
[4563, 32.6, 29.9, 32.40, 31.35, 69]
[4564, 25.25, 23.0, 25.25, 23.45, 1388]
[4566, 55.1, 50.4, 55.00, 53.60, 3935]
[4568, 63.9, 61.2, 63.00, 61.90, 38]
[4571, 71.8, 65.6, 71.70, 66.90, 95]
[4572, 127.5, 113.5, 127.50, 120.00, 1951]
[4576, 70.5, 62.5, 70.00, 65.00, 334]
[4577, 30.85, 27.55, 30.50, 27.80, 234]
[4580, 86.1, 82.3, 86.00, 82.50, 355]
[4581, 32.2, 30.2, 32.00, 32.20, 38]
[4583, 198.0, 185.0, 195.50, 189.50, 131]
[4584, 48.6, 44.55, 48.60, 44.55, 618]
[4609, 8.78, 7.91, 8.68, 8.05, 29]
[4702, 12.65, 11.45, 12.60, 12.10, 1156]
[4706, 17.1, 16.7, 17.10, 16.95, 42]
[4707, 11.85, 11.4, 11.80, 11.45, 1898]
[4711, 14.45, 13.6, 14.45, 14.00, 128]
[4712, 4.16, 4.15, 4.15, 4.16, 3]
[4714, 11.0, 10.15, 11.00, 10.75, 804]
[4716, 12.5, 12.0, 12.25, 12.35, 421]
[4720, 15.15, 13.4, 15.05, 13.95, 3155]
[4721, 110.0, 94.5, 107.00, 97.60, 8197]
[4722, 34.4, 32.4, 34.40, 33.70, 210]
[4726, 38.35, 35.0, 37.40, 36.20, 6237]
[4728, 154.5, 140.0, 144.00, 147.50, 553]
[4729, 13.9, 12.65, 13.70, 13.35, 121]
[4735, 33.5, 32.45, 33.50, 33.10, 71]
[4736, 168.5, 159.0, 166.00, 166.50, 2742]
[4737, 76.2, 71.6, 75.90, 74.20, 407]
[4739, 93.3, 81.8, 93.00, 87.40, 8898]
[4741, 26.6, 24.75, 26.60, 24.75, 36]
[4743, 261.0, 230.0, 251.00, 243.50, 50214]
[4744, 25.45, 23.7, 25.30, 24.60, 370]
[4745, 25.05, 23.45, 24.20, 24.25, 159]
[4746, 50.8, 45.95, 50.80, 48.80, 2547]
[4747, 32.0, 30.8, 31.50, 30.90, 60]
[4754, 35.8, 34.25, 35.10, 34.30, 140]
[4755, 113.5, 103.0, 113.00, 109.50, 3192]
[4760, 46.8, 43.55, 46.80, 44.85, 149]
[4763, 129.5, 117.5, 127.00, 123.00, 5700]
[4764, 50.4, 46.45, 48.60, 48.50, 41]
[4766, 133.5, 127.0, 133.50, 129.00, 519]
[4767, 26.0, 25.35, 26.00, 25.50, 13]
[4768, 205.0, 165.0, 198.00, 178.00, 6056]
[4770, 334.5, 280.5, 329.50, 287.00, 2487]
[4804, 10.6, 9.4, 10.60, 10.10, 1105]
[4806, 9.39, 8.11, 9.39, 8.48, 27]
[4807, 19.95, 18.85, 19.00, 19.50, 40]
[4903, 10.1, 9.34, 9.90, 9.87, 252]
[4904, 70.3, 67.1, 67.90, 68.20, 19181]
[4905, 52.0, 50.6, 52.00, 50.60, 5]
[4906, 28.3, 26.35, 28.10, 27.65, 13368]
[4907, 24.9, 23.15, 24.55, 23.75, 139]
[4908, 35.0, 30.0, 35.00, 32.20, 1762]
[4909, 16.5, 15.55, 16.50, 16.20, 412]
[4911, 61.5, 50.5, 60.80, 52.40, 866]
[4912, 83.0, 62.8, 82.10, 70.50, 2056]
[4915, 62.8, 59.4, 62.00, 61.40, 13228]
[4916, 23.3, 21.1, 23.30, 21.80, 1734]
[4919, 110.0, 94.1, 109.00, 103.50, 39518]
[4923, 44.25, 41.5, 43.80, 42.70, 127]
[4924, 13.9, 13.2, 13.75, 13.50, 50]
[4927, 51.4, 46.2, 51.40, 49.15, 7698]
[4930, 25.65, 23.7, 25.65, 24.30, 338]
[4931, 44.55, 40.0, 44.10, 44.00, 68676]
[4933, 30.6, 28.3, 30.60, 29.15, 164]
[4934, 25.25, 22.85, 25.15, 24.00, 2496]
[4935, 52.3, 47.1, 51.80, 50.20, 683]
[4938, 58.2, 56.6, 57.60, 57.30, 18331]
[4939, 15.5, 14.5, 15.50, 15.10, 738]
[4942, 33.6, 32.1, 33.25, 32.70, 891]
[4943, 11.5, 9.81, 11.50, 10.40, 1706]
[4944, 17.6, 15.6, 16.00, 15.70, 208]
[4945, 47.35, 41.4, 47.35, 43.85, 185]
[4946, 46.5, 39.5, 46.50, 40.40, 144]
[4950, 22.4, 20.9, 22.00, 22.25, 934]
[4952, 45.8, 42.0, 45.80, 45.35, 2026]
[4953, 82.1, 75.9, 82.10, 78.80, 432]
[4956, 14.9, 13.35, 14.90, 14.10, 649]
[4958, 111.5, 103.0, 106.00, 111.00, 16825]
[4960, 10.15, 9.27, 10.15, 9.57, 7269]
[4961, 99.8, 87.0, 98.50, 98.00, 10824]
[4966, 696.0, 629.0, 670.00, 696.00, 6840]
[4967, 34.55, 29.35, 34.55, 30.25, 1263]
[4968, 99.7, 88.2, 97.00, 97.00, 6911]
[4971, 62.0, 57.5, 62.00, 59.20, 474]
[4972, 30.45, 29.95, 30.20, 30.35, 146]
[4973, 19.95, 18.1, 19.90, 18.85, 287]
[4974, 53.9, 51.4, 53.90, 52.90, 478]
[4976, 37.6, 32.25, 36.80, 34.80, 3541]
[4977, 108.5, 97.1, 107.50, 102.50, 6965]
[4979, 36.0, 29.9, 35.05, 31.45, 8829]
[4987, 55.0, 52.8, 53.20, 54.70, 141]
[4989, 23.3, 21.2, 23.30, 22.30, 627]
[4991, 38.75, 36.4, 38.05, 37.75, 132]
[4994, 38.4, 36.6, 38.20, 37.15, 338]
[4995, 36.3, 35.4, 35.65, 35.80, 103]
[4999, 36.15, 34.05, 36.15, 35.30, 154]
[5007, 53.2, 51.3, 52.00, 53.20, 157]
[5009, 31.95, 29.3, 31.30, 30.65, 88662]
[5011, 21.95, 20.2, 21.40, 20.80, 1948]
[5013, 34.25, 33.25, 33.30, 34.00, 156]
[5014, 13.7, 12.15, 13.70, 12.70, 3177]
[5015, 60.0, 55.7, 57.20, 60.00, 917]
[5016, 29.25, 28.0, 29.20, 29.15, 59]
[5201, 29.15, 27.95, 29.00, 28.20, 40]
[5202, 16.4, 15.35, 16.25, 15.95, 89]
[5203, 89.7, 82.0, 88.30, 85.10, 693]
[5205, 38.75, 35.05, 38.75, 37.60, 36]
[5206, 14.0, 13.6, 13.90, 13.90, 224]
[5209, 71.8, 69.0, 71.00, 70.20, 57]
[5210, 17.0, 15.85, 17.00, 16.30, 236]
[5211, 19.5, 17.1, 19.50, 17.70, 693]
[5212, 37.25, 35.0, 37.25, 35.00, 77]
[5213, 21.4, 20.7, 21.30, 21.20, 998]
[5215, 50.7, 43.3, 48.20, 44.55, 4203]
[5220, 29.25, 28.15, 28.30, 28.75, 53]
[5222, 128.5, 114.0, 126.50, 121.50, 2220]
[5223, 39.05, 36.5, 38.50, 37.50, 99]
[5225, 36.85, 32.95, 35.80, 34.15, 8267]
[5227, 75.0, 64.1, 72.00, 71.60, 10947]
[5228, 23.05, 19.85, 23.05, 20.20, 1316]
[5230, 23.5, 22.7, 23.20, 23.20, 96]
[5234, 62.2, 56.1, 61.70, 59.00, 994]
[5236, 66.8, 59.3, 65.00, 62.40, 567]
[5243, 65.1, 59.5, 62.00, 63.80, 20715]
[5244, 24.3, 21.15, 24.30, 22.85, 215]
[5245, 59.0, 49.95, 59.00, 52.20, 1545]
[5251, 26.35, 22.05, 26.20, 23.80, 7357]
[5258, 62.5, 55.0, 62.10, 58.70, 43662]
[5263, 110.0, 104.5, 109.50, 106.50, 558]
[5269, 679.0, 626.0, 678.00, 639.00, 3041]
[5272, 26.05, 22.9, 26.05, 24.35, 1651]
[5274, 1790.0, 1585.0, 1,700.00, 1,690.00, 3174]
[5276, 14.4, 13.05, 14.40, 13.50, 54]
[5278, 168.0, 155.5, 168.00, 160.00, 118]
[5281, 15.45, 14.0, 15.45, 14.40, 21]
[5283, 103.5, 100.0, 103.00, 101.50, 230]
[5284, 50.1, 45.75, 50.10, 47.80, 970]
[5285, 66.1, 59.7, 66.10, 65.70, 1518]
[5287, 187.0, 178.0, 187.00, 180.00, 159]
[5288, 191.0, 172.5, 181.00, 176.00, 1560]
[5289, 156.0, 151.0, 156.00, 151.00, 697]
[5291, 34.8, 33.15, 34.70, 34.35, 405]
[5299, 93.6, 85.0, 93.60, 91.00, 818]
[5301, 9.89, 9.13, 9.13, 9.89, 147]
[5302, 8.7, 7.83, 8.57, 8.20, 436]
[5306, 143.0, 136.0, 137.00, 140.50, 483]
[5309, 38.2, 34.85, 38.20, 36.35, 4900]
[5310, 29.5, 26.0, 27.50, 27.95, 96]
[5312, 59.2, 57.8, 58.10, 58.10, 121]
[5314, 4.15, 3.8, 4.15, 4.10, 359]
[5315, 16.15, 15.5, 16.15, 15.85, 381]
[5321, 73.5, 59.5, 62.50, 67.50, 4291]
[5324, 8.98, 8.62, 8.97, 8.69, 124]
[5328, 8.94, 8.48, 8.94, 8.75, 407]
[5340, 24.55, 22.0, 24.55, 22.70, 499]
[5344, 16.6, 13.9, 16.60, 14.50, 252]
[5345, 6.0, 5.8, 6.00, 5.81, 33]
[5347, 64.2, 59.2, 64.20, 63.50, 23677]
[5348, 11.3, 9.82, 10.95, 10.95, 26]
[5351, 33.2, 29.15, 33.00, 31.70, 21676]
[5353, 40.0, 35.85, 39.80, 37.05, 10959]
[5355, 6.07, 5.52, 6.07, 5.75, 400]
[5356, 21.5, 19.1, 21.50, 20.15, 449]
[5364, 23.2, 20.4, 23.20, 22.00, 491]
[5371, 54.3, 49.0, 54.30, 51.40, 5749]
[5381, 6.13, 5.71, 5.89, 5.80, 162]
[5383, 26.85, 24.7, 26.50, 25.95, 166]
[5386, 29.6, 25.8, 29.60, 27.90, 242]
[5388, 85.8, 78.1, 84.50, 81.80, 22448]
[5392, 21.15, 18.85, 21.15, 19.55, 623]
[5398, 17.45, 16.5, 16.85, 17.15, 18]
[5403, 68.3, 64.7, 68.30, 64.80, 562]
[5410, 31.0, 25.0, 28.20, 25.95, 18661]
[5425, 76.2, 68.6, 73.00, 74.00, 66183]
[5426, 14.8, 12.45, 14.80, 13.20, 4705]
[5432, 32.45, 26.75, 32.45, 27.60, 94]
[5434, 154.0, 147.5, 152.50, 151.00, 1853]
[5438, 16.6, 15.0, 16.60, 16.50, 129]
[5439, 40.2, 38.7, 40.15, 38.95, 563]
[5443, 26.05, 24.3, 26.00, 25.50, 1133]
[5450, 17.8, 16.65, 17.80, 17.05, 240]
[5452, 14.6, 13.5, 14.60, 13.90, 735]
[5455, 28.1, 28.0, 28.10, 28.05, 20]
[5457, 50.2, 43.6, 50.00, 46.10, 5189]
[5460, 11.3, 10.6, 11.10, 11.25, 201]
[5464, 22.0, 20.0, 21.90, 21.30, 584]
[5465, 17.55, 15.6, 17.30, 15.95, 1143]
[5468, 18.2, 16.6, 17.60, 17.00, 237]
[5469, 29.85, 27.25, 29.45, 28.55, 3696]
[5471, 47.1, 44.0, 47.00, 46.30, 1304]
[5474, 64.8, 60.0, 64.00, 61.70, 166]
[5475, 11.9, 10.25, 11.85, 10.50, 2035]
[5478, 73.4, 70.9, 71.70, 72.10, 471]
[5481, 12.9, 12.05, 12.65, 12.40, 137]
[5483, 126.5, 115.0, 125.50, 121.50, 28044]
[5484, 13.3, 12.6, 13.20, 13.10, 40]
[5487, 28.25, 26.55, 27.00, 28.10, 19]
[5488, 10.7, 10.15, 10.40, 10.50, 1547]
[5489, 35.2, 34.0, 34.00, 34.70, 91]
[5490, 22.0, 21.15, 22.00, 21.35, 331]
[5493, 52.8, 49.6, 52.80, 50.10, 87]
[5498, 10.4, 9.65, 10.15, 9.85, 795]
[5508, 65.3, 62.8, 65.30, 63.80, 316]
[5511, 29.9, 29.3, 29.80, 29.70, 56]
[5512, 8.75, 8.4, 8.72, 8.49, 2379]
[5514, 18.95, 17.85, 18.95, 18.25, 136]
[5515, 11.35, 10.85, 11.35, 11.05, 749]
[5516, 17.9, 17.45, 17.75, 17.70, 131]
[5519, 21.8, 20.85, 21.80, 21.10, 889]
[5520, 55.0, 54.0, 55.00, 54.20, 8]
[5521, 6.7, 6.2, 6.70, 6.40, 3356]
[5522, 59.6, 56.6, 58.90, 56.70, 3323]
[5523, 25.5, 24.5, 25.00, 25.50, 111]
[5525, 24.8, 23.95, 24.80, 24.60, 107]
[5529, 13.2, 12.0, 12.10, 12.70, 333]
[5530, 38.15, 36.2, 38.15, 36.45, 1066]
[5531, 9.58, 9.03, 9.58, 9.30, 1882]
[5533, 17.0, 16.1, 17.00, 16.55, 860]
[5534, 72.5, 70.6, 72.50, 71.60, 481]
[5536, 99.5, 91.0, 98.20, 94.30, 2013]
[5538, 47.25, 43.25, 43.50, 44.60, 252]
[5543, 58.3, 55.0, 55.50, 57.50, 23]
[5546, 50.4, 48.0, 50.40, 49.90, 112]
[5601, NaN, NaN, NaN, NaN, 0]
[5603, 23.7, 20.45, 23.70, 20.60, 1927]
[5604, 50.0, 49.0, 50.00, 49.30, 117]
[5607, 60.4, 56.2, 57.70, 57.40, 4583]
[5608, 27.9, 24.05, 27.90, 25.30, 18804]
[5609, 65.7, 60.5, 63.90, 63.00, 2264]
[5701, 3.02, 2.8, 3.02, 2.95, 551]
[5703, 18.75, 16.1, 18.35, 16.35, 562]
[5704, 54.5, 47.1, 48.00, 48.40, 25508]
[5706, 58.9, 49.6, 57.90, 50.40, 12031]
[5820, 11.65, 11.6, 11.65, 11.65, 1043]
[5864, 9.86, 9.6, 9.80, 9.78, 238]
[5871, 180.5, 165.0, 179.50, 170.50, 22675]
[5876, 48.45, 47.4, 48.30, 48.20, 26197]
[5878, 47.1, 47.0, 47.00, 47.10, 4]
[5880, 25.5, 24.5, 25.40, 24.50, 69073]
[5902, 38.0, 34.05, 38.00, 35.35, 424]
[5903, 189.5, 182.0, 189.50, 183.00, 153]
[5904, 438.0, 395.5, 400.00, 424.50, 3604]
[5905, 12.7, 10.85, 12.70, 11.20, 6869]
[5906, 30.5, 29.0, 30.00, 30.25, 35]
[5907, 14.05, 13.25, 13.85, 13.85, 346]
[6005, 10.25, 10.0, 10.10, 10.15, 8918]
[6015, 9.7, 8.94, 9.70, 9.46, 2080]
[6016, 9.73, 9.2, 9.62, 9.42, 2859]
[6020, 18.7, 18.0, 18.60, 18.60, 92]
[6021, 19.8, 19.3, 19.70, 19.80, 200]
[6023, 47.2, 46.5, 47.20, 47.05, 228]
[6024, 35.25, 34.4, 35.15, 34.95, 515]
[6026, 10.35, 9.41, 9.90, 10.35, 5337]
[6101, 27.5, 23.8, 23.80, 26.25, 496]
[6103, 6.9, 6.9, 6.90, 6.90, 1]
[6104, 89.4, 78.0, 86.90, 85.80, 29416]
[6108, 16.15, 15.45, 15.90, 16.00, 364]
[6109, 14.5, 12.4, 14.20, 12.90, 6598]
[6111, 49.2, 42.8, 49.20, 44.00, 2405]
[6112, 33.05, 31.0, 32.45, 31.45, 334]
[6113, 16.8, 15.0, 16.70, 15.90, 2308]
[6114, 24.2, 20.8, 24.15, 21.60, 1094]
[6115, 41.15, 40.6, 41.10, 40.80, 473]
[6116, 12.15, 11.5, 12.00, 12.05, 59663]
[6117, 14.0, 12.9, 14.00, 13.20, 1859]
[6118, 31.45, 28.2, 31.00, 30.35, 13142]
[6120, 9.1, 8.55, 9.00, 8.97, 4120]
[6121, 271.0, 245.0, 269.00, 253.50, 2501]
[6122, 14.95, 13.2, 14.85, 13.80, 2526]
[6123, 56.2, 54.0, 55.60, 55.50, 442]
[6124, 28.55, 24.75, 28.55, 26.05, 1772]
[6125, 27.1, 24.05, 27.05, 25.45, 15583]
[6126, 23.3, 20.0, 22.95, 20.70, 1414]
[6127, 14.4, 12.2, 14.40, 13.20, 1478]
[6128, 28.15, 26.85, 27.70, 27.40, 395]
[6129, 30.6, 26.55, 30.45, 28.60, 14146]
[6130, 38.55, 36.6, 38.00, 37.45, 54]
[6133, 23.1, 19.85, 22.70, 21.25, 31710]
[6134, 19.25, 16.9, 18.80, 17.80, 671]
[6136, 17.8, 17.6, 17.80, 17.80, 344]
[6138, 109.5, 99.9, 107.00, 108.00, 5309]
[6139, 29.7, 28.2, 29.70, 28.85, 1845]
[6140, 16.4, 14.5, 16.40, 15.80, 1440]
[6141, 19.85, 16.5, 19.85, 17.55, 1644]
[6142, 9.93, 9.0, 9.66, 9.21, 4686]
[6143, 63.3, 58.1, 63.30, 60.80, 4701]
[6144, 15.45, 13.6, 14.75, 14.00, 21]
[6146, 227.5, 209.0, 226.50, 224.00, 2259]
[6147, 51.0, 49.2, 51.00, 50.30, 7179]
[6148, 12.25, 10.6, 12.25, 11.20, 282]
[6150, 49.25, 44.25, 49.20, 47.90, 2529]
[6151, 26.0, 25.25, 25.75, 25.40, 185]
[6152, 10.3, 9.2, 10.30, 9.88, 3533]
[6153, 26.55, 23.3, 26.20, 24.15, 30323]
[6154, 15.8, 15.15, 15.50, 15.20, 101]
[6155, 20.9, 19.9, 20.20, 20.70, 291]
[6156, 17.3, 15.1, 17.30, 16.30, 1073]
[6158, 26.5, 25.15, 26.10, 25.50, 265]
[6160, 15.05, 13.35, 14.65, 14.15, 1222]
[6161, 24.2, 23.05, 24.20, 23.65, 668]
[6163, 14.75, 13.55, 14.75, 14.05, 1324]
[6164, 10.0, 8.82, 10.00, 9.40, 1522]
[6165, 25.4, 24.3, 25.20, 25.05, 454]
[6166, 51.6, 48.5, 51.50, 49.95, 520]
[6167, 12.6, 11.15, 12.60, 11.65, 3623]
[6168, 16.35, 14.6, 16.35, 15.85, 2026]
[6169, 18.9, 17.65, 18.50, 18.35, 82]
[6170, 31.6, 29.4, 29.90, 30.75, 1312]
[6171, 25.8, 23.8, 25.80, 24.10, 304]
[6173, 35.5, 32.0, 35.50, 32.80, 1173]
[6174, 25.5, 24.0, 24.50, 24.75, 573]
[6175, 27.6, 22.5, 27.60, 24.00, 770]
[6176, 98.3, 94.4, 97.20, 96.00, 5321]
[6177, 26.9, 26.15, 26.75, 26.70, 1118]
[6179, 27.45, 25.8, 25.80, 26.40, 93]
[6180, 57.5, 53.0, 57.50, 53.90, 2161]
[6182, 39.25, 36.2, 39.00, 38.95, 26730]
[6183, 69.6, 63.2, 69.60, 65.10, 349]
[6184, 48.25, 46.9, 48.25, 48.25, 182]
[6185, 12.5, 11.6, 12.50, 12.20, 756]
[6186, 30.35, 28.2, 30.05, 28.50, 3132]
[6187, 63.8, 56.2, 63.30, 59.50, 4269]
[6188, 39.1, 36.85, 38.25, 37.65, 4609]
[6189, 36.5, 35.5, 36.50, 35.85, 942]
[6190, 34.3, 30.25, 34.20, 31.65, 5964]
[6191, 26.0, 23.8, 26.00, 24.95, 4280]
[6192, 70.5, 65.6, 70.50, 66.30, 762]
[6194, 21.5, 19.9, 20.05, 21.50, 225]
[6195, 47.5, 45.35, 46.00, 46.00, 48]
[6196, 107.5, 96.6, 104.50, 100.50, 3282]
[6197, 38.2, 35.5, 38.20, 36.60, 822]
[6198, 28.9, 26.85, 28.90, 28.55, 58]
[6199, 19.7, 16.25, 18.00, 16.65, 366]
[6201, 39.7, 38.85, 39.70, 39.45, 51]
[6202, 65.0, 59.5, 65.00, 63.20, 4611]
[6203, 46.5, 44.3, 44.50, 45.00, 208]
[6204, 50.0, 48.0, 48.50, 50.00, 29]
[6205, 77.7, 70.0, 77.70, 77.20, 10363]
[6206, 67.1, 61.7, 67.10, 63.40, 4799]
[6207, 25.5, 23.7, 25.50, 24.35, 565]
[6208, 47.35, 45.25, 46.65, 46.50, 1047]
[6209, 24.5, 21.5, 24.10, 22.95, 2295]
[6210, 38.0, 36.9, 38.00, 37.10, 54]
[6212, 51.0, 49.25, 51.00, 50.00, 24]
[6213, 58.0, 51.5, 58.00, 55.00, 8289]
[6214, 67.0, 64.2, 67.00, 65.40, 1898]
[6215, 20.6, 18.65, 20.60, 19.50, 912]
[6216, 25.4, 24.2, 25.40, 25.00, 2426]
[6217, 42.25, 37.1, 42.00, 40.50, 7882]
[6218, 18.85, 17.8, 18.00, 18.05, 212]
[6219, 11.4, 10.9, 11.30, 11.25, 2040]
[6220, 29.75, 23.25, 29.70, 23.55, 12274]
[6221, 54.0, 50.4, 52.20, 51.60, 310]
[6222, 16.9, 15.5, 15.50, 16.65, 34]
[6223, 83.7, 77.5, 82.70, 81.60, 2972]
[6224, 53.9, 49.7, 53.90, 52.50, 712]
[6225, 9.86, 7.4, 9.86, 7.40, 350]
[6226, 10.45, 9.35, 10.45, 10.05, 3291]
[6227, 37.45, 35.1, 36.20, 36.85, 432]
[6228, 13.8, 12.05, 13.35, 12.50, 196]
[6229, 23.9, 22.15, 23.80, 23.35, 533]
[6230, 107.0, 99.7, 101.50, 104.50, 169]
[6231, 76.4, 69.0, 69.70, 74.00, 3827]
[6233, 20.15, 17.3, 20.15, 18.45, 1751]
[6234, 18.0, 17.05, 18.00, 17.60, 350]
[6235, 34.4, 30.1, 33.45, 32.00, 18425]
[6236, 19.3, 19.3, 19.30, 19.30, 1]
[6237, 44.3, 39.05, 44.30, 42.55, 3903]
[6239, 76.0, 68.4, 76.00, 71.80, 16697]
[6240, 20.4, 17.4, 20.00, 17.85, 354]
[6241, 16.5, 13.8, 16.50, 14.15, 784]
[6242, 48.5, 45.0, 48.50, 46.90, 99]
[6243, 27.5, 23.0, 27.15, 24.10, 1307]
[6244, 26.7, 23.5, 26.70, 23.70, 8029]
[6245, 61.3, 54.0, 58.90, 57.60, 11084]
[6246, 14.5, 13.7, 13.85, 14.25, 81]
[6247, 12.3, 10.2, 10.30, 12.30, 79]
[6248, 22.45, 19.95, 20.20, 20.75, 2297]
[6257, 44.35, 41.85, 44.35, 43.70, 5738]
[6259, 20.95, 18.6, 20.60, 19.20, 82]
[6261, 56.8, 53.2, 56.80, 54.90, 1164]
[6263, 74.5, 72.3, 74.00, 73.90, 126]
[6264, 8.67, 7.77, 7.81, 8.18, 149]
[6265, 10.45, 9.25, 10.40, 9.80, 2074]
[6266, 23.8, 22.0, 23.80, 22.90, 1739]
[6269, 91.8, 88.2, 88.50, 91.10, 2780]
[6270, 21.75, 21.2, 21.30, 21.70, 190]
[6271, 168.0, 155.0, 163.00, 162.50, 9884]
[6274, 42.4, 39.15, 41.50, 42.40, 13668]
[6275, 25.0, 23.15, 25.00, 23.95, 1915]
[6276, 15.1, 13.55, 15.10, 13.80, 119]
[6277, 76.0, 75.0, 75.90, 75.70, 199]
[6278, 82.0, 74.5, 82.00, 78.40, 8880]
[6279, 177.5, 151.0, 172.00, 151.00, 18869]
[6281, 80.8, 80.0, 80.50, 80.70, 136]
[6282, 29.3, 27.1, 29.00, 28.15, 13441]
[6283, 32.3, 28.7, 31.65, 30.30, 1565]
[6284, 42.55, 38.6, 42.20, 40.40, 1513]
[6285, 91.5, 82.5, 86.50, 87.60, 34453]
[6287, 23.65, 20.7, 23.65, 20.80, 80]
[6288, 22.55, 19.95, 22.55, 20.75, 1491]
[6290, 56.6, 50.0, 56.60, 51.30, 9596]
[6291, 100.0, 98.5, 100.00, 98.50, 32]
[6292, 37.7, 35.9, 37.00, 36.30, 208]
[6294, 105.0, 103.0, 104.00, 105.00, 49]
[6404, 18.45, 18.1, 18.10, 18.45, 4]
[6405, 19.25, 18.0, 19.25, 18.65, 155]
[6409, 1375.0, 1285.0, 1,375.00, 1,330.00, 603]
[6411, 87.4, 78.1, 87.40, 82.50, 2975]
[6412, 68.2, 65.4, 67.50, 66.80, 843]
[6414, 194.0, 179.0, 193.00, 187.50, 2527]
[6415, 429.5, 400.0, 426.50, 416.50, 12104]
[6416, 94.1, 78.4, 94.10, 82.80, 1677]
[6417, 90.0, 85.3, 90.00, 87.80, 82]
[6418, 16.35, 14.8, 15.85, 15.60, 316]
[6419, 31.35, 28.65, 30.10, 28.90, 46]
[6425, 19.85, 18.95, 19.40, 19.15, 185]
[6426, 71.7, 61.9, 71.70, 63.40, 891]
[6431, 21.0, 19.6, 20.70, 20.30, 156]
[6432, 30.75, 26.25, 29.90, 29.95, 551]
[6435, 95.0, 87.0, 95.00, 93.50, 810]
[6438, 89.7, 81.6, 88.90, 81.80, 2703]
[6441, 41.8, 36.6, 41.80, 38.50, 353]
[6442, 44.6, 39.9, 44.60, 41.20, 2779]
[6443, 38.3, 33.65, 38.25, 35.30, 67726]
[6446, 495.0, 431.5, 480.00, 486.50, 8816]
[6449, 40.4, 39.65, 40.30, 40.15, 120]
[6451, 86.2, 78.3, 85.00, 81.40, 1196]
[6456, 82.6, 76.0, 82.50, 81.60, 8347]
[6457, 58.4, 53.0, 58.30, 55.20, 485]
[6461, 37.7, 32.1, 37.70, 34.25, 17259]
[6462, 66.2, 59.7, 65.50, 60.90, 749]
[6464, 92.8, 83.3, 91.30, 92.70, 409]
[6465, 17.3, 16.5, 17.00, 16.80, 248]
[6469, 294.5, 275.0, 282.50, 282.00, 4287]
[6470, 52.5, 46.8, 52.50, 49.40, 2491]
[6472, 362.0, 300.0, 342.00, 303.00, 34271]
[6477, 45.35, 41.5, 45.30, 43.40, 9001]
[6482, 44.0, 43.0, 43.00, 43.00, 4]
[6485, 62.0, 55.1, 61.50, 58.50, 1774]
[6486, 60.9, 59.0, 59.70, 60.90, 86]
[6488, 356.0, 331.5, 355.50, 353.00, 10790]
[6491, 374.0, 321.5, 374.00, 326.00, 1650]
[6492, 49.55, 44.75, 48.80, 45.75, 743]
[6494, 60.0, 54.9, 59.30, 58.70, 647]
[6496, 27.9, 26.9, 26.90, 27.40, 59]
[6499, 56.1, 49.0, 56.10, 52.10, 1085]
[6504, 72.4, 68.7, 70.30, 72.00, 130]
[6505, 79.5, 75.2, 78.80, 77.90, 12311]
[6506, 19.05, 18.15, 19.05, 18.35, 337]
[6508, 41.3, 34.9, 41.10, 36.10, 5404]
[6509, 39.0, 35.15, 38.30, 35.75, 5998]
[6510, 415.0, 380.0, 410.00, 392.50, 640]
[6512, 22.8, 19.55, 22.80, 20.30, 335]
[6514, 51.8, 44.1, 51.80, 45.65, 332]
[6515, 378.5, 357.0, 378.50, 363.00, 1860]
[6516, 80.5, 76.2, 78.80, 78.10, 118]
[6523, 92.5, 84.1, 92.50, 86.90, 505]
[6525, 68.4, 59.5, 68.40, 62.40, 919]
[6527, 45.05, 41.75, 45.05, 43.05, 553]
[6530, 24.5, 20.6, 24.50, 21.50, 1223]
[6531, 150.5, 137.0, 150.50, 147.50, 11069]
[6532, 55.9, 49.05, 55.00, 52.50, 3531]
[6533, 395.0, 335.5, 390.00, 370.00, 32656]
[6535, 36.8, 35.0, 36.35, 36.55, 624]
[6538, 71.8, 63.2, 71.80, 66.70, 683]
[6541, 48.8, 43.05, 48.80, 45.40, 2251]
[6542, 46.5, 44.0, 46.30, 44.25, 25]
[6546, 98.6, 83.2, 96.80, 84.50, 3563]
[6547, 76.5, 68.7, 73.60, 69.70, 27466]
[6548, 31.8, 29.15, 31.80, 29.95, 3148]
[6550, 120.5, 90.0, 120.50, 98.00, 21678]
[6552, 32.75, 27.8, 32.75, 28.40, 561]
[6556, 70.7, 68.0, 68.20, 70.00, 36]
[6558, 19.2, 16.85, 19.20, 17.80, 326]
[6560, 33.65, 31.5, 33.30, 33.55, 80]
[6561, 282.0, 278.0, 281.50, 281.00, 43]
[6568, 128.5, 112.5, 128.00, 122.00, 2013]
[6569, 92.8, 87.0, 92.80, 90.80, 39]
[6570, 53.5, 47.85, 50.30, 52.70, 13023]
[6573, 13.65, 12.35, 13.25, 13.10, 227]
[6574, NaN, NaN, NaN, NaN, 0]
[6576, 85.7, 73.5, 84.00, 77.00, 1514]
[6577, 58.0, 56.0, 57.80, 58.00, 18]
[6578, 14.2, 12.9, 14.00, 13.50, 585]
[6579, 77.1, 69.0, 77.10, 71.90, 335]
[6581, 92.9, 87.7, 90.40, 89.60, 592]
[6582, 50.9, 48.0, 50.90, 50.10, 1013]
[6585, 50.5, 45.45, 50.10, 48.00, 821]
[6588, 34.45, 30.1, 33.00, 31.00, 81]
[6589, 118.0, 107.5, 112.50, 115.50, 34636]
[6590, 51.5, 50.1, 51.50, 50.10, 54]
[6591, 41.3, 37.05, 40.70, 38.60, 623]
[6592, 100.5, 95.4, 100.50, 97.40, 2419]
[6593, 40.1, 37.0, 38.10, 38.50, 22]
[6594, 27.45, 23.2, 27.00, 25.60, 174]
[6596, 43.95, 41.65, 43.90, 42.50, 61]
[6598, 27.8, 25.0, 27.80, 26.15, 1204]
[6603, 18.4, 17.0, 17.95, 17.90, 8423]
[6605, 69.4, 65.2, 69.20, 68.50, 3265]
[6609, 29.55, 26.9, 29.55, 27.85, 809]
[6612, 80.0, 71.0, 79.50, 75.00, 531]
[6613, 84.9, 79.6, 84.90, 81.60, 496]
[6615, 41.0, 39.9, 40.00, 39.95, 20]
[6616, 15.2, 13.0, 15.20, 13.45, 413]
[6624, 41.0, 39.3, 40.10, 40.00, 36]
[6625, 30.9, 29.05, 29.50, 29.60, 135]
[6629, 49.9, 48.0, 48.80, 49.90, 4]
[6640, 87.9, 87.3, 87.50, 87.90, 8]
[6641, 53.1, 51.0, 53.10, 52.50, 45]
[6642, 48.7, 38.05, 48.50, 39.50, 1061]
[6643, 363.5, 304.0, 359.00, 311.00, 9860]
[6649, 35.4, 31.7, 35.40, 32.20, 1078]
[6651, 58.6, 55.0, 58.60, 57.50, 270]
[6654, 48.0, 45.0, 48.00, 46.20, 39]
[6655, 134.0, 127.0, 134.00, 130.50, 35]
[6661, 22.3, 20.1, 22.30, 21.15, 56]
[6662, 30.5, 29.05, 29.25, 29.80, 44]
[6664, 83.1, 79.0, 83.10, 79.90, 403]
[6666, 78.7, 63.6, 69.40, 78.30, 2871]
[6667, 67.5, 58.6, 65.10, 61.10, 1482]
[6668, 37.5, 32.65, 37.50, 34.45, 943]
[6669, 816.0, 747.0, 811.00, 747.00, 3496]
[6670, 185.5, 177.0, 180.50, 181.00, 1089]
[6671, 39.1, 35.4, 39.10, 39.10, 16]
[6672, 61.0, 56.7, 60.40, 59.60, 850]
[6674, 24.5, 21.9, 24.50, 23.65, 41]
[6679, 199.0, 184.5, 196.00, 187.50, 1026]
[6680, 59.0, 54.1, 59.00, 56.70, 68]
[6683, 178.0, 154.0, 178.00, 156.00, 1310]
[6684, 47.75, 41.8, 47.65, 46.00, 429]
[6689, 128.0, 117.0, 128.00, 118.00, 458]
[6690, 109.0, 100.5, 108.00, 104.00, 93]
[6691, 169.0, 154.0, 169.00, 159.50, 351]
[6693, 69.4, 63.3, 67.90, 66.50, 286]
[6697, 37.0, 35.5, 36.50, 35.50, 20]
[6698, 29.65, 26.4, 29.40, 27.25, 285]
[6703, 88.6, 85.0, 87.50, 86.30, 117]
[6706, 83.1, 74.5, 81.20, 79.20, 2892]
[6712, 191.5, 166.5, 191.50, 177.00, 5250]
[6715, 146.0, 126.0, 136.00, 133.50, 2147]
[6716, 82.0, 79.3, 82.00, 80.50, 27]
[6719, 243.0, 212.0, 239.00, 237.50, 7365]
[6721, 43.6, 41.85, 43.60, 43.40, 42]
[6727, 66.0, 59.8, 66.00, 60.50, 845]
[6728, 128.0, 119.0, 125.50, 124.00, 101]
[6732, 229.0, 211.0, 229.00, 219.50, 353]
[6733, 22.35, 20.25, 22.00, 21.00, 719]
[6735, 57.2, 48.25, 56.00, 51.00, 178]
[6741, 83.0, 75.3, 83.00, 77.00, 711]
[6743, 33.0, 29.5, 33.00, 30.25, 648]
[6747, 191.0, 183.5, 191.00, 190.00, 17]
[6751, 40.3, 38.4, 39.15, 39.25, 78]
[6752, 65.8, 61.0, 64.80, 61.50, 66]
[6754, 45.35, 43.55, 44.90, 44.90, 322]
[6756, 173.5, 158.0, 170.00, 167.00, 2060]
[6761, 80.8, 74.8, 76.50, 78.20, 63]
[6762, 227.0, 213.0, 227.00, 217.00, 22]
[6763, 383.0, 345.0, 383.00, 350.00, 119]
[6767, 30.5, 29.0, 30.50, 29.20, 475]
[6768, 74.8, 69.5, 74.80, 73.90, 2654]
[6770, 29.3, 26.85, 28.85, 29.20, 83909]
[6776, 37.6, 36.0, 37.25, 36.50, 214]
[6781, 650.0, 589.0, 645.00, 630.00, 6298]
[6788, 123.0, 94.1, 123.00, 94.80, 7108]
[6789, 212.0, 178.5, 212.00, 182.00, 5339]
[6790, 35.5, 34.65, 35.50, 35.10, 301]
[6792, 72.0, 65.5, 72.00, 67.20, 488]
[6796, 86.1, 70.8, 86.10, 79.20, 1441]
[6799, 98.5, 88.0, 95.00, 96.10, 796]
[6803, 256.5, 246.5, 255.00, 249.00, 159]
[6804, 60.5, 53.3, 57.00, 55.20, 1070]
[6806, 66.4, 57.2, 66.40, 59.50, 2681]
[6807, 26.25, 24.6, 26.20, 24.95, 85]
[6811, 127.5, 104.0, 125.00, 108.00, 292]
[6823, 90.2, 81.0, 90.20, 83.20, 113]
[6829, 78.4, 65.5, 78.40, 68.00, 3014]
[6830, 98.5, 89.3, 98.50, 93.60, 633]
[6834, 25.2, 23.2, 25.20, 23.70, 446]
[6854, 91.0, 85.7, 90.70, 86.10, 47]
[6855, 82.2, 73.5, 81.80, 75.50, 459]
[7402, 40.8, 38.25, 40.80, 40.10, 15]
[7556, 101.5, 98.6, 101.00, 100.00, 28]
[8011, 14.95, 13.8, 14.90, 14.35, 1251]
[8016, 171.5, 156.0, 169.00, 169.50, 5809]
[8021, 25.05, 23.5, 25.05, 24.60, 1448]
[8024, 22.6, 19.1, 22.60, 19.60, 6182]
[8027, 56.6, 49.95, 56.60, 52.90, 2817]
[8028, 51.6, 46.6, 51.00, 48.95, 15013]
[8032, 29.85, 28.6, 29.85, 29.20, 154]
[8033, 18.75, 16.75, 18.20, 17.95, 8869]
[8034, 15.35, 13.0, 13.85, 13.70, 1912]
[8038, 31.55, 29.4, 30.60, 30.65, 482]
[8039, 39.8, 37.6, 39.80, 38.70, 680]
[8040, 62.6, 54.2, 59.30, 57.60, 34523]
[8042, 37.4, 36.0, 36.75, 36.30, 107]
[8043, 25.1, 23.2, 25.10, 24.00, 263]
[8044, 48.45, 44.55, 46.80, 45.60, 2788]
[8046, 196.5, 178.0, 196.50, 195.50, 40801]
[8047, 12.65, 11.9, 12.35, 12.55, 11]
[8048, 31.0, 29.3, 29.80, 29.55, 276]
[8049, 27.95, 25.35, 27.90, 26.15, 5689]
[8050, 71.3, 60.9, 68.60, 61.30, 33535]
[8054, 33.2, 29.85, 33.20, 31.50, 2466]
[8059, 9.94, 9.4, 9.92, 9.76, 140]
[8064, 14.3, 13.4, 14.30, 13.90, 1367]
[8066, 27.85, 24.85, 27.10, 25.70, 107]
[8067, 9.43, 8.21, 9.43, 8.80, 92]
[8068, 26.45, 22.8, 24.45, 23.40, 194]
[8069, 217.0, 196.5, 215.00, 206.50, 105951]
[8070, 31.4, 30.0, 31.15, 30.60, 2110]
[8071, 15.1, 13.25, 15.10, 14.00, 1541]
[8072, 23.1, 21.5, 23.10, 22.45, 570]
[8074, 18.6, 17.75, 18.60, 17.90, 395]
[8076, 28.05, 25.2, 28.00, 26.00, 5045]
[8077, 8.61, 7.7, 8.58, 8.27, 19]
[8080, 10.3, 10.1, 10.15, 10.10, 54]
[8081, 123.0, 113.5, 117.50, 123.00, 1635]
[8083, 167.5, 160.5, 167.50, 164.00, 202]
[8084, 115.0, 103.0, 115.00, 109.00, 1394]
[8085, 21.55, 19.2, 21.30, 19.45, 1404]
[8086, 60.8, 55.2, 60.50, 58.70, 5470]
[8087, 30.0, 23.6, 23.60, 28.80, 1118]
[8088, 21.4, 19.5, 21.40, 20.30, 505]
[8089, 25.5, 22.9, 24.80, 23.90, 1974]
[8091, 76.9, 67.0, 76.30, 69.50, 1616]
[8092, 12.9, 11.65, 12.15, 12.30, 348]
[8093, 11.75, 10.4, 11.75, 10.90, 796]
[8096, 12.1, 10.9, 12.10, 11.25, 2684]
[8097, 66.1, 61.7, 64.20, 64.10, 4545]
[8099, 37.8, 31.5, 37.40, 33.55, 614]
[8101, 6.42, 6.0, 6.12, 6.00, 298]
[8103, 32.1, 28.5, 32.10, 29.30, 1080]
[8104, 33.8, 29.35, 33.80, 31.70, 1855]
[8105, 11.55, 10.6, 11.55, 11.05, 4965]
[8107, 18.0, 16.5, 17.75, 17.20, 539]
[8109, 85.0, 81.0, 85.00, 84.50, 741]
[8110, 11.7, 10.5, 11.70, 11.05, 4633]
[8111, 16.85, 15.05, 16.85, 15.40, 1848]
[8112, 34.3, 32.2, 34.20, 33.30, 5617]
[8114, 131.5, 116.0, 130.00, 118.00, 9749]
[8121, 28.45, 23.45, 28.20, 24.95, 3715]
[8131, 36.6, 35.0, 36.60, 35.90, 2307]
[8147, 58.8, 54.0, 56.70, 58.50, 610]
[8150, 30.1, 28.4, 30.10, 29.30, 10182]
[8155, 92.8, 84.3, 92.80, 88.80, 2723]
[8163, 39.65, 36.4, 38.30, 36.95, 3148]
[8171, 38.9, 35.0, 38.90, 36.20, 807]
[8176, 10.0, 8.75, 10.00, 9.22, 483]
[8182, 30.45, 28.0, 30.00, 29.10, 300]
[8183, 59.4, 52.8, 58.10, 56.60, 7005]
[8201, 11.45, 10.4, 11.30, 10.85, 501]
[8210, 73.0, 61.9, 72.50, 63.30, 1683]
[8213, 33.8, 31.5, 33.80, 32.30, 2828]
[8215, 28.8, 25.6, 28.80, 26.95, 3986]
[8222, 23.4, 18.7, 23.40, 18.95, 17024]
[8234, 27.5, 24.9, 27.50, 25.90, 2601]
[8240, 27.4, 26.0, 27.40, 27.10, 103]
[8249, 21.35, 20.7, 21.35, 21.00, 174]
[8255, 161.0, 138.0, 161.00, 143.00, 4229]
[8261, 104.0, 92.3, 102.50, 100.00, 18677]
[8271, 42.75, 38.85, 41.55, 40.85, 4837]
[8277, 8.99, 8.17, 8.99, 8.70, 400]
[8279, 162.0, 139.5, 162.00, 144.50, 316]
[8284, 51.8, 50.2, 51.10, 51.80, 79]
[8289, 31.35, 28.1, 31.15, 29.50, 2766]
[8291, NaN, NaN, NaN, NaN, 0]
[8299, 316.0, 275.0, 276.00, 306.50, 16814]
[8341, 148.5, 141.0, 144.00, 142.00, 588]
[8342, 54.2, 53.0, 53.60, 53.60, 42]
[8349, 71.6, 62.1, 71.60, 63.70, 5708]
[8354, 14.2, 13.95, 14.20, 14.15, 121]
[8358, 37.9, 34.75, 37.90, 36.15, 3549]
[8367, 34.6, 32.25, 33.50, 33.35, 103]
[8374, 27.45, 25.35, 26.60, 25.90, 280]
[8383, 37.85, 35.4, 37.85, 35.70, 680]
[8390, 30.2, 28.2, 29.35, 28.55, 1543]
[8401, 23.05, 20.4, 21.05, 21.20, 7793]
[8403, 31.6, 29.35, 31.60, 30.15, 3387]
[8404, 28.6, 25.8, 28.60, 27.65, 566]
[8409, 18.65, 17.4, 17.80, 18.00, 305]
[8410, 32.1, 30.0, 31.90, 31.75, 68]
[8411, 14.2, 12.5, 14.20, 12.85, 1856]
[8415, 33.85, 32.8, 33.85, 33.50, 2410]
[8416, 115.0, 111.5, 114.00, 113.50, 106]
[8418, 10.4, 9.8, 9.85, 10.00, 104]
[8420, 73.0, 67.0, 68.50, 70.10, 1284]
[8421, 14.5, 12.6, 14.45, 13.40, 1753]
[8422, 176.0, 169.5, 176.00, 171.00, 1195]
[8423, 17.4, 16.9, 17.40, 17.05, 19]
[8424, 66.6, 65.5, 66.40, 66.00, 15]
[8426, 30.6, 23.2, 29.75, 26.90, 4435]
[8429, 9.9, 9.12, 9.90, 9.56, 413]
[8431, 49.9, 46.2, 47.95, 49.30, 632]
[8432, 44.65, 40.4, 44.50, 42.60, 356]
[8433, 53.0, 46.05, 52.50, 48.25, 593]
[8435, 60.8, 59.0, 60.80, 59.50, 124]
[8436, 130.5, 118.5, 126.00, 120.00, 2049]
[8437, 91.0, 88.0, 90.90, 88.90, 33]
[8438, 27.3, 24.1, 27.30, 24.80, 278]
[8440, 38.7, 32.85, 36.60, 34.90, 2329]
[8442, 76.3, 71.5, 72.10, 76.00, 1370]
[8443, 11.15, 10.55, 11.10, 10.95, 265]
[8444, 40.6, 38.25, 40.40, 39.05, 48]
[8446, 74.3, 71.9, 72.00, 73.40, 153]
[8450, 25.4, 22.8, 25.30, 23.30, 779]
[8454, 543.0, 491.5, 535.00, 504.00, 2143]
[8455, 20.5, 19.25, 20.10, 19.25, 11]
[8462, 116.5, 102.0, 116.50, 108.50, 350]
[8463, 20.75, 18.55, 19.50, 19.20, 446]
[8464, 257.5, 231.5, 247.50, 235.00, 3862]
[8466, 39.65, 37.95, 39.65, 39.40, 119]
[8467, 51.3, 45.0, 50.30, 49.70, 666]
[8472, 42.4, 40.55, 41.70, 42.40, 11]
[8473, 29.4, 28.5, 29.30, 29.25, 116]
[8476, 50.0, 49.4, 50.00, 49.90, 264]
[8477, 21.1, 19.5, 21.10, 20.00, 116]
[8478, 283.0, 250.5, 272.00, 269.50, 25502]
[8480, 84.4, 84.2, 84.20, 84.40, 48]
[8481, 56.7, 54.2, 56.70, 55.50, 66]
[8482, 68.5, 66.5, 68.20, 68.20, 65]
[8488, 16.0, 15.3, 15.30, 15.95, 21]
[8489, 24.4, 20.8, 24.20, 21.35, 596]
[8499, 104.5, 99.0, 104.50, 102.00, 141]
[8905, 20.7, 20.0, 20.70, 20.45, 189]
[8906, 19.2, 18.55, 19.00, 19.10, 17]
[8908, 69.1, 65.9, 69.00, 66.60, 190]
[8916, 56.6, 52.6, 53.00, 55.10, 10669]
[8917, 91.0, 88.2, 91.00, 90.50, 34]
[8921, 14.95, 14.4, 14.95, 14.75, 13]
[8923, 18.0, 17.5, 17.50, 18.00, 2]
[8924, 98.6, 92.0, 98.50, 93.00, 2047]
[8926, 32.8, 29.1, 32.80, 29.35, 8655]
[8927, 35.5, 33.1, 35.10, 34.10, 1434]
[8928, 34.65, 31.9, 34.65, 34.00, 986]
[8929, 20.2, 19.75, 19.75, 20.00, 12]
[8930, 16.35, 15.5, 16.35, 16.00, 269]
[8931, 30.45, 29.5, 29.80, 29.95, 200]
[8932, 33.25, 31.1, 32.00, 32.95, 1849]
[8933, 22.2, 19.45, 20.35, 21.50, 93461]
[8935, 11.5, 10.8, 11.30, 10.95, 276]
[8936, 19.8, 18.3, 19.80, 19.20, 2010]
[8937, 15.0, 14.3, 14.80, 14.50, 111]
[8938, 90.9, 84.6, 89.40, 88.30, 3115]
[8940, 17.3, 15.25, 16.40, 15.60, 1713]
[8941, 48.55, 45.6, 47.50, 47.60, 180]
[8942, 60.0, 57.0, 60.00, 58.00, 667]
[8996, 131.0, 115.0, 129.00, 127.00, 70710]
[9103, 6.06, 5.2, 6.06, 5.23, 2282]
[9105, 3.92, 3.49, 3.57, 3.91, 36874]
[9110, 3.12, 3.04, 3.11, 3.12, 201]
[9136, 6.64, 6.2, 6.54, 6.31, 1203]
[9802, 161.0, 148.0, 154.00, 156.50, 8215]
[9902, 10.35, 10.05, 10.25, 10.25, 355]
[9904, 28.05, 27.1, 27.25, 27.65, 21984]
[9905, 24.8, 24.2, 24.80, 24.45, 216]
[9906, 46.5, 43.0, 46.50, 45.25, 147]
[9907, 17.6, 16.4, 17.60, 17.25, 20243]
[9908, 30.25, 29.85, 30.00, 30.00, 358]
[9910, 160.0, 152.5, 155.00, 154.50, 3695]
[9911, 62.9, 61.5, 62.90, 61.90, 499]
[9912, 9.5, 8.6, 9.35, 9.14, 830]
[9914, 184.0, 170.0, 177.00, 178.50, 3205]
[9917, 98.7, 96.0, 98.50, 96.00, 1186]
[9918, 42.3, 41.7, 41.85, 42.20, 36]
[9919, 16.2, 14.8, 16.00, 15.00, 13494]
[9921, 217.0, 198.0, 200.00, 208.00, 5109]
[9924, 41.0, 39.8, 41.00, 40.45, 986]
[9925, 38.9, 38.4, 38.90, 38.70, 735]
[9926, 51.5, 50.0, 50.50, 51.00, 41]
[9927, 35.1, 33.85, 35.10, 34.15, 707]
[9928, 25.05, 21.45, 23.70, 21.60, 1091]
[9929, 8.96, 8.26, 8.50, 8.72, 2605]
[9930, 45.25, 44.5, 45.25, 44.95, 304]
[9931, 38.6, 38.0, 38.50, 38.40, 27]
[9933, 46.45, 43.95, 46.40, 44.40, 8580]
[9934, 11.75, 11.05, 11.55, 11.75, 1606]
[9935, 17.4, 16.6, 17.40, 17.00, 352]
[9937, 49.8, 49.05, 49.20, 49.60, 64]
[9938, 57.5, 53.5, 57.50, 54.40, 3006]
[9939, 82.8, 80.0, 80.70, 81.70, 3912]
[9940, 29.45, 28.5, 29.05, 29.05, 1013]
[9941, 142.0, 130.5, 141.50, 135.50, 5826]
[9942, 108.0, 95.3, 97.60, 105.00, 4232]
[9943, 59.2, 56.7, 59.00, 57.80, 186]
[9944, 20.15, 19.65, 20.05, 20.10, 354]
[9945, 58.2, 51.3, 52.10, 56.50, 51046]
[9946, 12.1, 11.2, 12.00, 11.70, 460]
[9949, 19.8, 18.85, 18.85, 19.70, 81]
[9950, 12.0, 11.2, 12.00, 11.95, 23]
[9951, 66.2, 60.8, 66.20, 61.40, 467]
[9955, 18.1, 16.35, 18.10, 17.05, 1507]
[9958, 67.5, 63.2, 66.00, 65.40, 6635]
[9960, 26.15, 24.9, 25.50, 25.50, 271]
[9962, 14.95, 12.8, 14.95, 13.35, 2536]
