[1101, 39.8, 38.2, 39.20, 38.70, 223596, tse]
[1102, 44.45, 43.6, 43.80, 43.95, 22220, tse]
[1103, 20.7, 19.85, 20.10, 20.05, 7052, tse]
[1104, 29.0, 26.85, 26.95, 28.30, 23428, tse]
[1108, 17.3, 15.7, 16.20, 16.10, 29705, tse]
[1109, 17.9, 17.5, 17.60, 17.80, 1619, tse]
[1110, 18.45, 18.1, 18.25, 18.35, 969, tse]
[1201, 20.15, 19.9, 20.00, 20.05, 1492, tse]
[1203, 39.0, 36.8, 39.00, 38.20, 46, tse]
[1210, 51.8, 50.6, 51.40, 51.30, 6458, tse]
[1213, 7.38, 6.95, 7.10, 7.07, 196, tse]
[1215, 95.0, 88.2, 93.00, 90.00, 9572, tse]
[1216, 74.0, 72.6, 72.80, 73.60, 33339, tse]
[1217, 11.2, 10.9, 10.95, 11.00, 3896, tse]
[1218, 29.7, 28.85, 29.35, 29.35, 4114, tse]
[1219, 22.45, 20.5, 20.60, 21.25, 14149, tse]
[1220, 17.5, 15.95, 16.40, 16.10, 3044, tse]
[1225, 60.8, 60.1, 60.60, 60.20, 983, tse]
[1227, 40.4, 39.5, 40.20, 40.40, 5092, tse]
[1229, 63.5, 58.8, 60.00, 61.00, 16891, tse]
[1231, 91.0, 85.2, 89.40, 91.00, 5533, tse]
[1232, 151.5, 149.0, 149.00, 150.00, 192, tse]
[1233, 35.55, 33.95, 34.20, 34.20, 116, tse]
[1234, 36.4, 35.9, 35.95, 36.35, 1210, tse]
[1235, 71.9, 69.5, 70.00, 70.20, 15, tse]
[1236, 23.7, 23.45, 23.50, 23.55, 1529, tse]
[1240, 45.3, 44.7, 44.70, 45.00, 66, otc]
[1256, 314.0, 294.0, 294.00, 308.50, 57, tse]
[1258, 26.85, 26.8, 26.80, 26.80, 83, otc]
[1259, 73.5, 72.8, 73.00, 73.00, 15, otc]
[1264, 276.0, 272.0, 275.00, 273.50, 26, otc]
[1268, 147.0, 138.0, 144.50, 146.50, 642, otc]
[1301, 94.4, 91.9, 92.60, 93.90, 39313, tse]
[1303, 78.3, 76.9, 77.70, 78.00, 34898, tse]
[1304, 26.45, 24.9, 25.65, 25.50, 7195, tse]
[1305, 25.65, 24.6, 25.05, 25.05, 4762, tse]
[1307, 21.15, 20.75, 20.95, 20.90, 473, tse]
[1308, 28.2, 27.1, 27.30, 27.55, 6842, tse]
[1309, 21.3, 20.15, 20.65, 21.10, 3320, tse]
[1310, 18.2, 15.3, 15.90, 16.80, 155434, tse]
[1312, 21.1, 20.0, 20.25, 20.25, 26632, tse]
[1313, 15.35, 14.55, 14.55, 14.95, 6667, tse]
[1314, 10.45, 10.0, 10.15, 10.10, 51167, tse]
[1315, 70.5, 69.7, 70.10, 69.90, 61, tse]
[1316, 13.7, 13.0, 13.30, 13.45, 6478, tse]
[1319, 48.6, 46.05, 46.50, 47.65, 14480, tse]
[1321, 34.45, 34.0, 34.00, 34.30, 890, tse]
[1323, 33.05, 32.65, 32.90, 33.00, 297, tse]
[1324, 11.5, 11.2, 11.45, 11.35, 187, tse]
[1325, 24.3, 23.45, 23.60, 23.95, 969, tse]
[1326, 69.6, 68.5, 69.30, 68.90, 9877, tse]
[1336, 26.2, 24.7, 25.30, 26.20, 1470, otc]
[1337, 7.23, 7.05, 7.15, 7.15, 1106, tse]
[1338, 44.55, 43.4, 44.40, 44.25, 617, tse]
[1339, 44.0, 42.55, 43.20, 43.80, 662, tse]
[1340, 11.45, 11.0, 11.00, 11.30, 881, tse]
[1341, 69.9, 69.0, 69.70, 69.40, 33, tse]
[1342, 154.0, 135.0, 143.00, 149.00, 8438, tse]
[1402, 32.1, 31.5, 31.50, 31.90, 31108, tse]
[1409, 17.85, 17.4, 17.80, 17.60, 11046, tse]
[1410, 38.85, 37.75, 38.20, 38.80, 131, tse]
[1413, 9.64, 9.32, 9.46, 9.36, 199, tse]
[1414, 17.85, 17.3, 17.70, 17.50, 393, tse]
[1416, 12.25, 11.3, 11.40, 11.70, 6848, tse]
[1417, 14.5, 13.7, 14.10, 14.40, 4115, tse]
[1418, 16.2, 15.3, 15.90, 15.55, 194, tse]
[1419, 40.9, 40.3, 40.40, 40.50, 214, tse]
[1423, 21.45, 21.05, 21.05, 21.40, 604, tse]
[1432, 15.7, 14.75, 15.40, 15.55, 1240, tse]
[1434, 28.4, 27.9, 27.95, 28.30, 3872, tse]
[1436, 57.5, 56.9, 57.40, 57.30, 76, tse]
[1437, 28.75, 27.85, 28.15, 28.60, 1573, tse]
[1438, 32.25, 30.9, 31.00, 31.35, 788, tse]
[1439, 22.6, 21.6, 22.35, 22.15, 164, tse]
[1440, 16.95, 16.6, 16.80, 16.90, 3620, tse]
[1441, 8.31, 8.0, 8.10, 8.28, 509, tse]
[1442, 32.5, 31.8, 32.05, 32.35, 2569, tse]
[1443, 29.35, 28.1, 29.35, 28.55, 147, tse]
[1444, 10.95, 10.65, 10.80, 10.75, 8479, tse]
[1445, 20.45, 19.0, 19.20, 19.85, 1882, tse]
[1446, 31.7, 30.5, 31.60, 31.00, 346, tse]
[1447, 8.13, 7.93, 7.98, 8.08, 4008, tse]
[1449, 15.2, 14.7, 15.10, 15.10, 549, tse]
[1451, 23.0, 22.7, 22.80, 22.90, 936, tse]
[1452, 17.65, 17.5, 17.55, 17.65, 318, tse]
[1453, 15.6, 14.7, 15.20, 15.25, 978, tse]
[1454, 13.5, 13.1, 13.20, 13.30, 105, tse]
[1455, 10.6, 10.25, 10.45, 10.35, 2432, tse]
[1456, 16.0, 15.35, 15.65, 15.65, 129, tse]
[1457, 18.7, 18.4, 18.55, 18.65, 773, tse]
[1459, 9.15, 8.9, 9.15, 9.02, 318, tse]
[1460, 7.88, 7.64, 7.66, 7.82, 3842, tse]
[1463, 14.55, 14.2, 14.55, 14.25, 243, tse]
[1464, 15.9, 14.6, 14.65, 15.30, 4058, tse]
[1465, 14.3, 14.05, 14.15, 14.20, 394, tse]
[1466, 11.7, 11.55, 11.55, 11.70, 152, tse]
[1467, 11.6, 11.25, 11.55, 11.50, 9747, tse]
[1468, 14.9, 13.6, 14.90, 13.75, 277, tse]
[1470, 19.55, 18.8, 19.20, 19.05, 105, tse]
[1471, 10.45, 8.72, 9.11, 9.77, 25755, tse]
[1472, 29.05, 25.2, 26.15, 27.00, 23, tse]
[1473, 23.2, 22.2, 22.60, 22.75, 515, tse]
[1474, 12.75, 12.4, 12.40, 12.60, 434, tse]
[1475, 54.0, 49.0, 53.60, 51.40, 332, tse]
[1476, 493.0, 477.5, 488.50, 487.50, 1464, tse]
[1477, 226.0, 216.0, 217.50, 222.50, 5438, tse]
[1503, 104.5, 91.2, 91.90, 100.50, 106669, tse]
[1504, 45.2, 42.35, 43.80, 44.15, 104185, tse]
[1506, 21.35, 20.0, 20.75, 20.70, 1570, tse]
[1512, 14.0, 13.1, 13.45, 13.60, 247, tse]
[1513, 107.0, 99.1, 103.00, 101.50, 69804, tse]
[1514, 49.8, 46.6, 48.40, 48.60, 32966, tse]
[1515, 30.15, 28.05, 28.70, 29.65, 2245, tse]
[1516, 21.8, 19.8, 20.20, 20.85, 2653, tse]
[1517, 19.45, 18.75, 19.35, 18.95, 2303, tse]
[1519, 100.5, 88.8, 96.10, 94.90, 83474, tse]
[1521, 38.9, 37.45, 38.05, 37.85, 70, tse]
[1522, 29.85, 28.25, 29.05, 29.50, 8064, tse]
[1524, 24.3, 22.75, 23.80, 23.70, 10179, tse]
[1525, 71.8, 66.5, 66.70, 71.20, 567, tse]
[1526, 40.75, 39.5, 40.20, 40.00, 970, tse]
[1527, 42.05, 41.05, 41.75, 42.00, 1038, tse]
[1528, 12.3, 11.4, 11.50, 12.20, 15950, tse]
[1529, 42.1, 38.4, 39.00, 42.00, 14968, tse]
[1530, 33.2, 32.2, 32.90, 32.90, 129, tse]
[1531, 14.6, 14.1, 14.55, 14.40, 438, tse]
[1532, 34.9, 33.75, 34.45, 34.40, 1770, tse]
[1533, 62.2, 51.5, 52.20, 57.00, 13707, tse]
[1535, 54.4, 52.1, 52.60, 53.30, 733, tse]
[1536, 71.1, 67.6, 70.50, 70.50, 4232, tse]
[1537, 144.0, 142.0, 142.50, 144.00, 255, tse]
[1538, 10.15, 9.6, 10.15, 9.65, 126, tse]
[1539, 29.35, 27.55, 28.85, 29.00, 1327, tse]
[1540, 16.8, 16.35, 16.40, 16.75, 570, tse]
[1541, 34.65, 33.35, 34.50, 34.00, 42, tse]
[1558, 112.5, 111.0, 112.50, 111.50, 425, tse]
[1560, 115.0, 105.5, 113.50, 110.50, 9514, tse]
[1565, 250.5, 243.5, 246.50, 249.00, 261, otc]
[1568, 24.0, 22.65, 23.15, 23.60, 997, tse]
[1569, 24.0, 23.2, 23.20, 23.90, 471, otc]
[1570, 18.4, 17.9, 18.00, 18.10, 125, otc]
[1580, 105.0, 100.5, 102.00, 105.00, 305, otc]
[1582, 59.8, 59.0, 59.40, 59.70, 464, tse]
[1583, 66.9, 65.7, 66.00, 66.70, 51, tse]
[1584, 43.35, 39.1, 39.60, 42.50, 11816, otc]
[1586, 33.8, 33.2, 33.50, 33.80, 240, otc]
[1587, 23.1, 22.6, 23.10, 22.70, 217, tse]
[1589, 80.3, 73.5, 79.40, 78.90, 8251, tse]
[1590, 1140.0, 995.0, 1,105.00, 1,110.00, 6587, tse]
[1591, 27.5, 26.45, 26.80, 26.70, 516, otc]
[1593, 77.9, 74.6, 75.20, 77.80, 76, otc]
[1595, 39.0, 38.3, 38.65, 38.70, 54, otc]
[1597, 77.6, 74.0, 76.00, 76.30, 409, tse]
[1598, 43.1, 40.7, 42.25, 42.50, 659, tse]
[1599, 38.35, 37.55, 38.35, 37.95, 127, otc]
[1603, 26.95, 26.0, 26.55, 26.50, 1927, tse]
[1604, 28.0, 26.1, 27.75, 26.30, 5582, tse]
[1605, 50.3, 47.8, 49.80, 49.65, 142646, tse]
[1608, 16.75, 15.9, 16.00, 16.40, 4913, tse]
[1609, 28.1, 26.65, 27.10, 27.40, 54603, tse]
[1611, 18.85, 17.3, 18.50, 17.70, 29853, tse]
[1612, 20.9, 20.0, 20.45, 20.75, 3271, tse]
[1614, 37.15, 36.3, 37.00, 37.00, 456, tse]
[1615, 36.45, 35.5, 35.70, 36.20, 344, tse]
[1616, 9.28, 8.85, 8.99, 9.00, 2433, tse]
[1617, 15.7, 14.75, 15.65, 15.30, 186, tse]
[1618, 18.8, 17.6, 18.15, 18.75, 7534, tse]
[1626, 18.5, 18.2, 18.20, 18.40, 155, tse]
[1701, 27.4, 25.55, 25.95, 27.35, 15378, tse]
[1702, 48.05, 46.6, 47.65, 48.00, 1391, tse]
[1707, 183.0, 178.0, 181.50, 183.00, 1044, tse]
[1708, 41.8, 40.1, 41.30, 41.35, 9382, tse]
[1709, 27.7, 25.25, 25.25, 26.60, 49525, tse]
[1710, 22.85, 20.1, 20.40, 20.90, 80960, tse]
[1711, 24.0, 19.3, 19.65, 21.90, 182313, tse]
[1712, 37.15, 35.5, 36.30, 37.00, 5627, tse]
[1713, 29.65, 28.95, 29.15, 29.55, 705, tse]
[1714, 9.55, 9.05, 9.06, 9.31, 22800, tse]
[1717, 34.2, 31.65, 32.30, 32.35, 26167, tse]
[1718, 8.49, 8.17, 8.20, 8.37, 11375, tse]
[1720, 76.6, 64.6, 64.60, 76.20, 38341, tse]
[1721, 19.5, 14.2, 14.20, 17.60, 164418, tse]
[1722, 59.1, 57.2, 57.50, 59.10, 10424, tse]
[1723, 116.0, 113.0, 113.50, 115.00, 995, tse]
[1725, 26.55, 21.65, 21.65, 25.20, 9138, tse]
[1726, 75.0, 74.1, 74.50, 74.30, 172, tse]
[1727, 41.8, 27.75, 27.75, 40.80, 109372, tse]
[1730, 58.2, 56.9, 57.10, 57.70, 64, tse]
[1731, 21.85, 20.1, 20.10, 21.40, 3562, tse]
[1732, 29.2, 27.15, 27.30, 28.00, 1584, tse]
[1733, 27.9, 26.55, 26.65, 27.60, 1830, tse]
[1734, 33.05, 31.0, 31.25, 32.60, 6628, tse]
[1735, 19.55, 15.3, 15.30, 17.50, 2408, tse]
[1736, 68.8, 65.8, 66.40, 67.00, 1767, tse]
[1737, 33.6, 33.2, 33.20, 33.45, 619, tse]
[1742, 15.3, 14.6, 14.60, 14.80, 106, otc]
[1752, 85.7, 75.3, 76.50, 80.60, 44986, tse]
[1760, 168.5, 159.0, 165.00, 162.00, 14085, tse]
[1762, 96.5, 87.0, 88.40, 95.60, 14119, tse]
[1773, 133.0, 125.5, 128.00, 129.00, 1679, tse]
[1776, 21.15, 16.95, 17.00, 21.15, 2759, tse]
[1777, 97.8, 84.5, 85.50, 95.40, 2336, otc]
[1781, 14.85, 14.3, 14.50, 14.75, 96, otc]
[1783, 62.5, 57.8, 58.50, 61.70, 8333, tse]
[1784, 63.5, 56.4, 59.60, 62.80, 8960, otc]
[1785, 36.55, 34.75, 35.00, 36.35, 3251, otc]
[1786, 76.0, 69.8, 72.20, 72.50, 3101, tse]
[1788, 144.5, 142.0, 142.50, 144.50, 60, otc]
[1789, 29.1, 26.65, 26.65, 28.40, 13212, tse]
[1795, 266.0, 247.5, 251.00, 259.50, 35150, tse]
[1796, 123.0, 114.0, 121.00, 118.50, 1622, otc]
[1799, 19.65, 19.1, 19.10, 19.65, 110, otc]
[1802, 20.95, 20.2, 20.50, 20.30, 24850, tse]
[1805, 10.9, 10.0, 10.00, 10.25, 118, tse]
[1806, 9.35, 8.95, 9.29, 9.30, 2706, tse]
[1808, 76.5, 73.7, 73.70, 75.00, 1087, tse]
[1809, 16.1, 14.4, 14.40, 16.10, 25533, tse]
[1810, 29.0, 25.4, 25.40, 27.85, 28756, tse]
[1813, 22.35, 21.9, 22.00, 22.20, 74, otc]
[1815, 11.85, 11.6, 11.65, 11.75, 1684, otc]
[1817, 38.7, 37.6, 38.45, 38.50, 383, tse]
[1903, 45.4, 42.65, 43.80, 43.45, 2548, tse]
[1904, 33.7, 30.7, 30.80, 31.30, 91796, tse]
[1905, 25.7, 21.0, 21.45, 24.50, 281633, tse]
[1906, 17.35, 16.1, 16.80, 16.30, 6922, tse]
[1907, 31.95, 29.65, 30.80, 30.80, 92725, tse]
[1909, 18.4, 17.2, 17.60, 17.20, 51334, tse]
[2002, 30.2, 28.7, 30.15, 29.10, 120925, tse]
[2006, 58.1, 56.0, 58.00, 57.70, 5609, tse]
[2007, 10.9, 10.25, 10.60, 10.75, 2908, tse]
[2008, 20.0, 19.1, 19.30, 19.70, 210, tse]
[2009, 33.3, 31.35, 33.30, 32.15, 6555, tse]
[2010, 17.25, 16.0, 16.80, 16.25, 4711, tse]
[2012, 27.75, 26.0, 26.05, 27.40, 2054, tse]
[2013, 57.9, 57.0, 57.40, 57.70, 257, tse]
[2014, 25.85, 24.05, 25.85, 24.50, 30892, tse]
[2015, 68.8, 67.0, 67.90, 68.00, 1214, tse]
[2017, 18.3, 17.25, 17.65, 17.70, 5087, tse]
[2020, 23.65, 22.9, 23.65, 23.30, 409, tse]
[2022, 9.74, 8.33, 8.35, 9.74, 17091, tse]
[2023, 15.5, 14.85, 15.40, 15.20, 9238, tse]
[2024, 19.15, 18.75, 19.05, 18.95, 55, tse]
[2025, 5.48, 5.26, 5.35, 5.35, 409, tse]
[2027, 44.45, 42.9, 44.15, 44.45, 30718, tse]
[2028, 26.5, 25.0, 26.00, 26.30, 1459, tse]
[2029, 26.0, 25.1, 25.80, 25.75, 1410, tse]
[2030, 22.35, 21.6, 22.10, 22.15, 3976, tse]
[2031, 53.5, 47.4, 53.00, 48.85, 49036, tse]
[2032, 18.75, 18.0, 18.75, 18.55, 796, tse]
[2033, 15.9, 15.05, 15.65, 15.40, 838, tse]
[2034, 29.2, 28.6, 28.90, 29.20, 2533, tse]
[2035, 31.5, 30.95, 31.30, 31.15, 38, otc]
[2038, 20.85, 19.85, 20.50, 20.40, 1813, tse]
[2049, 241.0, 227.5, 238.00, 235.00, 8399, tse]
[2059, 414.0, 397.0, 411.00, 413.00, 2314, tse]
[2061, 21.75, 19.15, 19.25, 21.40, 248, otc]
[2062, 22.75, 21.85, 22.05, 22.40, 864, tse]
[2063, 41.8, 39.9, 40.00, 41.60, 357, otc]
[2064, 17.6, 16.8, 17.15, 17.25, 39, otc]
[2065, 60.9, 56.9, 57.90, 60.80, 920, otc]
[2066, 95.1, 90.6, 90.60, 95.10, 930, otc]
[2067, 13.35, 12.0, 12.20, 13.05, 84, otc]
[2069, 20.05, 19.45, 19.80, 19.70, 704, tse]
[2070, 32.55, 31.75, 32.15, 32.40, 178, otc]
[2101, 38.9, 37.75, 38.40, 38.50, 5003, tse]
[2102, 21.7, 20.35, 20.45, 20.50, 3176, tse]
[2103, 27.9, 27.3, 27.35, 27.75, 4764, tse]
[2104, 20.2, 19.7, 19.80, 20.00, 7825, tse]
[2105, 37.85, 36.75, 36.90, 37.80, 17915, tse]
[2106, 31.45, 30.9, 31.25, 31.20, 1726, tse]
[2107, 21.95, 21.55, 21.90, 21.90, 1115, tse]
[2108, 39.65, 37.45, 39.05, 39.45, 3067, tse]
[2109, 14.5, 14.25, 14.50, 14.30, 715, tse]
[2114, 100.5, 98.5, 99.00, 100.00, 94, tse]
[2115, 31.7, 30.95, 31.50, 31.50, 90, tse]
[2201, 82.5, 78.1, 80.00, 80.60, 63861, tse]
[2204, 80.8, 75.0, 77.30, 79.00, 66724, tse]
[2206, 58.1, 52.6, 53.40, 54.70, 123618, tse]
[2207, 663.0, 631.0, 642.00, 661.00, 897, tse]
[2208, 27.1, 25.25, 26.25, 25.95, 58103, tse]
[2211, 59.9, 57.6, 58.50, 59.00, 3643, tse]
[2221, 43.1, 41.1, 41.50, 42.85, 274, otc]
[2227, 196.0, 192.0, 193.00, 193.00, 88, tse]
[2228, 83.4, 80.1, 81.90, 82.10, 955, tse]
[2230, 85.2, 75.8, 78.70, 83.80, 3474, otc]
[2231, 182.5, 170.0, 175.00, 175.50, 3610, tse]
[2233, 117.0, 111.5, 113.50, 115.50, 1149, tse]
[2235, 46.5, 45.8, 45.80, 46.05, 8, otc]
[2236, 42.05, 39.1, 41.30, 40.25, 1609, tse]
[2239, 74.5, 69.6, 74.00, 71.50, 562, tse]
[2241, 34.7, 33.4, 34.50, 34.15, 304, tse]
[2243, 21.5, 20.0, 20.00, 21.00, 1498, tse]
[2247, 299.0, 280.0, 283.00, 297.00, 1833, tse]
[2250, 77.9, 71.9, 72.80, 72.80, 100, tse]
[2301, 74.4, 71.2, 72.70, 73.50, 46550, tse]
[2302, 21.45, 20.1, 20.95, 20.60, 5867, tse]
[2303, 50.0, 47.8, 50.00, 49.10, 296994, tse]
[2305, 23.85, 21.35, 23.50, 22.55, 1907, tse]
[2308, 306.0, 290.0, 300.00, 300.00, 35275, tse]
[2312, 13.25, 12.95, 13.10, 13.15, 13368, tse]
[2313, 43.6, 41.35, 42.70, 43.10, 57164, tse]
[2314, 48.9, 42.7, 46.45, 47.45, 17388, tse]
[2316, 29.25, 28.35, 29.05, 28.55, 463, tse]
[2317, 104.5, 103.0, 104.00, 104.50, 118942, tse]
[2321, 24.4, 22.1, 23.85, 23.35, 36, tse]
[2323, 8.25, 7.93, 8.01, 8.05, 8198, tse]
[2324, 24.3, 23.55, 24.25, 23.95, 77455, tse]
[2327, 508.0, 486.0, 497.00, 496.00, 10107, tse]
[2328, 38.1, 36.35, 37.10, 37.60, 14200, tse]
[2329, 20.45, 19.2, 20.15, 19.55, 10251, tse]
[2330, 510.0, 489.0, 505.00, 502.00, 164630, tse]
[2331, 25.15, 23.2, 23.40, 24.80, 24600, tse]
[2332, 18.1, 17.0, 17.75, 17.65, 9301, tse]
[2337, 34.5, 31.4, 33.85, 32.20, 88991, tse]
[2338, 83.1, 77.0, 81.80, 80.00, 14079, tse]
[2340, 36.4, 33.7, 36.05, 35.10, 8538, tse]
[2342, 44.1, 40.3, 43.40, 41.65, 11595, tse]
[2344, 26.5, 24.3, 25.00, 25.95, 156056, tse]
[2345, 300.0, 285.0, 293.00, 299.00, 13682, tse]
[2347, 61.9, 60.2, 60.20, 61.90, 14928, tse]
[2348, 68.0, 66.6, 67.60, 67.70, 309, tse]
[2349, 9.22, 8.8, 8.99, 9.06, 6908, tse]
[2351, 131.0, 112.5, 123.50, 120.50, 20276, tse]
[2352, 34.8, 32.3, 32.85, 34.60, 54402, tse]
[2353, 30.35, 28.85, 29.80, 30.25, 103322, tse]
[2354, 54.0, 52.5, 53.30, 53.90, 7009, tse]
[2355, 32.35, 31.05, 31.55, 32.15, 4050, tse]
[2356, 33.15, 31.25, 31.95, 33.10, 58192, tse]
[2357, 282.5, 272.0, 278.00, 282.50, 11405, tse]
[2358, 10.85, 9.31, 9.31, 10.50, 3265, tse]
[2359, 35.4, 32.55, 33.50, 33.65, 21756, tse]
[2360, 194.5, 172.0, 178.50, 190.00, 10316, tse]
[2362, 30.7, 30.3, 30.40, 30.50, 1556, tse]
[2363, 17.85, 17.05, 17.65, 17.50, 5269, tse]
[2364, 111.5, 99.0, 101.00, 103.50, 2203, tse]
[2365, 10.65, 10.4, 10.60, 10.55, 1317, tse]
[2367, 18.15, 17.6, 17.90, 17.95, 10770, tse]
[2368, 102.5, 94.8, 98.60, 98.60, 40218, tse]
[2369, 14.85, 13.85, 14.80, 14.25, 3925, tse]
[2371, 33.4, 32.25, 32.30, 32.60, 14266, tse]
[2373, 80.6, 79.7, 80.10, 80.20, 213, tse]
[2374, 20.65, 19.95, 20.40, 20.30, 1865, tse]
[2375, 71.8, 66.6, 70.30, 69.00, 3635, tse]
[2376, 135.0, 127.5, 132.00, 131.00, 13438, tse]
[2377, 146.5, 139.0, 144.50, 145.50, 9003, tse]
[2379, 372.0, 336.5, 365.50, 359.00, 23522, tse]
[2380, 10.25, 9.94, 10.15, 10.15, 1750, tse]
[2382, 86.3, 82.3, 84.30, 85.90, 52638, tse]
[2383, 171.0, 150.0, 169.00, 163.50, 19550, tse]
[2385, 97.0, 93.7, 94.60, 97.00, 6941, tse]
[2387, 44.65, 42.7, 43.50, 44.45, 4209, tse]
[2388, 77.7, 71.7, 76.10, 74.00, 30114, tse]
[2390, 12.9, 12.05, 12.65, 12.40, 2478, tse]
[2392, 42.0, 40.4, 41.45, 41.90, 5544, tse]
[2393, 40.3, 38.7, 39.40, 39.95, 3245, tse]
[2395, 379.0, 356.5, 358.00, 371.00, 3251, tse]
[2397, 68.4, 65.4, 67.80, 68.40, 431, tse]
[2399, 15.5, 14.8, 15.10, 15.40, 4020, tse]
[2401, 24.5, 23.15, 24.15, 23.70, 5867, tse]
[2402, 29.95, 26.85, 27.60, 28.35, 60516, tse]
[2404, 219.0, 208.0, 212.50, 216.50, 6975, tse]
[2405, 12.9, 12.25, 12.60, 12.65, 5300, tse]
[2406, 19.7, 18.8, 19.55, 19.05, 5379, tse]
[2408, 68.0, 62.3, 64.60, 67.80, 49947, tse]
[2409, 18.5, 17.0, 18.20, 17.00, 185537, tse]
[2412, 127.0, 125.5, 125.50, 127.00, 47021, tse]
[2413, 40.1, 37.5, 39.50, 38.70, 17173, tse]
[2414, 34.55, 33.8, 34.35, 34.35, 442, tse]
[2415, 24.7, 23.15, 24.35, 23.85, 259, tse]
[2417, 23.5, 22.45, 23.20, 23.15, 1075, tse]
[2419, 27.2, 25.75, 26.90, 26.00, 9213, tse]
[2420, 45.0, 43.2, 43.90, 44.65, 1544, tse]
[2421, 53.9, 50.3, 51.00, 52.60, 11703, tse]
[2423, 41.0, 34.45, 37.85, 35.50, 14046, tse]
[2424, 23.75, 21.35, 21.95, 23.75, 269, tse]
[2425, 32.25, 30.55, 31.85, 31.05, 5764, tse]
[2426, 18.6, 17.7, 18.30, 18.15, 3335, tse]
[2427, 15.45, 14.35, 14.40, 15.05, 9024, tse]
[2428, 152.5, 141.0, 150.00, 147.00, 1650, tse]
[2429, 23.45, 18.5, 18.50, 23.15, 4468, tse]
[2430, 41.75, 40.45, 41.20, 41.65, 1145, tse]
[2431, 11.7, 11.3, 11.45, 11.50, 2335, tse]
[2433, 53.6, 52.7, 53.00, 53.20, 265, tse]
[2434, 30.7, 29.15, 30.70, 29.95, 41, tse]
[2436, 49.6, 46.3, 49.40, 47.80, 5460, tse]
[2438, 27.5, 25.0, 26.95, 26.65, 4554, tse]
[2439, 88.0, 85.7, 86.80, 86.10, 3012, tse]
[2440, 11.55, 11.2, 11.35, 11.35, 635, tse]
[2441, 54.0, 52.2, 53.20, 53.90, 3170, tse]
[2442, 16.35, 15.45, 15.90, 16.35, 5642, tse]
[2443, 4.18, 3.85, 3.96, 4.12, 1281, tse]
[2444, 16.5, 15.2, 16.25, 16.40, 3804, tse]
[2449, 47.25, 44.6, 45.95, 47.00, 49995, tse]
[2450, 34.95, 34.05, 34.30, 34.90, 389, tse]
[2451, 71.5, 70.0, 70.60, 71.00, 1739, tse]
[2453, 76.0, 67.1, 69.10, 73.20, 91040, tse]
[2454, 681.0, 638.0, 663.00, 665.00, 32786, tse]
[2455, 97.7, 86.3, 97.60, 96.50, 22009, tse]
[2457, 76.2, 69.8, 72.60, 73.50, 175297, tse]
[2458, 95.8, 90.6, 95.30, 94.30, 5506, tse]
[2459, 57.0, 55.6, 56.40, 56.90, 236, tse]
[2460, 23.6, 21.75, 22.80, 23.50, 3285, tse]
[2461, 24.0, 22.0, 22.00, 23.90, 9026, tse]
[2462, 33.55, 30.6, 31.35, 33.40, 3403, tse]
[2464, 37.9, 37.3, 37.30, 37.75, 852, tse]
[2465, 37.5, 35.9, 36.95, 37.25, 1332, tse]
[2466, 35.0, 34.5, 34.80, 34.80, 85, tse]
[2467, 47.8, 46.5, 47.20, 47.70, 488, tse]
[2468, 25.1, 22.95, 24.20, 24.20, 2692, tse]
[2471, 65.8, 53.8, 54.60, 65.80, 111390, tse]
[2472, 67.5, 63.2, 64.90, 64.80, 4235, tse]
[2474, 181.5, 178.0, 180.00, 181.00, 4781, tse]
[2476, 53.8, 50.8, 52.70, 52.80, 5336, tse]
[2477, 21.55, 20.35, 21.30, 20.60, 268, tse]
[2478, 48.9, 46.6, 48.10, 47.70, 563, tse]
[2480, 102.0, 96.6, 97.60, 101.50, 1341, tse]
[2481, 67.5, 63.2, 66.30, 65.40, 11865, tse]
[2482, 72.2, 61.2, 62.10, 71.70, 75605, tse]
[2483, 27.45, 26.1, 26.85, 27.00, 921, tse]
[2484, 38.2, 36.0, 36.40, 37.55, 14164, tse]
[2485, 19.7, 18.85, 19.30, 19.30, 3610, tse]
[2486, 30.1, 27.5, 28.25, 29.45, 16014, tse]
[2488, 30.65, 30.1, 30.40, 30.45, 391, tse]
[2489, 11.5, 10.2, 10.25, 11.45, 29243, tse]
[2491, 12.85, 11.85, 12.50, 12.05, 305, tse]
[2492, 98.9, 92.2, 96.70, 95.40, 14703, tse]
[2493, 53.5, 52.0, 53.00, 53.30, 561, tse]
[2495, 27.35, 24.75, 25.65, 27.20, 63324, tse]
[2496, 50.9, 49.6, 50.90, 50.10, 109, tse]
[2497, 73.9, 68.8, 73.00, 72.70, 6213, tse]
[2498, 58.8, 55.1, 58.10, 56.70, 45114, tse]
[2501, 17.25, 16.6, 16.95, 16.90, 3676, tse]
[2504, 28.45, 27.45, 27.55, 28.00, 16119, tse]
[2505, 18.6, 18.05, 18.50, 18.25, 830, tse]
[2506, 9.45, 9.21, 9.23, 9.36, 679, tse]
[2509, 15.3, 14.95, 15.00, 15.15, 242, tse]
[2511, 12.3, 11.5, 11.55, 12.00, 3375, tse]
[2514, 17.4, 17.15, 17.35, 17.25, 242, tse]
[2515, 10.55, 9.98, 10.25, 10.45, 93866, tse]
[2516, 5.05, 4.95, 5.05, 4.96, 537, tse]
[2520, 29.85, 28.75, 29.10, 29.70, 3149, tse]
[2524, 32.0, 30.6, 31.55, 32.00, 409, tse]
[2527, 22.6, 22.2, 22.50, 22.25, 555, tse]
[2528, 25.75, 24.15, 24.20, 24.55, 4554, tse]
[2530, 22.65, 19.2, 19.50, 22.10, 12225, tse]
[2534, 22.8, 22.15, 22.35, 22.80, 5135, tse]
[2535, 30.85, 29.95, 30.15, 30.85, 3451, tse]
[2536, 24.5, 23.9, 23.95, 24.50, 398, tse]
[2537, 6.98, 6.87, 6.93, 6.94, 1662, tse]
[2538, 13.5, 13.0, 13.25, 13.45, 3088, tse]
[2539, 37.85, 37.15, 37.15, 37.50, 789, tse]
[2540, 79.6, 76.6, 76.60, 77.10, 1679, tse]
[2542, 42.25, 41.6, 41.80, 42.05, 9084, tse]
[2543, 9.47, 9.16, 9.41, 9.40, 629, tse]
[2545, 46.5, 45.6, 45.60, 46.45, 1330, tse]
[2546, 71.5, 67.2, 67.60, 71.00, 984, tse]
[2547, 9.28, 9.05, 9.13, 9.20, 2945, tse]
[2548, 94.9, 92.5, 93.00, 94.70, 2904, tse]
[2596, 22.45, 21.9, 22.15, 22.45, 200, otc]
[2597, 120.5, 116.5, 117.50, 120.00, 265, tse]
[2601, 9.3, 9.02, 9.13, 9.19, 10584, tse]
[2603, 166.5, 158.5, 165.00, 161.50, 80685, tse]
[2605, 23.55, 21.85, 23.55, 22.50, 13883, tse]
[2606, 55.6, 51.4, 55.20, 54.40, 23883, tse]
[2607, 27.5, 26.55, 27.30, 27.05, 8328, tse]
[2608, 38.45, 37.9, 38.10, 38.40, 594, tse]
[2609, 65.3, 61.5, 64.80, 63.10, 108886, tse]
[2610, 19.3, 18.45, 19.05, 19.00, 138404, tse]
[2611, 13.25, 12.5, 13.20, 13.10, 2107, tse]
[2612, 40.95, 38.9, 39.30, 40.65, 2456, tse]
[2613, 22.85, 21.75, 22.85, 22.35, 936, tse]
[2614, 19.85, 18.8, 19.25, 19.05, 6108, tse]
[2615, 66.0, 62.5, 65.10, 65.00, 44117, tse]
[2616, 32.4, 32.05, 32.25, 32.40, 343, tse]
[2617, 31.95, 30.5, 31.20, 31.50, 3745, tse]
[2618, 26.85, 25.1, 26.05, 26.85, 129442, tse]
[2630, 29.6, 24.1, 24.30, 29.60, 10958, tse]
[2633, 31.05, 30.6, 30.85, 31.05, 14314, tse]
[2634, 59.7, 53.9, 54.40, 58.00, 490667, tse]
[2636, 77.7, 74.4, 76.20, 76.90, 1655, tse]
[2637, 64.1, 60.9, 63.30, 64.10, 13354, tse]
[2640, 122.0, 114.0, 116.50, 120.50, 515, otc]
[2641, 18.95, 17.9, 18.10, 18.90, 4219, otc]
[2642, 46.6, 45.2, 46.00, 46.15, 464, tse]
[2643, 70.2, 68.5, 69.40, 70.20, 122, otc]
[2645, 117.0, 105.5, 110.00, 114.50, 17362, tse]
[2701, 12.7, 12.4, 12.60, 12.55, 1410, tse]
[2702, 23.7, 22.6, 23.50, 23.20, 921, tse]
[2704, 39.1, 37.3, 37.45, 38.20, 1302, tse]
[2705, 18.75, 17.95, 18.40, 18.30, 6258, tse]
[2706, 15.05, 14.65, 14.85, 15.00, 1440, tse]
[2707, 294.0, 265.0, 285.50, 275.50, 6704, tse]
[2712, 35.45, 33.9, 35.45, 34.60, 128, tse]
[2718, 49.4, 44.65, 45.15, 49.35, 29, otc]
[2719, 45.4, 40.05, 41.40, 44.05, 194, otc]
[2722, 51.9, 47.9, 50.60, 50.90, 1868, tse]
[2723, 160.0, 147.0, 151.00, 155.50, 6593, tse]
[2724, 13.1, 13.0, 13.10, 13.00, 6, otc]
[2726, 26.55, 25.55, 25.55, 26.55, 63, otc]
[2727, 335.0, 295.5, 304.50, 317.00, 32869, tse]
[2729, 233.0, 224.5, 226.50, 232.00, 146, otc]
[2731, 181.5, 161.0, 168.00, 176.50, 22159, tse]
[2732, 169.5, 161.0, 169.00, 168.50, 1674, otc]
[2734, 33.0, 31.8, 32.40, 32.60, 389, otc]
[2736, 22.0, 21.0, 21.65, 21.75, 951, otc]
[2739, 64.9, 57.6, 63.80, 63.70, 2531, tse]
[2740, 46.0, 46.0, 46.00, 46.00, 2, otc]
[2743, 60.5, 55.8, 57.00, 59.90, 1111, otc]
[2745, 40.5, 39.1, 39.85, 40.35, 140, otc]
[2748, 91.6, 81.0, 89.50, 83.70, 14925, tse]
[2752, 249.0, 245.0, 245.00, 249.00, 19, otc]
[2753, 184.5, 172.0, 181.00, 180.00, 5146, tse]
[2754, 163.0, 155.5, 160.50, 160.00, 1102, otc]
[2755, 151.5, 142.5, 143.50, 147.50, 141, otc]
[2756, 144.5, 139.0, 144.00, 143.50, 97, otc]
[2801, 17.9, 17.45, 17.50, 17.80, 58170, tse]
[2809, 35.25, 34.4, 34.65, 35.25, 3629, tse]
[2812, 14.2, 13.9, 13.95, 14.10, 28328, tse]
[2816, 16.0, 15.15, 15.25, 15.85, 464, tse]
[2820, 15.15, 14.95, 15.05, 15.10, 2317, tse]
[2832, 21.35, 20.75, 21.00, 21.25, 882, tse]
[2834, 14.0, 13.8, 13.85, 13.95, 56614, tse]
[2836, 12.3, 12.1, 12.20, 12.30, 1756, tse]
[2838, 16.1, 15.65, 15.80, 16.10, 3637, tse]
[2845, 11.2, 11.05, 11.10, 11.20, 15394, tse]
[2849, 15.15, 14.8, 14.90, 15.05, 657, tse]
[2850, 51.8, 49.6, 50.20, 51.40, 1443, tse]
[2851, 18.3, 17.95, 18.15, 18.20, 5177, tse]
[2852, 15.8, 15.5, 15.75, 15.70, 940, tse]
[2855, 16.75, 16.35, 16.50, 16.65, 2526, tse]
[2867, 5.31, 5.0, 5.06, 5.26, 102557, tse]
[2880, 23.0, 21.65, 22.80, 21.90, 86061, tse]
[2881, 59.4, 57.1, 57.90, 59.00, 53067, tse]
[2882, 43.0, 42.0, 42.70, 42.45, 68198, tse]
[2883, 13.3, 12.85, 13.15, 13.10, 210042, tse]
[2884, 25.05, 24.7, 24.85, 24.95, 64481, tse]
[2885, 22.6, 22.25, 22.40, 22.60, 46487, tse]
[2886, 34.2, 33.65, 33.95, 34.05, 40152, tse]
[2887, 17.3, 17.0, 17.00, 17.30, 55608, tse]
[2888, 8.54, 8.31, 8.41, 8.38, 87678, tse]
[2889, 12.45, 12.15, 12.25, 12.35, 12809, tse]
[2890, 16.9, 16.6, 16.65, 16.70, 82605, tse]
[2891, 22.6, 22.2, 22.25, 22.60, 93146, tse]
[2892, 27.1, 26.7, 26.85, 27.10, 61251, tse]
[2897, 10.3, 9.99, 10.10, 10.25, 19283, tse]
[2901, 25.0, 24.3, 25.00, 25.00, 75, tse]
[2903, 22.5, 21.7, 21.70, 22.40, 5644, tse]
[2904, 20.5, 20.2, 20.35, 20.30, 108, tse]
[2905, 15.3, 14.85, 15.00, 15.15, 1355, tse]
[2906, 17.3, 16.75, 17.10, 17.20, 2218, tse]
[2908, 20.95, 20.6, 20.80, 20.70, 1258, tse]
[2910, 30.3, 29.1, 29.75, 29.50, 21, tse]
[2911, 7.26, 7.07, 7.16, 7.09, 804, tse]
[2912, 273.0, 266.0, 268.50, 270.50, 3620, tse]
[2913, 25.35, 22.4, 24.70, 22.90, 157928, tse]
[2915, 59.0, 56.1, 56.20, 57.80, 22637, tse]
[2916, 34.95, 33.05, 33.10, 34.65, 270, otc]
[2923, 24.0, 22.65, 22.90, 22.90, 65, tse]
[2924, 33.7, 31.0, 31.70, 32.45, 175, otc]
[2926, 67.0, 64.8, 67.00, 65.20, 23, otc]
[2929, 13.7, 12.8, 12.90, 13.35, 3139, tse]
[2937, 34.1, 34.0, 34.00, 34.00, 6, otc]
[2939, 35.0, 34.1, 34.35, 34.40, 203, tse]
[2945, 43.0, 41.5, 42.00, 42.95, 77, tse]
[2947, 92.8, 92.0, 92.50, 92.00, 28, otc]
[3002, 12.55, 11.85, 12.25, 12.20, 1392, tse]
[3003, 78.6, 74.7, 76.60, 75.90, 5925, tse]
[3004, 114.0, 95.8, 113.00, 108.00, 30071, tse]
[3005, 59.9, 55.9, 57.90, 58.80, 25566, tse]
[3006, 84.7, 77.2, 83.40, 81.00, 31311, tse]
[3008, 2070.0, 2005.0, 2,025.00, 2,010.00, 2745, tse]
[3010, 88.6, 86.4, 88.00, 87.20, 1946, tse]
[3011, 30.75, 28.0, 29.55, 30.55, 14028, tse]
[3013, 23.85, 22.05, 22.10, 22.45, 25518, tse]
[3014, 89.1, 85.3, 87.20, 88.50, 2336, tse]
[3015, 50.6, 48.5, 48.50, 49.90, 1757, tse]
[3016, 64.9, 61.3, 64.30, 63.00, 4664, tse]
[3017, 157.5, 138.0, 144.50, 157.50, 62456, tse]
[3019, 64.9, 62.5, 64.20, 64.10, 2757, tse]
[3021, 22.05, 21.0, 21.10, 21.70, 402, tse]
[3022, 79.3, 74.3, 77.00, 79.00, 6382, tse]
[3023, 355.5, 333.5, 343.00, 340.00, 3932, tse]
[3024, 14.95, 14.4, 14.40, 14.95, 3280, tse]
[3025, 32.9, 29.55, 31.10, 32.70, 23022, tse]
[3026, 102.0, 100.0, 100.50, 102.00, 697, tse]
[3027, 45.2, 40.9, 44.00, 42.50, 17555, tse]
[3028, 32.35, 31.7, 32.00, 32.25, 1478, tse]
[3029, 59.3, 54.4, 55.70, 58.30, 39434, tse]
[3030, 64.4, 63.2, 63.80, 64.30, 1030, tse]
[3031, 18.9, 18.15, 18.40, 18.55, 707, tse]
[3032, 52.5, 48.2, 51.30, 50.60, 31839, tse]
[3033, 30.1, 29.15, 29.85, 29.90, 4903, tse]
[3034, 443.0, 397.5, 433.00, 418.50, 26879, tse]
[3035, 184.0, 155.5, 183.00, 164.00, 87972, tse]
[3036, 66.9, 65.2, 66.20, 66.40, 3474, tse]
[3037, 146.0, 133.5, 136.00, 145.00, 163533, tse]
[3038, 30.1, 27.7, 27.80, 29.80, 19649, tse]
[3040, 32.0, 31.05, 32.00, 31.60, 63, tse]
[3041, 20.1, 18.9, 19.95, 19.65, 4491, tse]
[3042, 86.3, 82.7, 85.00, 85.20, 4639, tse]
[3043, 43.0, 37.75, 39.35, 42.25, 818, tse]
[3044, 117.5, 111.0, 117.50, 115.00, 14273, tse]
[3045, 104.0, 102.5, 103.00, 103.50, 13577, tse]
[3046, 72.6, 66.5, 69.60, 72.30, 14422, tse]
[3047, 16.4, 15.6, 16.20, 16.10, 10376, tse]
[3048, 28.35, 27.15, 28.25, 27.65, 3708, tse]
[3049, 10.2, 9.91, 9.96, 10.05, 7821, tse]
[3050, 15.55, 15.05, 15.55, 15.25, 1966, tse]
[3051, 18.7, 17.65, 18.35, 18.15, 3062, tse]
[3052, 11.3, 11.0, 11.10, 11.25, 1256, tse]
[3054, 19.15, 18.55, 19.15, 19.10, 65, tse]
[3055, 29.5, 27.55, 28.60, 28.00, 246, tse]
[3056, 49.55, 47.9, 48.10, 49.45, 13662, tse]
[3057, 12.9, 11.3, 11.75, 12.65, 2590, tse]
[3058, 24.0, 21.05, 22.70, 23.85, 25142, tse]
[3059, 34.1, 32.25, 33.95, 33.35, 6737, tse]
[3060, 18.0, 17.15, 17.45, 17.35, 915, tse]
[3062, 23.4, 22.1, 23.10, 22.80, 7468, tse]
[3064, 13.05, 12.55, 12.55, 13.05, 10, otc]
[3066, 23.65, 22.65, 23.65, 23.00, 235, otc]
[3067, 34.7, 32.6, 32.60, 33.70, 5, otc]
[3071, 36.4, 32.15, 33.50, 33.35, 36362, otc]
[3078, 55.4, 49.9, 52.00, 54.40, 36372, otc]
[3081, 118.5, 99.6, 116.50, 101.00, 9979, otc]
[3083, 45.1, 41.85, 42.35, 44.90, 624, otc]
[3085, 21.35, 20.3, 21.30, 21.00, 18, otc]
[3086, 74.6, 69.0, 69.10, 72.50, 19, otc]
[3088, 76.1, 73.0, 74.70, 75.20, 2548, otc]
[3089, 63.8, 55.5, 55.50, 63.00, 205, otc]
[3090, 57.6, 56.1, 56.80, 57.20, 2184, tse]
[3092, 37.9, 35.45, 37.05, 37.75, 2408, tse]
[3093, 38.5, 36.95, 37.20, 38.15, 870, otc]
[3094, 34.35, 31.15, 34.05, 34.00, 9718, tse]
[3095, 24.35, 22.0, 24.35, 22.00, 66, otc]
[3105, 167.0, 154.0, 163.50, 163.50, 22375, otc]
[3114, 27.25, 26.4, 26.40, 27.20, 186, otc]
[3115, 10.65, 10.4, 10.65, 10.45, 16, otc]
[3118, 32.3, 30.9, 30.90, 32.30, 212, otc]
[3122, 25.45, 24.0, 24.00, 25.20, 341, otc]
[3128, 38.8, 36.55, 36.55, 37.70, 2232, otc]
[3130, 212.0, 210.0, 210.00, 212.00, 41, tse]
[3131, 350.0, 328.0, 349.00, 334.00, 1052, otc]
[3138, 168.0, 146.5, 160.50, 153.50, 3556, tse]
[3141, 104.0, 92.9, 94.50, 104.00, 4201, otc]
[3147, 68.8, 64.7, 64.80, 67.40, 1198, otc]
[3149, 19.4, 18.1, 19.40, 18.35, 4169, tse]
[3152, 215.5, 208.0, 210.50, 208.00, 277, otc]
[3162, 52.9, 50.4, 50.80, 52.30, 3709, otc]
[3163, 55.1, 51.3, 51.30, 54.60, 2621, otc]
[3164, 24.95, 23.55, 24.85, 24.80, 473, tse]
[3167, 43.3, 40.8, 42.80, 42.30, 690, tse]
[3169, 127.5, 121.0, 123.00, 126.00, 2198, otc]
[3171, 17.85, 17.2, 17.35, 17.50, 103, otc]
[3176, 34.35, 33.35, 34.10, 34.35, 383, otc]
[3178, 87.4, 81.8, 82.60, 86.00, 1646, otc]
[3188, 14.25, 13.8, 13.85, 14.15, 423, otc]
[3189, 112.5, 102.5, 107.00, 110.50, 34288, tse]
[3191, 8.69, 8.06, 8.12, 8.10, 214, otc]
[3202, 18.05, 17.15, 17.40, 17.85, 2301, otc]
[3205, 44.95, 42.0, 44.95, 44.00, 1007, otc]
[3206, 33.25, 31.75, 32.60, 32.85, 438, otc]
[3207, 76.0, 72.8, 72.80, 75.00, 3201, otc]
[3209, 42.05, 40.5, 41.30, 41.60, 4845, tse]
[3211, 76.5, 74.5, 75.00, 76.20, 518, otc]
[3213, 51.8, 50.0, 50.20, 51.70, 145, otc]
[3217, 103.5, 98.1, 100.00, 102.50, 2038, otc]
[3218, 404.0, 382.0, 388.50, 401.00, 977, otc]
[3219, 52.4, 51.4, 52.40, 51.70, 10, otc]
[3221, 29.0, 28.0, 28.10, 28.80, 1127, otc]
[3224, 54.8, 51.9, 54.80, 53.60, 5230, otc]
[3226, 58.9, 58.0, 58.50, 58.90, 8, otc]
[3227, 104.0, 100.0, 100.00, 103.50, 853, otc]
[3228, 166.0, 156.0, 156.50, 165.00, 2399, otc]
[3229, 19.6, 19.35, 19.60, 19.50, 105, tse]
[3230, 13.85, 13.1, 13.10, 13.70, 712, otc]
[3231, 46.75, 43.2, 44.60, 46.50, 307371, tse]
[3232, 32.15, 28.85, 29.60, 30.35, 4157, otc]
[3234, 23.4, 22.1, 22.75, 23.25, 863, otc]
[3236, 29.0, 27.5, 27.80, 28.65, 1663, otc]
[3252, 18.15, 17.5, 17.70, 18.05, 271, otc]
[3257, 59.0, 52.8, 55.00, 58.70, 1007, tse]
[3259, 19.3, 18.5, 19.30, 19.25, 92, otc]
[3260, 76.4, 70.4, 70.40, 75.00, 11508, otc]
[3264, 54.6, 52.3, 52.50, 54.00, 7744, otc]
[3265, 58.8, 53.5, 53.80, 57.10, 20683, otc]
[3266, 12.85, 12.7, 12.80, 12.80, 256, tse]
[3268, 22.5, 22.0, 22.20, 22.15, 148, otc]
[3272, 43.85, 42.1, 43.00, 43.50, 990, otc]
[3276, 14.45, 14.05, 14.10, 14.20, 276, otc]
[3284, 17.05, 15.6, 15.60, 16.50, 1385, otc]
[3285, 20.2, 19.5, 19.65, 19.70, 216, otc]
[3287, 14.15, 13.65, 13.70, 13.95, 240, otc]
[3288, 22.25, 21.5, 21.50, 21.70, 3, otc]
[3289, 84.0, 76.7, 79.90, 83.30, 10417, otc]
[3290, 27.65, 26.3, 26.35, 27.50, 2142, otc]
[3293, 536.0, 510.0, 515.00, 535.00, 2667, otc]
[3294, 19.5, 18.1, 19.50, 19.05, 4594, otc]
[3296, 18.2, 16.7, 17.25, 18.10, 4054, tse]
[3297, 17.65, 16.9, 17.50, 17.65, 322, otc]
[3303, 28.1, 26.8, 27.05, 27.70, 1405, otc]
[3305, 50.7, 46.55, 49.70, 47.90, 3906, tse]
[3306, 25.9, 24.65, 24.85, 25.60, 492, otc]
[3308, 31.8, 28.1, 30.80, 31.20, 3091, tse]
[3310, 67.7, 66.1, 67.40, 67.00, 113, otc]
[3311, 34.6, 33.9, 34.40, 34.40, 136, tse]
[3312, 21.5, 20.75, 21.05, 21.25, 2051, tse]
[3313, 10.35, 10.1, 10.20, 10.25, 110, otc]
[3317, 55.3, 53.3, 54.00, 54.80, 833, otc]
[3321, 6.49, 6.29, 6.49, 6.33, 462, tse]
[3322, 21.55, 20.7, 21.20, 21.40, 2518, otc]
[3323, 33.85, 32.6, 32.95, 33.75, 515, otc]
[3324, 251.5, 225.0, 226.50, 248.00, 24336, otc]
[3325, 18.9, 16.85, 17.10, 18.30, 3199, otc]
[3332, 48.8, 47.0, 48.50, 48.30, 51, otc]
[3338, 47.95, 43.05, 43.90, 47.80, 6691, tse]
[3339, 13.85, 12.8, 12.85, 13.40, 241, otc]
[3346, 39.1, 37.0, 38.70, 38.30, 3360, tse]
[3349, 14.0, 13.55, 13.55, 13.95, 25, otc]
[3354, 14.55, 13.85, 13.90, 14.50, 149, otc]
[3356, 38.7, 36.45, 37.60, 37.25, 3771, tse]
[3357, 105.0, 99.8, 101.00, 103.00, 174, otc]
[3360, 13.9, 13.6, 13.65, 13.85, 190, otc]
[3362, 93.9, 89.4, 90.00, 91.50, 5529, otc]
[3363, 38.8, 28.6, 28.90, 38.80, 64198, otc]
[3372, 12.5, 11.85, 11.90, 12.25, 741, otc]
[3373, 22.9, 22.5, 22.50, 22.85, 72, otc]
[3374, 99.5, 95.4, 96.50, 98.00, 2860, otc]
[3376, 88.8, 85.6, 87.00, 87.40, 1153, tse]
[3379, 12.45, 12.25, 12.25, 12.45, 108, otc]
[3380, 36.5, 34.4, 35.85, 35.40, 10665, tse]
[3388, 74.6, 73.5, 74.10, 74.30, 114, otc]
[3390, 18.15, 17.45, 17.80, 18.10, 439, otc]
[3402, 52.3, 50.8, 51.60, 52.20, 516, otc]
[3406, 375.5, 354.0, 364.00, 370.50, 6094, tse]
[3413, 189.5, 181.5, 188.00, 187.00, 1724, tse]
[3416, 115.0, 107.5, 108.50, 110.00, 3771, tse]
[3419, 20.95, 18.95, 19.05, 20.45, 21697, tse]
[3426, 40.4, 39.0, 39.70, 39.00, 35, otc]
[3430, 53.1, 47.05, 47.80, 51.00, 4236, otc]
[3432, 14.2, 13.1, 13.75, 13.40, 2122, tse]
[3434, 29.35, 27.7, 28.40, 28.60, 270, otc]
[3437, 19.5, 18.4, 19.15, 18.95, 1006, tse]
[3438, 58.2, 53.1, 53.30, 57.80, 943, otc]
[3441, 42.6, 40.6, 41.05, 42.35, 1371, otc]
[3443, 1030.0, 921.0, 1,010.00, 996.00, 30864, tse]
[3444, 64.7, 61.7, 62.50, 63.90, 2296, otc]
[3447, 54.8, 48.15, 51.90, 51.00, 3226, tse]
[3450, 37.95, 36.05, 37.30, 36.90, 1344, tse]
[3454, 231.5, 202.0, 225.00, 203.50, 14397, tse]
[3455, 88.9, 86.2, 86.30, 88.70, 737, otc]
[3465, 97.3, 90.4, 90.40, 95.40, 582, otc]
[3466, 34.45, 32.5, 33.45, 34.35, 1762, otc]
[3479, 111.0, 93.2, 98.20, 111.00, 20681, otc]
[3481, 14.35, 13.35, 14.30, 13.40, 279525, tse]
[3483, 69.6, 64.5, 65.50, 68.60, 1884, otc]
[3484, 47.4, 45.3, 45.30, 46.80, 1194, otc]
[3489, 11.2, 10.95, 11.05, 11.00, 87, otc]
[3490, 27.05, 25.9, 26.40, 26.85, 235, otc]
[3491, 166.0, 157.0, 161.50, 165.50, 4022, otc]
[3492, 20.75, 20.35, 20.50, 20.70, 151, otc]
[3494, 7.35, 6.65, 6.71, 7.27, 1283, tse]
[3498, 33.15, 32.1, 32.20, 33.05, 237, otc]
[3499, 23.15, 21.2, 21.45, 22.80, 2645, otc]
[3501, 57.2, 54.2, 55.00, 55.60, 5727, tse]
[3504, 81.0, 73.2, 79.20, 76.60, 4787, tse]
[3508, 33.45, 30.85, 31.60, 33.00, 685, otc]
[3511, 33.95, 33.1, 33.40, 33.80, 415, otc]
[3512, 33.35, 32.45, 33.10, 32.80, 139, otc]
[3515, 136.5, 127.5, 131.00, 135.50, 2842, tse]
[3516, 18.3, 16.9, 17.70, 17.65, 602, otc]
[3518, 32.9, 30.15, 31.35, 32.15, 4449, tse]
[3520, 22.35, 21.5, 21.85, 22.15, 2114, otc]
[3521, 23.95, 22.5, 23.90, 23.15, 870, otc]
[3522, 14.8, 13.8, 13.90, 14.45, 382, otc]
[3523, 18.45, 17.5, 18.40, 18.45, 12, otc]
[3526, 135.0, 126.5, 131.50, 134.00, 510, otc]
[3527, 114.5, 109.5, 109.50, 113.00, 485, otc]
[3528, 66.9, 62.4, 62.80, 66.30, 1113, tse]
[3529, 1865.0, 1700.0, 1,700.00, 1,825.00, 2385, otc]
[3530, 82.0, 78.0, 80.00, 79.60, 530, tse]
[3531, 27.9, 27.05, 27.05, 27.85, 22, otc]
[3532, 153.5, 140.5, 152.00, 149.00, 10089, tse]
[3533, 907.0, 850.0, 897.00, 878.00, 2767, tse]
[3535, 21.7, 20.35, 21.15, 20.95, 1981, tse]
[3537, 37.75, 36.9, 36.90, 37.70, 156, otc]
[3540, 40.9, 37.75, 38.40, 40.75, 2392, otc]
[3541, 60.3, 58.8, 59.70, 59.90, 270, otc]
[3543, 22.25, 21.1, 21.70, 21.50, 327, tse]
[3545, 83.3, 76.9, 81.00, 79.10, 17916, tse]
[3546, 81.0, 78.1, 79.10, 81.00, 281, otc]
[3548, 72.4, 68.4, 69.10, 70.90, 2160, otc]
[3550, 16.0, 15.45, 15.70, 16.00, 661, tse]
[3551, 59.6, 58.5, 58.70, 59.10, 154, otc]
[3552, 143.5, 140.0, 141.50, 141.00, 1294, otc]
[3555, 27.4, 27.0, 27.00, 27.35, 5, otc]
[3556, 65.6, 63.5, 63.80, 65.30, 181, otc]
[3557, 68.7, 65.5, 67.00, 67.50, 405, tse]
[3558, 293.5, 274.0, 275.00, 285.00, 8249, otc]
[3563, 195.0, 178.0, 182.00, 184.50, 1073, tse]
[3564, 36.5, 34.45, 35.60, 36.30, 421, otc]
[3567, 30.6, 28.9, 29.85, 30.05, 601, otc]
[3570, 165.5, 135.5, 136.00, 165.50, 1612, otc]
[3576, 21.1, 20.45, 20.95, 20.75, 28902, tse]
[3577, 81.8, 78.5, 81.70, 80.40, 310, otc]
[3580, 56.3, 54.0, 55.80, 56.00, 595, otc]
[3581, 22.75, 22.2, 22.40, 22.50, 84, otc]
[3583, 92.0, 83.9, 85.50, 90.00, 5210, tse]
[3587, 189.0, 180.5, 185.00, 189.00, 1615, otc]
[3588, 61.8, 56.8, 61.20, 57.80, 2116, tse]
[3591, 23.9, 22.35, 23.60, 23.05, 5108, tse]
[3592, 406.0, 361.0, 403.00, 381.00, 5919, tse]
[3593, 12.6, 12.2, 12.40, 12.45, 132, tse]
[3594, 51.7, 49.0, 50.60, 50.80, 3488, otc]
[3596, 103.0, 98.3, 102.00, 100.50, 6142, tse]
[3597, 25.5, 24.6, 24.65, 25.50, 41, otc]
[3605, 30.85, 29.95, 30.50, 30.15, 754, tse]
[3607, 14.25, 13.25, 13.85, 14.05, 844, tse]
[3609, 42.5, 41.5, 42.00, 42.45, 36, otc]
[3611, 235.5, 226.5, 226.50, 234.50, 126, otc]
[3615, 18.0, 17.4, 17.40, 17.75, 174, otc]
[3617, 124.5, 115.5, 122.50, 123.00, 2110, tse]
[3622, 31.8, 29.95, 31.20, 30.50, 697, tse]
[3623, 16.55, 15.8, 16.00, 16.20, 99, otc]
[3624, 78.2, 72.6, 73.50, 74.50, 29022, otc]
[3625, 13.95, 13.6, 13.85, 13.70, 676, otc]
[3628, 50.3, 48.05, 49.00, 49.90, 341, otc]
[3629, 88.0, 82.9, 86.40, 88.00, 150, otc]
[3630, 29.05, 28.0, 28.00, 28.80, 388, otc]
[3631, 35.4, 34.6, 34.95, 35.30, 13, otc]
[3632, 14.5, 14.0, 14.00, 14.45, 35, otc]
[3645, 34.2, 32.4, 33.80, 33.50, 1319, tse]
[3646, 29.0, 28.0, 28.35, 28.70, 252, otc]
[3652, 31.55, 28.4, 29.95, 30.75, 5175, tse]
[3653, 462.0, 429.5, 446.50, 455.00, 6300, tse]
[3661, 1250.0, 1120.0, 1,195.00, 1,185.00, 24938, tse]
[3663, 35.8, 32.0, 32.40, 34.90, 654, otc]
[3664, 33.65, 26.5, 26.50, 33.65, 3687, otc]
[3665, 265.0, 250.0, 263.50, 263.00, 5261, tse]
[3666, 22.95, 22.0, 22.00, 22.85, 210, otc]
[3669, 45.4, 42.6, 44.60, 43.25, 379, tse]
[3672, 29.3, 28.0, 28.90, 28.50, 40, otc]
[3673, 38.4, 36.75, 37.85, 37.35, 13044, tse]
[3675, 313.5, 291.0, 301.00, 300.50, 5396, otc]
[3679, 90.4, 87.8, 89.50, 89.80, 142, tse]
[3680, 354.5, 328.0, 328.50, 349.00, 5137, otc]
[3682, 6.71, 6.52, 6.56, 6.71, 7825, tse]
[3684, 64.0, 61.0, 62.80, 61.70, 341, otc]
[3685, 21.0, 20.4, 20.40, 21.00, 173, otc]
[3686, 15.75, 14.7, 15.70, 15.45, 1407, tse]
[3687, 82.8, 77.6, 78.70, 82.60, 449, otc]
[3689, 38.05, 36.7, 36.95, 38.00, 460, otc]
[3691, 106.5, 103.0, 106.00, 105.00, 813, otc]
[3693, 190.0, 171.5, 186.00, 178.50, 3404, otc]
[3694, 24.35, 22.5, 23.70, 23.30, 1680, tse]
[3701, 60.4, 56.0, 57.30, 59.50, 8634, tse]
[3702, 50.8, 49.3, 49.65, 50.00, 15001, tse]
[3703, 31.3, 30.65, 30.95, 31.20, 5473, tse]
[3704, 41.8, 38.85, 40.05, 41.25, 29725, tse]
[3705, 46.3, 44.15, 44.20, 46.20, 5175, tse]
[3706, 28.5, 27.7, 27.75, 28.40, 19485, tse]
[3707, 78.2, 74.8, 76.30, 77.90, 8536, otc]
[3708, 103.5, 98.5, 103.50, 101.00, 4197, tse]
[3709, 21.7, 21.25, 21.65, 21.45, 118, otc]
[3710, 11.85, 11.3, 11.60, 11.60, 2891, otc]
[3711, 103.0, 99.2, 102.00, 101.00, 65556, tse]
[3712, 39.3, 36.55, 36.80, 38.25, 15803, tse]
[3713, 28.4, 26.9, 27.25, 28.25, 203, otc]
[3714, 52.3, 48.8, 51.30, 49.90, 14055, tse]
[3715, 24.6, 22.9, 23.75, 24.40, 30183, tse]
[4102, 32.9, 31.65, 32.00, 32.85, 6779, otc]
[4104, 87.8, 83.7, 84.50, 87.30, 1985, tse]
[4105, 77.6, 74.3, 74.70, 76.90, 3702, otc]
[4106, 32.25, 29.55, 30.00, 31.80, 2494, tse]
[4107, 114.0, 111.5, 112.00, 114.00, 153, otc]
[4108, 22.8, 18.95, 19.50, 21.30, 7454, tse]
[4109, 16.95, 15.75, 16.95, 16.00, 3858, otc]
[4111, 36.05, 30.55, 31.30, 36.05, 11270, otc]
[4113, 16.2, 15.7, 15.95, 16.20, 1122, otc]
[4114, 48.3, 45.1, 46.30, 47.80, 21671, otc]
[4116, 63.8, 60.0, 63.00, 63.20, 1081, otc]
[4119, 131.0, 121.5, 126.50, 126.50, 2846, tse]
[4120, 36.8, 36.2, 36.40, 36.75, 43, otc]
[4121, 33.6, 26.2, 27.00, 33.60, 20464, otc]
[4123, 52.3, 49.75, 50.70, 50.80, 16661, otc]
[4126, 86.2, 82.8, 84.60, 85.90, 692, otc]
[4127, 16.1, 15.1, 15.20, 15.70, 831, otc]
[4128, 64.4, 60.2, 61.70, 62.70, 8025, otc]
[4129, 63.5, 57.8, 58.50, 62.90, 4794, otc]
[4130, 29.4, 26.4, 26.90, 29.30, 4612, otc]
[4131, 28.3, 27.5, 28.30, 28.00, 24, otc]
[4133, 36.35, 34.25, 35.70, 35.85, 972, tse]
[4137, 231.0, 212.0, 218.50, 219.00, 1431, tse]
[4138, 81.6, 78.5, 79.40, 80.60, 300, otc]
[4139, 37.7, 37.3, 37.55, 37.60, 24, otc]
[4142, 41.1, 38.65, 40.35, 39.80, 6098, tse]
[4147, 119.0, 106.0, 114.50, 118.50, 24451, otc]
[4148, 63.8, 60.5, 62.40, 63.40, 991, tse]
[4153, 47.4, 44.3, 44.60, 46.90, 1259, otc]
[4154, 31.0, 28.7, 30.50, 30.90, 39, otc]
[4155, 34.35, 31.8, 31.80, 33.95, 5138, tse]
[4157, 15.45, 14.65, 15.05, 15.40, 3103, otc]
[4160, 36.5, 32.15, 35.00, 36.50, 885, otc]
[4161, 30.8, 28.3, 29.20, 30.40, 590, otc]
[4162, 98.7, 94.0, 96.60, 97.90, 3675, otc]
[4163, 131.0, 124.0, 128.00, 130.50, 977, otc]
[4164, 69.4, 65.2, 66.10, 68.40, 9265, tse]
[4167, 18.6, 17.8, 18.20, 18.35, 3294, otc]
[4168, 31.85, 30.8, 31.10, 31.60, 2159, otc]
[4171, 58.1, 55.6, 56.50, 58.00, 461, otc]
[4173, 20.15, 19.15, 19.25, 19.85, 530, otc]
[4174, 85.7, 82.9, 85.20, 84.90, 1348, otc]
[4175, 118.0, 105.5, 106.00, 113.00, 3173, otc]
[4183, 19.65, 19.15, 19.15, 19.60, 25, otc]
[4188, 17.0, 15.6, 15.75, 16.70, 229, otc]
[4190, 98.3, 92.1, 97.30, 93.30, 2120, tse]
[4192, 19.85, 19.2, 19.30, 19.80, 63, otc]
[4198, 25.2, 24.5, 24.85, 25.20, 13, otc]
[4205, 106.5, 105.5, 105.50, 106.00, 15, otc]
[4207, 15.3, 14.95, 15.20, 15.15, 1563, otc]
[4303, 17.35, 16.9, 16.95, 17.15, 111, otc]
[4304, 10.15, 9.98, 10.05, 10.05, 84, otc]
[4305, 32.0, 31.1, 31.10, 31.95, 15, otc]
[4306, 17.3, 16.6, 16.60, 17.15, 11125, tse]
[4401, 28.5, 27.3, 27.30, 28.10, 396, otc]
[4402, 10.4, 9.99, 10.20, 10.20, 699, otc]
[4406, 10.4, 10.1, 10.15, 10.40, 53, otc]
[4413, 15.1, 14.65, 14.90, 15.05, 25, otc]
[4416, 86.7, 85.1, 85.60, 86.70, 11, otc]
[4417, 40.85, 39.9, 40.00, 40.80, 498, otc]
[4419, 23.0, 22.8, 23.00, 22.80, 18, otc]
[4420, 29.95, 29.4, 29.50, 29.50, 22, otc]
[4426, 25.3, 23.4, 24.00, 24.30, 1644, tse]
[4430, 23.1, 22.45, 22.80, 22.85, 50, otc]
[4432, 22.45, 20.85, 21.00, 22.15, 338, otc]
[4433, 36.5, 34.45, 34.45, 36.40, 387, otc]
[4438, 116.0, 113.5, 114.00, 115.00, 264, tse]
[4439, 113.0, 110.0, 111.00, 111.50, 50, tse]
[4440, 34.5, 34.0, 34.50, 34.30, 329, tse]
[4502, 37.0, 36.85, 37.00, 37.00, 31, otc]
[4503, 54.9, 51.1, 54.50, 52.70, 1982, otc]
[4506, 74.7, 73.2, 73.40, 74.10, 87, otc]
[4510, 14.8, 13.85, 14.10, 14.40, 4266, otc]
[4513, 22.3, 20.0, 20.15, 21.20, 2013, otc]
[4523, 36.95, 34.8, 35.50, 36.65, 47, otc]
[4526, 17.7, 16.75, 17.10, 17.25, 1534, tse]
[4527, 31.55, 30.65, 31.05, 31.50, 128, otc]
[4528, 34.85, 31.7, 32.35, 34.70, 557, otc]
[4529, 10.2, 9.98, 10.00, 10.05, 214, otc]
[4530, 6.87, 6.72, 6.72, 6.87, 21, otc]
[4532, 17.95, 17.3, 17.50, 17.85, 1523, tse]
[4533, 11.9, 11.4, 11.40, 11.60, 672, otc]
[4534, 9.67, 9.5, 9.56, 9.65, 126, otc]
[4535, 39.8, 38.65, 39.10, 39.80, 16, otc]
[4536, 204.0, 193.0, 200.00, 201.00, 3627, tse]
[4538, 20.75, 20.7, 20.75, 20.70, 4, otc]
[4540, 42.5, 40.2, 41.60, 41.35, 499, tse]
[4541, 47.2, 37.7, 38.40, 47.20, 32551, otc]
[4542, 28.0, 27.2, 27.30, 28.00, 5, otc]
[4543, 27.7, 26.0, 26.75, 27.50, 774, otc]
[4545, 32.6, 31.0, 31.85, 32.50, 561, tse]
[4549, 95.7, 92.8, 92.80, 95.10, 368, otc]
[4550, 32.65, 30.65, 31.20, 32.65, 549, otc]
[4551, 140.5, 134.0, 136.50, 140.00, 1366, tse]
[4552, 32.75, 31.85, 32.60, 32.60, 996, tse]
[4554, 30.7, 28.7, 29.20, 30.40, 302, otc]
[4555, 48.95, 47.5, 48.35, 48.65, 584, tse]
[4556, 31.4, 30.95, 31.10, 31.25, 9, otc]
[4557, 111.5, 106.0, 106.00, 111.00, 226, tse]
[4558, 28.0, 27.3, 27.30, 27.65, 46, otc]
[4560, 39.4, 38.8, 39.40, 39.35, 190, tse]
[4561, 25.65, 24.0, 24.20, 24.60, 385, otc]
[4562, 16.4, 15.8, 15.90, 16.20, 393, tse]
[4563, 39.5, 38.25, 38.35, 39.50, 89, otc]
[4564, 24.2, 23.5, 23.80, 24.05, 1367, tse]
[4566, 69.7, 60.1, 60.10, 65.00, 47048, tse]
[4568, 61.0, 60.0, 60.20, 61.00, 6, otc]
[4571, 80.4, 78.3, 79.60, 80.30, 80, tse]
[4572, 184.0, 153.5, 155.50, 180.00, 26348, tse]
[4576, 77.5, 73.5, 75.20, 75.80, 224, tse]
[4577, 31.95, 30.3, 30.80, 31.15, 219, otc]
[4580, 96.9, 93.2, 94.20, 96.40, 287, otc]
[4581, 61.0, 46.9, 47.65, 60.30, 4050, tse]
[4583, 219.0, 208.0, 215.00, 217.00, 198, tse]
[4584, 50.8, 49.5, 50.00, 50.80, 25, otc]
[4609, 8.0, 7.68, 7.68, 8.00, 5, otc]
[4702, 14.8, 13.3, 13.35, 14.20, 1835, otc]
[4706, 18.1, 17.15, 17.15, 17.45, 400, otc]
[4707, 12.95, 12.7, 12.70, 12.90, 994, otc]
[4711, 18.3, 14.95, 15.05, 16.70, 5433, otc]
[4712, 4.59, 4.21, 4.59, 4.50, 79, otc]
[4714, 13.0, 11.95, 11.95, 12.45, 5601, otc]
[4716, 13.5, 12.25, 12.25, 12.75, 2439, otc]
[4720, 16.25, 14.55, 14.55, 15.25, 6237, tse]
[4721, 102.0, 98.2, 99.00, 101.00, 1083, otc]
[4722, 35.9, 34.95, 35.20, 35.30, 231, tse]
[4726, 38.8, 37.4, 37.90, 38.65, 942, otc]
[4728, 288.5, 245.5, 260.50, 276.00, 683, otc]
[4729, 17.05, 16.3, 17.05, 16.40, 146, otc]
[4735, 37.95, 37.05, 37.95, 37.75, 76, otc]
[4736, 184.5, 178.5, 181.00, 184.00, 730, otc]
[4737, 76.0, 73.0, 74.70, 74.70, 215, tse]
[4739, 95.7, 91.3, 92.70, 93.30, 1704, tse]
[4741, 41.45, 36.6, 38.65, 39.25, 5016, otc]
[4743, 250.0, 234.5, 241.00, 241.00, 14490, otc]
[4744, 35.4, 33.45, 34.10, 34.90, 1667, otc]
[4745, 28.9, 26.9, 26.95, 28.20, 402, otc]
[4746, 83.8, 76.7, 80.50, 83.20, 9904, tse]
[4747, 58.8, 53.1, 55.00, 57.70, 1640, otc]
[4754, 41.5, 40.0, 40.75, 41.10, 131, otc]
[4755, 138.5, 120.5, 131.00, 136.50, 17882, tse]
[4760, 76.3, 65.0, 65.50, 74.20, 1012, otc]
[4763, 470.5, 411.0, 418.00, 470.50, 18410, tse]
[4764, 52.7, 48.8, 51.00, 51.20, 303, tse]
[4766, 148.0, 143.0, 148.00, 148.00, 310, tse]
[4767, 32.75, 29.0, 29.25, 32.70, 946, otc]
[4768, 175.5, 165.5, 167.50, 172.00, 1080, otc]
[4770, 302.0, 263.5, 299.50, 281.50, 4355, tse]
[4804, 6.74, 6.22, 6.31, 6.58, 331, otc]
[4807, 21.3, 20.2, 20.90, 21.20, 107, tse]
[4903, 20.55, 19.45, 19.55, 20.25, 416, otc]
[4904, 78.9, 77.2, 78.00, 78.90, 28525, tse]
[4905, 51.4, 51.0, 51.00, 51.00, 263, otc]
[4906, 31.95, 30.5, 31.05, 31.00, 13497, tse]
[4907, 35.95, 34.5, 34.50, 35.85, 217, otc]
[4908, 36.95, 33.3, 33.70, 35.80, 3995, otc]
[4909, 18.2, 17.7, 17.90, 18.15, 333, otc]
[4911, 81.2, 66.6, 69.00, 76.30, 3179, otc]
[4912, 75.0, 67.5, 74.00, 69.40, 252, tse]
[4915, 60.6, 58.2, 59.80, 60.00, 9779, tse]
[4916, 37.9, 30.75, 32.15, 35.30, 34980, tse]
[4919, 140.0, 125.0, 138.00, 133.00, 31469, tse]
[4923, 60.5, 58.0, 58.70, 59.90, 553, otc]
[4924, 13.3, 13.0, 13.05, 13.10, 104, otc]
[4927, 57.2, 52.9, 56.20, 55.10, 4550, tse]
[4930, 25.8, 25.0, 25.25, 25.65, 358, tse]
[4931, 45.45, 43.6, 44.70, 44.80, 3604, otc]
[4933, 35.4, 34.4, 34.45, 34.90, 62, otc]
[4934, 31.45, 29.7, 30.90, 31.10, 6917, tse]
[4935, 56.5, 54.6, 55.70, 55.30, 546, tse]
[4938, 70.1, 68.8, 69.90, 70.00, 34370, tse]
[4939, 16.5, 16.1, 16.20, 16.30, 170, otc]
[4942, 37.85, 37.0, 37.85, 37.45, 813, tse]
[4943, 18.9, 13.9, 18.90, 15.20, 532, tse]
[4944, 12.45, 12.15, 12.45, 12.25, 13, otc]
[4945, 51.9, 50.2, 50.90, 51.20, 82, otc]
[4946, 28.05, 27.0, 27.05, 27.75, 60, otc]
[4950, 19.9, 17.7, 18.30, 19.20, 6690, otc]
[4951, 71.6, 65.0, 68.00, 70.90, 999, otc]
[4952, 56.3, 53.8, 55.20, 55.70, 880, tse]
[4953, 123.0, 113.5, 116.00, 122.50, 5447, otc]
[4956, 16.55, 15.6, 16.25, 16.15, 808, tse]
[4958, 113.0, 107.5, 110.50, 111.50, 19243, tse]
[4960, 13.75, 11.3, 13.20, 11.95, 42171, tse]
[4961, 171.0, 153.0, 156.00, 158.00, 25296, tse]
[4966, 1020.0, 887.0, 963.00, 938.00, 9665, otc]
[4967, 79.8, 66.3, 74.50, 67.90, 47715, tse]
[4968, 183.5, 156.0, 175.00, 170.50, 86789, tse]
[4971, 66.9, 61.2, 61.80, 66.60, 1271, otc]
[4972, 29.45, 29.0, 29.25, 29.20, 186, otc]
[4973, 25.65, 24.1, 24.45, 25.60, 1226, otc]
[4974, 68.7, 66.7, 66.70, 68.00, 548, otc]
[4976, 51.3, 46.0, 49.15, 46.50, 4030, tse]
[4977, 118.0, 104.0, 116.00, 107.00, 21042, tse]
[4979, 52.2, 47.25, 47.55, 50.80, 44179, otc]
[4987, 61.6, 60.3, 61.50, 61.40, 46, otc]
[4989, 26.6, 25.3, 26.20, 26.05, 467, tse]
[4991, 34.0, 32.55, 33.25, 33.25, 118, otc]
[4994, 46.1, 42.9, 45.10, 45.00, 292, tse]
[4995, 51.3, 48.55, 48.55, 50.70, 259, otc]
[4999, 38.7, 37.25, 38.00, 37.90, 88, tse]
[5007, 52.8, 51.2, 51.80, 52.40, 184, tse]
[5009, 59.0, 52.8, 54.10, 58.80, 88078, otc]
[5011, 27.3, 26.1, 26.10, 27.00, 1048, otc]
[5013, 35.85, 35.3, 35.50, 35.35, 32, otc]
[5014, 16.2, 15.55, 15.70, 16.10, 1233, otc]
[5015, 54.3, 51.9, 52.10, 53.90, 326, otc]
[5016, 31.0, 30.4, 30.40, 30.95, 8, otc]
[5201, 27.5, 27.0, 27.00, 27.40, 49, otc]
[5202, 16.15, 15.4, 15.75, 15.65, 232, otc]
[5203, 99.8, 92.6, 97.40, 97.00, 2590, tse]
[5205, 37.95, 36.7, 37.95, 36.70, 3, otc]
[5206, 20.7, 20.3, 20.35, 20.40, 591, otc]
[5209, 160.0, 144.5, 144.50, 158.50, 740, otc]
[5210, 18.1, 16.7, 17.10, 17.40, 466, otc]
[5211, 34.8, 31.25, 31.35, 33.10, 10828, otc]
[5212, 48.1, 47.0, 47.30, 47.00, 11, otc]
[5213, 28.3, 26.7, 26.75, 27.50, 1406, otc]
[5215, 49.65, 46.55, 49.65, 48.00, 150, tse]
[5220, 31.3, 30.05, 30.20, 30.60, 35, otc]
[5222, 201.5, 184.0, 184.00, 197.50, 22890, tse]
[5223, 40.5, 39.9, 40.30, 40.20, 108, otc]
[5225, 39.6, 36.7, 37.75, 39.20, 2958, tse]
[5227, 70.9, 68.8, 70.40, 70.70, 1881, otc]
[5228, 22.9, 22.2, 22.35, 22.30, 42, otc]
[5230, 22.45, 22.0, 22.40, 22.15, 406, otc]
[5234, 94.4, 84.5, 89.50, 89.60, 2494, tse]
[5236, 88.9, 83.7, 84.10, 87.80, 228, otc]
[5243, 67.5, 63.6, 66.60, 65.40, 10779, tse]
[5244, 30.9, 30.0, 30.05, 30.80, 339, tse]
[5245, 46.6, 44.7, 46.55, 45.90, 670, otc]
[5251, 22.55, 20.85, 21.15, 22.00, 774, otc]
[5258, 82.5, 77.6, 80.50, 81.90, 16312, tse]
[5263, 121.5, 113.5, 120.00, 121.00, 1007, otc]
[5269, 1190.0, 1075.0, 1,165.00, 1,135.00, 4277, tse]
[5272, 29.4, 28.05, 28.50, 29.20, 279, otc]
[5274, 2720.0, 2560.0, 2,585.00, 2,615.00, 983, otc]
[5276, 15.75, 15.75, 15.75, 15.75, 1, otc]
[5278, 175.5, 174.5, 175.00, 174.50, 24, otc]
[5281, 17.35, 16.5, 16.50, 16.65, 14, otc]
[5283, 109.0, 107.5, 108.00, 109.00, 211, tse]
[5284, 126.0, 113.0, 116.50, 125.00, 15546, tse]
[5285, 80.6, 75.6, 79.30, 78.30, 1710, tse]
[5287, 204.0, 199.0, 199.50, 203.00, 69, otc]
[5288, 178.5, 168.0, 170.50, 178.00, 260, tse]
[5289, 301.0, 274.0, 274.00, 299.00, 4526, otc]
[5291, 34.3, 33.5, 33.60, 34.10, 178, otc]
[5299, 127.5, 121.5, 124.00, 127.50, 571, otc]
[5301, 12.6, 11.7, 12.10, 12.05, 271, otc]
[5302, 9.53, 9.11, 9.30, 9.53, 713, otc]
[5306, 145.0, 141.0, 142.00, 145.00, 473, tse]
[5309, 43.7, 41.6, 41.75, 43.10, 8653, otc]
[5310, 24.9, 23.5, 23.95, 24.85, 34, otc]
[5312, 65.7, 63.8, 63.80, 65.50, 116, otc]
[5314, 24.6, 22.4, 22.40, 24.00, 326, otc]
[5315, 23.2, 22.45, 22.55, 23.15, 1833, otc]
[5321, 96.8, 85.0, 86.30, 94.70, 2448, otc]
[5324, 9.23, 9.07, 9.16, 9.15, 114, otc]
[5328, 13.5, 12.7, 12.75, 13.35, 1222, otc]
[5340, 43.75, 40.1, 40.80, 43.75, 1302, otc]
[5344, 16.7, 15.7, 16.00, 16.20, 182, otc]
[5345, 5.29, 5.04, 5.19, 5.29, 10, otc]
[5347, 87.9, 84.7, 86.50, 86.70, 15319, otc]
[5348, 9.94, 9.05, 9.58, 9.94, 71, otc]
[5351, 43.5, 40.25, 41.40, 43.05, 9500, otc]
[5353, 48.45, 45.75, 48.05, 47.05, 4394, otc]
[5355, 8.19, 7.71, 7.80, 8.10, 701, otc]
[5356, 22.0, 21.55, 21.90, 21.60, 154, otc]
[5364, 24.45, 24.1, 24.20, 24.45, 22, otc]
[5371, 76.0, 72.5, 73.50, 74.80, 13845, otc]
[5381, 18.0, 17.2, 17.40, 17.90, 1930, otc]
[5383, 31.65, 29.65, 29.65, 30.65, 125, otc]
[5386, 38.75, 36.75, 37.30, 38.30, 263, otc]
[5388, 83.6, 79.7, 82.60, 82.10, 10050, tse]
[5392, 21.0, 20.65, 20.80, 20.80, 450, otc]
[5398, 17.65, 16.25, 16.45, 16.30, 301, otc]
[5403, 101.0, 93.9, 94.10, 100.00, 1887, otc]
[5410, 35.7, 34.0, 34.50, 35.45, 1038, otc]
[5425, 94.0, 89.7, 90.60, 91.70, 22169, otc]
[5426, 12.5, 12.2, 12.30, 12.45, 477, otc]
[5432, 27.55, 26.75, 26.75, 27.40, 49, otc]
[5434, 191.5, 182.0, 186.00, 186.50, 4025, tse]
[5438, 19.3, 18.5, 18.95, 19.25, 190, otc]
[5439, 66.1, 62.2, 62.20, 65.50, 2955, otc]
[5443, 28.4, 27.75, 27.95, 28.40, 339, otc]
[5450, 22.35, 21.6, 21.75, 22.00, 439, otc]
[5452, 22.0, 20.1, 20.10, 21.75, 2603, otc]
[5455, 27.8, 27.8, 27.80, 27.80, 3, otc]
[5457, 53.8, 51.5, 53.50, 53.10, 2886, otc]
[5460, 11.35, 11.0, 11.00, 11.15, 155, otc]
[5464, 30.0, 28.95, 29.65, 29.70, 645, otc]
[5465, 38.9, 35.5, 36.50, 38.20, 8163, otc]
[5468, 16.5, 15.65, 15.65, 16.25, 42, otc]
[5469, 38.3, 36.7, 37.30, 37.95, 5426, tse]
[5471, 50.8, 48.55, 50.50, 49.70, 1845, tse]
[5474, 85.6, 82.6, 83.50, 84.10, 94, otc]
[5475, 15.25, 14.1, 14.20, 14.65, 1314, otc]
[5478, 94.8, 85.5, 92.00, 94.10, 2984, otc]
[5481, 12.8, 12.65, 12.70, 12.65, 139, otc]
[5483, 149.0, 142.5, 144.00, 147.50, 5774, otc]
[5484, 17.3, 16.0, 16.65, 17.00, 304, tse]
[5487, 25.05, 25.0, 25.05, 25.00, 3, otc]
[5488, 13.35, 12.35, 12.50, 13.10, 1731, otc]
[5489, 40.1, 39.0, 39.00, 40.05, 323, otc]
[5490, 27.2, 25.5, 25.90, 26.00, 1321, otc]
[5493, 52.0, 51.3, 51.30, 51.60, 5, otc]
[5498, 11.2, 10.7, 10.80, 11.20, 1039, otc]
[5508, 64.3, 63.5, 63.50, 64.20, 143, otc]
[5511, 36.55, 35.2, 35.90, 36.35, 676, otc]
[5512, 9.65, 9.5, 9.55, 9.58, 3470, otc]
[5514, 18.1, 18.0, 18.10, 18.00, 7, otc]
[5515, 13.05, 12.75, 12.85, 13.00, 1204, tse]
[5516, 26.5, 24.85, 25.00, 25.85, 143, otc]
[5519, 24.55, 23.95, 24.40, 24.40, 1699, tse]
[5520, 55.3, 55.1, 55.10, 55.30, 7, otc]
[5521, 8.06, 7.78, 7.79, 7.94, 4488, tse]
[5522, 61.5, 57.4, 57.60, 61.40, 10196, tse]
[5523, 25.05, 24.6, 24.70, 24.70, 34, otc]
[5525, 27.0, 26.1, 26.10, 26.85, 297, tse]
[5529, 11.75, 11.55, 11.75, 11.60, 75, otc]
[5530, 37.6, 36.9, 36.90, 37.50, 354, otc]
[5531, 9.95, 9.61, 9.65, 9.66, 1947, tse]
[5533, 18.6, 18.1, 18.15, 18.55, 1325, tse]
[5534, 80.0, 78.7, 79.10, 79.90, 864, tse]
[5536, 136.5, 128.5, 131.00, 135.50, 1256, otc]
[5538, 42.85, 40.7, 41.40, 42.60, 128, tse]
[5543, 53.0, 47.3, 47.30, 50.50, 92, otc]
[5546, 41.0, 39.1, 40.50, 40.50, 143, tse]
[5601, 42.45, 41.35, 41.70, 41.95, 183, otc]
[5603, 21.65, 21.1, 21.15, 21.25, 714, otc]
[5604, 51.4, 49.5, 50.50, 49.75, 60, otc]
[5607, 74.9, 69.9, 74.30, 72.30, 3869, tse]
[5608, 25.55, 24.05, 25.50, 25.10, 9968, tse]
[5609, 87.2, 85.4, 85.50, 86.50, 829, otc]
[5701, 9.8, 8.1, 9.80, 8.15, 909, otc]
[5703, 21.4, 20.45, 21.00, 21.40, 117, otc]
[5704, 55.0, 52.8, 55.00, 54.10, 419, otc]
[5706, 63.9, 60.3, 62.70, 62.80, 3297, tse]
[5864, 15.65, 14.6, 14.75, 15.60, 1735, otc]
[5871, 227.5, 218.0, 224.00, 223.00, 11567, tse]
[5876, 47.05, 45.8, 46.55, 46.45, 15203, tse]
[5878, NaN, NaN, NaN, NaN, 0, otc]
[5880, 26.95, 26.25, 26.35, 26.75, 51995, tse]
[5902, 38.6, 37.7, 38.00, 38.00, 101, otc]
[5903, 211.0, 207.0, 209.50, 210.00, 63, otc]
[5904, 597.0, 572.0, 580.00, 574.00, 1288, otc]
[5905, 11.8, 11.55, 11.70, 11.65, 887, otc]
[5906, 38.4, 35.5, 37.45, 37.00, 113, tse]
[5907, 15.55, 14.7, 14.80, 15.30, 762, tse]
[6005, 13.75, 13.35, 13.35, 13.70, 22035, tse]
[6015, 9.65, 9.3, 9.51, 9.65, 1582, otc]
[6016, 11.05, 10.8, 10.85, 11.00, 1696, otc]
[6020, 18.6, 18.4, 18.60, 18.55, 17, otc]
[6021, 17.25, 17.1, 17.10, 17.10, 20, otc]
[6023, 51.4, 50.8, 50.90, 51.40, 179, otc]
[6024, 44.0, 42.95, 43.45, 43.40, 1009, tse]
[6026, 11.8, 11.15, 11.20, 11.70, 5286, otc]
[6101, 49.9, 47.0, 48.75, 48.55, 1600, otc]
[6103, 39.65, 34.5, 35.85, 35.20, 18, otc]
[6104, 108.5, 102.0, 103.50, 108.00, 8617, otc]
[6108, 17.45, 17.1, 17.20, 17.35, 420, tse]
[6109, 17.05, 15.7, 16.30, 16.95, 3007, otc]
[6111, 73.0, 63.8, 64.30, 73.00, 9661, otc]
[6112, 49.4, 43.3, 44.45, 49.40, 15168, tse]
[6113, 17.55, 16.5, 16.55, 17.45, 484, otc]
[6114, 26.6, 23.0, 23.10, 26.00, 2657, otc]
[6115, 46.35, 45.0, 45.30, 45.95, 740, tse]
[6116, 13.2, 12.2, 13.10, 12.20, 42031, tse]
[6117, 15.25, 14.55, 14.55, 15.10, 490, tse]
[6118, 34.05, 31.2, 31.20, 33.30, 2605, otc]
[6120, 10.55, 10.0, 10.35, 10.25, 5234, tse]
[6121, 311.5, 302.0, 306.00, 308.00, 2264, otc]
[6122, 31.0, 28.2, 28.35, 30.15, 8013, otc]
[6123, 70.3, 67.9, 70.10, 70.20, 375, otc]
[6124, 27.6, 26.6, 26.90, 27.10, 87, otc]
[6125, 31.8, 30.7, 30.80, 31.70, 6365, otc]
[6126, 23.15, 22.25, 22.40, 22.95, 789, otc]
[6127, 23.8, 20.85, 21.05, 22.85, 5053, otc]
[6128, 34.2, 32.5, 33.20, 33.65, 861, tse]
[6129, 35.4, 32.75, 33.00, 35.30, 5860, otc]
[6130, 34.1, 32.6, 34.10, 33.30, 37, otc]
[6133, 22.6, 20.15, 22.30, 20.65, 6326, tse]
[6134, 25.45, 23.4, 23.80, 25.05, 2771, otc]
[6136, 19.75, 18.8, 19.15, 19.15, 857, tse]
[6138, 175.0, 158.0, 165.50, 169.50, 9911, otc]
[6139, 45.5, 43.5, 44.60, 45.35, 4699, tse]
[6140, 23.05, 21.1, 22.10, 22.60, 4460, otc]
[6141, 18.7, 18.0, 18.70, 18.40, 311, tse]
[6142, 13.85, 12.75, 13.55, 13.65, 9245, tse]
[6143, 97.4, 87.9, 89.10, 96.20, 10414, otc]
[6144, 14.4, 14.0, 14.20, 14.25, 72, otc]
[6146, 264.5, 241.0, 243.50, 264.50, 1657, otc]
[6147, 67.8, 65.7, 66.50, 65.90, 13652, otc]
[6148, 36.65, 28.6, 28.65, 36.65, 18972, otc]
[6150, 73.8, 69.3, 69.30, 73.80, 1575, otc]
[6151, 28.85, 28.5, 28.50, 28.65, 37, otc]
[6152, 12.25, 11.25, 11.90, 11.85, 4410, tse]
[6153, 23.6, 22.55, 23.50, 23.20, 9176, tse]
[6154, 16.45, 16.25, 16.25, 16.40, 48, otc]
[6155, 26.4, 24.95, 25.75, 25.50, 934, tse]
[6156, 21.15, 20.3, 20.55, 21.05, 907, otc]
[6158, 26.5, 25.5, 25.80, 26.25, 147, otc]
[6160, 31.7, 27.65, 27.65, 31.10, 13740, otc]
[6161, 34.95, 32.55, 32.90, 34.95, 1917, otc]
[6163, 25.7, 23.55, 23.60, 24.50, 22165, otc]
[6164, 11.7, 11.15, 11.45, 11.60, 1446, tse]
[6165, 32.5, 29.95, 30.00, 31.25, 2327, tse]
[6166, 60.0, 58.0, 59.30, 59.90, 446, tse]
[6167, 18.35, 16.3, 16.60, 18.35, 17016, otc]
[6168, 25.8, 23.95, 24.70, 25.55, 4493, tse]
[6169, 19.8, 19.0, 19.80, 19.50, 128, otc]
[6170, 38.1, 36.8, 37.05, 37.85, 253, otc]
[6171, 21.9, 21.55, 21.60, 21.80, 104, otc]
[6173, 39.1, 37.6, 37.70, 38.80, 555, otc]
[6174, 29.75, 28.2, 28.20, 29.25, 454, otc]
[6175, 39.4, 37.4, 38.00, 39.35, 2117, otc]
[6176, 114.0, 110.5, 111.00, 113.00, 17890, tse]
[6177, 31.95, 31.4, 31.45, 31.60, 1589, tse]
[6179, 34.25, 32.5, 33.50, 32.50, 10881, otc]
[6180, 73.9, 70.0, 71.00, 73.80, 2773, otc]
[6182, 43.7, 42.15, 42.40, 43.20, 11651, otc]
[6183, 62.5, 61.1, 62.10, 61.90, 173, tse]
[6184, 50.7, 50.0, 50.70, 50.20, 252, tse]
[6185, 20.05, 18.1, 18.25, 19.90, 5426, otc]
[6186, 44.3, 42.5, 43.45, 43.85, 587, otc]
[6187, 62.2, 60.2, 61.00, 61.30, 647, otc]
[6188, 54.3, 52.3, 53.20, 53.80, 3979, otc]
[6189, 41.6, 40.85, 41.20, 41.55, 1053, tse]
[6190, 32.7, 31.15, 31.25, 32.55, 2713, otc]
[6191, 34.05, 32.65, 33.15, 33.80, 6090, tse]
[6192, 76.5, 70.7, 76.10, 71.70, 2002, tse]
[6194, 26.8, 25.35, 25.65, 26.65, 801, otc]
[6195, 46.6, 45.9, 46.40, 46.15, 142, otc]
[6196, 130.5, 124.0, 129.50, 129.50, 2381, tse]
[6197, 54.6, 51.6, 53.60, 53.00, 4402, tse]
[6198, 22.35, 21.55, 22.00, 22.00, 68, otc]
[6199, 18.6, 18.15, 18.30, 18.15, 30, otc]
[6201, 43.7, 43.2, 43.25, 43.50, 107, tse]
[6202, 70.2, 66.2, 70.00, 68.70, 5004, tse]
[6203, 71.1, 68.2, 68.70, 70.00, 764, otc]
[6204, 57.5, 57.0, 57.20, 57.50, 24, otc]
[6205, 75.9, 71.2, 73.60, 74.20, 3652, tse]
[6206, 70.9, 69.1, 70.60, 70.70, 1138, tse]
[6207, 27.7, 27.0, 27.10, 27.50, 148, otc]
[6208, 54.5, 53.5, 53.80, 54.20, 280, otc]
[6209, 32.65, 30.15, 31.30, 31.55, 14416, tse]
[6210, 36.65, 35.2, 35.50, 35.50, 12, otc]
[6212, NaN, NaN, NaN, NaN, 0, otc]
[6213, 72.4, 67.1, 72.00, 69.90, 7970, tse]
[6214, 81.7, 78.7, 78.80, 81.60, 1390, tse]
[6215, 30.75, 28.9, 28.95, 29.80, 4189, tse]
[6216, 26.6, 26.05, 26.30, 26.50, 699, tse]
[6217, 43.7, 42.3, 43.15, 43.40, 1955, otc]
[6218, 26.7, 24.1, 24.50, 24.20, 7462, otc]
[6219, 11.05, 10.9, 11.00, 11.05, 733, otc]
[6220, 28.4, 27.3, 27.55, 28.30, 1533, otc]
[6221, 64.0, 62.2, 62.20, 64.00, 16, otc]
[6222, 15.65, 14.7, 14.80, 15.50, 14, otc]
[6223, 129.5, 122.5, 124.00, 128.50, 5246, otc]
[6224, 64.5, 60.6, 63.90, 62.70, 708, tse]
[6225, 13.4, 11.6, 12.35, 11.95, 181, tse]
[6226, 12.25, 11.7, 12.00, 12.10, 2077, tse]
[6227, 48.5, 46.7, 47.05, 48.40, 309, otc]
[6228, 13.1, 12.45, 12.45, 12.80, 61, otc]
[6229, 27.95, 26.5, 27.15, 27.80, 236, otc]
[6230, 167.5, 146.5, 155.00, 161.00, 752, tse]
[6231, 127.5, 120.5, 124.50, 126.50, 4651, otc]
[6233, 26.4, 25.2, 25.75, 26.05, 988, otc]
[6234, 37.95, 30.2, 30.45, 37.95, 25653, otc]
[6235, 95.9, 85.2, 93.00, 95.70, 42368, tse]
[6236, 21.15, 21.0, 21.00, 21.15, 12, otc]
[6237, 44.65, 42.3, 42.60, 44.10, 1285, otc]
[6239, 92.9, 89.3, 89.70, 91.80, 24963, tse]
[6240, 24.4, 22.3, 22.30, 23.30, 225, otc]
[6241, 14.1, 13.65, 13.70, 13.95, 113, otc]
[6242, 78.8, 67.0, 68.60, 78.80, 1084, otc]
[6243, 36.75, 34.1, 36.05, 35.90, 1102, tse]
[6244, 38.8, 37.3, 37.50, 37.75, 37974, otc]
[6245, 104.0, 97.6, 98.00, 102.50, 7975, otc]
[6246, 14.2, 13.8, 14.10, 13.95, 65, otc]
[6248, 34.15, 31.15, 31.50, 34.00, 6167, otc]
[6257, 53.4, 50.8, 53.00, 52.10, 10110, tse]
[6259, 23.0, 22.05, 22.65, 22.30, 18, otc]
[6261, 65.0, 63.7, 63.90, 64.70, 322, otc]
[6263, 131.5, 120.0, 122.50, 127.50, 797, otc]
[6264, 7.57, 7.47, 7.53, 7.52, 151, otc]
[6265, 10.5, 10.25, 10.40, 10.25, 359, otc]
[6266, 46.6, 41.85, 44.80, 41.85, 24847, otc]
[6269, 101.5, 91.6, 99.80, 94.50, 21140, tse]
[6270, 22.65, 22.1, 22.20, 22.60, 214, otc]
[6271, 171.0, 160.5, 165.00, 169.50, 14802, tse]
[6274, 67.6, 61.0, 62.80, 66.40, 8533, otc]
[6275, 35.1, 33.7, 34.00, 34.70, 1088, otc]
[6276, 22.35, 20.4, 20.50, 22.20, 1269, otc]
[6277, 86.1, 83.4, 84.50, 85.80, 770, tse]
[6278, 100.5, 96.5, 98.60, 98.50, 4720, tse]
[6279, 138.0, 131.0, 132.00, 137.00, 1938, otc]
[6281, 83.9, 83.2, 83.60, 83.50, 120, tse]
[6282, 45.5, 41.25, 43.90, 42.30, 238184, tse]
[6283, 33.45, 31.65, 33.20, 32.20, 800, tse]
[6284, 57.5, 55.1, 55.80, 56.60, 970, otc]
[6285, 93.2, 88.4, 92.50, 92.40, 25834, tse]
[6287, 23.0, 22.45, 22.45, 23.00, 4, otc]
[6288, 35.15, 29.75, 31.05, 33.55, 76924, tse]
[6290, 61.9, 59.5, 60.50, 61.00, 6688, otc]
[6291, 167.0, 138.5, 140.00, 167.00, 304, otc]
[6292, 44.75, 43.55, 43.80, 44.05, 82, otc]
[6294, 109.5, 108.0, 108.50, 109.50, 64, otc]
[6404, 23.45, 21.2, 21.20, 22.20, 23, otc]
[6405, 22.5, 21.6, 22.25, 22.30, 224, tse]
[6409, 1810.0, 1680.0, 1,750.00, 1,760.00, 725, tse]
[6411, 109.0, 102.0, 103.00, 106.00, 4608, otc]
[6412, 87.5, 78.1, 78.60, 85.50, 6196, tse]
[6414, 251.5, 241.0, 246.00, 250.50, 2645, tse]
[6415, 482.0, 431.0, 480.00, 480.50, 10255, tse]
[6416, 106.5, 97.4, 104.50, 99.00, 2454, tse]
[6417, 165.0, 145.0, 152.50, 165.00, 7574, otc]
[6418, 20.35, 18.45, 18.60, 18.90, 1631, otc]
[6419, 36.05, 34.5, 36.05, 34.85, 14, otc]
[6425, 21.1, 20.5, 20.90, 20.95, 199, otc]
[6426, 63.0, 59.3, 62.60, 60.70, 396, tse]
[6431, 22.0, 20.9, 21.05, 21.45, 343, tse]
[6432, 34.6, 33.0, 33.60, 34.30, 240, otc]
[6435, 105.5, 101.0, 103.00, 105.00, 318, otc]
[6438, 114.0, 106.5, 110.00, 112.00, 3793, tse]
[6441, 54.3, 51.0, 53.50, 53.40, 945, otc]
[6442, 52.3, 47.5, 51.10, 50.30, 958, tse]
[6443, 38.2, 35.95, 38.00, 36.80, 39141, tse]
[6446, 373.5, 352.5, 368.00, 370.50, 12915, otc]
[6449, 53.2, 50.1, 51.90, 51.80, 111, tse]
[6451, 83.4, 79.3, 83.30, 81.30, 779, tse]
[6456, 81.8, 78.4, 81.40, 79.50, 4309, tse]
[6457, 55.4, 52.5, 55.20, 54.40, 397, otc]
[6461, 38.0, 35.5, 37.40, 36.75, 6891, otc]
[6462, 85.8, 79.9, 81.00, 85.10, 508, otc]
[6464, 91.0, 89.2, 90.30, 90.30, 40, tse]
[6465, 25.0, 21.9, 22.00, 24.80, 675, otc]
[6469, 409.5, 383.0, 388.50, 404.00, 883, otc]
[6470, 64.8, 60.0, 61.20, 64.40, 6845, otc]
[6472, 755.0, 689.0, 715.00, 730.00, 10140, otc]
[6477, 54.9, 52.4, 53.50, 54.30, 19742, tse]
[6482, 45.5, 44.7, 45.50, 45.00, 13, otc]
[6485, 103.0, 94.7, 96.10, 98.50, 3165, otc]
[6486, 70.5, 69.1, 69.30, 69.90, 68, otc]
[6488, 488.5, 468.5, 476.00, 481.00, 3724, otc]
[6491, 434.5, 409.5, 416.00, 434.50, 2149, tse]
[6492, 52.6, 48.25, 49.00, 52.30, 565, otc]
[6494, 69.8, 67.0, 67.00, 69.60, 361, otc]
[6496, 32.95, 31.0, 31.00, 32.35, 83, otc]
[6499, 57.9, 56.2, 56.80, 57.60, 223, otc]
[6504, 82.0, 79.8, 80.20, 80.80, 220, tse]
[6505, 87.7, 85.0, 85.00, 86.80, 5734, tse]
[6506, 19.9, 19.55, 19.60, 19.60, 70, otc]
[6508, 39.2, 38.0, 38.30, 38.80, 384, otc]
[6509, 45.2, 42.25, 42.95, 44.60, 2349, otc]
[6510, 483.5, 433.0, 477.00, 482.50, 1406, otc]
[6512, 20.95, 20.7, 20.90, 20.75, 21, otc]
[6514, 58.4, 56.0, 56.70, 57.20, 47, otc]
[6515, 737.0, 638.0, 691.00, 713.00, 4819, tse]
[6516, 97.3, 89.5, 90.10, 96.10, 566, otc]
[6517, 174.5, 147.0, 174.50, 151.50, 10227, otc]
[6523, 149.0, 141.0, 142.00, 144.50, 3307, otc]
[6525, 73.1, 71.0, 72.60, 72.90, 449, tse]
[6527, 77.7, 71.8, 74.00, 76.60, 449, otc]
[6530, 28.1, 26.6, 27.05, 27.90, 179, otc]
[6531, 297.0, 263.5, 291.00, 279.50, 30249, tse]
[6532, 59.2, 55.6, 55.60, 58.60, 1022, otc]
[6533, 472.5, 433.5, 471.50, 453.50, 11902, tse]
[6535, 43.0, 40.65, 41.55, 42.45, 935, otc]
[6538, 109.5, 102.0, 104.50, 108.50, 2445, otc]
[6541, 78.0, 74.3, 76.50, 76.00, 2003, tse]
[6542, 44.8, 44.6, 44.70, 44.60, 15, otc]
[6546, 81.6, 78.5, 78.50, 81.60, 508, otc]
[6547, 68.3, 65.6, 68.20, 65.90, 5760, otc]
[6548, 42.75, 40.65, 41.80, 42.20, 6469, otc]
[6550, 95.4, 90.7, 93.00, 95.00, 18115, tse]
[6552, 35.35, 33.35, 35.10, 35.05, 281, tse]
[6556, 136.5, 126.5, 136.50, 131.50, 638, otc]
[6558, 29.6, 26.3, 26.45, 28.75, 4299, tse]
[6560, 36.2, 35.15, 35.15, 35.75, 88, otc]
[6561, 382.0, 365.0, 367.00, 375.00, 487, otc]
[6568, 168.5, 157.0, 166.00, 165.50, 1541, otc]
[6569, 109.0, 105.0, 105.00, 108.50, 56, otc]
[6570, 62.7, 59.4, 59.50, 62.20, 1238, otc]
[6573, 16.55, 14.8, 15.55, 15.65, 668, tse]
[6574, 59.5, 57.8, 58.00, 59.50, 75, otc]
[6576, 93.5, 88.0, 89.30, 92.10, 1550, otc]
[6577, 65.9, 63.9, 63.90, 65.40, 47, otc]
[6578, 18.65, 17.9, 18.15, 18.40, 614, otc]
[6579, 92.4, 89.2, 90.70, 90.60, 200, tse]
[6581, 91.9, 89.5, 90.10, 89.90, 250, tse]
[6582, 62.2, 58.5, 62.00, 60.30, 565, tse]
[6585, 65.5, 61.9, 63.50, 62.20, 475, tse]
[6588, 30.6, 29.5, 29.95, 30.15, 37, otc]
[6589, 107.0, 101.0, 105.00, 107.00, 4769, otc]
[6590, 99.6, 83.4, 86.00, 99.00, 1561, otc]
[6591, 52.0, 49.5, 50.00, 50.60, 960, tse]
[6592, 133.0, 126.5, 127.00, 132.50, 6566, tse]
[6593, 57.6, 54.5, 56.30, 56.60, 180, otc]
[6596, 48.4, 45.65, 46.00, 47.65, 222, otc]
[6598, 28.2, 26.85, 27.80, 27.55, 396, tse]
[6603, 17.15, 16.75, 16.95, 17.10, 1159, otc]
[6605, 101.0, 96.8, 97.30, 97.70, 2952, tse]
[6606, 29.9, 28.65, 29.20, 29.30, 1186, tse]
[6609, 38.25, 36.6, 36.75, 37.80, 378, otc]
[6612, 167.0, 148.5, 155.50, 160.50, 1929, otc]
[6613, 100.5, 96.7, 97.70, 100.00, 263, otc]
[6615, 38.2, 38.0, 38.00, 38.15, 14, otc]
[6616, 14.85, 13.85, 14.10, 14.50, 246, otc]
[6624, 43.0, 42.2, 42.60, 42.25, 28, otc]
[6625, 82.5, 69.4, 70.20, 80.50, 25433, tse]
[6629, 46.2, 44.55, 46.10, 44.60, 11, otc]
[6640, 89.4, 87.5, 87.50, 88.00, 23, otc]
[6641, 57.0, 55.9, 56.50, 55.90, 56, tse]
[6642, 53.3, 52.1, 52.10, 52.50, 75, otc]
[6643, 567.0, 539.0, 542.00, 558.00, 4098, otc]
[6649, 40.8, 40.0, 40.20, 40.80, 112, otc]
[6651, 82.7, 79.1, 81.40, 82.50, 235, otc]
[6654, 48.4, 47.3, 47.35, 47.95, 29, otc]
[6655, 129.5, 128.0, 128.50, 129.00, 192, tse]
[6661, 23.1, 22.1, 22.50, 22.45, 14, otc]
[6662, 31.0, 29.9, 29.90, 30.40, 64, otc]
[6664, 113.0, 107.5, 108.50, 112.50, 302, otc]
[6666, 90.4, 83.7, 88.20, 87.80, 1031, tse]
[6667, 70.1, 67.4, 67.50, 69.80, 188, otc]
[6668, 41.45, 38.85, 40.85, 40.20, 775, tse]
[6669, 1195.0, 1070.0, 1,105.00, 1,165.00, 13147, tse]
[6670, 217.0, 208.0, 213.50, 216.00, 1454, tse]
[6671, 41.9, 40.6, 41.20, 41.50, 68, tse]
[6672, 87.5, 80.5, 85.60, 82.40, 2157, tse]
[6674, 28.45, 26.9, 27.75, 28.35, 230, tse]
[6679, 303.0, 264.0, 268.50, 292.00, 1989, otc]
[6680, 77.9, 76.0, 77.00, 77.90, 26, otc]
[6683, 193.5, 183.5, 184.00, 193.00, 337, otc]
[6684, 46.45, 43.65, 45.00, 45.60, 184, otc]
[6689, 138.0, 122.5, 131.50, 135.00, 4462, tse]
[6690, 203.5, 185.0, 190.00, 199.00, 2241, otc]
[6691, 286.0, 271.0, 276.50, 285.00, 1313, tse]
[6693, 66.6, 64.4, 65.10, 66.00, 130, otc]
[6695, 43.4, 40.75, 42.60, 42.60, 1330, tse]
[6697, 46.5, 41.5, 45.50, 42.50, 1448, otc]
[6698, 37.4, 34.3, 35.30, 36.15, 910, tse]
[6703, 187.5, 176.0, 181.50, 185.00, 1020, otc]
[6706, 88.7, 83.4, 87.50, 86.70, 1443, tse]
[6708, 48.9, 47.2, 48.10, 48.50, 142, otc]
[6712, 217.0, 201.5, 217.00, 213.00, 5210, otc]
[6715, 150.0, 137.0, 145.50, 143.00, 2364, tse]
[6716, 101.0, 98.5, 99.20, 100.50, 15, otc]
[6719, 349.0, 307.0, 335.00, 315.50, 13857, tse]
[6721, 51.7, 50.6, 50.70, 51.70, 14, otc]
[6727, 70.8, 65.3, 69.50, 67.20, 657, otc]
[6728, 159.0, 155.5, 155.50, 158.00, 53, otc]
[6732, 355.0, 328.5, 351.00, 334.00, 3879, otc]
[6733, 40.4, 36.5, 37.90, 38.15, 7429, otc]
[6735, 55.2, 54.1, 55.00, 55.10, 133, otc]
[6741, 145.5, 117.0, 122.00, 145.50, 38218, otc]
[6743, 61.4, 57.4, 60.00, 59.30, 1587, tse]
[6747, 246.0, 229.0, 233.50, 241.00, 746, otc]
[6751, 139.0, 121.5, 134.00, 139.00, 2142, otc]
[6752, 175.0, 148.5, 167.00, 169.50, 14710, otc]
[6753, 135.5, 122.5, 125.50, 135.00, 14160, tse]
[6754, 55.2, 51.0, 52.00, 54.70, 528, tse]
[6756, 214.0, 196.5, 209.00, 203.50, 1943, tse]
[6761, 93.6, 90.0, 91.80, 93.00, 74, otc]
[6762, 242.0, 237.0, 238.00, 242.00, 12, otc]
[6763, 492.0, 468.0, 475.00, 485.50, 86, otc]
[6767, 41.75, 40.1, 41.00, 41.60, 538, otc]
[6768, 69.7, 68.0, 68.50, 69.10, 742, tse]
[6770, 30.6, 29.1, 29.85, 29.70, 135620, tse]
[6776, 54.1, 51.0, 51.10, 53.70, 1510, tse]
[6781, 714.0, 652.0, 709.00, 685.00, 3342, tse]
[6782, 299.0, 274.0, 291.00, 293.00, 2647, tse]
[6788, 138.0, 129.0, 131.50, 135.50, 1132, otc]
[6789, 229.0, 211.0, 225.00, 215.50, 4524, tse]
[6790, 39.5, 38.0, 38.10, 38.50, 3239, tse]
[6791, 130.0, 113.5, 119.00, 129.50, 836, otc]
[6792, 86.2, 81.5, 84.80, 84.00, 341, tse]
[6796, 104.5, 93.8, 102.00, 97.80, 1053, tse]
[6799, 192.5, 153.5, 175.50, 154.00, 36161, tse]
[6803, 298.0, 285.0, 285.00, 297.50, 234, otc]
[6804, 63.5, 60.1, 60.30, 63.30, 255, otc]
[6806, 116.0, 103.5, 111.50, 112.00, 61991, tse]
[6807, 30.0, 29.0, 29.70, 29.55, 88, tse]
[6811, 298.0, 260.0, 278.50, 298.00, 8425, otc]
[6823, 91.5, 88.5, 90.00, 90.50, 28, otc]
[6829, 156.5, 143.0, 151.00, 148.00, 41906, otc]
[6830, 157.0, 143.5, 155.00, 152.00, 3426, tse]
[6834, 29.3, 27.7, 28.50, 27.70, 134, tse]
[6835, 42.55, 39.8, 42.10, 40.80, 394, tse]
[6840, 82.5, 80.1, 80.70, 82.40, 85, otc]
[6841, 106.0, 100.5, 106.00, 103.00, 2263, otc]
[6843, 73.3, 70.2, 71.10, 72.10, 177, otc]
[6854, 100.0, 94.6, 99.50, 98.60, 395, tse]
[6855, 85.1, 80.4, 81.90, 85.00, 35, otc]
[6859, 141.5, 134.0, 140.00, 138.00, 368, otc]
[6861, 123.0, 105.0, 123.00, 117.50, 1482, tse]
[6863, 207.0, 180.0, 201.00, 198.00, 4078, tse]
[6865, 100.0, 95.8, 100.00, 99.00, 279, otc]
[6869, 92.2, 88.0, 90.80, 88.90, 694, tse]
[6873, 141.5, 133.5, 134.00, 139.00, 631, tse]
[6874, 219.0, 158.0, 201.00, 164.00, 40550, otc]
[7402, 71.7, 64.7, 67.30, 71.70, 4421, otc]
[7556, 100.5, 99.0, 99.20, 99.90, 24, otc]
[8011, 16.25, 14.7, 14.95, 15.50, 8586, tse]
[8016, 234.0, 215.5, 226.00, 227.50, 5507, tse]
[8021, 29.15, 28.25, 29.00, 28.95, 1136, tse]
[8024, 24.35, 23.4, 23.75, 24.30, 421, otc]
[8027, 51.0, 49.95, 50.20, 51.00, 1310, otc]
[8028, 58.2, 55.2, 57.50, 57.30, 6212, tse]
[8032, 31.55, 30.6, 30.75, 31.35, 46, otc]
[8033, 76.0, 69.0, 69.00, 75.20, 8302, tse]
[8034, 16.15, 15.2, 15.20, 15.85, 474, otc]
[8038, 52.0, 47.05, 47.05, 50.50, 5118, otc]
[8039, 42.7, 41.45, 41.95, 42.00, 3077, tse]
[8040, 46.8, 44.7, 45.15, 46.00, 470, otc]
[8042, 37.8, 37.3, 37.30, 37.65, 51, otc]
[8043, 27.95, 26.5, 26.65, 27.20, 227, otc]
[8044, 58.2, 55.4, 56.90, 57.20, 1234, otc]
[8046, 278.0, 256.0, 257.50, 274.50, 48073, tse]
[8047, 11.9, 11.6, 11.60, 11.65, 102, otc]
[8048, 40.45, 37.8, 38.50, 39.95, 530, otc]
[8049, 38.35, 36.5, 37.15, 38.35, 1454, otc]
[8050, 75.8, 72.4, 73.50, 75.50, 7803, otc]
[8054, 32.05, 30.8, 31.10, 31.80, 542, otc]
[8059, 14.1, 12.9, 13.25, 13.65, 672, otc]
[8064, 19.6, 18.7, 18.85, 19.40, 1021, otc]
[8066, 27.9, 27.5, 27.75, 27.65, 30, otc]
[8067, 15.2, 14.6, 14.85, 15.15, 36, otc]
[8068, 30.35, 28.3, 28.45, 29.85, 377, otc]
[8069, 190.5, 170.0, 171.00, 190.50, 35475, otc]
[8070, 34.25, 32.6, 34.00, 33.30, 5897, tse]
[8071, 14.85, 14.6, 14.65, 14.80, 171, otc]
[8072, 27.15, 25.65, 26.60, 26.70, 783, tse]
[8074, 21.05, 20.75, 20.85, 21.00, 114, otc]
[8076, 28.75, 27.6, 27.60, 28.65, 1432, otc]
[8077, 40.2, 38.0, 39.75, 39.95, 17, otc]
[8080, 11.45, 10.45, 10.80, 10.85, 59, otc]
[8081, 183.5, 171.0, 182.00, 181.00, 2145, tse]
[8083, 146.5, 142.0, 145.00, 146.00, 240, otc]
[8084, 111.0, 99.0, 102.00, 108.50, 1253, otc]
[8085, 28.35, 23.95, 23.95, 28.35, 10780, otc]
[8086, 84.5, 79.6, 83.00, 82.80, 7340, otc]
[8087, 35.0, 34.0, 34.60, 34.45, 144, otc]
[8088, 34.45, 31.8, 32.70, 34.10, 11090, otc]
[8089, 22.85, 22.25, 22.25, 22.60, 67, otc]
[8091, 108.5, 102.5, 105.00, 107.00, 5207, otc]
[8092, 12.2, 11.8, 11.80, 11.95, 465, otc]
[8093, 18.35, 15.0, 15.95, 18.35, 10216, otc]
[8096, 11.5, 11.2, 11.30, 11.50, 598, otc]
[8097, 50.2, 47.55, 47.55, 50.10, 1755, otc]
[8099, 45.05, 41.25, 41.45, 44.05, 2366, otc]
[8101, 5.36, 5.1, 5.23, 5.12, 290, tse]
[8103, 37.1, 35.9, 36.55, 37.10, 787, tse]
[8104, 42.1, 39.65, 41.55, 41.00, 1919, tse]
[8105, 14.35, 13.5, 14.15, 13.65, 8286, tse]
[8107, 17.25, 16.9, 16.90, 17.20, 137, otc]
[8109, 89.4, 87.5, 87.60, 88.50, 178, otc]
[8110, 13.7, 13.05, 13.45, 13.50, 6208, tse]
[8111, 23.0, 21.9, 22.10, 22.60, 2046, otc]
[8112, 43.85, 42.6, 43.20, 43.40, 7396, tse]
[8114, 107.5, 103.0, 106.50, 106.00, 1022, tse]
[8121, 31.9, 27.95, 28.90, 31.90, 14459, otc]
[8131, 43.45, 42.65, 43.15, 43.40, 1096, tse]
[8147, 64.4, 62.5, 63.40, 63.60, 172, otc]
[8150, 37.65, 36.1, 37.30, 37.00, 10517, tse]
[8155, 159.0, 141.0, 141.00, 156.00, 6852, otc]
[8163, 43.9, 42.6, 43.00, 43.90, 1943, tse]
[8171, 56.9, 53.7, 55.30, 56.40, 2803, otc]
[8176, 11.1, 10.75, 10.90, 11.00, 484, otc]
[8182, 31.35, 30.2, 30.25, 30.90, 128, otc]
[8183, 54.7, 52.5, 53.00, 54.40, 1816, otc]
[8201, 13.95, 12.9, 13.30, 13.10, 1034, tse]
[8210, 84.0, 78.3, 80.90, 83.20, 4126, tse]
[8213, 41.2, 39.55, 40.20, 40.95, 1340, tse]
[8215, 40.6, 37.05, 38.70, 38.00, 25506, tse]
[8222, 68.7, 52.1, 52.30, 64.10, 158670, tse]
[8227, 199.5, 160.0, 165.00, 191.50, 21351, otc]
[8234, 39.2, 37.85, 38.40, 39.10, 1300, otc]
[8240, 31.2, 29.55, 30.45, 30.55, 1014, otc]
[8249, 30.8, 29.1, 30.00, 30.10, 1056, tse]
[8255, 180.0, 171.0, 173.50, 178.50, 1699, otc]
[8261, 107.0, 101.0, 105.00, 104.00, 5205, tse]
[8271, 52.4, 49.8, 51.50, 51.50, 3401, tse]
[8277, 10.35, 9.5, 9.66, 9.97, 702, otc]
[8279, 197.0, 178.0, 180.00, 191.00, 254, otc]
[8284, 66.6, 63.9, 65.00, 66.40, 225, otc]
[8289, 43.65, 41.55, 41.55, 43.55, 1971, otc]
[8291, 6.41, 6.41, 6.41, 6.41, 1, otc]
[8299, 398.0, 368.5, 374.00, 389.00, 5316, otc]
[8341, 162.5, 156.0, 157.50, 158.50, 1143, tse]
[8342, 58.1, 57.0, 57.50, 57.90, 12, otc]
[8349, 65.7, 63.2, 64.70, 65.40, 520, otc]
[8354, 14.3, 14.25, 14.25, 14.30, 218, otc]
[8358, 55.5, 52.5, 53.40, 54.80, 7073, otc]
[8367, 51.0, 48.05, 48.60, 49.55, 286, tse]
[8374, 32.6, 31.0, 31.90, 32.00, 272, tse]
[8383, 46.4, 43.65, 44.60, 45.30, 5993, otc]
[8390, 42.1, 40.55, 40.85, 41.70, 2481, otc]
[8401, 21.35, 20.45, 20.75, 21.20, 460, otc]
[8403, 40.6, 33.85, 35.20, 40.60, 22586, otc]
[8404, 25.9, 25.3, 25.90, 25.65, 650, tse]
[8409, 24.6, 22.2, 23.10, 23.90, 609, otc]
[8410, 29.85, 29.2, 29.20, 29.70, 6, otc]
[8411, 14.9, 14.55, 14.80, 14.90, 459, tse]
[8415, 35.5, 34.75, 35.00, 35.50, 1254, otc]
[8416, 153.5, 136.5, 137.00, 151.00, 285, otc]
[8418, 9.9, 9.82, 9.82, 9.90, 112, otc]
[8420, 89.4, 82.5, 82.70, 88.50, 1159, otc]
[8421, 15.9, 15.35, 15.90, 15.65, 638, otc]
[8422, 188.5, 185.5, 186.00, 188.00, 461, tse]
[8423, 22.4, 20.6, 21.20, 21.70, 8, otc]
[8424, 69.8, 69.5, 69.50, 69.80, 16, otc]
[8426, 52.4, 46.65, 49.60, 47.30, 6974, otc]
[8429, 10.55, 10.15, 10.45, 10.40, 644, tse]
[8431, 63.5, 59.6, 61.00, 61.10, 600, otc]
[8432, 45.65, 44.15, 44.70, 45.35, 103, otc]
[8433, 70.7, 67.5, 68.10, 70.70, 187, otc]
[8435, 61.9, 60.2, 60.40, 61.40, 81, otc]
[8436, 209.5, 201.0, 204.00, 207.50, 2673, otc]
[8437, 110.0, 107.5, 107.50, 110.00, 31, otc]
[8438, 25.45, 24.3, 24.60, 24.75, 384, tse]
[8440, 45.8, 44.3, 45.20, 44.95, 2001, otc]
[8442, 79.5, 75.5, 77.60, 77.90, 580, tse]
[8443, 11.7, 11.4, 11.60, 11.70, 338, tse]
[8444, 57.0, 55.2, 57.00, 56.90, 23, otc]
[8446, 90.7, 88.2, 89.70, 90.20, 247, otc]
[8450, 25.6, 25.1, 25.40, 25.40, 124, otc]
[8454, 850.0, 771.0, 841.00, 829.00, 2400, tse]
[8455, 22.85, 21.5, 22.75, 22.25, 20, otc]
[8462, 152.0, 146.0, 148.00, 151.00, 686, tse]
[8463, 24.95, 24.2, 24.60, 24.70, 174, tse]
[8464, 339.5, 320.0, 326.50, 337.50, 2189, tse]
[8466, 43.7, 41.35, 43.20, 43.00, 113, tse]
[8467, 61.3, 59.0, 60.00, 60.90, 64, tse]
[8472, 44.5, 42.75, 44.40, 43.85, 11, otc]
[8473, 30.55, 29.2, 30.55, 29.85, 213, tse]
[8476, 65.1, 63.5, 64.50, 64.00, 161, otc]
[8477, 17.65, 17.1, 17.55, 17.35, 76, otc]
[8478, 483.0, 431.5, 432.50, 472.50, 21354, tse]
[8481, 58.0, 57.5, 58.00, 57.80, 40, tse]
[8482, 76.4, 75.5, 75.60, 76.20, 17, tse]
[8488, 15.9, 15.55, 15.90, 15.60, 10, tse]
[8489, 23.7, 23.25, 23.55, 23.45, 64, otc]
[8499, 107.0, 104.5, 105.00, 107.00, 139, tse]
[8905, 25.35, 24.4, 24.50, 25.30, 164, otc]
[8906, 18.85, 18.05, 18.35, 18.35, 170, otc]
[8908, 71.7, 69.6, 70.00, 70.50, 141, otc]
[8916, 53.4, 52.1, 52.40, 53.10, 869, otc]
[8917, 72.2, 70.0, 72.20, 70.00, 94, otc]
[8921, 14.85, 14.85, 14.85, 14.85, 2, otc]
[8923, 21.2, 20.35, 20.35, 20.50, 100, otc]
[8924, 121.0, 117.0, 118.50, 119.50, 848, otc]
[8926, 49.55, 47.75, 49.00, 48.50, 15604, tse]
[8927, 45.8, 42.65, 44.10, 44.35, 5790, otc]
[8928, 37.7, 36.2, 36.30, 37.60, 410, otc]
[8929, 22.1, 21.3, 21.50, 21.55, 42, otc]
[8930, 17.05, 16.7, 16.80, 17.00, 194, otc]
[8931, 75.1, 70.5, 70.50, 73.90, 1141, otc]
[8932, 49.75, 47.05, 47.30, 49.15, 1014, otc]
[8933, 12.1, 11.6, 11.75, 12.05, 2602, otc]
[8935, 12.45, 11.65, 11.85, 12.30, 370, otc]
[8936, 28.1, 27.15, 27.30, 27.90, 6559, otc]
[8937, 16.35, 15.25, 15.90, 16.30, 334, otc]
[8938, 90.6, 86.3, 86.70, 90.40, 2144, otc]
[8940, 24.35, 23.15, 23.55, 24.05, 1674, tse]
[8941, 58.9, 57.5, 58.80, 58.60, 21, otc]
[8942, 66.7, 65.4, 65.90, 66.70, 234, otc]
[8996, 207.5, 188.0, 201.00, 198.50, 25216, tse]
[9103, 7.04, 6.72, 6.72, 6.89, 2789, tse]
[9105, 3.93, 3.81, 3.84, 3.86, 3242, tse]
[9110, 4.95, 4.44, 4.52, 4.73, 1998, tse]
[9136, 6.44, 6.29, 6.44, 6.34, 854, tse]
[9802, 126.0, 119.5, 126.00, 123.00, 5476, tse]
[9902, 14.05, 12.4, 13.70, 13.25, 13939, tse]
[9904, 32.3, 31.5, 31.50, 31.75, 51314, tse]
[9905, 25.3, 25.1, 25.20, 25.30, 224, tse]
[9906, 50.4, 49.3, 50.20, 50.10, 53, tse]
[9907, 20.95, 20.15, 20.55, 20.75, 22864, tse]
[9908, 31.9, 31.5, 31.55, 31.70, 197, tse]
[9910, 193.0, 186.0, 186.00, 190.50, 4199, tse]
[9911, 64.6, 62.8, 63.20, 64.40, 495, tse]
[9912, 10.25, 9.95, 10.05, 10.20, 276, tse]
[9914, 173.5, 165.0, 168.00, 171.50, 3144, tse]
[9917, 108.5, 105.0, 106.00, 108.50, 2253, tse]
[9918, 41.5, 41.3, 41.35, 41.40, 14, tse]
[9919, 18.35, 16.7, 17.50, 18.15, 40166, tse]
[9921, 185.0, 178.5, 183.00, 183.50, 4974, tse]
[9924, 43.5, 42.85, 43.10, 43.40, 391, tse]
[9925, 41.15, 40.8, 40.85, 41.15, 400, tse]
[9926, 52.1, 51.2, 51.80, 52.00, 76, tse]
[9927, 45.1, 43.5, 43.75, 44.85, 1136, tse]
[9928, 18.7, 17.8, 18.20, 18.40, 237, tse]
[9929, 9.3, 8.78, 8.95, 9.11, 425, tse]
[9930, 50.5, 48.75, 48.80, 50.00, 611, tse]
[9931, 40.1, 39.6, 39.80, 40.05, 38, tse]
[9933, 42.8, 41.8, 42.00, 42.50, 7203, tse]
[9934, 14.6, 13.5, 13.55, 14.50, 6544, tse]
[9935, 19.6, 19.0, 19.60, 19.60, 866, tse]
[9937, 60.9, 58.7, 59.10, 59.60, 58, tse]
[9938, 56.4, 54.4, 56.00, 55.80, 3372, tse]
[9939, 100.5, 96.7, 98.50, 99.90, 4256, tse]
[9940, 29.15, 28.55, 28.55, 29.05, 824, tse]
[9941, 187.0, 180.5, 183.00, 184.50, 3792, tse]
[9942, 142.5, 131.5, 136.00, 139.50, 3164, tse]
[9943, 68.1, 66.7, 66.90, 67.80, 171, tse]
[9944, 20.4, 20.15, 20.30, 20.40, 379, tse]
[9945, 36.35, 35.05, 35.05, 35.80, 24871, tse]
[9946, 14.75, 14.05, 14.45, 14.45, 1922, tse]
[9949, 20.0, 18.1, 20.00, 18.40, 290, otc]
[9950, 11.5, 11.2, 11.50, 11.20, 6, otc]
[9951, 71.8, 69.1, 69.10, 71.60, 130, otc]
[9955, 27.2, 24.55, 24.55, 26.70, 13721, tse]
[9958, 115.0, 107.5, 113.50, 110.50, 16623, tse]
[9960, 29.95, 29.35, 29.75, 29.80, 93, otc]
[9962, 19.35, 18.95, 19.05, 19.10, 1752, otc]
