[1101, 38.1, 36.6, 38.00, 36.70, 95765, tse]
[1102, 44.65, 42.7, 44.55, 42.85, 31988, tse]
[1103, 19.8, 18.75, 19.80, 18.80, 3574, tse]
[1104, 24.75, 23.9, 24.45, 24.10, 3420, tse]
[1108, 14.1, 13.15, 13.75, 13.25, 7014, tse]
[1109, 17.1, 16.8, 17.05, 16.90, 824, tse]
[1110, 18.0, 17.6, 17.95, 17.80, 491, tse]
[1201, 21.35, 20.6, 21.10, 20.75, 3574, tse]
[1203, 37.1, 36.4, 37.10, 37.10, 136, tse]
[1210, 52.7, 50.1, 52.60, 50.30, 18032, tse]
[1213, 7.24, 6.86, 7.10, 7.18, 31, tse]
[1215, 86.3, 83.1, 85.00, 83.60, 12400, tse]
[1216, 69.2, 68.0, 68.90, 68.40, 31453, tse]
[1217, 12.0, 11.55, 11.90, 11.65, 12502, tse]
[1218, 30.6, 29.75, 30.35, 29.85, 8925, tse]
[1219, 23.4, 21.85, 23.05, 21.95, 15913, tse]
[1220, 18.7, 17.8, 18.15, 17.80, 12020, tse]
[1225, 59.5, 58.0, 58.40, 58.50, 76, tse]
[1227, 43.4, 41.6, 41.90, 41.70, 4118, tse]
[1229, 55.0, 53.7, 54.30, 53.90, 3693, tse]
[1231, 88.7, 85.2, 86.10, 85.50, 1054, tse]
[1232, 149.5, 147.0, 147.50, 148.00, 284, tse]
[1233, 34.9, 33.5, 34.80, 34.10, 89, tse]
[1234, 35.7, 35.1, 35.60, 35.25, 1533, tse]
[1235, 72.8, 68.5, 68.50, 71.00, 44, tse]
[1236, 24.75, 24.05, 24.65, 24.05, 788, tse]
[1240, 49.95, 46.15, 49.55, 46.40, 926, otc]
[1256, 358.0, 331.0, 332.00, 342.50, 471, tse]
[1258, 26.7, 26.65, 26.70, 26.70, 766, otc]
[1259, 79.0, 75.7, 78.00, 76.50, 123, otc]
[1264, 275.0, 268.5, 272.50, 270.00, 86, otc]
[1268, 157.5, 137.0, 153.50, 139.00, 1942, otc]
[1301, 91.9, 89.7, 91.10, 89.80, 25705, tse]
[1303, 76.4, 73.7, 75.90, 74.00, 26689, tse]
[1304, 25.2, 24.5, 24.50, 24.80, 7330, tse]
[1305, 29.0, 26.55, 27.90, 26.70, 18330, tse]
[1307, 21.5, 20.95, 20.95, 21.25, 986, tse]
[1308, 29.3, 28.6, 29.05, 28.70, 7855, tse]
[1309, 23.4, 22.35, 22.95, 22.45, 6589, tse]
[1310, 14.55, 13.95, 14.00, 14.05, 3189, tse]
[1312, 20.05, 19.55, 19.95, 19.60, 10193, tse]
[1313, 15.7, 14.95, 15.25, 15.00, 9423, tse]
[1314, 10.4, 10.1, 10.25, 10.10, 42557, tse]
[1315, 72.4, 71.2, 71.90, 72.20, 75, tse]
[1316, 12.55, 11.9, 11.95, 11.90, 7810, tse]
[1319, 46.3, 43.25, 43.75, 45.75, 25981, tse]
[1321, 37.5, 36.8, 36.90, 37.05, 1616, tse]
[1323, 33.5, 33.2, 33.35, 33.40, 198, tse]
[1324, 11.8, 11.1, 11.30, 11.80, 249, tse]
[1325, 24.5, 23.7, 24.05, 23.85, 1804, tse]
[1326, 71.2, 69.2, 70.50, 69.40, 15538, tse]
[1336, 31.9, 27.6, 30.05, 27.65, 5023, otc]
[1337, 7.28, 7.14, 7.25, 7.15, 1943, tse]
[1338, 48.25, 45.75, 47.00, 47.00, 908, tse]
[1339, 48.3, 44.15, 44.70, 46.45, 3219, tse]
[1340, 11.2, 10.7, 11.10, 10.70, 914, tse]
[1341, 71.1, 68.1, 68.80, 70.50, 91, tse]
[1342, 166.0, 149.5, 160.00, 151.50, 16596, tse]
[1402, 32.7, 31.15, 32.50, 31.25, 45550, tse]
[1409, 18.65, 18.2, 18.40, 18.40, 13619, tse]
[1410, 40.45, 39.85, 40.15, 40.00, 242, tse]
[1413, 9.9, 9.49, 9.49, 9.71, 780, tse]
[1414, 18.05, 17.7, 18.00, 17.95, 778, tse]
[1416, 11.15, 10.8, 11.10, 10.85, 1429, tse]
[1417, 14.3, 13.35, 14.10, 13.45, 6471, tse]
[1418, 14.25, 13.9, 13.90, 14.15, 180, tse]
[1419, 42.3, 41.2, 41.65, 41.50, 300, tse]
[1423, 20.5, 20.3, 20.45, 20.50, 281, tse]
[1432, 22.6, 17.8, 17.95, 18.80, 20815, tse]
[1434, 28.35, 27.75, 27.90, 27.80, 11212, tse]
[1436, 56.9, 55.5, 55.80, 56.10, 202, tse]
[1437, 31.4, 28.7, 30.20, 28.80, 7011, tse]
[1438, 40.5, 33.3, 33.50, 36.95, 4381, tse]
[1439, 26.45, 23.85, 25.05, 24.40, 1054, tse]
[1440, 18.2, 17.1, 18.05, 17.15, 9665, tse]
[1441, 8.11, 8.04, 8.11, 8.06, 358, tse]
[1442, 32.75, 31.0, 32.20, 32.20, 6461, tse]
[1443, 31.9, 29.4, 31.50, 29.70, 1150, tse]
[1444, 10.95, 10.55, 10.70, 10.65, 13236, tse]
[1445, 16.0, 15.8, 15.95, 15.80, 498, tse]
[1446, 32.8, 32.1, 32.60, 32.35, 441, tse]
[1447, 8.51, 8.18, 8.30, 8.18, 9058, tse]
[1449, 16.7, 15.3, 15.60, 15.35, 2531, tse]
[1451, 23.85, 22.2, 23.70, 22.35, 2483, tse]
[1452, 18.05, 17.75, 17.85, 17.85, 792, tse]
[1453, 16.4, 15.2, 16.05, 15.70, 1601, tse]
[1454, 12.95, 12.75, 12.90, 12.85, 564, tse]
[1455, 11.8, 11.0, 11.05, 11.15, 5754, tse]
[1456, 16.55, 15.05, 15.20, 15.60, 1223, tse]
[1457, 19.95, 19.45, 19.80, 19.45, 2058, tse]
[1459, 9.35, 8.69, 8.69, 9.08, 611, tse]
[1460, 7.99, 7.49, 7.52, 7.75, 8206, tse]
[1463, 15.0, 14.6, 14.75, 14.60, 403, tse]
[1464, 15.5, 15.1, 15.20, 15.20, 2505, tse]
[1465, 14.5, 13.95, 13.95, 14.20, 1446, tse]
[1466, 12.0, 11.4, 11.65, 11.75, 377, tse]
[1467, 11.75, 11.4, 11.65, 11.55, 6987, tse]
[1468, 14.9, 14.4, 14.70, 14.60, 274, tse]
[1470, 23.0, 18.75, 19.05, 19.90, 1332, tse]
[1471, 8.29, 7.83, 7.90, 7.92, 2366, tse]
[1472, 31.95, 28.8, 31.90, 28.85, 28, tse]
[1473, 27.5, 25.4, 27.50, 25.75, 2147, tse]
[1474, 12.65, 12.1, 12.10, 12.35, 1436, tse]
[1475, 72.0, 67.9, 68.80, 68.20, 859, tse]
[1476, 481.5, 464.0, 467.00, 471.00, 4867, tse]
[1477, 220.5, 206.0, 209.50, 216.00, 9302, tse]
[1503, 87.5, 79.5, 81.10, 81.20, 39658, tse]
[1504, 37.55, 31.7, 31.80, 35.10, 168697, tse]
[1506, 23.15, 22.1, 22.20, 22.25, 4908, tse]
[1513, 103.0, 95.2, 95.50, 96.90, 160672, tse]
[1514, 44.0, 38.95, 39.25, 40.15, 69688, tse]
[1515, 30.85, 29.5, 30.00, 29.65, 3745, tse]
[1516, 21.15, 20.1, 20.10, 20.30, 2977, tse]
[1517, 21.25, 20.3, 20.85, 20.40, 4032, tse]
[1519, 75.9, 63.4, 63.60, 70.00, 123495, tse]
[1521, 39.8, 37.45, 37.80, 37.90, 358, tse]
[1522, 29.6, 28.6, 28.80, 29.25, 13405, tse]
[1524, 26.6, 24.5, 24.50, 25.70, 43836, tse]
[1525, 64.6, 61.0, 61.10, 64.00, 427, tse]
[1526, 45.5, 42.8, 44.85, 43.00, 2802, tse]
[1527, 46.3, 43.9, 45.80, 44.55, 3211, tse]
[1528, 11.6, 10.35, 11.30, 10.40, 15484, tse]
[1529, 25.8, 24.05, 24.40, 24.10, 16281, tse]
[1530, 34.4, 32.6, 32.60, 32.80, 618, tse]
[1531, 14.65, 14.1, 14.45, 14.15, 1025, tse]
[1532, 35.3, 33.55, 33.65, 34.00, 6104, tse]
[1533, 52.7, 50.2, 50.90, 50.40, 1444, tse]
[1535, 50.9, 47.8, 49.75, 48.00, 2059, tse]
[1536, 76.4, 71.9, 71.90, 73.20, 11037, tse]
[1537, 143.0, 140.0, 141.50, 141.00, 387, tse]
[1538, 9.5, 8.33, 8.33, 8.57, 61, tse]
[1539, 34.9, 31.35, 34.80, 31.35, 15715, tse]
[1540, 19.2, 17.4, 17.40, 17.80, 12201, tse]
[1541, 39.6, 37.65, 39.35, 37.90, 410, tse]
[1558, 127.0, 122.0, 123.50, 122.50, 802, tse]
[1560, 121.0, 113.0, 115.00, 113.50, 15625, tse]
[1565, 277.5, 259.5, 265.00, 261.00, 1137, otc]
[1568, 25.0, 23.75, 23.75, 23.75, 1972, tse]
[1569, 25.4, 24.05, 25.00, 24.15, 2073, otc]
[1570, 18.75, 18.0, 18.45, 18.00, 442, otc]
[1580, 104.5, 98.1, 98.10, 101.00, 1322, otc]
[1582, 62.8, 61.8, 62.40, 62.00, 679, tse]
[1583, 75.1, 62.7, 62.70, 67.20, 1400, tse]
[1584, 31.75, 28.7, 28.95, 30.30, 92686, otc]
[1586, 34.7, 33.65, 33.80, 33.80, 878, otc]
[1587, 24.4, 23.6, 24.20, 23.70, 1109, tse]
[1589, 68.5, 64.8, 68.20, 65.90, 4491, tse]
[1590, 1160.0, 1060.0, 1,130.00, 1,065.00, 3108, tse]
[1591, 27.6, 26.7, 26.85, 26.80, 2333, otc]
[1593, 88.0, 81.2, 87.90, 81.40, 339, otc]
[1595, 42.45, 41.4, 41.65, 41.40, 226, otc]
[1597, 87.0, 77.6, 77.70, 80.10, 4403, tse]
[1598, 51.6, 47.0, 49.00, 47.05, 3171, tse]
[1599, 39.85, 39.05, 39.45, 39.15, 516, otc]
[1603, 28.4, 26.05, 26.15, 28.05, 7621, tse]
[1604, 27.55, 26.8, 26.80, 27.30, 1714, tse]
[1605, 54.3, 50.3, 50.70, 51.50, 301102, tse]
[1608, 16.0, 14.9, 15.30, 14.90, 7111, tse]
[1609, 27.1, 24.5, 24.65, 24.95, 122498, tse]
[1611, 14.9, 14.05, 14.70, 14.10, 5050, tse]
[1612, 19.55, 18.35, 19.35, 18.50, 5725, tse]
[1614, 36.9, 36.5, 36.90, 36.50, 281, tse]
[1615, 33.25, 32.65, 32.90, 32.70, 526, tse]
[1616, 9.69, 8.16, 8.20, 9.28, 5732, tse]
[1617, 15.15, 14.65, 14.80, 14.95, 341, tse]
[1618, 15.5, 14.7, 14.75, 14.90, 2801, tse]
[1626, 20.15, 17.75, 17.85, 18.55, 3133, tse]
[1701, 28.5, 25.4, 28.35, 25.55, 36253, tse]
[1702, 48.1, 46.5, 47.45, 46.85, 1470, tse]
[1707, 191.0, 181.0, 187.50, 189.00, 4723, tse]
[1708, 45.95, 42.8, 45.20, 42.85, 29883, tse]
[1709, 25.65, 24.25, 24.85, 24.40, 16972, tse]
[1710, 21.05, 18.85, 18.85, 19.30, 33507, tse]
[1711, 19.45, 18.9, 19.10, 18.90, 6161, tse]
[1712, 43.2, 40.6, 42.90, 40.75, 16786, tse]
[1713, 26.95, 26.3, 26.70, 26.65, 311, tse]
[1714, 9.28, 8.98, 9.21, 8.99, 8216, tse]
[1717, 32.9, 31.95, 32.50, 32.00, 5307, tse]
[1718, 9.12, 8.58, 8.75, 8.63, 70812, tse]
[1720, 61.5, 58.8, 60.50, 59.30, 9307, tse]
[1721, 15.55, 14.85, 15.00, 14.85, 5806, tse]
[1722, 58.5, 56.1, 58.30, 56.20, 8783, tse]
[1723, 115.0, 112.0, 112.50, 113.00, 1367, tse]
[1725, 22.15, 21.35, 21.60, 21.40, 122, tse]
[1726, 72.6, 72.0, 72.10, 72.30, 127, tse]
[1727, 27.4, 25.8, 26.65, 26.00, 1894, tse]
[1730, 57.6, 56.3, 57.60, 56.30, 130, tse]
[1731, 20.1, 19.65, 20.10, 19.65, 951, tse]
[1732, 30.1, 28.8, 29.60, 28.95, 1253, tse]
[1733, 26.65, 25.35, 26.20, 25.40, 1869, tse]
[1734, 32.15, 30.5, 32.10, 30.60, 6010, tse]
[1735, 16.65, 15.0, 15.00, 15.40, 1009, tse]
[1736, 69.7, 65.3, 68.90, 65.70, 3540, tse]
[1737, 33.7, 33.2, 33.50, 33.40, 1522, tse]
[1742, 16.3, 15.15, 15.70, 15.20, 1187, otc]
[1752, 61.5, 57.1, 61.50, 57.90, 14835, tse]
[1760, 182.0, 163.0, 174.50, 165.50, 44336, tse]
[1762, 77.4, 64.9, 74.00, 65.80, 19581, tse]
[1773, 122.5, 118.0, 120.00, 119.00, 1606, tse]
[1776, 17.45, 16.9, 17.05, 17.00, 164, tse]
[1777, 92.0, 86.4, 90.90, 86.50, 874, otc]
[1781, 15.7, 15.0, 15.50, 15.10, 421, otc]
[1783, 64.0, 56.3, 63.60, 56.50, 15527, tse]
[1784, 45.65, 43.75, 44.60, 43.80, 2973, otc]
[1785, 38.1, 36.5, 36.80, 36.60, 6022, otc]
[1786, 73.8, 67.0, 70.90, 69.10, 6343, tse]
[1788, 145.5, 143.5, 145.00, 144.00, 108, otc]
[1789, 27.15, 25.7, 26.90, 25.80, 6090, tse]
[1795, 289.5, 254.0, 282.00, 255.00, 51316, tse]
[1796, 109.5, 90.8, 91.50, 97.30, 4327, otc]
[1799, 17.3, 15.8, 16.25, 16.90, 282, otc]
[1802, 22.8, 21.2, 22.65, 21.20, 19159, tse]
[1805, 11.45, 10.35, 10.60, 10.80, 194, tse]
[1806, 9.24, 9.09, 9.09, 9.18, 2267, tse]
[1808, 72.3, 71.0, 72.10, 71.50, 1508, tse]
[1809, 14.5, 13.85, 14.05, 13.90, 3927, tse]
[1810, 20.1, 18.15, 19.70, 18.20, 26501, tse]
[1813, 22.7, 22.25, 22.50, 22.45, 140, otc]
[1815, 12.95, 12.45, 12.60, 12.45, 6663, otc]
[1817, 39.9, 38.55, 38.80, 39.00, 578, tse]
[1903, 49.7, 48.1, 48.70, 48.20, 734, tse]
[1904, 29.2, 28.7, 28.85, 28.85, 3339, tse]
[1905, 17.55, 16.7, 17.45, 16.75, 4748, tse]
[1906, 17.9, 17.1, 17.80, 17.15, 1024, tse]
[1907, 28.2, 27.0, 27.65, 27.30, 15330, tse]
[1909, 18.35, 17.4, 18.35, 17.55, 17517, tse]
[2002, 31.3, 30.5, 30.90, 30.60, 90509, tse]
[2006, 64.1, 62.0, 62.40, 63.90, 9245, tse]
[2007, 12.55, 11.85, 12.25, 11.95, 5534, tse]
[2008, 20.8, 18.75, 18.80, 19.90, 3526, tse]
[2009, 36.25, 33.85, 35.60, 33.85, 9397, tse]
[2010, 16.9, 16.45, 16.75, 16.45, 1942, tse]
[2012, 24.7, 23.6, 24.55, 24.40, 572, tse]
[2013, 60.3, 58.7, 59.80, 58.80, 729, tse]
[2014, 28.95, 27.8, 28.50, 27.90, 56675, tse]
[2015, 75.7, 73.6, 73.70, 74.60, 1988, tse]
[2017, 19.9, 18.4, 18.40, 19.50, 11471, tse]
[2020, 24.4, 23.75, 23.90, 23.75, 1082, tse]
[2022, 8.7, 8.35, 8.70, 8.40, 5062, tse]
[2023, 17.5, 16.45, 17.25, 16.50, 15177, tse]
[2024, 19.6, 19.05, 19.30, 19.30, 157, tse]
[2025, 5.89, 5.55, 5.80, 5.75, 3596, tse]
[2027, 45.4, 43.9, 43.90, 44.40, 67561, tse]
[2028, 29.3, 28.25, 28.90, 28.40, 2589, tse]
[2029, 26.3, 25.35, 25.85, 25.35, 1615, tse]
[2030, 23.9, 23.4, 23.45, 23.45, 5431, tse]
[2031, 46.05, 44.5, 45.80, 45.15, 6026, tse]
[2032, 21.15, 20.45, 20.80, 20.45, 1578, tse]
[2033, 16.3, 15.6, 16.00, 15.70, 1296, tse]
[2034, 31.5, 30.2, 31.05, 30.20, 6516, tse]
[2035, 32.15, 31.0, 32.10, 31.10, 192, otc]
[2038, 23.5, 22.5, 23.25, 22.55, 4213, tse]
[2049, 272.0, 246.0, 248.50, 247.00, 25328, tse]
[2059, 403.0, 388.5, 403.00, 389.00, 1637, tse]
[2061, 26.6, 25.15, 26.00, 25.40, 553, otc]
[2062, 24.15, 23.3, 23.60, 23.50, 2335, tse]
[2063, 47.35, 44.8, 47.00, 44.95, 1240, otc]
[2064, 20.6, 18.9, 20.25, 19.50, 644, otc]
[2065, 63.8, 60.5, 60.50, 63.10, 1414, otc]
[2066, 91.5, 86.8, 88.10, 88.40, 1489, otc]
[2067, 12.2, 11.4, 11.75, 11.60, 254, otc]
[2069, 21.8, 21.1, 21.40, 21.15, 1658, tse]
[2070, 37.35, 36.0, 37.35, 36.85, 83, otc]
[2101, 37.6, 36.55, 36.95, 36.90, 3222, tse]
[2102, 21.9, 20.9, 21.60, 20.95, 4997, tse]
[2103, 29.8, 27.75, 29.35, 27.85, 10681, tse]
[2104, 20.95, 20.0, 20.80, 20.05, 10280, tse]
[2105, 35.1, 34.4, 34.75, 34.40, 15220, tse]
[2106, 31.55, 30.8, 31.35, 30.95, 2367, tse]
[2107, 23.3, 22.55, 22.65, 23.00, 2959, tse]
[2108, 44.25, 42.05, 42.40, 43.65, 7029, tse]
[2109, 15.0, 14.6, 14.95, 14.65, 583, tse]
[2114, 104.5, 98.4, 98.50, 101.50, 241, tse]
[2115, 32.9, 31.45, 31.45, 32.00, 452, tse]
[2201, 79.8, 72.0, 79.00, 72.40, 87500, tse]
[2204, 57.8, 53.9, 56.90, 53.90, 8872, tse]
[2206, 41.85, 39.5, 39.60, 40.20, 26258, tse]
[2207, 629.0, 601.0, 619.00, 601.00, 1229, tse]
[2208, 23.7, 22.5, 23.10, 22.55, 31633, tse]
[2211, 53.4, 52.0, 52.60, 52.20, 2852, tse]
[2221, 44.95, 41.8, 42.85, 42.35, 3467, otc]
[2227, 203.5, 200.5, 202.00, 201.50, 178, tse]
[2228, 90.5, 82.8, 87.90, 83.60, 3501, tse]
[2230, 82.8, 75.5, 77.00, 78.50, 11174, otc]
[2231, 182.0, 157.0, 160.50, 169.50, 14724, tse]
[2233, 112.0, 107.0, 107.00, 107.50, 1072, tse]
[2235, 50.0, 47.85, 49.00, 48.15, 112, otc]
[2236, 42.45, 38.0, 41.65, 38.55, 3398, tse]
[2239, 65.2, 62.5, 64.00, 62.80, 398, tse]
[2241, 35.8, 34.4, 35.50, 34.80, 543, tse]
[2243, 24.75, 19.0, 19.25, 22.00, 24117, tse]
[2247, 246.5, 233.5, 236.00, 245.00, 943, tse]
[2250, 77.8, 73.1, 73.20, 75.60, 182, tse]
[2301, 75.9, 72.4, 73.20, 73.10, 55807, tse]
[2302, 20.05, 17.65, 17.65, 19.55, 16845, tse]
[2303, 53.2, 51.0, 52.00, 52.00, 296528, tse]
[2305, 28.0, 25.25, 26.55, 25.75, 12851, tse]
[2308, 307.0, 289.0, 291.50, 290.00, 45853, tse]
[2312, 14.1, 13.6, 13.70, 13.70, 30921, tse]
[2313, 47.35, 45.2, 46.45, 45.25, 53661, tse]
[2314, 46.8, 44.2, 44.35, 44.75, 11356, tse]
[2316, 29.15, 28.25, 28.35, 28.40, 748, tse]
[2317, 106.0, 101.5, 103.00, 102.00, 233512, tse]
[2321, 18.9, 18.3, 18.35, 18.85, 47, tse]
[2323, 8.28, 8.04, 8.14, 8.10, 20931, tse]
[2324, 24.85, 24.4, 24.50, 24.65, 57081, tse]
[2327, 562.0, 515.0, 548.00, 518.00, 16337, tse]
[2328, 40.8, 38.5, 39.30, 38.50, 27903, tse]
[2329, 21.2, 19.95, 20.15, 20.30, 26674, tse]
[2330, 526.0, 511.0, 520.00, 513.00, 130679, tse]
[2331, 24.4, 21.55, 21.60, 23.95, 26258, tse]
[2332, 18.05, 16.85, 17.90, 16.95, 22117, tse]
[2337, 36.0, 34.0, 35.95, 34.10, 35273, tse]
[2338, 88.0, 83.2, 84.50, 84.20, 20996, tse]
[2340, 38.95, 37.25, 37.60, 37.40, 11645, tse]
[2342, 42.85, 40.45, 40.90, 40.55, 9546, tse]
[2344, 25.75, 24.0, 25.30, 24.10, 250804, tse]
[2345, 317.5, 290.5, 292.00, 298.00, 23856, tse]
[2347, 64.9, 60.9, 64.20, 61.30, 23400, tse]
[2348, 68.9, 66.6, 67.80, 66.70, 391, tse]
[2349, 8.95, 8.58, 8.58, 8.81, 8570, tse]
[2351, 130.5, 120.5, 121.50, 122.50, 16420, tse]
[2352, 31.6, 29.6, 30.50, 30.60, 50933, tse]
[2353, 25.9, 25.5, 25.70, 25.80, 32110, tse]
[2354, 56.8, 53.4, 55.30, 53.60, 20193, tse]
[2355, 30.55, 29.4, 29.65, 29.55, 4599, tse]
[2356, 27.25, 26.7, 26.90, 27.05, 33547, tse]
[2357, 293.0, 284.0, 286.50, 293.00, 10330, tse]
[2358, 15.9, 15.0, 15.80, 15.10, 5679, tse]
[2359, 37.75, 28.15, 28.40, 33.65, 159650, tse]
[2360, 183.5, 174.0, 181.00, 175.00, 9093, tse]
[2362, 31.8, 31.0, 31.30, 31.10, 1148, tse]
[2363, 19.2, 18.5, 18.95, 18.55, 15501, tse]
[2364, 110.0, 100.5, 108.00, 100.50, 1432, tse]
[2365, 10.8, 10.25, 10.60, 10.30, 1876, tse]
[2367, 19.5, 18.4, 18.85, 18.50, 29513, tse]
[2368, 93.3, 87.1, 91.40, 87.70, 48072, tse]
[2369, 15.9, 15.05, 15.45, 15.10, 7209, tse]
[2371, 34.95, 33.1, 33.40, 33.15, 62348, tse]
[2373, 81.0, 79.6, 80.20, 79.80, 236, tse]
[2374, 22.35, 21.45, 21.45, 21.65, 15006, tse]
[2375, 83.4, 71.4, 72.00, 78.50, 36165, tse]
[2376, 121.0, 116.0, 119.50, 120.00, 29497, tse]
[2377, 141.5, 134.5, 141.50, 137.00, 10910, tse]
[2379, 394.0, 378.0, 385.00, 379.50, 13286, tse]
[2380, 11.45, 10.65, 10.80, 10.65, 5854, tse]
[2382, 82.4, 80.9, 81.00, 81.50, 27019, tse]
[2383, 196.0, 182.5, 191.50, 183.50, 7882, tse]
[2385, 96.2, 92.0, 94.50, 93.20, 17427, tse]
[2387, 40.7, 39.55, 40.10, 39.70, 3597, tse]
[2388, 97.0, 84.5, 85.80, 94.80, 157165, tse]
[2390, 13.85, 12.85, 12.90, 12.90, 8112, tse]
[2392, 40.9, 39.2, 39.45, 39.30, 5626, tse]
[2393, 40.25, 38.6, 39.50, 38.85, 5717, tse]
[2395, 362.0, 350.0, 359.50, 353.00, 4302, tse]
[2397, 67.4, 65.3, 65.80, 66.80, 1012, tse]
[2399, 16.1, 15.5, 15.80, 15.60, 9019, tse]
[2401, 26.8, 25.45, 26.30, 25.45, 10415, tse]
[2402, 21.75, 19.35, 19.45, 21.00, 42598, tse]
[2404, 236.0, 227.5, 231.50, 228.50, 4553, tse]
[2405, 13.35, 12.5, 12.75, 12.60, 20518, tse]
[2406, 20.4, 19.2, 19.80, 19.25, 8810, tse]
[2408, 61.4, 57.6, 58.10, 58.70, 49402, tse]
[2409, 19.4, 18.0, 19.05, 18.15, 247355, tse]
[2412, 119.5, 117.0, 118.00, 117.50, 39077, tse]
[2413, 37.6, 29.7, 29.90, 36.70, 57621, tse]
[2414, 34.7, 33.35, 33.50, 33.85, 899, tse]
[2415, 26.6, 25.2, 25.50, 25.60, 1130, tse]
[2417, 24.9, 23.8, 23.80, 23.90, 2460, tse]
[2419, 29.65, 28.0, 28.50, 28.10, 28561, tse]
[2420, 43.75, 42.25, 43.60, 42.40, 1934, tse]
[2421, 46.4, 43.8, 43.85, 45.20, 10225, tse]
[2423, 30.5, 28.6, 29.75, 29.65, 2020, tse]
[2424, 25.4, 22.1, 22.10, 22.95, 320, tse]
[2425, 35.5, 32.55, 35.20, 32.95, 9857, tse]
[2426, 18.75, 17.85, 18.15, 17.95, 3657, tse]
[2427, 14.85, 13.15, 13.50, 14.85, 14394, tse]
[2428, 148.5, 141.0, 143.50, 141.50, 2008, tse]
[2429, 17.0, 10.7, 10.80, 16.55, 2647, tse]
[2430, 51.5, 49.7, 50.30, 50.20, 4314, tse]
[2431, 10.55, 10.2, 10.35, 10.20, 1172, tse]
[2433, 50.7, 50.2, 50.40, 50.30, 158, tse]
[2434, 33.95, 27.95, 27.95, 33.95, 346, tse]
[2436, 53.2, 49.9, 52.50, 49.95, 10400, tse]
[2438, 15.4, 13.7, 14.15, 15.00, 1506, tse]
[2439, 89.6, 86.2, 86.60, 86.40, 6743, tse]
[2440, 12.2, 11.7, 11.70, 11.80, 2481, tse]
[2441, 55.7, 53.9, 53.90, 54.50, 7562, tse]
[2442, 14.4, 14.0, 14.15, 14.15, 7480, tse]
[2443, 2.92, 2.85, 2.87, 2.87, 302, tse]
[2444, 18.65, 16.7, 17.90, 16.70, 16019, tse]
[2449, 49.0, 45.65, 45.95, 46.95, 98894, tse]
[2450, 35.4, 34.3, 34.35, 34.35, 1433, tse]
[2451, 71.4, 70.1, 71.10, 71.00, 3634, tse]
[2453, 66.9, 49.5, 50.40, 60.00, 94624, tse]
[2454, 795.0, 753.0, 785.00, 756.00, 32971, tse]
[2455, 87.0, 81.5, 83.20, 81.50, 11370, tse]
[2457, 59.9, 47.2, 47.50, 56.60, 363752, tse]
[2458, 107.0, 103.0, 105.00, 104.00, 6839, tse]
[2459, 58.6, 56.8, 57.60, 57.60, 606, tse]
[2460, 19.35, 17.85, 18.45, 17.90, 1949, tse]
[2461, 21.4, 20.45, 20.55, 20.50, 3601, tse]
[2462, 34.5, 31.7, 34.50, 31.80, 7925, tse]
[2464, 39.8, 39.0, 39.25, 39.15, 2201, tse]
[2465, 42.0, 39.05, 41.50, 39.20, 4154, tse]
[2466, 34.75, 34.1, 34.60, 34.10, 89, tse]
[2467, 49.9, 48.2, 48.20, 48.85, 1265, tse]
[2468, 28.8, 26.75, 28.50, 26.85, 6815, tse]
[2471, 50.7, 41.2, 42.00, 42.85, 61599, tse]
[2472, 72.6, 65.2, 66.30, 69.10, 17510, tse]
[2474, 189.0, 183.5, 188.50, 184.50, 12064, tse]
[2476, 54.4, 49.85, 49.90, 51.40, 14186, tse]
[2477, 21.9, 20.8, 21.90, 20.80, 689, tse]
[2478, 51.4, 48.0, 49.85, 48.15, 1554, tse]
[2480, 98.3, 94.0, 96.50, 94.90, 2288, tse]
[2481, 74.4, 67.7, 67.80, 69.40, 78159, tse]
[2482, 58.0, 47.2, 48.00, 55.50, 156976, tse]
[2483, 27.6, 26.2, 26.55, 26.20, 2514, tse]
[2484, 40.65, 36.85, 39.10, 37.30, 30300, tse]
[2485, 18.9, 18.1, 18.80, 18.35, 5484, tse]
[2486, 30.15, 23.6, 23.75, 27.30, 100098, tse]
[2488, 32.15, 31.4, 31.85, 31.45, 1564, tse]
[2489, 11.3, 10.45, 10.75, 10.60, 13159, tse]
[2491, 12.6, 12.2, 12.40, 12.20, 326, tse]
[2492, 103.0, 94.5, 98.80, 95.30, 16210, tse]
[2493, 55.0, 51.5, 51.80, 54.40, 1358, tse]
[2495, 22.4, 20.8, 21.30, 21.20, 29064, tse]
[2496, 53.8, 51.2, 51.20, 52.60, 252, tse]
[2497, 82.2, 75.2, 75.50, 78.30, 29004, tse]
[2498, 66.5, 61.5, 64.50, 62.60, 126819, tse]
[2501, 17.7, 17.05, 17.20, 17.05, 2687, tse]
[2504, 27.95, 27.0, 27.00, 27.75, 12083, tse]
[2505, 19.95, 19.25, 19.35, 19.55, 1318, tse]
[2506, 9.91, 9.66, 9.77, 9.68, 2298, tse]
[2509, 16.5, 15.6, 15.60, 16.00, 387, tse]
[2511, 11.8, 11.3, 11.40, 11.60, 3548, tse]
[2514, 17.6, 17.1, 17.10, 17.25, 589, tse]
[2515, 8.88, 8.75, 8.81, 8.78, 11846, tse]
[2516, 5.18, 5.02, 5.08, 5.06, 1128, tse]
[2520, 29.9, 29.0, 29.25, 29.20, 3654, tse]
[2524, 33.2, 32.4, 32.60, 32.55, 3322, tse]
[2527, 22.4, 21.65, 21.85, 21.80, 868, tse]
[2528, 19.3, 18.1, 18.10, 18.30, 609, tse]
[2530, 18.1, 17.35, 17.60, 17.55, 2986, tse]
[2534, 24.5, 23.25, 23.25, 23.80, 13103, tse]
[2535, 33.45, 32.35, 32.50, 33.20, 3946, tse]
[2536, 24.0, 22.75, 22.75, 23.65, 1847, tse]
[2537, 7.22, 6.93, 7.14, 6.94, 6731, tse]
[2538, 13.55, 13.15, 13.15, 13.30, 3196, tse]
[2539, 34.85, 34.1, 34.85, 34.10, 1189, tse]
[2540, 82.0, 77.2, 78.00, 77.70, 577, tse]
[2542, 42.05, 41.5, 42.00, 41.95, 11153, tse]
[2543, 9.23, 9.06, 9.18, 9.15, 316, tse]
[2545, 46.8, 45.25, 45.70, 45.85, 3763, tse]
[2546, 58.0, 56.5, 56.50, 57.70, 572, tse]
[2547, 9.52, 9.13, 9.41, 9.22, 3263, tse]
[2548, 91.5, 90.0, 91.50, 90.30, 2913, tse]
[2596, 21.55, 21.0, 21.30, 21.10, 1018, otc]
[2597, 126.5, 122.5, 125.50, 123.50, 510, tse]
[2601, 10.45, 9.9, 10.45, 9.90, 35581, tse]
[2603, 171.5, 158.5, 164.50, 165.00, 196218, tse]
[2605, 27.25, 24.75, 27.00, 25.00, 66953, tse]
[2606, 61.9, 58.2, 61.00, 58.40, 53853, tse]
[2607, 29.0, 27.85, 28.85, 28.25, 23947, tse]
[2608, 38.75, 38.05, 38.65, 38.15, 1040, tse]
[2609, 72.1, 65.8, 68.00, 68.70, 405379, tse]
[2610, 21.1, 19.5, 20.55, 20.05, 249446, tse]
[2611, 15.25, 14.25, 15.20, 14.25, 7598, tse]
[2612, 44.8, 42.6, 44.60, 42.60, 6096, tse]
[2613, 25.15, 24.5, 24.95, 24.90, 4062, tse]
[2614, 23.75, 22.4, 23.40, 22.60, 9706, tse]
[2615, 83.1, 78.5, 81.60, 79.10, 74760, tse]
[2616, 32.2, 31.5, 31.50, 31.80, 1169, tse]
[2617, 34.8, 31.6, 32.40, 33.75, 32519, tse]
[2618, 28.85, 27.55, 28.45, 27.70, 220821, tse]
[2630, 20.45, 18.15, 18.15, 19.00, 8400, tse]
[2633, 30.55, 29.55, 29.55, 29.90, 39247, tse]
[2634, 42.7, 38.55, 39.00, 40.90, 162262, tse]
[2636, 75.0, 71.1, 72.50, 72.60, 9855, tse]
[2637, 69.6, 66.1, 69.50, 66.50, 40433, tse]
[2640, 110.0, 102.5, 106.50, 108.00, 627, otc]
[2641, 22.8, 21.3, 22.40, 22.10, 72062, otc]
[2642, 50.3, 48.55, 49.85, 48.70, 876, tse]
[2643, 73.2, 71.6, 72.50, 72.40, 366, otc]
[2701, 13.4, 12.65, 13.30, 12.75, 3668, tse]
[2702, 28.1, 25.95, 28.00, 26.05, 5843, tse]
[2704, 37.85, 35.8, 37.00, 36.20, 2652, tse]
[2705, 18.85, 17.6, 18.70, 17.75, 5026, tse]
[2706, 15.3, 14.45, 15.30, 14.50, 3712, tse]
[2707, 308.5, 278.0, 308.50, 281.00, 10615, tse]
[2712, 37.8, 35.6, 36.80, 36.35, 823, tse]
[2718, 36.9, 34.4, 36.40, 35.95, 20, otc]
[2719, 55.8, 46.8, 53.50, 47.00, 447, otc]
[2722, 56.5, 48.65, 49.50, 50.30, 10294, tse]
[2723, 160.0, 143.0, 159.00, 144.50, 9543, tse]
[2724, 13.85, 12.25, 13.05, 13.85, 38, otc]
[2726, 30.5, 27.75, 28.20, 28.45, 810, otc]
[2727, 289.0, 256.5, 287.00, 261.00, 13638, tse]
[2729, 285.0, 253.0, 276.00, 255.00, 2075, otc]
[2731, 131.0, 119.0, 126.50, 120.50, 21709, tse]
[2732, 191.5, 167.0, 179.00, 168.00, 16734, otc]
[2734, 34.5, 32.5, 34.50, 32.50, 2395, otc]
[2736, 28.2, 25.3, 27.50, 25.40, 12148, otc]
[2739, 64.9, 58.2, 58.50, 59.00, 4398, tse]
[2740, 48.5, 48.5, 48.50, 48.50, 2, otc]
[2743, 68.2, 62.5, 64.10, 63.30, 9142, otc]
[2745, 44.95, 41.6, 44.00, 42.10, 1420, otc]
[2748, 98.2, 85.5, 95.00, 87.60, 29004, tse]
[2752, 275.0, 253.0, 275.00, 259.00, 148, otc]
[2753, 244.0, 214.0, 243.50, 220.00, 4995, tse]
[2754, 211.5, 183.5, 211.50, 183.50, 1664, otc]
[2755, 125.0, 112.5, 114.00, 125.00, 584, otc]
[2756, 126.5, 118.0, 121.00, 122.00, 281, otc]
[2801, 17.55, 17.3, 17.50, 17.35, 26978, tse]
[2809, 35.25, 34.5, 34.80, 34.55, 4990, tse]
[2812, 14.2, 13.8, 13.85, 13.90, 46017, tse]
[2816, 16.7, 16.35, 16.50, 16.45, 188, tse]
[2820, 15.45, 15.1, 15.30, 15.15, 4051, tse]
[2832, 21.4, 20.8, 20.85, 21.15, 1842, tse]
[2834, 14.75, 14.4, 14.45, 14.50, 100888, tse]
[2836, 12.9, 12.65, 12.70, 12.70, 3817, tse]
[2838, 16.3, 15.95, 16.05, 16.20, 3855, tse]
[2845, 11.45, 11.25, 11.35, 11.25, 36066, tse]
[2849, 14.75, 14.65, 14.70, 14.65, 191, tse]
[2850, 51.6, 50.0, 51.10, 50.50, 1478, tse]
[2851, 18.5, 17.75, 18.40, 17.85, 12704, tse]
[2852, 17.3, 16.9, 17.20, 16.95, 2266, tse]
[2855, 17.45, 16.3, 17.00, 16.40, 6400, tse]
[2867, 5.44, 5.31, 5.38, 5.32, 59665, tse]
[2880, 23.05, 22.6, 22.85, 22.60, 43659, tse]
[2881, 60.2, 58.2, 60.00, 58.30, 67658, tse]
[2882, 43.85, 42.6, 43.30, 42.70, 103395, tse]
[2883, 13.3, 12.9, 13.15, 12.90, 140296, tse]
[2884, 25.05, 24.55, 24.75, 24.55, 125385, tse]
[2885, 22.9, 22.2, 22.65, 22.30, 64034, tse]
[2886, 33.65, 32.6, 32.85, 32.65, 79934, tse]
[2887, 16.55, 16.15, 16.40, 16.15, 61915, tse]
[2888, 8.78, 8.54, 8.76, 8.54, 153001, tse]
[2889, 13.3, 12.6, 12.60, 13.15, 35297, tse]
[2890, 17.2, 16.85, 17.10, 16.85, 87463, tse]
[2891, 22.8, 22.2, 22.60, 22.25, 188179, tse]
[2892, 26.8, 26.35, 26.50, 26.35, 67310, tse]
[2897, 10.05, 9.65, 9.66, 9.82, 31669, tse]
[2901, 25.6, 24.7, 25.60, 24.95, 110, tse]
[2903, 23.0, 22.5, 22.85, 22.85, 9780, tse]
[2904, 23.0, 22.0, 22.10, 22.50, 653, tse]
[2905, 16.8, 16.25, 16.50, 16.35, 1675, tse]
[2906, 18.95, 17.75, 18.75, 17.75, 5553, tse]
[2908, 20.95, 20.15, 20.60, 20.30, 1195, tse]
[2910, 30.4, 29.8, 30.35, 30.10, 50, tse]
[2911, 7.82, 7.33, 7.38, 7.41, 2560, tse]
[2912, 270.5, 267.5, 269.00, 267.50, 5076, tse]
[2913, 22.75, 21.95, 22.55, 22.15, 11504, tse]
[2915, 67.7, 65.7, 66.10, 66.00, 8531, tse]
[2916, 34.65, 32.3, 33.40, 32.60, 1650, otc]
[2923, 24.8, 23.85, 24.30, 24.05, 146, tse]
[2924, 39.05, 35.9, 37.80, 36.10, 19, otc]
[2926, 71.9, 63.7, 66.30, 64.00, 971, otc]
[2929, 17.45, 14.95, 17.00, 14.95, 42071, tse]
[2937, 37.2, 36.5, 37.00, 36.65, 56, otc]
[2939, 33.8, 32.9, 33.10, 32.90, 278, tse]
[2945, 46.7, 44.3, 46.00, 45.45, 118, tse]
[2947, 93.8, 92.9, 92.90, 93.00, 68, otc]
[3002, 12.25, 11.75, 12.10, 12.05, 1555, tse]
[3003, 77.1, 72.5, 72.80, 72.70, 5344, tse]
[3004, 93.2, 85.1, 90.40, 85.10, 2482, tse]
[3005, 59.3, 54.2, 54.80, 57.40, 36109, tse]
[3006, 82.6, 76.6, 82.00, 77.20, 24268, tse]
[3008, 2500.0, 2285.0, 2,285.00, 2,365.00, 6367, tse]
[3010, 89.9, 87.0, 89.40, 88.40, 1384, tse]
[3011, 22.4, 20.1, 20.30, 22.10, 22477, tse]
[3013, 25.3, 21.85, 23.75, 22.05, 136709, tse]
[3014, 91.3, 88.0, 90.20, 88.20, 4057, tse]
[3015, 45.35, 42.8, 43.10, 43.65, 1534, tse]
[3016, 74.5, 71.0, 72.30, 71.10, 5826, tse]
[3017, 121.0, 113.0, 120.00, 113.50, 18006, tse]
[3019, 73.6, 66.5, 67.00, 67.60, 45153, tse]
[3021, 23.0, 21.7, 22.90, 21.75, 1559, tse]
[3022, 87.0, 77.4, 83.50, 77.80, 41515, tse]
[3023, 313.5, 295.5, 298.00, 296.00, 3024, tse]
[3024, 14.8, 14.1, 14.45, 14.40, 7553, tse]
[3025, 23.7, 22.4, 22.60, 22.75, 5063, tse]
[3026, 100.5, 97.4, 97.80, 99.00, 2288, tse]
[3027, 45.95, 43.1, 43.95, 43.75, 52453, tse]
[3028, 31.0, 30.2, 30.90, 30.50, 1694, tse]
[3029, 58.9, 51.0, 51.10, 54.60, 62078, tse]
[3030, 64.0, 62.9, 63.30, 63.20, 2542, tse]
[3031, 17.4, 16.6, 16.60, 16.80, 1575, tse]
[3032, 34.25, 33.15, 33.85, 33.60, 985, tse]
[3033, 29.4, 28.55, 29.00, 29.00, 11728, tse]
[3034, 433.0, 415.5, 415.50, 424.00, 28754, tse]
[3035, 201.5, 183.5, 191.50, 187.00, 74503, tse]
[3036, 66.8, 65.4, 65.70, 66.70, 5626, tse]
[3037, 139.5, 131.0, 139.00, 131.50, 100558, tse]
[3038, 24.55, 22.6, 23.60, 22.80, 16310, tse]
[3040, 32.5, 31.6, 31.75, 32.00, 287, tse]
[3041, 22.4, 21.1, 22.00, 21.25, 4592, tse]
[3042, 90.5, 86.4, 88.80, 86.60, 10986, tse]
[3043, 30.05, 29.35, 29.55, 29.35, 256, tse]
[3044, 111.5, 105.5, 106.50, 108.00, 8066, tse]
[3045, 98.7, 97.1, 97.60, 97.80, 13634, tse]
[3046, 71.8, 52.4, 53.00, 71.80, 73303, tse]
[3047, 16.75, 16.05, 16.05, 16.20, 29112, tse]
[3048, 29.9, 28.85, 29.40, 29.30, 3934, tse]
[3049, 10.35, 9.97, 10.30, 9.99, 11851, tse]
[3050, 17.7, 16.9, 17.25, 17.05, 3738, tse]
[3051, 20.0, 18.25, 19.20, 18.30, 5758, tse]
[3052, 11.4, 10.95, 11.40, 11.00, 1722, tse]
[3054, 19.35, 18.75, 19.30, 19.00, 180, tse]
[3055, 34.35, 28.8, 33.20, 29.05, 3432, tse]
[3056, 35.9, 34.15, 34.15, 35.25, 9408, tse]
[3057, 11.9, 11.35, 11.70, 11.55, 842, tse]
[3058, 16.0, 14.5, 14.70, 15.60, 7598, tse]
[3059, 37.8, 34.4, 34.55, 34.60, 28503, tse]
[3060, 18.6, 17.8, 18.05, 17.85, 1199, tse]
[3062, 25.35, 24.05, 24.35, 24.20, 15498, tse]
[3064, 15.05, 13.85, 13.85, 14.80, 45, otc]
[3066, 27.9, 24.8, 26.00, 25.55, 4208, otc]
[3067, 33.3, 31.25, 32.60, 33.05, 13, otc]
[3071, 26.7, 26.0, 26.30, 26.00, 999, otc]
[3078, 35.35, 33.25, 33.30, 34.10, 4838, otc]
[3081, 131.0, 120.0, 128.50, 121.00, 9339, otc]
[3083, 47.85, 45.0, 47.20, 45.15, 1617, otc]
[3085, 21.45, 19.6, 20.00, 21.45, 47, otc]
[3086, 81.9, 77.0, 79.40, 77.00, 60, otc]
[3088, 79.4, 72.0, 72.50, 75.60, 13468, otc]
[3089, 61.0, 44.0, 55.10, 58.80, 413, otc]
[3090, 59.2, 57.6, 57.90, 57.70, 3831, tse]
[3092, 40.4, 37.05, 37.05, 37.90, 5544, tse]
[3093, 42.75, 31.9, 32.10, 41.95, 41736, otc]
[3094, 33.8, 31.7, 32.50, 31.90, 6509, tse]
[3095, 33.8, 30.65, 32.35, 31.00, 81, otc]
[3105, 178.0, 164.0, 169.50, 164.50, 23392, otc]
[3114, 28.35, 27.1, 27.90, 27.20, 1576, otc]
[3115, 12.7, 11.65, 11.95, 11.75, 53, otc]
[3118, 29.9, 28.6, 29.05, 28.95, 225, otc]
[3122, 30.2, 27.55, 28.15, 27.80, 3386, otc]
[3128, 50.6, 46.5, 49.90, 46.90, 23684, otc]
[3130, 206.0, 203.0, 205.50, 203.50, 83, tse]
[3131, 285.0, 266.0, 274.00, 266.00, 903, otc]
[3138, 191.0, 161.5, 164.50, 161.50, 17365, tse]
[3141, 122.0, 111.0, 122.00, 114.00, 19486, otc]
[3147, 72.1, 63.0, 69.60, 64.00, 12927, otc]
[3149, 19.7, 18.6, 18.60, 18.70, 4611, tse]
[3152, 225.0, 207.5, 218.00, 218.00, 781, otc]
[3162, 58.0, 52.1, 57.90, 54.00, 33391, otc]
[3163, 58.8, 54.7, 57.60, 55.10, 11931, otc]
[3164, 24.8, 24.0, 24.50, 24.05, 456, tse]
[3167, 46.4, 44.4, 45.80, 44.95, 401, tse]
[3169, 131.5, 118.0, 131.00, 120.00, 6992, otc]
[3171, 18.95, 17.65, 17.65, 18.35, 208, otc]
[3176, 35.6, 32.35, 32.60, 32.85, 2740, otc]
[3178, 72.3, 68.7, 69.80, 70.00, 757, otc]
[3188, 13.05, 12.65, 12.95, 12.75, 1310, otc]
[3189, 119.0, 112.5, 118.50, 113.00, 31547, tse]
[3191, 8.5, 7.95, 8.50, 8.00, 130, otc]
[3202, 15.9, 14.8, 15.00, 15.20, 5055, otc]
[3205, 44.2, 41.2, 44.20, 41.20, 2045, otc]
[3206, 32.15, 30.4, 31.65, 30.55, 1512, otc]
[3207, 83.7, 74.2, 76.70, 78.00, 27246, otc]
[3209, 46.75, 39.35, 44.65, 40.50, 27494, tse]
[3211, 84.9, 80.0, 80.20, 82.40, 4378, otc]
[3213, 53.0, 47.1, 47.20, 50.10, 1384, otc]
[3217, 106.5, 93.2, 93.20, 99.40, 9696, otc]
[3218, 342.0, 318.5, 329.00, 320.50, 1949, otc]
[3219, 65.0, 58.3, 61.20, 59.00, 176, otc]
[3221, 30.45, 28.6, 30.10, 28.70, 6690, otc]
[3224, 48.2, 44.8, 48.00, 44.85, 2984, otc]
[3226, 57.9, 54.8, 56.20, 56.80, 22, otc]
[3227, 119.0, 110.0, 111.50, 111.00, 5186, otc]
[3228, 204.0, 185.0, 203.50, 186.50, 6211, otc]
[3229, 19.9, 19.4, 19.60, 19.75, 165, tse]
[3230, 12.4, 12.0, 12.10, 12.25, 1240, otc]
[3231, 34.0, 32.55, 32.70, 33.60, 74760, tse]
[3232, 30.9, 29.4, 30.90, 30.20, 915, otc]
[3234, 24.45, 23.4, 23.40, 24.00, 2318, otc]
[3236, 29.0, 26.75, 26.85, 28.10, 13972, otc]
[3252, 21.0, 19.2, 19.95, 19.35, 2509, otc]
[3257, 51.6, 48.3, 48.50, 49.00, 901, tse]
[3259, 22.65, 20.15, 20.45, 20.15, 556, otc]
[3260, 72.0, 69.4, 70.00, 70.20, 13440, otc]
[3264, 60.5, 56.4, 56.90, 56.50, 54017, otc]
[3265, 63.0, 52.9, 53.50, 60.90, 32747, otc]
[3266, 13.0, 12.2, 12.20, 12.45, 2416, tse]
[3268, 26.15, 23.6, 23.85, 24.25, 1945, otc]
[3272, 49.4, 43.1, 44.00, 45.50, 10420, otc]
[3276, 14.6, 14.0, 14.30, 14.00, 709, otc]
[3284, 15.3, 14.25, 14.40, 14.25, 1402, otc]
[3285, 20.3, 19.8, 20.00, 19.85, 154, otc]
[3287, 14.0, 13.35, 13.90, 13.35, 472, otc]
[3288, 22.45, 21.2, 22.40, 22.40, 42, otc]
[3289, 100.5, 87.7, 89.50, 92.00, 39524, otc]
[3290, 30.2, 25.65, 26.00, 27.35, 35268, otc]
[3293, 591.0, 536.0, 538.00, 567.00, 10336, otc]
[3294, 19.15, 17.75, 17.95, 18.15, 1761, otc]
[3296, 18.45, 16.8, 18.00, 17.15, 6799, tse]
[3297, 21.5, 19.0, 19.00, 19.00, 5951, otc]
[3303, 28.25, 27.0, 27.95, 27.30, 1068, otc]
[3305, 51.1, 47.5, 49.00, 47.70, 7076, tse]
[3306, 24.8, 23.6, 23.80, 23.85, 942, otc]
[3308, 17.7, 15.4, 15.50, 16.80, 1319, tse]
[3310, 61.9, 58.3, 58.30, 59.80, 1074, otc]
[3311, 35.65, 34.65, 35.00, 34.65, 284, tse]
[3312, 19.3, 18.65, 19.30, 18.65, 1938, tse]
[3313, 11.0, 10.6, 11.00, 10.65, 398, otc]
[3317, 60.2, 55.9, 58.60, 56.50, 2290, otc]
[3321, 7.15, 6.11, 6.12, 6.90, 4630, tse]
[3322, 21.5, 20.1, 20.55, 20.10, 4669, otc]
[3323, 36.5, 34.6, 35.30, 34.75, 2033, otc]
[3324, 168.5, 158.5, 163.00, 159.50, 7367, otc]
[3325, 14.85, 13.9, 13.95, 14.25, 875, otc]
[3332, 48.0, 45.05, 48.00, 45.75, 190, otc]
[3338, 38.75, 36.85, 37.90, 36.90, 2092, tse]
[3339, 14.2, 13.1, 13.25, 13.35, 1175, otc]
[3346, 41.7, 39.55, 40.75, 40.85, 8202, tse]
[3349, 16.35, 13.5, 13.50, 15.25, 740, otc]
[3354, 14.8, 14.0, 14.20, 14.40, 735, otc]
[3356, 48.5, 43.55, 44.45, 43.55, 62983, tse]
[3357, 117.5, 112.0, 113.00, 113.00, 1001, otc]
[3360, 14.4, 13.95, 14.30, 14.00, 980, otc]
[3362, 121.5, 100.5, 102.00, 108.50, 150247, otc]
[3363, 24.9, 24.2, 24.45, 24.25, 973, otc]
[3372, 13.0, 12.2, 12.80, 12.30, 2778, otc]
[3373, 25.8, 24.6, 25.55, 24.85, 486, otc]
[3374, 113.0, 104.0, 104.00, 110.00, 16052, otc]
[3376, 91.2, 85.7, 89.70, 85.70, 3029, tse]
[3379, 12.4, 11.8, 12.25, 12.05, 414, otc]
[3380, 35.35, 33.0, 33.10, 34.55, 27257, tse]
[3388, 75.6, 73.8, 74.70, 74.50, 735, otc]
[3390, 20.05, 19.1, 19.45, 19.10, 1308, otc]
[3402, 48.1, 46.5, 47.75, 47.15, 1461, otc]
[3406, 436.0, 386.0, 408.00, 389.00, 22146, tse]
[3413, 213.0, 192.5, 210.00, 194.00, 6204, tse]
[3416, 100.5, 93.0, 100.50, 95.60, 4627, tse]
[3419, 20.55, 19.65, 20.10, 19.75, 8879, tse]
[3426, 39.8, 39.0, 39.10, 39.00, 63, otc]
[3430, 49.1, 46.45, 48.80, 46.80, 681, otc]
[3432, 23.55, 20.85, 22.65, 20.85, 15087, tse]
[3434, 30.9, 26.65, 28.35, 28.40, 8025, otc]
[3437, 21.3, 18.9, 18.95, 19.70, 3283, tse]
[3438, 62.4, 58.1, 61.10, 58.80, 1154, otc]
[3441, 48.5, 42.75, 42.95, 47.30, 45689, otc]
[3443, 1135.0, 1035.0, 1,105.00, 1,090.00, 33068, tse]
[3444, 63.1, 60.2, 62.00, 60.50, 2781, otc]
[3447, 50.0, 45.2, 46.60, 45.30, 4624, tse]
[3450, 43.05, 41.1, 41.40, 41.20, 1460, tse]
[3454, 294.5, 269.0, 290.50, 278.00, 49293, tse]
[3455, 94.5, 90.8, 91.20, 91.30, 2576, otc]
[3465, 94.9, 92.0, 94.00, 92.00, 160, otc]
[3466, 32.5, 29.0, 30.15, 31.35, 3834, otc]
[3479, 95.8, 85.0, 89.80, 85.00, 32664, otc]
[3481, 15.7, 14.35, 15.20, 14.45, 565812, tse]
[3483, 64.2, 61.6, 63.40, 61.90, 2533, otc]
[3484, 47.85, 46.1, 46.35, 46.25, 1581, otc]
[3489, 11.55, 10.35, 10.50, 10.60, 1417, otc]
[3490, 26.5, 25.0, 25.50, 25.20, 905, otc]
[3491, 173.5, 150.5, 156.50, 164.00, 39776, otc]
[3492, 21.25, 19.45, 19.50, 20.00, 1406, otc]
[3494, 11.85, 10.7, 11.40, 10.85, 4611, tse]
[3498, 37.8, 35.3, 35.65, 36.40, 1103, otc]
[3499, 19.9, 18.8, 18.85, 18.80, 6276, otc]
[3501, 52.5, 51.2, 52.30, 51.60, 1235, tse]
[3504, 93.6, 85.1, 87.00, 86.00, 20488, tse]
[3508, 40.2, 38.05, 38.50, 38.20, 5444, otc]
[3511, 39.5, 36.7, 36.80, 38.10, 5887, otc]
[3512, 30.6, 29.0, 29.00, 29.65, 388, otc]
[3515, 159.0, 139.0, 156.50, 141.00, 7513, tse]
[3516, 16.35, 15.8, 16.10, 15.80, 101, otc]
[3518, 24.45, 21.4, 21.55, 22.45, 3084, tse]
[3520, 22.5, 20.4, 21.20, 20.50, 7417, otc]
[3521, 22.75, 20.2, 22.40, 20.25, 1976, otc]
[3522, 12.35, 11.4, 11.70, 11.50, 216, otc]
[3523, 21.9, 18.65, 19.70, 21.60, 550, otc]
[3526, 147.0, 140.5, 142.50, 140.50, 3277, otc]
[3527, 123.0, 116.0, 117.00, 117.50, 1601, otc]
[3528, 60.6, 56.4, 56.90, 58.40, 1888, tse]
[3529, 2025.0, 1885.0, 2,010.00, 1,935.00, 3009, otc]
[3530, 95.6, 85.1, 85.10, 86.20, 2244, tse]
[3531, 28.55, 27.7, 27.95, 27.95, 522, otc]
[3532, 169.0, 151.5, 152.00, 159.00, 17831, tse]
[3533, 837.0, 802.0, 817.00, 803.00, 2894, tse]
[3535, 24.05, 22.55, 24.00, 22.55, 6117, tse]
[3536, 4.3, 4.0, 4.21, 4.10, 258, tse]
[3537, 40.25, 36.45, 40.15, 37.15, 2326, otc]
[3540, 36.7, 33.95, 34.50, 34.30, 3220, otc]
[3541, 59.5, 58.0, 58.10, 58.10, 302, otc]
[3543, 20.7, 19.9, 20.25, 20.10, 449, tse]
[3545, 77.8, 73.5, 75.90, 74.20, 15551, tse]
[3546, 76.8, 74.1, 75.20, 74.20, 537, otc]
[3548, 70.3, 65.5, 69.50, 65.80, 2191, otc]
[3550, 15.15, 14.6, 14.65, 15.00, 1611, tse]
[3551, 63.2, 61.0, 62.80, 61.60, 644, otc]
[3552, 168.5, 152.0, 153.00, 164.00, 21436, otc]
[3555, 27.85, 26.0, 27.00, 27.85, 22, otc]
[3556, 64.6, 62.0, 63.40, 62.70, 1071, otc]
[3557, 67.4, 60.5, 66.90, 62.00, 1078, tse]
[3558, 361.0, 327.0, 330.50, 335.50, 35208, otc]
[3563, 185.5, 175.5, 178.00, 177.00, 1525, tse]
[3564, 40.9, 37.5, 40.40, 38.70, 2290, otc]
[3567, 28.35, 27.5, 27.85, 27.65, 295, otc]
[3570, 109.0, 102.5, 107.00, 105.50, 526, otc]
[3576, 21.3, 20.4, 20.90, 20.40, 35959, tse]
[3577, 88.6, 84.1, 84.30, 84.80, 944, otc]
[3580, 61.5, 57.6, 59.10, 58.20, 2709, otc]
[3581, 23.3, 22.65, 23.20, 22.90, 193, otc]
[3583, 83.4, 78.0, 78.50, 79.50, 4230, tse]
[3587, 192.0, 183.0, 186.50, 186.00, 4792, otc]
[3588, 66.7, 62.0, 64.70, 62.20, 3022, tse]
[3591, 25.3, 21.65, 22.15, 22.40, 37764, tse]
[3592, 416.0, 394.0, 413.00, 396.00, 4562, tse]
[3593, 13.4, 12.1, 12.20, 13.40, 795, tse]
[3594, 48.8, 44.25, 45.25, 44.55, 29817, otc]
[3596, 111.5, 106.0, 108.50, 107.00, 8295, tse]
[3597, 25.5, 24.95, 25.15, 25.00, 250, otc]
[3605, 35.5, 33.95, 34.70, 34.00, 1919, tse]
[3607, 12.75, 12.2, 12.40, 12.25, 1076, tse]
[3609, 47.4, 43.95, 45.00, 45.50, 79, otc]
[3611, 223.5, 217.0, 220.00, 223.00, 713, otc]
[3615, 18.4, 17.5, 17.95, 17.65, 584, otc]
[3617, 134.5, 106.5, 128.00, 108.00, 9292, tse]
[3622, 30.0, 28.85, 29.20, 29.05, 955, tse]
[3623, 17.35, 16.6, 17.00, 16.60, 176, otc]
[3624, 72.9, 56.9, 57.00, 69.20, 71259, otc]
[3625, 14.2, 13.25, 13.50, 13.40, 2361, otc]
[3628, 48.25, 44.0, 44.00, 44.10, 3026, otc]
[3629, 39.75, 36.9, 38.00, 37.15, 26, otc]
[3630, 31.95, 29.5, 29.75, 29.75, 5330, otc]
[3631, 41.4, 37.25, 37.70, 41.40, 102, otc]
[3632, 12.6, 11.65, 11.65, 11.95, 188, otc]
[3645, 36.6, 34.25, 34.35, 34.35, 2620, tse]
[3646, 26.85, 26.0, 26.45, 26.40, 369, otc]
[3652, 33.65, 27.9, 31.60, 28.15, 25816, tse]
[3653, 413.5, 397.5, 405.00, 399.00, 4617, tse]
[3661, 1050.0, 945.0, 990.00, 998.00, 25432, tse]
[3663, 31.15, 29.4, 31.10, 29.40, 505, otc]
[3664, 17.7, 15.6, 17.10, 15.65, 3525, otc]
[3665, 288.0, 270.0, 283.50, 271.50, 10423, tse]
[3666, 25.35, 20.35, 20.65, 25.00, 8612, otc]
[3669, 48.6, 45.4, 45.40, 47.10, 2911, tse]
[3672, 28.45, 26.55, 27.15, 26.60, 207, otc]
[3673, 37.3, 34.2, 34.45, 34.50, 22515, tse]
[3675, 322.5, 290.5, 299.50, 302.00, 25151, otc]
[3679, 95.6, 93.5, 94.20, 93.60, 241, tse]
[3680, 322.0, 301.0, 301.00, 307.50, 12917, otc]
[3682, 6.19, 6.05, 6.19, 6.07, 13349, tse]
[3684, 71.6, 65.0, 70.20, 66.90, 1383, otc]
[3685, 21.35, 20.45, 21.35, 20.55, 382, otc]
[3686, 15.7, 14.85, 15.10, 14.95, 1990, tse]
[3687, 90.2, 83.8, 86.60, 84.00, 1099, otc]
[3689, 37.2, 35.4, 35.70, 35.85, 3384, otc]
[3691, 112.5, 107.0, 107.00, 108.00, 1263, otc]
[3693, 139.0, 118.5, 132.50, 118.50, 10823, otc]
[3694, 21.3, 20.25, 20.40, 20.45, 1460, tse]
[3701, 53.5, 43.3, 43.35, 51.20, 25389, tse]
[3702, 50.7, 49.15, 49.75, 49.25, 19697, tse]
[3703, 32.6, 30.75, 31.45, 31.00, 12796, tse]
[3704, 41.8, 40.2, 40.45, 40.40, 21169, tse]
[3705, 44.1, 42.85, 43.95, 43.00, 3332, tse]
[3706, 29.4, 28.6, 29.30, 28.65, 24591, tse]
[3707, 93.2, 88.6, 89.70, 88.90, 19115, otc]
[3708, 108.5, 99.7, 107.00, 100.00, 8623, tse]
[3709, 23.5, 22.9, 23.40, 23.20, 73, otc]
[3710, 13.0, 12.1, 12.15, 12.30, 11565, otc]
[3711, 111.0, 106.0, 109.00, 107.00, 45724, tse]
[3712, 39.15, 30.8, 31.20, 38.45, 43175, tse]
[3713, 31.3, 29.2, 29.40, 29.70, 1063, otc]
[3714, 51.4, 48.4, 49.00, 48.50, 21337, tse]
[3715, 18.65, 17.5, 17.95, 17.60, 7159, tse]
[4102, 29.65, 27.4, 29.40, 27.60, 3173, otc]
[4104, 80.5, 77.9, 79.10, 78.40, 2026, tse]
[4105, 79.5, 77.5, 78.80, 77.70, 3663, otc]
[4106, 31.8, 29.6, 31.10, 29.75, 2326, tse]
[4107, 122.5, 114.0, 118.00, 114.50, 1384, otc]
[4108, 19.8, 19.0, 19.50, 19.35, 1439, tse]
[4109, 15.05, 14.55, 14.70, 14.80, 914, otc]
[4111, 28.4, 26.75, 27.70, 27.20, 2339, otc]
[4113, 15.15, 14.25, 14.80, 14.40, 3472, otc]
[4114, 49.1, 44.25, 48.60, 44.55, 53194, otc]
[4116, 65.9, 61.8, 65.60, 62.40, 1646, otc]
[4119, 117.0, 108.0, 115.50, 108.50, 4591, tse]
[4120, 38.9, 35.9, 38.00, 35.90, 378, otc]
[4121, 24.8, 23.0, 24.80, 23.05, 3867, otc]
[4123, 48.7, 46.65, 48.20, 46.95, 5359, otc]
[4126, 83.0, 78.0, 78.70, 81.90, 3570, otc]
[4127, 15.0, 14.0, 14.75, 14.15, 1294, otc]
[4128, 66.8, 63.5, 65.60, 63.70, 16529, otc]
[4129, 52.1, 49.15, 50.30, 49.65, 4696, otc]
[4130, 30.8, 28.7, 29.65, 29.35, 10921, otc]
[4131, 25.0, 20.7, 20.70, 23.50, 227, otc]
[4133, 39.65, 37.7, 38.70, 38.00, 2558, tse]
[4137, 235.0, 212.0, 222.00, 215.50, 3245, tse]
[4138, 75.2, 69.8, 75.20, 70.30, 683, otc]
[4139, 39.05, 38.5, 38.90, 38.70, 107, otc]
[4142, 45.4, 40.4, 41.25, 40.45, 60698, tse]
[4147, 81.9, 72.5, 81.90, 72.60, 8321, otc]
[4148, 70.0, 65.0, 69.80, 65.20, 1314, tse]
[4153, 46.25, 40.0, 44.05, 40.30, 6934, otc]
[4154, 36.7, 35.3, 35.50, 36.25, 26, otc]
[4155, 33.55, 32.2, 33.20, 33.45, 9341, tse]
[4157, 15.85, 14.85, 15.80, 14.90, 6818, otc]
[4160, 29.0, 27.4, 29.00, 27.60, 221, otc]
[4161, 29.1, 27.1, 27.15, 27.25, 920, otc]
[4162, 117.0, 104.5, 116.50, 105.50, 13580, otc]
[4163, 151.0, 122.5, 140.00, 122.50, 12169, otc]
[4164, 74.8, 63.5, 67.20, 66.40, 46077, tse]
[4167, 21.6, 19.8, 21.60, 19.80, 14448, otc]
[4168, 33.7, 31.15, 33.40, 31.25, 5004, otc]
[4171, 63.3, 59.2, 63.00, 59.20, 1770, otc]
[4173, 19.85, 19.05, 19.75, 19.20, 1048, otc]
[4174, 84.3, 79.1, 82.00, 80.50, 3681, otc]
[4175, 82.0, 79.4, 80.60, 81.00, 721, otc]
[4183, 19.0, 18.5, 18.50, 18.60, 61, otc]
[4188, 16.95, 16.3, 16.90, 16.45, 234, otc]
[4190, 85.6, 79.2, 83.00, 83.50, 2944, tse]
[4192, 25.8, 24.1, 25.80, 24.50, 102, otc]
[4198, 25.6, 24.95, 25.15, 24.95, 33, otc]
[4205, 109.5, 106.5, 109.50, 107.00, 69, otc]
[4207, 14.45, 14.05, 14.45, 14.10, 2059, otc]
[4303, 18.1, 17.25, 18.00, 17.30, 465, otc]
[4304, 9.89, 9.66, 9.75, 9.76, 287, otc]
[4305, 31.95, 30.4, 30.90, 31.30, 81, otc]
[4306, 15.35, 14.75, 14.95, 14.80, 3700, tse]
[4401, 27.5, 26.85, 27.25, 26.85, 148, otc]
[4402, 11.1, 10.7, 10.95, 11.00, 1819, otc]
[4406, 10.85, 10.5, 10.50, 10.55, 161, otc]
[4413, 17.7, 17.1, 17.45, 17.10, 133, otc]
[4416, 88.0, 86.3, 88.00, 87.80, 17, otc]
[4417, 39.2, 38.65, 38.85, 38.75, 748, otc]
[4419, 17.3, 13.05, 14.50, 17.05, 156, otc]
[4420, 30.35, 30.0, 30.20, 30.35, 35, otc]
[4426, 27.0, 25.55, 26.40, 25.65, 1273, tse]
[4430, 23.7, 23.1, 23.30, 23.45, 231, otc]
[4432, 28.55, 25.6, 28.40, 25.65, 2423, otc]
[4433, 36.35, 33.9, 36.35, 34.25, 2420, otc]
[4438, 121.0, 117.0, 121.00, 117.50, 952, tse]
[4439, 115.5, 110.0, 111.50, 111.00, 181, tse]
[4440, 36.7, 35.4, 35.60, 35.40, 1141, tse]
[4502, 37.3, 36.75, 36.85, 37.00, 102, otc]
[4503, 48.4, 45.25, 45.85, 45.50, 4769, otc]
[4506, 76.8, 75.0, 75.50, 76.10, 350, otc]
[4510, 12.1, 11.55, 12.05, 11.65, 3183, otc]
[4513, 20.25, 18.75, 19.15, 18.75, 1619, otc]
[4523, 42.5, 38.7, 40.60, 39.10, 664, otc]
[4526, 17.45, 16.5, 16.90, 16.65, 3208, tse]
[4527, 29.5, 29.0, 29.10, 29.15, 227, otc]
[4528, 34.2, 33.2, 33.45, 33.60, 316, otc]
[4529, 10.5, 9.71, 10.40, 10.20, 960, otc]
[4530, 6.89, 6.76, 6.89, 6.84, 71, otc]
[4532, 18.6, 17.6, 17.70, 18.10, 4990, tse]
[4533, 12.6, 11.55, 12.35, 11.55, 4657, otc]
[4534, 10.25, 9.23, 9.23, 9.69, 2078, otc]
[4535, 38.8, 38.1, 38.60, 38.50, 42, otc]
[4536, 251.0, 216.0, 235.00, 216.00, 15637, tse]
[4538, 20.45, 20.0, 20.10, 20.45, 140, otc]
[4540, 44.9, 41.45, 41.45, 42.05, 2167, tse]
[4541, 36.85, 33.55, 34.80, 33.75, 18636, otc]
[4542, 31.4, 25.95, 25.95, 28.00, 1421, otc]
[4543, 30.8, 25.6, 26.35, 29.40, 15706, otc]
[4545, 33.2, 31.7, 33.20, 32.10, 424, tse]
[4549, 93.7, 90.0, 90.00, 90.10, 745, otc]
[4550, 27.3, 26.9, 27.30, 27.20, 472, otc]
[4551, 156.5, 148.0, 151.00, 148.50, 2458, tse]
[4552, 31.25, 30.1, 30.10, 30.50, 691, tse]
[4554, 28.6, 26.2, 26.20, 26.65, 452, otc]
[4555, 50.0, 48.3, 49.55, 48.95, 527, tse]
[4556, 31.8, 30.65, 31.40, 30.75, 94, otc]
[4557, 121.5, 113.5, 116.50, 115.50, 1215, tse]
[4558, 32.45, 29.25, 30.95, 29.45, 1769, otc]
[4560, 39.35, 38.6, 38.95, 39.20, 802, tse]
[4561, 23.65, 23.1, 23.65, 23.20, 196, otc]
[4562, 16.3, 15.75, 16.10, 16.00, 869, tse]
[4563, 44.3, 41.2, 41.20, 41.90, 923, otc]
[4564, 26.2, 24.4, 25.65, 24.55, 5819, tse]
[4566, 58.2, 53.5, 56.30, 53.60, 5571, tse]
[4568, 64.0, 61.7, 61.70, 62.00, 156, otc]
[4571, 75.4, 72.8, 73.40, 73.20, 93, tse]
[4572, 160.5, 149.0, 156.00, 150.00, 3808, tse]
[4576, 85.0, 78.0, 78.00, 78.10, 1329, tse]
[4577, 32.5, 31.3, 32.40, 31.30, 458, otc]
[4580, 86.5, 84.5, 86.50, 85.20, 243, otc]
[4581, 41.3, 39.95, 40.00, 40.60, 147, tse]
[4583, 233.0, 218.0, 218.00, 225.50, 766, tse]
[4584, 55.3, 51.8, 55.20, 52.00, 962, otc]
[4609, 8.27, 8.06, 8.07, 8.20, 31, otc]
[4702, 13.9, 12.65, 13.00, 12.75, 1728, otc]
[4706, 17.5, 17.2, 17.20, 17.40, 126, otc]
[4707, 12.95, 12.35, 12.35, 12.55, 4850, otc]
[4711, 15.45, 14.9, 14.95, 15.00, 508, otc]
[4712, 4.93, 4.72, 4.73, 4.93, 44, otc]
[4714, 11.2, 10.75, 11.15, 10.85, 646, otc]
[4716, 12.95, 12.5, 12.65, 12.55, 820, otc]
[4720, 15.2, 14.5, 14.60, 14.65, 2071, tse]
[4721, 114.0, 106.5, 111.50, 107.00, 3695, otc]
[4722, 35.4, 34.8, 35.00, 35.00, 478, tse]
[4726, 40.85, 39.3, 40.85, 39.35, 3361, otc]
[4728, 130.0, 126.0, 130.00, 129.50, 117, otc]
[4729, 16.95, 15.75, 15.75, 16.40, 1001, otc]
[4735, 41.0, 39.0, 40.65, 39.00, 406, otc]
[4736, 201.5, 185.5, 194.00, 185.50, 9834, otc]
[4737, 81.9, 78.2, 81.80, 78.80, 433, tse]
[4739, 105.0, 99.0, 103.00, 99.00, 5384, tse]
[4741, 27.95, 26.85, 27.00, 26.85, 159, otc]
[4743, 273.0, 256.5, 265.00, 258.50, 21544, otc]
[4744, 32.45, 30.25, 32.25, 30.25, 2135, otc]
[4745, 26.5, 25.65, 26.00, 25.90, 281, otc]
[4746, 78.3, 68.2, 75.90, 68.20, 23186, tse]
[4747, 62.7, 57.0, 61.30, 57.10, 6519, otc]
[4754, 40.15, 35.75, 35.75, 38.40, 793, otc]
[4755, 135.0, 126.0, 135.00, 126.00, 2320, tse]
[4760, 65.1, 53.1, 53.10, 60.00, 1845, otc]
[4763, 359.0, 317.0, 345.00, 321.50, 51432, tse]
[4764, 56.5, 54.0, 54.30, 54.40, 113, tse]
[4766, 140.0, 137.5, 138.50, 138.00, 269, tse]
[4767, 26.95, 26.35, 26.95, 26.40, 39, otc]
[4768, 194.0, 176.0, 187.50, 178.50, 3309, otc]
[4770, 357.5, 330.5, 353.00, 331.50, 6636, tse]
[4804, 11.45, 10.6, 11.15, 10.95, 1197, otc]
[4806, 7.08, 6.51, 6.78, 7.08, 27, otc]
[4807, 21.9, 21.05, 21.10, 21.60, 57, tse]
[4903, 18.7, 14.9, 15.00, 18.70, 6141, otc]
[4904, 71.4, 69.9, 70.40, 70.50, 172458, tse]
[4905, 51.0, 49.5, 51.00, 50.90, 29, otc]
[4906, 28.75, 28.1, 28.20, 28.50, 14058, tse]
[4907, 33.5, 32.95, 33.50, 33.10, 593, otc]
[4908, 33.55, 31.85, 32.90, 32.00, 1429, otc]
[4909, 19.45, 18.2, 18.40, 18.45, 1461, otc]
[4911, 66.9, 62.0, 66.10, 62.20, 621, otc]
[4912, 80.4, 77.5, 78.10, 77.50, 321, tse]
[4915, 63.4, 61.3, 62.20, 61.60, 28787, tse]
[4916, 32.25, 30.45, 31.80, 31.05, 6092, tse]
[4919, 158.5, 144.0, 153.00, 145.00, 42839, tse]
[4923, 66.7, 62.5, 65.40, 63.00, 1358, otc]
[4924, 15.15, 13.85, 13.95, 14.50, 1208, otc]
[4927, 63.1, 58.6, 59.60, 59.00, 5755, tse]
[4930, 32.5, 28.9, 31.15, 29.05, 3880, tse]
[4931, 50.5, 46.4, 47.55, 46.50, 19811, otc]
[4933, 36.6, 35.0, 36.00, 35.45, 444, otc]
[4934, 28.8, 26.9, 27.45, 27.30, 8278, tse]
[4935, 61.0, 58.0, 60.00, 58.30, 869, tse]
[4938, 70.0, 68.3, 68.90, 69.00, 18855, tse]
[4939, 17.5, 16.4, 16.60, 16.75, 1210, otc]
[4942, 38.65, 37.8, 38.05, 38.10, 1394, tse]
[4943, 14.05, 12.8, 13.80, 14.05, 750, tse]
[4944, 13.2, 12.1, 12.20, 12.15, 49, otc]
[4945, 51.8, 49.9, 51.20, 50.00, 198, otc]
[4946, 48.2, 45.6, 48.20, 45.70, 248, otc]
[4950, 21.15, 20.0, 21.00, 20.40, 1908, otc]
[4951, 58.5, 55.5, 57.70, 55.60, 575, otc]
[4952, 58.1, 56.5, 57.60, 56.60, 2873, tse]
[4953, 119.5, 106.5, 118.00, 108.50, 20144, otc]
[4956, 16.9, 15.9, 16.20, 15.95, 1944, tse]
[4958, 119.0, 113.0, 115.00, 114.00, 27919, tse]
[4960, 12.75, 12.05, 12.60, 12.05, 23065, tse]
[4961, 180.0, 164.5, 176.50, 165.50, 28162, tse]
[4966, 1015.0, 961.0, 985.00, 977.00, 4339, otc]
[4967, 64.8, 56.5, 58.30, 58.20, 41653, tse]
[4968, 139.0, 128.5, 131.50, 129.00, 13296, tse]
[4971, 57.5, 55.8, 57.00, 56.10, 152, otc]
[4972, 30.6, 30.3, 30.40, 30.30, 197, otc]
[4973, 24.6, 23.9, 24.00, 24.30, 1398, otc]
[4974, 73.4, 70.3, 70.70, 71.10, 5457, otc]
[4976, 51.8, 41.6, 41.90, 48.50, 57096, tse]
[4977, 131.0, 115.0, 115.50, 118.50, 59575, tse]
[4979, 53.3, 47.75, 49.10, 48.20, 58243, otc]
[4987, 60.7, 59.1, 60.10, 60.50, 150, otc]
[4989, 29.7, 26.8, 26.80, 28.60, 3623, tse]
[4991, 38.0, 36.4, 37.65, 36.50, 190, otc]
[4994, 49.3, 42.35, 43.05, 46.90, 3676, tse]
[4995, 48.35, 46.6, 48.00, 47.35, 853, otc]
[4999, 39.8, 38.5, 38.80, 38.60, 335, tse]
[5007, 52.8, 51.5, 51.80, 52.40, 628, tse]
[5009, 50.7, 43.2, 43.40, 50.00, 177212, otc]
[5011, 26.5, 25.6, 25.75, 25.75, 3994, otc]
[5013, 35.8, 35.35, 35.80, 35.50, 38, otc]
[5014, 18.2, 17.75, 17.95, 17.75, 5599, otc]
[5015, 62.7, 59.9, 61.40, 60.60, 3255, otc]
[5016, 31.0, 30.0, 30.10, 30.20, 91, otc]
[5201, 28.15, 26.6, 26.70, 27.00, 269, otc]
[5202, 15.75, 14.45, 14.90, 14.60, 967, otc]
[5203, 95.6, 88.0, 95.60, 89.20, 6486, tse]
[5205, 40.45, 37.25, 40.45, 39.30, 39, otc]
[5206, 18.3, 17.95, 18.20, 18.00, 664, otc]
[5209, 103.0, 91.1, 91.10, 101.00, 685, otc]
[5210, 20.5, 16.6, 20.50, 17.10, 3460, otc]
[5211, 28.5, 23.05, 23.90, 23.60, 12777, otc]
[5212, 55.7, 49.25, 52.10, 51.00, 141, otc]
[5213, 24.5, 23.8, 23.90, 24.00, 1290, otc]
[5215, 51.9, 49.5, 50.70, 49.65, 724, tse]
[5220, 32.6, 31.25, 32.05, 31.50, 179, otc]
[5222, 155.5, 147.0, 152.00, 148.00, 5835, tse]
[5223, 42.35, 41.25, 41.90, 41.70, 203, otc]
[5225, 43.45, 40.6, 40.60, 42.70, 5217, tse]
[5227, 73.5, 68.7, 70.50, 68.90, 3415, otc]
[5228, 24.85, 22.2, 22.60, 23.25, 762, otc]
[5230, 25.8, 23.25, 23.40, 24.70, 12032, otc]
[5234, 87.0, 81.5, 83.00, 84.70, 1499, tse]
[5236, 93.4, 88.5, 90.00, 90.00, 2166, otc]
[5243, 65.0, 61.3, 62.60, 61.50, 9590, tse]
[5244, 33.25, 29.85, 31.65, 30.65, 1233, tse]
[5245, 55.8, 53.3, 53.30, 53.70, 917, otc]
[5251, 28.3, 26.05, 27.50, 26.25, 3122, otc]
[5258, 102.0, 91.0, 95.90, 93.40, 105945, tse]
[5263, 141.0, 131.5, 138.00, 136.00, 2690, otc]
[5269, 1135.0, 937.0, 966.00, 1,095.00, 7204, tse]
[5272, 35.6, 27.95, 27.95, 32.10, 15350, otc]
[5274, 2810.0, 2510.0, 2,800.00, 2,690.00, 4202, otc]
[5276, 16.55, 15.5, 15.90, 16.45, 102, otc]
[5278, 188.5, 181.5, 187.00, 182.00, 40, otc]
[5281, 16.65, 16.2, 16.25, 16.25, 70, otc]
[5283, 115.0, 113.0, 113.50, 113.50, 435, tse]
[5284, 109.5, 94.1, 95.40, 98.80, 24890, tse]
[5285, 92.2, 79.3, 79.90, 87.70, 27219, tse]
[5287, 197.5, 193.0, 197.00, 193.50, 144, otc]
[5288, 190.5, 177.0, 187.00, 178.50, 908, tse]
[5289, 254.0, 218.0, 226.50, 241.00, 6265, otc]
[5291, 34.8, 33.35, 33.45, 33.65, 540, otc]
[5299, 135.0, 126.0, 133.50, 126.50, 1408, otc]
[5301, 12.05, 11.25, 11.25, 11.80, 239, otc]
[5302, 9.8, 8.8, 8.88, 9.03, 3570, otc]
[5306, 154.0, 148.0, 151.00, 151.50, 801, tse]
[5309, 45.15, 41.65, 42.80, 41.80, 22627, otc]
[5310, 24.55, 23.35, 24.55, 24.00, 59, otc]
[5312, 64.5, 62.1, 62.50, 64.20, 881, otc]
[5314, 20.3, 18.3, 19.50, 19.00, 71, otc]
[5315, 24.7, 23.2, 23.75, 23.50, 10642, otc]
[5321, 103.0, 87.8, 88.60, 89.70, 16285, otc]
[5324, 9.53, 9.27, 9.49, 9.28, 427, otc]
[5328, 11.85, 11.0, 11.35, 11.20, 2296, otc]
[5340, 57.0, 48.55, 50.50, 50.90, 9121, otc]
[5344, 19.65, 18.15, 18.60, 18.30, 1047, otc]
[5345, 6.2, 5.75, 6.18, 5.99, 24, otc]
[5347, 95.9, 91.0, 92.80, 91.70, 22227, otc]
[5348, 10.0, 9.07, 9.37, 9.85, 73, otc]
[5351, 49.5, 45.45, 48.50, 45.50, 31761, otc]
[5353, 36.3, 32.5, 35.30, 33.65, 9086, otc]
[5355, 7.18, 6.86, 6.88, 7.13, 929, otc]
[5356, 21.8, 21.5, 21.65, 21.60, 291, otc]
[5364, 31.5, 27.95, 31.50, 27.95, 426, otc]
[5371, 66.8, 63.8, 65.20, 64.50, 10577, otc]
[5381, 10.1, 7.4, 7.40, 9.69, 7228, otc]
[5383, 27.9, 25.0, 25.20, 27.20, 419, otc]
[5386, 37.8, 36.15, 37.40, 36.25, 617, otc]
[5388, 92.4, 86.3, 86.30, 89.10, 35716, tse]
[5392, 22.95, 22.0, 22.40, 22.00, 932, otc]
[5398, 17.3, 16.45, 17.30, 16.50, 201, otc]
[5403, 87.7, 77.3, 78.50, 85.60, 3485, otc]
[5410, 39.1, 35.05, 38.10, 35.40, 12973, otc]
[5425, 113.0, 99.7, 99.80, 103.50, 165194, otc]
[5426, 14.0, 13.4, 13.65, 13.45, 3490, otc]
[5432, 32.75, 27.5, 27.50, 29.30, 722, otc]
[5434, 197.5, 189.5, 189.50, 193.50, 3467, tse]
[5438, 19.25, 18.0, 18.10, 18.35, 791, otc]
[5439, 67.2, 64.3, 65.00, 65.80, 7866, otc]
[5443, 31.45, 29.8, 29.90, 30.00, 6527, otc]
[5450, 22.5, 20.3, 21.50, 20.70, 4466, otc]
[5452, 23.25, 20.5, 21.40, 20.60, 13757, otc]
[5455, NaN, NaN, NaN, NaN, 0, otc]
[5457, 58.1, 54.0, 57.20, 54.10, 5273, otc]
[5460, 11.45, 11.2, 11.40, 11.30, 332, otc]
[5464, 36.8, 31.7, 35.80, 32.15, 10007, otc]
[5465, 26.1, 22.65, 22.65, 25.95, 4611, otc]
[5468, 17.95, 17.05, 17.10, 17.45, 267, otc]
[5469, 35.7, 34.4, 35.00, 34.45, 5434, tse]
[5471, 55.8, 53.8, 55.30, 53.90, 1693, tse]
[5474, 84.5, 77.5, 77.50, 78.50, 587, otc]
[5475, 13.9, 12.55, 12.80, 12.65, 4840, otc]
[5478, 88.4, 82.5, 83.70, 83.20, 2037, otc]
[5481, 12.7, 12.45, 12.70, 12.60, 245, otc]
[5483, 163.5, 155.5, 160.00, 156.00, 17074, otc]
[5484, 13.65, 13.15, 13.50, 13.40, 1161, tse]
[5487, 25.45, 24.85, 24.85, 25.45, 13, otc]
[5488, 10.2, 9.91, 10.10, 9.97, 1170, otc]
[5489, 40.0, 36.6, 37.45, 37.75, 1701, otc]
[5490, 24.35, 23.75, 24.20, 24.00, 411, otc]
[5493, 56.0, 52.7, 53.10, 54.80, 710, otc]
[5498, 11.4, 11.05, 11.30, 11.10, 2327, otc]
[5508, 62.3, 60.5, 60.50, 61.60, 1156, otc]
[5511, 31.35, 31.0, 31.20, 31.25, 172, otc]
[5512, 11.25, 10.2, 11.05, 10.45, 41675, otc]
[5514, 18.4, 17.7, 18.05, 18.30, 14, otc]
[5515, 11.95, 11.65, 11.75, 11.70, 563, tse]
[5516, 27.5, 26.25, 26.95, 26.50, 427, otc]
[5519, 24.35, 23.9, 24.00, 24.00, 2868, tse]
[5520, 57.6, 57.2, 57.30, 57.20, 18, otc]
[5521, 7.25, 7.0, 7.08, 7.08, 3961, tse]
[5522, 59.3, 58.1, 59.30, 58.80, 3219, tse]
[5523, 26.0, 25.35, 25.80, 25.70, 195, otc]
[5525, 25.0, 24.2, 24.30, 24.45, 373, tse]
[5529, 12.65, 12.2, 12.45, 12.25, 292, otc]
[5530, 40.5, 38.6, 38.65, 39.20, 2798, otc]
[5531, 9.45, 9.11, 9.31, 9.14, 1849, tse]
[5533, 18.15, 17.8, 17.95, 17.90, 1315, tse]
[5534, 77.5, 75.8, 77.30, 76.20, 959, tse]
[5536, 136.0, 129.0, 135.00, 131.00, 4671, otc]
[5538, 42.2, 41.6, 41.90, 41.70, 89, tse]
[5543, 58.0, 51.5, 52.50, 55.00, 110, otc]
[5546, 42.6, 41.2, 42.60, 41.20, 232, tse]
[5601, 43.5, 39.85, 40.95, 41.85, 270, otc]
[5603, 24.55, 23.55, 24.25, 23.60, 1893, otc]
[5604, 52.7, 50.6, 52.70, 50.80, 143, otc]
[5607, 64.6, 60.2, 62.50, 60.60, 6942, tse]
[5608, 31.0, 28.35, 31.00, 28.65, 83811, tse]
[5609, 81.6, 78.9, 81.60, 79.40, 1883, otc]
[5701, 4.26, 3.9, 4.26, 3.94, 5760, otc]
[5703, 24.35, 22.15, 23.15, 22.25, 616, otc]
[5704, 75.0, 65.3, 71.00, 65.50, 3134, otc]
[5706, 73.8, 64.5, 68.20, 65.40, 20199, tse]
[5864, 14.75, 12.4, 12.40, 13.90, 5268, otc]
[5871, 237.0, 226.0, 228.50, 227.00, 19730, tse]
[5876, 47.9, 45.85, 47.70, 45.85, 20940, tse]
[5878, 48.6, 48.4, 48.50, 48.60, 23, otc]
[5880, 26.75, 26.15, 26.65, 26.15, 40684, tse]
[5902, 36.65, 35.0, 36.20, 35.30, 285, otc]
[5903, 225.5, 202.5, 204.50, 216.00, 1084, otc]
[5904, 619.0, 588.0, 608.00, 589.00, 2468, otc]
[5905, 13.7, 12.7, 13.60, 12.80, 8104, otc]
[5906, 39.05, 35.3, 38.65, 36.35, 144, tse]
[5907, 18.65, 17.45, 18.10, 17.70, 5734, tse]
[6005, 12.4, 11.9, 11.90, 11.90, 13640, tse]
[6015, 10.35, 9.69, 10.00, 9.77, 6505, otc]
[6016, 11.7, 10.75, 10.85, 11.20, 13895, otc]
[6020, 19.05, 18.8, 18.90, 18.80, 74, otc]
[6021, 17.65, 17.0, 17.50, 17.00, 53, otc]
[6023, 51.3, 50.0, 50.00, 50.70, 533, otc]
[6024, 40.8, 39.2, 39.30, 40.40, 2241, tse]
[6026, 11.4, 10.6, 10.60, 10.70, 11046, otc]
[6101, 35.1, 32.3, 34.20, 33.15, 1725, otc]
[6103, 40.9, 33.1, 40.90, 33.25, 8, otc]
[6104, 135.0, 121.5, 129.50, 124.00, 34877, otc]
[6108, 17.25, 16.9, 17.10, 17.00, 684, tse]
[6109, 19.8, 17.8, 19.15, 17.95, 6510, otc]
[6111, 60.1, 57.3, 58.40, 58.20, 2472, otc]
[6112, 42.55, 39.5, 41.20, 40.00, 9885, tse]
[6113, 19.6, 17.9, 17.90, 18.45, 8980, otc]
[6114, 26.4, 25.1, 25.55, 25.40, 804, otc]
[6115, 45.15, 44.0, 44.45, 44.40, 1281, tse]
[6116, 14.3, 12.9, 13.75, 13.15, 164435, tse]
[6117, 15.55, 14.7, 14.80, 15.40, 2378, tse]
[6118, 41.55, 37.95, 38.80, 38.70, 19845, otc]
[6120, 10.5, 10.0, 10.35, 10.15, 5864, tse]
[6121, 300.0, 291.5, 295.50, 291.50, 1964, otc]
[6122, 21.8, 19.5, 19.65, 21.80, 5904, otc]
[6123, 69.7, 66.5, 69.00, 66.90, 2038, otc]
[6124, 27.6, 25.15, 25.60, 26.50, 1238, otc]
[6125, 29.35, 27.6, 27.60, 27.75, 18783, otc]
[6126, 22.65, 21.6, 21.75, 22.15, 1949, otc]
[6127, 19.5, 17.7, 17.85, 18.20, 2955, otc]
[6128, 35.5, 34.0, 34.95, 34.15, 1644, tse]
[6129, 39.2, 35.05, 35.35, 36.40, 70921, otc]
[6130, 36.45, 35.0, 35.65, 36.00, 128, otc]
[6133, 24.05, 22.65, 23.00, 22.85, 12573, tse]
[6134, 22.2, 20.7, 21.00, 20.80, 2518, otc]
[6136, 19.25, 18.75, 18.80, 19.00, 970, tse]
[6138, 151.5, 140.0, 150.50, 141.50, 7001, otc]
[6139, 46.9, 44.5, 45.55, 45.05, 10550, tse]
[6140, 21.65, 18.65, 21.05, 19.00, 6926, otc]
[6141, 20.35, 19.1, 19.75, 19.25, 256, tse]
[6142, 13.5, 12.2, 13.20, 12.40, 14850, tse]
[6143, 91.3, 79.6, 88.80, 80.00, 16184, otc]
[6144, 14.35, 13.7, 14.30, 14.15, 40, otc]
[6146, 275.0, 254.5, 272.00, 256.50, 3772, otc]
[6147, 71.2, 69.4, 70.30, 70.10, 24488, otc]
[6148, 17.5, 15.85, 16.55, 16.00, 4292, otc]
[6150, 79.5, 73.1, 78.70, 73.80, 3818, otc]
[6151, 29.1, 28.05, 28.20, 28.55, 251, otc]
[6152, 10.65, 10.0, 10.30, 10.05, 3087, tse]
[6153, 24.7, 23.6, 24.30, 23.65, 9915, tse]
[6154, 16.4, 16.1, 16.15, 16.25, 146, otc]
[6155, 29.7, 26.6, 29.70, 26.60, 3170, tse]
[6156, 20.65, 19.6, 19.90, 19.80, 2489, otc]
[6158, 26.85, 26.0, 26.45, 26.15, 293, otc]
[6160, 22.0, 19.95, 20.10, 20.50, 4822, otc]
[6161, 29.4, 27.5, 28.80, 27.60, 2189, otc]
[6163, 16.75, 15.8, 15.80, 16.10, 3927, otc]
[6164, 11.65, 10.55, 10.65, 10.85, 4102, tse]
[6165, 32.65, 29.5, 31.50, 30.20, 3165, tse]
[6166, 65.8, 62.3, 62.30, 63.00, 2212, tse]
[6167, 13.45, 12.6, 13.20, 12.60, 4162, otc]
[6168, 22.8, 21.6, 22.00, 21.95, 5497, tse]
[6169, 19.5, 18.85, 19.10, 19.00, 164, otc]
[6170, 41.1, 38.35, 41.10, 38.75, 2347, otc]
[6171, 25.55, 24.95, 25.00, 25.20, 320, otc]
[6173, 42.9, 39.15, 41.95, 39.50, 3365, otc]
[6174, 31.3, 28.5, 29.95, 28.85, 2953, otc]
[6175, 39.8, 36.85, 37.35, 37.50, 5475, otc]
[6176, 109.0, 105.0, 108.00, 106.00, 7986, tse]
[6177, 32.65, 31.35, 31.40, 32.40, 7736, tse]
[6179, 30.2, 27.9, 30.15, 28.15, 1330, otc]
[6180, 89.8, 79.2, 84.10, 79.20, 27188, otc]
[6182, 47.3, 45.25, 45.40, 45.40, 27316, otc]
[6183, 67.3, 64.0, 64.10, 66.30, 298, tse]
[6184, 50.5, 49.05, 49.60, 49.80, 293, tse]
[6185, 14.35, 13.7, 13.85, 13.90, 1272, otc]
[6186, 38.05, 37.4, 37.95, 37.70, 1137, otc]
[6187, 72.6, 68.0, 72.60, 68.20, 3680, otc]
[6188, 54.5, 51.7, 53.10, 52.70, 21706, otc]
[6189, 41.45, 40.0, 40.30, 41.00, 2859, tse]
[6190, 33.9, 31.65, 32.25, 32.90, 15206, otc]
[6191, 32.2, 31.1, 31.25, 31.35, 11902, tse]
[6192, 78.3, 76.3, 77.00, 77.10, 649, tse]
[6194, 24.0, 23.65, 23.85, 23.80, 165, otc]
[6195, 45.8, 45.05, 45.50, 45.10, 242, otc]
[6196, 137.5, 128.0, 133.00, 130.50, 7245, tse]
[6197, 47.6, 45.3, 45.50, 45.30, 2529, tse]
[6198, 20.55, 19.6, 19.80, 20.15, 132, otc]
[6199, 18.7, 18.45, 18.65, 18.55, 71, otc]
[6201, 43.4, 42.55, 42.90, 42.60, 121, tse]
[6202, 77.7, 75.3, 76.20, 75.50, 8317, tse]
[6203, 57.7, 56.0, 56.50, 56.40, 557, otc]
[6204, 58.2, 55.5, 57.00, 55.50, 76, otc]
[6205, 95.9, 84.7, 93.50, 85.30, 20760, tse]
[6206, 75.8, 72.3, 73.40, 72.30, 2897, tse]
[6207, 29.65, 27.9, 29.65, 28.00, 1798, otc]
[6208, 57.5, 54.3, 54.30, 55.40, 1853, otc]
[6209, 28.25, 26.1, 26.10, 26.25, 6783, tse]
[6210, 37.2, 36.0, 36.00, 36.25, 167, otc]
[6212, 49.5, 48.0, 48.55, 49.50, 7, otc]
[6213, 79.0, 74.1, 76.80, 74.30, 10642, tse]
[6214, 78.7, 76.0, 76.80, 76.00, 1452, tse]
[6215, 28.2, 26.0, 27.20, 26.15, 2952, tse]
[6216, 27.3, 26.7, 26.90, 26.90, 844, tse]
[6217, 48.8, 46.0, 46.20, 46.75, 12305, otc]
[6218, 19.0, 18.55, 18.60, 18.65, 427, otc]
[6219, 10.8, 10.55, 10.80, 10.65, 778, otc]
[6220, 28.7, 27.15, 28.15, 27.20, 6190, otc]
[6221, 65.8, 58.7, 63.20, 59.10, 412, otc]
[6222, 17.25, 15.3, 17.25, 15.30, 196, otc]
[6223, 129.5, 119.0, 122.50, 120.00, 12234, otc]
[6224, 70.4, 67.0, 67.00, 67.40, 1516, tse]
[6225, 12.9, 11.75, 12.25, 12.25, 52, tse]
[6226, 12.0, 11.4, 11.65, 11.50, 2565, tse]
[6227, 50.8, 47.8, 49.00, 48.40, 3447, otc]
[6228, 16.7, 14.45, 14.80, 15.25, 1532, otc]
[6229, 28.95, 26.6, 27.20, 27.70, 1468, otc]
[6230, 137.0, 121.5, 121.50, 128.50, 1084, tse]
[6231, 134.0, 105.5, 108.00, 122.00, 31531, otc]
[6233, 26.85, 22.9, 22.90, 24.15, 17036, otc]
[6234, 27.3, 24.2, 24.40, 24.45, 29579, otc]
[6235, 70.5, 59.7, 60.30, 65.90, 185634, tse]
[6236, 24.6, 24.0, 24.50, 24.50, 33, otc]
[6237, 51.3, 47.0, 48.70, 47.10, 3831, otc]
[6239, 91.4, 88.9, 89.50, 89.30, 8844, tse]
[6240, 23.4, 19.15, 19.20, 21.95, 1988, otc]
[6241, 15.5, 14.9, 15.30, 14.90, 588, otc]
[6242, 62.8, 60.1, 61.50, 60.30, 536, otc]
[6243, 39.1, 31.4, 31.45, 33.90, 6969, tse]
[6244, 30.2, 28.8, 28.85, 29.15, 19742, otc]
[6245, 125.5, 113.0, 125.00, 114.50, 28746, otc]
[6246, 14.25, 13.9, 14.25, 14.10, 107, otc]
[6248, 26.35, 23.85, 24.70, 25.60, 5585, otc]
[6257, 56.9, 55.1, 55.30, 55.70, 19292, tse]
[6259, 23.1, 22.2, 23.10, 22.30, 115, otc]
[6261, 67.6, 64.8, 65.10, 64.90, 1925, otc]
[6263, 105.5, 92.8, 93.50, 99.10, 1964, otc]
[6264, 8.34, 8.09, 8.18, 8.22, 514, otc]
[6265, 10.65, 10.1, 10.15, 10.15, 1551, otc]
[6266, 35.35, 32.55, 33.55, 33.00, 25584, otc]
[6269, 101.0, 97.1, 99.50, 97.60, 8946, tse]
[6270, 25.0, 24.0, 24.15, 24.80, 1949, otc]
[6271, 227.5, 215.5, 225.00, 216.00, 5816, tse]
[6274, 71.6, 60.1, 60.10, 68.60, 41874, otc]
[6275, 32.0, 30.2, 30.50, 30.55, 3176, otc]
[6276, 18.85, 17.0, 17.25, 18.85, 2045, otc]
[6277, 84.9, 81.5, 83.10, 82.90, 1782, tse]
[6278, 93.3, 89.2, 90.40, 91.80, 12565, tse]
[6279, 162.5, 147.5, 154.00, 149.50, 10397, otc]
[6281, 87.9, 86.8, 87.20, 87.10, 349, tse]
[6282, 43.45, 39.35, 39.80, 39.60, 209776, tse]
[6283, 35.45, 34.0, 35.45, 34.75, 1868, tse]
[6284, 61.2, 57.7, 58.30, 59.30, 5973, otc]
[6285, 90.9, 85.6, 85.60, 86.50, 36809, tse]
[6287, 24.25, 23.25, 23.50, 23.50, 28, otc]
[6288, 29.05, 27.3, 28.85, 27.70, 25967, tse]
[6290, 75.0, 68.0, 73.00, 69.00, 56728, otc]
[6291, 113.5, 99.0, 100.00, 113.50, 372, otc]
[6292, 46.1, 43.6, 43.85, 43.90, 795, otc]
[6294, 117.5, 111.0, 111.00, 112.50, 269, otc]
[6404, 21.9, 20.0, 21.45, 21.20, 54, otc]
[6405, 24.9, 21.6, 21.90, 22.55, 865, tse]
[6409, 1710.0, 1630.0, 1,680.00, 1,680.00, 619, tse]
[6411, 134.0, 121.5, 131.50, 122.50, 13493, otc]
[6412, 84.5, 82.7, 83.80, 84.30, 2881, tse]
[6414, 246.5, 234.0, 241.00, 234.50, 5330, tse]
[6415, 611.0, 563.0, 608.00, 566.00, 11332, tse]
[6416, 104.5, 96.4, 96.80, 100.00, 3464, tse]
[6417, 137.5, 120.0, 123.00, 123.00, 6897, otc]
[6418, 17.45, 16.75, 16.90, 16.80, 501, otc]
[6419, 41.5, 38.1, 38.10, 39.90, 707, otc]
[6425, 21.4, 20.0, 20.90, 20.15, 621, otc]
[6426, 72.8, 62.7, 62.90, 67.10, 3492, tse]
[6431, 20.55, 19.95, 20.55, 19.95, 286, tse]
[6432, 37.3, 35.35, 37.00, 35.40, 1120, otc]
[6435, 107.0, 102.5, 104.50, 103.50, 706, otc]
[6438, 102.5, 96.5, 102.00, 96.80, 3000, tse]
[6441, 65.3, 59.0, 62.40, 59.30, 4263, otc]
[6442, 52.0, 49.6, 51.20, 49.70, 1396, tse]
[6443, 39.0, 36.3, 37.50, 36.45, 101904, tse]
[6446, 504.0, 469.5, 500.00, 470.00, 4815, otc]
[6449, 51.6, 45.7, 45.80, 49.50, 513, tse]
[6451, 90.5, 86.0, 86.80, 86.50, 1615, tse]
[6456, 85.7, 82.0, 84.90, 82.40, 7560, tse]
[6457, 66.6, 61.2, 64.30, 61.60, 2026, otc]
[6461, 31.9, 29.75, 31.90, 29.90, 1986, otc]
[6462, 81.0, 76.9, 80.90, 79.30, 1665, otc]
[6464, 90.5, 88.4, 90.00, 88.40, 94, tse]
[6465, 19.45, 17.4, 17.90, 19.35, 595, otc]
[6469, 361.0, 344.5, 350.00, 355.50, 2204, otc]
[6470, 70.9, 62.0, 64.00, 66.40, 16532, otc]
[6472, 537.0, 486.0, 525.00, 496.50, 14736, otc]
[6477, 49.1, 46.0, 47.75, 46.30, 9944, tse]
[6482, 45.9, 44.55, 45.90, 44.55, 21, otc]
[6485, 83.3, 78.0, 80.90, 78.20, 4648, otc]
[6486, 71.0, 69.6, 69.90, 70.30, 347, otc]
[6488, 521.0, 502.0, 510.00, 504.00, 8189, otc]
[6491, 442.0, 404.0, 438.00, 407.50, 2658, tse]
[6492, 61.4, 58.0, 61.00, 58.00, 1093, otc]
[6494, 80.2, 76.4, 79.50, 76.50, 1541, otc]
[6496, 33.8, 30.95, 33.60, 31.25, 585, otc]
[6499, 59.9, 57.6, 59.70, 57.70, 465, otc]
[6504, 82.5, 75.1, 76.00, 78.30, 681, tse]
[6505, 86.0, 82.8, 84.50, 83.30, 11267, tse]
[6506, 21.8, 21.0, 21.20, 21.45, 1257, otc]
[6508, 40.95, 38.7, 40.90, 39.05, 2793, otc]
[6509, 49.0, 46.0, 46.50, 46.05, 22732, otc]
[6510, 605.0, 571.0, 602.00, 571.00, 980, otc]
[6512, 22.5, 20.5, 21.60, 22.10, 519, otc]
[6514, 63.5, 56.6, 57.00, 59.90, 1611, otc]
[6515, 654.0, 592.0, 625.00, 606.00, 7416, tse]
[6516, 87.5, 84.5, 84.50, 85.60, 473, otc]
[6517, 83.3, 70.4, 80.90, 71.80, 10783, otc]
[6523, 118.0, 105.0, 118.00, 106.00, 1837, otc]
[6525, 76.1, 73.8, 75.80, 74.10, 704, tse]
[6527, 76.8, 71.1, 76.50, 74.20, 2680, otc]
[6530, 25.55, 24.1, 25.55, 24.40, 592, otc]
[6531, 303.0, 277.0, 288.50, 291.50, 46637, tse]
[6532, 57.1, 52.3, 57.10, 52.70, 3222, otc]
[6533, 587.0, 548.0, 574.00, 555.00, 15468, tse]
[6535, 44.7, 42.2, 42.95, 43.10, 2604, otc]
[6538, 86.9, 80.3, 81.50, 80.60, 1307, otc]
[6542, 46.3, 44.4, 44.40, 45.65, 17, otc]
[6546, 87.5, 81.3, 85.20, 81.70, 2667, otc]
[6547, 63.1, 55.4, 56.10, 60.40, 25990, otc]
[6548, 41.8, 35.0, 35.00, 39.00, 52246, otc]
[6550, 102.5, 98.8, 101.00, 98.80, 12335, tse]
[6552, 41.45, 37.0, 39.75, 37.45, 1472, tse]
[6556, 194.5, 175.0, 194.50, 177.00, 4986, otc]
[6558, 29.8, 25.3, 25.30, 27.40, 12876, tse]
[6560, 41.3, 35.8, 35.80, 39.70, 1143, otc]
[6561, 371.0, 353.0, 364.00, 353.50, 1100, otc]
[6568, 179.5, 161.0, 177.50, 162.00, 4097, otc]
[6569, 112.0, 104.5, 111.00, 105.00, 393, otc]
[6570, 63.5, 58.3, 62.70, 58.30, 6250, otc]
[6573, 15.45, 14.05, 14.25, 14.15, 1263, tse]
[6574, 51.0, 49.0, 51.00, 49.80, 80, otc]
[6576, 128.0, 115.5, 118.50, 125.00, 7760, otc]
[6577, 63.7, 62.5, 63.30, 62.70, 84, otc]
[6578, 18.9, 17.1, 18.00, 17.50, 5471, otc]
[6579, 102.0, 94.0, 102.00, 94.20, 931, tse]
[6581, 110.5, 101.0, 107.00, 101.00, 1214, tse]
[6582, 64.4, 60.6, 63.90, 61.70, 979, tse]
[6585, 70.0, 65.0, 69.50, 66.00, 613, tse]
[6588, 36.2, 32.4, 32.85, 33.85, 648, otc]
[6589, 120.5, 111.0, 120.00, 111.50, 11775, otc]
[6590, 80.3, 71.0, 72.70, 72.60, 1726, otc]
[6591, 47.45, 45.3, 47.00, 45.55, 597, tse]
[6592, 120.5, 112.0, 112.50, 116.50, 5519, tse]
[6593, 58.6, 52.7, 53.50, 55.90, 2419, otc]
[6594, 33.0, 29.2, 29.45, 30.50, 846, otc]
[6596, 46.5, 45.0, 46.45, 45.25, 220, otc]
[6598, 31.5, 28.7, 29.50, 29.50, 1638, tse]
[6603, 19.05, 17.75, 18.65, 17.85, 10315, otc]
[6605, 97.8, 88.0, 93.40, 93.10, 15631, tse]
[6609, 45.8, 41.8, 44.40, 42.55, 6335, otc]
[6612, 150.5, 132.0, 143.50, 137.50, 3871, otc]
[6613, 105.0, 100.0, 104.50, 101.00, 882, otc]
[6615, 38.8, 37.5, 37.80, 37.75, 45, otc]
[6616, 15.8, 14.55, 15.35, 15.05, 999, otc]
[6624, 42.1, 41.6, 42.10, 41.65, 45, otc]
[6625, 51.5, 46.65, 49.60, 46.75, 2021, tse]
[6629, 48.25, 45.65, 48.25, 45.75, 14, otc]
[6640, 93.2, 91.1, 92.60, 92.30, 60, otc]
[6641, 59.1, 57.0, 57.40, 57.30, 169, tse]
[6642, 54.8, 52.0, 52.00, 53.00, 204, otc]
[6643, 643.0, 587.0, 596.00, 608.00, 16318, otc]
[6649, 42.9, 41.0, 41.45, 41.55, 350, otc]
[6651, 77.6, 72.0, 74.60, 72.50, 687, otc]
[6654, 57.8, 53.6, 56.10, 55.20, 65, otc]
[6655, 127.5, 125.0, 127.50, 126.00, 41, tse]
[6661, 23.1, 22.3, 23.00, 22.30, 24, otc]
[6662, 31.6, 30.15, 30.40, 30.60, 289, otc]
[6664, 107.0, 101.5, 103.00, 102.50, 1522, otc]
[6666, 95.7, 82.5, 90.70, 82.60, 2309, tse]
[6667, 70.6, 66.2, 67.40, 67.50, 1852, otc]
[6668, 47.1, 42.5, 42.75, 43.85, 7239, tse]
[6669, 986.0, 921.0, 925.00, 935.00, 6819, tse]
[6670, 251.0, 233.0, 250.50, 235.50, 5329, tse]
[6671, 40.05, 38.6, 39.60, 39.60, 54, tse]
[6672, 88.3, 84.1, 85.40, 84.40, 2067, tse]
[6674, 28.3, 26.7, 27.65, 27.80, 107, tse]
[6679, 314.0, 275.5, 277.00, 307.00, 5469, otc]
[6680, 73.3, 63.1, 64.40, 71.10, 358, otc]
[6683, 217.0, 201.5, 209.00, 202.50, 2113, otc]
[6684, 59.9, 51.3, 51.30, 57.60, 2728, otc]
[6689, 152.0, 137.5, 151.00, 139.50, 4154, tse]
[6690, 178.0, 159.5, 170.00, 164.00, 1666, otc]
[6691, 296.0, 284.0, 290.00, 288.50, 2192, tse]
[6693, 75.2, 62.0, 62.00, 68.00, 2462, otc]
[6695, 45.3, 42.9, 44.70, 42.90, 1219, tse]
[6697, 47.05, 41.3, 46.65, 41.85, 1432, otc]
[6698, 33.5, 31.8, 32.35, 31.80, 707, tse]
[6703, 126.5, 117.0, 125.50, 121.00, 760, otc]
[6706, 109.5, 99.0, 99.00, 101.00, 12312, tse]
[6708, 64.5, 59.0, 63.40, 59.00, 1334, otc]
[6712, 212.0, 193.0, 212.00, 194.00, 7873, otc]
[6715, 159.0, 136.0, 151.00, 136.50, 4562, tse]
[6716, 94.4, 90.1, 90.40, 92.00, 90, otc]
[6719, 334.0, 301.5, 318.50, 319.00, 17945, tse]
[6721, 50.2, 49.0, 50.10, 49.00, 84, otc]
[6727, 72.7, 69.5, 72.00, 69.60, 1048, otc]
[6728, 158.0, 145.0, 148.50, 146.00, 291, otc]
[6732, 395.0, 355.0, 358.50, 372.50, 9849, otc]
[6733, 26.95, 24.9, 25.55, 26.15, 3215, otc]
[6735, 67.5, 60.0, 66.60, 65.00, 290, otc]
[6741, 133.5, 119.0, 125.00, 123.50, 13279, otc]
[6743, 55.1, 44.7, 44.70, 53.20, 4269, tse]
[6747, 215.0, 200.0, 214.50, 206.50, 943, otc]
[6751, 81.0, 69.0, 73.20, 69.50, 2754, otc]
[6752, 162.0, 137.5, 161.50, 140.00, 2078, otc]
[6753, 90.6, 84.6, 85.50, 87.10, 5367, tse]
[6754, 50.0, 47.9, 47.90, 49.90, 438, tse]
[6756, 235.0, 210.5, 216.00, 213.50, 4219, tse]
[6761, 109.0, 92.9, 93.30, 96.70, 1130, otc]
[6762, 252.0, 244.0, 246.50, 244.00, 34, otc]
[6763, 514.0, 472.5, 495.00, 475.00, 619, otc]
[6767, 35.0, 34.0, 34.50, 34.15, 614, otc]
[6768, 74.3, 71.7, 73.30, 72.00, 2016, tse]
[6770, 36.2, 33.8, 34.00, 34.45, 185639, tse]
[6776, 44.0, 42.2, 43.15, 42.45, 930, tse]
[6781, 856.0, 791.0, 855.00, 793.00, 2695, tse]
[6782, 352.0, 299.0, 347.00, 302.50, 5041, tse]
[6788, 140.5, 127.5, 129.00, 130.00, 8802, otc]
[6789, 256.0, 235.5, 248.00, 238.00, 7103, tse]
[6790, 37.9, 37.15, 37.80, 37.25, 970, tse]
[6791, 93.5, 78.7, 88.40, 80.80, 2030, otc]
[6792, 87.5, 81.1, 83.50, 81.20, 958, tse]
[6796, 118.5, 106.0, 111.00, 106.00, 3819, tse]
[6799, 174.0, 149.0, 162.50, 151.50, 21696, tse]
[6803, 277.0, 270.0, 271.50, 272.00, 327, otc]
[6804, 58.7, 54.8, 55.20, 58.00, 710, otc]
[6806, 91.5, 83.7, 86.30, 84.10, 26265, tse]
[6807, 26.8, 25.4, 25.40, 26.05, 175, tse]
[6811, 222.5, 197.0, 217.00, 200.00, 3994, otc]
[6823, 102.0, 97.6, 102.00, 97.60, 108, otc]
[6829, 84.6, 81.0, 84.60, 82.00, 1412, otc]
[6830, 136.0, 120.0, 132.00, 123.00, 1924, tse]
[6834, 30.1, 27.7, 28.00, 30.05, 991, tse]
[6835, 46.7, 44.7, 46.05, 44.80, 792, tse]
[6841, 139.0, 108.0, 118.50, 134.00, 19648, otc]
[6843, 70.3, 62.2, 68.60, 64.00, 1507, otc]
[6854, 105.5, 99.6, 105.50, 99.80, 491, tse]
[6855, 88.7, 81.8, 85.70, 82.60, 314, otc]
[6859, 183.0, 159.0, 163.50, 164.50, 6017, otc]
[6865, 134.0, 110.5, 134.00, 110.50, 2249, otc]
[6873, 146.0, 121.0, 121.00, 139.00, 3947, tse]
[6874, 135.0, 111.0, 117.00, 114.50, 1775, otc]
[7402, 68.6, 47.15, 47.15, 68.60, 12847, otc]
[7556, 102.5, 100.0, 101.50, 101.00, 93, otc]
[8011, 15.15, 14.5, 14.85, 14.60, 1570, tse]
[8016, 236.0, 222.0, 233.00, 223.50, 8329, tse]
[8021, 30.5, 29.55, 30.20, 29.65, 1909, tse]
[8024, 22.8, 21.4, 21.80, 21.50, 1082, otc]
[8027, 54.1, 51.8, 53.00, 51.90, 1157, otc]
[8028, 59.7, 56.8, 57.10, 56.80, 10091, tse]
[8032, 32.65, 30.75, 32.10, 31.50, 182, otc]
[8033, 63.0, 56.0, 57.00, 57.80, 37758, tse]
[8034, 14.7, 14.25, 14.60, 14.30, 636, otc]
[8038, 44.7, 42.1, 42.25, 43.90, 5056, otc]
[8039, 43.85, 42.15, 42.85, 42.35, 1759, tse]
[8040, 54.2, 51.3, 53.20, 51.60, 2166, otc]
[8042, 37.8, 36.4, 36.55, 37.50, 125, otc]
[8043, 31.55, 29.6, 31.55, 29.70, 2137, otc]
[8044, 69.0, 63.0, 65.60, 64.20, 5687, otc]
[8046, 270.5, 255.0, 265.50, 260.00, 46192, tse]
[8047, 13.5, 11.95, 11.95, 12.55, 1026, otc]
[8048, 36.9, 35.8, 36.75, 36.65, 589, otc]
[8049, 40.35, 37.9, 38.00, 38.85, 8585, otc]
[8050, 85.7, 80.2, 83.90, 80.30, 24324, otc]
[8054, 36.4, 33.65, 34.95, 33.95, 3643, otc]
[8059, 11.0, 10.5, 10.80, 10.75, 445, otc]
[8064, 18.4, 18.0, 18.25, 18.15, 2427, otc]
[8066, 29.45, 28.15, 28.30, 28.90, 182, otc]
[8067, 18.2, 14.3, 14.90, 17.15, 422, otc]
[8068, 25.9, 24.45, 24.95, 24.70, 416, otc]
[8069, 211.0, 180.0, 196.00, 180.00, 139628, otc]
[8070, 35.1, 33.8, 34.00, 34.05, 9257, tse]
[8071, 17.0, 15.4, 15.40, 15.70, 2737, otc]
[8072, 29.25, 27.55, 29.00, 27.65, 3532, tse]
[8074, 20.9, 20.6, 20.60, 20.80, 938, otc]
[8076, 31.45, 29.8, 29.80, 30.00, 8268, otc]
[8077, 40.5, 33.5, 33.50, 39.30, 25, otc]
[8080, 11.9, 10.65, 11.20, 11.65, 124, otc]
[8081, 181.0, 176.5, 178.00, 177.00, 3021, tse]
[8083, 161.0, 157.5, 161.00, 159.00, 281, otc]
[8084, 104.5, 92.7, 102.50, 93.10, 2243, otc]
[8085, 21.6, 20.35, 21.40, 20.40, 1024, otc]
[8086, 79.7, 75.3, 77.60, 75.30, 5897, otc]
[8087, 33.0, 28.85, 29.30, 32.10, 825, otc]
[8088, 29.3, 27.4, 28.80, 28.45, 8160, otc]
[8089, 23.6, 22.9, 23.35, 23.15, 519, otc]
[8091, 92.7, 83.5, 92.20, 85.40, 4469, otc]
[8092, 12.3, 11.8, 11.90, 12.05, 374, otc]
[8093, 13.4, 12.35, 13.30, 12.75, 941, otc]
[8096, 12.25, 11.75, 12.00, 11.75, 10070, otc]
[8097, 57.2, 53.5, 56.40, 53.70, 4367, otc]
[8099, 43.2, 38.6, 39.40, 40.90, 6798, otc]
[8101, 6.1, 5.91, 5.96, 5.97, 168, tse]
[8103, 37.75, 35.45, 35.60, 37.05, 3275, tse]
[8104, 41.8, 39.1, 39.75, 39.30, 2133, tse]
[8105, 16.5, 15.0, 15.85, 15.20, 30384, tse]
[8107, 18.7, 17.6, 18.40, 17.85, 1301, otc]
[8109, 96.6, 91.8, 92.60, 93.50, 1231, otc]
[8110, 14.2, 13.15, 13.50, 13.35, 13137, tse]
[8111, 24.7, 20.4, 20.95, 22.95, 21029, otc]
[8112, 42.95, 40.6, 42.40, 42.60, 35447, tse]
[8114, 128.5, 119.5, 123.00, 119.50, 3281, tse]
[8121, 28.2, 25.9, 26.10, 26.80, 7974, otc]
[8131, 44.8, 42.85, 43.50, 44.05, 4035, tse]
[8147, 65.5, 63.2, 65.50, 63.40, 517, otc]
[8150, 37.8, 36.75, 36.95, 37.30, 14050, tse]
[8155, 134.5, 119.0, 120.00, 122.50, 13541, otc]
[8163, 45.8, 41.7, 41.85, 43.85, 15186, tse]
[8171, 67.6, 60.9, 65.80, 60.90, 19960, otc]
[8176, 14.45, 11.55, 14.40, 11.55, 9067, otc]
[8182, 35.65, 33.65, 35.15, 34.10, 1161, otc]
[8183, 57.9, 54.6, 56.00, 54.80, 4771, otc]
[8201, 12.5, 11.2, 11.20, 11.75, 1691, tse]
[8210, 91.9, 87.7, 90.60, 87.80, 3883, tse]
[8213, 40.6, 39.4, 40.05, 39.55, 2882, tse]
[8215, 38.8, 36.65, 38.10, 36.80, 18117, tse]
[8222, 42.1, 33.05, 33.20, 36.45, 136755, tse]
[8227, 228.0, 186.0, 186.00, 222.50, 38995, otc]
[8234, 43.85, 40.0, 42.70, 40.30, 9041, otc]
[8240, 30.5, 28.75, 28.80, 29.35, 548, otc]
[8249, 29.9, 28.35, 29.50, 28.45, 1805, tse]
[8255, 180.5, 168.0, 170.00, 169.50, 10652, otc]
[8261, 114.5, 108.5, 111.00, 108.50, 7618, tse]
[8271, 49.85, 48.5, 49.00, 48.75, 3446, tse]
[8277, 10.3, 9.56, 10.00, 9.60, 1964, otc]
[8279, 187.0, 168.0, 176.00, 171.00, 616, otc]
[8284, 66.4, 63.1, 63.80, 64.10, 684, otc]
[8289, 53.9, 45.25, 52.70, 45.55, 36046, otc]
[8291, 6.82, 5.72, 6.82, 5.72, 16, otc]
[8299, 370.0, 348.0, 366.50, 351.00, 5552, otc]
[8341, 174.0, 163.0, 172.50, 163.50, 3127, tse]
[8342, 59.0, 56.1, 58.60, 56.80, 162, otc]
[8349, 70.9, 63.1, 67.50, 63.60, 4087, otc]
[8354, 14.85, 14.55, 14.70, 14.55, 826, otc]
[8358, 64.9, 61.3, 64.10, 62.10, 16632, otc]
[8367, 48.8, 45.15, 48.00, 45.15, 776, tse]
[8374, 31.0, 29.25, 29.55, 29.40, 181, tse]
[8383, 45.3, 42.6, 44.20, 42.85, 9233, otc]
[8390, 38.85, 37.7, 38.50, 37.70, 1646, otc]
[8401, 24.9, 24.0, 24.05, 24.40, 5370, otc]
[8403, 35.95, 34.05, 35.65, 34.55, 2831, otc]
[8404, 28.55, 27.3, 28.00, 27.75, 780, tse]
[8409, 21.95, 20.5, 20.85, 20.70, 1237, otc]
[8410, 30.8, 29.7, 29.75, 30.35, 84, otc]
[8411, 15.1, 14.75, 14.90, 15.00, 750, tse]
[8415, 38.85, 38.25, 38.40, 38.30, 2822, otc]
[8416, 124.0, 121.0, 123.00, 122.50, 80, otc]
[8418, 10.2, 9.87, 9.95, 9.91, 320, otc]
[8420, 99.7, 93.9, 94.70, 98.80, 4613, otc]
[8421, 18.8, 17.45, 18.80, 17.90, 2369, otc]
[8422, 191.5, 187.0, 188.50, 187.50, 1050, tse]
[8423, 18.7, 18.4, 18.60, 18.55, 45, otc]
[8424, 69.8, 68.6, 69.10, 69.60, 100, otc]
[8426, 42.6, 38.35, 38.35, 38.45, 792, otc]
[8429, 11.2, 10.55, 11.10, 10.60, 1567, tse]
[8431, 57.6, 54.5, 55.70, 56.00, 668, otc]
[8432, 46.85, 44.95, 46.70, 44.95, 289, otc]
[8433, 89.4, 72.1, 82.00, 72.40, 4510, otc]
[8435, 63.9, 62.1, 62.70, 62.10, 171, otc]
[8436, 218.5, 200.5, 218.00, 201.00, 12671, otc]
[8437, 123.0, 117.0, 118.00, 119.00, 83, otc]
[8438, 25.85, 25.1, 25.40, 25.35, 238, tse]
[8440, 48.6, 45.15, 46.00, 45.35, 9133, otc]
[8442, 91.3, 82.1, 83.00, 87.50, 1570, tse]
[8443, 11.85, 11.6, 11.70, 11.65, 452, tse]
[8444, 48.3, 47.0, 47.70, 47.00, 44, otc]
[8446, 90.1, 86.3, 86.70, 88.10, 493, otc]
[8450, 27.5, 25.85, 27.30, 25.95, 753, otc]
[8454, 835.0, 802.0, 835.00, 804.00, 3361, tse]
[8455, 22.5, 22.0, 22.05, 22.00, 6, otc]
[8462, 150.0, 138.5, 140.50, 140.50, 1280, tse]
[8463, 24.5, 22.85, 24.10, 23.25, 420, tse]
[8464, 343.0, 321.5, 341.00, 324.50, 1610, tse]
[8466, 41.6, 40.5, 41.10, 40.90, 216, tse]
[8467, 62.4, 56.0, 56.50, 59.20, 628, tse]
[8472, 44.45, 42.9, 43.00, 44.45, 8, otc]
[8473, 32.8, 30.6, 32.00, 30.90, 1072, tse]
[8476, 77.8, 71.8, 72.40, 73.00, 3087, otc]
[8477, 19.05, 17.85, 18.00, 18.90, 1075, otc]
[8478, 419.5, 372.0, 397.00, 384.50, 22670, tse]
[8481, 59.5, 58.0, 59.20, 58.10, 88, tse]
[8482, 75.5, 74.3, 74.30, 74.60, 66, tse]
[8488, 16.0, 15.5, 16.00, 15.50, 27, tse]
[8489, 27.2, 25.1, 25.70, 25.80, 384, otc]
[8499, 107.0, 101.0, 107.00, 104.50, 232, tse]
[8905, 26.35, 24.0, 24.00, 25.20, 974, otc]
[8906, 18.7, 18.0, 18.65, 18.10, 67, otc]
[8908, 78.0, 71.3, 71.50, 75.20, 440, otc]
[8916, 57.1, 54.0, 56.40, 54.70, 3957, otc]
[8917, 90.5, 89.6, 90.50, 89.70, 41, otc]
[8921, 15.2, 15.0, 15.15, 15.20, 11, otc]
[8923, 21.6, 20.75, 21.45, 21.05, 35, otc]
[8924, 139.5, 131.5, 137.50, 133.50, 9965, otc]
[8926, 37.9, 36.75, 37.50, 36.90, 4542, tse]
[8927, 44.7, 40.85, 43.95, 41.75, 12578, otc]
[8928, 42.25, 40.25, 41.80, 40.35, 2095, otc]
[8929, 22.25, 21.6, 22.25, 21.60, 98, otc]
[8930, 18.45, 17.9, 17.95, 18.05, 2976, otc]
[8931, 64.2, 54.4, 55.10, 62.20, 4985, otc]
[8932, 46.3, 43.4, 44.70, 46.05, 1361, otc]
[8933, 16.3, 15.4, 15.75, 15.45, 20557, otc]
[8935, 12.9, 11.95, 12.70, 12.10, 1111, otc]
[8936, 32.7, 28.3, 31.55, 29.55, 53146, otc]
[8937, 16.65, 14.9, 15.05, 16.45, 1057, otc]
[8938, 119.0, 112.0, 118.00, 113.50, 11722, otc]
[8940, 28.3, 23.6, 27.80, 23.80, 4810, tse]
[8941, 63.5, 56.1, 62.60, 57.70, 430, otc]
[8942, 68.7, 66.8, 68.10, 67.30, 1331, otc]
[8996, 237.5, 220.0, 235.50, 220.50, 4528, tse]
[9103, 7.21, 6.97, 6.98, 7.07, 1991, tse]
[9105, 4.48, 4.2, 4.21, 4.35, 28928, tse]
[9110, 3.55, 3.23, 3.25, 3.42, 773, tse]
[9136, 6.69, 6.35, 6.36, 6.43, 3573, tse]
[9802, 141.5, 133.5, 136.50, 137.50, 9505, tse]
[9902, 13.95, 13.0, 13.20, 13.30, 4953, tse]
[9904, 34.2, 33.1, 34.15, 33.20, 22564, tse]
[9905, 25.25, 24.9, 24.95, 25.05, 713, tse]
[9906, 52.0, 50.7, 50.70, 51.70, 242, tse]
[9907, 19.85, 18.55, 18.70, 18.85, 56236, tse]
[9908, 31.95, 31.2, 31.20, 31.30, 459, tse]
[9910, 188.0, 180.5, 181.50, 181.50, 4522, tse]
[9911, 64.9, 64.1, 64.30, 64.70, 502, tse]
[9912, 10.45, 9.99, 9.99, 10.40, 381, tse]
[9914, 185.0, 175.5, 180.50, 176.00, 2518, tse]
[9917, 103.5, 100.5, 102.00, 102.00, 2062, tse]
[9918, 42.4, 42.05, 42.35, 42.05, 70, tse]
[9919, 17.9, 17.2, 17.65, 17.30, 3293, tse]
[9921, 205.5, 198.0, 204.00, 198.50, 5739, tse]
[9924, 44.8, 43.5, 43.50, 43.85, 1754, tse]
[9925, 40.8, 40.4, 40.50, 40.50, 679, tse]
[9926, 52.9, 51.7, 52.70, 51.70, 78, tse]
[9927, 41.5, 39.95, 40.15, 40.30, 946, tse]
[9928, 20.4, 19.25, 19.90, 19.40, 792, tse]
[9929, 9.46, 9.22, 9.37, 9.35, 244, tse]
[9930, 48.15, 47.35, 47.40, 47.90, 559, tse]
[9931, 39.55, 39.0, 39.50, 39.20, 104, tse]
[9933, 45.85, 42.0, 44.95, 42.20, 22206, tse]
[9934, 13.25, 12.7, 13.15, 12.75, 2885, tse]
[9935, 19.3, 18.1, 19.15, 18.35, 1896, tse]
[9937, 63.9, 59.9, 60.00, 63.60, 855, tse]
[9938, 62.3, 59.6, 61.60, 60.20, 3893, tse]
[9939, 104.5, 98.8, 100.00, 101.00, 12873, tse]
[9940, 29.15, 28.4, 28.60, 28.75, 1533, tse]
[9941, 183.0, 175.0, 176.50, 179.00, 7764, tse]
[9942, 125.0, 116.0, 122.50, 118.00, 2136, tse]
[9943, 68.8, 66.4, 68.30, 66.50, 499, tse]
[9944, 20.6, 20.35, 20.55, 20.35, 418, tse]
[9945, 44.45, 43.2, 43.35, 43.25, 25284, tse]
[9946, 12.35, 12.0, 12.10, 12.00, 375, tse]
[9949, 23.9, 21.3, 21.30, 21.40, 313, otc]
[9950, 13.1, 12.75, 12.80, 12.75, 57, otc]
[9951, 74.5, 71.1, 71.10, 71.60, 674, otc]
[9955, 21.35, 20.5, 21.20, 20.65, 1646, tse]
[9958, 107.0, 98.0, 102.50, 98.50, 12735, tse]
[9960, 28.4, 27.9, 28.40, 28.15, 360, otc]
[9962, 22.6, 21.5, 21.85, 21.85, 4993, otc]
