[1101, 39.25, 38.3, 38.75, 38.45, 74016, tse]
[1102, 44.8, 44.25, 44.30, 44.60, 20093, tse]
[1103, 20.9, 20.5, 20.50, 20.65, 3342, tse]
[1104, 30.4, 27.95, 27.95, 30.25, 29307, tse]
[1108, 16.5, 15.2, 15.20, 16.20, 8568, tse]
[1109, 18.85, 18.45, 18.45, 18.70, 963, tse]
[1110, 20.05, 18.35, 18.35, 19.35, 3575, tse]
[1201, 20.6, 20.4, 20.50, 20.40, 1939, tse]
[1203, 42.75, 41.65, 41.65, 42.75, 102, tse]
[1210, 53.6, 52.6, 53.30, 53.50, 6605, tse]
[1213, 7.17, 6.42, 6.78, 7.07, 95, tse]
[1215, 93.8, 90.9, 91.30, 93.40, 4789, tse]
[1216, 76.0, 74.4, 75.10, 76.00, 31966, tse]
[1217, 11.8, 11.35, 11.35, 11.55, 12107, tse]
[1218, 30.75, 30.0, 30.65, 30.40, 14487, tse]
[1219, 21.4, 20.9, 21.15, 21.00, 3018, tse]
[1220, 15.65, 15.05, 15.20, 15.15, 1205, tse]
[1225, 57.4, 56.3, 57.10, 56.30, 362, tse]
[1227, 41.95, 40.95, 41.30, 41.00, 6933, tse]
[1229, 64.1, 62.4, 62.80, 63.40, 4348, tse]
[1231, 92.0, 90.2, 90.70, 91.30, 763, tse]
[1232, 153.5, 152.0, 152.00, 153.00, 212, tse]
[1233, 36.5, 35.6, 36.10, 36.35, 340, tse]
[1234, 39.5, 37.55, 37.70, 38.85, 2337, tse]
[1235, 83.7, 81.0, 81.50, 83.00, 33, tse]
[1236, 23.55, 23.35, 23.35, 23.55, 1923, tse]
[1240, 45.75, 45.1, 45.20, 45.75, 34, otc]
[1256, 324.0, 313.0, 314.50, 318.50, 78, tse]
[1259, 75.8, 75.3, 75.50, 75.80, 28, otc]
[1264, 287.0, 284.0, 286.00, 285.00, 16, otc]
[1268, 188.0, 176.0, 183.00, 179.00, 1316, otc]
[1301, 94.8, 93.5, 93.50, 94.10, 38178, tse]
[1303, 80.0, 78.2, 78.20, 79.90, 19473, tse]
[1304, 23.6, 23.05, 23.05, 23.30, 5291, tse]
[1305, 24.65, 23.8, 23.80, 24.20, 5758, tse]
[1307, 25.8, 23.35, 23.45, 25.70, 6751, tse]
[1308, 26.7, 26.1, 26.40, 26.25, 4492, tse]
[1309, 20.45, 20.0, 20.10, 20.30, 2434, tse]
[1310, 17.7, 16.55, 17.35, 16.65, 13765, tse]
[1312, 19.75, 19.4, 19.40, 19.45, 6983, tse]
[1313, 14.85, 14.25, 14.25, 14.55, 6299, tse]
[1314, 10.1, 9.81, 9.81, 9.94, 66141, tse]
[1315, 70.8, 70.3, 70.60, 70.70, 74, tse]
[1316, 13.05, 12.6, 12.65, 12.75, 4823, tse]
[1319, 51.9, 49.95, 50.70, 51.10, 28393, tse]
[1321, 34.85, 34.2, 34.25, 34.60, 525, tse]
[1323, 32.65, 32.35, 32.60, 32.55, 584, tse]
[1324, 11.9, 11.55, 11.70, 11.60, 588, tse]
[1325, 25.85, 24.5, 25.85, 24.50, 1145, tse]
[1326, 69.7, 68.5, 69.00, 69.30, 10718, tse]
[1336, 24.8, 24.0, 24.80, 24.15, 393, otc]
[1337, 8.46, 8.07, 8.07, 8.41, 5770, tse]
[1338, 45.35, 44.3, 44.75, 45.10, 483, tse]
[1339, 44.8, 44.35, 44.75, 44.60, 527, tse]
[1340, 14.5, 12.8, 13.20, 13.40, 20084, tse]
[1341, 72.0, 71.1, 71.80, 72.00, 32, tse]
[1342, 131.5, 123.5, 125.00, 126.00, 2924, tse]
[1402, 32.75, 32.05, 32.05, 32.55, 23624, tse]
[1409, 17.65, 17.4, 17.50, 17.45, 9779, tse]
[1410, 42.5, 37.1, 37.10, 40.85, 653, tse]
[1413, 9.2, 9.07, 9.13, 9.19, 136, tse]
[1414, 17.75, 17.3, 17.40, 17.75, 1020, tse]
[1416, 12.35, 11.85, 11.95, 11.95, 3183, tse]
[1417, 13.95, 13.6, 13.80, 13.90, 2829, tse]
[1418, 18.0, 17.35, 17.35, 18.00, 159, tse]
[1419, 46.35, 41.25, 41.65, 46.35, 3542, tse]
[1423, 24.0, 23.3, 23.45, 23.40, 484, tse]
[1432, 19.75, 16.5, 16.85, 19.20, 15959, tse]
[1434, 28.2, 27.95, 28.15, 28.00, 4038, tse]
[1436, 60.9, 59.3, 60.10, 60.30, 141, tse]
[1437, 29.8, 29.1, 29.30, 29.65, 1351, tse]
[1438, 31.0, 30.6, 30.95, 30.70, 200, tse]
[1439, 23.0, 22.35, 22.95, 22.80, 181, tse]
[1440, 16.65, 16.3, 16.30, 16.55, 3933, tse]
[1441, 8.2, 8.11, 8.16, 8.16, 378, tse]
[1442, 32.75, 31.75, 32.40, 31.90, 3744, tse]
[1443, 29.3, 28.85, 29.20, 29.00, 100, tse]
[1444, 11.35, 10.6, 10.60, 11.00, 34237, tse]
[1445, 23.8, 19.8, 23.70, 20.05, 3856, tse]
[1446, 31.65, 31.2, 31.60, 31.25, 278, tse]
[1447, 8.07, 7.95, 7.97, 7.97, 5189, tse]
[1449, 20.9, 16.6, 17.20, 20.65, 6390, tse]
[1451, 21.9, 21.45, 21.65, 21.80, 985, tse]
[1452, 17.8, 17.5, 17.55, 17.60, 475, tse]
[1453, 15.4, 14.8, 15.15, 14.80, 789, tse]
[1454, 17.4, 16.55, 17.40, 16.75, 772, tse]
[1455, 10.65, 10.45, 10.45, 10.50, 2408, tse]
[1456, 17.0, 16.5, 16.95, 16.80, 308, tse]
[1457, 18.8, 18.55, 18.75, 18.80, 1320, tse]
[1459, 9.13, 9.0, 9.09, 9.05, 481, tse]
[1460, 9.38, 9.02, 9.03, 9.17, 19769, tse]
[1463, 14.85, 14.4, 14.45, 14.50, 1338, tse]
[1464, 15.3, 15.05, 15.30, 15.05, 1236, tse]
[1465, 14.6, 14.3, 14.50, 14.35, 787, tse]
[1466, 11.6, 11.25, 11.40, 11.35, 192, tse]
[1467, 11.7, 11.35, 11.35, 11.35, 10695, tse]
[1468, 15.55, 15.2, 15.30, 15.50, 219, tse]
[1470, 20.8, 20.1, 20.50, 20.40, 383, tse]
[1471, 9.78, 9.35, 9.66, 9.35, 7075, tse]
[1472, 31.6, 30.5, 30.50, 31.60, 103, tse]
[1473, 24.45, 23.55, 23.55, 24.25, 508, tse]
[1474, 13.0, 12.35, 12.45, 12.75, 1047, tse]
[1475, 58.9, 55.8, 56.80, 58.80, 422, tse]
[1476, 498.0, 478.0, 488.50, 487.50, 4934, tse]
[1477, 238.5, 221.5, 230.00, 228.00, 10565, tse]
[1503, 163.0, 147.0, 159.00, 152.00, 50627, tse]
[1504, 57.6, 53.8, 54.50, 54.70, 152238, tse]
[1506, 19.6, 18.9, 19.20, 19.45, 2290, tse]
[1512, 15.4, 13.7, 14.30, 14.35, 523, tse]
[1513, 120.0, 112.5, 118.50, 114.50, 105602, tse]
[1514, 64.0, 56.2, 59.50, 57.10, 121015, tse]
[1515, 33.75, 31.2, 31.65, 33.35, 9916, tse]
[1516, 22.0, 21.2, 21.50, 21.65, 1390, tse]
[1517, 19.4, 19.05, 19.30, 19.10, 934, tse]
[1519, 167.5, 149.0, 163.00, 153.50, 108006, tse]
[1521, 38.3, 37.7, 37.90, 38.00, 171, tse]
[1522, 30.3, 29.15, 29.65, 29.65, 10509, tse]
[1524, 25.5, 22.95, 23.55, 24.75, 31667, tse]
[1525, 114.0, 105.0, 110.50, 110.50, 6441, tse]
[1526, 42.1, 41.1, 41.40, 41.65, 782, tse]
[1527, 42.45, 41.65, 42.40, 41.90, 1402, tse]
[1528, 14.75, 12.7, 12.70, 13.40, 44958, tse]
[1529, 42.95, 39.15, 42.45, 40.25, 58268, tse]
[1530, 33.1, 32.4, 32.65, 32.50, 143, tse]
[1531, 14.75, 14.55, 14.60, 14.60, 563, tse]
[1532, 37.6, 35.95, 36.25, 37.05, 8439, tse]
[1533, 64.2, 56.7, 59.40, 58.70, 23512, tse]
[1535, 56.5, 53.1, 54.30, 55.20, 1280, tse]
[1536, 74.2, 70.9, 72.40, 73.50, 5663, tse]
[1537, 141.5, 139.5, 140.00, 140.50, 420, tse]
[1538, 10.2, 9.2, 9.76, 9.75, 84, tse]
[1539, 29.05, 28.4, 28.40, 28.50, 1010, tse]
[1540, 16.8, 16.45, 16.45, 16.65, 486, tse]
[1541, 35.3, 34.55, 34.95, 34.60, 120, tse]
[1558, 111.0, 109.0, 111.00, 110.00, 371, tse]
[1560, 124.0, 116.0, 117.00, 124.00, 17728, tse]
[1565, 242.5, 235.0, 240.50, 236.00, 426, otc]
[1568, 27.95, 25.3, 27.45, 26.10, 8793, tse]
[1569, 23.9, 23.6, 23.60, 23.85, 266, otc]
[1570, 19.2, 18.85, 18.85, 19.05, 261, otc]
[1580, 134.5, 123.0, 134.00, 124.50, 1385, otc]
[1582, 59.9, 59.4, 59.70, 59.90, 569, tse]
[1583, 69.7, 68.5, 69.50, 68.60, 24, tse]
[1584, 39.9, 38.25, 39.90, 38.30, 16775, otc]
[1586, 33.65, 33.25, 33.60, 33.50, 301, otc]
[1587, 22.15, 21.6, 22.00, 22.00, 307, tse]
[1589, 74.8, 70.8, 73.50, 71.80, 8825, tse]
[1590, 1050.0, 995.0, 1,015.00, 1,000.00, 3329, tse]
[1591, 36.9, 33.1, 35.00, 33.75, 3853, otc]
[1593, 79.6, 73.6, 74.00, 76.50, 131, otc]
[1595, 39.85, 39.45, 39.45, 39.65, 96, otc]
[1597, 74.7, 73.6, 73.90, 73.60, 274, tse]
[1598, 41.9, 39.85, 40.70, 40.30, 2377, tse]
[1599, 38.4, 36.5, 38.40, 38.10, 311, otc]
[1603, 30.85, 27.85, 27.85, 30.55, 15371, tse]
[1604, 27.25, 26.85, 27.00, 27.15, 1672, tse]
[1605, 47.8, 44.85, 46.60, 45.30, 178574, tse]
[1608, 25.0, 23.05, 23.15, 23.25, 91564, tse]
[1609, 41.3, 32.3, 32.30, 39.50, 780471, tse]
[1611, 18.75, 18.0, 18.20, 18.00, 12589, tse]
[1612, 29.0, 24.2, 24.30, 26.75, 83000, tse]
[1614, 39.05, 36.9, 37.10, 38.95, 1960, tse]
[1615, 39.9, 37.2, 37.20, 39.00, 842, tse]
[1616, 11.05, 9.9, 9.94, 10.75, 11574, tse]
[1617, 17.0, 16.55, 16.65, 16.70, 537, tse]
[1618, 22.65, 19.65, 20.50, 20.10, 41471, tse]
[1626, 19.0, 18.4, 18.60, 18.70, 230, tse]
[1701, 26.45, 25.9, 25.90, 26.20, 5463, tse]
[1702, 49.1, 48.3, 49.05, 48.65, 2022, tse]
[1707, 177.0, 174.5, 176.00, 175.00, 927, tse]
[1708, 38.8, 37.45, 37.45, 38.60, 5738, tse]
[1709, 25.7, 24.75, 25.40, 25.00, 6378, tse]
[1710, 23.85, 21.6, 21.60, 23.60, 60361, tse]
[1711, 22.85, 20.8, 21.00, 21.25, 43213, tse]
[1712, 36.0, 35.35, 35.35, 35.90, 2634, tse]
[1713, 35.5, 34.0, 34.90, 34.70, 490, tse]
[1714, 9.47, 9.19, 9.22, 9.19, 35789, tse]
[1717, 34.3, 32.85, 34.10, 33.00, 10586, tse]
[1718, 8.45, 8.18, 8.18, 8.41, 16890, tse]
[1720, 79.6, 71.2, 72.00, 73.30, 16797, tse]
[1721, 16.95, 16.0, 16.25, 16.30, 11614, tse]
[1722, 62.4, 60.2, 60.70, 62.10, 6545, tse]
[1723, 115.0, 112.5, 113.50, 113.50, 1504, tse]
[1725, 23.9, 22.7, 22.70, 22.85, 271, tse]
[1726, 76.3, 74.8, 75.20, 75.40, 112, tse]
[1727, 45.7, 39.5, 41.80, 39.60, 26702, tse]
[1730, 60.3, 59.6, 59.80, 60.20, 99, tse]
[1731, 26.35, 24.65, 24.85, 25.10, 4543, tse]
[1732, 28.85, 27.85, 28.45, 27.85, 868, tse]
[1733, 30.65, 29.0, 30.10, 29.25, 6607, tse]
[1734, 36.6, 35.3, 36.05, 36.35, 15285, tse]
[1735, 16.75, 16.55, 16.70, 16.70, 117, tse]
[1736, 69.1, 63.4, 64.00, 67.80, 3316, tse]
[1737, 34.0, 33.75, 33.80, 33.90, 759, tse]
[1742, 16.6, 16.3, 16.60, 16.45, 175, otc]
[1752, 68.5, 63.7, 64.10, 68.50, 11903, tse]
[1760, 148.0, 141.5, 145.50, 143.00, 5960, tse]
[1762, 93.7, 87.6, 87.80, 92.80, 8004, tse]
[1773, 142.5, 134.5, 135.00, 137.50, 1674, tse]
[1776, 19.15, 18.55, 18.75, 18.55, 704, tse]
[1777, 92.2, 89.5, 91.00, 90.60, 296, otc]
[1781, 14.7, 14.2, 14.70, 14.25, 82, otc]
[1783, 59.5, 57.6, 58.80, 59.00, 3321, tse]
[1784, 63.7, 61.5, 63.60, 62.20, 662, otc]
[1785, 39.45, 37.8, 37.80, 38.35, 12905, otc]
[1786, 78.0, 69.0, 69.60, 76.00, 4036, tse]
[1788, 146.0, 144.0, 146.00, 144.00, 65, otc]
[1789, 26.95, 26.25, 26.35, 26.40, 4262, tse]
[1795, 340.0, 310.0, 331.00, 319.00, 38956, tse]
[1796, 138.0, 114.0, 131.50, 114.00, 1784, otc]
[1799, 24.2, 22.95, 24.20, 23.50, 155, otc]
[1802, 19.15, 18.1, 18.35, 18.10, 44502, tse]
[1805, 10.1, 9.83, 9.89, 10.00, 164, tse]
[1806, 11.3, 9.51, 9.51, 10.20, 65668, tse]
[1808, 76.8, 75.1, 76.80, 76.10, 592, tse]
[1809, 16.0, 15.1, 15.40, 15.15, 7422, tse]
[1810, 25.65, 23.35, 23.35, 23.80, 33551, tse]
[1813, 22.15, 20.9, 21.80, 21.00, 180, otc]
[1815, 14.1, 13.3, 13.70, 13.95, 23816, otc]
[1817, 39.15, 38.6, 38.70, 39.00, 280, tse]
[1903, 59.7, 44.2, 44.50, 58.60, 27567, tse]
[1904, 34.75, 33.0, 33.25, 33.80, 27868, tse]
[1905, 30.05, 27.35, 28.35, 27.95, 161028, tse]
[1906, 16.65, 16.2, 16.25, 16.40, 1297, tse]
[1907, 38.4, 33.8, 33.80, 37.65, 87973, tse]
[1909, 17.6, 16.8, 16.95, 16.95, 13032, tse]
[2002, 29.95, 29.4, 29.40, 29.75, 68409, tse]
[2006, 58.4, 56.2, 56.30, 57.70, 7100, tse]
[2007, 11.25, 10.6, 10.60, 10.70, 2994, tse]
[2008, 19.75, 19.45, 19.65, 19.75, 257, tse]
[2009, 33.8, 32.55, 32.75, 33.25, 8769, tse]
[2010, 16.75, 16.45, 16.45, 16.55, 2457, tse]
[2012, 28.5, 27.3, 27.30, 28.20, 2054, tse]
[2013, 58.9, 57.4, 57.40, 58.50, 574, tse]
[2014, 24.65, 23.4, 23.40, 23.95, 36941, tse]
[2015, 69.6, 68.5, 68.50, 69.30, 855, tse]
[2017, 17.45, 17.0, 17.10, 17.05, 3803, tse]
[2020, 24.5, 24.15, 24.20, 24.35, 1142, tse]
[2022, 10.45, 9.6, 10.10, 9.81, 7337, tse]
[2023, 15.75, 15.3, 15.30, 15.55, 9499, tse]
[2024, 18.3, 17.8, 17.80, 18.30, 97, tse]
[2025, 5.83, 5.56, 5.60, 5.70, 3185, tse]
[2027, 47.7, 46.05, 46.05, 47.40, 57110, tse]
[2028, 27.35, 26.2, 26.25, 26.65, 1020, tse]
[2029, 25.5, 25.15, 25.15, 25.35, 1231, tse]
[2030, 23.15, 22.7, 22.70, 23.05, 4057, tse]
[2031, 49.45, 47.65, 48.00, 48.20, 11106, tse]
[2032, 18.7, 17.95, 17.95, 18.35, 816, tse]
[2033, 15.95, 15.05, 15.05, 15.95, 531, tse]
[2034, 29.35, 28.7, 28.80, 28.80, 3141, tse]
[2035, 31.4, 31.0, 31.10, 31.40, 18, otc]
[2038, 21.05, 19.95, 20.10, 20.35, 2614, tse]
[2049, 239.5, 231.0, 236.00, 232.00, 4261, tse]
[2059, 452.5, 424.0, 429.00, 447.00, 4208, tse]
[2061, 20.6, 20.2, 20.25, 20.30, 63, otc]
[2062, 23.2, 21.85, 21.90, 22.80, 1095, tse]
[2063, 52.0, 45.3, 45.30, 49.45, 567, otc]
[2064, 17.2, 16.95, 17.20, 17.00, 70, otc]
[2065, 59.8, 58.1, 59.80, 58.30, 881, otc]
[2066, 93.4, 91.4, 92.90, 92.90, 336, otc]
[2067, 12.5, 12.2, 12.50, 12.30, 40, otc]
[2069, 19.75, 19.3, 19.30, 19.65, 735, tse]
[2070, 32.85, 32.2, 32.20, 32.75, 28, otc]
[2101, 39.1, 38.5, 38.85, 38.95, 2709, tse]
[2102, 20.65, 20.0, 20.45, 20.10, 2304, tse]
[2103, 26.25, 25.75, 25.75, 26.15, 5920, tse]
[2104, 20.75, 20.35, 20.35, 20.50, 12645, tse]
[2105, 39.45, 38.25, 39.10, 38.80, 19350, tse]
[2106, 31.35, 31.0, 31.00, 31.20, 1574, tse]
[2107, 22.15, 21.8, 21.80, 22.00, 1590, tse]
[2108, 39.1, 38.0, 38.35, 38.25, 3165, tse]
[2109, 14.75, 14.5, 14.50, 14.60, 870, tse]
[2114, 118.5, 107.0, 107.00, 114.00, 483, tse]
[2115, 34.95, 33.9, 34.20, 34.10, 593, tse]
[2201, 94.5, 85.7, 91.90, 87.80, 64973, tse]
[2204, 103.0, 93.7, 101.50, 96.30, 29219, tse]
[2206, 98.8, 88.5, 90.50, 97.80, 197853, tse]
[2207, 870.0, 818.0, 839.00, 828.00, 1976, tse]
[2208, 25.45, 24.7, 24.75, 24.85, 20104, tse]
[2211, 65.4, 62.1, 62.20, 64.20, 11118, tse]
[2221, 42.25, 41.75, 41.75, 42.00, 180, otc]
[2227, 201.5, 197.5, 197.50, 201.50, 175, tse]
[2228, 88.3, 84.0, 86.90, 87.40, 1380, tse]
[2230, 83.9, 80.5, 83.60, 82.70, 403, otc]
[2231, 176.0, 168.0, 172.50, 171.50, 4181, tse]
[2233, 112.5, 108.0, 112.50, 109.00, 703, tse]
[2235, 45.7, 45.05, 45.55, 45.30, 27, otc]
[2236, 52.0, 45.85, 46.65, 50.90, 7300, tse]
[2239, 85.3, 78.8, 81.40, 83.00, 4079, tse]
[2241, 37.05, 35.3, 37.00, 35.90, 433, tse]
[2243, 20.35, 18.5, 18.50, 19.70, 1013, tse]
[2247, 305.0, 297.5, 299.50, 304.50, 1617, tse]
[2250, 75.5, 69.5, 69.70, 73.00, 490, tse]
[2301, 99.0, 89.6, 93.40, 97.60, 89142, tse]
[2302, 22.0, 20.95, 21.40, 21.50, 8269, tse]
[2303, 52.4, 50.4, 51.40, 52.30, 196493, tse]
[2305, 23.75, 22.4, 23.25, 22.50, 1163, tse]
[2308, 331.0, 315.5, 319.00, 323.00, 44364, tse]
[2312, 14.4, 13.85, 14.00, 14.35, 73461, tse]
[2313, 44.7, 43.6, 44.65, 44.20, 35728, tse]
[2314, 46.95, 45.45, 46.75, 45.80, 4352, tse]
[2316, 29.3, 28.0, 28.30, 28.95, 927, tse]
[2317, 108.5, 106.0, 108.50, 108.00, 117602, tse]
[2321, 19.15, 18.7, 18.75, 19.15, 26, tse]
[2323, 13.9, 12.55, 12.55, 13.00, 327880, tse]
[2324, 28.85, 27.9, 28.60, 28.85, 125857, tse]
[2327, 521.0, 492.5, 510.00, 492.50, 14930, tse]
[2328, 43.15, 40.3, 42.85, 40.75, 38581, tse]
[2329, 23.6, 20.9, 21.15, 23.00, 59439, tse]
[2330, 568.0, 553.0, 560.00, 565.00, 113162, tse]
[2331, 31.5, 29.25, 31.40, 29.80, 56740, tse]
[2332, 22.1, 20.5, 22.00, 20.80, 34307, tse]
[2337, 33.95, 32.05, 33.95, 32.10, 68724, tse]
[2338, 84.0, 79.6, 80.60, 82.90, 18130, tse]
[2340, 38.5, 36.9, 36.90, 37.50, 13675, tse]
[2342, 42.35, 40.15, 41.70, 40.60, 3931, tse]
[2344, 29.0, 26.85, 28.90, 28.10, 203074, tse]
[2345, 359.5, 339.0, 341.00, 343.00, 22340, tse]
[2347, 64.0, 58.5, 64.00, 59.00, 38357, tse]
[2348, 73.4, 67.0, 67.00, 71.90, 872, tse]
[2349, 10.2, 9.87, 9.92, 9.99, 24450, tse]
[2351, 125.5, 119.0, 121.00, 124.00, 4789, tse]
[2352, 45.8, 41.5, 42.40, 45.40, 79994, tse]
[2353, 35.3, 32.15, 34.15, 34.20, 218079, tse]
[2354, 56.2, 54.6, 56.20, 54.60, 9523, tse]
[2355, 33.0, 32.0, 32.10, 32.35, 5580, tse]
[2356, 38.9, 35.3, 36.45, 38.65, 174183, tse]
[2357, 316.5, 311.0, 315.00, 315.00, 8597, tse]
[2358, 11.95, 10.75, 10.75, 11.25, 8331, tse]
[2359, 35.65, 33.1, 35.50, 34.00, 25275, tse]
[2360, 229.5, 216.0, 219.00, 228.00, 10152, tse]
[2362, 34.2, 33.0, 34.15, 33.70, 5683, tse]
[2363, 18.1, 17.75, 17.80, 17.85, 5808, tse]
[2364, 109.0, 102.5, 105.00, 103.00, 1263, tse]
[2365, 11.8, 11.25, 11.25, 11.60, 4954, tse]
[2367, 18.6, 18.1, 18.40, 18.20, 10383, tse]
[2368, 143.0, 126.0, 129.00, 139.00, 95958, tse]
[2369, 15.1, 14.7, 14.70, 14.95, 4123, tse]
[2371, 42.1, 39.85, 41.80, 40.70, 136254, tse]
[2373, 80.8, 80.0, 80.60, 80.50, 291, tse]
[2374, 20.5, 20.15, 20.40, 20.20, 2669, tse]
[2375, 74.0, 69.2, 73.90, 69.60, 3263, tse]
[2376, 240.5, 197.5, 201.00, 240.50, 123144, tse]
[2377, 187.5, 168.5, 171.50, 185.00, 35999, tse]
[2379, 404.5, 384.0, 387.00, 403.00, 12146, tse]
[2380, 10.5, 10.0, 10.10, 10.15, 3962, tse]
[2382, 132.0, 115.0, 118.00, 131.50, 246771, tse]
[2383, 243.5, 205.0, 211.50, 234.50, 37719, tse]
[2385, 106.5, 103.5, 104.50, 104.00, 15912, tse]
[2387, 42.75, 41.6, 42.00, 42.75, 3522, tse]
[2388, 90.4, 83.7, 84.90, 87.90, 136738, tse]
[2390, 12.95, 12.15, 12.15, 12.65, 4669, tse]
[2392, 42.25, 40.7, 42.05, 41.05, 4599, tse]
[2393, 50.6, 48.4, 49.10, 49.70, 15369, tse]
[2395, 405.0, 391.5, 395.00, 405.00, 4895, tse]
[2397, 79.2, 75.9, 78.70, 79.00, 1219, tse]
[2399, 23.4, 20.8, 20.80, 22.70, 99030, tse]
[2401, 27.4, 25.0, 25.30, 26.70, 35534, tse]
[2402, 35.95, 30.5, 33.85, 31.60, 144208, tse]
[2404, 227.0, 220.5, 224.50, 226.50, 3496, tse]
[2405, 13.0, 12.6, 12.85, 12.70, 5802, tse]
[2406, 18.75, 18.2, 18.50, 18.20, 4690, tse]
[2408, 73.0, 70.0, 72.90, 71.30, 33633, tse]
[2409, 18.9, 17.75, 17.85, 18.25, 213522, tse]
[2412, 126.0, 125.0, 125.50, 125.50, 34851, tse]
[2413, 34.8, 31.15, 34.60, 31.45, 12589, tse]
[2414, 36.0, 35.75, 35.75, 35.90, 541, tse]
[2415, 23.9, 23.45, 23.70, 23.60, 288, tse]
[2417, 22.45, 21.8, 22.15, 21.85, 1942, tse]
[2419, 27.8, 26.7, 27.50, 27.10, 6774, tse]
[2420, 46.75, 45.85, 46.35, 46.20, 1197, tse]
[2421, 93.6, 86.0, 87.90, 91.20, 73654, tse]
[2423, 40.4, 38.0, 38.90, 38.20, 4307, tse]
[2424, 36.9, 33.3, 35.10, 34.75, 408, tse]
[2425, 40.65, 37.5, 38.50, 39.55, 63008, tse]
[2426, 19.15, 18.7, 18.95, 18.70, 2656, tse]
[2427, 31.0, 24.75, 30.20, 25.80, 68847, tse]
[2428, 155.0, 145.0, 152.00, 154.50, 4326, tse]
[2429, 20.15, 19.0, 19.00, 19.30, 221, tse]
[2430, 44.3, 43.5, 43.50, 44.30, 985, tse]
[2431, 13.15, 11.9, 12.05, 12.20, 6609, tse]
[2432, 55.5, 38.0, 38.00, 55.50, 1052, tse]
[2433, 53.8, 53.2, 53.20, 53.70, 174, tse]
[2434, 32.1, 29.75, 31.00, 30.30, 194, tse]
[2436, 58.3, 52.9, 54.20, 58.00, 23233, tse]
[2438, 25.2, 23.0, 23.25, 24.25, 1584, tse]
[2439, 94.2, 90.5, 90.50, 93.90, 6134, tse]
[2440, 11.8, 11.35, 11.45, 11.60, 968, tse]
[2441, 57.7, 56.1, 57.20, 56.40, 5122, tse]
[2442, 19.05, 18.1, 18.30, 18.80, 16126, tse]
[2443, 3.59, 3.45, 3.47, 3.54, 1281, tse]
[2444, 12.45, 11.35, 11.65, 12.00, 5892, tse]
[2449, 54.8, 52.2, 54.60, 54.30, 58920, tse]
[2450, 36.65, 36.05, 36.65, 36.40, 1282, tse]
[2451, 79.0, 75.6, 79.00, 76.10, 4770, tse]
[2453, 73.2, 66.5, 70.00, 66.80, 19380, tse]
[2454, 775.0, 752.0, 757.00, 764.00, 27585, tse]
[2455, 123.5, 110.0, 114.50, 121.00, 36444, tse]
[2457, 87.0, 77.9, 85.10, 79.00, 163562, tse]
[2458, 109.0, 101.0, 105.00, 104.00, 11398, tse]
[2459, 58.4, 57.7, 57.80, 58.40, 219, tse]
[2460, 23.8, 21.4, 21.40, 22.60, 7614, tse]
[2461, 26.0, 23.65, 23.85, 24.60, 33516, tse]
[2462, 32.2, 30.65, 31.45, 31.90, 2469, tse]
[2464, 38.2, 37.55, 37.55, 37.65, 1079, tse]
[2465, 39.2, 37.0, 38.70, 37.80, 2065, tse]
[2466, 36.35, 35.85, 36.20, 36.35, 77, tse]
[2467, 53.2, 48.6, 52.30, 51.90, 6702, tse]
[2468, 28.25, 25.55, 27.65, 25.95, 6110, tse]
[2471, 65.0, 60.1, 63.70, 60.60, 9455, tse]
[2472, 63.6, 62.0, 63.20, 62.20, 1795, tse]
[2474, 192.0, 187.0, 190.00, 190.50, 6069, tse]
[2476, 51.8, 50.1, 51.40, 50.70, 2614, tse]
[2477, 21.4, 20.35, 21.30, 20.90, 220, tse]
[2478, 49.15, 47.75, 48.90, 48.35, 1916, tse]
[2480, 122.5, 116.0, 120.50, 120.00, 4109, tse]
[2481, 71.6, 68.8, 71.30, 70.90, 14758, tse]
[2482, 76.5, 65.5, 66.50, 67.50, 81205, tse]
[2483, 28.6, 27.0, 28.30, 27.30, 2076, tse]
[2484, 36.85, 35.95, 36.85, 36.05, 6175, tse]
[2485, 19.9, 19.05, 19.10, 19.85, 6555, tse]
[2486, 43.8, 38.0, 38.60, 43.50, 88604, tse]
[2488, 32.3, 31.95, 32.15, 32.15, 942, tse]
[2489, 15.35, 13.8, 15.30, 14.10, 45134, tse]
[2491, 16.9, 16.0, 16.30, 16.15, 1368, tse]
[2492, 106.5, 95.0, 106.50, 96.10, 23223, tse]
[2493, 70.6, 67.5, 69.00, 68.80, 1612, tse]
[2495, 26.4, 24.95, 26.00, 25.20, 12532, tse]
[2496, 53.6, 52.5, 52.80, 52.80, 78, tse]
[2497, 76.0, 70.1, 72.10, 74.00, 10287, tse]
[2498, 65.2, 60.4, 64.30, 60.40, 68381, tse]
[2501, 16.5, 16.25, 16.30, 16.35, 5046, tse]
[2504, 29.7, 28.75, 28.80, 29.15, 16493, tse]
[2505, 18.85, 18.6, 18.70, 18.85, 1007, tse]
[2506, 9.5, 9.4, 9.45, 9.48, 3002, tse]
[2509, 16.0, 15.75, 16.00, 15.80, 380, tse]
[2511, 12.05, 11.9, 11.90, 12.05, 1908, tse]
[2514, 17.35, 16.95, 17.25, 16.95, 1896, tse]
[2515, 11.9, 11.15, 11.50, 11.50, 270206, tse]
[2516, 5.97, 5.3, 5.30, 5.75, 3942, tse]
[2520, 30.3, 29.6, 29.60, 30.15, 3117, tse]
[2524, 32.2, 31.5, 32.00, 31.70, 162, tse]
[2527, 24.5, 23.9, 24.25, 24.20, 1295, tse]
[2528, 28.75, 26.0, 26.00, 28.20, 5086, tse]
[2530, 25.3, 23.5, 23.70, 24.75, 12529, tse]
[2534, 22.8, 22.55, 22.60, 22.75, 2413, tse]
[2535, 33.5, 33.0, 33.00, 33.15, 2329, tse]
[2536, 26.3, 25.7, 25.80, 25.95, 2004, tse]
[2537, 7.25, 7.1, 7.11, 7.18, 2879, tse]
[2538, 13.3, 13.0, 13.00, 13.15, 2555, tse]
[2539, 39.95, 38.9, 39.00, 39.75, 2106, tse]
[2540, 82.8, 79.9, 81.10, 81.50, 771, tse]
[2542, 42.7, 42.4, 42.50, 42.50, 8026, tse]
[2543, 10.25, 9.63, 9.63, 9.95, 1736, tse]
[2545, 47.85, 46.2, 46.20, 47.65, 2440, tse]
[2546, 71.9, 70.0, 70.50, 70.50, 648, tse]
[2547, 9.3, 9.18, 9.21, 9.26, 3288, tse]
[2548, 93.4, 90.6, 90.60, 91.20, 4364, tse]
[2596, 22.7, 22.5, 22.70, 22.55, 99, otc]
[2597, 118.5, 117.0, 117.50, 118.50, 399, tse]
[2601, 9.37, 8.98, 9.00, 9.16, 15836, tse]
[2603, 155.5, 150.0, 152.50, 155.00, 120233, tse]
[2605, 22.35, 20.45, 20.45, 21.60, 16478, tse]
[2606, 50.5, 48.35, 48.50, 49.30, 20207, tse]
[2607, 28.55, 27.85, 28.00, 28.20, 9948, tse]
[2608, 39.65, 38.55, 38.70, 39.65, 1811, tse]
[2609, 63.2, 60.8, 61.60, 62.90, 107931, tse]
[2610, 23.3, 22.15, 23.10, 22.70, 310032, tse]
[2611, 15.0, 13.55, 13.65, 14.15, 15967, tse]
[2612, 42.6, 40.0, 40.00, 41.40, 2214, tse]
[2613, 22.2, 21.7, 21.75, 21.85, 875, tse]
[2614, 18.75, 18.3, 18.60, 18.50, 7502, tse]
[2615, 62.5, 57.8, 58.30, 61.80, 53666, tse]
[2616, 32.7, 32.45, 32.45, 32.70, 1021, tse]
[2617, 30.8, 29.1, 29.20, 30.50, 6671, tse]
[2618, 36.85, 34.8, 36.65, 35.85, 622804, tse]
[2630, 64.6, 47.3, 47.85, 61.40, 97922, tse]
[2633, 33.05, 32.55, 33.00, 32.90, 17538, tse]
[2634, 58.5, 56.3, 57.30, 57.50, 139586, tse]
[2636, 73.8, 70.2, 70.80, 73.50, 5750, tse]
[2637, 51.7, 50.0, 50.60, 51.00, 19783, tse]
[2640, 146.5, 139.0, 140.00, 143.00, 783, otc]
[2641, 18.35, 17.8, 17.95, 18.10, 1731, otc]
[2642, 46.3, 44.8, 46.30, 45.10, 637, tse]
[2643, 76.0, 74.4, 75.40, 76.00, 234, otc]
[2645, 113.0, 106.5, 107.50, 108.50, 9220, tse]
[2701, 15.6, 13.8, 14.10, 14.80, 32012, tse]
[2702, 27.7, 25.05, 25.10, 26.60, 10899, tse]
[2704, 54.0, 48.25, 48.80, 52.30, 6125, tse]
[2705, 25.0, 19.6, 20.15, 25.00, 57342, tse]
[2706, 19.95, 17.3, 17.65, 18.55, 73037, tse]
[2707, 334.5, 293.0, 294.50, 308.00, 20413, tse]
[2712, 43.9, 38.15, 38.40, 42.35, 6158, tse]
[2718, 49.0, 46.85, 47.00, 49.00, 260, otc]
[2719, 99.2, 77.0, 77.00, 92.90, 1645, otc]
[2722, 83.8, 71.6, 72.10, 77.20, 35146, tse]
[2723, 162.5, 149.5, 151.00, 162.00, 7081, tse]
[2724, 13.75, 12.85, 13.15, 13.35, 29, otc]
[2726, 27.0, 26.1, 26.95, 26.20, 105, otc]
[2727, 374.0, 353.0, 366.00, 360.00, 12405, tse]
[2729, 324.5, 300.5, 306.00, 317.50, 1435, otc]
[2731, 201.5, 178.0, 181.00, 181.00, 69885, tse]
[2732, 191.0, 178.5, 185.50, 180.00, 2406, otc]
[2734, 67.0, 61.0, 62.80, 63.20, 5070, otc]
[2736, 48.1, 41.05, 41.05, 44.35, 8889, otc]
[2739, 78.0, 71.8, 73.30, 73.50, 7728, tse]
[2740, NaN, NaN, NaN, NaN, 0, otc]
[2743, 188.0, 146.5, 146.50, 162.50, 18329, otc]
[2745, 108.0, 95.5, 98.00, 105.50, 3602, otc]
[2748, 105.5, 90.5, 91.30, 98.00, 66518, tse]
[2752, 269.0, 264.5, 266.00, 268.50, 35, otc]
[2753, 206.0, 182.0, 182.50, 197.50, 16336, tse]
[2754, 206.0, 190.5, 190.50, 199.00, 1561, otc]
[2755, 158.5, 148.5, 150.00, 154.50, 186, otc]
[2756, 140.0, 135.5, 138.50, 135.50, 29, otc]
[2801, 18.4, 18.15, 18.25, 18.40, 70401, tse]
[2809, 36.65, 35.15, 36.05, 35.45, 13259, tse]
[2812, 14.85, 14.7, 14.70, 14.75, 22505, tse]
[2816, 18.1, 17.15, 17.15, 17.90, 629, tse]
[2820, 15.5, 15.25, 15.40, 15.50, 2264, tse]
[2832, 22.65, 22.3, 22.35, 22.55, 1689, tse]
[2834, 14.3, 14.0, 14.05, 14.25, 93000, tse]
[2836, 12.45, 12.3, 12.30, 12.45, 1565, tse]
[2838, 16.9, 16.6, 16.60, 16.85, 4313, tse]
[2845, 11.4, 11.3, 11.35, 11.40, 21259, tse]
[2849, 15.55, 15.2, 15.20, 15.55, 488, tse]
[2850, 53.7, 52.4, 52.40, 53.40, 1701, tse]
[2851, 21.6, 20.2, 20.20, 21.05, 22030, tse]
[2852, 16.1, 15.9, 15.90, 16.00, 956, tse]
[2855, 18.1, 17.45, 17.50, 17.80, 10031, tse]
[2867, 5.35, 5.24, 5.24, 5.29, 40370, tse]
[2880, 22.5, 22.2, 22.35, 22.25, 32689, tse]
[2881, 62.5, 60.5, 61.00, 61.20, 91850, tse]
[2882, 45.7, 44.2, 44.60, 44.60, 126504, tse]
[2883, 13.15, 12.95, 12.95, 13.00, 148930, tse]
[2884, 26.75, 26.15, 26.15, 26.50, 79243, tse]
[2885, 24.65, 23.85, 23.90, 24.60, 110244, tse]
[2886, 37.75, 36.25, 36.30, 37.65, 97238, tse]
[2887, 19.1, 18.45, 18.50, 19.05, 90599, tse]
[2888, 9.32, 8.75, 8.80, 8.96, 729682, tse]
[2889, 12.4, 12.1, 12.35, 12.20, 27922, tse]
[2890, 17.5, 17.2, 17.20, 17.40, 60696, tse]
[2891, 25.25, 24.35, 24.45, 25.20, 177715, tse]
[2892, 28.0, 27.65, 27.65, 27.95, 54649, tse]
[2897, 10.35, 10.2, 10.25, 10.25, 17447, tse]
[2901, 33.0, 29.4, 31.15, 30.10, 1434, tse]
[2903, 24.3, 24.0, 24.30, 24.20, 4311, tse]
[2904, 20.6, 20.0, 20.25, 20.50, 238, tse]
[2905, 15.4, 15.15, 15.20, 15.30, 1746, tse]
[2906, 18.45, 17.0, 17.00, 17.70, 7866, tse]
[2908, 21.4, 21.15, 21.35, 21.25, 1347, tse]
[2910, 30.3, 29.8, 29.90, 30.30, 55, tse]
[2911, 7.45, 7.19, 7.19, 7.38, 1120, tse]
[2912, 285.5, 280.5, 280.50, 284.00, 3121, tse]
[2913, 24.45, 23.2, 23.30, 23.85, 61337, tse]
[2915, 61.6, 58.0, 58.00, 61.10, 20032, tse]
[2916, 51.7, 47.0, 49.20, 47.60, 1345, otc]
[2923, 27.0, 25.55, 25.70, 26.05, 345, tse]
[2924, 23.85, 23.5, 23.85, 23.50, 2, otc]
[2926, 69.3, 62.8, 63.50, 65.30, 134, otc]
[2929, 13.25, 12.8, 13.00, 12.85, 1878, tse]
[2937, 34.2, 33.35, 33.85, 33.80, 25, otc]
[2939, 32.8, 31.25, 32.55, 32.45, 1146, tse]
[2945, 42.4, 41.85, 42.00, 41.90, 87, tse]
[2947, 92.0, 90.5, 90.50, 92.00, 20, otc]
[3002, 13.9, 13.05, 13.25, 13.70, 3062, tse]
[3003, 85.5, 80.4, 81.20, 84.90, 23191, tse]
[3004, 103.5, 98.0, 101.00, 98.80, 5746, tse]
[3005, 72.9, 69.7, 72.80, 71.20, 25764, tse]
[3006, 89.5, 85.2, 88.00, 86.20, 24878, tse]
[3008, 2315.0, 2190.0, 2,285.00, 2,220.00, 2422, tse]
[3010, 88.2, 87.0, 87.00, 88.20, 1756, tse]
[3011, 29.75, 27.25, 27.80, 28.60, 10904, tse]
[3013, 31.0, 28.75, 30.35, 29.30, 66213, tse]
[3014, 123.5, 111.5, 113.50, 117.50, 16588, tse]
[3015, 51.9, 50.3, 50.60, 51.80, 3006, tse]
[3016, 69.8, 63.7, 66.10, 64.30, 5938, tse]
[3017, 213.0, 192.5, 199.50, 209.50, 74808, tse]
[3019, 67.4, 65.1, 66.20, 65.60, 4228, tse]
[3021, 23.25, 22.0, 22.30, 22.90, 1598, tse]
[3022, 93.7, 90.1, 90.90, 91.70, 13635, tse]
[3023, 360.0, 347.0, 356.00, 350.00, 3045, tse]
[3024, 15.6, 14.9, 15.00, 15.40, 8323, tse]
[3025, 47.55, 42.6, 43.50, 45.00, 91166, tse]
[3026, 107.0, 104.5, 107.00, 105.00, 1124, tse]
[3027, 51.6, 41.8, 42.20, 50.30, 87511, tse]
[3028, 35.85, 34.75, 34.85, 35.30, 7610, tse]
[3029, 66.8, 61.7, 66.70, 62.10, 19316, tse]
[3030, 64.8, 64.2, 64.30, 64.50, 3694, tse]
[3031, 22.2, 20.5, 22.00, 20.95, 4934, tse]
[3032, 61.0, 55.0, 56.90, 60.80, 31409, tse]
[3033, 33.65, 32.05, 32.05, 33.40, 36418, tse]
[3034, 467.5, 431.0, 433.00, 463.00, 23596, tse]
[3035, 174.0, 167.0, 173.00, 173.50, 22408, tse]
[3036, 68.0, 65.8, 66.20, 67.50, 5055, tse]
[3037, 184.5, 164.5, 182.00, 171.50, 156221, tse]
[3038, 39.3, 35.45, 35.95, 36.60, 40168, tse]
[3040, 33.0, 31.55, 31.65, 32.00, 240, tse]
[3041, 20.45, 19.55, 20.05, 19.80, 3165, tse]
[3042, 94.3, 91.3, 91.30, 92.50, 8952, tse]
[3043, 41.25, 37.1, 37.70, 41.25, 3457, tse]
[3044, 129.0, 122.0, 125.50, 125.50, 17666, tse]
[3045, 104.5, 103.0, 104.00, 103.00, 14293, tse]
[3046, 101.5, 81.2, 84.70, 96.00, 99629, tse]
[3047, 16.75, 16.0, 16.30, 16.10, 22938, tse]
[3048, 28.5, 27.95, 28.35, 28.05, 2381, tse]
[3049, 10.25, 9.86, 9.89, 9.95, 13090, tse]
[3050, 16.3, 15.9, 16.10, 16.10, 1653, tse]
[3051, 19.3, 18.6, 19.05, 18.85, 2472, tse]
[3052, 12.6, 12.1, 12.20, 12.25, 3990, tse]
[3054, 23.55, 19.2, 19.70, 23.55, 1779, tse]
[3055, 37.3, 31.1, 31.25, 35.70, 15854, tse]
[3056, 49.8, 48.3, 48.50, 49.00, 18504, tse]
[3057, 12.5, 11.8, 11.85, 12.20, 633, tse]
[3058, 30.55, 27.2, 27.80, 29.55, 52610, tse]
[3059, 36.7, 35.35, 36.05, 35.80, 9254, tse]
[3060, 17.65, 17.25, 17.45, 17.55, 1481, tse]
[3062, 24.25, 23.2, 23.45, 23.80, 14348, tse]
[3064, 13.75, 13.5, 13.75, 13.50, 7, otc]
[3066, 22.7, 21.55, 21.60, 22.05, 92, otc]
[3067, NaN, NaN, NaN, NaN, 0, otc]
[3071, 35.65, 33.1, 33.85, 33.40, 10570, otc]
[3078, 72.0, 64.6, 64.90, 72.00, 48732, otc]
[3081, 103.5, 99.0, 99.20, 102.00, 2894, otc]
[3083, 50.4, 47.45, 49.65, 47.60, 1098, otc]
[3085, 21.5, 21.0, 21.20, 21.15, 16, otc]
[3086, 76.3, 74.2, 75.80, 76.00, 56, otc]
[3088, 80.6, 79.3, 80.60, 80.50, 982, otc]
[3089, 73.0, 68.3, 72.50, 68.30, 111, otc]
[3090, 58.2, 57.6, 58.10, 58.00, 1547, tse]
[3092, 37.55, 36.25, 36.30, 37.00, 2245, tse]
[3093, 38.35, 36.35, 36.35, 37.60, 1367, otc]
[3094, 37.95, 33.8, 37.95, 34.10, 11047, tse]
[3095, 23.3, 22.65, 22.65, 23.30, 2, otc]
[3105, 177.0, 164.5, 165.00, 175.50, 19876, otc]
[3114, 27.7, 27.05, 27.05, 27.20, 190, otc]
[3115, 10.65, 10.45, 10.50, 10.65, 23, otc]
[3118, 32.5, 31.4, 31.55, 31.85, 257, otc]
[3122, 25.8, 25.0, 25.00, 25.25, 410, otc]
[3128, 38.9, 37.45, 37.45, 37.80, 742, otc]
[3130, 214.0, 213.0, 214.00, 213.50, 47, tse]
[3131, 577.0, 530.0, 550.00, 530.00, 5273, otc]
[3138, 154.5, 148.5, 152.00, 152.00, 798, tse]
[3141, 99.6, 95.9, 96.90, 99.50, 2664, otc]
[3147, 69.4, 66.7, 68.20, 67.00, 515, otc]
[3149, 15.35, 14.6, 15.35, 14.65, 2690, tse]
[3152, 237.5, 206.5, 207.00, 235.00, 721, otc]
[3162, 55.5, 53.3, 54.90, 54.40, 3291, otc]
[3163, 64.2, 62.0, 63.50, 63.00, 4293, otc]
[3164, 26.35, 25.7, 26.30, 26.15, 278, tse]
[3167, 43.0, 41.65, 42.00, 43.00, 313, tse]
[3169, 129.0, 123.0, 125.50, 125.50, 1605, otc]
[3171, 19.0, 18.6, 18.90, 18.65, 51, otc]
[3176, 34.7, 33.5, 33.50, 33.90, 419, otc]
[3178, 97.9, 93.0, 96.10, 95.80, 1121, otc]
[3188, 15.15, 14.9, 15.05, 14.90, 288, otc]
[3189, 120.0, 110.5, 118.50, 112.00, 24692, tse]
[3191, 9.2, 8.6, 8.60, 9.00, 161, otc]
[3202, 20.05, 19.05, 19.35, 19.75, 7421, otc]
[3205, 48.5, 47.15, 47.60, 47.50, 516, otc]
[3206, 37.7, 35.5, 37.40, 36.05, 1171, otc]
[3207, 78.6, 75.3, 77.60, 75.30, 2875, otc]
[3209, 42.45, 41.95, 41.95, 42.35, 3940, tse]
[3211, 81.9, 79.8, 80.30, 81.50, 861, otc]
[3213, 57.6, 55.2, 57.00, 55.90, 720, otc]
[3217, 128.0, 118.5, 119.00, 126.50, 20052, otc]
[3218, 424.0, 401.0, 403.00, 414.50, 766, otc]
[3219, 50.8, 49.2, 50.30, 50.10, 56, otc]
[3221, 29.95, 29.1, 29.65, 29.30, 1181, otc]
[3224, 51.6, 48.9, 51.50, 49.60, 1139, otc]
[3226, 60.2, 60.1, 60.10, 60.20, 3, otc]
[3227, 115.0, 110.5, 113.50, 111.50, 999, otc]
[3228, 166.0, 157.5, 160.00, 158.00, 1629, otc]
[3229, 19.95, 19.4, 19.80, 19.50, 121, tse]
[3230, 15.4, 14.85, 14.90, 15.10, 379, otc]
[3231, 73.4, 67.6, 70.30, 73.00, 533832, tse]
[3232, 26.05, 25.0, 26.00, 25.75, 2507, otc]
[3234, 22.8, 21.8, 22.60, 21.95, 897, otc]
[3236, 28.8, 28.15, 28.60, 28.30, 695, otc]
[3252, 27.9, 23.5, 23.50, 25.20, 13973, otc]
[3257, 72.3, 66.0, 70.90, 67.20, 2808, tse]
[3259, 23.5, 22.05, 22.05, 23.15, 229, otc]
[3260, 85.7, 82.2, 82.30, 84.00, 14024, otc]
[3264, 60.5, 58.3, 58.80, 60.20, 13558, otc]
[3265, 68.8, 67.5, 68.20, 68.60, 4974, otc]
[3266, 14.35, 13.6, 13.65, 13.90, 2945, tse]
[3268, 23.4, 21.75, 21.75, 22.90, 221, otc]
[3272, 47.5, 44.0, 47.20, 44.05, 1465, otc]
[3276, 14.7, 14.4, 14.40, 14.55, 156, otc]
[3284, 16.1, 15.8, 16.05, 15.90, 235, otc]
[3285, 20.55, 19.95, 20.25, 20.15, 50, otc]
[3287, 18.65, 18.05, 18.55, 18.30, 381, otc]
[3288, 22.4, 22.0, 22.00, 22.00, 9, otc]
[3289, 92.2, 87.6, 87.60, 90.90, 8721, otc]
[3290, 27.1, 25.7, 27.05, 26.60, 4705, otc]
[3293, 642.0, 612.0, 633.00, 616.00, 3028, otc]
[3294, 18.85, 18.55, 18.60, 18.60, 533, otc]
[3296, 16.95, 16.4, 16.85, 16.75, 1533, tse]
[3297, 17.5, 17.15, 17.25, 17.15, 171, otc]
[3303, 27.8, 27.45, 27.50, 27.65, 270, otc]
[3305, 53.9, 51.4, 53.10, 53.20, 7120, tse]
[3306, 38.8, 35.7, 35.70, 37.10, 8024, otc]
[3308, 40.65, 33.4, 33.55, 40.05, 14570, tse]
[3310, 80.0, 76.0, 76.50, 80.00, 228, otc]
[3311, 35.5, 34.5, 34.55, 35.05, 285, tse]
[3312, 23.7, 22.45, 22.45, 23.30, 6469, tse]
[3313, 10.6, 10.35, 10.40, 10.35, 211, otc]
[3317, 53.9, 53.0, 53.40, 53.30, 381, otc]
[3321, 7.45, 6.71, 7.15, 6.98, 560, tse]
[3322, 20.2, 19.65, 20.05, 19.70, 1053, otc]
[3323, 35.8, 35.25, 35.50, 35.45, 843, otc]
[3324, 305.0, 283.0, 286.00, 298.50, 14873, otc]
[3325, 28.05, 25.1, 25.75, 27.50, 16530, otc]
[3332, 54.6, 49.9, 50.00, 49.90, 251, otc]
[3338, 52.2, 48.15, 50.90, 51.10, 14413, tse]
[3339, 14.85, 14.2, 14.20, 14.40, 405, otc]
[3346, 45.75, 41.75, 42.20, 44.80, 32587, tse]
[3349, 18.5, 17.6, 17.65, 17.95, 229, otc]
[3354, 14.55, 14.05, 14.20, 14.30, 81, otc]
[3356, 43.25, 40.55, 41.50, 42.10, 8876, tse]
[3357, 107.5, 105.0, 106.50, 105.50, 176, otc]
[3360, 15.25, 14.8, 15.25, 14.85, 1244, otc]
[3362, 107.0, 98.9, 100.50, 105.00, 11472, otc]
[3363, 48.2, 44.3, 47.60, 44.30, 21812, otc]
[3372, 12.95, 12.45, 12.45, 12.65, 2260, otc]
[3373, 22.7, 22.25, 22.55, 22.25, 131, otc]
[3374, 128.0, 108.0, 109.00, 128.00, 27910, otc]
[3376, 94.3, 90.6, 94.20, 90.80, 1724, tse]
[3379, 12.55, 12.4, 12.40, 12.55, 162, otc]
[3380, 39.6, 37.1, 39.20, 38.85, 19955, tse]
[3388, 74.3, 73.5, 73.80, 73.90, 130, otc]
[3390, 17.95, 17.75, 17.75, 17.90, 218, otc]
[3402, 52.8, 52.1, 52.30, 52.30, 342, otc]
[3406, 426.5, 386.0, 407.00, 399.00, 25754, tse]
[3413, 198.0, 193.0, 195.50, 196.50, 2290, tse]
[3416, 116.0, 110.0, 115.50, 112.00, 1219, tse]
[3419, 22.05, 20.6, 21.60, 20.80, 6606, tse]
[3426, 40.6, 40.0, 40.00, 40.00, 15, otc]
[3430, 47.7, 46.7, 47.70, 46.90, 110, otc]
[3432, 12.45, 12.05, 12.05, 12.30, 1157, tse]
[3434, 28.0, 27.25, 28.00, 27.25, 96, otc]
[3437, 19.95, 19.45, 19.60, 19.60, 787, tse]
[3438, 73.8, 69.0, 71.60, 69.00, 1412, otc]
[3441, 43.8, 42.25, 43.50, 42.70, 721, otc]
[3443, 1480.0, 1365.0, 1,440.00, 1,405.00, 18936, tse]
[3444, 79.3, 72.0, 79.00, 72.50, 2625, otc]
[3447, 48.4, 45.1, 48.40, 45.15, 1647, tse]
[3450, 39.35, 38.05, 38.55, 38.25, 1666, tse]
[3454, 185.5, 176.0, 182.00, 181.50, 6844, tse]
[3455, 87.2, 85.5, 86.10, 85.80, 752, otc]
[3465, 86.6, 85.5, 86.00, 86.60, 41, otc]
[3466, 31.3, 30.2, 30.75, 31.10, 555, otc]
[3479, 121.0, 118.0, 119.00, 119.50, 2606, otc]
[3481, 15.2, 14.0, 14.05, 14.70, 397882, tse]
[3483, 84.9, 77.7, 78.70, 80.20, 17506, otc]
[3484, 46.0, 44.7, 45.75, 44.80, 606, otc]
[3489, 11.7, 11.5, 11.55, 11.65, 111, otc]
[3490, 26.5, 26.1, 26.20, 26.20, 166, otc]
[3491, 171.5, 168.5, 169.50, 169.50, 847, otc]
[3492, 19.75, 19.55, 19.60, 19.60, 21, otc]
[3494, 8.0, 7.45, 7.55, 7.50, 1088, tse]
[3498, 41.4, 34.0, 34.00, 39.75, 4514, otc]
[3499, 22.6, 21.6, 21.85, 21.60, 1449, otc]
[3501, 56.8, 55.7, 56.20, 56.00, 1161, tse]
[3504, 91.0, 80.0, 89.00, 81.10, 12648, tse]
[3508, 34.4, 33.0, 34.35, 33.10, 893, otc]
[3511, 37.85, 34.7, 35.15, 36.75, 6089, otc]
[3512, 33.0, 32.5, 32.95, 32.60, 118, otc]
[3515, 201.0, 159.5, 162.50, 201.00, 19056, tse]
[3516, 18.5, 18.1, 18.25, 18.10, 200, otc]
[3518, 33.9, 30.95, 31.05, 31.00, 6277, tse]
[3520, 19.9, 19.15, 19.80, 19.20, 733, otc]
[3521, 25.8, 24.0, 25.00, 24.90, 1901, otc]
[3522, 19.3, 18.1, 18.20, 18.35, 967, otc]
[3523, 14.7, 13.75, 13.85, 13.90, 38, otc]
[3526, 157.0, 151.5, 152.50, 155.50, 706, otc]
[3527, 112.0, 107.5, 109.50, 108.50, 246, otc]
[3528, 61.3, 59.4, 59.70, 61.00, 408, tse]
[3529, 2200.0, 1910.0, 1,925.00, 2,175.00, 2161, otc]
[3530, 81.2, 78.1, 81.20, 80.00, 401, tse]
[3531, 27.3, 26.65, 27.30, 26.90, 72, otc]
[3532, 169.5, 151.0, 169.00, 159.00, 15698, tse]
[3533, 905.0, 823.0, 892.00, 840.00, 8659, tse]
[3535, 21.1, 20.3, 20.50, 20.30, 2124, tse]
[3537, 39.8, 39.35, 39.50, 39.60, 368, otc]
[3540, 54.5, 51.4, 53.00, 54.20, 4908, otc]
[3541, 60.3, 54.1, 60.20, 55.30, 981, otc]
[3543, 22.3, 21.6, 21.80, 22.00, 588, tse]
[3545, 85.2, 81.8, 84.10, 82.50, 8597, tse]
[3546, 93.8, 88.9, 92.10, 89.30, 1648, otc]
[3548, 74.8, 71.6, 71.60, 74.10, 806, otc]
[3550, 16.4, 15.95, 15.95, 16.10, 625, tse]
[3551, 71.5, 63.9, 63.90, 69.40, 1546, otc]
[3552, 155.5, 151.0, 151.50, 153.00, 1020, otc]
[3555, 32.85, 27.2, 27.20, 32.30, 29, otc]
[3556, 67.0, 66.2, 66.60, 66.80, 142, otc]
[3557, 74.2, 71.2, 71.30, 72.40, 937, tse]
[3558, 258.0, 243.5, 255.00, 249.00, 2693, otc]
[3563, 232.5, 200.0, 207.00, 202.00, 6481, tse]
[3564, 46.45, 41.7, 44.50, 42.40, 2032, otc]
[3567, 31.5, 30.75, 30.85, 30.80, 77, otc]
[3570, 146.5, 140.5, 140.50, 145.50, 217, otc]
[3576, 20.35, 20.1, 20.25, 20.25, 22244, tse]
[3577, 75.6, 74.6, 75.60, 75.50, 43, otc]
[3580, 56.2, 55.2, 55.20, 55.40, 374, otc]
[3581, 23.5, 23.0, 23.40, 23.20, 55, otc]
[3583, 151.0, 112.5, 113.00, 150.00, 54657, tse]
[3587, 238.0, 225.5, 230.00, 237.00, 1567, otc]
[3588, 56.5, 53.9, 55.00, 54.10, 1410, tse]
[3591, 27.0, 24.7, 25.15, 25.75, 20421, tse]
[3592, 378.0, 357.5, 360.00, 377.00, 3431, tse]
[3593, 13.95, 12.5, 13.95, 12.75, 410, tse]
[3594, 61.4, 58.7, 58.90, 61.10, 4602, otc]
[3596, 120.0, 113.5, 116.50, 117.50, 14311, tse]
[3597, 26.9, 25.9, 26.90, 26.35, 70, otc]
[3605, 30.8, 29.85, 30.05, 29.95, 968, tse]
[3607, 16.8, 15.15, 15.25, 16.10, 6091, tse]
[3609, 46.1, 44.0, 45.15, 45.65, 83, otc]
[3611, 234.0, 229.0, 229.50, 232.50, 243, otc]
[3615, 22.15, 20.9, 22.15, 21.10, 1076, otc]
[3617, 227.5, 187.0, 191.50, 221.00, 19306, tse]
[3622, 35.9, 33.8, 33.80, 34.50, 3058, tse]
[3623, 17.25, 16.7, 17.00, 17.00, 122, otc]
[3624, 71.9, 66.9, 71.40, 67.10, 5101, otc]
[3625, 17.8, 16.65, 17.75, 16.80, 1517, otc]
[3628, 60.4, 57.9, 58.30, 60.00, 1326, otc]
[3629, 77.0, 70.9, 74.70, 71.00, 34, otc]
[3630, 38.7, 35.4, 35.40, 38.50, 12396, otc]
[3631, 35.2, 31.65, 35.20, 31.65, 25, otc]
[3632, 17.25, 15.6, 15.65, 16.75, 137, otc]
[3645, 38.75, 37.1, 37.10, 38.30, 2893, tse]
[3646, 31.75, 30.3, 31.00, 30.55, 588, otc]
[3652, 31.35, 29.85, 30.65, 30.60, 1689, tse]
[3653, 626.0, 590.0, 600.00, 608.00, 5613, tse]
[3661, 1685.0, 1555.0, 1,670.00, 1,585.00, 22007, tse]
[3663, 35.9, 33.15, 35.10, 33.35, 865, otc]
[3664, 35.2, 31.85, 34.95, 32.65, 946, otc]
[3665, 282.5, 268.5, 273.00, 281.00, 4758, tse]
[3666, 23.35, 22.9, 23.15, 22.90, 173, otc]
[3669, 42.8, 41.95, 42.50, 42.35, 302, tse]
[3672, 27.65, 26.65, 27.65, 26.85, 306, otc]
[3673, 45.0, 42.35, 42.80, 42.75, 43269, tse]
[3675, 322.0, 298.0, 320.00, 301.50, 1545, otc]
[3679, 95.5, 94.5, 95.00, 95.30, 514, tse]
[3680, 381.5, 349.5, 351.00, 377.50, 6407, otc]
[3682, 6.79, 6.66, 6.67, 6.74, 8645, tse]
[3684, 63.5, 61.5, 61.50, 62.10, 167, otc]
[3685, 20.9, 20.5, 20.60, 20.55, 163, otc]
[3686, 15.65, 15.15, 15.15, 15.35, 1070, tse]
[3687, 90.9, 88.5, 89.30, 88.60, 470, otc]
[3689, 43.6, 42.5, 43.45, 43.10, 895, otc]
[3691, 104.0, 102.5, 102.50, 102.50, 251, otc]
[3693, 256.5, 231.0, 234.00, 248.00, 10073, otc]
[3694, 30.3, 28.15, 28.15, 29.20, 6620, tse]
[3701, 72.5, 67.6, 71.50, 68.00, 11046, tse]
[3702, 53.7, 52.8, 53.40, 53.60, 14237, tse]
[3703, 31.8, 31.0, 31.05, 31.50, 8429, tse]
[3704, 43.9, 41.5, 43.30, 42.10, 16644, tse]
[3705, 46.55, 45.85, 46.30, 46.20, 2180, tse]
[3706, 33.75, 31.5, 33.45, 32.40, 74658, tse]
[3707, 85.7, 81.6, 82.10, 82.80, 6984, otc]
[3708, 97.4, 95.2, 95.50, 96.60, 3393, tse]
[3709, 23.1, 22.65, 23.00, 23.00, 102, otc]
[3710, 11.7, 11.5, 11.60, 11.55, 1539, otc]
[3711, 127.5, 115.5, 118.00, 126.00, 145069, tse]
[3712, 39.0, 36.8, 38.55, 36.85, 9580, tse]
[3713, 25.1, 24.85, 25.10, 24.90, 72, otc]
[3714, 53.4, 51.9, 52.00, 52.50, 15943, tse]
[3715, 30.65, 27.75, 28.75, 28.75, 51095, tse]
[4102, 32.75, 30.75, 32.05, 31.30, 981, otc]
[4104, 95.6, 90.9, 92.90, 93.30, 2856, tse]
[4105, 76.1, 75.4, 75.60, 75.60, 1138, otc]
[4106, 31.55, 30.9, 31.40, 31.20, 1191, tse]
[4107, 117.5, 114.5, 114.50, 114.50, 348, otc]
[4108, 23.3, 21.4, 21.50, 22.40, 5002, tse]
[4109, 15.4, 14.85, 15.15, 15.25, 403, otc]
[4111, 29.95, 29.4, 29.90, 29.65, 722, otc]
[4113, 16.2, 15.95, 16.20, 16.00, 698, otc]
[4114, 46.1, 44.8, 45.85, 45.55, 8061, otc]
[4116, 61.4, 60.4, 60.80, 61.40, 258, otc]
[4119, 119.0, 116.0, 116.00, 117.00, 1076, tse]
[4120, 39.0, 38.4, 38.70, 38.65, 123, otc]
[4121, 29.35, 28.05, 29.35, 28.85, 3753, otc]
[4123, 55.8, 53.0, 53.20, 55.50, 20557, otc]
[4126, 90.3, 88.1, 89.50, 89.90, 866, otc]
[4127, 15.25, 14.9, 14.95, 15.15, 133, otc]
[4128, 61.0, 59.9, 60.70, 60.70, 2885, otc]
[4129, 76.6, 72.1, 75.90, 74.40, 6375, otc]
[4130, 30.4, 29.9, 30.05, 30.25, 1069, otc]
[4131, 28.0, 27.0, 27.00, 27.50, 35, otc]
[4133, 36.75, 35.7, 36.70, 35.90, 651, tse]
[4137, 222.5, 210.0, 220.00, 212.50, 2501, tse]
[4138, 114.0, 103.5, 104.00, 108.50, 3016, otc]
[4139, 37.2, 36.4, 36.90, 36.70, 51, otc]
[4142, 38.85, 38.1, 38.75, 38.40, 3883, tse]
[4147, 110.5, 105.0, 109.00, 105.50, 4906, otc]
[4148, 61.0, 57.5, 57.60, 60.90, 816, tse]
[4153, 42.95, 40.9, 42.40, 41.15, 396, otc]
[4154, 31.05, 29.4, 29.70, 29.40, 20, otc]
[4155, 37.1, 34.6, 35.95, 35.30, 9181, tse]
[4157, 16.1, 14.75, 14.75, 15.35, 7606, otc]
[4160, 39.8, 37.85, 39.70, 38.80, 239, otc]
[4161, 41.2, 36.3, 37.40, 41.00, 3974, otc]
[4162, 97.4, 95.2, 95.80, 95.90, 1858, otc]
[4163, 136.5, 133.0, 134.50, 135.00, 898, otc]
[4164, 64.3, 60.7, 63.30, 62.00, 9166, tse]
[4167, 17.8, 17.25, 17.55, 17.50, 1744, otc]
[4168, 31.1, 30.25, 30.55, 30.50, 786, otc]
[4171, 53.3, 52.4, 52.60, 53.30, 248, otc]
[4173, 23.95, 23.35, 23.80, 23.95, 1100, otc]
[4174, 91.7, 88.9, 89.30, 91.00, 1110, otc]
[4175, 112.0, 108.0, 109.50, 108.50, 506, otc]
[4183, 21.05, 20.25, 20.40, 21.05, 115, otc]
[4188, 18.5, 17.05, 18.00, 17.35, 1134, otc]
[4190, 84.6, 78.5, 78.50, 80.00, 2504, tse]
[4192, 18.6, 18.05, 18.55, 18.20, 82, otc]
[4198, 24.4, 23.8, 24.25, 24.40, 26, otc]
[4205, 105.5, 105.0, 105.00, 105.00, 17, otc]
[4207, 16.75, 16.15, 16.20, 16.45, 8030, otc]
[4303, 19.05, 18.65, 18.75, 18.65, 302, otc]
[4304, 9.73, 9.4, 9.40, 9.65, 29, otc]
[4305, 32.5, 32.5, 32.50, 32.50, 4, otc]
[4306, 16.35, 16.05, 16.10, 16.05, 4004, tse]
[4401, 26.2, 25.15, 26.20, 25.45, 197, otc]
[4402, 8.1, 7.75, 7.89, 7.84, 243, otc]
[4406, 10.45, 10.15, 10.15, 10.25, 39, otc]
[4413, 16.3, 15.9, 16.25, 15.90, 45, otc]
[4416, 87.2, 86.8, 86.80, 87.20, 5, otc]
[4417, 43.5, 43.1, 43.20, 43.40, 238, otc]
[4419, 29.4, 28.0, 28.00, 29.40, 3, otc]
[4420, 29.55, 29.4, 29.40, 29.55, 13, otc]
[4426, 23.75, 22.2, 22.65, 23.05, 1586, tse]
[4430, 23.45, 23.1, 23.10, 23.25, 55, otc]
[4432, 24.55, 23.95, 24.20, 24.40, 482, otc]
[4433, 34.95, 34.0, 34.80, 34.05, 158, otc]
[4438, 121.5, 117.5, 118.00, 121.00, 601, tse]
[4439, 125.5, 122.5, 124.50, 125.00, 146, tse]
[4440, 34.95, 31.3, 34.20, 31.35, 2294, tse]
[4502, 37.25, 36.8, 36.90, 37.10, 44, otc]
[4503, 66.8, 63.0, 63.30, 64.90, 4053, otc]
[4506, 79.8, 77.6, 78.00, 79.30, 257, otc]
[4510, 15.5, 14.25, 14.45, 15.40, 3315, otc]
[4513, 20.6, 20.35, 20.40, 20.50, 233, otc]
[4523, 49.5, 46.1, 47.30, 46.45, 1170, otc]
[4526, 16.8, 16.55, 16.75, 16.60, 780, tse]
[4527, 34.2, 33.5, 33.55, 34.15, 172, otc]
[4528, 35.0, 34.15, 34.40, 34.80, 68, otc]
[4529, 10.35, 10.0, 10.15, 10.35, 218, otc]
[4530, 7.09, 6.84, 7.09, 6.94, 100, otc]
[4532, 18.55, 18.05, 18.15, 18.25, 3433, tse]
[4533, 18.0, 15.65, 16.00, 18.00, 49178, otc]
[4534, 10.4, 10.2, 10.30, 10.20, 277, otc]
[4535, 40.15, 39.5, 39.95, 39.75, 28, otc]
[4536, 197.0, 191.5, 195.00, 194.50, 2219, tse]
[4538, 22.25, 20.75, 20.75, 21.80, 98, otc]
[4540, 41.5, 40.15, 41.20, 40.25, 401, tse]
[4541, 45.65, 43.15, 44.55, 43.20, 3924, otc]
[4542, 27.35, 26.1, 26.25, 26.90, 66, otc]
[4543, 57.6, 51.3, 51.30, 57.60, 9444, otc]
[4545, 30.5, 29.6, 30.10, 30.00, 270, tse]
[4549, 99.7, 97.3, 97.50, 99.00, 175, otc]
[4550, 30.4, 29.2, 30.40, 29.30, 208, otc]
[4551, 147.0, 132.5, 133.50, 144.50, 3783, tse]
[4552, 36.75, 34.8, 36.35, 34.80, 2924, tse]
[4554, 30.2, 29.0, 29.30, 30.10, 204, otc]
[4555, 53.4, 50.6, 53.40, 51.80, 220, tse]
[4556, 30.3, 29.8, 30.30, 30.00, 40, otc]
[4557, 119.0, 114.0, 116.50, 116.00, 419, tse]
[4558, 28.7, 27.9, 28.30, 28.35, 24, otc]
[4560, 39.5, 39.3, 39.45, 39.40, 171, tse]
[4561, 25.4, 24.35, 24.85, 24.90, 101, otc]
[4562, 17.55, 16.95, 17.30, 17.15, 559, tse]
[4563, 42.95, 39.75, 40.00, 42.65, 351, otc]
[4564, 31.45, 28.8, 31.20, 29.40, 27651, tse]
[4566, 56.4, 54.4, 54.40, 55.40, 4842, tse]
[4568, 59.5, 57.4, 57.40, 58.00, 11, otc]
[4571, 79.7, 78.1, 79.40, 79.70, 123, tse]
[4572, 170.5, 161.0, 162.50, 169.00, 4167, tse]
[4576, 75.3, 73.8, 74.10, 74.30, 273, tse]
[4577, 31.1, 30.75, 31.00, 30.95, 336, otc]
[4580, 96.5, 93.6, 94.90, 95.60, 149, otc]
[4581, 66.5, 62.5, 64.50, 64.60, 1475, tse]
[4583, 200.0, 192.0, 194.00, 197.50, 113, tse]
[4584, 49.1, 47.8, 49.10, 48.45, 8, otc]
[4609, 7.95, 7.48, 7.58, 7.63, 93, otc]
[4702, 14.7, 14.3, 14.55, 14.30, 230, otc]
[4706, 19.6, 18.9, 19.60, 19.00, 117, otc]
[4707, 13.35, 12.85, 12.90, 13.20, 1324, otc]
[4711, 17.35, 16.8, 17.35, 16.95, 167, otc]
[4712, 4.3, 4.05, 4.15, 4.05, 43, otc]
[4714, 13.3, 12.8, 13.05, 12.85, 1406, otc]
[4716, 13.05, 12.9, 13.05, 12.90, 208, otc]
[4720, 15.65, 14.9, 15.00, 15.25, 1724, tse]
[4721, 102.0, 98.5, 99.20, 101.00, 1195, otc]
[4722, 36.95, 36.1, 36.35, 36.95, 774, tse]
[4726, 43.75, 40.5, 41.10, 42.60, 9378, otc]
[4728, 229.0, 221.0, 224.50, 225.50, 223, otc]
[4729, 18.2, 17.8, 18.05, 18.10, 148, otc]
[4735, 38.6, 37.75, 38.40, 37.95, 101, otc]
[4736, 183.5, 182.0, 183.00, 182.50, 438, otc]
[4737, 78.8, 76.8, 77.20, 78.80, 228, tse]
[4739, 97.2, 90.5, 91.90, 95.80, 6899, tse]
[4741, 36.25, 32.3, 33.00, 35.55, 820, otc]
[4743, 243.0, 234.5, 241.00, 239.00, 3256, otc]
[4744, 40.0, 37.6, 38.55, 38.30, 4468, otc]
[4745, 29.8, 28.9, 29.40, 29.55, 305, otc]
[4746, 90.7, 84.6, 84.60, 90.30, 18085, tse]
[4747, 92.0, 82.9, 84.90, 86.40, 3666, otc]
[4754, 47.95, 40.5, 40.70, 45.10, 691, otc]
[4755, 144.0, 132.0, 134.00, 138.00, 2511, tse]
[4760, 82.9, 79.0, 80.80, 79.40, 282, otc]
[4763, 565.0, 502.0, 506.00, 514.00, 26876, tse]
[4764, 51.4, 49.9, 50.10, 50.30, 115, tse]
[4766, 182.5, 176.0, 181.00, 178.50, 1091, tse]
[4767, 27.55, 27.0, 27.40, 27.35, 39, otc]
[4768, 188.0, 184.0, 184.00, 185.00, 363, otc]
[4770, 321.5, 293.5, 303.00, 313.50, 5602, tse]
[4804, 5.71, 5.31, 5.38, 5.34, 123, otc]
[4807, 20.0, 19.2, 19.60, 19.55, 121, tse]
[4903, 21.85, 21.2, 21.35, 21.70, 463, otc]
[4904, 79.1, 77.6, 78.10, 78.60, 17595, tse]
[4905, 53.0, 53.0, 53.00, 53.00, 3, otc]
[4906, 33.7, 31.05, 31.80, 31.80, 52125, tse]
[4907, 36.15, 35.65, 36.00, 36.00, 66, otc]
[4908, 40.65, 39.8, 40.00, 40.35, 1018, otc]
[4909, 20.2, 19.35, 19.55, 19.45, 335, otc]
[4911, 79.2, 75.0, 78.40, 75.90, 395, otc]
[4912, 70.4, 68.5, 70.10, 68.90, 184, tse]
[4915, 66.0, 63.7, 65.00, 65.40, 18043, tse]
[4916, 38.8, 35.35, 36.75, 36.30, 59711, tse]
[4919, 130.5, 126.0, 127.50, 128.00, 15108, tse]
[4923, 42.5, 42.1, 42.50, 42.25, 149, otc]
[4924, 13.8, 13.2, 13.65, 13.45, 162, otc]
[4927, 66.3, 62.0, 62.60, 64.10, 11248, tse]
[4930, 30.0, 25.4, 25.40, 29.05, 9548, tse]
[4931, 49.15, 45.25, 48.75, 45.65, 6644, otc]
[4933, 36.15, 34.95, 34.95, 36.00, 240, otc]
[4934, 31.8, 30.6, 31.10, 31.10, 7275, tse]
[4935, 59.0, 56.9, 57.00, 58.20, 707, tse]
[4938, 78.7, 77.1, 78.30, 78.10, 46648, tse]
[4939, 17.35, 16.8, 17.20, 16.90, 549, otc]
[4942, 40.35, 39.7, 39.75, 40.35, 588, tse]
[4943, 16.15, 15.55, 15.95, 15.90, 2357, tse]
[4944, 9.71, 9.46, 9.65, 9.57, 36, otc]
[4945, 67.5, 58.3, 58.70, 63.60, 847, otc]
[4946, 33.6, 30.55, 32.55, 32.00, 227, otc]
[4950, 20.15, 18.5, 19.10, 19.40, 11594, otc]
[4951, 73.3, 70.2, 72.40, 71.70, 775, otc]
[4952, 56.5, 55.5, 55.80, 56.20, 810, tse]
[4953, 122.5, 115.0, 121.50, 116.50, 2885, otc]
[4956, 16.6, 16.05, 16.30, 16.25, 939, tse]
[4958, 110.5, 107.0, 109.50, 107.50, 15643, tse]
[4960, 12.05, 11.15, 11.45, 11.35, 57419, tse]
[4961, 163.0, 157.0, 160.50, 162.00, 10185, tse]
[4966, 1100.0, 1065.0, 1,100.00, 1,080.00, 1458, otc]
[4967, 65.6, 58.6, 62.10, 63.30, 37272, tse]
[4968, 183.5, 163.0, 174.00, 180.50, 34639, tse]
[4971, 60.3, 58.4, 58.40, 59.50, 213, otc]
[4972, 29.1, 28.95, 29.00, 29.00, 73, otc]
[4973, 29.65, 28.3, 28.50, 29.55, 3092, otc]
[4974, 71.2, 70.4, 70.90, 70.70, 517, otc]
[4976, 46.1, 43.1, 45.00, 43.70, 3309, tse]
[4977, 117.0, 100.5, 111.50, 101.50, 29798, tse]
[4979, 76.4, 66.6, 66.90, 76.40, 69703, otc]
[4987, 64.5, 62.0, 63.90, 63.00, 226, otc]
[4989, 27.8, 26.35, 26.50, 27.20, 1140, tse]
[4991, 31.1, 30.6, 31.00, 30.60, 14, otc]
[4994, 49.0, 46.75, 46.75, 48.25, 2646, tse]
[4995, 48.0, 46.9, 47.80, 47.00, 203, otc]
[4999, 37.95, 37.5, 37.60, 37.65, 261, tse]
[5007, 53.8, 52.9, 53.30, 53.20, 214, tse]
[5009, 60.0, 58.3, 59.70, 58.70, 23451, otc]
[5011, 27.15, 26.9, 26.90, 26.95, 421, otc]
[5013, 34.9, 34.1, 34.10, 34.10, 25, otc]
[5014, 16.2, 15.8, 16.05, 15.85, 642, otc]
[5015, 52.8, 52.4, 52.50, 52.70, 150, otc]
[5016, 30.75, 29.9, 29.90, 30.10, 46, otc]
[5201, 30.4, 29.3, 29.30, 29.80, 166, otc]
[5202, 15.95, 15.7, 15.80, 15.95, 125, otc]
[5203, 98.8, 93.2, 96.60, 93.70, 1483, tse]
[5205, 37.85, 36.15, 36.20, 37.85, 11, otc]
[5206, 20.75, 20.35, 20.35, 20.65, 189, otc]
[5209, 204.5, 188.0, 194.00, 190.00, 961, otc]
[5210, 18.1, 17.0, 17.60, 17.10, 1242, otc]
[5211, 28.15, 26.65, 28.15, 27.25, 766, otc]
[5212, 48.5, 47.1, 48.45, 47.10, 76, otc]
[5213, 27.7, 27.2, 27.60, 27.35, 461, otc]
[5215, 46.9, 46.1, 46.40, 46.35, 341, tse]
[5220, 30.65, 30.2, 30.65, 30.50, 74, otc]
[5222, 207.0, 195.0, 195.50, 199.00, 10013, tse]
[5223, 38.95, 38.3, 38.55, 38.90, 80, otc]
[5225, 47.7, 44.2, 45.50, 45.00, 6977, tse]
[5227, 72.9, 71.1, 71.20, 72.30, 769, otc]
[5228, 23.3, 22.5, 22.80, 22.70, 99, otc]
[5230, 22.9, 22.0, 22.30, 22.45, 174, otc]
[5234, 107.0, 98.6, 101.00, 103.50, 2658, tse]
[5236, 118.5, 111.5, 113.00, 113.00, 2424, otc]
[5243, 91.5, 84.1, 89.90, 85.50, 25354, tse]
[5244, 32.95, 31.9, 32.25, 32.30, 690, tse]
[5245, 50.6, 48.25, 50.60, 48.35, 155, otc]
[5251, 21.95, 20.55, 21.00, 20.55, 443, otc]
[5258, 92.2, 87.8, 91.80, 89.20, 19145, tse]
[5263, 127.5, 121.0, 121.50, 125.00, 559, otc]
[5269, 1200.0, 1125.0, 1,190.00, 1,125.00, 2521, tse]
[5272, 28.6, 27.95, 27.95, 28.10, 221, otc]
[5274, 2860.0, 2510.0, 2,835.00, 2,530.00, 893, otc]
[5276, 17.0, 14.6, 14.60, 16.70, 117, otc]
[5278, 185.0, 178.0, 181.00, 185.00, 48, otc]
[5281, 16.75, 16.45, 16.60, 16.45, 53, otc]
[5283, 109.5, 108.0, 108.50, 108.50, 219, tse]
[5284, 167.5, 142.0, 161.50, 142.50, 17787, tse]
[5285, 74.5, 71.6, 72.70, 72.50, 1719, tse]
[5287, 213.0, 211.0, 212.50, 211.50, 42, otc]
[5288, 201.0, 196.0, 197.50, 198.00, 266, tse]
[5289, 329.5, 317.5, 327.50, 319.50, 2057, otc]
[5291, 33.15, 32.6, 32.70, 32.70, 87, otc]
[5299, 132.0, 129.5, 129.50, 131.00, 203, otc]
[5301, 25.35, 21.0, 21.00, 22.60, 3737, otc]
[5302, 11.15, 10.5, 10.60, 10.90, 2751, otc]
[5306, 151.0, 147.0, 150.00, 147.50, 780, tse]
[5309, 43.65, 41.4, 43.10, 41.65, 5957, otc]
[5310, 34.2, 31.0, 31.25, 31.95, 617, otc]
[5312, 93.3, 86.6, 87.90, 90.40, 1190, otc]
[5314, 24.25, 22.65, 22.90, 23.60, 125, otc]
[5315, 22.1, 21.8, 22.10, 22.00, 645, otc]
[5321, 96.3, 92.8, 95.60, 92.90, 614, otc]
[5324, 11.7, 10.7, 10.80, 11.40, 6610, otc]
[5328, 16.15, 15.7, 15.90, 15.85, 2435, otc]
[5340, 65.0, 52.3, 52.60, 65.00, 12692, otc]
[5344, 17.1, 16.55, 16.80, 16.70, 216, otc]
[5345, 4.99, 4.8, 4.90, 4.80, 42, otc]
[5347, 94.9, 92.1, 92.20, 93.40, 8886, otc]
[5348, 10.2, 9.94, 10.10, 9.97, 122, otc]
[5351, 44.4, 43.2, 43.95, 44.20, 3897, otc]
[5353, 48.6, 46.25, 46.70, 46.70, 4139, otc]
[5355, 7.76, 7.4, 7.50, 7.55, 571, otc]
[5356, 29.3, 28.45, 28.50, 29.15, 1547, otc]
[5364, 32.9, 28.55, 29.15, 31.55, 430, otc]
[5371, 76.4, 72.8, 76.10, 73.50, 3448, otc]
[5381, 18.5, 17.35, 17.35, 18.10, 1498, otc]
[5383, 35.3, 32.55, 33.50, 33.20, 617, otc]
[5386, 58.0, 52.2, 54.10, 58.00, 4904, otc]
[5388, 99.5, 94.2, 97.30, 95.40, 20316, tse]
[5392, 22.0, 21.5, 21.65, 21.65, 325, otc]
[5398, 15.9, 15.5, 15.85, 15.70, 189, otc]
[5403, 106.0, 103.0, 105.00, 104.00, 406, otc]
[5410, 35.75, 35.3, 35.70, 35.35, 342, otc]
[5425, 102.5, 94.0, 94.00, 102.00, 27796, otc]
[5426, 13.55, 12.4, 12.40, 13.40, 5026, otc]
[5432, 35.85, 33.0, 35.85, 33.00, 248, otc]
[5434, 201.0, 186.5, 199.00, 187.00, 4996, tse]
[5438, 20.8, 19.8, 19.85, 20.10, 45, otc]
[5439, 83.2, 78.8, 80.00, 83.00, 8432, otc]
[5443, 34.0, 31.4, 31.45, 32.60, 10123, otc]
[5450, 20.6, 20.0, 20.40, 20.15, 380, otc]
[5452, 21.6, 21.15, 21.25, 21.30, 727, otc]
[5455, 26.65, 26.55, 26.55, 26.65, 2, otc]
[5457, 52.4, 51.4, 52.00, 51.70, 900, otc]
[5460, 11.4, 11.3, 11.40, 11.35, 59, otc]
[5464, 32.8, 31.35, 32.50, 31.45, 858, otc]
[5465, 46.2, 42.15, 42.15, 46.20, 12935, otc]
[5468, 17.95, 17.4, 17.85, 17.60, 64, otc]
[5469, 45.25, 42.5, 42.50, 44.00, 23031, tse]
[5471, 52.5, 51.0, 51.10, 51.40, 1270, tse]
[5474, 128.5, 109.0, 112.00, 125.00, 4547, otc]
[5475, 16.95, 15.05, 15.05, 16.65, 3428, otc]
[5478, 108.5, 105.0, 108.50, 106.50, 1921, otc]
[5481, 13.0, 12.65, 12.85, 12.70, 72, otc]
[5483, 159.0, 156.0, 158.00, 156.50, 4899, otc]
[5484, 20.6, 19.45, 20.00, 19.65, 813, tse]
[5487, 27.75, 27.2, 27.40, 27.30, 21, otc]
[5488, 12.75, 12.0, 12.50, 12.65, 821, otc]
[5489, 39.9, 38.5, 38.80, 39.70, 181, otc]
[5490, 25.5, 25.0, 25.50, 25.05, 130, otc]
[5493, 51.0, 50.5, 51.00, 50.60, 61, otc]
[5498, 13.4, 13.0, 13.10, 13.05, 3395, otc]
[5508, 72.2, 70.2, 72.00, 70.30, 461, otc]
[5511, 72.0, 65.4, 65.40, 71.60, 5470, otc]
[5512, 10.65, 10.1, 10.15, 10.35, 9490, otc]
[5514, 19.8, 19.7, 19.70, 19.80, 38, otc]
[5515, 14.8, 14.15, 14.15, 14.35, 2527, tse]
[5516, 29.8, 28.3, 29.75, 28.85, 249, otc]
[5519, 24.8, 24.65, 24.70, 24.75, 1000, tse]
[5520, 61.5, 59.6, 60.10, 61.10, 33, otc]
[5521, 7.74, 7.54, 7.54, 7.60, 3420, tse]
[5522, 63.3, 61.7, 63.00, 62.40, 3445, tse]
[5523, 25.3, 24.8, 25.05, 25.05, 53, otc]
[5525, 27.4, 27.0, 27.00, 27.25, 538, tse]
[5529, 12.25, 11.65, 12.00, 12.00, 76, otc]
[5530, 37.9, 37.65, 37.80, 37.70, 514, otc]
[5531, 13.4, 11.85, 11.95, 12.70, 40622, tse]
[5533, 20.0, 19.6, 19.70, 19.85, 1325, tse]
[5534, 82.1, 80.7, 80.80, 81.80, 1906, tse]
[5536, 157.0, 151.5, 152.50, 155.50, 657, otc]
[5538, 40.55, 39.45, 40.00, 39.85, 96, tse]
[5543, 50.0, 47.0, 47.50, 49.90, 96, otc]
[5546, 45.5, 42.2, 45.50, 43.00, 373, tse]
[5601, 42.9, 40.25, 41.65, 40.40, 16, otc]
[5603, 22.35, 20.85, 20.95, 22.25, 1586, otc]
[5604, 49.85, 49.0, 49.10, 49.50, 92, otc]
[5607, 65.6, 62.6, 65.00, 63.70, 4128, tse]
[5608, 23.8, 22.95, 23.00, 23.35, 10282, tse]
[5609, 93.8, 87.8, 88.10, 91.30, 1534, otc]
[5701, 10.0, 8.11, 8.23, 9.94, 1584, otc]
[5703, 37.65, 28.9, 29.00, 37.65, 2764, otc]
[5704, 67.6, 62.5, 65.90, 63.40, 2529, otc]
[5706, 128.5, 106.5, 110.00, 116.50, 138133, tse]
[5864, 25.95, 24.6, 24.60, 25.70, 7384, otc]
[5871, 213.5, 206.5, 206.50, 211.50, 11825, tse]
[5876, 46.7, 45.45, 45.45, 46.25, 17524, tse]
[5878, 49.45, 49.2, 49.25, 49.45, 17, otc]
[5880, 28.4, 28.0, 28.20, 28.35, 27247, tse]
[5902, 41.55, 40.85, 40.90, 41.20, 38, otc]
[5903, 213.0, 211.0, 211.00, 211.50, 26, otc]
[5904, 543.0, 534.0, 535.00, 541.00, 357, otc]
[5905, 14.1, 13.2, 13.20, 13.90, 8493, otc]
[5906, 75.5, 65.3, 72.00, 69.40, 1296, tse]
[5907, 16.6, 15.9, 15.95, 16.15, 1018, tse]
[6005, 15.4, 14.05, 14.10, 14.65, 54638, tse]
[6015, 12.0, 11.1, 11.80, 11.40, 4494, otc]
[6016, 13.5, 12.9, 12.95, 13.30, 8781, otc]
[6020, 19.2, 18.9, 19.20, 19.00, 22, otc]
[6021, 15.6, 15.5, 15.60, 15.60, 30, otc]
[6023, 54.2, 51.6, 53.90, 52.00, 1076, otc]
[6024, 46.3, 45.2, 45.20, 46.25, 2529, tse]
[6026, 12.95, 12.6, 12.85, 12.75, 7232, otc]
[6101, 46.9, 35.3, 35.85, 45.75, 6066, otc]
[6103, 37.8, 33.6, 35.30, 36.75, 11, otc]
[6104, 117.0, 113.0, 115.00, 113.00, 2761, otc]
[6108, 17.75, 17.45, 17.60, 17.75, 476, tse]
[6109, 17.2, 16.6, 16.85, 16.70, 724, otc]
[6111, 90.0, 86.0, 88.20, 86.60, 4871, otc]
[6112, 73.9, 65.8, 73.60, 67.50, 25446, tse]
[6113, 16.4, 16.1, 16.20, 16.35, 568, otc]
[6114, 26.3, 25.6, 26.15, 25.80, 246, otc]
[6115, 46.6, 46.0, 46.00, 46.55, 950, tse]
[6116, 13.7, 12.35, 12.40, 13.10, 190622, tse]
[6117, 16.05, 15.3, 15.95, 15.70, 798, tse]
[6118, 34.3, 32.85, 34.00, 32.90, 1490, otc]
[6120, 11.25, 10.55, 10.75, 10.85, 14412, tse]
[6121, 325.0, 311.0, 311.00, 320.00, 1864, otc]
[6122, 44.45, 36.5, 36.90, 44.45, 29253, otc]
[6123, 73.5, 71.3, 73.50, 71.70, 460, otc]
[6124, 38.9, 35.5, 35.50, 36.80, 1076, otc]
[6125, 46.2, 41.35, 43.00, 44.70, 97723, otc]
[6126, 27.55, 25.3, 25.30, 27.20, 3941, otc]
[6127, 24.4, 23.2, 23.25, 23.30, 2081, otc]
[6128, 36.0, 34.5, 34.95, 34.95, 1618, tse]
[6129, 33.95, 31.95, 33.20, 32.10, 3068, otc]
[6130, 31.5, 30.6, 30.85, 31.45, 47, otc]
[6133, 20.15, 18.75, 20.05, 18.90, 4674, tse]
[6134, 25.15, 23.5, 24.50, 23.55, 1100, otc]
[6136, 20.0, 19.7, 20.00, 19.70, 1145, tse]
[6138, 163.0, 158.0, 158.00, 161.50, 1595, otc]
[6139, 67.3, 60.5, 60.80, 67.10, 22687, tse]
[6140, 20.95, 20.15, 20.95, 20.25, 619, otc]
[6141, 17.65, 17.45, 17.65, 17.55, 153, tse]
[6142, 13.3, 12.75, 12.85, 13.10, 7769, tse]
[6143, 94.0, 88.8, 93.50, 89.80, 4297, otc]
[6144, 15.1, 14.7, 14.70, 15.10, 12, otc]
[6146, 241.0, 236.5, 240.00, 241.00, 785, otc]
[6147, 70.0, 69.2, 69.80, 69.90, 8975, otc]
[6148, 38.4, 36.0, 36.55, 38.40, 3778, otc]
[6150, 84.9, 79.2, 82.40, 82.50, 10026, otc]
[6151, 29.75, 29.6, 29.70, 29.70, 247, otc]
[6152, 10.95, 10.0, 10.80, 10.25, 3357, tse]
[6153, 24.4, 23.55, 23.60, 23.85, 10073, tse]
[6154, 17.0, 16.8, 16.80, 16.85, 64, otc]
[6155, 26.6, 25.9, 26.55, 26.00, 867, tse]
[6156, 20.15, 19.65, 19.85, 19.70, 538, otc]
[6158, 28.45, 26.25, 26.25, 27.90, 1926, otc]
[6160, 37.5, 35.6, 37.00, 36.15, 9335, otc]
[6161, 38.7, 37.3, 38.10, 37.85, 3031, otc]
[6163, 24.05, 23.2, 23.40, 23.75, 5132, otc]
[6164, 13.65, 13.25, 13.45, 13.40, 3312, tse]
[6165, 33.75, 31.9, 32.30, 33.15, 2506, tse]
[6166, 68.0, 65.1, 68.00, 66.00, 4876, tse]
[6167, 18.3, 17.65, 18.05, 17.65, 3017, otc]
[6168, 25.15, 24.05, 24.85, 24.25, 5378, tse]
[6169, 23.25, 22.3, 22.80, 22.40, 281, otc]
[6170, 39.6, 38.6, 38.70, 39.00, 237, otc]
[6171, 22.1, 21.9, 22.10, 21.90, 89, otc]
[6173, 43.35, 42.2, 42.95, 42.30, 774, otc]
[6174, 30.9, 27.25, 30.50, 27.70, 969, otc]
[6175, 40.15, 38.1, 38.40, 39.45, 2927, otc]
[6176, 124.5, 119.0, 121.50, 124.00, 11814, tse]
[6177, 31.8, 31.6, 31.80, 31.75, 1293, tse]
[6179, 35.75, 32.85, 33.45, 35.50, 4950, otc]
[6180, 85.0, 80.8, 84.00, 81.70, 4027, otc]
[6182, 45.4, 43.55, 45.20, 43.90, 5202, otc]
[6183, 64.6, 63.8, 64.00, 64.50, 122, tse]
[6184, 53.4, 51.4, 51.50, 52.70, 435, tse]
[6185, 26.6, 23.9, 26.15, 24.25, 9079, otc]
[6186, 42.8, 42.4, 42.65, 42.55, 396, otc]
[6187, 93.9, 85.3, 85.30, 90.60, 18647, otc]
[6188, 72.8, 65.8, 71.00, 67.60, 22680, otc]
[6189, 44.0, 42.95, 43.10, 44.00, 1701, tse]
[6190, 36.2, 35.0, 35.85, 35.35, 5430, otc]
[6191, 42.4, 40.0, 40.00, 42.20, 30516, tse]
[6192, 78.6, 75.8, 75.80, 78.00, 849, tse]
[6194, 31.45, 29.9, 30.35, 30.85, 1983, otc]
[6195, 46.65, 46.3, 46.35, 46.35, 60, otc]
[6196, 137.5, 130.5, 132.00, 137.50, 5331, tse]
[6197, 63.6, 59.8, 63.50, 60.90, 4376, tse]
[6198, 48.95, 40.25, 41.90, 47.20, 2165, otc]
[6199, 18.9, 18.2, 18.25, 18.50, 51, otc]
[6201, 44.0, 43.7, 43.90, 43.90, 170, tse]
[6202, 72.8, 69.5, 70.30, 72.10, 8432, tse]
[6203, 98.9, 90.7, 90.80, 96.70, 5520, otc]
[6204, 56.5, 56.0, 56.50, 56.20, 29, otc]
[6205, 75.5, 70.1, 74.50, 75.50, 9154, tse]
[6206, 72.4, 71.0, 72.20, 71.60, 1010, tse]
[6207, 29.15, 28.75, 28.75, 28.85, 286, otc]
[6208, 56.1, 55.0, 55.00, 55.80, 957, otc]
[6209, 32.35, 29.95, 31.95, 30.15, 7349, tse]
[6210, 34.85, 34.6, 34.85, 34.65, 49, otc]
[6212, 49.1, 48.3, 49.10, 48.30, 5, otc]
[6213, 73.5, 70.0, 71.80, 71.00, 10213, tse]
[6214, 116.5, 98.7, 114.00, 99.50, 22408, tse]
[6215, 34.0, 31.45, 33.70, 32.00, 6233, tse]
[6216, 28.3, 27.5, 27.80, 28.10, 1594, tse]
[6217, 46.35, 45.0, 45.55, 45.10, 1784, otc]
[6218, 33.5, 28.0, 31.00, 28.10, 14890, otc]
[6219, 11.95, 11.6, 11.70, 11.90, 3536, otc]
[6220, 27.9, 27.7, 27.85, 27.80, 703, otc]
[6221, 71.2, 66.5, 66.80, 70.50, 84, otc]
[6222, 15.8, 14.95, 15.55, 15.65, 70, otc]
[6223, 178.5, 162.5, 166.00, 169.50, 17834, otc]
[6224, 64.4, 62.9, 63.60, 62.90, 502, tse]
[6225, 11.1, 10.55, 10.95, 10.55, 54, tse]
[6226, 12.5, 11.95, 12.35, 12.10, 2463, tse]
[6227, 43.9, 43.15, 43.15, 43.65, 518, otc]
[6228, 13.0, 12.75, 12.80, 12.95, 45, otc]
[6229, 31.9, 30.15, 31.60, 30.20, 358, otc]
[6230, 172.5, 165.5, 171.00, 170.00, 417, tse]
[6231, 121.0, 114.5, 118.50, 116.00, 1005, otc]
[6233, 30.45, 27.65, 28.75, 27.70, 5959, otc]
[6234, 35.75, 33.8, 35.00, 33.90, 3028, otc]
[6235, 139.0, 127.5, 128.00, 131.50, 119701, tse]
[6236, 21.0, 21.0, 21.00, 21.00, 1, otc]
[6237, 44.55, 43.1, 43.70, 43.45, 441, otc]
[6239, 101.5, 99.2, 101.50, 100.00, 14216, tse]
[6240, 23.2, 22.65, 23.20, 22.95, 28, otc]
[6241, 15.35, 14.35, 14.85, 14.65, 468, otc]
[6242, 78.9, 77.7, 78.50, 78.00, 128, otc]
[6243, 57.8, 48.8, 50.50, 51.00, 25579, tse]
[6244, 33.95, 33.05, 33.85, 33.60, 18730, otc]
[6245, 133.5, 125.0, 132.50, 127.50, 4522, otc]
[6246, 14.1, 13.7, 13.80, 13.90, 60, otc]
[6248, 27.55, 27.2, 27.55, 27.35, 1553, otc]
[6257, 56.0, 54.7, 55.80, 55.10, 8361, tse]
[6259, 23.0, 21.7, 22.20, 23.00, 20, otc]
[6261, 67.3, 66.2, 66.70, 66.40, 226, otc]
[6263, 127.5, 116.5, 116.50, 126.50, 913, otc]
[6264, 8.0, 7.72, 7.74, 7.93, 338, otc]
[6265, 10.65, 10.35, 10.50, 10.50, 534, otc]
[6266, 45.5, 42.25, 42.30, 43.50, 7436, otc]
[6269, 95.1, 93.8, 95.00, 94.00, 7811, tse]
[6270, 26.8, 24.65, 26.30, 24.90, 8338, otc]
[6271, 185.0, 178.5, 181.00, 179.50, 11276, tse]
[6274, 83.9, 76.8, 77.30, 81.80, 37802, otc]
[6275, 37.1, 35.8, 36.80, 36.05, 953, otc]
[6276, 37.05, 33.9, 34.95, 36.25, 3161, otc]
[6277, 86.5, 84.5, 86.50, 85.30, 996, tse]
[6278, 100.5, 98.3, 100.00, 99.00, 4702, tse]
[6279, 162.5, 147.5, 147.50, 161.00, 11379, otc]
[6281, 85.5, 85.0, 85.00, 85.40, 122, tse]
[6282, 52.6, 46.8, 50.40, 47.90, 268170, tse]
[6283, 34.35, 31.6, 33.20, 31.60, 1882, tse]
[6284, 57.8, 55.0, 57.40, 55.20, 562, otc]
[6285, 93.7, 87.2, 88.80, 90.30, 50384, tse]
[6287, 21.15, 20.15, 21.05, 21.10, 18, otc]
[6288, 34.1, 32.25, 32.65, 33.65, 30909, tse]
[6290, 59.1, 57.6, 58.80, 58.30, 4440, otc]
[6291, 262.0, 247.0, 251.00, 260.50, 138, otc]
[6292, 45.75, 45.05, 45.15, 45.20, 123, otc]
[6294, 109.0, 107.5, 108.00, 107.50, 83, otc]
[6404, 24.65, 22.25, 23.20, 22.25, 10, otc]
[6405, 23.35, 22.8, 22.85, 23.05, 674, tse]
[6409, 2125.0, 1865.0, 2,000.00, 1,900.00, 1346, tse]
[6411, 111.5, 109.0, 111.00, 110.00, 890, otc]
[6412, 87.3, 84.0, 85.00, 84.90, 2037, tse]
[6414, 279.5, 270.5, 279.50, 277.50, 7730, tse]
[6415, 393.0, 360.0, 382.00, 360.00, 12824, tse]
[6416, 102.0, 95.0, 102.00, 96.10, 2242, tse]
[6417, 141.0, 133.0, 138.50, 136.50, 1442, otc]
[6418, 19.05, 18.7, 18.75, 18.85, 192, otc]
[6419, 30.85, 29.1, 30.85, 30.40, 30, otc]
[6425, 21.25, 20.8, 21.10, 21.00, 31, otc]
[6426, 62.8, 60.0, 62.00, 60.00, 333, tse]
[6431, 20.8, 20.15, 20.45, 20.50, 51, tse]
[6432, 36.9, 35.55, 36.80, 35.80, 100, otc]
[6435, 104.5, 102.0, 102.50, 102.50, 224, otc]
[6438, 120.0, 110.5, 116.00, 116.00, 11657, tse]
[6441, 74.8, 62.4, 62.70, 72.00, 12351, otc]
[6442, 52.6, 49.8, 52.50, 51.70, 526, tse]
[6443, 36.45, 35.0, 36.40, 35.15, 25721, tse]
[6446, 350.5, 333.0, 350.00, 336.50, 4033, otc]
[6449, 52.6, 51.0, 52.30, 51.20, 640, tse]
[6451, 89.1, 86.9, 88.20, 87.30, 730, tse]
[6456, 80.7, 73.8, 75.40, 74.80, 18791, tse]
[6457, 53.7, 50.8, 51.20, 52.70, 158, otc]
[6461, 36.0, 34.5, 35.35, 35.30, 615, otc]
[6462, 91.2, 84.8, 85.60, 89.20, 832, otc]
[6464, 94.1, 93.0, 94.10, 93.60, 46, tse]
[6465, 22.2, 21.3, 22.00, 21.75, 280, otc]
[6469, 362.0, 355.0, 357.00, 360.50, 530, otc]
[6470, 70.2, 67.7, 69.20, 68.40, 3297, otc]
[6472, 764.0, 740.0, 758.00, 755.00, 4438, otc]
[6477, 52.6, 49.55, 52.50, 50.20, 7974, tse]
[6482, 43.85, 43.05, 43.05, 43.05, 26, otc]
[6485, 115.0, 110.0, 111.50, 111.00, 3901, otc]
[6486, 78.6, 76.7, 78.00, 77.20, 421, otc]
[6488, 515.0, 505.0, 510.00, 511.00, 1957, otc]
[6491, 385.0, 341.5, 377.00, 346.00, 5351, tse]
[6492, 52.0, 50.8, 51.10, 51.20, 157, otc]
[6494, 71.9, 69.0, 70.00, 70.70, 480, otc]
[6496, 32.2, 31.65, 31.90, 31.95, 55, otc]
[6499, 57.9, 56.7, 57.00, 57.80, 113, otc]
[6504, 86.5, 80.9, 84.00, 85.60, 455, tse]
[6505, 89.3, 86.9, 87.40, 88.90, 9802, tse]
[6506, 19.65, 19.6, 19.60, 19.60, 38, otc]
[6508, 38.2, 37.7, 38.00, 38.20, 265, otc]
[6509, 46.0, 45.4, 45.45, 45.70, 1454, otc]
[6510, 578.0, 516.0, 518.00, 575.00, 2514, otc]
[6512, 21.9, 19.9, 19.95, 21.90, 458, otc]
[6514, 58.8, 57.9, 58.40, 58.50, 49, otc]
[6515, 858.0, 790.0, 820.00, 835.00, 7289, tse]
[6516, 101.5, 97.5, 98.00, 100.00, 285, otc]
[6517, 144.0, 133.0, 136.00, 134.00, 6074, otc]
[6523, 138.5, 131.5, 135.00, 131.50, 1102, otc]
[6525, 79.0, 77.3, 78.00, 77.60, 1060, tse]
[6527, 81.5, 79.6, 81.20, 80.60, 387, otc]
[6530, 27.1, 26.3, 27.10, 26.75, 100, otc]
[6531, 346.0, 319.5, 338.00, 325.50, 30671, tse]
[6532, 68.7, 57.4, 57.50, 65.80, 14344, otc]
[6533, 500.0, 462.0, 496.50, 463.00, 5448, tse]
[6535, 66.2, 61.0, 66.20, 62.20, 2666, otc]
[6538, 105.0, 100.0, 104.50, 100.50, 542, otc]
[6541, 80.8, 79.1, 79.20, 80.50, 369, tse]
[6542, 59.2, 53.5, 56.00, 53.50, 80, otc]
[6546, 90.0, 86.5, 86.50, 89.00, 1800, otc]
[6547, 62.7, 61.0, 62.30, 61.20, 1752, otc]
[6548, 43.85, 42.5, 43.50, 42.50, 3435, otc]
[6550, 92.2, 89.3, 91.80, 90.30, 8930, tse]
[6552, 36.85, 35.35, 36.00, 36.85, 325, tse]
[6556, 115.0, 108.0, 113.50, 108.00, 96, otc]
[6558, 34.5, 30.5, 33.40, 30.90, 3533, tse]
[6560, 34.0, 33.4, 33.65, 33.40, 148, otc]
[6561, 368.0, 362.0, 362.00, 365.50, 80, otc]
[6568, 165.5, 154.5, 164.50, 157.00, 1134, otc]
[6569, 149.5, 136.0, 146.00, 137.50, 317, otc]
[6570, 74.1, 71.0, 71.00, 71.30, 3756, otc]
[6573, 18.0, 16.05, 16.05, 16.75, 1720, tse]
[6574, 58.8, 56.3, 58.10, 57.40, 36, otc]
[6576, 86.9, 81.0, 81.20, 86.50, 1230, otc]
[6577, 108.5, 90.0, 90.00, 108.50, 1977, otc]
[6578, 18.7, 18.3, 18.65, 18.40, 400, otc]
[6579, 141.5, 130.5, 141.50, 135.50, 7995, tse]
[6581, 93.8, 90.8, 92.80, 91.10, 250, tse]
[6582, 59.9, 56.8, 57.60, 58.60, 265, tse]
[6584, 74.4, 70.6, 73.30, 72.00, 578, otc]
[6585, 66.6, 62.2, 62.60, 64.10, 551, tse]
[6588, 30.2, 29.4, 30.20, 29.55, 53, otc]
[6589, 110.5, 109.0, 110.00, 109.50, 1676, otc]
[6590, 102.5, 96.0, 96.90, 99.90, 1228, otc]
[6591, 55.9, 53.5, 55.90, 54.50, 1218, tse]
[6592, 142.5, 131.5, 132.00, 140.50, 9452, tse]
[6593, 69.1, 60.6, 61.00, 62.60, 828, otc]
[6596, 75.1, 56.6, 57.80, 70.00, 9757, otc]
[6598, 27.75, 27.05, 27.40, 27.15, 299, tse]
[6603, 17.2, 16.85, 17.15, 16.85, 1170, otc]
[6605, 103.0, 97.8, 98.60, 100.00, 2141, tse]
[6606, 29.8, 29.0, 29.75, 29.00, 782, tse]
[6609, 35.45, 35.0, 35.40, 35.15, 283, otc]
[6612, 174.0, 165.0, 165.00, 167.00, 935, otc]
[6613, 108.5, 106.0, 106.00, 108.00, 205, otc]
[6615, 41.95, 40.2, 41.00, 41.70, 97, otc]
[6616, 14.45, 14.25, 14.45, 14.40, 39, otc]
[6624, 43.4, 42.3, 43.00, 42.75, 52, otc]
[6625, 155.0, 102.0, 103.00, 136.50, 59148, tse]
[6629, 48.0, 47.7, 47.70, 48.00, 3, otc]
[6640, 97.0, 92.0, 92.00, 94.70, 213, otc]
[6641, 55.2, 54.4, 55.20, 55.20, 93, tse]
[6642, 53.7, 53.0, 53.40, 53.30, 68, otc]
[6643, 868.0, 835.0, 850.00, 853.00, 692, otc]
[6649, 44.5, 41.65, 41.70, 43.45, 515, otc]
[6651, 81.5, 78.3, 81.50, 80.10, 208, otc]
[6654, 49.55, 48.5, 49.15, 48.55, 19, otc]
[6655, 127.0, 124.0, 127.00, 125.00, 18, tse]
[6661, 22.75, 22.4, 22.40, 22.75, 7, otc]
[6662, 31.05, 30.45, 31.00, 30.90, 16, otc]
[6664, 140.5, 117.0, 117.00, 133.00, 5092, otc]
[6666, 86.0, 81.2, 81.20, 84.70, 232, tse]
[6667, 83.0, 79.0, 79.00, 82.00, 1153, otc]
[6668, 43.6, 39.2, 40.70, 43.60, 2506, tse]
[6669, 1235.0, 1080.0, 1,225.00, 1,160.00, 8846, tse]
[6670, 217.0, 208.5, 215.50, 216.00, 2293, tse]
[6671, 43.1, 42.2, 43.00, 42.60, 97, tse]
[6672, 91.4, 86.4, 90.00, 89.80, 3648, tse]
[6674, 29.05, 28.3, 28.90, 28.85, 107, tse]
[6679, 335.0, 302.0, 303.00, 334.00, 1201, otc]
[6680, 119.0, 107.0, 109.00, 113.50, 654, otc]
[6683, 224.5, 205.5, 205.50, 224.50, 1127, otc]
[6684, 47.0, 45.3, 45.95, 46.40, 143, otc]
[6689, 162.0, 147.5, 161.50, 149.00, 7054, tse]
[6690, 173.0, 160.5, 171.50, 164.00, 527, otc]
[6691, 320.0, 293.0, 307.00, 309.00, 4443, tse]
[6693, 64.9, 63.4, 64.00, 64.80, 72, otc]
[6695, 46.95, 44.3, 44.30, 45.40, 1884, tse]
[6697, 80.0, 70.0, 70.00, 78.50, 826, otc]
[6698, 40.45, 38.0, 40.40, 38.10, 1465, tse]
[6703, 245.0, 225.5, 243.50, 225.50, 963, otc]
[6706, 86.2, 82.4, 83.20, 83.00, 1533, tse]
[6708, 56.0, 53.2, 53.20, 54.90, 139, otc]
[6712, 198.0, 192.5, 197.50, 195.00, 716, otc]
[6715, 145.5, 133.5, 145.50, 136.50, 1238, tse]
[6716, 109.0, 101.5, 102.00, 107.00, 43, otc]
[6719, 303.0, 280.0, 302.00, 284.00, 8456, tse]
[6721, 55.0, 53.6, 53.60, 54.90, 116, otc]
[6727, 68.5, 65.6, 65.80, 68.20, 160, otc]
[6728, 156.5, 145.5, 145.50, 148.00, 335, otc]
[6732, 349.5, 310.5, 310.50, 343.00, 2623, otc]
[6733, 48.5, 44.3, 46.40, 47.50, 7839, otc]
[6735, 55.2, 52.8, 54.40, 53.50, 37, otc]
[6741, 134.0, 130.0, 131.50, 133.50, 1225, otc]
[6743, 74.5, 55.1, 56.30, 73.80, 15935, tse]
[6747, 237.0, 228.5, 228.50, 233.50, 318, otc]
[6751, 114.0, 108.0, 112.50, 108.00, 313, otc]
[6752, 174.0, 157.0, 169.00, 158.00, 634, otc]
[6753, 121.0, 115.5, 116.00, 119.50, 4236, tse]
[6754, 60.7, 57.4, 57.80, 57.50, 495, tse]
[6756, 231.0, 212.5, 222.00, 218.00, 1910, tse]
[6761, 90.3, 88.1, 88.80, 89.90, 95, otc]
[6762, 233.5, 227.0, 233.00, 233.50, 9, otc]
[6763, 550.0, 512.0, 521.00, 542.00, 410, otc]
[6767, 48.5, 45.55, 48.00, 46.60, 366, otc]
[6768, 72.2, 70.7, 71.10, 71.80, 785, tse]
[6770, 31.6, 30.8, 31.30, 30.90, 52154, tse]
[6776, 68.6, 55.8, 57.30, 68.20, 9552, tse]
[6781, 733.0, 675.0, 725.00, 713.00, 2784, tse]
[6782, 232.5, 216.0, 224.50, 222.50, 2146, tse]
[6788, 133.5, 130.5, 130.50, 132.00, 800, otc]
[6789, 269.5, 230.0, 240.00, 269.50, 16463, tse]
[6790, 39.95, 38.7, 38.75, 39.25, 2064, tse]
[6791, 116.5, 109.5, 114.50, 110.00, 303, otc]
[6792, 88.0, 85.6, 85.70, 86.50, 322, tse]
[6796, 103.0, 97.0, 98.80, 98.10, 901, tse]
[6799, 168.5, 156.5, 164.00, 163.00, 4646, tse]
[6803, 324.0, 317.0, 323.00, 317.50, 81, otc]
[6804, 70.7, 68.1, 70.50, 70.30, 219, otc]
[6806, 121.0, 111.5, 116.50, 112.00, 26940, tse]
[6807, 28.4, 27.8, 28.20, 27.85, 105, tse]
[6811, 247.0, 220.0, 242.50, 227.50, 1442, otc]
[6821, 49.95, 46.5, 49.95, 46.55, 703, otc]
[6823, 89.5, 89.5, 89.50, 89.50, 1, otc]
[6829, 145.5, 132.0, 136.00, 132.00, 6838, otc]
[6830, 176.5, 165.0, 170.00, 175.00, 3941, tse]
[6834, 27.9, 26.8, 27.30, 27.70, 283, tse]
[6835, 49.4, 47.0, 49.00, 48.10, 2024, tse]
[6840, 71.0, 69.3, 69.30, 71.00, 46, otc]
[6841, 100.5, 97.0, 99.60, 97.20, 1006, otc]
[6843, 78.7, 74.5, 74.60, 78.70, 886, otc]
[6846, 91.8, 86.0, 90.60, 86.20, 126, otc]
[6854, 110.5, 99.0, 99.10, 108.50, 878, tse]
[6855, 84.0, 82.8, 83.00, 83.00, 48, otc]
[6859, 140.0, 136.5, 137.50, 138.00, 117, otc]
[6861, 116.0, 108.5, 114.00, 109.50, 445, tse]
[6863, 192.5, 172.0, 178.00, 187.00, 2251, tse]
[6865, 83.5, 80.0, 80.00, 83.50, 98, otc]
[6869, 101.0, 88.0, 95.00, 96.00, 2470, tse]
[6873, 138.0, 126.0, 126.00, 132.00, 861, tse]
[6874, 171.5, 157.0, 171.50, 158.00, 703, otc]
[7402, 80.0, 66.0, 66.30, 71.90, 6157, otc]
[7556, 119.0, 107.5, 107.50, 116.00, 126, otc]
[8011, 20.5, 18.65, 19.65, 19.25, 18225, tse]
[8016, 239.0, 227.0, 228.00, 237.50, 6282, tse]
[8021, 32.7, 30.6, 32.45, 31.20, 5127, tse]
[8024, 24.45, 24.0, 24.10, 24.20, 194, otc]
[8027, 61.3, 56.7, 56.70, 60.10, 8564, otc]
[8028, 63.3, 59.9, 60.60, 61.40, 22026, tse]
[8032, 32.4, 31.6, 31.95, 31.80, 30, otc]
[8033, 75.6, 69.2, 70.00, 72.20, 25050, tse]
[8034, 21.8, 18.05, 18.05, 21.80, 11337, otc]
[8038, 62.9, 55.4, 55.50, 62.50, 7112, otc]
[8039, 43.5, 42.2, 42.25, 42.50, 1477, tse]
[8040, 49.55, 48.05, 49.25, 48.30, 556, otc]
[8042, 39.55, 38.0, 39.55, 38.30, 44, otc]
[8043, 29.55, 28.2, 28.20, 29.00, 896, otc]
[8044, 53.8, 52.8, 52.80, 52.90, 804, otc]
[8046, 310.0, 280.0, 307.00, 284.50, 38108, tse]
[8047, 11.6, 11.4, 11.50, 11.45, 33, otc]
[8048, 60.5, 57.0, 59.00, 57.20, 2547, otc]
[8049, 38.6, 37.6, 37.75, 38.15, 1393, otc]
[8050, 82.0, 80.7, 81.00, 81.90, 2769, otc]
[8054, 36.9, 35.7, 36.15, 36.25, 2100, otc]
[8059, 17.5, 16.4, 17.25, 16.70, 2183, otc]
[8064, 20.9, 20.25, 20.80, 20.35, 2244, otc]
[8066, 30.9, 30.35, 30.35, 30.75, 53, otc]
[8067, 14.7, 14.5, 14.55, 14.70, 5, otc]
[8068, 29.15, 28.0, 29.05, 28.35, 175, otc]
[8069, 229.0, 221.5, 224.00, 227.00, 23996, otc]
[8070, 37.3, 36.1, 36.45, 36.85, 5504, tse]
[8071, 14.65, 14.5, 14.60, 14.50, 202, otc]
[8072, 28.6, 27.25, 28.30, 27.35, 716, tse]
[8074, 20.25, 20.0, 20.25, 20.05, 163, otc]
[8076, 36.8, 34.5, 34.60, 35.35, 20118, otc]
[8077, 39.95, 39.95, 39.95, 39.95, 1, otc]
[8080, 10.7, 10.35, 10.40, 10.50, 16, otc]
[8081, 203.0, 190.5, 191.50, 198.00, 3615, tse]
[8083, 155.5, 153.0, 155.50, 154.50, 118, otc]
[8084, 87.4, 76.3, 86.70, 77.30, 1198, otc]
[8085, 41.5, 36.75, 37.50, 40.35, 4462, otc]
[8086, 95.4, 90.0, 90.00, 90.30, 9960, otc]
[8087, 39.6, 35.5, 36.55, 39.60, 1400, otc]
[8088, 35.8, 34.85, 35.00, 35.50, 4600, otc]
[8089, 22.2, 21.6, 21.75, 21.60, 112, otc]
[8091, 101.0, 97.6, 97.70, 100.00, 2046, otc]
[8092, 15.0, 11.35, 11.35, 14.00, 3386, otc]
[8093, 14.85, 14.0, 14.70, 14.00, 595, otc]
[8096, 11.75, 11.6, 11.75, 11.60, 253, otc]
[8097, 60.9, 57.1, 58.20, 59.60, 2191, otc]
[8099, 61.8, 59.4, 60.50, 59.70, 1692, otc]
[8101, 4.63, 4.55, 4.60, 4.60, 301, tse]
[8103, 37.85, 37.0, 37.30, 37.80, 741, tse]
[8104, 42.5, 40.5, 41.50, 40.70, 1098, tse]
[8105, 15.1, 13.9, 13.90, 14.40, 39502, tse]
[8107, 17.05, 16.85, 17.00, 16.90, 100, otc]
[8109, 93.8, 90.7, 91.00, 93.10, 567, otc]
[8110, 14.05, 13.7, 13.90, 13.80, 5381, tse]
[8111, 22.4, 21.85, 22.20, 21.95, 923, otc]
[8112, 49.8, 47.5, 48.50, 49.45, 22875, tse]
[8114, 113.5, 108.0, 110.50, 113.00, 1794, tse]
[8121, 30.7, 29.2, 30.55, 29.30, 1051, otc]
[8131, 44.3, 43.65, 44.00, 43.70, 2689, tse]
[8147, 66.1, 64.6, 64.70, 64.80, 194, otc]
[8150, 41.0, 39.8, 40.60, 40.05, 13908, tse]
[8155, 158.0, 151.5, 153.00, 156.00, 4537, otc]
[8163, 47.65, 46.6, 47.65, 46.70, 3396, tse]
[8171, 51.4, 47.5, 50.80, 47.65, 4093, otc]
[8176, 12.1, 11.7, 12.05, 11.85, 876, otc]
[8182, 31.4, 30.7, 31.00, 30.75, 155, otc]
[8183, 53.5, 52.8, 53.20, 53.10, 834, otc]
[8201, 14.65, 13.2, 14.65, 13.65, 1728, tse]
[8210, 128.0, 111.5, 115.00, 125.50, 34049, tse]
[8213, 42.9, 41.2, 42.80, 42.50, 7378, tse]
[8215, 39.6, 37.15, 37.20, 38.95, 22470, tse]
[8222, 64.6, 60.2, 61.50, 61.60, 50755, tse]
[8227, 199.0, 189.5, 190.00, 197.00, 470, otc]
[8234, 52.6, 47.15, 48.70, 52.60, 15715, otc]
[8240, 32.75, 31.65, 32.50, 32.10, 232, otc]
[8249, 30.8, 30.05, 30.20, 30.25, 988, tse]
[8255, 186.5, 177.5, 179.00, 183.50, 2989, otc]
[8261, 112.5, 106.0, 108.00, 107.50, 6609, tse]
[8271, 63.2, 60.0, 63.20, 60.80, 10601, tse]
[8277, 12.25, 11.1, 11.30, 11.75, 3317, otc]
[8279, 189.5, 183.0, 188.50, 183.00, 46, otc]
[8284, 63.3, 62.4, 62.40, 62.90, 98, otc]
[8289, 42.8, 41.6, 41.80, 41.70, 1130, otc]
[8291, NaN, NaN, NaN, NaN, 0, otc]
[8299, 429.0, 409.0, 409.00, 421.00, 4367, otc]
[8341, 159.5, 150.0, 158.00, 151.00, 2909, tse]
[8342, 57.9, 57.6, 57.60, 57.90, 5, otc]
[8349, 66.3, 63.9, 64.50, 65.30, 1025, otc]
[8354, 14.55, 14.45, 14.50, 14.45, 175, otc]
[8358, 63.6, 58.3, 59.60, 63.30, 33708, otc]
[8367, 47.0, 45.2, 45.90, 46.60, 186, tse]
[8374, 35.0, 32.1, 33.30, 32.15, 1412, tse]
[8383, 42.4, 41.1, 41.95, 41.20, 1075, otc]
[8390, 45.3, 44.25, 45.10, 44.30, 951, otc]
[8401, 21.5, 20.8, 20.80, 21.35, 1125, otc]
[8403, 39.8, 38.1, 39.55, 38.20, 6025, otc]
[8404, 25.0, 24.1, 24.60, 24.90, 800, tse]
[8409, 23.85, 23.2, 23.65, 23.35, 132, otc]
[8410, 45.1, 40.15, 40.60, 43.45, 962, otc]
[8411, 14.95, 14.8, 14.90, 14.90, 283, tse]
[8415, 35.65, 35.3, 35.65, 35.55, 629, otc]
[8416, 146.0, 142.0, 144.00, 142.50, 78, otc]
[8418, 11.0, 9.96, 10.00, 10.40, 563, otc]
[8420, 97.6, 90.5, 90.70, 96.50, 2948, otc]
[8421, 16.15, 14.65, 14.75, 15.45, 2153, otc]
[8422, 209.0, 205.0, 207.50, 208.50, 1017, tse]
[8423, 20.9, 20.0, 20.15, 20.90, 21, otc]
[8424, 72.5, 67.0, 72.20, 67.80, 134, otc]
[8426, 79.6, 69.3, 76.00, 69.90, 5114, otc]
[8429, 11.2, 10.85, 10.90, 11.00, 1438, tse]
[8431, 70.5, 66.9, 68.60, 68.60, 2051, otc]
[8432, 46.4, 45.6, 46.25, 45.75, 96, otc]
[8433, 73.6, 70.4, 70.80, 73.60, 253, otc]
[8435, 62.5, 62.0, 62.50, 62.30, 67, otc]
[8436, 183.0, 178.0, 178.00, 179.50, 1732, otc]
[8437, 102.0, 101.0, 102.00, 101.50, 18, otc]
[8438, 28.65, 26.5, 28.10, 26.55, 422, tse]
[8440, 45.2, 44.2, 44.75, 44.20, 457, otc]
[8442, 84.3, 80.2, 82.60, 83.50, 624, tse]
[8443, 12.05, 11.85, 11.90, 12.05, 616, tse]
[8444, 44.5, 42.5, 44.50, 42.75, 16, otc]
[8446, 141.5, 115.0, 116.00, 137.50, 14036, otc]
[8450, 26.15, 25.6, 25.75, 25.85, 99, otc]
[8454, 708.0, 648.0, 703.00, 677.00, 4905, tse]
[8455, 21.85, 20.9, 20.90, 21.35, 7, otc]
[8462, 166.0, 150.5, 150.50, 155.50, 1191, tse]
[8463, 28.95, 26.8, 27.25, 27.75, 860, tse]
[8464, 370.0, 340.5, 348.50, 362.50, 1790, tse]
[8466, 45.0, 43.65, 43.80, 44.55, 119, tse]
[8467, 62.5, 58.8, 58.80, 61.50, 305, tse]
[8472, 40.0, 39.0, 39.00, 40.00, 10, otc]
[8473, 29.75, 28.95, 29.00, 29.35, 257, tse]
[8476, 73.0, 71.0, 72.60, 72.20, 532, otc]
[8477, 17.6, 17.2, 17.50, 17.20, 91, otc]
[8478, 668.0, 575.0, 652.00, 580.00, 18503, tse]
[8481, 60.0, 58.0, 58.30, 59.90, 277, tse]
[8482, 77.0, 75.9, 77.00, 76.90, 24, tse]
[8488, 16.4, 15.35, 15.50, 15.90, 310, tse]
[8489, 26.0, 25.35, 25.60, 25.60, 138, otc]
[8499, 102.0, 100.0, 102.00, 101.00, 218, tse]
[8905, 36.75, 32.65, 35.40, 33.20, 2814, otc]
[8906, 17.15, 16.8, 17.00, 16.80, 38, otc]
[8908, 70.5, 69.9, 70.20, 70.10, 56, otc]
[8916, 54.5, 53.2, 53.60, 53.90, 1044, otc]
[8917, 68.2, 68.1, 68.10, 68.20, 56, otc]
[8921, 14.95, 14.65, 14.65, 14.95, 5, otc]
[8923, 22.25, 20.7, 20.70, 21.15, 70, otc]
[8924, 94.9, 92.9, 94.10, 93.70, 1255, otc]
[8926, 51.2, 49.2, 50.30, 50.20, 24154, tse]
[8927, 50.0, 48.85, 49.30, 50.00, 978, otc]
[8928, 37.4, 36.9, 37.15, 36.90, 139, otc]
[8929, 22.4, 21.75, 22.40, 21.90, 27, otc]
[8930, 22.6, 21.25, 22.45, 21.85, 5629, otc]
[8931, 70.2, 67.4, 69.40, 67.60, 604, otc]
[8932, 70.5, 64.5, 68.20, 64.50, 1076, otc]
[8933, 11.7, 11.5, 11.55, 11.60, 1072, otc]
[8935, 12.8, 12.6, 12.60, 12.80, 118, otc]
[8936, 29.45, 28.4, 28.90, 28.80, 5985, otc]
[8937, 20.3, 19.15, 19.90, 20.20, 1057, otc]
[8938, 80.4, 78.6, 78.70, 79.70, 2187, otc]
[8940, 38.8, 32.3, 32.70, 35.10, 15955, tse]
[8941, 58.3, 57.4, 57.40, 58.00, 51, otc]
[8942, 73.2, 70.3, 70.80, 72.60, 1344, otc]
[8996, 293.5, 262.5, 274.00, 292.50, 25504, tse]
[9103, 6.81, 6.46, 6.46, 6.74, 3959, tse]
[9105, 3.99, 3.8, 3.90, 3.81, 12207, tse]
[9110, 9.44, 6.32, 9.27, 7.13, 4182, tse]
[9136, 6.7, 6.35, 6.35, 6.60, 5029, tse]
[9802, 135.0, 127.5, 134.00, 129.00, 5141, tse]
[9902, 12.75, 12.45, 12.50, 12.65, 991, tse]
[9904, 32.6, 31.95, 32.20, 32.15, 14682, tse]
[9905, 25.7, 25.4, 25.60, 25.50, 524, tse]
[9906, 58.3, 51.6, 52.60, 55.70, 1544, tse]
[9907, 19.9, 19.2, 19.25, 19.70, 15152, tse]
[9908, 32.75, 32.45, 32.55, 32.75, 379, tse]
[9910, 196.5, 189.5, 192.00, 194.00, 4243, tse]
[9911, 66.9, 66.1, 66.40, 66.80, 589, tse]
[9912, 11.15, 9.92, 10.00, 10.75, 1252, tse]
[9914, 202.5, 192.0, 193.00, 196.50, 5741, tse]
[9917, 119.5, 115.0, 119.50, 116.50, 3038, tse]
[9918, 42.7, 41.85, 42.10, 42.60, 58, tse]
[9919, 19.35, 18.6, 19.15, 18.70, 20677, tse]
[9921, 209.0, 202.5, 205.50, 205.00, 5347, tse]
[9924, 44.95, 44.45, 44.50, 44.85, 1730, tse]
[9925, 41.95, 41.55, 41.65, 41.70, 752, tse]
[9926, 54.9, 53.5, 54.40, 54.90, 45, tse]
[9927, 46.3, 45.25, 45.30, 45.55, 1075, tse]
[9928, 19.95, 19.1, 19.45, 19.25, 496, tse]
[9929, 9.15, 8.98, 9.08, 9.10, 242, tse]
[9930, 54.2, 52.9, 54.00, 53.10, 664, tse]
[9931, 41.8, 40.35, 40.45, 40.80, 147, tse]
[9933, 42.45, 41.7, 42.00, 42.00, 6191, tse]
[9934, 13.5, 13.0, 13.25, 13.45, 2503, tse]
[9935, 20.0, 19.15, 19.15, 19.70, 871, tse]
[9937, 65.8, 64.5, 65.00, 65.80, 98, tse]
[9938, 55.9, 54.6, 54.70, 55.10, 1933, tse]
[9939, 108.0, 101.0, 108.00, 102.00, 6845, tse]
[9940, 30.0, 28.8, 29.75, 29.15, 1903, tse]
[9941, 201.0, 195.0, 196.00, 199.00, 3304, tse]
[9942, 162.0, 153.5, 155.50, 159.50, 3463, tse]
[9943, 113.0, 93.5, 95.00, 101.00, 27313, tse]
[9944, 23.7, 22.55, 23.60, 23.70, 4234, tse]
[9945, 37.3, 35.2, 35.20, 36.10, 49509, tse]
[9946, 15.0, 14.65, 15.00, 14.75, 542, tse]
[9949, 16.4, 14.9, 14.90, 15.90, 120, otc]
[9950, 14.35, 14.05, 14.05, 14.35, 102, otc]
[9951, 73.3, 71.9, 71.90, 72.80, 147, otc]
[9955, 26.7, 24.75, 25.00, 25.40, 3501, tse]
[9958, 117.0, 108.0, 110.00, 116.00, 15646, tse]
[9960, 30.9, 29.75, 30.70, 30.05, 108, otc]
[9962, 20.4, 20.15, 20.15, 20.30, 1697, otc]
