[1101, 36.7, 36.2, 36.65, 36.40, 24950, tse]
[1102, 43.45, 43.2, 43.40, 43.25, 4812, tse]
[1103, 19.0, 18.75, 18.95, 18.80, 200, tse]
[1104, 26.6, 26.05, 26.60, 26.35, 2126, tse]
[1108, 14.5, 14.15, 14.30, 14.40, 3603, tse]
[1109, 17.4, 17.05, 17.05, 17.15, 496, tse]
[1110, 17.65, 17.5, 17.60, 17.65, 130, tse]
[1201, 20.15, 19.95, 20.10, 19.95, 527, tse]
[1203, 38.8, 38.1, 38.80, 38.25, 36, tse]
[1210, 52.4, 51.1, 51.50, 51.90, 7108, tse]
[1213, 7.19, 6.92, 6.92, 7.05, 69, tse]
[1215, 85.5, 83.6, 83.80, 84.80, 2438, tse]
[1216, 73.4, 71.9, 72.10, 71.90, 19092, tse]
[1217, 11.85, 11.35, 11.65, 11.40, 6230, tse]
[1218, 30.85, 29.55, 29.95, 30.50, 16232, tse]
[1219, 22.0, 21.6, 21.60, 21.80, 3586, tse]
[1220, 17.95, 16.95, 17.95, 17.30, 6730, tse]
[1225, 61.5, 58.1, 59.20, 60.80, 353, tse]
[1227, 41.0, 40.4, 41.00, 40.50, 1824, tse]
[1229, 58.6, 56.1, 56.20, 58.30, 3627, tse]
[1231, 91.2, 89.5, 89.90, 91.00, 398, tse]
[1232, 149.5, 148.0, 149.00, 149.50, 98, tse]
[1233, 35.0, 34.2, 34.20, 34.80, 62, tse]
[1234, 36.2, 35.65, 36.20, 35.90, 462, tse]
[1235, 70.2, 70.1, 70.10, 70.20, 3, tse]
[1236, 24.35, 24.05, 24.30, 24.10, 90, tse]
[1240, 45.55, 44.95, 45.55, 44.95, 25, otc]
[1256, 338.0, 324.5, 330.00, 330.50, 49, tse]
[1258, 26.75, 26.65, 26.65, 26.70, 89, otc]
[1259, 74.5, 73.8, 74.00, 74.40, 17, otc]
[1264, 272.0, 268.0, 270.00, 270.00, 32, otc]
[1268, 139.5, 136.0, 137.00, 137.50, 315, otc]
[1301, 92.2, 90.8, 91.90, 90.80, 10435, tse]
[1303, 78.0, 76.6, 78.00, 77.50, 6672, tse]
[1304, 27.25, 26.5, 26.70, 27.05, 7295, tse]
[1305, 27.25, 26.15, 26.15, 27.05, 3904, tse]
[1307, 21.1, 20.8, 20.85, 20.95, 284, tse]
[1308, 30.3, 29.15, 29.15, 29.95, 12027, tse]
[1309, 21.6, 21.35, 21.55, 21.55, 1111, tse]
[1310, 14.0, 13.8, 14.00, 13.95, 628, tse]
[1312, 20.85, 20.0, 20.10, 20.20, 9674, tse]
[1313, 14.65, 14.3, 14.45, 14.65, 2020, tse]
[1314, 9.94, 9.85, 9.88, 9.86, 10720, tse]
[1315, 71.5, 70.7, 71.20, 71.50, 74, tse]
[1316, 13.6, 13.0, 13.25, 13.55, 2984, tse]
[1319, 46.55, 44.6, 46.00, 46.50, 8917, tse]
[1321, 38.0, 37.2, 37.20, 37.70, 1052, tse]
[1323, 33.25, 32.6, 33.20, 33.25, 120, tse]
[1324, 11.5, 11.2, 11.30, 11.40, 67, tse]
[1325, 23.8, 23.4, 23.60, 23.75, 163, tse]
[1326, 69.5, 68.5, 69.50, 69.40, 2947, tse]
[1336, 27.0, 25.8, 26.40, 26.75, 1096, otc]
[1337, 7.02, 6.95, 6.99, 6.95, 331, tse]
[1338, 45.85, 45.25, 45.30, 45.45, 142, tse]
[1339, 46.0, 45.2, 45.75, 45.30, 332, tse]
[1340, 10.75, 10.6, 10.75, 10.65, 140, tse]
[1341, 70.1, 69.8, 69.80, 69.90, 20, tse]
[1342, 163.0, 155.5, 156.00, 157.00, 6714, tse]
[1402, 31.5, 31.2, 31.25, 31.30, 8633, tse]
[1409, 18.0, 17.8, 18.00, 17.90, 3319, tse]
[1410, 39.0, 38.35, 38.80, 38.70, 96, tse]
[1413, 9.59, 9.46, 9.54, 9.54, 17, tse]
[1414, 17.9, 17.7, 17.90, 17.90, 189, tse]
[1416, 11.15, 10.9, 10.90, 11.00, 376, tse]
[1417, 13.45, 13.25, 13.30, 13.35, 662, tse]
[1418, 15.6, 14.2, 14.30, 15.60, 245, tse]
[1419, 41.5, 41.2, 41.20, 41.45, 134, tse]
[1423, 20.8, 20.7, 20.75, 20.70, 275, tse]
[1432, 16.6, 16.25, 16.50, 16.55, 561, tse]
[1434, 28.2, 28.0, 28.15, 28.15, 1690, tse]
[1435, 29.9, 25.7, 28.90, 26.30, 398, tse]
[1436, 57.0, 56.5, 56.50, 56.90, 80, tse]
[1437, 29.5, 28.4, 28.40, 29.45, 1774, tse]
[1438, 33.2, 32.05, 32.35, 32.75, 514, tse]
[1439, 23.7, 21.65, 22.20, 23.05, 168, tse]
[1440, 16.95, 16.4, 16.85, 16.85, 3175, tse]
[1441, 8.11, 8.04, 8.10, 8.05, 110, tse]
[1442, 34.3, 32.4, 32.85, 33.90, 3678, tse]
[1443, 29.4, 28.55, 29.30, 28.85, 166, tse]
[1444, 10.4, 10.3, 10.35, 10.35, 1363, tse]
[1445, 17.5, 16.4, 16.45, 17.20, 615, tse]
[1446, 31.65, 31.45, 31.45, 31.55, 62, tse]
[1447, 8.06, 7.97, 7.99, 8.00, 1358, tse]
[1449, 15.8, 15.2, 15.20, 15.50, 216, tse]
[1451, 23.05, 22.6, 23.05, 22.70, 1187, tse]
[1452, 17.9, 17.7, 17.70, 17.75, 113, tse]
[1453, 16.75, 16.2, 16.65, 16.35, 421, tse]
[1454, 13.65, 13.15, 13.15, 13.30, 124, tse]
[1455, 10.75, 10.55, 10.75, 10.70, 1015, tse]
[1456, 15.2, 15.05, 15.10, 15.05, 64, tse]
[1457, 18.8, 18.6, 18.60, 18.70, 218, tse]
[1459, 9.16, 8.92, 9.16, 9.01, 121, tse]
[1460, 7.93, 7.71, 7.80, 7.83, 2304, tse]
[1463, 14.35, 14.15, 14.35, 14.20, 183, tse]
[1464, 15.0, 14.85, 14.90, 14.90, 313, tse]
[1465, 14.4, 14.2, 14.40, 14.25, 68, tse]
[1466, 11.7, 11.5, 11.65, 11.65, 63, tse]
[1467, 11.65, 11.6, 11.65, 11.60, 333, tse]
[1468, 15.75, 14.45, 15.65, 15.70, 111, tse]
[1470, 19.2, 18.9, 19.05, 19.20, 31, tse]
[1471, 7.99, 7.88, 7.88, 7.98, 740, tse]
[1472, 31.8, 29.6, 30.65, 30.00, 58, tse]
[1473, 24.6, 23.55, 24.60, 23.70, 397, tse]
[1474, 12.6, 12.35, 12.35, 12.60, 287, tse]
[1475, 57.8, 55.8, 56.70, 56.10, 143, tse]
[1476, 494.5, 480.0, 490.50, 481.00, 1065, tse]
[1477, 218.5, 212.0, 215.00, 218.00, 2394, tse]
[1503, 83.3, 79.6, 80.00, 81.90, 4844, tse]
[1504, 44.25, 41.7, 42.50, 43.05, 58752, tse]
[1506, 22.35, 21.1, 21.20, 21.75, 1593, tse]
[1512, 13.8, 13.0, 13.40, 13.60, 301, tse]
[1513, 98.7, 94.3, 94.80, 96.80, 38692, tse]
[1514, 40.2, 37.6, 38.10, 39.85, 11086, tse]
[1515, 29.3, 28.95, 29.30, 28.95, 444, tse]
[1516, 20.65, 20.45, 20.65, 20.45, 227, tse]
[1517, 20.1, 19.65, 19.75, 19.90, 671, tse]
[1519, 80.6, 68.2, 69.60, 78.90, 53006, tse]
[1521, 39.2, 37.55, 39.00, 38.45, 61, tse]
[1522, 30.0, 29.35, 29.65, 29.55, 2282, tse]
[1524, 26.7, 25.55, 26.10, 26.55, 8719, tse]
[1525, 66.5, 63.5, 63.60, 66.50, 145, tse]
[1526, 42.45, 41.45, 41.60, 42.15, 306, tse]
[1527, 43.05, 42.55, 43.05, 42.80, 389, tse]
[1528, 11.3, 10.95, 11.05, 11.10, 1429, tse]
[1529, 29.1, 27.25, 28.15, 28.55, 7076, tse]
[1530, 32.45, 32.3, 32.40, 32.30, 25, tse]
[1531, 14.6, 14.45, 14.55, 14.45, 173, tse]
[1532, 35.7, 35.15, 35.70, 35.30, 737, tse]
[1533, 51.1, 50.1, 51.10, 50.40, 371, tse]
[1535, 49.9, 49.0, 49.35, 49.30, 320, tse]
[1536, 72.4, 71.4, 72.30, 72.20, 678, tse]
[1537, 143.0, 142.0, 142.00, 142.50, 95, tse]
[1538, 9.95, 8.79, 9.10, 9.50, 35, tse]
[1539, 32.2, 31.5, 32.00, 31.55, 970, tse]
[1540, 16.85, 16.65, 16.70, 16.70, 419, tse]
[1541, 34.0, 33.8, 33.90, 33.90, 17, tse]
[1558, 113.0, 112.0, 113.00, 112.50, 165, tse]
[1560, 121.5, 117.0, 118.50, 119.00, 10098, tse]
[1565, 260.5, 257.5, 260.00, 259.00, 276, otc]
[1568, 24.55, 23.8, 24.55, 23.90, 610, tse]
[1569, 25.55, 25.05, 25.40, 25.15, 552, otc]
[1570, 18.05, 17.9, 17.90, 17.90, 87, otc]
[1580, 101.5, 99.9, 101.50, 100.00, 280, otc]
[1582, 60.1, 59.1, 59.80, 60.10, 164, tse]
[1583, 68.5, 67.6, 68.50, 68.30, 15, tse]
[1584, 32.0, 30.85, 31.25, 31.05, 12686, otc]
[1586, 33.3, 32.5, 33.25, 33.00, 296, otc]
[1587, 23.2, 22.95, 23.00, 23.00, 85, tse]
[1589, 81.7, 77.8, 78.30, 80.60, 3250, tse]
[1590, 1175.0, 1130.0, 1,170.00, 1,145.00, 1519, tse]
[1591, 27.5, 26.15, 26.65, 26.85, 928, otc]
[1593, 75.5, 73.0, 74.60, 75.00, 35, otc]
[1595, 39.7, 39.3, 39.30, 39.70, 48, otc]
[1597, 79.8, 77.7, 78.60, 78.80, 179, tse]
[1598, 44.6, 43.55, 44.50, 43.90, 505, tse]
[1599, 39.0, 38.4, 38.80, 38.60, 90, otc]
[1603, 27.7, 26.95, 27.10, 27.40, 1678, tse]
[1604, 27.85, 27.4, 27.60, 27.80, 506, tse]
[1605, 50.0, 47.8, 48.45, 49.55, 64510, tse]
[1608, 15.15, 14.65, 14.85, 15.10, 1089, tse]
[1609, 27.35, 26.0, 26.30, 27.20, 84966, tse]
[1611, 16.8, 16.1, 16.70, 16.30, 7708, tse]
[1612, 20.2, 19.65, 19.75, 20.05, 2596, tse]
[1614, 36.9, 36.55, 36.55, 36.75, 120, tse]
[1615, 34.6, 33.55, 34.35, 34.20, 119, tse]
[1616, 8.87, 8.59, 8.75, 8.75, 313, tse]
[1617, 15.1, 15.0, 15.05, 15.05, 65, tse]
[1618, 17.3, 16.9, 17.00, 17.05, 3701, tse]
[1626, 19.05, 18.75, 18.75, 18.85, 170, tse]
[1701, 26.55, 26.05, 26.05, 26.30, 3271, tse]
[1702, 47.6, 47.0, 47.60, 47.20, 368, tse]
[1707, 180.0, 175.0, 180.00, 176.00, 819, tse]
[1708, 42.55, 42.05, 42.55, 42.20, 3325, tse]
[1709, 25.5, 25.1, 25.20, 25.35, 1993, tse]
[1710, 20.35, 19.95, 20.20, 20.25, 4388, tse]
[1711, 18.95, 18.75, 18.80, 18.85, 796, tse]
[1712, 37.75, 36.7, 37.60, 37.10, 3379, tse]
[1713, 28.4, 28.0, 28.15, 28.30, 173, tse]
[1714, 9.14, 8.98, 9.00, 9.09, 2682, tse]
[1717, 32.15, 31.25, 31.35, 31.85, 1899, tse]
[1718, 8.45, 8.3, 8.33, 8.43, 3987, tse]
[1720, 55.9, 55.0, 55.00, 55.40, 1257, tse]
[1721, 14.25, 14.1, 14.15, 14.15, 469, tse]
[1722, 56.4, 55.7, 56.00, 56.20, 1992, tse]
[1723, 116.0, 114.5, 115.50, 114.50, 401, tse]
[1725, 21.4, 21.1, 21.40, 21.10, 10, tse]
[1726, 73.3, 73.0, 73.30, 73.00, 19, tse]
[1727, 25.95, 25.45, 25.60, 25.70, 337, tse]
[1730, 56.8, 56.5, 56.60, 56.50, 64, tse]
[1731, 19.8, 19.65, 19.65, 19.75, 198, tse]
[1732, 28.25, 27.5, 27.90, 28.00, 254, tse]
[1733, 26.35, 26.0, 26.00, 26.15, 545, tse]
[1734, 31.45, 31.0, 31.00, 31.30, 1020, tse]
[1735, 15.55, 15.25, 15.25, 15.40, 9, tse]
[1736, 67.5, 66.0, 66.20, 67.00, 561, tse]
[1737, 33.7, 33.5, 33.70, 33.65, 279, tse]
[1742, 15.1, 14.9, 15.05, 15.00, 401, otc]
[1752, 61.8, 60.2, 60.50, 61.10, 5057, tse]
[1760, 181.0, 164.5, 165.50, 178.50, 21779, tse]
[1762, 83.3, 79.2, 79.50, 82.60, 10014, tse]
[1773, 127.0, 122.5, 123.50, 125.50, 642, tse]
[1776, 17.0, 16.8, 17.00, 16.85, 40, tse]
[1777, 84.0, 82.1, 82.30, 84.00, 99, otc]
[1781, 15.35, 15.1, 15.20, 15.30, 91, otc]
[1783, 57.1, 55.7, 55.70, 56.50, 1721, tse]
[1784, 48.4, 46.55, 47.40, 48.20, 2288, otc]
[1785, 37.85, 36.3, 37.15, 37.30, 4674, otc]
[1786, 67.1, 64.6, 65.10, 65.60, 356, tse]
[1788, 146.0, 144.5, 144.50, 146.00, 27, otc]
[1789, 26.7, 26.0, 26.05, 26.60, 1593, tse]
[1795, 280.0, 252.5, 252.50, 273.00, 43170, tse]
[1796, 113.0, 95.6, 95.70, 103.00, 3685, otc]
[1799, 21.3, 19.7, 19.85, 19.75, 134, otc]
[1802, 20.45, 20.1, 20.30, 20.25, 6291, tse]
[1805, 10.3, 10.0, 10.25, 10.15, 28, tse]
[1806, 9.28, 9.08, 9.18, 9.10, 523, tse]
[1808, 72.4, 70.0, 70.00, 72.00, 747, tse]
[1809, 14.4, 13.7, 13.95, 14.00, 2289, tse]
[1810, 19.1, 18.15, 18.30, 18.75, 8474, tse]
[1813, 22.45, 22.15, 22.25, 22.45, 89, otc]
[1815, 12.15, 11.9, 12.10, 11.95, 1328, otc]
[1817, 40.4, 39.4, 39.40, 39.85, 547, tse]
[1903, 43.95, 43.05, 43.65, 43.20, 481, tse]
[1904, 28.75, 28.2, 28.25, 28.75, 2062, tse]
[1905, 16.3, 16.15, 16.15, 16.30, 852, tse]
[1906, 16.75, 16.2, 16.60, 16.25, 685, tse]
[1907, 27.15, 26.5, 26.55, 27.15, 2325, tse]
[1909, 17.15, 16.85, 16.95, 17.10, 1997, tse]
[2002, 31.05, 30.7, 31.00, 30.80, 22524, tse]
[2006, 57.9, 55.8, 56.00, 57.50, 4553, tse]
[2007, 11.4, 11.25, 11.40, 11.35, 565, tse]
[2008, 20.0, 19.65, 19.65, 19.95, 624, tse]
[2009, 34.85, 33.5, 33.80, 34.55, 2975, tse]
[2010, 16.0, 15.85, 16.00, 16.00, 569, tse]
[2012, 24.8, 24.25, 24.60, 24.80, 372, tse]
[2013, 58.8, 57.9, 58.80, 58.00, 320, tse]
[2014, 26.85, 26.15, 26.40, 26.55, 9857, tse]
[2015, 68.9, 67.4, 68.10, 68.20, 707, tse]
[2017, 18.2, 17.65, 18.15, 17.70, 2438, tse]
[2020, 23.6, 23.35, 23.60, 23.40, 197, tse]
[2022, 8.32, 8.25, 8.29, 8.28, 1082, tse]
[2023, 15.7, 15.5, 15.70, 15.60, 2260, tse]
[2024, 19.6, 19.35, 19.60, 19.35, 34, tse]
[2025, 5.7, 5.4, 5.48, 5.50, 998, tse]
[2027, 45.55, 44.7, 45.50, 44.85, 16753, tse]
[2028, 27.5, 27.1, 27.50, 27.30, 469, tse]
[2029, 26.15, 25.85, 26.05, 26.00, 413, tse]
[2030, 23.5, 23.15, 23.50, 23.35, 968, tse]
[2031, 48.2, 46.4, 48.00, 46.55, 3012, tse]
[2032, 19.65, 19.3, 19.30, 19.60, 201, tse]
[2033, 16.25, 15.75, 16.25, 15.75, 256, tse]
[2034, 29.5, 29.05, 29.50, 29.15, 1468, tse]
[2035, 31.4, 31.0, 31.10, 31.30, 12, otc]
[2038, 21.9, 21.55, 21.75, 21.75, 531, tse]
[2049, 253.0, 244.5, 250.00, 251.00, 4020, tse]
[2059, 392.0, 380.5, 385.50, 386.50, 458, tse]
[2061, 22.5, 20.5, 22.50, 21.85, 449, otc]
[2062, 23.4, 23.05, 23.15, 23.05, 210, tse]
[2063, 45.3, 44.6, 44.75, 45.10, 72, otc]
[2064, 19.65, 19.05, 19.05, 19.40, 38, otc]
[2065, 61.9, 58.7, 59.50, 60.90, 1427, otc]
[2066, 91.0, 87.6, 88.50, 90.70, 771, otc]
[2067, 12.3, 11.1, 11.10, 11.95, 132, otc]
[2069, 20.15, 19.95, 20.15, 19.95, 317, tse]
[2070, 39.0, 37.0, 37.45, 37.75, 128, otc]
[2101, 41.35, 38.65, 39.30, 40.95, 5884, tse]
[2102, 21.85, 21.55, 21.75, 21.80, 1240, tse]
[2103, 28.2, 27.95, 28.20, 28.05, 1048, tse]
[2104, 19.85, 19.6, 19.75, 19.80, 3538, tse]
[2105, 36.9, 36.05, 36.70, 36.80, 6425, tse]
[2106, 31.65, 31.2, 31.50, 31.40, 1626, tse]
[2107, 22.2, 21.9, 22.15, 22.05, 794, tse]
[2108, 40.2, 39.65, 40.00, 39.90, 1190, tse]
[2109, 14.7, 14.6, 14.65, 14.65, 171, tse]
[2114, 99.5, 99.0, 99.00, 99.40, 30, tse]
[2115, 32.35, 32.0, 32.35, 32.10, 44, tse]
[2201, 75.0, 72.6, 75.00, 74.30, 12820, tse]
[2204, 64.7, 63.1, 63.90, 64.40, 4514, tse]
[2206, 41.2, 38.75, 39.00, 41.15, 13320, tse]
[2207, 643.0, 630.0, 642.00, 637.00, 202, tse]
[2208, 24.5, 22.7, 23.85, 22.80, 53941, tse]
[2211, 56.7, 55.6, 56.00, 56.50, 1772, tse]
[2221, 44.2, 43.6, 44.10, 43.75, 162, otc]
[2227, 196.0, 194.0, 196.00, 195.00, 37, tse]
[2228, 84.7, 82.7, 84.70, 82.70, 396, tse]
[2230, 85.8, 75.6, 75.60, 85.80, 5401, otc]
[2231, 192.0, 182.0, 183.00, 186.00, 6322, tse]
[2233, 121.0, 114.0, 114.00, 120.50, 3572, tse]
[2235, 46.9, 45.7, 46.00, 46.90, 12, otc]
[2236, 40.6, 38.55, 38.80, 38.70, 692, tse]
[2239, 73.2, 72.0, 73.20, 72.70, 148, tse]
[2241, 38.6, 36.55, 37.20, 36.75, 277, tse]
[2243, 21.9, 20.7, 21.75, 21.05, 2060, tse]
[2247, 267.0, 258.5, 262.00, 263.00, 536, tse]
[2250, 73.0, 72.0, 72.20, 72.90, 16, tse]
[2301, 74.4, 73.1, 73.90, 73.20, 9827, tse]
[2302, 23.3, 21.8, 22.55, 23.10, 11490, tse]
[2303, 53.0, 52.1, 52.60, 52.40, 45414, tse]
[2305, 24.9, 24.55, 24.85, 24.70, 347, tse]
[2308, 296.5, 292.5, 295.00, 294.00, 11380, tse]
[2312, 13.2, 13.0, 13.10, 13.15, 4760, tse]
[2313, 46.65, 45.9, 46.35, 46.40, 11693, tse]
[2314, 43.6, 42.25, 42.80, 42.85, 1178, tse]
[2316, 28.9, 28.4, 28.70, 28.70, 456, tse]
[2317, 105.5, 103.0, 104.50, 103.00, 51198, tse]
[2321, 24.4, 22.1, 22.10, 23.90, 135, tse]
[2323, 7.99, 7.86, 7.91, 7.97, 4034, tse]
[2324, 25.65, 24.85, 25.15, 25.65, 38546, tse]
[2327, 526.0, 515.0, 526.00, 516.00, 3117, tse]
[2328, 39.7, 39.0, 39.65, 39.00, 4472, tse]
[2329, 21.35, 20.55, 20.60, 20.70, 6835, tse]
[2330, 535.0, 526.0, 530.00, 531.00, 37820, tse]
[2331, 22.75, 22.05, 22.75, 22.10, 4783, tse]
[2332, 19.0, 18.25, 18.30, 18.75, 7902, tse]
[2337, 35.55, 34.1, 35.00, 35.15, 23213, tse]
[2338, 95.0, 92.6, 93.40, 93.10, 8360, tse]
[2340, 39.85, 38.05, 38.95, 39.40, 4096, tse]
[2342, 48.2, 46.0, 47.40, 46.20, 10519, tse]
[2344, 26.8, 25.5, 26.05, 26.50, 136078, tse]
[2345, 323.5, 305.5, 317.00, 309.00, 11391, tse]
[2347, 61.2, 60.3, 60.80, 60.70, 5051, tse]
[2348, 68.6, 67.8, 68.40, 68.20, 84, tse]
[2349, 8.94, 8.75, 8.94, 8.83, 2861, tse]
[2351, 138.0, 130.0, 132.00, 133.00, 4753, tse]
[2352, 33.0, 31.5, 31.80, 32.35, 26338, tse]
[2353, 28.65, 27.9, 27.90, 28.35, 16472, tse]
[2354, 56.5, 55.5, 56.30, 55.50, 6846, tse]
[2355, 33.3, 32.3, 32.65, 32.65, 4223, tse]
[2356, 33.9, 31.5, 32.35, 31.50, 55127, tse]
[2357, 272.0, 268.5, 269.50, 270.00, 2248, tse]
[2358, 14.45, 12.6, 14.40, 12.60, 5142, tse]
[2359, 32.25, 31.05, 31.80, 31.50, 4822, tse]
[2360, 182.0, 173.5, 176.50, 180.50, 2855, tse]
[2362, 30.45, 30.15, 30.40, 30.25, 1246, tse]
[2363, 18.9, 18.65, 18.65, 18.80, 1727, tse]
[2364, 118.0, 103.5, 103.50, 108.00, 6229, tse]
[2365, 10.7, 10.5, 10.70, 10.50, 286, tse]
[2367, 19.2, 19.0, 19.05, 19.05, 4541, tse]
[2368, 97.7, 93.3, 97.70, 95.30, 19154, tse]
[2369, 15.1, 14.85, 15.10, 14.95, 1031, tse]
[2371, 33.25, 32.65, 32.90, 32.95, 8003, tse]
[2373, 79.5, 79.0, 79.50, 79.00, 126, tse]
[2374, 20.2, 20.0, 20.05, 20.10, 842, tse]
[2375, 74.1, 72.3, 74.10, 72.50, 1393, tse]
[2376, 138.5, 132.5, 133.50, 134.00, 16907, tse]
[2377, 145.0, 142.0, 144.00, 144.00, 2362, tse]
[2379, 386.0, 379.0, 384.50, 379.00, 2894, tse]
[2380, 10.35, 10.25, 10.30, 10.30, 691, tse]
[2382, 90.3, 88.9, 89.10, 89.80, 22770, tse]
[2383, 182.5, 178.0, 181.00, 179.50, 1663, tse]
[2385, 96.5, 94.1, 94.30, 95.70, 4568, tse]
[2387, 44.7, 44.0, 44.60, 44.35, 1472, tse]
[2388, 86.7, 84.8, 85.70, 85.40, 14494, tse]
[2390, 12.75, 12.25, 12.50, 12.55, 1148, tse]
[2392, 41.85, 41.0, 41.15, 41.80, 1884, tse]
[2393, 40.85, 40.05, 40.10, 40.40, 1072, tse]
[2395, 362.5, 352.0, 360.00, 353.00, 2033, tse]
[2397, 69.4, 67.9, 69.40, 68.80, 252, tse]
[2399, 16.2, 15.7, 16.20, 15.85, 1717, tse]
[2401, 24.95, 24.6, 24.90, 24.85, 1871, tse]
[2402, 27.85, 26.45, 27.00, 26.75, 30393, tse]
[2404, 213.0, 207.5, 211.00, 210.50, 1474, tse]
[2405, 12.35, 12.15, 12.35, 12.15, 1261, tse]
[2406, 20.2, 19.8, 20.00, 19.85, 2423, tse]
[2408, 68.8, 64.1, 64.90, 68.60, 49898, tse]
[2409, 18.75, 18.05, 18.35, 18.50, 45342, tse]
[2412, 121.0, 119.5, 120.00, 121.00, 14296, tse]
[2413, 35.45, 34.1, 34.45, 35.00, 6650, tse]
[2414, 34.0, 33.5, 33.50, 33.95, 100, tse]
[2415, 24.95, 24.4, 24.50, 24.55, 86, tse]
[2417, 24.05, 23.1, 23.35, 23.90, 628, tse]
[2419, 28.6, 27.65, 27.80, 28.15, 4450, tse]
[2420, 44.2, 43.65, 44.00, 43.95, 345, tse]
[2421, 53.5, 51.6, 52.00, 51.70, 7213, tse]
[2423, 33.8, 31.65, 31.95, 33.70, 1235, tse]
[2424, 22.7, 22.15, 22.70, 22.15, 53, tse]
[2425, 32.5, 31.6, 32.10, 32.00, 2106, tse]
[2426, 18.65, 18.3, 18.55, 18.45, 902, tse]
[2427, 15.65, 14.85, 15.00, 15.60, 7442, tse]
[2428, 152.5, 149.0, 152.00, 152.00, 878, tse]
[2429, 19.55, 17.6, 19.55, 19.05, 762, tse]
[2430, 42.9, 42.05, 42.50, 42.75, 603, tse]
[2431, 11.1, 10.7, 10.75, 10.95, 708, tse]
[2433, 52.0, 51.5, 51.50, 51.90, 35, tse]
[2434, 31.9, 30.1, 30.50, 30.30, 100, tse]
[2436, 56.2, 51.6, 52.00, 53.70, 27878, tse]
[2438, 24.3, 22.4, 22.65, 24.30, 2878, tse]
[2439, 88.8, 87.6, 88.50, 88.10, 718, tse]
[2440, 11.5, 11.25, 11.40, 11.30, 455, tse]
[2441, 54.1, 53.0, 53.50, 54.10, 1322, tse]
[2442, 16.7, 15.45, 15.60, 16.65, 6892, tse]
[2443, 3.9, 3.45, 3.45, 3.88, 3680, tse]
[2444, 17.0, 16.55, 16.65, 16.75, 1048, tse]
[2449, 49.05, 47.75, 48.55, 48.40, 10173, tse]
[2450, 35.5, 35.0, 35.10, 35.30, 375, tse]
[2451, 73.9, 72.7, 73.00, 73.50, 718, tse]
[2453, 69.1, 65.2, 67.10, 67.00, 18200, tse]
[2454, 777.0, 743.0, 774.00, 749.00, 13919, tse]
[2455, 96.5, 91.0, 92.20, 94.50, 6139, tse]
[2457, 63.5, 59.2, 60.50, 62.50, 44729, tse]
[2458, 101.5, 98.2, 99.80, 101.00, 2148, tse]
[2459, 57.3, 56.5, 56.50, 56.90, 149, tse]
[2460, 18.75, 18.4, 18.50, 18.60, 144, tse]
[2461, 22.5, 22.15, 22.25, 22.30, 863, tse]
[2462, 30.85, 29.9, 30.00, 30.55, 752, tse]
[2464, 38.1, 37.9, 38.00, 38.05, 208, tse]
[2465, 39.75, 38.75, 39.75, 39.00, 1000, tse]
[2466, 35.25, 34.65, 35.20, 34.90, 37, tse]
[2467, 48.4, 47.6, 48.40, 48.00, 227, tse]
[2468, 25.45, 24.35, 25.15, 25.35, 901, tse]
[2471, 51.2, 48.55, 49.30, 49.00, 7493, tse]
[2472, 65.3, 64.5, 65.30, 64.50, 1351, tse]
[2474, 190.0, 185.0, 190.00, 185.00, 1555, tse]
[2476, 58.5, 56.5, 57.50, 57.60, 5384, tse]
[2477, 21.3, 21.1, 21.15, 21.20, 56, tse]
[2478, 46.65, 46.0, 46.55, 46.60, 190, tse]
[2480, 96.9, 95.6, 96.90, 96.50, 180, tse]
[2481, 72.3, 71.1, 71.60, 71.50, 7073, tse]
[2482, 66.4, 62.0, 63.10, 65.10, 25188, tse]
[2483, 25.55, 25.25, 25.55, 25.45, 238, tse]
[2484, 38.5, 36.85, 37.45, 38.25, 25120, tse]
[2485, 20.6, 19.9, 20.25, 19.95, 3181, tse]
[2486, 29.4, 27.8, 28.35, 28.60, 8355, tse]
[2488, 31.15, 30.7, 30.70, 31.05, 171, tse]
[2489, 10.15, 10.0, 10.15, 10.05, 2194, tse]
[2491, 11.6, 11.3, 11.50, 11.35, 99, tse]
[2492, 96.7, 93.5, 96.70, 94.70, 2879, tse]
[2493, 53.9, 50.3, 53.90, 52.90, 575, tse]
[2495, 24.0, 22.2, 22.65, 22.25, 17312, tse]
[2496, 54.6, 53.1, 53.40, 53.50, 219, tse]
[2497, 78.7, 77.0, 78.40, 78.10, 1651, tse]
[2498, 65.8, 62.2, 62.70, 64.10, 42904, tse]
[2501, 17.3, 17.05, 17.20, 17.15, 872, tse]
[2504, 27.85, 27.6, 27.85, 27.80, 2239, tse]
[2505, 18.4, 18.15, 18.30, 18.30, 421, tse]
[2506, 9.23, 9.18, 9.19, 9.21, 660, tse]
[2509, 15.2, 15.0, 15.00, 15.10, 72, tse]
[2511, 11.85, 11.6, 11.70, 11.85, 1063, tse]
[2514, 17.55, 17.25, 17.45, 17.30, 375, tse]
[2515, 9.28, 9.22, 9.26, 9.26, 8209, tse]
[2516, 4.93, 4.87, 4.90, 4.92, 185, tse]
[2520, 30.5, 29.95, 30.00, 30.40, 1342, tse]
[2524, 32.4, 31.15, 31.80, 32.00, 585, tse]
[2527, 22.75, 22.1, 22.20, 22.70, 439, tse]
[2528, 24.75, 20.95, 20.95, 24.50, 4194, tse]
[2530, 19.2, 18.25, 18.25, 19.10, 2510, tse]
[2534, 23.0, 22.7, 22.90, 22.95, 4251, tse]
[2535, 33.85, 33.4, 33.40, 33.75, 2276, tse]
[2536, 24.6, 24.25, 24.60, 24.30, 816, tse]
[2537, 6.98, 6.84, 6.86, 6.91, 1270, tse]
[2538, 12.9, 12.7, 12.70, 12.80, 759, tse]
[2539, 38.2, 37.05, 37.25, 37.15, 918, tse]
[2540, 73.6, 71.6, 73.30, 71.90, 764, tse]
[2542, 41.75, 40.85, 41.15, 41.70, 6373, tse]
[2543, 9.46, 9.3, 9.33, 9.33, 131, tse]
[2545, 45.75, 45.0, 45.40, 45.60, 884, tse]
[2546, 72.8, 67.9, 68.10, 69.20, 1210, tse]
[2547, 9.19, 9.07, 9.11, 9.08, 2225, tse]
[2548, 93.4, 92.9, 93.00, 93.10, 856, tse]
[2596, 22.05, 21.3, 21.40, 22.00, 457, otc]
[2597, 124.5, 123.0, 124.00, 123.50, 129, tse]
[2601, 9.2, 9.06, 9.15, 9.15, 4899, tse]
[2603, 163.5, 158.0, 160.00, 163.50, 40489, tse]
[2605, 26.0, 25.1, 25.20, 25.70, 19192, tse]
[2606, 58.8, 55.6, 57.00, 57.60, 29407, tse]
[2607, 28.2, 27.7, 27.70, 28.00, 3978, tse]
[2608, 38.35, 37.85, 37.95, 38.05, 255, tse]
[2609, 66.0, 63.8, 64.70, 65.60, 59003, tse]
[2610, 19.55, 19.15, 19.55, 19.35, 27896, tse]
[2611, 13.8, 13.55, 13.55, 13.70, 821, tse]
[2612, 40.6, 39.7, 40.05, 40.35, 1204, tse]
[2613, 22.6, 22.25, 22.50, 22.45, 423, tse]
[2614, 19.2, 18.8, 19.20, 18.90, 2603, tse]
[2615, 69.8, 67.7, 68.70, 69.40, 17039, tse]
[2616, 32.55, 32.05, 32.55, 32.15, 317, tse]
[2617, 32.45, 31.35, 31.35, 32.20, 4195, tse]
[2618, 26.95, 26.4, 26.95, 26.50, 30331, tse]
[2630, 19.1, 18.8, 18.80, 19.00, 562, tse]
[2633, 30.4, 30.1, 30.35, 30.15, 5693, tse]
[2634, 42.7, 41.85, 42.10, 42.40, 23883, tse]
[2636, 79.4, 77.8, 79.40, 78.90, 1574, tse]
[2637, 66.8, 63.7, 64.80, 66.60, 14590, tse]
[2640, 115.5, 112.5, 114.00, 115.00, 141, otc]
[2641, 20.5, 19.6, 19.60, 20.40, 9234, otc]
[2642, 47.5, 47.0, 47.50, 47.50, 190, tse]
[2643, 77.3, 75.1, 75.20, 77.30, 274, otc]
[2645, 106.0, 96.7, 98.00, 102.00, 9997, tse]
[2701, 12.55, 12.5, 12.55, 12.55, 438, tse]
[2702, 23.55, 23.2, 23.30, 23.35, 435, tse]
[2704, 35.35, 34.75, 35.35, 35.10, 301, tse]
[2705, 17.35, 17.0, 17.20, 17.10, 667, tse]
[2706, 14.7, 14.5, 14.70, 14.65, 431, tse]
[2707, 282.0, 273.5, 280.50, 276.50, 1362, tse]
[2712, 35.55, 34.9, 35.50, 35.25, 123, tse]
[2718, 52.7, 48.1, 48.15, 50.40, 35, otc]
[2719, 52.0, 49.4, 51.10, 50.90, 97, otc]
[2722, 51.0, 49.3, 50.70, 49.50, 785, tse]
[2723, 144.0, 138.5, 144.00, 138.50, 3549, tse]
[2724, NaN, NaN, NaN, NaN, 0, otc]
[2726, 29.6, 28.75, 29.60, 28.80, 162, otc]
[2727, 311.5, 295.5, 311.50, 297.00, 5898, tse]
[2729, 235.0, 230.5, 232.50, 232.00, 136, otc]
[2731, 154.0, 146.0, 149.00, 148.00, 9865, tse]
[2732, 178.5, 168.0, 178.00, 170.50, 1362, otc]
[2734, 32.95, 32.05, 32.90, 32.70, 326, otc]
[2736, 24.25, 23.6, 24.05, 23.60, 869, otc]
[2739, 56.9, 54.6, 56.70, 56.20, 748, tse]
[2740, 47.95, 47.95, 47.95, 47.95, 5, otc]
[2743, 59.3, 58.4, 59.30, 58.40, 774, otc]
[2745, 40.4, 39.55, 40.40, 39.60, 160, otc]
[2748, 92.3, 86.7, 91.90, 87.10, 4748, tse]
[2752, 263.5, 258.0, 263.50, 258.00, 13, otc]
[2753, 187.5, 182.5, 184.00, 186.00, 1963, tse]
[2754, 159.5, 151.0, 159.50, 152.50, 947, otc]
[2755, 143.0, 137.5, 140.00, 140.00, 143, otc]
[2756, 148.0, 142.5, 146.50, 142.50, 104, otc]
[2801, 17.5, 17.2, 17.30, 17.40, 14535, tse]
[2809, 35.55, 35.25, 35.25, 35.45, 1725, tse]
[2812, 13.95, 13.8, 13.85, 13.95, 7824, tse]
[2816, 15.35, 15.15, 15.20, 15.25, 159, tse]
[2820, 15.0, 14.9, 15.00, 14.90, 987, tse]
[2832, 20.9, 20.7, 20.80, 20.80, 104, tse]
[2834, 13.55, 13.35, 13.45, 13.40, 34244, tse]
[2836, 12.3, 12.2, 12.25, 12.30, 331, tse]
[2838, 15.8, 15.4, 15.70, 15.65, 1070, tse]
[2845, 11.25, 11.05, 11.10, 11.20, 6403, tse]
[2849, 14.85, 14.7, 14.80, 14.70, 102, tse]
[2850, 51.1, 49.55, 49.80, 50.90, 665, tse]
[2851, 17.7, 17.55, 17.70, 17.65, 1420, tse]
[2852, 15.7, 15.5, 15.55, 15.65, 290, tse]
[2855, 16.2, 16.0, 16.05, 16.10, 843, tse]
[2867, 5.03, 4.86, 5.03, 4.95, 78844, tse]
[2880, 22.55, 22.2, 22.20, 22.45, 12034, tse]
[2881, 57.1, 56.3, 57.10, 56.90, 13258, tse]
[2882, 42.4, 41.5, 42.00, 42.25, 33785, tse]
[2883, 12.8, 12.5, 12.55, 12.80, 51570, tse]
[2884, 25.6, 24.9, 25.30, 25.00, 62228, tse]
[2885, 22.45, 22.2, 22.20, 22.40, 18251, tse]
[2886, 33.1, 32.7, 32.95, 32.80, 19847, tse]
[2887, 16.7, 16.5, 16.60, 16.65, 21906, tse]
[2888, 8.51, 8.39, 8.42, 8.50, 50356, tse]
[2889, 12.4, 12.15, 12.30, 12.25, 12510, tse]
[2890, 16.65, 16.5, 16.60, 16.60, 29059, tse]
[2891, 21.85, 21.65, 21.85, 21.70, 43006, tse]
[2892, 26.65, 26.35, 26.55, 26.50, 14414, tse]
[2897, 9.89, 9.68, 9.70, 9.83, 12104, tse]
[2901, 24.9, 24.5, 24.85, 24.85, 63, tse]
[2903, 23.0, 22.7, 22.75, 22.95, 3975, tse]
[2904, 21.05, 20.85, 20.85, 21.05, 73, tse]
[2905, 15.45, 15.2, 15.35, 15.35, 627, tse]
[2906, 17.7, 17.15, 17.35, 17.30, 744, tse]
[2908, 21.0, 20.9, 20.95, 20.95, 496, tse]
[2910, 30.45, 30.2, 30.45, 30.20, 9, tse]
[2911, 7.15, 7.12, 7.14, 7.13, 213, tse]
[2912, 270.0, 267.5, 268.00, 269.50, 1684, tse]
[2913, 21.65, 21.35, 21.50, 21.45, 1176, tse]
[2915, 57.1, 55.8, 56.80, 56.70, 4918, tse]
[2916, 33.4, 31.5, 32.65, 33.00, 601, otc]
[2923, 22.85, 22.8, 22.85, 22.85, 9, tse]
[2924, 36.5, 36.5, 36.50, 36.50, 1, otc]
[2926, 69.0, 63.5, 63.50, 66.20, 121, otc]
[2929, 13.85, 13.6, 13.80, 13.80, 735, tse]
[2937, 34.55, 34.4, 34.55, 34.50, 18, otc]
[2939, 35.6, 34.5, 34.60, 35.30, 519, tse]
[2945, 42.5, 41.85, 42.10, 41.90, 35, tse]
[2947, 93.6, 91.0, 91.00, 92.80, 7, otc]
[3002, 12.3, 12.0, 12.05, 12.15, 642, tse]
[3003, 71.4, 69.5, 71.40, 70.00, 989, tse]
[3004, 98.6, 90.1, 93.90, 90.10, 5434, tse]
[3005, 56.3, 53.1, 53.50, 55.60, 9182, tse]
[3006, 85.9, 80.6, 82.70, 84.00, 25976, tse]
[3008, 2195.0, 2135.0, 2,180.00, 2,135.00, 794, tse]
[3010, 88.0, 87.0, 88.00, 87.20, 537, tse]
[3011, 24.25, 23.1, 23.15, 24.00, 5053, tse]
[3013, 22.6, 21.85, 22.45, 22.05, 7789, tse]
[3014, 90.7, 89.0, 89.90, 90.00, 1242, tse]
[3015, 47.75, 46.3, 46.80, 47.65, 862, tse]
[3016, 72.0, 70.7, 72.00, 71.40, 642, tse]
[3017, 146.5, 138.5, 140.00, 144.50, 14806, tse]
[3019, 66.4, 65.3, 66.10, 65.50, 1159, tse]
[3021, 21.85, 21.5, 21.70, 21.80, 110, tse]
[3022, 86.7, 84.4, 85.20, 85.80, 3612, tse]
[3023, 342.0, 323.0, 339.50, 337.50, 2300, tse]
[3024, 15.0, 14.7, 14.90, 14.75, 1375, tse]
[3025, 31.9, 27.4, 28.00, 31.50, 43048, tse]
[3026, 101.0, 99.4, 100.50, 100.50, 324, tse]
[3027, 48.2, 46.15, 46.50, 47.20, 13652, tse]
[3028, 32.9, 32.45, 32.90, 32.80, 1313, tse]
[3029, 55.4, 53.6, 54.80, 55.00, 4081, tse]
[3030, 64.3, 63.3, 63.40, 63.90, 525, tse]
[3031, 18.45, 18.2, 18.20, 18.35, 163, tse]
[3032, 46.45, 43.55, 46.05, 44.85, 18725, tse]
[3033, 30.15, 29.75, 29.90, 30.10, 1964, tse]
[3034, 442.0, 432.0, 433.50, 439.00, 10912, tse]
[3035, 204.0, 193.5, 197.00, 200.00, 31485, tse]
[3036, 67.8, 66.5, 67.70, 67.50, 1217, tse]
[3037, 146.0, 142.0, 145.50, 144.50, 31827, tse]
[3038, 26.65, 25.5, 26.35, 25.70, 10278, tse]
[3040, 33.0, 32.5, 32.80, 32.90, 43, tse]
[3041, 21.6, 21.0, 21.60, 21.10, 1677, tse]
[3042, 89.0, 87.6, 89.00, 88.90, 1999, tse]
[3043, 41.0, 38.4, 38.65, 39.30, 974, tse]
[3044, 113.5, 110.5, 112.00, 112.50, 1530, tse]
[3045, 102.0, 100.0, 101.00, 101.50, 5074, tse]
[3046, 72.5, 68.7, 70.60, 70.00, 12707, tse]
[3047, 17.0, 16.6, 16.70, 16.80, 4049, tse]
[3048, 28.8, 28.4, 28.50, 28.65, 786, tse]
[3049, 9.9, 9.8, 9.90, 9.84, 1421, tse]
[3050, 16.0, 15.65, 15.75, 15.90, 1412, tse]
[3051, 19.65, 18.85, 19.50, 18.90, 1230, tse]
[3052, 11.1, 10.95, 10.95, 11.00, 1261, tse]
[3054, 19.9, 19.2, 19.90, 19.40, 57, tse]
[3055, 29.85, 29.1, 29.45, 29.50, 229, tse]
[3056, 48.6, 46.15, 46.50, 47.90, 28038, tse]
[3057, 11.6, 11.1, 11.50, 11.25, 93, tse]
[3058, 16.0, 15.35, 15.75, 15.40, 2294, tse]
[3059, 35.85, 35.15, 35.80, 35.25, 2514, tse]
[3060, 17.5, 17.25, 17.45, 17.40, 222, tse]
[3062, 23.6, 23.05, 23.40, 23.25, 1701, tse]
[3064, NaN, NaN, NaN, NaN, 0, otc]
[3066, 25.3, 24.6, 25.30, 24.70, 120, otc]
[3067, NaN, NaN, NaN, NaN, 0, otc]
[3071, 27.7, 27.2, 27.70, 27.20, 816, otc]
[3078, 44.25, 41.55, 44.25, 42.85, 9930, otc]
[3081, 138.0, 132.5, 133.00, 138.00, 5741, otc]
[3083, 44.4, 43.25, 43.70, 43.90, 207, otc]
[3085, 21.9, 20.5, 21.90, 21.50, 12, otc]
[3086, 76.0, 74.3, 74.30, 74.80, 7, otc]
[3088, 77.4, 74.0, 77.00, 76.90, 3602, otc]
[3089, 54.9, 52.0, 53.60, 54.60, 54, otc]
[3090, 59.2, 58.3, 59.00, 58.60, 1274, tse]
[3092, 35.2, 34.7, 34.90, 35.10, 606, tse]
[3093, 39.7, 38.15, 39.70, 38.15, 1899, otc]
[3094, 33.85, 33.05, 33.40, 33.45, 945, tse]
[3095, 29.0, 25.05, 29.00, 25.05, 112, otc]
[3105, 186.0, 181.0, 182.50, 182.00, 9149, otc]
[3114, 27.3, 27.1, 27.15, 27.15, 115, otc]
[3115, 11.35, 11.2, 11.20, 11.35, 8, otc]
[3118, 30.65, 29.8, 30.45, 30.20, 43, otc]
[3122, 27.65, 27.1, 27.65, 27.20, 372, otc]
[3128, 41.9, 41.2, 41.70, 41.70, 552, otc]
[3130, 209.0, 208.5, 208.50, 208.50, 19, tse]
[3131, 313.0, 304.0, 305.00, 308.00, 239, otc]
[3138, 161.5, 157.5, 159.50, 159.00, 513, tse]
[3141, 106.5, 101.5, 105.00, 105.00, 2395, otc]
[3147, 62.8, 61.6, 62.10, 62.30, 298, otc]
[3149, 18.3, 18.1, 18.30, 18.20, 380, tse]
[3152, 239.0, 229.0, 234.50, 234.00, 255, otc]
[3162, 62.3, 59.3, 60.80, 59.60, 8004, otc]
[3163, 56.9, 55.6, 56.70, 56.20, 1090, otc]
[3164, 24.65, 24.2, 24.40, 24.35, 85, tse]
[3167, 43.7, 43.35, 43.60, 43.50, 68, tse]
[3169, 125.0, 122.0, 124.00, 123.00, 655, otc]
[3171, 18.4, 17.75, 17.90, 18.20, 80, otc]
[3176, 33.45, 32.1, 32.55, 32.95, 430, otc]
[3178, 81.8, 77.5, 78.50, 80.40, 1137, otc]
[3188, 13.35, 12.95, 12.95, 13.30, 861, otc]
[3189, 117.0, 114.0, 115.00, 114.00, 7684, tse]
[3191, 8.3, 7.95, 8.02, 8.04, 101, otc]
[3202, 16.8, 15.6, 15.60, 16.75, 2852, otc]
[3205, 42.6, 39.6, 39.60, 41.40, 907, otc]
[3206, 31.6, 31.3, 31.60, 31.45, 98, otc]
[3207, 76.8, 73.8, 74.10, 76.40, 3222, otc]
[3209, 41.35, 40.95, 41.20, 41.05, 2098, tse]
[3211, 82.8, 76.3, 82.70, 77.00, 4680, otc]
[3213, 53.2, 52.5, 53.20, 52.90, 161, otc]
[3217, 112.0, 109.0, 111.50, 109.00, 2022, otc]
[3218, 403.0, 382.0, 397.00, 387.50, 2011, otc]
[3219, 55.6, 54.4, 55.00, 55.00, 45, otc]
[3221, 29.55, 29.0, 29.55, 29.05, 936, otc]
[3224, 49.65, 47.95, 48.70, 49.00, 2063, otc]
[3226, NaN, NaN, NaN, NaN, 0, otc]
[3227, 110.0, 106.0, 108.00, 109.50, 705, otc]
[3228, 197.5, 190.5, 195.00, 196.50, 1600, otc]
[3229, 20.4, 19.95, 20.00, 20.25, 45, tse]
[3230, 12.9, 12.6, 12.70, 12.90, 320, otc]
[3231, 41.65, 40.35, 41.40, 40.60, 78388, tse]
[3232, 29.65, 29.25, 29.55, 29.65, 157, otc]
[3234, 25.1, 24.7, 25.10, 24.70, 760, otc]
[3236, 31.4, 29.15, 29.70, 29.90, 5702, otc]
[3252, 18.65, 18.05, 18.65, 18.35, 164, otc]
[3257, 58.8, 52.9, 53.30, 55.80, 1289, tse]
[3259, 20.25, 19.8, 20.05, 20.00, 19, otc]
[3260, 81.9, 77.4, 79.50, 80.00, 14032, otc]
[3264, 58.8, 57.2, 57.50, 58.00, 8682, otc]
[3265, 58.7, 57.5, 58.30, 57.60, 1294, otc]
[3266, 13.2, 12.85, 12.85, 13.15, 475, tse]
[3268, 23.15, 23.0, 23.10, 23.10, 39, otc]
[3272, 53.0, 50.9, 53.00, 50.90, 3517, otc]
[3276, 14.45, 14.1, 14.35, 14.20, 202, otc]
[3284, 15.05, 14.7, 15.00, 14.80, 108, otc]
[3285, 20.15, 19.8, 20.05, 20.15, 34, otc]
[3287, 14.95, 13.7, 13.80, 14.00, 1222, otc]
[3288, 22.65, 21.9, 21.90, 22.55, 4, otc]
[3289, 89.6, 85.8, 89.20, 86.20, 5189, otc]
[3290, 30.45, 29.4, 30.30, 29.45, 4830, otc]
[3293, 573.0, 545.0, 573.00, 545.00, 2459, otc]
[3294, 20.25, 19.0, 19.20, 19.60, 753, otc]
[3296, 17.55, 16.4, 17.55, 16.95, 1716, tse]
[3297, 19.1, 18.7, 19.00, 18.85, 289, otc]
[3303, 27.4, 27.25, 27.25, 27.30, 229, otc]
[3305, 48.85, 47.6, 48.10, 47.95, 937, tse]
[3306, 26.9, 25.6, 26.45, 25.60, 404, otc]
[3308, 20.1, 17.65, 18.30, 19.25, 1241, tse]
[3310, 68.9, 67.1, 67.20, 68.00, 180, otc]
[3311, 36.05, 34.1, 34.25, 35.30, 231, tse]
[3312, 21.8, 21.3, 21.50, 21.40, 2843, tse]
[3313, 10.15, 10.0, 10.00, 10.10, 93, otc]
[3317, 57.7, 56.7, 57.60, 56.70, 277, otc]
[3321, 6.65, 6.53, 6.65, 6.59, 162, tse]
[3322, 23.7, 22.9, 23.45, 23.25, 4712, otc]
[3323, 34.25, 33.85, 33.95, 34.00, 185, otc]
[3324, 233.0, 216.0, 222.00, 230.00, 13665, otc]
[3325, 14.65, 13.9, 14.00, 14.40, 680, otc]
[3332, 44.6, 43.7, 43.75, 44.55, 15, otc]
[3338, 48.2, 45.6, 47.40, 46.10, 3394, tse]
[3339, 14.4, 14.0, 14.30, 14.00, 181, otc]
[3346, 43.5, 42.25, 43.00, 42.85, 1434, tse]
[3349, 14.25, 13.9, 14.00, 14.25, 6, otc]
[3354, 16.05, 14.4, 14.60, 16.05, 4595, otc]
[3356, 43.1, 41.8, 43.10, 41.85, 1376, tse]
[3357, 113.0, 111.0, 113.00, 111.50, 136, otc]
[3360, 14.0, 13.5, 14.00, 13.50, 507, otc]
[3362, 107.0, 102.0, 102.00, 103.50, 5646, otc]
[3363, 26.95, 25.85, 26.30, 26.85, 742, otc]
[3372, 12.3, 12.05, 12.20, 12.10, 348, otc]
[3373, 24.1, 23.65, 24.10, 23.75, 83, otc]
[3374, 108.5, 106.5, 108.00, 107.00, 769, otc]
[3376, 88.2, 86.2, 87.00, 88.00, 562, tse]
[3379, 12.8, 12.4, 12.80, 12.40, 67, otc]
[3380, 36.4, 34.65, 35.00, 35.35, 9119, tse]
[3388, 75.3, 74.2, 74.40, 75.30, 109, otc]
[3390, 18.85, 18.25, 18.70, 18.30, 601, otc]
[3402, 53.7, 52.5, 53.30, 53.00, 1117, otc]
[3406, 388.0, 377.5, 379.00, 381.50, 2579, tse]
[3413, 199.0, 196.0, 197.50, 197.50, 508, tse]
[3416, 103.0, 101.5, 102.00, 103.00, 425, tse]
[3419, 19.25, 18.85, 19.20, 18.95, 1057, tse]
[3426, 40.45, 40.0, 40.00, 40.45, 16, otc]
[3430, 58.9, 52.5, 56.10, 53.70, 5062, otc]
[3432, 17.15, 15.45, 17.15, 15.45, 1899, tse]
[3434, 30.35, 29.2, 29.50, 30.35, 651, otc]
[3437, 20.7, 20.2, 20.65, 20.40, 359, tse]
[3438, 63.2, 61.9, 63.20, 62.30, 277, otc]
[3441, 47.6, 43.2, 44.00, 47.30, 4098, otc]
[3443, 1095.0, 1025.0, 1,050.00, 1,080.00, 9810, tse]
[3444, 61.8, 61.1, 61.80, 61.20, 230, otc]
[3447, 69.0, 58.7, 59.60, 69.00, 7257, tse]
[3450, 40.8, 39.65, 40.15, 39.85, 345, tse]
[3454, 262.5, 251.5, 259.00, 255.50, 5272, tse]
[3455, 93.6, 91.6, 93.40, 92.20, 1267, otc]
[3465, 94.4, 93.0, 93.00, 94.40, 31, otc]
[3466, 32.4, 31.05, 31.95, 31.05, 575, otc]
[3479, 102.5, 95.0, 95.50, 102.00, 15048, otc]
[3481, 14.75, 14.2, 14.50, 14.60, 90033, tse]
[3483, 71.9, 70.5, 71.70, 70.50, 1600, otc]
[3484, 44.5, 43.75, 44.30, 43.85, 830, otc]
[3489, 11.35, 10.9, 10.90, 11.00, 233, otc]
[3490, 29.55, 28.0, 29.00, 28.30, 3308, otc]
[3491, 182.0, 174.0, 176.00, 179.50, 9123, otc]
[3492, 19.85, 19.4, 19.40, 19.80, 179, otc]
[3494, 10.7, 9.36, 10.65, 9.36, 1526, tse]
[3498, 36.5, 35.05, 35.10, 35.70, 143, otc]
[3499, 21.85, 20.95, 21.85, 21.00, 1964, otc]
[3501, 53.6, 52.6, 53.60, 52.90, 514, tse]
[3504, 89.9, 87.0, 87.90, 88.40, 1286, tse]
[3508, 36.45, 35.25, 35.90, 35.80, 469, otc]
[3511, 37.15, 36.6, 37.00, 36.95, 288, otc]
[3512, 31.9, 31.5, 31.75, 31.80, 176, otc]
[3515, 142.0, 139.0, 141.00, 140.50, 691, tse]
[3516, 19.55, 18.15, 19.10, 18.75, 739, otc]
[3518, 28.15, 25.3, 25.35, 27.00, 4469, tse]
[3520, 24.0, 21.1, 21.30, 23.70, 11290, otc]
[3521, 24.15, 23.4, 23.80, 24.10, 1281, otc]
[3522, 13.75, 12.8, 13.75, 13.00, 366, otc]
[3523, 19.3, 18.35, 19.00, 19.00, 44, otc]
[3526, 142.5, 139.5, 142.50, 140.50, 152, otc]
[3527, 124.0, 120.0, 121.00, 121.00, 391, otc]
[3528, 59.5, 58.0, 58.40, 58.60, 256, tse]
[3529, 1885.0, 1820.0, 1,885.00, 1,845.00, 703, otc]
[3530, 88.8, 84.1, 86.00, 88.10, 475, tse]
[3531, 28.5, 28.1, 28.40, 28.40, 31, otc]
[3532, 167.0, 160.0, 167.00, 161.50, 2793, tse]
[3533, 926.0, 895.0, 918.00, 913.00, 886, tse]
[3535, 22.85, 22.4, 22.50, 22.50, 820, tse]
[3536, 4.04, 3.6, 4.04, 3.60, 346, tse]
[3537, 37.25, 36.85, 37.00, 37.25, 93, otc]
[3540, 39.2, 37.7, 38.80, 37.80, 2809, otc]
[3541, 59.4, 58.5, 58.50, 59.30, 173, otc]
[3543, 20.8, 20.45, 20.70, 20.65, 119, tse]
[3545, 84.7, 75.0, 77.50, 83.00, 17872, tse]
[3546, 81.7, 80.1, 80.20, 80.50, 494, otc]
[3548, 67.1, 65.8, 66.90, 66.20, 330, otc]
[3550, 15.2, 15.0, 15.10, 15.10, 206, tse]
[3551, 62.4, 62.0, 62.00, 62.20, 71, otc]
[3552, 153.5, 150.0, 150.50, 151.50, 1575, otc]
[3555, 28.8, 27.0, 28.50, 27.95, 16, otc]
[3556, 68.5, 65.8, 65.90, 66.40, 595, otc]
[3557, 67.1, 65.3, 66.00, 66.40, 141, tse]
[3558, 344.0, 332.0, 341.00, 337.00, 5370, otc]
[3563, 194.5, 187.5, 189.00, 191.00, 433, tse]
[3564, 41.1, 39.7, 39.95, 40.15, 499, otc]
[3567, 29.3, 28.8, 28.90, 29.15, 91, otc]
[3570, 122.0, 116.0, 117.00, 119.00, 211, otc]
[3576, 21.2, 20.85, 20.90, 21.05, 8689, tse]
[3577, 86.8, 80.0, 80.00, 83.80, 530, otc]
[3580, 60.5, 59.0, 59.60, 59.70, 563, otc]
[3581, 22.35, 21.6, 21.95, 22.05, 27, otc]
[3583, 85.2, 83.8, 84.00, 84.80, 895, tse]
[3587, 190.5, 184.0, 187.50, 187.00, 1010, otc]
[3588, 64.2, 60.4, 61.80, 62.60, 1751, tse]
[3591, 23.1, 22.35, 22.70, 22.80, 1965, tse]
[3592, 438.5, 412.0, 414.00, 425.50, 2396, tse]
[3593, 12.95, 12.7, 12.75, 12.95, 20, tse]
[3594, 49.7, 48.05, 48.40, 48.50, 2649, otc]
[3596, 108.0, 105.0, 106.50, 106.00, 1534, tse]
[3597, 25.45, 24.9, 24.90, 25.30, 38, otc]
[3605, 31.3, 30.6, 31.20, 30.90, 702, tse]
[3607, 13.8, 13.35, 13.60, 13.55, 849, tse]
[3609, 45.0, 43.5, 43.70, 44.50, 28, otc]
[3611, 247.0, 239.0, 247.00, 244.00, 360, otc]
[3615, 17.4, 17.15, 17.35, 17.15, 151, otc]
[3617, 131.0, 121.0, 128.00, 124.50, 2257, tse]
[3622, 31.1, 30.25, 31.10, 30.45, 330, tse]
[3623, 16.45, 16.05, 16.05, 16.30, 26, otc]
[3624, 71.3, 68.3, 69.80, 69.80, 4722, otc]
[3625, 14.05, 13.3, 13.60, 13.65, 571, otc]
[3628, 49.85, 48.7, 49.00, 49.10, 398, otc]
[3629, 50.2, 48.5, 48.50, 49.75, 81, otc]
[3630, 30.45, 29.6, 29.70, 29.65, 612, otc]
[3631, 36.7, 35.75, 36.60, 36.70, 12, otc]
[3632, 12.7, 12.3, 12.30, 12.40, 68, otc]
[3645, 34.5, 33.9, 34.00, 34.05, 295, tse]
[3646, 27.4, 26.9, 27.35, 27.25, 228, otc]
[3652, 32.7, 31.1, 32.70, 32.30, 2053, tse]
[3653, 488.5, 468.0, 472.00, 486.50, 3194, tse]
[3661, 1265.0, 1185.0, 1,210.00, 1,250.00, 5246, tse]
[3663, 33.85, 30.6, 30.60, 33.00, 1458, otc]
[3664, 27.6, 22.15, 24.50, 27.60, 5377, otc]
[3665, 276.0, 270.0, 276.00, 272.00, 2804, tse]
[3666, 25.4, 23.15, 24.00, 23.25, 1195, otc]
[3669, 44.4, 43.65, 44.05, 44.10, 98, tse]
[3672, 27.95, 27.0, 27.40, 27.45, 85, otc]
[3673, 34.5, 33.7, 34.50, 33.95, 1711, tse]
[3675, 321.0, 303.0, 319.00, 303.00, 4117, otc]
[3679, 91.0, 89.6, 90.90, 90.00, 297, tse]
[3680, 370.5, 359.0, 369.00, 366.50, 3597, otc]
[3682, 6.52, 6.47, 6.49, 6.49, 5019, tse]
[3684, 67.5, 66.0, 67.10, 66.10, 78, otc]
[3685, 21.0, 20.6, 21.00, 20.75, 95, otc]
[3686, 15.55, 15.1, 15.30, 15.35, 362, tse]
[3687, 86.7, 84.3, 85.60, 85.30, 102, otc]
[3689, 39.25, 37.25, 37.85, 38.30, 1060, otc]
[3691, 116.5, 113.0, 116.50, 114.00, 617, otc]
[3693, 138.0, 128.5, 128.50, 136.00, 8557, otc]
[3694, 24.4, 22.9, 23.20, 24.00, 1801, tse]
[3701, 52.8, 50.3, 50.90, 51.90, 3591, tse]
[3702, 50.8, 49.9, 50.20, 50.40, 5091, tse]
[3703, 31.45, 30.65, 30.80, 31.30, 3993, tse]
[3704, 37.55, 36.8, 37.05, 37.15, 3454, tse]
[3705, 44.55, 43.95, 43.95, 44.20, 1080, tse]
[3706, 27.45, 27.2, 27.30, 27.40, 4069, tse]
[3707, 92.4, 91.0, 92.00, 92.30, 5758, otc]
[3708, 105.0, 101.5, 102.50, 102.50, 1637, tse]
[3709, 22.5, 21.7, 22.50, 22.20, 55, otc]
[3710, 12.3, 12.1, 12.25, 12.20, 2210, otc]
[3711, 113.0, 110.0, 113.00, 110.50, 20737, tse]
[3712, 37.9, 36.6, 37.20, 37.45, 2456, tse]
[3713, 29.4, 28.8, 29.40, 29.05, 128, otc]
[3714, 53.8, 52.2, 53.80, 52.40, 5827, tse]
[3715, 23.75, 22.6, 23.00, 22.90, 14966, tse]
[4102, 29.7, 28.6, 28.85, 29.05, 1027, otc]
[4104, 81.7, 79.1, 80.20, 81.60, 1020, tse]
[4105, 77.5, 76.2, 76.20, 77.10, 846, otc]
[4106, 29.3, 28.8, 28.80, 29.05, 218, tse]
[4107, 114.0, 111.5, 112.00, 114.00, 190, otc]
[4108, 19.0, 18.75, 18.90, 18.90, 195, tse]
[4109, 14.75, 14.5, 14.65, 14.70, 224, otc]
[4111, 31.05, 28.9, 28.90, 30.25, 3896, otc]
[4113, 16.5, 15.65, 15.70, 16.20, 2633, otc]
[4114, 47.45, 45.65, 45.65, 47.20, 18351, otc]
[4116, 63.1, 61.2, 61.90, 62.50, 385, otc]
[4119, 123.5, 120.5, 121.00, 123.00, 1695, tse]
[4120, 37.5, 36.7, 37.50, 36.75, 111, otc]
[4121, 24.5, 23.8, 24.00, 24.15, 946, otc]
[4123, 47.8, 45.95, 45.95, 47.35, 2667, otc]
[4126, 86.5, 84.4, 85.20, 85.70, 608, otc]
[4127, 16.55, 16.05, 16.35, 16.20, 631, otc]
[4128, 68.0, 66.6, 66.60, 67.70, 7968, otc]
[4129, 55.8, 53.2, 53.70, 55.80, 2073, otc]
[4130, 27.85, 26.1, 26.20, 27.35, 3830, otc]
[4131, 25.05, 24.7, 25.00, 25.05, 26, otc]
[4133, 37.1, 36.35, 36.50, 36.75, 311, tse]
[4137, 230.0, 212.0, 212.00, 226.50, 1195, tse]
[4138, 76.5, 74.0, 74.80, 74.50, 460, otc]
[4139, 37.7, 37.0, 37.05, 37.40, 41, otc]
[4142, 40.3, 39.45, 39.50, 40.05, 2390, tse]
[4147, 96.7, 90.6, 91.60, 92.60, 10651, otc]
[4148, 68.0, 65.9, 66.40, 67.40, 688, tse]
[4153, 56.3, 47.95, 48.00, 56.30, 7953, otc]
[4154, 34.95, 33.0, 34.90, 33.00, 70, otc]
[4155, 37.85, 36.85, 37.05, 37.60, 2381, tse]
[4157, 15.35, 14.95, 15.00, 15.25, 2075, otc]
[4160, 29.85, 28.6, 29.85, 29.10, 56, otc]
[4161, 30.0, 29.05, 29.50, 29.80, 278, otc]
[4162, 113.0, 108.5, 109.00, 111.50, 4733, otc]
[4163, 134.0, 123.5, 124.00, 130.50, 1914, otc]
[4164, 71.9, 69.2, 69.50, 70.10, 10268, tse]
[4167, 19.55, 19.0, 19.00, 19.40, 2803, otc]
[4168, 32.45, 31.2, 31.30, 32.25, 1655, otc]
[4171, 61.4, 60.0, 61.00, 61.30, 341, otc]
[4173, 19.9, 19.5, 19.50, 19.65, 573, otc]
[4174, 82.3, 81.0, 81.50, 81.30, 577, otc]
[4175, 95.5, 91.8, 94.00, 93.40, 440, otc]
[4183, 19.25, 18.9, 19.10, 19.05, 32, otc]
[4188, 16.2, 15.7, 15.70, 15.95, 25, otc]
[4190, 94.7, 91.1, 94.50, 93.40, 1128, tse]
[4192, 20.1, 19.75, 20.10, 19.80, 62, otc]
[4198, 26.65, 24.35, 26.65, 24.70, 201, otc]
[4205, 106.0, 105.5, 106.00, 105.50, 38, otc]
[4207, 14.6, 14.3, 14.30, 14.55, 1497, otc]
[4303, 17.7, 17.2, 17.60, 17.40, 128, otc]
[4304, 9.98, 9.85, 9.89, 9.87, 40, otc]
[4305, 32.15, 31.65, 31.80, 31.75, 21, otc]
[4306, 16.65, 16.3, 16.40, 16.55, 3779, tse]
[4401, 26.75, 26.4, 26.60, 26.70, 34, otc]
[4402, 11.0, 10.6, 11.00, 10.95, 323, otc]
[4406, 10.6, 10.4, 10.40, 10.45, 13, otc]
[4413, 15.85, 15.55, 15.55, 15.55, 19, otc]
[4416, 88.4, 88.4, 88.40, 88.40, 1, otc]
[4417, 40.95, 40.4, 40.95, 40.80, 498, otc]
[4419, 20.9, 20.5, 20.90, 20.50, 4, otc]
[4420, 29.6, 29.2, 29.60, 29.35, 15, otc]
[4426, 25.85, 25.55, 25.80, 25.55, 473, tse]
[4430, 23.05, 22.8, 23.00, 22.80, 6, otc]
[4432, 23.15, 22.35, 22.90, 22.35, 525, otc]
[4433, 34.8, 32.85, 33.85, 34.60, 228, otc]
[4438, 114.0, 113.0, 113.00, 113.00, 157, tse]
[4439, 110.0, 108.0, 109.00, 108.50, 35, tse]
[4440, 35.4, 34.9, 35.05, 35.25, 285, tse]
[4502, 37.1, 36.75, 36.90, 36.90, 28, otc]
[4503, 48.8, 47.3, 48.60, 48.45, 887, otc]
[4506, 75.0, 73.6, 74.20, 74.50, 217, otc]
[4510, 11.8, 11.4, 11.40, 11.50, 544, otc]
[4513, 19.15, 18.65, 18.70, 19.05, 540, otc]
[4523, 40.6, 39.45, 40.40, 39.60, 63, otc]
[4526, 17.3, 16.9, 17.00, 17.25, 1082, tse]
[4527, 31.3, 30.8, 31.30, 31.05, 158, otc]
[4528, 33.85, 33.0, 33.20, 33.80, 108, otc]
[4529, 10.25, 10.0, 10.25, 10.00, 127, otc]
[4530, 7.02, 6.67, 6.67, 6.78, 59, otc]
[4532, 19.1, 18.75, 19.00, 18.90, 2099, tse]
[4533, 11.6, 11.4, 11.50, 11.45, 317, otc]
[4534, 10.3, 9.77, 10.30, 9.77, 419, otc]
[4535, 39.0, 38.45, 38.50, 38.70, 37, otc]
[4536, 211.0, 206.0, 209.50, 207.00, 1508, tse]
[4538, 21.25, 20.6, 21.25, 20.80, 43, otc]
[4540, 42.15, 41.6, 41.85, 41.75, 130, tse]
[4541, 36.7, 33.75, 33.85, 35.45, 7731, otc]
[4542, 28.4, 27.5, 28.25, 28.40, 46, otc]
[4543, 28.95, 27.2, 28.95, 27.20, 683, otc]
[4545, 31.85, 31.2, 31.85, 31.50, 109, tse]
[4549, 93.0, 91.9, 92.90, 92.60, 80, otc]
[4550, 32.05, 31.05, 31.85, 31.40, 596, otc]
[4551, 145.0, 141.0, 143.50, 142.00, 1297, tse]
[4552, 31.95, 30.95, 31.30, 31.65, 394, tse]
[4554, 31.0, 27.2, 27.25, 29.90, 945, otc]
[4555, 49.15, 48.0, 48.75, 48.85, 384, tse]
[4556, 30.95, 30.65, 30.75, 30.95, 21, otc]
[4557, 109.5, 107.0, 108.00, 109.00, 51, tse]
[4558, 30.75, 29.95, 30.00, 29.95, 60, otc]
[4560, 39.45, 39.2, 39.45, 39.40, 148, tse]
[4561, 22.7, 22.25, 22.45, 22.70, 63, otc]
[4562, 16.45, 16.05, 16.45, 16.35, 169, tse]
[4563, 39.35, 38.2, 38.35, 39.10, 173, otc]
[4564, 24.3, 23.5, 24.25, 23.60, 2968, tse]
[4566, 57.1, 54.0, 56.80, 54.40, 4390, tse]
[4568, 63.1, 62.6, 63.10, 63.00, 25, otc]
[4571, 79.4, 77.8, 78.40, 78.50, 41, tse]
[4572, 144.5, 139.5, 140.00, 142.00, 929, tse]
[4576, 79.0, 77.0, 77.10, 78.70, 75, tse]
[4577, 31.25, 30.75, 30.85, 31.25, 72, otc]
[4580, 92.7, 90.4, 90.40, 91.30, 254, otc]
[4581, 49.3, 43.35, 43.35, 47.95, 362, tse]
[4583, 223.0, 210.0, 210.00, 216.00, 335, tse]
[4584, 51.0, 50.6, 50.90, 51.00, 19, otc]
[4609, 8.16, 7.14, 7.14, 7.95, 24, otc]
[4702, 14.95, 14.5, 14.95, 14.60, 452, otc]
[4706, 17.2, 17.0, 17.10, 17.05, 80, otc]
[4707, 13.0, 12.85, 12.85, 12.90, 1070, otc]
[4711, 15.4, 14.95, 15.00, 15.15, 260, otc]
[4712, 5.17, 5.17, 5.17, 5.17, 1, otc]
[4714, 11.3, 11.2, 11.30, 11.20, 195, otc]
[4716, 12.75, 12.5, 12.70, 12.55, 637, otc]
[4720, 14.4, 14.1, 14.35, 14.20, 132, tse]
[4721, 106.5, 105.0, 105.50, 105.50, 376, otc]
[4722, 35.85, 35.6, 35.60, 35.80, 18, tse]
[4726, 40.25, 39.35, 39.35, 40.10, 1191, otc]
[4728, 145.5, 142.0, 145.50, 143.50, 48, otc]
[4729, 16.6, 16.2, 16.60, 16.40, 151, otc]
[4735, 38.5, 38.0, 38.10, 38.50, 59, otc]
[4736, 190.5, 185.0, 186.00, 188.00, 1126, otc]
[4737, 76.6, 75.3, 76.50, 76.00, 144, tse]
[4739, 99.1, 97.2, 98.20, 98.40, 562, tse]
[4741, 27.95, 27.2, 27.20, 27.70, 113, otc]
[4743, 275.5, 263.5, 264.00, 272.50, 10599, otc]
[4744, 34.8, 32.5, 33.05, 34.80, 3741, otc]
[4745, 26.75, 26.45, 26.50, 26.65, 28, otc]
[4746, 83.3, 76.7, 76.80, 82.90, 21087, tse]
[4747, 53.2, 51.6, 51.60, 52.30, 393, otc]
[4754, 39.4, 38.2, 38.40, 39.30, 43, otc]
[4755, 131.5, 128.0, 131.50, 129.50, 403, tse]
[4760, 63.9, 60.7, 60.80, 63.10, 117, otc]
[4763, 400.0, 351.5, 351.50, 400.00, 6213, tse]
[4764, 54.2, 52.1, 54.00, 54.00, 28, tse]
[4766, 149.5, 144.5, 146.00, 148.50, 303, tse]
[4767, 27.5, 26.8, 26.85, 26.85, 16, otc]
[4768, 186.0, 177.0, 178.50, 181.50, 713, otc]
[4770, 310.0, 300.5, 305.00, 308.00, 1587, tse]
[4804, 10.1, 8.93, 10.05, 8.93, 1131, otc]
[4806, 6.24, 5.58, 5.78, 5.58, 222, otc]
[4807, 20.7, 20.1, 20.25, 20.70, 6, tse]
[4903, 21.8, 20.55, 21.80, 21.00, 744, otc]
[4904, 76.2, 75.5, 75.90, 75.70, 5019, tse]
[4905, 51.4, 51.0, 51.00, 51.00, 6, otc]
[4906, 31.55, 30.8, 31.10, 31.30, 7587, tse]
[4907, 33.2, 31.25, 31.25, 32.95, 503, otc]
[4908, 33.4, 32.5, 32.55, 32.90, 532, otc]
[4909, 18.1, 17.5, 17.80, 17.95, 250, otc]
[4911, 67.3, 62.6, 64.40, 63.00, 837, otc]
[4912, 75.8, 74.6, 75.20, 75.80, 122, tse]
[4915, 61.4, 59.8, 60.40, 60.40, 3905, tse]
[4916, 34.5, 33.05, 33.90, 33.15, 7445, tse]
[4919, 149.5, 145.5, 148.50, 147.50, 5216, tse]
[4923, 64.5, 62.4, 64.00, 64.40, 196, otc]
[4924, 13.3, 13.0, 13.30, 13.00, 178, otc]
[4927, 61.2, 58.5, 59.50, 59.80, 2439, tse]
[4930, 26.85, 26.45, 26.85, 26.50, 255, tse]
[4931, 48.25, 46.45, 46.50, 47.10, 3809, otc]
[4933, 35.15, 34.65, 35.00, 34.80, 36, otc]
[4934, 32.4, 30.65, 30.90, 31.95, 4380, tse]
[4935, 59.6, 58.4, 58.40, 59.50, 197, tse]
[4938, 70.7, 69.6, 69.70, 70.40, 9093, tse]
[4939, 16.6, 16.2, 16.30, 16.35, 164, otc]
[4942, 38.15, 37.8, 38.10, 38.05, 161, tse]
[4943, 11.1, 9.9, 11.00, 9.90, 844, tse]
[4944, 12.3, 12.0, 12.30, 12.00, 16, otc]
[4945, 52.4, 50.4, 52.40, 50.50, 63, otc]
[4946, 46.95, 41.1, 42.75, 44.55, 315, otc]
[4950, 18.35, 16.95, 18.35, 17.00, 1494, otc]
[4951, 64.9, 60.0, 61.00, 64.60, 1673, otc]
[4952, 57.8, 57.0, 57.60, 57.40, 276, tse]
[4953, 119.5, 113.0, 115.50, 116.50, 3010, otc]
[4956, 17.1, 16.45, 16.65, 16.95, 635, tse]
[4958, 116.0, 113.0, 114.00, 114.00, 5049, tse]
[4960, 12.7, 12.3, 12.55, 12.65, 7351, tse]
[4961, 177.5, 165.0, 168.00, 173.50, 7710, tse]
[4966, 1075.0, 1005.0, 1,020.00, 1,055.00, 2342, otc]
[4967, 74.2, 68.7, 71.20, 72.60, 47306, tse]
[4968, 147.5, 125.5, 125.50, 147.50, 30593, tse]
[4971, 71.2, 65.9, 70.00, 66.80, 1444, otc]
[4972, 29.85, 29.65, 29.80, 29.65, 15, otc]
[4973, 29.2, 28.4, 29.10, 28.70, 1590, otc]
[4974, 71.0, 70.0, 70.00, 70.50, 476, otc]
[4976, 51.2, 49.2, 49.50, 50.50, 4114, tse]
[4977, 128.0, 116.0, 116.50, 122.50, 21258, tse]
[4979, 53.5, 50.1, 51.50, 50.80, 31541, otc]
[4987, 60.5, 60.3, 60.30, 60.40, 26, otc]
[4989, 28.9, 28.2, 28.90, 28.45, 296, tse]
[4991, 35.45, 34.8, 35.10, 34.85, 144, otc]
[4994, 48.7, 47.4, 48.70, 48.00, 152, tse]
[4995, 54.0, 51.4, 54.00, 51.50, 456, otc]
[4999, 38.45, 37.5, 37.90, 37.70, 56, tse]
[5007, 52.1, 51.5, 51.90, 51.80, 135, tse]
[5009, 52.8, 51.0, 51.80, 52.00, 15424, otc]
[5011, 27.8, 27.35, 27.75, 27.65, 767, otc]
[5013, 35.95, 34.8, 34.80, 35.50, 13, otc]
[5014, 17.1, 16.9, 17.10, 16.95, 831, otc]
[5015, 57.7, 56.5, 57.30, 56.90, 424, otc]
[5016, 30.2, 30.0, 30.00, 30.20, 19, otc]
[5201, 27.1, 26.95, 27.10, 27.10, 33, otc]
[5202, 15.55, 14.7, 15.20, 15.10, 641, otc]
[5203, 105.5, 101.5, 103.00, 102.00, 1911, tse]
[5205, 38.75, 36.05, 37.05, 36.80, 16, otc]
[5206, 19.2, 17.95, 17.95, 18.80, 931, otc]
[5209, 117.5, 113.0, 114.00, 116.50, 139, otc]
[5210, 17.75, 17.2, 17.20, 17.50, 338, otc]
[5211, 29.8, 28.1, 29.50, 28.55, 2451, otc]
[5212, 51.1, 49.0, 49.00, 49.50, 53, otc]
[5213, 27.2, 26.4, 27.10, 26.70, 1506, otc]
[5215, 48.05, 47.1, 48.05, 47.55, 136, tse]
[5220, 31.2, 30.85, 30.85, 31.15, 24, otc]
[5222, 196.0, 180.5, 186.00, 191.50, 13950, tse]
[5223, 41.0, 40.5, 40.70, 41.00, 28, otc]
[5225, 40.0, 37.85, 40.00, 37.95, 1589, tse]
[5227, 71.5, 64.0, 65.00, 70.00, 1546, otc]
[5228, 23.15, 22.75, 22.90, 23.00, 30, otc]
[5230, 23.1, 22.75, 22.90, 23.00, 247, otc]
[5234, 87.3, 83.0, 83.00, 86.20, 350, tse]
[5236, 92.7, 91.2, 91.50, 92.70, 216, otc]
[5243, 66.7, 64.9, 66.60, 65.10, 4614, tse]
[5244, 32.55, 31.5, 31.80, 32.40, 158, tse]
[5245, 51.5, 50.4, 50.70, 51.40, 138, otc]
[5251, 24.2, 23.7, 24.20, 23.80, 196, otc]
[5258, 87.2, 85.2, 86.50, 86.00, 7674, tse]
[5263, 129.0, 125.0, 127.50, 126.00, 536, otc]
[5269, 1185.0, 1065.0, 1,140.00, 1,175.00, 2952, tse]
[5272, 31.75, 31.25, 31.70, 31.40, 279, otc]
[5274, 2795.0, 2520.0, 2,600.00, 2,750.00, 1448, otc]
[5276, 15.95, 15.4, 15.45, 15.40, 20, otc]
[5278, 178.0, 176.0, 177.00, 178.00, 38, otc]
[5281, 18.35, 17.7, 17.70, 18.10, 43, otc]
[5283, 111.0, 109.5, 110.00, 110.00, 71, tse]
[5284, 123.0, 110.5, 113.00, 119.50, 14262, tse]
[5285, 89.7, 87.2, 89.70, 88.50, 1047, tse]
[5287, 212.0, 203.0, 203.00, 206.00, 203, otc]
[5288, 183.5, 178.0, 180.00, 179.50, 152, tse]
[5289, 320.5, 306.5, 313.50, 308.00, 5025, otc]
[5291, 35.35, 34.75, 35.30, 34.90, 90, otc]
[5299, 134.5, 130.5, 132.50, 132.00, 260, otc]
[5301, 13.65, 12.55, 12.85, 12.75, 744, otc]
[5302, 9.31, 9.06, 9.20, 9.06, 163, otc]
[5306, 143.5, 141.5, 143.00, 142.50, 237, tse]
[5309, 47.3, 45.15, 47.00, 45.90, 26806, otc]
[5310, 24.7, 24.25, 24.30, 24.25, 28, otc]
[5312, 65.7, 64.4, 65.10, 65.60, 277, otc]
[5314, 21.2, 19.25, 19.95, 21.20, 174, otc]
[5315, 22.95, 22.45, 22.50, 22.90, 1685, otc]
[5321, 86.5, 84.4, 85.10, 86.30, 514, otc]
[5324, 9.05, 8.71, 9.05, 8.97, 51, otc]
[5328, 12.9, 11.75, 11.85, 12.55, 4477, otc]
[5340, 47.6, 46.25, 46.80, 47.05, 463, otc]
[5344, 17.5, 17.2, 17.25, 17.50, 88, otc]
[5345, 5.68, 5.51, 5.68, 5.63, 3, otc]
[5347, 96.9, 95.5, 96.00, 95.70, 5398, otc]
[5348, 9.64, 8.89, 9.01, 9.44, 77, otc]
[5351, 48.3, 46.6, 47.00, 47.25, 10071, otc]
[5353, 48.4, 44.15, 47.00, 44.15, 5093, otc]
[5355, 7.19, 6.81, 6.81, 7.10, 465, otc]
[5356, 22.15, 21.85, 22.15, 21.90, 74, otc]
[5364, 27.9, 26.8, 27.60, 27.90, 41, otc]
[5371, 68.8, 67.1, 68.30, 67.90, 1854, otc]
[5381, 16.45, 13.15, 16.35, 15.55, 5127, otc]
[5383, 31.0, 28.8, 29.45, 29.90, 199, otc]
[5386, 41.9, 39.9, 39.95, 40.45, 429, otc]
[5388, 97.0, 93.2, 95.30, 93.50, 9937, tse]
[5392, 21.7, 21.3, 21.50, 21.35, 290, otc]
[5398, 16.5, 16.3, 16.30, 16.40, 25, otc]
[5403, 87.2, 85.4, 87.00, 86.60, 190, otc]
[5410, 35.0, 34.25, 34.70, 34.35, 809, otc]
[5425, 105.5, 102.0, 104.00, 104.50, 8681, otc]
[5426, 13.2, 12.65, 12.80, 12.90, 1119, otc]
[5432, 27.45, 27.2, 27.45, 27.25, 18, otc]
[5434, 191.0, 187.5, 188.00, 189.50, 584, tse]
[5438, 19.05, 18.1, 18.60, 18.20, 173, otc]
[5439, 67.8, 65.7, 66.60, 67.60, 2016, otc]
[5443, 29.2, 28.85, 29.00, 28.85, 345, otc]
[5450, 23.05, 22.1, 22.80, 22.30, 933, otc]
[5452, 22.7, 19.9, 20.10, 21.20, 4505, otc]
[5455, NaN, NaN, NaN, NaN, 0, otc]
[5457, 57.8, 56.2, 56.70, 57.10, 1196, otc]
[5460, 11.35, 11.2, 11.30, 11.25, 58, otc]
[5464, 29.2, 28.6, 28.90, 29.00, 508, otc]
[5465, 29.7, 26.85, 27.25, 28.70, 9008, otc]
[5468, 17.1, 16.9, 16.90, 17.05, 79, otc]
[5469, 37.75, 35.2, 35.55, 37.25, 8827, tse]
[5471, 54.7, 53.1, 54.00, 54.50, 488, tse]
[5474, 92.6, 88.3, 91.50, 88.30, 212, otc]
[5475, 16.0, 15.0, 16.00, 15.20, 3175, otc]
[5478, 93.4, 91.9, 92.90, 92.90, 332, otc]
[5481, 12.65, 12.45, 12.45, 12.65, 143, otc]
[5483, 156.0, 152.0, 156.00, 154.50, 5287, otc]
[5484, 15.8, 15.4, 15.50, 15.70, 216, tse]
[5487, 25.1, 24.7, 24.80, 25.10, 15, otc]
[5488, 11.05, 10.9, 11.00, 10.95, 674, otc]
[5489, 38.05, 37.75, 37.85, 38.00, 232, otc]
[5490, 26.1, 25.05, 25.40, 25.55, 316, otc]
[5493, 53.3, 53.2, 53.20, 53.30, 14, otc]
[5498, 11.0, 10.85, 10.85, 10.90, 379, otc]
[5508, 61.5, 60.5, 60.90, 61.50, 254, otc]
[5511, 34.35, 33.35, 33.35, 34.00, 290, otc]
[5512, 9.94, 9.75, 9.90, 9.76, 3455, otc]
[5514, 18.0, 17.95, 17.95, 18.00, 6, otc]
[5515, 12.9, 12.75, 12.80, 12.85, 529, tse]
[5516, 25.5, 23.7, 24.30, 25.15, 261, otc]
[5519, 24.25, 23.95, 24.20, 24.15, 813, tse]
[5520, 58.5, 57.5, 57.50, 57.80, 20, otc]
[5521, 7.74, 7.56, 7.63, 7.63, 3306, tse]
[5522, 58.3, 56.9, 56.90, 57.90, 1535, tse]
[5523, 25.75, 25.0, 25.75, 25.25, 107, otc]
[5525, 27.4, 26.8, 26.85, 27.30, 355, tse]
[5529, 11.75, 11.1, 11.75, 11.25, 466, otc]
[5530, 39.35, 38.9, 39.25, 39.05, 401, otc]
[5531, 9.13, 9.07, 9.09, 9.09, 198, tse]
[5533, 18.4, 17.9, 17.90, 18.35, 1133, tse]
[5534, 79.4, 78.3, 78.60, 79.10, 813, tse]
[5536, 144.0, 137.5, 137.50, 140.00, 2210, otc]
[5538, 41.9, 41.6, 41.60, 41.90, 2, tse]
[5543, 50.1, 49.9, 50.00, 49.90, 21, otc]
[5546, 41.3, 40.2, 41.30, 40.85, 55, tse]
[5601, 41.4, 41.4, 41.40, 41.40, 10, otc]
[5603, 21.4, 21.05, 21.20, 21.30, 622, otc]
[5604, 50.4, 49.05, 50.00, 49.35, 28, otc]
[5607, 68.6, 66.5, 66.70, 68.00, 1857, tse]
[5608, 27.3, 26.45, 26.50, 27.25, 9368, tse]
[5609, 86.2, 85.1, 85.50, 86.00, 628, otc]
[5701, 3.97, 3.81, 3.90, 3.82, 839, otc]
[5703, 23.15, 21.0, 21.30, 22.20, 232, otc]
[5704, 60.5, 57.4, 60.50, 58.50, 329, otc]
[5706, 64.4, 62.6, 64.40, 62.80, 1405, tse]
[5864, 14.4, 13.9, 14.05, 14.10, 1089, otc]
[5871, 225.0, 220.0, 224.00, 223.50, 4891, tse]
[5876, 46.8, 46.3, 46.55, 46.40, 3154, tse]
[5878, 49.0, 48.6, 49.00, 48.60, 7, otc]
[5880, 26.4, 26.1, 26.40, 26.20, 10622, tse]
[5902, 36.35, 35.95, 36.00, 36.20, 66, otc]
[5903, 223.0, 220.0, 220.00, 220.50, 64, otc]
[5904, 588.0, 567.0, 570.00, 578.00, 493, otc]
[5905, 12.05, 11.85, 12.05, 11.85, 937, otc]
[5906, 35.75, 34.55, 34.55, 35.75, 7, tse]
[5907, 15.6, 15.0, 15.00, 15.50, 896, tse]
[6005, 12.1, 11.9, 12.00, 12.05, 3028, tse]
[6015, 9.9, 9.77, 9.90, 9.88, 681, otc]
[6016, 11.5, 11.15, 11.15, 11.50, 3651, otc]
[6020, 18.8, 18.7, 18.80, 18.75, 17, otc]
[6021, NaN, NaN, NaN, NaN, 0, otc]
[6023, 50.6, 50.2, 50.50, 50.40, 118, otc]
[6024, 44.1, 42.7, 42.75, 43.45, 1022, tse]
[6026, 10.7, 10.5, 10.55, 10.65, 3228, otc]
[6101, 49.35, 44.95, 46.20, 49.10, 1002, otc]
[6103, 41.55, 37.85, 37.85, 40.90, 8, otc]
[6104, 126.5, 119.5, 122.00, 125.50, 5231, otc]
[6108, 17.6, 17.3, 17.30, 17.50, 90, tse]
[6109, 18.8, 18.25, 18.80, 18.30, 1450, otc]
[6111, 62.7, 61.3, 62.40, 62.30, 1498, otc]
[6112, 41.7, 40.05, 40.45, 41.20, 1542, tse]
[6113, 18.0, 17.7, 17.90, 17.70, 284, otc]
[6114, 23.85, 23.4, 23.85, 23.70, 77, otc]
[6115, 45.05, 44.5, 44.70, 45.05, 351, tse]
[6116, 12.95, 12.5, 12.80, 12.75, 15302, tse]
[6117, 15.05, 14.8, 14.90, 14.90, 142, tse]
[6118, 38.1, 36.1, 36.80, 37.35, 2295, otc]
[6120, 10.9, 10.65, 10.75, 10.70, 2820, tse]
[6121, 310.0, 300.0, 304.00, 308.00, 2473, otc]
[6122, 30.05, 28.15, 29.85, 28.15, 12067, otc]
[6123, 68.7, 67.0, 68.40, 68.20, 266, otc]
[6124, 27.7, 27.2, 27.30, 27.35, 73, otc]
[6125, 30.3, 28.6, 29.05, 29.90, 12080, otc]
[6126, 23.2, 22.2, 22.30, 22.80, 1723, otc]
[6127, 18.85, 18.6, 18.70, 18.60, 275, otc]
[6128, 36.5, 35.0, 36.10, 35.00, 1115, tse]
[6129, 35.55, 34.55, 34.55, 35.35, 2529, otc]
[6130, 35.8, 35.0, 35.10, 35.00, 73, otc]
[6133, 24.65, 23.6, 24.60, 23.95, 9568, tse]
[6134, 26.55, 25.25, 26.20, 25.35, 2497, otc]
[6136, 19.05, 18.85, 19.05, 18.95, 141, tse]
[6138, 157.0, 151.5, 155.50, 156.00, 3323, otc]
[6139, 50.8, 47.4, 48.80, 48.25, 11074, tse]
[6140, 21.2, 20.2, 20.45, 20.45, 1120, otc]
[6141, 19.1, 18.9, 19.00, 18.95, 83, tse]
[6142, 13.25, 12.7, 12.85, 13.25, 7175, tse]
[6143, 106.0, 100.5, 101.00, 104.50, 6609, otc]
[6144, 14.95, 13.7, 14.95, 14.05, 13, otc]
[6146, 278.0, 263.0, 270.00, 274.00, 1241, otc]
[6147, 69.9, 69.0, 69.20, 69.10, 4999, otc]
[6148, 21.85, 19.75, 20.00, 19.85, 6778, otc]
[6150, 78.8, 76.4, 77.10, 78.20, 1223, otc]
[6151, 28.9, 28.5, 28.90, 28.50, 81, otc]
[6152, 11.3, 11.0, 11.10, 11.05, 1809, tse]
[6153, 24.15, 23.85, 24.10, 23.90, 1659, tse]
[6154, 17.6, 16.55, 17.00, 16.70, 782, otc]
[6155, 28.35, 26.65, 27.00, 28.15, 1304, tse]
[6156, 22.75, 20.4, 20.50, 21.90, 11645, otc]
[6158, 25.75, 25.3, 25.60, 25.30, 82, otc]
[6160, 30.5, 27.55, 27.90, 30.00, 4238, otc]
[6161, 33.75, 33.1, 33.45, 33.10, 1156, otc]
[6163, 22.25, 20.8, 21.60, 20.95, 17900, otc]
[6164, 11.9, 11.75, 11.80, 11.80, 439, tse]
[6165, 30.5, 29.8, 30.50, 29.90, 229, tse]
[6166, 63.2, 61.7, 62.50, 62.50, 229, tse]
[6167, 14.1, 13.75, 13.80, 13.80, 1040, otc]
[6168, 26.3, 25.6, 25.70, 25.85, 3334, tse]
[6169, 19.4, 18.9, 19.10, 19.00, 43, otc]
[6170, 40.75, 39.85, 40.05, 40.55, 341, otc]
[6171, 23.0, 22.8, 22.90, 22.90, 109, otc]
[6173, 39.9, 39.0, 39.50, 39.55, 407, otc]
[6174, 29.95, 29.4, 29.90, 29.65, 143, otc]
[6175, 38.05, 37.15, 37.35, 37.35, 375, otc]
[6176, 113.0, 109.5, 110.50, 112.00, 3283, tse]
[6177, 33.2, 31.85, 31.85, 32.85, 3709, tse]
[6179, 29.3, 27.45, 29.30, 27.70, 781, otc]
[6180, 73.5, 72.4, 73.20, 73.40, 1998, otc]
[6182, 48.5, 47.45, 48.50, 47.90, 5933, otc]
[6183, 65.9, 64.8, 65.90, 65.30, 65, tse]
[6184, 50.8, 50.1, 50.10, 50.40, 45, tse]
[6185, 17.3, 15.5, 15.60, 15.95, 5406, otc]
[6186, 42.5, 40.3, 40.30, 42.05, 1212, otc]
[6187, 68.8, 67.2, 68.80, 67.90, 416, otc]
[6188, 58.0, 56.8, 57.90, 57.40, 3288, otc]
[6189, 42.0, 41.75, 42.00, 41.80, 745, tse]
[6190, 31.85, 31.5, 31.70, 31.65, 1048, otc]
[6191, 34.1, 32.9, 33.75, 33.85, 7275, tse]
[6192, 76.1, 75.2, 75.20, 75.50, 312, tse]
[6194, 27.5, 25.0, 26.00, 26.35, 6781, otc]
[6195, 47.35, 46.8, 46.90, 47.10, 102, otc]
[6196, 136.0, 132.0, 134.00, 135.00, 1659, tse]
[6197, 53.6, 47.55, 47.90, 53.10, 7427, tse]
[6198, 22.5, 20.95, 20.95, 21.30, 40, otc]
[6199, 18.75, 18.65, 18.70, 18.65, 16, otc]
[6201, 43.1, 41.75, 43.10, 43.00, 94, tse]
[6202, 75.1, 73.0, 73.40, 74.40, 1290, tse]
[6203, 65.4, 62.5, 63.50, 65.00, 720, otc]
[6204, 56.0, 54.5, 56.00, 55.10, 65, otc]
[6205, 81.0, 78.5, 81.00, 79.00, 3166, tse]
[6206, 74.0, 72.5, 73.50, 73.00, 398, tse]
[6207, 28.1, 27.75, 28.00, 28.00, 142, otc]
[6208, 55.4, 54.3, 54.40, 55.00, 465, otc]
[6209, 29.0, 26.75, 26.75, 28.90, 4720, tse]
[6210, 36.0, 35.8, 35.80, 36.00, 9, otc]
[6212, 49.0, 49.0, 49.00, 49.00, 5, otc]
[6213, 78.6, 76.7, 78.60, 76.70, 2022, tse]
[6214, 79.9, 78.5, 78.80, 79.00, 528, tse]
[6215, 27.15, 26.8, 26.95, 26.95, 310, tse]
[6216, 27.3, 27.0, 27.20, 27.20, 242, tse]
[6217, 45.2, 44.6, 45.20, 44.75, 1034, otc]
[6218, 18.65, 18.25, 18.35, 18.50, 103, otc]
[6219, 11.3, 11.05, 11.10, 11.25, 281, otc]
[6220, 28.95, 27.9, 28.00, 28.90, 3789, otc]
[6221, 62.9, 61.1, 61.10, 62.60, 74, otc]
[6222, 15.75, 14.6, 15.20, 15.50, 33, otc]
[6223, 135.5, 131.0, 133.00, 134.50, 4759, otc]
[6224, 66.8, 65.0, 65.90, 66.30, 323, tse]
[6225, 11.05, 8.88, 10.80, 9.32, 82, tse]
[6226, 12.6, 12.15, 12.50, 12.15, 1377, tse]
[6227, 49.9, 48.5, 48.55, 49.80, 414, otc]
[6228, 13.95, 13.4, 13.95, 13.50, 63, otc]
[6229, 28.25, 28.0, 28.15, 28.05, 127, otc]
[6230, 154.5, 145.0, 147.00, 150.50, 598, tse]
[6231, 132.5, 127.0, 130.00, 128.50, 2689, otc]
[6233, 27.65, 26.65, 27.60, 26.70, 1554, otc]
[6234, 24.75, 24.25, 24.30, 24.25, 877, otc]
[6235, 83.3, 78.0, 78.30, 80.40, 132660, tse]
[6236, 22.6, 20.55, 22.60, 22.60, 12, otc]
[6237, 52.0, 47.9, 48.30, 50.80, 3680, otc]
[6239, 92.4, 90.8, 91.80, 91.60, 6599, tse]
[6240, 24.7, 22.85, 23.55, 23.65, 330, otc]
[6241, 14.1, 14.0, 14.10, 14.10, 127, otc]
[6242, 62.5, 60.0, 62.50, 61.70, 85, otc]
[6243, 37.2, 36.05, 36.85, 36.40, 462, tse]
[6244, 37.0, 36.0, 36.60, 36.45, 15986, otc]
[6245, 124.0, 118.0, 120.00, 122.00, 5832, otc]
[6246, 14.2, 13.85, 14.00, 13.85, 82, otc]
[6248, 27.65, 26.65, 26.75, 27.35, 2369, otc]
[6257, 56.0, 55.3, 55.80, 55.70, 1814, tse]
[6259, 22.4, 22.3, 22.35, 22.40, 13, otc]
[6261, 67.9, 67.4, 67.50, 67.70, 285, otc]
[6263, 112.5, 110.0, 112.00, 112.50, 143, otc]
[6264, 8.15, 7.95, 8.15, 8.09, 170, otc]
[6265, 10.85, 10.3, 10.50, 10.55, 805, otc]
[6266, 37.8, 35.55, 35.65, 37.50, 8687, otc]
[6269, 99.9, 98.2, 99.00, 98.80, 1932, tse]
[6270, 23.1, 22.85, 23.05, 22.90, 370, otc]
[6271, 198.5, 192.5, 197.50, 197.00, 3202, tse]
[6274, 71.6, 69.8, 71.00, 70.70, 3063, otc]
[6275, 33.25, 32.55, 32.80, 32.95, 458, otc]
[6276, 21.65, 20.8, 21.65, 20.80, 607, otc]
[6277, 84.0, 82.7, 83.40, 84.00, 294, tse]
[6278, 101.0, 97.1, 98.00, 97.30, 8301, tse]
[6279, 145.0, 141.5, 142.50, 144.00, 1325, otc]
[6281, 84.0, 83.8, 83.90, 83.90, 67, tse]
[6282, 38.9, 38.25, 38.55, 38.80, 9402, tse]
[6283, 34.75, 33.65, 34.10, 34.15, 266, tse]
[6284, 57.7, 56.5, 57.70, 56.70, 445, otc]
[6285, 104.5, 99.9, 104.50, 99.90, 19393, tse]
[6287, 24.8, 23.5, 23.50, 24.00, 20, otc]
[6288, 31.75, 30.85, 31.45, 31.25, 8938, tse]
[6290, 69.2, 67.5, 68.50, 68.40, 4063, otc]
[6291, 146.0, 139.5, 139.50, 143.50, 97, otc]
[6292, 44.6, 44.1, 44.20, 44.55, 58, otc]
[6294, 120.5, 118.5, 118.50, 119.50, 140, otc]
[6404, 21.8, 20.95, 21.60, 21.50, 20, otc]
[6405, 21.3, 20.75, 21.00, 21.00, 136, tse]
[6409, 1765.0, 1660.0, 1,730.00, 1,715.00, 334, tse]
[6411, 125.5, 121.5, 123.50, 121.50, 1387, otc]
[6412, 81.3, 79.4, 80.40, 81.00, 1142, tse]
[6414, 267.0, 256.0, 267.00, 260.50, 5260, tse]
[6415, 482.5, 459.5, 472.00, 479.00, 3207, tse]
[6416, 116.5, 113.5, 114.50, 115.50, 2233, tse]
[6417, 154.5, 142.5, 151.00, 146.00, 5409, otc]
[6418, 17.3, 17.0, 17.00, 17.10, 94, otc]
[6419, 39.2, 36.95, 39.20, 37.80, 34, otc]
[6425, 21.25, 20.35, 20.35, 20.70, 335, otc]
[6426, 65.5, 64.6, 65.00, 64.60, 131, tse]
[6431, 22.2, 21.05, 21.05, 22.20, 275, tse]
[6432, 37.7, 36.5, 37.70, 36.50, 185, otc]
[6435, 105.0, 103.5, 104.00, 105.00, 207, otc]
[6438, 106.0, 103.0, 104.50, 104.50, 1320, tse]
[6441, 62.9, 60.7, 62.80, 61.10, 1069, otc]
[6442, 57.1, 53.5, 54.00, 54.90, 1477, tse]
[6443, 39.4, 38.05, 38.35, 38.95, 16563, tse]
[6446, 446.5, 429.0, 432.50, 431.50, 4753, otc]
[6449, 56.0, 52.5, 56.00, 54.20, 325, tse]
[6451, 83.2, 80.7, 81.70, 82.60, 290, tse]
[6456, 82.5, 81.2, 81.70, 82.30, 726, tse]
[6457, 60.8, 59.5, 59.50, 60.10, 118, otc]
[6461, 35.65, 29.6, 30.20, 35.65, 7371, otc]
[6462, 88.7, 86.0, 87.90, 86.80, 588, otc]
[6464, 89.4, 89.0, 89.40, 89.00, 7, tse]
[6465, 18.25, 18.05, 18.10, 18.20, 42, otc]
[6469, 368.5, 363.0, 364.50, 368.00, 314, otc]
[6470, 68.9, 67.0, 68.30, 68.20, 5527, otc]
[6472, 833.0, 748.0, 760.00, 814.00, 2826, otc]
[6477, 54.4, 48.55, 48.95, 53.40, 21175, tse]
[6482, 46.2, 44.5, 44.50, 44.75, 23, otc]
[6485, 107.0, 102.0, 105.50, 107.00, 5427, otc]
[6486, 69.9, 69.3, 69.90, 69.50, 37, otc]
[6488, 519.0, 511.0, 518.00, 513.00, 1543, otc]
[6491, 425.0, 407.0, 411.00, 419.00, 725, tse]
[6492, 56.4, 54.8, 54.80, 55.20, 337, otc]
[6494, 78.2, 76.3, 77.70, 77.00, 211, otc]
[6496, 30.2, 29.4, 29.50, 29.85, 29, otc]
[6499, 61.0, 59.0, 61.00, 59.00, 189, otc]
[6504, 80.8, 79.3, 79.30, 80.50, 168, tse]
[6505, 87.5, 85.8, 86.50, 86.80, 4254, tse]
[6506, 19.85, 19.6, 19.85, 19.65, 135, otc]
[6508, 40.15, 39.4, 39.80, 39.45, 389, otc]
[6509, 45.8, 44.65, 45.10, 45.45, 902, otc]
[6510, 573.0, 558.0, 566.00, 567.00, 272, otc]
[6512, 21.05, 20.7, 20.70, 20.90, 31, otc]
[6514, 63.4, 61.2, 61.80, 61.70, 472, otc]
[6515, 727.0, 663.0, 716.00, 713.00, 2987, tse]
[6516, 92.1, 83.4, 83.40, 89.30, 621, otc]
[6517, 149.0, 130.0, 140.00, 142.00, 2120, otc]
[6523, 111.0, 108.5, 110.00, 111.00, 236, otc]
[6525, 76.7, 76.0, 76.70, 76.30, 177, tse]
[6527, 74.9, 70.5, 73.50, 73.20, 407, otc]
[6530, 27.9, 26.45, 26.50, 27.90, 443, otc]
[6531, 332.5, 316.0, 320.00, 324.50, 13232, tse]
[6532, 53.9, 53.3, 53.40, 53.40, 121, otc]
[6533, 526.0, 501.0, 516.00, 514.00, 4210, tse]
[6535, 41.5, 40.5, 41.15, 41.35, 348, otc]
[6538, 96.9, 84.8, 85.10, 96.90, 3241, otc]
[6541, 84.4, 79.7, 82.40, 80.50, 369, tse]
[6542, 45.6, 45.5, 45.50, 45.60, 8, otc]
[6546, 88.6, 87.0, 88.50, 87.30, 763, otc]
[6547, 60.7, 58.1, 58.30, 59.30, 5076, otc]
[6548, 47.15, 45.0, 45.60, 45.35, 34957, otc]
[6550, 102.5, 98.1, 99.00, 101.00, 7067, tse]
[6552, 37.0, 35.7, 35.70, 36.75, 142, tse]
[6556, 157.0, 153.5, 157.00, 153.50, 183, otc]
[6558, 27.1, 26.4, 27.00, 26.50, 327, tse]
[6560, 39.3, 38.05, 38.30, 38.30, 99, otc]
[6561, 390.0, 382.0, 386.50, 382.50, 155, otc]
[6568, 176.0, 163.0, 167.00, 171.50, 1711, otc]
[6569, 115.5, 112.0, 112.00, 113.50, 122, otc]
[6570, 60.7, 59.6, 60.60, 60.10, 458, otc]
[6573, 16.4, 15.65, 16.40, 15.65, 419, tse]
[6574, 52.7, 51.4, 52.20, 52.40, 15, otc]
[6576, 128.5, 107.0, 128.00, 110.00, 7207, otc]
[6577, 64.3, 64.0, 64.10, 64.10, 14, otc]
[6578, 19.0, 17.1, 17.35, 19.00, 4375, otc]
[6579, 98.1, 93.3, 98.00, 93.40, 428, tse]
[6581, 95.1, 93.6, 95.10, 93.90, 121, tse]
[6582, 61.3, 59.7, 61.30, 60.40, 139, tse]
[6585, 62.7, 61.6, 62.70, 62.00, 113, tse]
[6588, 30.5, 29.8, 30.05, 30.20, 24, otc]
[6589, 125.0, 117.0, 117.00, 121.50, 12134, otc]
[6590, 76.5, 70.0, 70.00, 75.30, 224, otc]
[6591, 55.4, 52.4, 52.40, 52.70, 2127, tse]
[6592, 123.0, 119.5, 120.50, 120.50, 1997, tse]
[6593, 64.5, 61.8, 62.00, 63.70, 208, otc]
[6596, 46.6, 45.85, 45.85, 46.45, 119, otc]
[6598, 29.9, 28.95, 29.00, 29.45, 251, tse]
[6603, 18.1, 17.6, 17.95, 17.95, 1467, otc]
[6605, 96.2, 90.9, 91.10, 96.00, 3041, tse]
[6606, 29.2, 28.75, 28.90, 29.00, 1006, tse]
[6609, 40.35, 39.85, 39.85, 40.05, 833, otc]
[6612, 133.0, 127.5, 129.50, 131.50, 221, otc]
[6613, 106.5, 104.0, 105.00, 106.00, 453, otc]
[6615, 38.2, 38.0, 38.05, 38.20, 7, otc]
[6616, 14.8, 14.6, 14.75, 14.70, 33, otc]
[6624, 42.5, 42.1, 42.10, 42.50, 7, otc]
[6625, 50.9, 48.8, 49.50, 50.30, 671, tse]
[6629, 46.1, 46.1, 46.10, 46.10, 1, otc]
[6640, 89.5, 89.0, 89.50, 89.50, 16, otc]
[6641, 58.2, 57.5, 57.60, 57.70, 33, tse]
[6642, 52.9, 52.1, 52.50, 52.60, 20, otc]
[6643, 662.0, 611.0, 661.00, 626.00, 6967, otc]
[6649, 42.95, 41.4, 42.35, 41.80, 136, otc]
[6651, 86.3, 82.5, 84.30, 84.40, 472, otc]
[6654, 53.5, 52.5, 52.60, 52.90, 17, otc]
[6655, 129.0, 126.5, 128.00, 128.00, 30, tse]
[6661, 24.0, 23.5, 24.00, 23.95, 22, otc]
[6662, 32.3, 31.55, 31.55, 31.60, 68, otc]
[6664, 119.0, 115.0, 115.00, 115.50, 1109, otc]
[6666, 84.4, 81.0, 81.10, 84.00, 287, tse]
[6667, 72.5, 69.8, 70.20, 71.00, 830, otc]
[6668, 43.25, 42.0, 42.45, 42.50, 295, tse]
[6669, 1150.0, 1075.0, 1,120.00, 1,130.00, 3448, tse]
[6670, 229.5, 225.0, 225.00, 228.50, 682, tse]
[6671, 40.0, 39.3, 39.80, 39.85, 12, tse]
[6672, 85.7, 84.1, 85.30, 84.70, 699, tse]
[6674, 29.5, 28.0, 29.50, 28.15, 44, tse]
[6679, 303.0, 294.0, 300.00, 299.00, 565, otc]
[6680, 80.0, 77.6, 77.70, 79.90, 41, otc]
[6683, 207.0, 202.0, 207.00, 204.00, 332, otc]
[6684, 55.6, 52.5, 55.60, 52.50, 507, otc]
[6689, 134.0, 125.0, 129.00, 131.00, 972, tse]
[6690, 180.5, 175.0, 176.50, 175.50, 235, otc]
[6691, 281.0, 272.5, 273.50, 276.50, 689, tse]
[6693, 70.6, 67.0, 67.00, 70.60, 198, otc]
[6695, 44.9, 43.55, 43.60, 43.80, 202, tse]
[6697, 41.25, 39.5, 40.80, 41.00, 88, otc]
[6698, 38.5, 36.55, 38.50, 37.45, 1143, tse]
[6703, 148.0, 131.0, 134.00, 146.50, 899, otc]
[6706, 98.6, 96.3, 98.50, 97.10, 593, tse]
[6708, 57.0, 55.3, 55.30, 56.30, 102, otc]
[6712, 224.5, 215.0, 220.50, 219.50, 5297, otc]
[6715, 171.0, 160.5, 166.00, 168.00, 2340, tse]
[6716, 106.5, 98.8, 99.00, 103.50, 47, otc]
[6719, 314.0, 304.5, 309.50, 310.50, 2281, tse]
[6721, 53.3, 51.8, 52.00, 52.60, 116, otc]
[6727, 71.4, 70.4, 71.10, 71.20, 130, otc]
[6728, 162.0, 152.0, 153.00, 159.50, 121, otc]
[6732, 379.0, 346.0, 360.00, 375.00, 2334, otc]
[6733, 34.0, 32.85, 33.80, 32.90, 2770, otc]
[6735, 63.4, 61.2, 63.40, 61.80, 29, otc]
[6741, 110.5, 105.5, 109.00, 109.50, 791, otc]
[6743, 56.8, 55.2, 55.20, 55.60, 450, tse]
[6747, 276.5, 258.0, 262.50, 268.00, 1048, otc]
[6751, 95.9, 92.0, 92.60, 93.10, 221, otc]
[6752, 133.0, 128.0, 132.00, 131.50, 237, otc]
[6753, 139.5, 119.0, 120.00, 136.50, 9898, tse]
[6754, 56.7, 52.8, 53.80, 53.00, 602, tse]
[6756, 237.0, 225.5, 229.50, 236.00, 1074, tse]
[6761, 102.5, 98.6, 99.40, 100.00, 140, otc]
[6762, 250.5, 248.0, 250.50, 248.50, 17, otc]
[6763, 469.5, 463.0, 463.00, 464.00, 31, otc]
[6767, 39.5, 38.5, 38.65, 38.65, 323, otc]
[6768, 70.7, 70.2, 70.40, 70.30, 157, tse]
[6770, 33.15, 32.5, 33.10, 32.60, 26129, tse]
[6776, 52.1, 49.7, 51.70, 51.00, 981, tse]
[6781, 723.0, 701.0, 719.00, 702.00, 824, tse]
[6782, 284.0, 264.0, 265.50, 279.50, 1271, tse]
[6788, 148.0, 142.0, 148.00, 143.00, 1365, otc]
[6789, 228.0, 224.0, 227.50, 227.00, 635, tse]
[6790, 37.65, 37.15, 37.65, 37.20, 475, tse]
[6791, 83.6, 75.8, 77.70, 83.60, 503, otc]
[6792, 85.1, 81.9, 82.40, 83.70, 152, tse]
[6796, 105.5, 100.5, 102.50, 103.00, 453, tse]
[6799, 160.5, 152.0, 159.50, 152.50, 3113, tse]
[6803, 274.0, 269.0, 269.00, 272.00, 35, otc]
[6804, 63.8, 58.0, 58.00, 59.00, 770, otc]
[6806, 89.9, 87.3, 88.70, 89.10, 3644, tse]
[6807, 28.55, 27.85, 28.00, 28.50, 135, tse]
[6811, 228.0, 216.5, 222.50, 221.00, 561, otc]
[6823, 98.5, 96.0, 98.00, 97.00, 35, otc]
[6829, 109.0, 93.6, 93.70, 109.00, 5354, otc]
[6830, 148.5, 137.0, 138.50, 140.00, 1361, tse]
[6834, 29.65, 29.0, 29.50, 29.00, 2002, tse]
[6835, 44.25, 42.5, 43.20, 43.25, 149, tse]
[6840, 92.5, 88.0, 89.50, 90.30, 420, otc]
[6841, 118.5, 115.0, 118.50, 115.00, 1723, otc]
[6843, 85.1, 80.3, 80.80, 84.00, 1309, otc]
[6854, 104.0, 99.5, 100.00, 104.00, 147, tse]
[6855, 85.6, 84.5, 85.60, 85.00, 24, otc]
[6859, 168.0, 160.5, 164.00, 161.50, 578, otc]
[6861, 157.0, 130.0, 130.50, 156.50, 3271, tse]
[6863, 188.0, 177.0, 185.00, 178.00, 1194, tse]
[6865, 101.0, 96.2, 97.50, 100.50, 166, otc]
[6869, 97.6, 93.9, 94.00, 95.30, 275, tse]
[6873, 144.0, 131.0, 131.00, 141.50, 412, tse]
[6874, 142.5, 134.0, 134.00, 138.50, 253, otc]
[7402, 80.7, 75.2, 75.50, 78.30, 4486, otc]
[7556, 105.0, 102.0, 102.00, 104.50, 46, otc]
[8011, 14.95, 14.7, 14.80, 14.80, 461, tse]
[8016, 240.5, 234.0, 237.00, 239.50, 2323, tse]
[8021, 29.9, 29.35, 29.80, 29.60, 259, tse]
[8024, 25.4, 24.4, 24.85, 24.45, 463, otc]
[8027, 57.2, 53.6, 53.60, 56.60, 1411, otc]
[8028, 65.0, 61.0, 62.50, 64.10, 28412, tse]
[8032, 32.95, 32.0, 32.95, 32.00, 23, otc]
[8033, 60.0, 58.2, 58.20, 58.90, 3242, tse]
[8034, 14.75, 14.4, 14.50, 14.60, 86, otc]
[8038, 43.4, 41.85, 42.45, 43.15, 1082, otc]
[8039, 42.6, 42.05, 42.50, 42.55, 147, tse]
[8040, 52.5, 50.2, 51.00, 51.70, 1219, otc]
[8042, 37.2, 36.8, 37.10, 36.85, 36, otc]
[8043, 28.15, 27.35, 27.35, 27.90, 267, otc]
[8044, 62.5, 61.4, 62.30, 62.00, 524, otc]
[8046, 277.0, 271.0, 276.50, 274.00, 12190, tse]
[8047, 11.8, 11.7, 11.75, 11.75, 52, otc]
[8048, 38.7, 37.75, 38.40, 38.35, 200, otc]
[8049, 39.9, 38.95, 39.70, 39.80, 1339, otc]
[8050, 86.6, 84.0, 85.60, 86.00, 7073, otc]
[8054, 33.95, 33.35, 33.95, 33.60, 511, otc]
[8059, 12.35, 12.2, 12.20, 12.25, 151, otc]
[8064, 20.35, 19.8, 20.25, 20.00, 1931, otc]
[8066, 28.0, 27.9, 28.00, 27.95, 21, otc]
[8067, 16.05, 15.45, 15.45, 16.05, 11, otc]
[8068, 27.8, 25.65, 26.30, 26.90, 308, otc]
[8069, 185.0, 168.5, 185.00, 172.00, 52884, otc]
[8070, 37.3, 36.2, 37.05, 36.25, 3203, tse]
[8071, 15.3, 14.8, 14.85, 15.15, 660, otc]
[8072, 28.9, 27.1, 27.10, 28.85, 1396, tse]
[8074, 21.45, 21.2, 21.40, 21.40, 360, otc]
[8076, 28.9, 28.3, 28.70, 28.45, 1191, otc]
[8077, 38.65, 35.35, 35.35, 38.65, 5, otc]
[8080, 11.95, 11.1, 11.70, 11.10, 64, otc]
[8081, 183.0, 178.0, 178.50, 182.50, 601, tse]
[8083, 152.5, 149.0, 152.50, 150.00, 196, otc]
[8084, 103.0, 99.0, 101.50, 100.00, 967, otc]
[8085, 20.1, 19.75, 20.10, 19.95, 140, otc]
[8086, 92.1, 85.7, 87.20, 90.60, 9859, otc]
[8087, 38.5, 34.25, 34.25, 37.75, 600, otc]
[8088, 31.05, 30.1, 30.70, 30.60, 6631, otc]
[8089, 23.8, 23.1, 23.20, 23.40, 213, otc]
[8091, 92.0, 89.3, 90.40, 92.00, 967, otc]
[8092, 11.7, 11.45, 11.60, 11.50, 88, otc]
[8093, 13.4, 12.9, 13.00, 13.00, 217, otc]
[8096, 11.55, 11.4, 11.40, 11.45, 305, otc]
[8097, 47.45, 44.95, 47.45, 44.95, 3144, otc]
[8099, 41.35, 39.6, 40.20, 39.95, 186, otc]
[8101, 5.81, 5.64, 5.80, 5.70, 91, tse]
[8103, 36.2, 34.95, 36.20, 35.35, 765, tse]
[8104, 41.75, 39.85, 40.90, 41.35, 465, tse]
[8105, 14.45, 14.05, 14.20, 14.25, 2731, tse]
[8107, 17.35, 17.05, 17.05, 17.30, 123, otc]
[8109, 88.8, 87.0, 87.50, 88.40, 364, otc]
[8110, 14.0, 13.5, 13.80, 13.55, 4030, tse]
[8111, 23.15, 22.05, 22.05, 22.55, 1548, otc]
[8112, 45.3, 44.2, 44.55, 45.10, 5199, tse]
[8114, 112.5, 111.0, 112.00, 112.00, 367, tse]
[8121, 27.75, 26.5, 27.10, 26.95, 2334, otc]
[8131, 44.9, 44.15, 44.90, 44.20, 525, tse]
[8147, 70.7, 67.3, 70.70, 67.80, 743, otc]
[8150, 39.4, 38.05, 38.30, 38.60, 8284, tse]
[8155, 132.0, 126.5, 131.00, 127.00, 1458, otc]
[8163, 44.7, 43.75, 44.10, 44.15, 1879, tse]
[8171, 63.9, 62.5, 63.50, 63.10, 2550, otc]
[8176, 12.35, 12.0, 12.05, 12.00, 615, otc]
[8182, 32.6, 31.85, 32.00, 32.00, 225, otc]
[8183, 55.4, 53.5, 54.00, 55.10, 1058, otc]
[8201, 13.8, 12.4, 12.60, 13.80, 1553, tse]
[8210, 85.0, 82.1, 84.00, 83.60, 1033, tse]
[8213, 42.2, 41.2, 41.20, 42.00, 1076, tse]
[8215, 36.4, 35.8, 36.30, 36.10, 1650, tse]
[8222, 40.95, 39.25, 39.25, 39.60, 20676, tse]
[8227, 221.5, 197.0, 217.00, 198.00, 6538, otc]
[8234, 45.75, 44.6, 44.95, 44.75, 1826, otc]
[8240, 29.35, 28.55, 28.75, 29.15, 73, otc]
[8249, 31.4, 29.65, 29.70, 31.10, 1241, tse]
[8255, 197.5, 191.0, 193.50, 192.00, 4408, otc]
[8261, 105.5, 103.5, 105.00, 104.50, 1012, tse]
[8271, 53.5, 50.1, 51.60, 52.60, 4826, tse]
[8277, 11.35, 10.7, 10.70, 10.80, 1432, otc]
[8279, 171.0, 164.0, 165.50, 170.00, 60, otc]
[8284, 65.9, 63.2, 65.30, 63.20, 155, otc]
[8289, 47.9, 44.15, 44.15, 47.30, 4324, otc]
[8291, 5.82, 5.82, 5.82, 5.82, 1, otc]
[8299, 410.5, 381.0, 391.00, 408.00, 7777, otc]
[8341, 167.0, 163.5, 165.00, 165.50, 309, tse]
[8342, 57.8, 57.5, 57.50, 57.70, 23, otc]
[8349, 66.7, 64.6, 65.50, 66.00, 477, otc]
[8354, 14.3, 14.25, 14.30, 14.30, 65, otc]
[8358, 60.8, 59.4, 59.70, 60.70, 2659, otc]
[8367, 49.2, 47.7, 48.30, 48.10, 130, tse]
[8374, 31.45, 31.0, 31.00, 31.20, 108, tse]
[8383, 45.95, 43.9, 44.00, 44.90, 11461, otc]
[8390, 41.85, 39.9, 40.50, 40.25, 5873, otc]
[8401, 22.2, 21.7, 22.20, 21.90, 786, otc]
[8403, 35.6, 33.55, 33.55, 34.75, 2085, otc]
[8404, 27.4, 27.1, 27.10, 27.20, 121, tse]
[8409, 25.5, 22.5, 23.40, 24.50, 3339, otc]
[8410, 30.0, 29.3, 29.85, 30.00, 18, otc]
[8411, 15.05, 14.85, 14.85, 15.00, 192, tse]
[8415, 36.3, 35.7, 36.00, 35.95, 1475, otc]
[8416, 127.0, 124.5, 125.50, 126.00, 9, otc]
[8418, 9.92, 9.84, 9.84, 9.92, 4, otc]
[8420, 92.5, 88.0, 88.60, 92.20, 753, otc]
[8421, 17.7, 17.3, 17.55, 17.40, 248, otc]
[8422, 189.0, 187.0, 189.00, 188.00, 264, tse]
[8423, 19.9, 19.35, 19.35, 19.50, 3, otc]
[8424, 69.7, 69.1, 69.10, 69.40, 6, otc]
[8426, 40.7, 38.6, 38.60, 39.75, 133, otc]
[8429, 10.65, 10.5, 10.55, 10.55, 491, tse]
[8431, 65.9, 62.1, 64.90, 64.00, 660, otc]
[8432, 47.65, 46.55, 46.55, 46.75, 46, otc]
[8433, 69.9, 67.7, 69.90, 69.00, 413, otc]
[8435, 64.8, 60.6, 63.60, 61.40, 441, otc]
[8436, 207.0, 199.5, 203.00, 204.00, 2956, otc]
[8437, 116.5, 116.0, 116.50, 116.00, 26, otc]
[8438, 24.85, 24.5, 24.65, 24.65, 36, tse]
[8440, 49.4, 46.15, 46.15, 48.50, 4386, otc]
[8442, 85.4, 81.9, 85.40, 82.50, 266, tse]
[8443, 11.45, 11.4, 11.45, 11.45, 87, tse]
[8444, 56.6, 50.7, 50.70, 56.60, 80, otc]
[8446, 93.7, 89.9, 89.90, 92.70, 611, otc]
[8450, 26.0, 25.4, 25.65, 26.00, 109, otc]
[8454, 883.0, 853.0, 867.00, 880.00, 1270, tse]
[8455, NaN, NaN, NaN, NaN, 0, otc]
[8462, 150.0, 145.0, 150.00, 147.50, 233, tse]
[8463, 23.1, 22.95, 23.10, 23.00, 59, tse]
[8464, 334.5, 323.5, 327.00, 324.00, 582, tse]
[8466, 41.35, 41.1, 41.35, 41.10, 48, tse]
[8467, 61.8, 59.4, 59.60, 61.50, 132, tse]
[8472, 47.0, 44.0, 44.00, 47.00, 11, otc]
[8473, 30.0, 29.3, 29.85, 29.55, 119, tse]
[8476, 65.1, 62.0, 64.50, 63.20, 439, otc]
[8477, 18.2, 17.65, 18.20, 17.75, 47, otc]
[8478, 526.0, 508.0, 520.00, 513.00, 852, tse]
[8481, 57.8, 57.6, 57.70, 57.80, 15, tse]
[8482, 78.9, 77.2, 77.30, 78.10, 57, tse]
[8488, 15.45, 15.35, 15.40, 15.45, 13, tse]
[8489, 24.35, 23.45, 24.25, 23.95, 111, otc]
[8499, 107.0, 103.0, 103.50, 106.00, 161, tse]
[8905, 25.95, 25.25, 25.25, 25.80, 272, otc]
[8906, 18.3, 17.7, 17.90, 17.95, 16, otc]
[8908, 73.2, 71.5, 72.60, 71.60, 109, otc]
[8916, 54.9, 54.1, 54.50, 54.60, 628, otc]
[8917, 76.2, 74.2, 74.20, 76.20, 66, otc]
[8921, 15.4, 15.3, 15.30, 15.40, 2, otc]
[8923, 24.3, 21.3, 22.45, 21.95, 297, otc]
[8924, 135.0, 133.5, 135.00, 134.00, 488, otc]
[8926, 44.1, 42.45, 42.50, 43.65, 5001, tse]
[8927, 41.0, 39.65, 41.00, 40.20, 1440, otc]
[8928, 39.45, 39.1, 39.35, 39.20, 173, otc]
[8929, 21.45, 21.1, 21.45, 21.30, 31, otc]
[8930, 17.35, 17.15, 17.30, 17.30, 474, otc]
[8931, 78.4, 72.7, 76.20, 75.50, 3002, otc]
[8932, 47.95, 45.85, 46.40, 46.05, 450, otc]
[8933, 12.95, 12.5, 12.80, 12.65, 1892, otc]
[8935, 12.4, 11.5, 12.40, 12.00, 758, otc]
[8936, 28.55, 27.8, 28.30, 28.10, 5196, otc]
[8937, 15.3, 15.05, 15.10, 15.30, 49, otc]
[8938, 99.5, 98.1, 99.00, 98.60, 1264, otc]
[8940, 24.8, 23.6, 24.30, 24.60, 860, tse]
[8941, 59.1, 57.8, 57.90, 58.50, 107, otc]
[8942, 67.0, 66.1, 66.50, 66.80, 254, otc]
[8996, 236.5, 230.5, 236.00, 236.50, 3804, tse]
[9103, 7.13, 6.85, 6.90, 6.91, 1439, tse]
[9105, 3.91, 3.82, 3.88, 3.89, 3828, tse]
[9110, 3.46, 3.33, 3.46, 3.44, 179, tse]
[9136, 6.43, 6.35, 6.36, 6.36, 197, tse]
[9802, 133.5, 130.0, 133.00, 130.50, 1488, tse]
[9902, 12.6, 12.45, 12.50, 12.50, 94, tse]
[9904, 31.3, 30.65, 31.20, 31.05, 9220, tse]
[9905, 25.35, 25.2, 25.30, 25.25, 84, tse]
[9906, 52.8, 51.6, 52.80, 52.30, 65, tse]
[9907, 19.55, 19.2, 19.30, 19.45, 7407, tse]
[9908, 31.6, 31.4, 31.60, 31.50, 113, tse]
[9910, 191.0, 186.5, 186.50, 189.50, 911, tse]
[9911, 63.8, 63.2, 63.80, 63.60, 285, tse]
[9912, 10.0, 9.88, 9.99, 9.96, 89, tse]
[9914, 168.5, 165.0, 168.00, 165.00, 825, tse]
[9917, 106.5, 104.0, 106.00, 104.00, 561, tse]
[9918, 41.6, 40.9, 40.90, 41.30, 41, tse]
[9919, 18.0, 17.55, 17.60, 17.80, 5508, tse]
[9921, 177.5, 173.5, 176.00, 173.50, 3026, tse]
[9924, 44.3, 43.35, 44.30, 43.90, 226, tse]
[9925, 40.85, 40.65, 40.70, 40.85, 216, tse]
[9926, 51.9, 51.2, 51.80, 51.30, 10, tse]
[9927, 43.45, 42.9, 43.10, 43.00, 624, tse]
[9928, 19.8, 18.6, 18.60, 18.70, 505, tse]
[9929, 9.18, 9.06, 9.18, 9.13, 95, tse]
[9930, 48.75, 48.35, 48.45, 48.55, 98, tse]
[9931, 39.85, 39.2, 39.60, 39.75, 18, tse]
[9933, 42.3, 41.65, 41.80, 42.30, 2920, tse]
[9934, 13.7, 13.4, 13.50, 13.45, 3115, tse]
[9935, 18.95, 18.7, 18.85, 18.80, 170, tse]
[9937, 62.2, 59.6, 61.80, 60.20, 103, tse]
[9938, 59.2, 58.6, 59.00, 58.70, 662, tse]
[9939, 99.1, 96.6, 97.10, 99.00, 1893, tse]
[9940, 29.25, 28.8, 29.00, 29.05, 333, tse]
[9941, 180.0, 178.0, 178.50, 179.00, 1059, tse]
[9942, 135.5, 119.5, 119.50, 135.50, 3202, tse]
[9943, 69.1, 68.1, 68.30, 68.60, 120, tse]
[9944, 20.5, 20.35, 20.35, 20.40, 215, tse]
[9945, 35.75, 35.1, 35.50, 35.65, 12663, tse]
[9946, 12.1, 11.9, 12.10, 12.00, 204, tse]
[9949, 23.0, 20.4, 23.00, 22.65, 726, otc]
[9950, 12.9, 12.5, 12.50, 12.75, 33, otc]
[9951, 71.5, 70.3, 71.30, 71.50, 97, otc]
[9955, 28.15, 26.1, 27.35, 26.70, 10761, tse]
[9958, 103.0, 94.5, 94.70, 102.50, 9314, tse]
[9960, 31.55, 29.75, 31.05, 30.60, 185, otc]
[9962, 22.2, 21.3, 21.45, 22.15, 3469, otc]
