[1101, 37.3, 36.15, 36.45, 36.40, 107825, tse]
[1102, 43.2, 42.3, 42.30, 42.65, 34559, tse]
[1103, 19.15, 18.25, 18.80, 18.75, 2097, tse]
[1104, 25.7, 23.6, 24.05, 25.60, 12154, tse]
[1108, 14.15, 12.9, 13.35, 13.70, 10290, tse]
[1109, 17.05, 16.65, 16.90, 17.05, 859, tse]
[1110, 18.0, 17.5, 17.80, 17.80, 662, tse]
[1201, 20.85, 19.95, 20.75, 20.10, 2519, tse]
[1203, 37.65, 36.25, 36.80, 37.65, 200, tse]
[1210, 51.5, 49.5, 50.00, 49.85, 7984, tse]
[1213, 7.24, 7.0, 7.20, 7.10, 98, tse]
[1215, 83.3, 81.0, 83.30, 82.20, 5115, tse]
[1216, 69.2, 67.7, 68.40, 68.70, 41983, tse]
[1217, 11.6, 11.1, 11.55, 11.45, 9773, tse]
[1218, 29.6, 27.9, 29.55, 28.40, 9479, tse]
[1219, 21.8, 20.3, 21.50, 20.65, 8395, tse]
[1220, 17.85, 16.7, 17.65, 17.10, 4090, tse]
[1225, 58.3, 56.2, 58.30, 56.60, 364, tse]
[1227, 41.55, 39.75, 41.50, 40.60, 6177, tse]
[1229, 56.5, 52.8, 53.50, 54.40, 9611, tse]
[1231, 89.7, 83.3, 85.00, 88.30, 1635, tse]
[1232, 148.5, 146.0, 147.00, 147.50, 233, tse]
[1233, 34.7, 33.0, 33.00, 33.60, 66, tse]
[1234, 35.65, 35.0, 35.25, 35.40, 1630, tse]
[1235, 72.5, 67.3, 70.00, 69.00, 80, tse]
[1236, 24.0, 23.15, 23.95, 23.65, 750, tse]
[1240, 47.4, 44.4, 47.40, 44.85, 344, otc]
[1256, 346.0, 323.0, 342.50, 333.00, 144, tse]
[1258, 26.7, 26.65, 26.70, 26.65, 520, otc]
[1259, 78.1, 74.5, 76.50, 74.50, 143, otc]
[1264, 272.5, 267.0, 270.00, 269.00, 63, otc]
[1268, 136.0, 125.0, 135.50, 130.00, 1689, otc]
[1301, 90.7, 88.0, 89.80, 90.70, 34531, tse]
[1303, 76.5, 73.6, 74.20, 76.50, 34413, tse]
[1304, 27.05, 24.3, 24.65, 26.30, 23509, tse]
[1305, 27.1, 24.95, 26.70, 26.75, 24721, tse]
[1307, 21.25, 20.7, 21.25, 20.90, 634, tse]
[1308, 29.2, 28.05, 28.35, 29.00, 5353, tse]
[1309, 22.35, 21.2, 22.30, 21.75, 4742, tse]
[1310, 13.95, 13.45, 13.85, 13.60, 2259, tse]
[1312, 19.95, 18.85, 19.60, 19.55, 12935, tse]
[1313, 15.05, 14.2, 15.00, 14.55, 7316, tse]
[1314, 10.15, 9.7, 10.10, 9.88, 62946, tse]
[1315, 72.1, 70.1, 71.40, 70.60, 89, tse]
[1316, 13.95, 12.25, 12.25, 13.60, 43529, tse]
[1319, 45.75, 43.2, 45.65, 44.25, 27163, tse]
[1321, 37.5, 36.2, 37.00, 36.60, 1330, tse]
[1323, 33.35, 32.9, 33.30, 33.15, 272, tse]
[1324, 11.6, 11.0, 11.60, 11.10, 215, tse]
[1325, 24.0, 23.25, 23.85, 23.50, 1096, tse]
[1326, 69.3, 67.1, 69.20, 68.50, 19399, tse]
[1336, 29.25, 26.7, 27.65, 27.15, 3993, otc]
[1337, 7.12, 6.85, 7.10, 6.97, 1729, tse]
[1338, 46.75, 45.0, 46.75, 45.50, 507, tse]
[1339, 50.0, 44.1, 47.30, 44.75, 6949, tse]
[1340, 10.9, 10.4, 10.70, 10.40, 543, tse]
[1341, 70.2, 68.8, 69.00, 69.80, 56, tse]
[1342, 154.0, 141.0, 149.00, 144.00, 5449, tse]
[1402, 31.55, 30.8, 31.15, 31.00, 46643, tse]
[1409, 18.35, 17.6, 18.30, 17.75, 15464, tse]
[1410, 40.05, 38.5, 39.80, 39.20, 404, tse]
[1413, 9.76, 9.48, 9.72, 9.72, 171, tse]
[1414, 18.0, 17.5, 17.95, 17.75, 1064, tse]
[1416, 11.35, 10.55, 10.80, 10.85, 3404, tse]
[1417, 13.85, 13.0, 13.45, 13.20, 4705, tse]
[1418, 14.15, 13.95, 14.05, 14.10, 96, tse]
[1419, 41.45, 40.65, 41.10, 41.00, 226, tse]
[1423, 21.35, 20.25, 20.50, 20.70, 1132, tse]
[1432, 18.4, 15.5, 18.40, 17.25, 11877, tse]
[1434, 27.8, 27.45, 27.60, 27.50, 6905, tse]
[1436, 58.4, 55.4, 55.50, 57.30, 454, tse]
[1437, 28.65, 26.6, 28.55, 27.75, 3393, tse]
[1438, 37.0, 32.05, 36.90, 33.10, 1580, tse]
[1439, 23.85, 22.3, 23.80, 22.60, 530, tse]
[1440, 17.1, 16.6, 17.05, 16.60, 7353, tse]
[1441, 8.5, 8.0, 8.06, 8.15, 401, tse]
[1442, 32.9, 31.45, 32.20, 32.90, 5544, tse]
[1443, 30.0, 28.8, 29.50, 29.15, 744, tse]
[1444, 10.65, 10.25, 10.55, 10.30, 10022, tse]
[1445, 16.55, 15.75, 15.75, 16.40, 1091, tse]
[1446, 32.1, 31.15, 32.10, 31.65, 325, tse]
[1447, 8.16, 7.88, 8.12, 7.92, 6729, tse]
[1449, 15.55, 14.7, 15.05, 15.20, 523, tse]
[1451, 23.35, 22.6, 22.70, 22.95, 2930, tse]
[1452, 18.05, 17.65, 17.85, 18.00, 458, tse]
[1453, 15.55, 14.7, 15.40, 15.00, 1254, tse]
[1454, 12.85, 12.4, 12.75, 12.60, 311, tse]
[1455, 11.1, 10.5, 11.10, 10.65, 3825, tse]
[1456, 15.5, 15.0, 15.45, 15.10, 211, tse]
[1457, 19.4, 18.4, 19.30, 18.60, 1792, tse]
[1459, 9.12, 8.6, 9.02, 8.85, 468, tse]
[1460, 7.77, 7.31, 7.75, 7.40, 4253, tse]
[1463, 14.6, 14.25, 14.55, 14.25, 413, tse]
[1464, 15.2, 14.45, 15.10, 14.60, 1881, tse]
[1465, 14.5, 13.95, 14.20, 14.35, 894, tse]
[1466, 11.95, 11.4, 11.55, 11.70, 438, tse]
[1467, 12.25, 11.5, 11.60, 11.70, 37977, tse]
[1468, 14.9, 14.3, 14.40, 14.65, 251, tse]
[1470, 20.2, 18.7, 19.55, 19.65, 466, tse]
[1471, 8.0, 7.66, 7.85, 7.82, 1269, tse]
[1472, 31.8, 30.5, 31.30, 30.70, 24, tse]
[1473, 25.2, 22.95, 25.10, 23.65, 2085, tse]
[1474, 12.5, 12.1, 12.25, 12.20, 603, tse]
[1475, 69.2, 54.9, 68.00, 55.60, 1375, tse]
[1476, 471.0, 448.5, 471.00, 448.50, 5369, tse]
[1477, 225.0, 213.5, 214.00, 221.00, 9146, tse]
[1503, 83.5, 78.4, 80.20, 80.20, 13243, tse]
[1504, 36.6, 33.75, 34.60, 35.20, 119921, tse]
[1506, 22.1, 20.35, 22.05, 20.95, 5043, tse]
[1512, 16.9, 14.7, 16.90, 15.00, 787, tse]
[1513, 97.4, 91.5, 95.90, 94.90, 103783, tse]
[1514, 40.3, 36.7, 39.65, 37.95, 28644, tse]
[1515, 30.0, 28.5, 29.50, 29.30, 3686, tse]
[1516, 20.7, 20.0, 20.40, 20.15, 1417, tse]
[1517, 20.4, 19.55, 20.30, 19.70, 3907, tse]
[1519, 69.2, 65.5, 68.60, 66.70, 45282, tse]
[1521, 38.5, 36.65, 37.90, 37.20, 226, tse]
[1522, 29.5, 27.1, 29.00, 28.80, 23792, tse]
[1524, 26.45, 24.2, 25.70, 25.70, 38929, tse]
[1525, 63.6, 60.6, 62.50, 63.00, 366, tse]
[1526, 42.75, 40.8, 42.45, 41.65, 1311, tse]
[1527, 44.5, 42.2, 44.50, 42.65, 2545, tse]
[1528, 10.6, 10.1, 10.45, 10.25, 2779, tse]
[1529, 25.05, 23.0, 23.80, 24.60, 12016, tse]
[1530, 32.8, 31.85, 32.80, 32.00, 252, tse]
[1531, 14.15, 13.9, 14.15, 14.10, 382, tse]
[1532, 35.05, 33.3, 33.80, 35.00, 4924, tse]
[1533, 54.2, 49.35, 49.90, 51.00, 5797, tse]
[1535, 49.2, 47.3, 48.00, 48.10, 845, tse]
[1536, 73.2, 69.7, 72.80, 70.80, 5687, tse]
[1537, 142.0, 139.5, 140.50, 141.00, 268, tse]
[1538, 8.6, 8.25, 8.32, 8.51, 131, tse]
[1539, 31.25, 29.2, 31.00, 29.60, 2868, tse]
[1540, 17.9, 17.05, 17.50, 17.30, 3215, tse]
[1541, 37.65, 33.95, 37.65, 34.40, 558, tse]
[1558, 117.0, 112.0, 116.00, 112.00, 1156, tse]
[1560, 113.5, 108.0, 111.50, 111.50, 6453, tse]
[1565, 268.0, 254.5, 260.00, 259.00, 587, otc]
[1568, 23.95, 22.65, 23.75, 23.25, 1431, tse]
[1569, 26.2, 23.75, 24.00, 24.80, 8582, otc]
[1570, 19.65, 17.7, 17.95, 17.80, 2108, otc]
[1580, 102.5, 98.8, 101.50, 100.00, 589, otc]
[1582, 61.8, 58.6, 61.80, 59.40, 1043, tse]
[1583, 67.9, 65.5, 67.10, 66.10, 115, tse]
[1584, 30.9, 28.35, 30.00, 29.25, 45114, otc]
[1586, 33.95, 32.1, 33.80, 33.70, 545, otc]
[1587, 23.65, 22.8, 23.40, 23.00, 369, tse]
[1589, 69.3, 64.5, 65.60, 67.80, 3697, tse]
[1590, 1130.0, 1040.0, 1,080.00, 1,120.00, 3505, tse]
[1591, 27.8, 26.1, 26.85, 27.20, 2823, otc]
[1593, 80.3, 75.0, 78.00, 77.00, 287, otc]
[1595, 41.05, 38.9, 41.00, 39.30, 234, otc]
[1597, 80.5, 75.5, 80.50, 77.20, 709, tse]
[1598, 47.75, 45.1, 46.50, 46.80, 1681, tse]
[1599, 39.45, 38.3, 39.00, 38.90, 314, otc]
[1603, 28.4, 26.55, 28.05, 27.00, 5423, tse]
[1604, 27.2, 26.75, 27.20, 27.05, 1481, tse]
[1605, 52.8, 50.0, 50.80, 52.80, 216536, tse]
[1608, 15.0, 14.2, 14.90, 14.35, 3119, tse]
[1609, 26.45, 24.15, 24.55, 24.95, 71830, tse]
[1611, 16.5, 13.75, 14.05, 16.00, 60234, tse]
[1612, 18.4, 17.8, 18.25, 18.30, 3336, tse]
[1614, 36.85, 36.15, 36.50, 36.55, 201, tse]
[1615, 32.95, 32.0, 32.70, 32.25, 353, tse]
[1616, 9.28, 8.21, 9.28, 8.31, 2496, tse]
[1617, 15.15, 14.7, 15.00, 15.10, 123, tse]
[1618, 14.9, 14.3, 14.75, 14.50, 1637, tse]
[1626, 19.8, 18.3, 18.55, 18.55, 673, tse]
[1701, 26.15, 25.2, 25.20, 25.65, 12105, tse]
[1702, 47.0, 45.95, 46.60, 46.40, 838, tse]
[1707, 188.0, 173.0, 188.00, 175.00, 4063, tse]
[1708, 43.4, 41.7, 42.40, 42.10, 10102, tse]
[1709, 25.2, 24.15, 24.80, 24.80, 16741, tse]
[1710, 19.2, 18.75, 19.15, 19.00, 6892, tse]
[1711, 18.8, 18.2, 18.70, 18.35, 3455, tse]
[1712, 41.8, 37.0, 40.20, 37.15, 24492, tse]
[1713, 27.75, 25.55, 26.40, 27.75, 509, tse]
[1714, 9.05, 8.67, 9.00, 8.74, 7494, tse]
[1717, 32.0, 31.25, 32.00, 31.60, 5457, tse]
[1718, 8.6, 8.25, 8.54, 8.35, 14853, tse]
[1720, 60.4, 53.5, 59.00, 53.90, 9679, tse]
[1721, 14.8, 13.8, 14.70, 14.05, 4315, tse]
[1722, 56.8, 55.6, 56.20, 55.90, 7316, tse]
[1723, 113.5, 110.0, 112.50, 111.50, 1028, tse]
[1725, 21.35, 20.5, 21.35, 20.75, 94, tse]
[1726, 72.3, 71.9, 72.30, 72.30, 94, tse]
[1727, 26.35, 25.15, 25.90, 25.80, 1144, tse]
[1730, 56.7, 55.3, 56.30, 55.70, 107, tse]
[1731, 19.7, 19.4, 19.60, 19.55, 623, tse]
[1732, 28.95, 27.1, 28.35, 27.60, 1028, tse]
[1733, 25.9, 25.05, 25.55, 25.45, 1183, tse]
[1734, 30.75, 30.0, 30.60, 30.15, 3071, tse]
[1735, 15.2, 14.5, 15.20, 15.00, 160, tse]
[1736, 67.3, 64.0, 65.60, 65.60, 3434, tse]
[1737, 33.4, 32.8, 33.10, 33.20, 850, tse]
[1742, 15.6, 14.95, 15.20, 15.45, 394, otc]
[1752, 59.3, 55.7, 57.20, 56.00, 8539, tse]
[1760, 168.0, 159.5, 163.50, 161.50, 15181, tse]
[1762, 75.6, 67.3, 67.70, 71.30, 37540, tse]
[1773, 120.5, 114.5, 117.00, 116.00, 1620, tse]
[1776, 17.25, 16.6, 17.00, 16.85, 118, tse]
[1777, 86.2, 80.8, 86.00, 81.80, 873, otc]
[1781, 15.2, 14.9, 14.90, 15.05, 295, otc]
[1783, 57.7, 52.6, 56.30, 53.70, 6588, tse]
[1784, 44.8, 42.7, 43.60, 44.65, 1405, otc]
[1785, 38.75, 35.3, 36.60, 35.30, 13490, otc]
[1786, 70.4, 67.1, 68.00, 69.00, 2314, tse]
[1788, 145.5, 142.5, 144.00, 145.50, 75, otc]
[1789, 25.85, 25.05, 25.70, 25.75, 3228, tse]
[1795, 258.0, 243.0, 254.00, 247.50, 38449, tse]
[1796, 98.9, 86.5, 98.30, 88.60, 1773, otc]
[1799, 20.8, 17.15, 17.70, 19.95, 2120, otc]
[1802, 21.3, 20.1, 21.05, 20.45, 18415, tse]
[1805, 10.8, 10.1, 10.50, 10.20, 72, tse]
[1806, 9.24, 8.9, 9.24, 8.99, 1281, tse]
[1808, 71.0, 67.4, 71.00, 68.30, 2384, tse]
[1809, 14.05, 13.35, 13.90, 13.50, 2304, tse]
[1810, 18.3, 17.2, 17.80, 17.60, 11605, tse]
[1813, 22.85, 22.15, 22.40, 22.40, 309, otc]
[1815, 12.55, 11.65, 12.40, 11.80, 9033, otc]
[1817, 38.9, 36.9, 38.80, 36.95, 1545, tse]
[1903, 48.5, 45.1, 48.15, 45.10, 11049, tse]
[1904, 28.9, 27.15, 28.85, 27.15, 9123, tse]
[1905, 16.7, 15.9, 16.65, 16.15, 4208, tse]
[1906, 17.45, 16.45, 17.15, 16.60, 1724, tse]
[1907, 27.3, 26.25, 27.10, 26.30, 8533, tse]
[1909, 17.4, 16.4, 17.35, 17.10, 16625, tse]
[2002, 31.55, 30.5, 30.55, 31.45, 116915, tse]
[2006, 64.0, 61.0, 63.90, 63.00, 10621, tse]
[2007, 12.05, 11.15, 11.80, 11.50, 4241, tse]
[2008, 20.1, 19.3, 19.70, 19.50, 1646, tse]
[2009, 33.85, 31.9, 33.70, 33.05, 7243, tse]
[2010, 16.6, 15.65, 16.30, 15.70, 2788, tse]
[2012, 24.55, 23.9, 24.55, 24.30, 366, tse]
[2013, 59.3, 57.0, 59.30, 58.10, 725, tse]
[2014, 28.1, 26.9, 27.55, 27.15, 53087, tse]
[2015, 76.2, 72.4, 74.70, 73.60, 2172, tse]
[2017, 20.5, 17.1, 19.50, 17.55, 26489, tse]
[2020, 24.3, 23.2, 24.30, 23.40, 949, tse]
[2022, 8.45, 8.16, 8.38, 8.26, 7796, tse]
[2023, 16.5, 15.3, 16.10, 15.70, 13770, tse]
[2024, 19.55, 19.05, 19.30, 19.40, 128, tse]
[2025, 5.89, 5.64, 5.84, 5.70, 1705, tse]
[2027, 47.45, 43.95, 44.40, 45.45, 158616, tse]
[2028, 29.7, 27.5, 28.10, 28.15, 4188, tse]
[2029, 25.6, 24.6, 25.05, 25.00, 1709, tse]
[2030, 24.0, 23.05, 23.20, 23.35, 6819, tse]
[2031, 46.3, 43.1, 45.15, 45.70, 15678, tse]
[2032, 20.7, 19.4, 20.40, 19.80, 1564, tse]
[2033, 15.85, 14.8, 15.45, 15.35, 1138, tse]
[2034, 30.1, 28.85, 29.65, 29.45, 8710, tse]
[2035, 31.8, 30.9, 31.00, 31.80, 113, otc]
[2038, 23.8, 21.9, 22.55, 22.30, 6497, tse]
[2049, 256.5, 237.5, 241.00, 252.50, 15519, tse]
[2059, 391.0, 367.5, 389.00, 368.50, 2293, tse]
[2061, 25.05, 24.05, 25.05, 24.20, 357, otc]
[2062, 23.5, 22.45, 23.50, 22.70, 1567, tse]
[2063, 45.8, 43.6, 44.90, 44.70, 676, otc]
[2064, 19.8, 18.3, 19.70, 18.80, 214, otc]
[2065, 63.5, 58.5, 63.50, 60.70, 1580, otc]
[2066, 87.5, 83.5, 87.50, 84.60, 919, otc]
[2067, 11.8, 11.05, 11.50, 11.25, 274, otc]
[2069, 21.05, 19.65, 21.05, 20.25, 2153, tse]
[2070, 37.0, 35.0, 37.00, 36.50, 74, otc]
[2101, 36.85, 35.55, 36.60, 36.60, 2645, tse]
[2102, 21.25, 20.05, 21.00, 20.40, 3140, tse]
[2103, 29.0, 26.65, 27.50, 28.15, 19259, tse]
[2104, 20.1, 19.4, 20.05, 19.70, 11706, tse]
[2105, 34.75, 33.95, 34.40, 33.95, 18425, tse]
[2106, 31.15, 30.4, 30.85, 30.40, 2657, tse]
[2107, 22.85, 21.8, 22.85, 21.80, 2413, tse]
[2108, 48.4, 41.25, 43.35, 43.20, 20035, tse]
[2109, 14.9, 14.45, 14.60, 14.50, 394, tse]
[2114, 101.0, 98.7, 100.00, 99.50, 124, tse]
[2115, 32.1, 31.05, 32.00, 31.60, 128, tse]
[2201, 78.2, 71.5, 71.80, 75.70, 85977, tse]
[2204, 60.3, 53.9, 54.30, 58.20, 20898, tse]
[2206, 41.45, 38.2, 40.90, 38.90, 24199, tse]
[2207, 613.0, 593.0, 606.00, 595.00, 1523, tse]
[2208, 22.3, 20.95, 22.05, 21.65, 20799, tse]
[2211, 57.8, 54.5, 54.80, 55.80, 15605, tse]
[2221, 42.55, 41.0, 42.20, 42.10, 1097, otc]
[2227, 201.5, 192.5, 201.50, 192.50, 242, tse]
[2228, 84.3, 78.6, 84.00, 80.30, 1764, tse]
[2230, 80.6, 73.5, 78.50, 78.90, 9342, otc]
[2231, 172.0, 160.0, 168.00, 165.00, 5932, tse]
[2233, 110.0, 105.5, 107.50, 106.00, 644, tse]
[2235, 48.0, 47.2, 47.80, 47.55, 59, otc]
[2236, 38.6, 36.45, 38.20, 38.05, 1294, tse]
[2239, 68.5, 62.5, 63.90, 67.00, 1237, tse]
[2241, 35.55, 34.0, 34.70, 34.60, 249, tse]
[2243, 25.35, 20.0, 21.60, 24.50, 19949, tse]
[2247, 246.0, 234.0, 245.00, 236.00, 700, tse]
[2250, 75.7, 72.2, 75.70, 72.30, 106, tse]
[2301, 75.1, 69.5, 73.10, 70.50, 68139, tse]
[2302, 20.8, 18.1, 19.55, 19.35, 20948, tse]
[2303, 53.2, 50.7, 51.80, 53.20, 306039, tse]
[2305, 25.65, 23.8, 25.65, 24.10, 2481, tse]
[2308, 292.0, 284.0, 290.00, 286.50, 27417, tse]
[2312, 13.65, 12.75, 13.65, 12.85, 29856, tse]
[2313, 45.7, 42.9, 45.00, 43.30, 58605, tse]
[2314, 45.35, 41.75, 44.20, 42.30, 5705, tse]
[2316, 28.25, 27.85, 28.05, 28.00, 518, tse]
[2317, 104.5, 101.5, 102.00, 103.50, 167266, tse]
[2321, 18.8, 18.0, 18.55, 18.50, 37, tse]
[2323, 8.04, 7.66, 8.02, 7.76, 17253, tse]
[2324, 24.9, 23.6, 24.55, 24.20, 114843, tse]
[2327, 520.0, 481.0, 510.00, 496.00, 21083, tse]
[2328, 38.3, 36.9, 38.05, 37.70, 13063, tse]
[2329, 20.3, 19.25, 20.30, 19.75, 9220, tse]
[2330, 518.0, 504.0, 513.00, 518.00, 132444, tse]
[2331, 23.95, 22.5, 23.60, 23.05, 23217, tse]
[2332, 16.95, 15.95, 16.85, 16.45, 13394, tse]
[2337, 34.2, 33.1, 33.80, 33.90, 28979, tse]
[2338, 89.6, 81.5, 83.50, 88.80, 30100, tse]
[2340, 37.8, 36.1, 37.00, 36.95, 5717, tse]
[2342, 40.05, 38.25, 40.00, 39.60, 4834, tse]
[2344, 24.55, 23.65, 23.75, 23.90, 110680, tse]
[2345, 309.0, 289.5, 296.00, 294.50, 23027, tse]
[2347, 62.1, 60.8, 61.20, 61.50, 21445, tse]
[2348, 67.3, 64.7, 66.50, 67.00, 329, tse]
[2349, 8.84, 8.1, 8.81, 8.13, 8993, tse]
[2351, 126.0, 116.5, 122.00, 121.00, 6280, tse]
[2352, 30.55, 29.6, 30.40, 30.35, 28252, tse]
[2353, 27.0, 25.15, 25.55, 27.00, 82840, tse]
[2354, 53.6, 51.6, 53.00, 52.20, 11769, tse]
[2355, 30.0, 28.7, 29.30, 29.60, 3985, tse]
[2356, 28.2, 26.9, 27.05, 28.15, 77628, tse]
[2357, 271.5, 260.5, 268.00, 271.00, 23030, tse]
[2358, 15.05, 14.2, 14.90, 14.60, 4697, tse]
[2359, 34.7, 31.0, 34.70, 31.10, 59126, tse]
[2360, 175.5, 161.5, 175.00, 164.00, 12805, tse]
[2362, 31.85, 30.15, 31.00, 30.30, 16859, tse]
[2363, 18.85, 18.0, 18.40, 18.75, 9313, tse]
[2364, 102.0, 92.5, 99.50, 102.00, 1628, tse]
[2365, 10.4, 10.05, 10.30, 10.25, 879, tse]
[2367, 18.55, 17.55, 18.25, 17.90, 16488, tse]
[2368, 89.8, 86.2, 87.70, 89.50, 24444, tse]
[2369, 15.1, 14.3, 15.00, 14.80, 3454, tse]
[2371, 33.3, 31.85, 32.95, 32.35, 39589, tse]
[2373, 80.1, 78.5, 79.60, 79.10, 285, tse]
[2374, 21.4, 19.95, 21.30, 20.25, 4027, tse]
[2375, 79.3, 73.5, 77.40, 75.00, 11013, tse]
[2376, 122.0, 116.0, 119.00, 118.50, 32170, tse]
[2377, 145.0, 134.0, 136.50, 145.00, 26674, tse]
[2379, 405.0, 375.5, 376.50, 397.50, 15859, tse]
[2380, 10.7, 10.2, 10.60, 10.35, 3114, tse]
[2382, 84.0, 80.0, 80.50, 83.20, 45812, tse]
[2383, 183.0, 168.0, 183.00, 170.50, 13627, tse]
[2385, 94.0, 90.0, 92.60, 90.70, 18246, tse]
[2387, 39.85, 38.55, 39.35, 39.50, 2991, tse]
[2388, 94.8, 85.4, 94.10, 89.80, 166687, tse]
[2390, 12.9, 12.25, 12.90, 12.35, 2652, tse]
[2392, 39.95, 38.0, 39.30, 39.10, 6477, tse]
[2393, 39.5, 38.2, 38.65, 39.05, 4264, tse]
[2395, 363.0, 347.0, 354.00, 363.00, 4669, tse]
[2397, 69.2, 65.2, 66.80, 68.80, 973, tse]
[2399, 16.7, 15.25, 15.55, 16.55, 31630, tse]
[2401, 26.05, 24.7, 25.10, 24.95, 7831, tse]
[2402, 22.5, 19.85, 21.45, 21.55, 78319, tse]
[2404, 230.0, 219.0, 228.00, 228.00, 8832, tse]
[2405, 12.45, 11.85, 12.40, 12.10, 5780, tse]
[2406, 20.35, 18.65, 19.10, 20.05, 17046, tse]
[2408, 60.0, 57.5, 58.30, 59.30, 33881, tse]
[2409, 18.3, 17.4, 18.05, 18.00, 219298, tse]
[2412, 119.5, 116.5, 117.00, 118.00, 46483, tse]
[2413, 38.95, 34.7, 37.55, 35.15, 72203, tse]
[2414, 34.1, 33.2, 33.85, 33.75, 609, tse]
[2415, 26.0, 24.25, 25.60, 24.30, 763, tse]
[2417, 23.9, 22.4, 23.90, 22.70, 1386, tse]
[2419, 28.7, 26.8, 27.50, 27.15, 13011, tse]
[2420, 43.8, 41.6, 42.00, 43.10, 1638, tse]
[2421, 48.7, 45.05, 45.50, 48.10, 18587, tse]
[2423, 30.5, 29.2, 29.50, 30.10, 1117, tse]
[2424, 24.45, 21.7, 22.80, 22.10, 198, tse]
[2425, 33.25, 31.25, 32.80, 32.10, 14155, tse]
[2426, 18.05, 17.5, 17.90, 17.90, 2168, tse]
[2427, 16.3, 12.5, 16.30, 13.00, 54334, tse]
[2428, 142.0, 136.5, 140.00, 141.00, 1145, tse]
[2429, 17.6, 14.05, 17.60, 14.15, 1058, tse]
[2430, 50.2, 49.2, 49.80, 49.50, 2446, tse]
[2431, 10.5, 10.0, 10.25, 10.15, 929, tse]
[2433, 51.8, 50.3, 50.30, 51.80, 357, tse]
[2434, 37.3, 29.5, 35.25, 30.55, 1017, tse]
[2436, 51.7, 48.35, 49.05, 50.20, 6042, tse]
[2438, 17.55, 14.8, 14.80, 17.15, 3922, tse]
[2439, 86.4, 84.3, 85.80, 85.40, 3536, tse]
[2440, 11.85, 11.1, 11.70, 11.10, 1521, tse]
[2441, 54.6, 53.2, 54.00, 53.70, 4855, tse]
[2442, 14.9, 13.8, 14.05, 14.75, 9322, tse]
[2443, 3.0, 2.87, 2.88, 2.92, 560, tse]
[2444, 16.95, 16.05, 16.45, 16.45, 4262, tse]
[2449, 49.45, 46.25, 46.50, 49.30, 80941, tse]
[2450, 34.4, 33.45, 33.85, 33.75, 1110, tse]
[2451, 71.6, 70.2, 70.50, 71.60, 3941, tse]
[2453, 63.8, 54.4, 59.50, 59.80, 94294, tse]
[2454, 777.0, 743.0, 756.00, 773.00, 30048, tse]
[2455, 91.3, 79.8, 80.50, 90.50, 21698, tse]
[2457, 61.8, 53.7, 57.30, 59.10, 366621, tse]
[2458, 104.0, 99.1, 103.50, 100.00, 6483, tse]
[2459, 57.4, 56.0, 57.30, 56.20, 419, tse]
[2460, 18.35, 17.6, 17.75, 18.25, 1451, tse]
[2461, 20.45, 19.55, 20.45, 20.00, 1314, tse]
[2462, 32.0, 30.8, 31.55, 31.30, 2914, tse]
[2464, 38.85, 37.35, 38.80, 37.60, 2196, tse]
[2465, 41.7, 38.1, 39.50, 39.05, 8212, tse]
[2466, 34.25, 33.65, 34.05, 33.90, 99, tse]
[2467, 49.0, 47.75, 48.65, 48.20, 747, tse]
[2468, 26.5, 24.7, 26.35, 25.30, 3583, tse]
[2471, 43.5, 38.7, 41.90, 43.50, 30615, tse]
[2472, 69.1, 65.2, 68.10, 68.00, 7019, tse]
[2474, 188.5, 183.5, 183.50, 187.50, 20609, tse]
[2476, 55.3, 49.8, 50.90, 53.30, 22498, tse]
[2477, 20.8, 20.2, 20.80, 20.45, 327, tse]
[2478, 48.55, 46.55, 48.25, 46.80, 637, tse]
[2480, 96.3, 93.4, 94.30, 95.30, 1288, tse]
[2481, 70.4, 66.7, 68.70, 68.90, 21306, tse]
[2482, 55.0, 49.95, 54.00, 52.80, 76294, tse]
[2483, 26.5, 25.15, 26.15, 25.95, 1193, tse]
[2484, 38.0, 36.1, 36.80, 36.65, 12903, tse]
[2485, 18.35, 17.7, 18.30, 18.00, 3189, tse]
[2486, 29.7, 25.95, 26.30, 27.90, 43567, tse]
[2488, 30.85, 29.8, 30.25, 30.65, 1508, tse]
[2489, 10.55, 10.0, 10.50, 10.20, 10914, tse]
[2491, 12.6, 11.8, 12.00, 11.90, 222, tse]
[2492, 95.5, 91.7, 94.50, 92.90, 10295, tse]
[2493, 54.0, 51.1, 54.00, 53.30, 1599, tse]
[2495, 22.45, 20.45, 21.20, 21.85, 41045, tse]
[2496, 51.8, 50.6, 51.20, 51.20, 159, tse]
[2497, 80.4, 74.1, 77.50, 74.80, 12566, tse]
[2498, 64.2, 60.1, 61.60, 62.20, 112324, tse]
[2501, 17.25, 16.6, 17.00, 16.85, 3123, tse]
[2504, 27.75, 27.0, 27.75, 27.65, 12796, tse]
[2505, 19.4, 18.0, 19.30, 18.05, 1902, tse]
[2506, 9.76, 9.11, 9.68, 9.23, 1984, tse]
[2509, 16.0, 14.9, 15.80, 15.00, 259, tse]
[2511, 11.7, 11.35, 11.55, 11.55, 3255, tse]
[2514, 17.7, 17.0, 17.10, 17.20, 387, tse]
[2515, 9.27, 8.61, 8.73, 9.10, 42729, tse]
[2516, 5.06, 4.76, 5.05, 4.84, 2515, tse]
[2520, 29.45, 28.05, 29.10, 28.20, 8113, tse]
[2524, 32.75, 31.95, 32.50, 32.15, 232, tse]
[2527, 21.9, 21.3, 21.55, 21.70, 540, tse]
[2528, 19.2, 18.05, 18.30, 19.20, 798, tse]
[2530, 18.1, 17.35, 17.50, 17.85, 3019, tse]
[2534, 24.1, 23.5, 23.95, 23.60, 10638, tse]
[2535, 33.25, 32.6, 33.00, 33.20, 4072, tse]
[2536, 23.65, 23.35, 23.55, 23.50, 1197, tse]
[2537, 6.95, 6.7, 6.94, 6.74, 6386, tse]
[2538, 13.3, 12.15, 13.30, 12.60, 5311, tse]
[2539, 37.45, 34.4, 34.45, 37.05, 4964, tse]
[2540, 78.0, 74.3, 77.70, 75.80, 586, tse]
[2542, 41.8, 40.0, 41.80, 40.40, 18649, tse]
[2543, 9.28, 9.07, 9.18, 9.15, 471, tse]
[2545, 49.25, 42.7, 45.40, 43.85, 6480, tse]
[2546, 63.9, 57.1, 57.70, 62.70, 2445, tse]
[2547, 9.32, 9.07, 9.15, 9.32, 3754, tse]
[2548, 90.7, 89.3, 90.30, 90.70, 4002, tse]
[2596, 21.15, 20.7, 21.00, 20.95, 812, otc]
[2597, 127.5, 122.5, 123.50, 123.00, 736, tse]
[2601, 9.9, 9.1, 9.90, 9.26, 20968, tse]
[2603, 179.5, 158.5, 165.00, 162.00, 372965, tse]
[2605, 26.5, 24.0, 24.65, 24.65, 58798, tse]
[2606, 59.8, 55.7, 57.90, 56.20, 51478, tse]
[2607, 28.85, 27.1, 27.90, 27.45, 22694, tse]
[2608, 38.35, 37.7, 38.15, 37.90, 888, tse]
[2609, 69.9, 64.4, 68.80, 65.40, 346951, tse]
[2610, 20.05, 18.95, 19.90, 19.00, 236853, tse]
[2611, 14.45, 13.5, 14.10, 13.70, 5430, tse]
[2612, 44.2, 41.5, 42.60, 41.60, 3597, tse]
[2613, 23.95, 22.0, 23.95, 22.60, 2404, tse]
[2614, 22.4, 18.6, 22.35, 19.30, 39239, tse]
[2615, 81.4, 67.4, 79.00, 69.00, 145315, tse]
[2616, 31.8, 31.3, 31.70, 31.75, 743, tse]
[2617, 34.1, 32.5, 33.45, 33.40, 13788, tse]
[2618, 27.85, 25.75, 27.40, 26.10, 262942, tse]
[2630, 20.95, 18.4, 18.95, 19.80, 6413, tse]
[2633, 30.0, 29.05, 29.80, 29.40, 27029, tse]
[2634, 41.45, 38.15, 40.00, 40.25, 112627, tse]
[2636, 81.1, 72.3, 72.30, 80.00, 40112, tse]
[2637, 69.8, 64.8, 66.80, 67.70, 41819, tse]
[2640, 108.0, 102.0, 105.00, 107.00, 704, otc]
[2641, 22.35, 21.15, 21.80, 21.60, 35349, otc]
[2642, 49.2, 46.2, 49.20, 46.60, 710, tse]
[2643, 77.0, 71.7, 72.50, 74.40, 763, otc]
[2645, 94.7, 84.1, 91.90, 89.90, 19247, tse]
[2701, 13.0, 12.35, 12.70, 12.45, 2462, tse]
[2702, 25.75, 22.85, 25.30, 23.60, 5673, tse]
[2704, 36.15, 34.05, 35.80, 35.55, 1859, tse]
[2705, 17.95, 16.8, 17.70, 17.30, 3266, tse]
[2706, 14.8, 14.3, 14.60, 14.50, 3014, tse]
[2707, 279.0, 259.5, 273.50, 272.00, 11377, tse]
[2712, 36.35, 34.1, 35.10, 35.50, 517, tse]
[2718, 38.5, 36.5, 36.50, 38.50, 22, otc]
[2719, 46.9, 42.3, 46.70, 44.10, 393, otc]
[2722, 51.6, 45.55, 50.30, 49.75, 5326, tse]
[2723, 152.0, 140.0, 144.50, 146.50, 8507, tse]
[2724, 16.4, 14.3, 14.30, 14.50, 23, otc]
[2726, 28.6, 26.4, 28.60, 26.85, 607, otc]
[2727, 281.0, 251.0, 260.50, 275.00, 22645, tse]
[2729, 254.5, 235.5, 250.00, 246.50, 1380, otc]
[2731, 120.0, 110.0, 120.00, 119.50, 12543, tse]
[2732, 177.0, 158.5, 167.50, 168.00, 13368, otc]
[2734, 33.35, 29.3, 32.40, 30.75, 1974, otc]
[2736, 24.95, 22.6, 24.50, 24.00, 6251, otc]
[2739, 59.2, 50.1, 57.20, 53.90, 3223, tse]
[2740, 46.5, 45.95, 46.00, 45.95, 5, otc]
[2743, 62.7, 57.0, 62.70, 58.30, 4324, otc]
[2745, 43.3, 38.75, 42.65, 40.00, 791, otc]
[2748, 87.4, 78.4, 86.50, 84.10, 27017, tse]
[2752, 271.5, 244.5, 258.00, 270.50, 209, otc]
[2753, 222.5, 195.0, 222.50, 211.50, 7367, tse]
[2754, 175.0, 146.5, 175.00, 151.50, 6664, otc]
[2755, 138.0, 121.5, 126.00, 137.00, 703, otc]
[2756, 138.0, 116.0, 123.00, 138.00, 971, otc]
[2801, 17.35, 16.9, 17.30, 16.95, 39025, tse]
[2809, 34.7, 33.35, 34.45, 33.55, 6029, tse]
[2812, 13.8, 13.45, 13.70, 13.55, 63388, tse]
[2816, 16.45, 14.85, 16.45, 15.15, 731, tse]
[2820, 15.05, 14.5, 15.00, 14.65, 5485, tse]
[2832, 21.1, 20.55, 21.10, 20.65, 1208, tse]
[2834, 14.35, 12.6, 14.15, 12.80, 427485, tse]
[2836, 12.65, 12.2, 12.60, 12.30, 3319, tse]
[2838, 16.15, 15.15, 16.05, 15.40, 5655, tse]
[2845, 11.25, 10.85, 11.15, 11.25, 44748, tse]
[2849, 14.65, 14.3, 14.65, 14.45, 333, tse]
[2850, 50.1, 48.05, 50.10, 48.60, 2476, tse]
[2851, 17.75, 17.05, 17.75, 17.30, 10586, tse]
[2852, 17.1, 15.15, 16.80, 15.45, 6222, tse]
[2855, 16.4, 15.5, 16.20, 15.75, 4778, tse]
[2867, 5.29, 5.04, 5.28, 5.05, 86275, tse]
[2880, 22.55, 21.5, 22.50, 21.65, 85723, tse]
[2881, 58.0, 55.0, 57.50, 55.50, 101947, tse]
[2882, 42.4, 40.5, 42.30, 41.00, 148397, tse]
[2883, 12.9, 12.1, 12.80, 12.20, 247586, tse]
[2884, 24.4, 23.5, 24.35, 23.70, 203330, tse]
[2885, 22.45, 21.6, 22.10, 21.85, 93451, tse]
[2886, 32.8, 31.5, 32.45, 31.75, 92666, tse]
[2887, 16.15, 15.55, 16.00, 16.00, 100285, tse]
[2888, 8.49, 7.97, 8.49, 8.02, 316744, tse]
[2889, 13.2, 11.5, 13.00, 12.15, 98863, tse]
[2890, 16.9, 16.25, 16.75, 16.25, 122709, tse]
[2891, 22.3, 20.85, 22.20, 20.85, 327867, tse]
[2892, 26.35, 25.5, 26.25, 25.80, 102664, tse]
[2897, 9.78, 8.93, 9.75, 9.40, 46324, tse]
[2901, 24.9, 24.4, 24.70, 24.80, 77, tse]
[2903, 22.8, 22.3, 22.50, 22.80, 8066, tse]
[2904, 23.9, 21.9, 22.75, 22.05, 1709, tse]
[2905, 16.25, 14.95, 16.20, 15.45, 2767, tse]
[2906, 17.9, 16.75, 17.70, 17.20, 5047, tse]
[2908, 20.7, 20.05, 20.35, 20.65, 1071, tse]
[2910, 30.95, 29.8, 30.10, 30.30, 53, tse]
[2911, 7.52, 7.21, 7.42, 7.39, 1027, tse]
[2912, 269.5, 266.5, 268.00, 268.00, 5655, tse]
[2913, 22.2, 21.55, 22.00, 21.95, 4312, tse]
[2915, 65.8, 57.5, 65.30, 57.90, 35225, tse]
[2916, 33.65, 31.55, 32.10, 32.75, 1635, otc]
[2923, 23.95, 22.2, 23.50, 22.80, 225, tse]
[2924, 36.55, 36.0, 36.00, 36.55, 3, otc]
[2926, 65.5, 59.5, 64.00, 61.80, 271, otc]
[2929, 14.65, 13.3, 14.65, 13.95, 11389, tse]
[2937, 36.8, 35.0, 36.80, 35.00, 132, otc]
[2939, 33.2, 31.9, 32.75, 32.00, 202, tse]
[2945, 46.0, 42.5, 44.50, 42.60, 107, tse]
[2947, 93.5, 91.7, 93.50, 92.00, 66, otc]
[3002, 12.2, 11.7, 12.20, 11.90, 1054, tse]
[3003, 71.9, 69.1, 70.30, 69.80, 2398, tse]
[3004, 85.2, 81.9, 84.60, 84.20, 1168, tse]
[3005, 57.7, 55.9, 57.10, 56.10, 17507, tse]
[3006, 78.6, 75.3, 76.70, 77.40, 11939, tse]
[3008, 2405.0, 2240.0, 2,365.00, 2,250.00, 3143, tse]
[3010, 88.9, 86.3, 87.80, 87.00, 1749, tse]
[3011, 22.5, 20.9, 21.80, 22.15, 12457, tse]
[3013, 22.15, 20.7, 21.90, 21.20, 24967, tse]
[3014, 89.0, 84.8, 87.60, 86.50, 3025, tse]
[3015, 46.7, 43.8, 44.10, 44.85, 2682, tse]
[3016, 71.2, 69.1, 70.80, 70.70, 3228, tse]
[3017, 118.0, 109.5, 112.50, 115.50, 29216, tse]
[3019, 66.9, 63.3, 66.90, 64.80, 7748, tse]
[3021, 21.65, 20.95, 21.35, 21.25, 437, tse]
[3022, 77.1, 72.8, 77.00, 74.10, 13717, tse]
[3023, 303.0, 292.5, 294.00, 301.50, 2157, tse]
[3024, 15.1, 14.0, 14.50, 14.35, 13260, tse]
[3025, 23.0, 21.2, 22.75, 22.40, 2968, tse]
[3026, 99.0, 96.5, 98.00, 98.00, 1227, tse]
[3027, 47.1, 41.5, 43.60, 45.55, 107348, tse]
[3028, 32.2, 29.7, 30.05, 31.80, 8274, tse]
[3029, 57.3, 51.7, 54.20, 52.60, 34327, tse]
[3030, 63.2, 62.1, 63.20, 63.00, 1673, tse]
[3031, 17.3, 16.5, 17.10, 16.95, 1015, tse]
[3032, 36.9, 33.55, 33.80, 36.40, 2861, tse]
[3033, 29.7, 28.65, 28.90, 29.45, 12742, tse]
[3034, 435.0, 408.0, 420.50, 434.50, 29775, tse]
[3035, 195.5, 181.5, 186.50, 194.50, 71693, tse]
[3036, 67.1, 65.2, 66.50, 66.40, 4329, tse]
[3037, 134.0, 129.0, 130.00, 134.00, 68597, tse]
[3038, 24.85, 22.8, 23.00, 23.95, 18439, tse]
[3040, 32.0, 31.0, 32.00, 31.25, 122, tse]
[3041, 21.1, 19.95, 20.85, 20.35, 4222, tse]
[3042, 87.0, 85.3, 85.80, 86.90, 5871, tse]
[3043, 33.0, 29.35, 29.35, 31.70, 1030, tse]
[3044, 109.5, 105.0, 108.00, 108.50, 8309, tse]
[3045, 99.7, 96.8, 97.50, 99.00, 22439, tse]
[3046, 76.2, 66.3, 76.20, 67.10, 123509, tse]
[3047, 16.25, 15.55, 16.20, 16.00, 10253, tse]
[3048, 29.15, 27.25, 29.00, 27.70, 3955, tse]
[3049, 10.05, 9.7, 9.99, 9.83, 7336, tse]
[3050, 17.1, 16.05, 17.05, 16.30, 3113, tse]
[3051, 18.8, 17.55, 17.75, 17.85, 2990, tse]
[3052, 11.35, 10.9, 11.05, 11.15, 1508, tse]
[3054, 19.5, 18.5, 19.10, 18.70, 102, tse]
[3055, 29.35, 27.65, 29.05, 28.15, 1007, tse]
[3056, 43.45, 35.05, 35.35, 42.60, 81613, tse]
[3057, 11.5, 10.9, 11.40, 11.10, 377, tse]
[3058, 16.0, 13.8, 16.00, 14.05, 12740, tse]
[3059, 34.15, 32.9, 34.15, 33.30, 9126, tse]
[3060, 17.7, 17.0, 17.70, 17.30, 753, tse]
[3062, 24.7, 22.6, 24.05, 23.00, 13145, tse]
[3064, NaN, NaN, NaN, NaN, 0, otc]
[3066, 26.0, 24.3, 25.80, 25.05, 411, otc]
[3067, 33.0, 32.85, 33.00, 32.90, 5, otc]
[3071, 26.35, 25.45, 25.70, 25.80, 647, otc]
[3078, 38.65, 35.05, 36.20, 37.70, 19953, otc]
[3081, 120.5, 112.0, 120.00, 115.50, 5152, otc]
[3083, 45.15, 41.8, 44.40, 43.50, 1767, otc]
[3085, 22.0, 19.65, 21.00, 21.70, 60, otc]
[3086, 80.4, 74.0, 77.00, 74.80, 98, otc]
[3088, 79.5, 72.4, 75.60, 78.10, 10733, otc]
[3089, 59.6, 54.1, 59.60, 56.20, 137, otc]
[3090, 59.8, 56.7, 57.40, 59.80, 7585, tse]
[3092, 37.8, 35.8, 37.75, 36.80, 2189, tse]
[3093, 43.45, 38.85, 41.00, 41.95, 27407, otc]
[3094, 34.4, 30.55, 31.00, 32.65, 8155, tse]
[3095, 34.0, 30.0, 30.25, 30.50, 80, otc]
[3105, 169.0, 161.5, 163.50, 168.00, 15778, otc]
[3114, 27.8, 26.6, 26.90, 27.20, 630, otc]
[3115, 12.0, 11.45, 11.75, 11.80, 14, otc]
[3118, 30.0, 28.8, 29.35, 29.70, 450, otc]
[3122, 27.9, 26.3, 27.55, 27.35, 1320, otc]
[3128, 45.3, 39.8, 44.50, 41.80, 10571, otc]
[3130, 207.0, 203.5, 203.50, 205.50, 73, tse]
[3131, 296.0, 259.0, 263.00, 295.00, 1348, otc]
[3138, 165.5, 153.0, 160.00, 158.50, 5090, tse]
[3141, 113.5, 103.0, 112.50, 104.50, 11027, otc]
[3147, 65.0, 58.7, 63.20, 60.80, 4114, otc]
[3149, 18.7, 18.0, 18.60, 18.20, 1848, tse]
[3152, 215.5, 198.5, 213.50, 199.00, 591, otc]
[3162, 61.7, 54.4, 57.00, 56.70, 99019, otc]
[3163, 55.5, 53.0, 55.40, 54.00, 4005, otc]
[3164, 24.1, 23.5, 24.00, 23.75, 302, tse]
[3167, 44.5, 42.95, 44.40, 44.00, 238, tse]
[3169, 120.0, 113.5, 118.50, 116.50, 2966, otc]
[3171, 19.3, 17.2, 18.15, 17.35, 307, otc]
[3176, 33.3, 31.85, 32.85, 32.25, 929, otc]
[3178, 82.7, 70.9, 73.90, 77.70, 18831, otc]
[3188, 13.1, 12.7, 12.80, 12.95, 1852, otc]
[3189, 116.5, 110.5, 112.00, 116.00, 27838, tse]
[3191, 8.25, 8.0, 8.00, 8.02, 87, otc]
[3202, 15.2, 14.5, 15.20, 14.90, 1268, otc]
[3205, 41.75, 38.7, 41.20, 39.45, 999, otc]
[3206, 31.2, 30.2, 30.60, 30.75, 465, otc]
[3207, 82.0, 76.1, 78.00, 79.10, 18554, otc]
[3209, 40.85, 38.55, 40.00, 39.70, 26725, tse]
[3211, 83.3, 79.6, 82.00, 80.30, 2304, otc]
[3213, 51.0, 49.0, 49.90, 49.30, 418, otc]
[3217, 112.0, 96.8, 99.40, 105.50, 25890, otc]
[3218, 363.0, 315.0, 321.00, 351.00, 4399, otc]
[3219, 59.0, 55.2, 59.00, 55.60, 132, otc]
[3221, 29.3, 27.75, 28.50, 28.15, 2634, otc]
[3224, 46.4, 43.55, 44.80, 46.40, 1945, otc]
[3226, 56.6, 53.3, 56.60, 53.30, 6, otc]
[3227, 110.5, 104.5, 110.00, 104.50, 2409, otc]
[3228, 188.0, 177.0, 184.50, 182.00, 6268, otc]
[3229, 21.8, 19.55, 19.65, 19.80, 437, tse]
[3230, 12.35, 12.0, 12.30, 12.10, 1523, otc]
[3231, 35.0, 32.75, 33.40, 34.95, 103325, tse]
[3232, 30.45, 29.2, 30.05, 29.45, 855, otc]
[3234, 26.35, 23.0, 25.60, 23.75, 7392, otc]
[3236, 31.15, 27.9, 28.20, 29.80, 22744, otc]
[3252, 19.15, 17.3, 19.15, 18.20, 1409, otc]
[3257, 48.8, 47.2, 48.30, 47.85, 268, tse]
[3259, 20.3, 18.8, 20.05, 19.45, 172, otc]
[3260, 70.1, 66.3, 68.50, 68.40, 9521, otc]
[3264, 59.5, 55.6, 56.30, 57.70, 59720, otc]
[3265, 60.7, 57.1, 60.20, 59.60, 9381, otc]
[3266, 12.55, 12.25, 12.40, 12.45, 547, tse]
[3268, 24.3, 22.3, 24.25, 23.10, 302, otc]
[3272, 45.0, 40.3, 44.80, 42.05, 4780, otc]
[3276, 14.65, 13.8, 14.00, 14.50, 740, otc]
[3284, 14.3, 13.95, 14.25, 14.10, 348, otc]
[3285, 20.1, 19.5, 19.85, 19.90, 40, otc]
[3287, 13.5, 12.95, 13.35, 13.50, 191, otc]
[3288, 23.5, 21.65, 22.85, 22.70, 53, otc]
[3289, 95.1, 88.3, 93.80, 90.70, 21881, otc]
[3290, 28.6, 26.1, 27.35, 28.50, 17539, otc]
[3293, 586.0, 548.0, 562.00, 560.00, 7436, otc]
[3294, 18.45, 17.3, 18.15, 17.70, 829, otc]
[3296, 17.6, 16.65, 17.10, 17.35, 4661, tse]
[3297, 19.15, 17.75, 19.00, 18.15, 1044, otc]
[3303, 27.3, 26.7, 27.15, 26.90, 574, otc]
[3305, 47.3, 44.35, 47.30, 45.80, 3042, tse]
[3306, 24.5, 23.1, 23.90, 23.45, 595, otc]
[3308, 17.5, 16.0, 16.75, 16.05, 670, tse]
[3310, 67.4, 57.4, 59.20, 67.30, 2549, otc]
[3311, 35.0, 34.3, 34.50, 34.60, 83, tse]
[3312, 19.15, 18.25, 18.60, 19.10, 1746, tse]
[3313, 10.7, 9.95, 10.50, 10.15, 515, otc]
[3317, 56.1, 53.5, 56.10, 55.30, 1620, otc]
[3321, 7.0, 6.5, 6.99, 6.60, 766, tse]
[3322, 20.6, 19.4, 20.00, 20.10, 2905, otc]
[3323, 34.7, 32.4, 34.70, 33.05, 1002, otc]
[3324, 162.0, 153.0, 158.00, 160.50, 3597, otc]
[3325, 14.3, 13.4, 14.25, 13.60, 424, otc]
[3332, 44.75, 41.55, 44.00, 43.25, 239, otc]
[3338, 37.1, 35.4, 36.40, 36.25, 1122, tse]
[3339, 13.35, 12.9, 13.35, 13.10, 362, otc]
[3346, 42.8, 39.9, 40.45, 41.75, 12912, tse]
[3349, 15.2, 13.85, 15.00, 14.60, 141, otc]
[3354, 14.9, 13.5, 14.25, 13.65, 1266, otc]
[3356, 44.15, 39.95, 43.70, 40.75, 8299, tse]
[3357, 115.0, 109.5, 112.00, 113.00, 714, otc]
[3360, 14.05, 13.75, 13.80, 13.90, 518, otc]
[3362, 115.0, 104.0, 107.00, 114.50, 14523, otc]
[3363, 24.45, 23.8, 24.10, 24.00, 604, otc]
[3372, 12.15, 11.6, 12.10, 11.85, 1225, otc]
[3373, 24.65, 23.6, 24.40, 24.05, 286, otc]
[3374, 109.5, 104.5, 108.00, 106.50, 6718, otc]
[3376, 85.8, 84.1, 85.10, 85.20, 1844, tse]
[3379, 12.55, 11.8, 12.05, 12.05, 1029, otc]
[3380, 35.65, 33.4, 34.55, 34.30, 22180, tse]
[3388, 74.5, 72.6, 74.30, 72.90, 495, otc]
[3390, 19.1, 17.9, 19.10, 18.05, 1203, otc]
[3402, 50.9, 46.3, 47.10, 49.55, 3061, otc]
[3406, 401.5, 377.5, 386.00, 393.00, 9400, tse]
[3413, 195.5, 190.0, 193.00, 192.50, 2201, tse]
[3416, 98.7, 93.7, 94.60, 98.30, 1358, tse]
[3419, 19.9, 18.15, 19.50, 18.25, 5153, tse]
[3426, 39.2, 39.0, 39.15, 39.20, 17, otc]
[3430, 47.45, 45.7, 45.70, 47.00, 532, otc]
[3432, 21.4, 19.35, 21.00, 20.00, 4277, tse]
[3434, 28.35, 26.75, 28.15, 27.00, 1564, otc]
[3437, 20.4, 18.95, 19.70, 19.30, 1108, tse]
[3438, 61.9, 57.2, 58.30, 60.60, 2218, otc]
[3441, 48.3, 44.1, 46.40, 45.60, 13354, otc]
[3443, 1190.0, 1060.0, 1,105.00, 1,130.00, 31584, tse]
[3444, 61.4, 58.4, 59.70, 60.80, 2136, otc]
[3447, 45.0, 41.8, 45.00, 43.45, 2239, tse]
[3450, 41.15, 39.2, 41.15, 39.70, 1135, tse]
[3454, 278.0, 260.0, 275.50, 266.50, 18315, tse]
[3455, 95.7, 86.9, 88.60, 93.90, 7931, otc]
[3465, 94.8, 86.5, 92.00, 88.30, 468, otc]
[3466, 31.7, 27.7, 31.45, 28.20, 4173, otc]
[3479, 89.4, 81.5, 84.00, 87.80, 9736, otc]
[3481, 14.85, 14.05, 14.30, 14.55, 391791, tse]
[3483, 63.9, 59.5, 61.80, 61.40, 2266, otc]
[3484, 45.8, 42.5, 45.80, 42.95, 1390, otc]
[3489, 11.2, 10.3, 10.50, 10.50, 578, otc]
[3490, 25.2, 24.3, 25.20, 24.95, 385, otc]
[3491, 176.5, 160.5, 168.00, 161.50, 40026, otc]
[3492, 20.2, 19.1, 19.90, 19.75, 429, otc]
[3494, 11.9, 10.8, 10.85, 11.00, 9244, tse]
[3498, 37.95, 35.9, 36.55, 37.05, 1154, otc]
[3499, 19.45, 18.0, 18.80, 18.30, 2200, otc]
[3501, 52.4, 50.7, 51.20, 52.30, 1160, tse]
[3504, 88.0, 83.1, 85.10, 84.50, 4158, tse]
[3508, 38.0, 35.75, 38.00, 36.20, 2561, otc]
[3511, 38.1, 35.5, 38.10, 36.60, 2637, otc]
[3512, 31.25, 29.75, 30.00, 30.90, 515, otc]
[3515, 143.0, 133.5, 140.00, 136.00, 9061, tse]
[3516, 16.15, 15.5, 15.80, 15.60, 67, otc]
[3518, 23.2, 20.65, 22.20, 22.75, 2333, tse]
[3520, 21.9, 19.9, 20.75, 20.40, 5458, otc]
[3521, 22.25, 19.65, 19.95, 21.60, 2705, otc]
[3522, 11.8, 10.9, 11.50, 11.25, 114, otc]
[3523, 22.6, 20.4, 21.55, 21.00, 124, otc]
[3526, 145.5, 136.5, 139.00, 139.50, 1403, otc]
[3527, 117.5, 112.0, 117.00, 115.50, 761, otc]
[3528, 59.0, 56.2, 59.00, 57.90, 830, tse]
[3529, 2015.0, 1885.0, 1,925.00, 1,980.00, 3439, otc]
[3530, 86.6, 81.0, 85.50, 81.50, 987, tse]
[3531, 28.6, 27.05, 27.85, 27.95, 361, otc]
[3532, 173.0, 152.5, 157.50, 165.00, 18587, tse]
[3533, 818.0, 780.0, 801.00, 808.00, 3191, tse]
[3535, 22.65, 21.2, 22.45, 21.90, 3626, tse]
[3536, 4.28, 3.88, 4.10, 4.00, 252, tse]
[3537, 37.1, 36.2, 37.00, 36.65, 842, otc]
[3540, 34.75, 31.45, 34.00, 31.70, 1596, otc]
[3541, 59.5, 56.6, 58.10, 57.40, 612, otc]
[3543, 20.4, 19.6, 19.90, 20.10, 186, tse]
[3545, 77.4, 72.4, 73.80, 76.00, 14768, tse]
[3546, 74.5, 72.2, 73.70, 73.90, 525, otc]
[3548, 65.9, 63.1, 65.80, 64.10, 1292, otc]
[3550, 15.0, 14.55, 14.90, 14.80, 484, tse]
[3551, 62.4, 60.4, 61.80, 60.70, 393, otc]
[3552, 165.5, 155.0, 162.00, 159.00, 9034, otc]
[3555, 27.5, 26.0, 26.60, 26.90, 52, otc]
[3556, 62.7, 61.2, 62.10, 62.50, 848, otc]
[3557, 62.8, 60.2, 62.00, 62.80, 495, tse]
[3558, 340.5, 317.5, 333.50, 328.00, 21943, otc]
[3563, 185.0, 170.5, 175.50, 184.50, 1131, tse]
[3564, 38.0, 34.8, 38.00, 36.30, 1608, otc]
[3567, 28.05, 27.15, 27.45, 27.60, 184, otc]
[3570, 119.5, 109.5, 109.50, 113.50, 1520, otc]
[3576, 21.15, 20.15, 20.40, 21.10, 56864, tse]
[3577, 84.6, 77.5, 84.60, 78.40, 614, otc]
[3580, 59.2, 55.6, 57.80, 58.60, 1994, otc]
[3581, 23.4, 21.7, 23.00, 22.35, 275, otc]
[3583, 83.1, 78.0, 80.00, 81.40, 3956, tse]
[3587, 186.5, 173.5, 185.00, 178.00, 3456, otc]
[3588, 62.4, 59.1, 61.20, 60.10, 1525, tse]
[3591, 22.4, 20.7, 22.15, 21.70, 11864, tse]
[3592, 405.5, 384.0, 390.50, 403.50, 4167, tse]
[3593, 13.85, 12.7, 12.90, 12.95, 643, tse]
[3594, 47.8, 42.45, 43.75, 46.35, 21875, otc]
[3596, 108.0, 103.0, 106.00, 104.00, 7442, tse]
[3597, 26.3, 24.55, 24.70, 25.25, 167, otc]
[3605, 34.4, 32.75, 33.80, 33.05, 1229, tse]
[3607, 12.45, 12.0, 12.10, 12.15, 478, tse]
[3609, 45.25, 43.55, 45.10, 43.95, 82, otc]
[3611, 242.5, 214.5, 222.50, 232.50, 1542, otc]
[3615, 17.8, 17.05, 17.60, 17.20, 352, otc]
[3617, 114.5, 106.0, 107.00, 113.00, 3735, tse]
[3622, 29.1, 28.5, 28.90, 29.05, 1076, tse]
[3623, 16.7, 16.05, 16.45, 16.30, 124, otc]
[3624, 71.0, 63.5, 69.20, 71.00, 71016, otc]
[3625, 13.7, 13.0, 13.30, 13.40, 1031, otc]
[3628, 44.1, 42.55, 44.10, 43.35, 543, otc]
[3629, 37.45, 36.25, 37.40, 37.05, 45, otc]
[3630, 32.3, 28.85, 29.75, 31.45, 6449, otc]
[3631, 41.0, 36.45, 39.80, 37.20, 120, otc]
[3632, 11.85, 11.4, 11.80, 11.55, 72, otc]
[3645, 34.2, 32.75, 34.00, 33.40, 1386, tse]
[3646, 26.7, 25.55, 26.60, 26.25, 311, otc]
[3652, 29.2, 26.0, 27.95, 27.05, 6767, tse]
[3653, 425.5, 387.0, 398.00, 404.00, 7246, tse]
[3661, 1235.0, 962.0, 1,005.00, 1,205.00, 44398, tse]
[3663, 30.6, 29.0, 29.45, 29.65, 384, otc]
[3664, 16.25, 14.5, 15.50, 15.05, 1063, otc]
[3665, 272.5, 262.0, 271.50, 268.00, 5221, tse]
[3666, 25.15, 22.4, 24.15, 22.60, 2968, otc]
[3669, 47.25, 44.8, 46.15, 45.30, 657, tse]
[3672, 27.4, 26.2, 27.05, 27.40, 93, otc]
[3673, 36.0, 34.05, 34.20, 34.35, 13930, tse]
[3675, 307.0, 276.5, 304.50, 296.00, 18403, otc]
[3679, 94.6, 91.7, 92.80, 93.50, 173, tse]
[3680, 341.0, 296.0, 307.00, 338.50, 17184, otc]
[3682, 6.09, 5.99, 6.01, 6.03, 9100, tse]
[3684, 67.0, 64.5, 66.60, 66.10, 316, otc]
[3685, 20.6, 19.9, 20.20, 20.30, 384, otc]
[3686, 15.3, 14.35, 14.80, 15.30, 1937, tse]
[3687, 90.5, 80.0, 84.00, 86.00, 2302, otc]
[3689, 37.25, 35.4, 35.90, 36.00, 2228, otc]
[3691, 108.5, 102.0, 106.50, 108.50, 1965, otc]
[3693, 116.5, 107.5, 112.00, 111.00, 7145, otc]
[3694, 21.45, 20.0, 20.00, 20.20, 1295, tse]
[3701, 52.5, 48.5, 50.70, 49.55, 12807, tse]
[3702, 49.25, 47.95, 48.85, 48.10, 29558, tse]
[3703, 31.45, 29.85, 31.20, 30.30, 20240, tse]
[3704, 41.6, 36.5, 40.70, 37.55, 32422, tse]
[3705, 42.9, 42.05, 42.70, 42.30, 2696, tse]
[3706, 28.55, 27.85, 28.50, 28.00, 15027, tse]
[3707, 88.8, 86.0, 87.10, 88.50, 13463, otc]
[3708, 102.5, 97.3, 101.00, 101.50, 6745, tse]
[3709, 23.2, 22.3, 22.80, 22.60, 46, otc]
[3710, 12.2, 11.5, 12.20, 11.70, 8707, otc]
[3711, 110.0, 106.0, 106.00, 109.50, 70548, tse]
[3712, 38.8, 35.0, 38.45, 35.75, 24488, tse]
[3713, 30.8, 28.1, 29.20, 29.60, 717, otc]
[3714, 48.9, 47.5, 48.30, 48.25, 8688, tse]
[3715, 18.1, 17.25, 17.60, 17.80, 4789, tse]
[4102, 28.25, 27.05, 27.45, 28.05, 2242, otc]
[4104, 82.1, 77.2, 77.80, 82.00, 2665, tse]
[4105, 77.7, 76.0, 77.70, 77.00, 5530, otc]
[4106, 29.15, 27.75, 29.00, 28.30, 1920, tse]
[4107, 115.0, 112.5, 113.50, 113.50, 705, otc]
[4108, 19.2, 18.0, 19.15, 18.35, 1482, tse]
[4109, 14.85, 14.3, 14.70, 14.65, 639, otc]
[4111, 28.65, 26.25, 27.05, 26.90, 2595, otc]
[4113, 14.65, 13.6, 14.05, 14.20, 4691, otc]
[4114, 45.75, 43.5, 44.50, 43.50, 31504, otc]
[4116, 62.5, 57.7, 62.40, 58.60, 1111, otc]
[4119, 118.5, 106.5, 107.50, 112.00, 10532, tse]
[4120, 36.25, 35.35, 35.80, 35.50, 258, otc]
[4121, 23.85, 22.5, 23.00, 23.65, 2372, otc]
[4123, 46.9, 44.4, 46.90, 44.40, 5361, otc]
[4126, 86.5, 80.6, 82.70, 83.70, 4811, otc]
[4127, 14.8, 13.85, 14.00, 14.30, 837, otc]
[4128, 64.2, 61.4, 62.60, 62.50, 14118, otc]
[4129, 53.8, 49.2, 49.55, 51.00, 8572, otc]
[4130, 29.15, 26.0, 29.10, 26.65, 6299, otc]
[4131, 25.8, 22.1, 22.70, 24.50, 87, otc]
[4133, 38.0, 35.65, 38.00, 35.95, 1662, tse]
[4137, 219.5, 204.5, 219.50, 207.00, 1518, tse]
[4138, 73.8, 67.8, 70.00, 72.80, 536, otc]
[4139, 39.1, 38.5, 38.70, 38.95, 88, otc]
[4142, 40.15, 38.0, 40.15, 38.65, 11829, tse]
[4147, 73.7, 70.2, 71.50, 73.00, 5120, otc]
[4148, 66.7, 63.6, 65.00, 64.40, 1048, tse]
[4153, 42.05, 38.35, 39.85, 39.65, 2229, otc]
[4154, 36.7, 34.35, 36.45, 35.40, 46, otc]
[4155, 37.2, 33.2, 33.25, 36.85, 23163, tse]
[4157, 14.8, 13.95, 14.80, 14.25, 5736, otc]
[4160, 27.4, 26.8, 27.40, 27.25, 122, otc]
[4161, 28.85, 26.8, 27.25, 28.55, 712, otc]
[4162, 110.0, 102.5, 104.00, 105.00, 11418, otc]
[4163, 126.5, 119.5, 122.00, 125.00, 2729, otc]
[4164, 73.2, 63.5, 66.90, 69.00, 50805, tse]
[4167, 19.8, 18.65, 19.45, 18.75, 10880, otc]
[4168, 31.5, 29.6, 30.90, 30.60, 4129, otc]
[4171, 59.0, 55.1, 59.00, 55.90, 1574, otc]
[4173, 19.5, 18.6, 19.10, 18.85, 1046, otc]
[4174, 80.4, 77.4, 79.00, 78.00, 4027, otc]
[4175, 85.5, 80.6, 81.50, 81.70, 1273, otc]
[4183, 19.0, 18.45, 18.65, 18.60, 52, otc]
[4188, 16.5, 15.9, 16.00, 16.25, 185, otc]
[4190, 90.8, 80.7, 83.80, 83.80, 9712, tse]
[4192, 24.45, 23.5, 24.25, 24.25, 139, otc]
[4198, 26.5, 24.9, 25.00, 26.00, 27, otc]
[4205, 107.5, 106.0, 106.50, 106.00, 39, otc]
[4207, 14.35, 13.55, 14.00, 14.10, 1354, otc]
[4303, 17.3, 16.05, 17.20, 16.60, 314, otc]
[4304, 10.75, 9.75, 9.76, 9.90, 1255, otc]
[4305, 32.05, 30.65, 30.65, 31.85, 101, otc]
[4306, 15.65, 14.75, 14.90, 15.40, 9650, tse]
[4401, 27.0, 26.4, 27.00, 26.55, 147, otc]
[4402, 11.05, 10.25, 10.75, 10.50, 1726, otc]
[4406, 10.7, 10.4, 10.50, 10.65, 100, otc]
[4413, 16.4, 15.3, 16.05, 15.80, 234, otc]
[4416, 88.4, 85.0, 87.50, 86.40, 39, otc]
[4417, 39.95, 37.75, 38.00, 39.25, 1861, otc]
[4419, 18.2, 16.1, 18.20, 18.00, 112, otc]
[4420, 30.5, 30.0, 30.50, 30.40, 76, otc]
[4426, 27.5, 25.95, 26.00, 26.50, 3131, tse]
[4430, 23.65, 22.9, 23.20, 23.30, 60, otc]
[4432, 25.7, 24.25, 25.50, 24.30, 1143, otc]
[4433, 34.4, 32.55, 34.10, 34.05, 708, otc]
[4438, 117.0, 112.5, 117.00, 114.50, 780, tse]
[4439, 111.5, 108.5, 111.00, 110.00, 119, tse]
[4440, 35.35, 34.1, 35.35, 34.30, 586, tse]
[4502, 37.8, 36.6, 37.10, 37.00, 82, otc]
[4503, 47.0, 43.15, 45.05, 45.10, 2876, otc]
[4506, 77.2, 74.9, 76.10, 75.40, 571, otc]
[4510, 11.85, 10.7, 11.80, 11.15, 3074, otc]
[4513, 18.8, 18.15, 18.75, 18.65, 1321, otc]
[4523, 40.55, 36.35, 39.10, 37.45, 316, otc]
[4526, 17.0, 16.3, 16.85, 16.85, 1877, tse]
[4527, 30.0, 28.7, 28.70, 29.90, 351, otc]
[4528, 33.3, 31.8, 32.90, 32.50, 265, otc]
[4529, 10.6, 9.97, 10.60, 10.10, 513, otc]
[4530, 6.93, 6.51, 6.83, 6.90, 59, otc]
[4532, 18.1, 17.6, 18.00, 17.85, 2240, tse]
[4533, 11.65, 11.1, 11.45, 11.30, 2136, otc]
[4534, 10.05, 9.63, 9.69, 9.82, 650, otc]
[4535, 38.65, 37.9, 38.50, 38.55, 56, otc]
[4536, 213.5, 198.5, 213.50, 203.50, 10509, tse]
[4538, 21.8, 20.45, 20.45, 20.75, 330, otc]
[4540, 42.0, 40.05, 40.25, 41.30, 597, tse]
[4541, 34.35, 31.5, 33.70, 33.05, 7402, otc]
[4542, 27.15, 25.7, 27.15, 26.40, 257, otc]
[4543, 30.4, 27.0, 29.30, 27.60, 8808, otc]
[4545, 32.0, 31.0, 31.75, 31.55, 227, tse]
[4549, 91.5, 88.5, 89.90, 91.40, 362, otc]
[4550, 32.45, 29.2, 29.55, 30.35, 9705, otc]
[4551, 149.5, 144.0, 148.50, 148.00, 2216, tse]
[4552, 30.4, 29.6, 30.15, 29.80, 362, tse]
[4554, 27.5, 25.25, 26.50, 26.75, 157, otc]
[4555, 49.2, 48.1, 48.90, 48.90, 737, tse]
[4556, 31.3, 30.45, 31.00, 30.85, 42, otc]
[4557, 118.5, 108.0, 112.00, 111.00, 692, tse]
[4558, 29.0, 26.35, 29.00, 27.10, 282, otc]
[4560, 39.15, 38.7, 39.10, 39.00, 310, tse]
[4561, 23.75, 22.45, 23.20, 22.50, 171, otc]
[4562, 16.7, 15.8, 16.00, 16.05, 1435, tse]
[4563, 42.3, 39.05, 42.30, 39.50, 449, otc]
[4564, 25.65, 24.25, 24.40, 24.35, 7298, tse]
[4566, 53.4, 51.1, 53.00, 51.90, 2427, tse]
[4568, 62.9, 61.1, 61.80, 62.30, 74, otc]
[4571, 74.0, 71.8, 72.20, 73.30, 66, tse]
[4572, 149.5, 136.0, 149.50, 138.00, 2306, tse]
[4576, 78.9, 75.8, 77.50, 77.30, 327, tse]
[4577, 31.35, 30.1, 30.70, 30.90, 559, otc]
[4580, 89.7, 84.4, 86.10, 88.30, 392, otc]
[4581, 44.65, 39.65, 43.30, 40.30, 870, tse]
[4583, 230.0, 206.0, 225.50, 211.00, 500, tse]
[4584, 51.9, 48.8, 51.60, 50.80, 216, otc]
[4609, 8.98, 7.8, 8.98, 8.19, 33, otc]
[4702, 13.25, 12.6, 12.65, 12.65, 530, otc]
[4706, 18.6, 17.2, 17.40, 17.50, 299, otc]
[4707, 12.75, 12.45, 12.55, 12.70, 2918, otc]
[4711, 15.5, 14.7, 15.20, 15.10, 1070, otc]
[4712, 4.9, 4.7, 4.90, 4.72, 20, otc]
[4714, 11.1, 10.7, 10.75, 10.85, 974, otc]
[4716, 12.7, 12.45, 12.55, 12.50, 494, otc]
[4720, 14.65, 13.85, 14.55, 14.05, 913, tse]
[4721, 106.5, 99.5, 105.50, 101.00, 2500, otc]
[4722, 35.0, 34.2, 34.90, 34.95, 458, tse]
[4726, 39.4, 37.4, 39.30, 37.60, 3060, otc]
[4728, 139.0, 132.5, 136.00, 134.00, 407, otc]
[4729, 16.4, 15.8, 16.30, 16.00, 429, otc]
[4735, 39.0, 38.1, 38.50, 38.60, 119, otc]
[4736, 190.5, 183.5, 185.00, 188.00, 3173, otc]
[4737, 79.6, 77.0, 77.80, 77.30, 278, tse]
[4739, 98.8, 92.5, 98.00, 94.70, 3935, tse]
[4741, 27.3, 26.4, 26.85, 27.10, 101, otc]
[4743, 264.0, 246.0, 252.50, 254.00, 24765, otc]
[4744, 30.85, 28.85, 29.80, 29.85, 1410, otc]
[4745, 26.35, 24.8, 25.90, 25.15, 237, otc]
[4746, 69.9, 66.5, 67.70, 69.80, 8540, tse]
[4747, 59.3, 52.3, 57.40, 53.40, 3425, otc]
[4754, 41.0, 36.55, 37.30, 39.00, 374, otc]
[4755, 126.5, 119.5, 125.00, 122.00, 1383, tse]
[4760, 61.5, 56.1, 59.50, 58.50, 414, otc]
[4763, 324.5, 295.0, 320.00, 306.50, 42759, tse]
[4764, 54.0, 52.5, 54.00, 52.60, 48, tse]
[4766, 141.0, 136.5, 137.50, 137.00, 500, tse]
[4767, 26.9, 26.15, 26.40, 26.75, 15, otc]
[4768, 188.5, 169.5, 173.50, 182.50, 4551, otc]
[4770, 333.5, 308.0, 327.00, 317.00, 5895, tse]
[4804, 10.9, 10.3, 10.90, 10.50, 1202, otc]
[4806, 7.01, 6.22, 7.01, 6.48, 59, otc]
[4807, 21.7, 20.45, 21.35, 20.85, 36, tse]
[4903, 20.95, 18.4, 18.95, 19.45, 5520, otc]
[4904, 71.3, 69.8, 70.20, 70.80, 26981, tse]
[4905, 51.2, 51.0, 51.20, 51.00, 11, otc]
[4906, 29.15, 27.9, 28.50, 28.40, 16385, tse]
[4907, 33.55, 32.25, 33.40, 33.25, 730, otc]
[4908, 31.8, 30.2, 31.60, 30.55, 1180, otc]
[4909, 18.55, 17.05, 17.85, 17.60, 1114, otc]
[4911, 63.6, 58.9, 60.60, 60.00, 493, otc]
[4912, 77.4, 72.2, 77.00, 73.20, 284, tse]
[4915, 62.0, 58.7, 61.10, 59.50, 20641, tse]
[4916, 34.0, 30.6, 32.00, 32.20, 29141, tse]
[4919, 151.0, 141.5, 143.50, 148.00, 22018, tse]
[4923, 64.7, 60.7, 62.10, 62.10, 619, otc]
[4924, 14.6, 13.05, 14.50, 13.35, 1010, otc]
[4927, 58.9, 55.5, 58.40, 57.10, 4085, tse]
[4930, 29.2, 28.25, 29.00, 29.00, 970, tse]
[4931, 46.75, 42.9, 46.00, 44.80, 9084, otc]
[4933, 35.35, 34.35, 35.30, 34.60, 224, otc]
[4934, 32.35, 26.55, 27.10, 31.30, 39025, tse]
[4935, 58.4, 56.7, 57.90, 56.90, 493, tse]
[4938, 69.6, 66.0, 68.40, 67.90, 31793, tse]
[4939, 16.65, 16.0, 16.50, 16.10, 484, otc]
[4942, 38.25, 37.4, 38.15, 37.50, 767, tse]
[4943, 15.45, 13.05, 15.45, 13.40, 738, tse]
[4944, 12.5, 12.0, 12.50, 12.00, 31, otc]
[4945, 50.0, 47.7, 48.55, 49.15, 100, otc]
[4946, 45.1, 42.6, 45.05, 43.00, 286, otc]
[4950, 20.8, 20.0, 20.00, 20.40, 3628, otc]
[4951, 56.0, 53.0, 54.90, 55.10, 342, otc]
[4952, 57.7, 55.2, 56.00, 57.20, 2011, tse]
[4953, 113.5, 102.0, 107.00, 111.50, 11321, otc]
[4956, 16.0, 15.1, 15.85, 15.45, 788, tse]
[4958, 115.5, 106.0, 114.00, 109.00, 43240, tse]
[4960, 12.35, 11.5, 12.00, 12.30, 34058, tse]
[4961, 178.0, 160.5, 163.50, 171.00, 24930, tse]
[4966, 1165.0, 950.0, 985.00, 1,120.00, 9920, otc]
[4967, 63.6, 55.8, 57.80, 62.30, 31688, tse]
[4968, 130.0, 124.0, 128.00, 129.50, 6365, tse]
[4971, 55.3, 53.4, 55.20, 54.00, 292, otc]
[4972, 30.3, 29.95, 30.30, 30.15, 178, otc]
[4973, 24.65, 23.7, 24.30, 24.25, 955, otc]
[4974, 71.5, 68.9, 70.50, 70.40, 2557, otc]
[4976, 52.2, 45.55, 47.60, 50.50, 33876, tse]
[4977, 121.5, 114.5, 119.50, 118.50, 19970, tse]
[4979, 48.7, 42.65, 46.50, 43.10, 31797, otc]
[4987, 60.3, 58.6, 59.30, 59.80, 335, otc]
[4989, 31.0, 27.6, 28.60, 28.65, 7382, tse]
[4991, 37.5, 35.85, 35.90, 36.25, 80, otc]
[4994, 48.75, 44.5, 47.00, 47.20, 2051, tse]
[4995, 47.35, 46.1, 47.35, 46.90, 466, otc]
[4999, 38.95, 36.9, 38.45, 37.40, 286, tse]
[5007, 53.1, 51.9, 52.00, 53.00, 348, tse]
[5009, 50.9, 48.1, 49.60, 50.30, 102424, otc]
[5011, 26.5, 24.95, 25.65, 25.40, 3936, otc]
[5013, 35.8, 35.25, 35.50, 35.30, 98, otc]
[5014, 18.15, 17.2, 17.60, 17.45, 4930, otc]
[5015, 61.2, 58.8, 60.00, 60.40, 1581, otc]
[5016, 30.3, 29.8, 30.20, 30.00, 49, otc]
[5201, 27.35, 26.4, 27.35, 26.80, 67, otc]
[5202, 14.8, 14.2, 14.25, 14.40, 377, otc]
[5203, 98.5, 88.3, 88.60, 97.90, 5736, tse]
[5205, 39.75, 37.2, 39.75, 38.15, 33, otc]
[5206, 18.1, 17.75, 18.00, 17.90, 506, otc]
[5209, 111.0, 100.0, 101.00, 105.50, 869, otc]
[5210, 17.9, 16.15, 16.80, 17.00, 2218, otc]
[5211, 24.8, 22.55, 23.90, 24.80, 4962, otc]
[5212, 52.9, 50.0, 50.40, 52.90, 19, otc]
[5213, 24.0, 23.4, 24.00, 23.60, 502, otc]
[5215, 49.55, 48.0, 49.40, 48.55, 275, tse]
[5220, 31.85, 31.0, 31.20, 31.85, 100, otc]
[5222, 151.0, 143.0, 146.50, 149.50, 3741, tse]
[5223, 41.2, 40.1, 40.80, 40.70, 83, otc]
[5225, 42.95, 40.0, 42.50, 40.95, 3333, tse]
[5227, 68.0, 63.0, 66.60, 63.40, 2160, otc]
[5228, 23.2, 22.6, 23.10, 22.65, 189, otc]
[5230, 24.7, 22.15, 24.50, 22.35, 4232, otc]
[5234, 85.0, 81.8, 83.40, 82.90, 651, tse]
[5236, 91.0, 85.0, 88.10, 91.00, 1373, otc]
[5243, 62.8, 60.2, 61.00, 62.10, 4578, tse]
[5244, 31.05, 30.1, 30.30, 30.50, 445, tse]
[5245, 53.7, 49.7, 53.70, 50.70, 616, otc]
[5251, 26.2, 23.75, 26.05, 24.15, 1395, otc]
[5258, 94.6, 88.3, 92.20, 91.80, 50968, tse]
[5263, 138.0, 127.5, 133.00, 131.50, 1915, otc]
[5269, 1265.0, 1010.0, 1,095.00, 1,265.00, 9446, tse]
[5272, 32.3, 30.0, 32.30, 31.75, 2404, otc]
[5274, 2800.0, 2575.0, 2,685.00, 2,720.00, 2596, otc]
[5276, 16.4, 16.05, 16.10, 16.40, 76, otc]
[5278, 185.0, 177.5, 179.00, 180.50, 53, otc]
[5281, 19.3, 16.3, 16.30, 19.20, 1611, otc]
[5283, 113.5, 107.0, 113.00, 108.00, 776, tse]
[5284, 98.8, 92.2, 98.60, 95.90, 6463, tse]
[5285, 86.8, 82.2, 86.80, 85.10, 5111, tse]
[5287, 195.0, 192.0, 193.00, 193.50, 121, otc]
[5288, 178.5, 169.0, 178.50, 173.00, 879, tse]
[5289, 263.0, 228.0, 245.50, 255.50, 7845, otc]
[5291, 33.6, 32.2, 33.60, 33.00, 381, otc]
[5299, 126.0, 121.0, 124.50, 125.00, 828, otc]
[5301, 11.85, 11.05, 11.70, 11.05, 291, otc]
[5302, 9.18, 8.66, 9.00, 8.95, 681, otc]
[5306, 151.0, 140.5, 151.00, 141.00, 1376, tse]
[5309, 42.3, 40.0, 41.05, 41.05, 9177, otc]
[5310, 24.4, 23.75, 24.00, 24.40, 32, otc]
[5312, 64.7, 63.0, 64.20, 63.80, 326, otc]
[5314, 19.0, 18.45, 18.45, 18.65, 39, otc]
[5315, 23.85, 22.6, 23.20, 23.55, 7580, otc]
[5321, 89.0, 80.3, 89.00, 84.10, 4956, otc]
[5324, 9.38, 8.97, 9.28, 9.13, 288, otc]
[5328, 11.75, 11.0, 11.30, 11.15, 1937, otc]
[5340, 53.8, 45.5, 49.95, 52.50, 5781, otc]
[5344, 18.45, 17.5, 18.05, 17.70, 426, otc]
[5345, 5.99, 5.35, 5.99, 5.69, 12, otc]
[5347, 96.0, 90.7, 91.00, 95.90, 20551, otc]
[5348, 9.99, 9.02, 9.10, 9.22, 77, otc]
[5351, 45.1, 41.8, 44.60, 42.40, 18820, otc]
[5353, 34.5, 31.55, 33.40, 34.15, 4869, otc]
[5355, 7.29, 6.8, 7.29, 6.90, 783, otc]
[5356, 21.65, 21.0, 21.60, 21.35, 296, otc]
[5364, 29.0, 25.9, 27.05, 26.45, 237, otc]
[5371, 68.4, 63.9, 64.60, 64.60, 14869, otc]
[5381, 10.0, 8.66, 9.70, 9.10, 3406, otc]
[5383, 27.15, 25.25, 26.60, 25.70, 487, otc]
[5386, 37.75, 35.45, 36.60, 36.15, 858, otc]
[5388, 92.4, 87.3, 88.90, 89.70, 30013, tse]
[5392, 22.0, 21.1, 22.00, 21.35, 619, otc]
[5398, 16.8, 16.0, 16.65, 16.55, 117, otc]
[5403, 90.9, 83.8, 85.60, 85.70, 3619, otc]
[5410, 35.3, 33.8, 35.30, 34.85, 3474, otc]
[5425, 111.5, 101.0, 103.50, 106.50, 93017, otc]
[5426, 13.4, 12.7, 13.40, 12.95, 2323, otc]
[5432, 31.25, 27.75, 29.40, 28.00, 572, otc]
[5434, 193.5, 180.5, 190.50, 184.50, 3342, tse]
[5438, 18.2, 17.35, 18.00, 17.45, 169, otc]
[5439, 67.2, 63.4, 66.70, 66.30, 5608, otc]
[5443, 29.7, 28.5, 29.25, 28.80, 1944, otc]
[5450, 24.65, 20.0, 20.60, 24.25, 10905, otc]
[5452, 21.5, 18.7, 20.60, 21.15, 9962, otc]
[5455, NaN, NaN, NaN, NaN, 0, otc]
[5457, 56.1, 53.1, 53.40, 54.70, 3212, otc]
[5460, 11.3, 11.1, 11.20, 11.25, 154, otc]
[5464, 33.4, 28.6, 32.00, 29.20, 6532, otc]
[5465, 27.0, 23.7, 26.20, 25.25, 8905, otc]
[5468, 17.6, 16.6, 17.55, 17.05, 147, otc]
[5469, 34.45, 33.35, 34.00, 34.40, 4112, tse]
[5471, 54.5, 52.5, 53.00, 53.10, 1297, tse]
[5474, 79.0, 76.1, 77.20, 77.10, 158, otc]
[5475, 12.8, 11.9, 12.70, 12.10, 2018, otc]
[5478, 92.8, 80.6, 81.40, 90.30, 4864, otc]
[5481, 12.75, 12.3, 12.60, 12.45, 395, otc]
[5483, 160.5, 153.0, 155.00, 154.00, 24232, otc]
[5484, 13.75, 13.25, 13.70, 13.45, 277, tse]
[5487, 25.15, 24.55, 24.75, 24.80, 118, otc]
[5488, 10.55, 9.98, 9.98, 10.35, 2629, otc]
[5489, 38.25, 36.5, 38.25, 37.55, 587, otc]
[5490, 24.45, 23.0, 24.00, 23.25, 245, otc]
[5493, 55.5, 53.5, 54.80, 55.00, 178, otc]
[5498, 11.1, 10.4, 11.05, 10.60, 1340, otc]
[5508, 61.6, 59.8, 61.30, 60.30, 898, otc]
[5511, 32.05, 31.2, 31.25, 31.85, 377, otc]
[5512, 10.35, 9.47, 10.35, 9.64, 22847, otc]
[5514, 18.3, 17.5, 18.30, 17.90, 39, otc]
[5515, 12.75, 11.55, 11.70, 12.75, 2554, tse]
[5516, 26.8, 25.45, 26.30, 26.15, 493, otc]
[5519, 24.1, 23.65, 23.95, 23.75, 1712, tse]
[5520, 58.9, 56.5, 57.10, 57.30, 25, otc]
[5521, 7.2, 6.89, 7.08, 6.93, 2634, tse]
[5522, 59.0, 56.6, 58.50, 58.40, 3996, tse]
[5523, 25.8, 24.9, 25.75, 24.90, 226, otc]
[5525, 25.7, 24.3, 24.40, 25.05, 634, tse]
[5529, 12.25, 11.9, 12.20, 12.00, 259, otc]
[5530, 40.8, 38.7, 39.20, 39.40, 2500, otc]
[5531, 9.2, 9.03, 9.12, 9.12, 1737, tse]
[5533, 17.9, 17.6, 17.80, 17.70, 867, tse]
[5534, 78.1, 74.5, 75.80, 74.70, 6144, tse]
[5536, 130.5, 125.0, 130.00, 129.50, 3727, otc]
[5538, 42.0, 40.9, 41.75, 41.10, 48, tse]
[5543, 54.0, 52.1, 53.50, 52.40, 38, otc]
[5546, 42.2, 40.4, 41.15, 41.30, 125, tse]
[5601, 43.0, 40.35, 40.50, 43.00, 460, otc]
[5603, 24.7, 20.7, 23.55, 21.55, 5659, otc]
[5604, 50.4, 48.5, 50.40, 48.80, 187, otc]
[5607, 68.8, 59.4, 60.20, 68.10, 9176, tse]
[5608, 29.55, 27.15, 28.45, 27.45, 51253, tse]
[5609, 85.5, 78.1, 79.40, 84.30, 4987, otc]
[5701, 4.19, 3.7, 3.90, 3.92, 2552, otc]
[5703, 22.3, 20.3, 22.00, 21.95, 362, otc]
[5704, 66.4, 60.2, 65.20, 61.40, 1727, otc]
[5706, 64.8, 59.2, 64.00, 61.20, 10211, tse]
[5864, 14.05, 12.8, 13.85, 13.15, 2290, otc]
[5871, 235.0, 225.5, 229.50, 230.00, 20840, tse]
[5876, 45.85, 44.25, 45.75, 44.70, 38259, tse]
[5878, 48.7, 48.35, 48.40, 48.70, 10, otc]
[5880, 26.2, 25.2, 26.05, 25.35, 74738, tse]
[5902, 36.7, 35.0, 36.00, 35.80, 323, otc]
[5903, 227.0, 212.0, 215.00, 224.50, 693, otc]
[5904, 593.0, 561.0, 580.00, 585.00, 1888, otc]
[5905, 12.6, 11.7, 12.50, 12.05, 7508, otc]
[5906, 38.7, 35.35, 36.00, 36.70, 115, tse]
[5907, 17.4, 15.35, 17.40, 15.55, 3968, tse]
[6005, 12.05, 11.4, 11.85, 11.85, 14382, tse]
[6015, 9.8, 9.08, 9.77, 9.43, 4266, otc]
[6016, 11.15, 10.2, 11.10, 10.35, 7403, otc]
[6020, 18.9, 18.5, 18.90, 18.90, 36, otc]
[6021, 17.65, 16.8, 17.00, 16.90, 34, otc]
[6023, 50.4, 49.4, 50.20, 49.70, 659, otc]
[6024, 41.8, 39.45, 39.95, 41.60, 3268, tse]
[6026, 10.65, 10.1, 10.65, 10.30, 7125, otc]
[6101, 38.0, 33.0, 33.10, 35.00, 2581, otc]
[6103, 37.85, 30.3, 34.30, 37.85, 16, otc]
[6104, 122.0, 112.5, 122.00, 119.50, 29618, otc]
[6108, 17.05, 16.7, 16.95, 16.90, 289, tse]
[6109, 18.3, 15.85, 18.00, 16.05, 7217, otc]
[6111, 57.5, 55.1, 57.40, 57.00, 2292, otc]
[6112, 40.75, 37.5, 39.30, 39.35, 5535, tse]
[6113, 18.85, 17.3, 18.25, 17.70, 1995, otc]
[6114, 25.3, 23.8, 24.80, 24.35, 430, otc]
[6115, 45.0, 43.7, 44.40, 44.35, 714, tse]
[6116, 13.45, 12.75, 13.00, 13.00, 70979, tse]
[6117, 15.5, 14.6, 15.15, 14.70, 871, tse]
[6118, 38.75, 35.85, 38.35, 36.45, 8382, otc]
[6120, 10.15, 9.84, 10.05, 10.05, 4339, tse]
[6121, 301.5, 289.5, 291.00, 295.00, 3982, otc]
[6122, 25.75, 22.6, 23.20, 23.00, 70054, otc]
[6123, 69.5, 66.0, 66.90, 68.10, 1279, otc]
[6124, 27.35, 26.4, 26.50, 27.05, 1090, otc]
[6125, 30.0, 27.0, 27.50, 29.10, 32640, otc]
[6126, 22.2, 21.4, 21.55, 21.80, 898, otc]
[6127, 18.6, 17.35, 18.10, 17.80, 960, otc]
[6128, 34.6, 32.8, 34.20, 33.40, 1544, tse]
[6129, 37.8, 35.2, 35.85, 35.85, 21446, otc]
[6130, 36.9, 34.5, 35.20, 36.00, 253, otc]
[6133, 24.0, 22.1, 22.55, 22.95, 32856, tse]
[6134, 20.9, 19.6, 20.65, 20.20, 683, otc]
[6136, 19.0, 18.75, 19.00, 18.75, 581, tse]
[6138, 143.5, 136.0, 137.50, 141.00, 5557, otc]
[6139, 47.8, 43.85, 45.80, 45.20, 14693, tse]
[6140, 19.35, 17.85, 19.35, 18.10, 2296, otc]
[6141, 19.45, 18.7, 19.15, 19.00, 124, tse]
[6142, 12.8, 11.55, 12.15, 11.95, 7689, tse]
[6143, 84.8, 78.1, 80.30, 82.90, 10479, otc]
[6144, 14.45, 13.55, 14.45, 14.25, 22, otc]
[6146, 273.0, 248.5, 256.50, 273.00, 4619, otc]
[6147, 70.4, 68.5, 69.40, 70.00, 13220, otc]
[6148, 16.4, 15.2, 16.00, 16.15, 2027, otc]
[6150, 78.5, 72.2, 74.60, 74.10, 5645, otc]
[6151, 29.25, 27.9, 28.45, 28.85, 163, otc]
[6152, 10.2, 9.93, 10.00, 10.05, 1491, tse]
[6153, 23.9, 23.0, 23.45, 23.25, 10158, tse]
[6154, 16.15, 15.95, 16.15, 16.05, 89, otc]
[6155, 27.7, 25.8, 26.30, 27.00, 2412, tse]
[6156, 19.95, 18.85, 19.65, 19.20, 1061, otc]
[6158, 26.15, 24.2, 25.90, 24.80, 389, otc]
[6160, 20.35, 18.55, 20.00, 18.70, 1961, otc]
[6161, 29.05, 27.65, 27.70, 28.75, 2101, otc]
[6163, 19.4, 16.6, 16.70, 18.80, 66619, otc]
[6164, 11.65, 10.4, 10.75, 11.25, 5637, tse]
[6165, 30.2, 28.0, 30.10, 29.00, 1715, tse]
[6166, 61.3, 59.1, 60.90, 60.70, 899, tse]
[6167, 13.3, 12.4, 12.60, 13.05, 3750, otc]
[6168, 22.35, 21.5, 21.90, 22.20, 4347, tse]
[6169, 19.1, 18.55, 19.00, 18.80, 113, otc]
[6170, 39.5, 37.15, 38.50, 38.30, 1253, otc]
[6171, 26.1, 24.75, 25.05, 25.95, 382, otc]
[6173, 39.65, 38.0, 39.40, 39.35, 1908, otc]
[6174, 29.65, 28.55, 28.85, 29.50, 980, otc]
[6175, 38.8, 36.5, 37.10, 37.10, 1853, otc]
[6176, 107.0, 104.0, 106.00, 105.00, 10927, tse]
[6177, 32.4, 31.6, 32.20, 32.30, 4440, tse]
[6179, 29.2, 27.35, 28.00, 27.75, 1402, otc]
[6180, 78.7, 72.9, 77.60, 74.10, 15945, otc]
[6182, 47.35, 43.8, 44.70, 46.20, 32892, otc]
[6183, 66.4, 63.5, 66.30, 63.70, 265, tse]
[6184, 50.5, 49.2, 49.20, 50.30, 228, tse]
[6185, 14.65, 13.35, 13.90, 14.20, 2466, otc]
[6186, 38.15, 37.0, 37.60, 38.05, 1280, otc]
[6187, 69.0, 65.0, 67.80, 65.60, 1736, otc]
[6188, 53.7, 50.5, 52.20, 53.30, 18867, otc]
[6189, 41.4, 40.15, 40.90, 41.35, 2575, tse]
[6190, 32.6, 30.75, 32.60, 31.00, 5507, otc]
[6191, 32.0, 30.85, 31.75, 31.45, 11800, tse]
[6192, 76.6, 74.0, 76.50, 75.50, 472, tse]
[6194, 24.05, 23.65, 23.95, 23.95, 227, otc]
[6195, 45.2, 44.2, 45.10, 44.70, 129, otc]
[6196, 129.5, 124.0, 129.50, 126.00, 2239, tse]
[6197, 47.05, 43.9, 44.60, 46.40, 2138, tse]
[6198, 21.45, 20.15, 20.15, 20.75, 93, otc]
[6199, 19.05, 18.25, 18.40, 18.65, 55, otc]
[6201, 43.1, 42.5, 42.50, 42.75, 57, tse]
[6202, 76.8, 71.4, 75.10, 71.40, 6866, tse]
[6203, 57.2, 54.2, 56.40, 56.80, 610, otc]
[6204, 55.0, 53.9, 55.00, 53.90, 16, otc]
[6205, 86.5, 80.4, 86.00, 85.30, 9650, tse]
[6206, 72.2, 69.5, 71.50, 71.60, 1604, tse]
[6207, 27.9, 26.85, 27.90, 27.25, 749, otc]
[6208, 56.0, 51.9, 55.40, 52.40, 1369, otc]
[6209, 26.3, 25.35, 26.00, 25.75, 1405, tse]
[6210, 36.95, 35.3, 36.25, 36.70, 76, otc]
[6212, 49.5, 48.0, 49.50, 49.00, 11, otc]
[6213, 75.7, 73.3, 73.30, 74.30, 5270, tse]
[6214, 76.5, 74.0, 75.00, 76.20, 2690, tse]
[6215, 27.1, 25.3, 25.50, 26.75, 1514, tse]
[6216, 27.5, 26.45, 26.70, 26.90, 802, tse]
[6217, 46.7, 43.75, 46.60, 44.70, 6517, otc]
[6218, 18.75, 18.1, 18.65, 18.35, 165, otc]
[6219, 10.85, 10.0, 10.55, 10.80, 3103, otc]
[6220, 27.2, 26.0, 27.20, 27.10, 3678, otc]
[6221, 59.0, 56.5, 59.00, 58.30, 157, otc]
[6222, 16.7, 15.2, 15.30, 16.00, 14, otc]
[6223, 122.0, 116.5, 120.00, 118.00, 5575, otc]
[6224, 67.8, 64.0, 66.40, 64.30, 932, tse]
[6225, 12.3, 11.2, 12.00, 11.25, 63, tse]
[6226, 11.45, 11.0, 11.40, 11.15, 1628, tse]
[6227, 49.1, 47.25, 48.70, 48.40, 1514, otc]
[6228, 16.1, 14.05, 14.80, 14.75, 363, otc]
[6229, 27.8, 26.3, 27.35, 26.90, 575, otc]
[6230, 130.5, 124.5, 127.00, 128.00, 278, tse]
[6231, 128.0, 110.5, 117.50, 128.00, 19653, otc]
[6233, 26.3, 23.35, 24.10, 24.10, 7336, otc]
[6234, 24.9, 23.15, 24.10, 23.70, 6705, otc]
[6235, 70.8, 65.0, 66.60, 68.40, 208771, tse]
[6236, 24.3, 24.2, 24.30, 24.20, 10, otc]
[6237, 47.7, 45.0, 46.75, 45.75, 2492, otc]
[6239, 90.7, 87.1, 89.50, 88.90, 12021, tse]
[6240, 22.85, 20.15, 21.95, 20.60, 352, otc]
[6241, 15.7, 14.5, 14.90, 14.55, 1316, otc]
[6242, 61.5, 60.2, 60.90, 61.00, 336, otc]
[6243, 39.0, 32.55, 33.30, 36.05, 10579, tse]
[6244, 33.9, 28.55, 29.15, 33.90, 126116, otc]
[6245, 114.0, 103.5, 111.00, 111.50, 24721, otc]
[6246, 14.1, 13.7, 14.10, 14.10, 141, otc]
[6248, 27.0, 25.3, 26.00, 25.95, 9147, otc]
[6257, 56.1, 54.7, 55.40, 55.80, 8830, tse]
[6259, 23.4, 22.35, 22.40, 22.90, 68, otc]
[6261, 66.4, 63.5, 64.60, 65.60, 1472, otc]
[6263, 105.5, 96.8, 98.80, 103.00, 1205, otc]
[6264, 8.27, 8.0, 8.27, 8.15, 222, otc]
[6265, 10.4, 9.95, 10.10, 10.00, 984, otc]
[6266, 33.7, 31.95, 32.55, 33.05, 12153, otc]
[6269, 97.7, 94.5, 97.50, 95.40, 6857, tse]
[6270, 25.0, 24.55, 24.95, 24.90, 1083, otc]
[6271, 224.0, 190.0, 213.50, 191.50, 19294, tse]
[6274, 69.2, 63.9, 68.60, 67.00, 28218, otc]
[6275, 32.9, 29.6, 30.10, 32.15, 5804, otc]
[6276, 19.5, 17.1, 18.85, 17.40, 1566, otc]
[6277, 83.7, 78.7, 82.70, 78.70, 5594, tse]
[6278, 94.1, 90.5, 92.60, 91.20, 11230, tse]
[6279, 150.0, 142.0, 149.00, 146.00, 6434, otc]
[6281, 87.5, 86.3, 87.00, 87.00, 236, tse]
[6282, 41.5, 38.8, 39.35, 40.20, 92833, tse]
[6283, 35.45, 32.7, 34.75, 33.00, 1932, tse]
[6284, 59.3, 55.5, 58.50, 56.80, 2261, otc]
[6285, 89.1, 85.1, 86.70, 86.60, 19446, tse]
[6287, 25.05, 22.75, 22.90, 23.90, 18, otc]
[6288, 28.45, 26.8, 27.55, 28.25, 15601, tse]
[6290, 70.5, 65.9, 67.90, 67.60, 21240, otc]
[6291, 153.0, 124.0, 124.50, 139.50, 1400, otc]
[6292, 43.6, 42.55, 43.00, 42.95, 234, otc]
[6294, 113.5, 110.0, 111.50, 112.00, 182, otc]
[6404, 20.95, 19.6, 20.45, 20.20, 70, otc]
[6405, 22.65, 21.35, 22.20, 21.65, 117, tse]
[6409, 1770.0, 1605.0, 1,690.00, 1,615.00, 1074, tse]
[6411, 124.0, 117.0, 120.50, 122.00, 7545, otc]
[6412, 84.5, 80.4, 84.00, 81.50, 4025, tse]
[6414, 241.5, 227.5, 232.00, 234.50, 3402, tse]
[6415, 529.0, 476.5, 516.00, 499.00, 19892, tse]
[6416, 100.0, 93.5, 100.00, 94.20, 1469, tse]
[6417, 143.0, 117.0, 122.50, 136.00, 7610, otc]
[6418, 16.6, 15.6, 16.55, 16.10, 344, otc]
[6419, 39.95, 37.95, 39.95, 39.25, 129, otc]
[6425, 22.5, 20.0, 20.30, 20.75, 742, otc]
[6426, 71.2, 63.5, 65.70, 64.80, 1064, tse]
[6431, 20.7, 19.8, 19.95, 20.00, 211, tse]
[6432, 36.5, 33.85, 35.05, 34.40, 576, otc]
[6435, 102.5, 99.5, 102.00, 101.50, 709, otc]
[6438, 98.0, 94.6, 95.80, 97.40, 1587, tse]
[6441, 61.0, 56.9, 59.00, 57.40, 2321, otc]
[6442, 50.7, 46.35, 50.00, 49.35, 2579, tse]
[6443, 38.75, 35.6, 36.40, 38.75, 117262, tse]
[6446, 467.0, 435.0, 467.00, 451.00, 7214, otc]
[6449, 56.9, 48.25, 48.25, 55.80, 6043, tse]
[6451, 87.4, 79.2, 86.40, 80.30, 2011, tse]
[6456, 82.4, 79.6, 82.00, 82.00, 4601, tse]
[6457, 61.7, 58.3, 61.00, 59.20, 736, otc]
[6461, 29.95, 28.05, 29.50, 28.75, 1551, otc]
[6462, 81.0, 77.8, 79.70, 80.40, 1141, otc]
[6464, 90.0, 87.8, 88.40, 89.60, 74, tse]
[6465, 19.9, 17.65, 19.35, 17.90, 376, otc]
[6469, 380.0, 349.0, 351.50, 350.00, 5050, otc]
[6470, 66.7, 61.5, 65.40, 62.70, 6202, otc]
[6472, 585.0, 480.0, 499.00, 582.00, 32159, otc]
[6477, 49.3, 45.1, 46.00, 49.00, 20362, tse]
[6482, 45.5, 43.0, 43.50, 45.00, 32, otc]
[6485, 80.9, 75.4, 78.20, 78.90, 2415, otc]
[6486, 69.6, 68.2, 69.20, 68.90, 333, otc]
[6488, 514.0, 487.5, 500.00, 502.00, 13532, otc]
[6491, 415.0, 398.5, 406.00, 412.00, 1859, tse]
[6492, 58.7, 56.6, 58.00, 56.80, 596, otc]
[6494, 76.2, 73.0, 76.00, 74.10, 1010, otc]
[6496, 31.55, 29.15, 31.50, 29.65, 262, otc]
[6499, 60.4, 56.5, 57.10, 59.10, 632, otc]
[6504, 79.9, 76.0, 76.60, 78.00, 357, tse]
[6505, 84.1, 81.6, 84.00, 81.70, 10383, tse]
[6506, 21.3, 20.7, 21.30, 21.10, 476, otc]
[6508, 39.45, 38.1, 38.80, 38.90, 1319, otc]
[6509, 45.85, 44.0, 45.70, 45.25, 8730, otc]
[6510, 581.0, 542.0, 570.00, 573.00, 687, otc]
[6512, 22.1, 21.0, 22.10, 21.55, 68, otc]
[6514, 61.0, 56.1, 60.10, 56.80, 804, otc]
[6515, 622.0, 568.0, 600.00, 616.00, 4691, tse]
[6516, 85.1, 83.0, 85.10, 83.70, 278, otc]
[6517, 75.2, 66.0, 66.00, 74.50, 5650, otc]
[6523, 106.5, 102.0, 105.50, 104.50, 829, otc]
[6525, 74.3, 72.1, 73.80, 74.00, 628, tse]
[6527, 73.1, 68.4, 73.00, 71.00, 1093, otc]
[6530, 24.7, 23.9, 24.05, 24.50, 310, otc]
[6531, 310.0, 278.5, 292.00, 303.50, 70059, tse]
[6532, 52.8, 50.5, 52.60, 51.90, 1197, otc]
[6533, 581.0, 538.0, 554.00, 558.00, 22583, tse]
[6535, 43.05, 39.3, 43.05, 40.50, 3011, otc]
[6538, 82.2, 78.6, 81.00, 81.30, 493, otc]
[6541, 100.5, 75.0, 100.50, 80.00, 1811, tse]
[6542, 46.0, 44.5, 45.50, 46.00, 5, otc]
[6546, 82.4, 78.9, 80.80, 81.70, 1946, otc]
[6547, 59.7, 56.4, 58.70, 56.80, 15481, otc]
[6548, 39.6, 36.5, 38.20, 38.70, 13561, otc]
[6550, 98.9, 90.5, 97.30, 93.00, 24033, tse]
[6552, 37.6, 34.15, 37.45, 35.40, 699, tse]
[6556, 179.5, 162.0, 179.00, 172.50, 1656, otc]
[6558, 29.25, 25.4, 27.20, 26.10, 5194, tse]
[6560, 38.25, 35.1, 38.25, 35.60, 485, otc]
[6561, 374.0, 345.0, 350.50, 358.50, 799, otc]
[6568, 164.5, 154.0, 160.00, 162.00, 1926, otc]
[6569, 107.5, 104.0, 105.00, 105.00, 152, otc]
[6570, 61.3, 56.4, 58.30, 59.60, 6436, otc]
[6573, 17.1, 14.4, 14.40, 15.55, 6640, tse]
[6574, 50.2, 48.65, 49.50, 50.20, 11, otc]
[6576, 129.0, 120.0, 124.50, 129.00, 8086, otc]
[6577, 66.0, 60.9, 62.20, 64.10, 169, otc]
[6578, 17.7, 16.35, 17.65, 17.05, 2928, otc]
[6579, 94.0, 90.4, 92.60, 93.70, 434, tse]
[6581, 102.0, 99.1, 100.00, 100.00, 594, tse]
[6582, 63.1, 60.2, 60.80, 60.70, 666, tse]
[6585, 66.0, 63.5, 65.90, 64.40, 382, tse]
[6588, 33.95, 30.0, 33.00, 31.00, 128, otc]
[6589, 115.5, 107.0, 110.00, 111.00, 9252, otc]
[6590, 73.8, 68.3, 72.60, 72.60, 655, otc]
[6591, 48.7, 44.9, 45.30, 47.90, 1972, tse]
[6592, 122.0, 116.0, 117.50, 118.00, 8047, tse]
[6593, 69.7, 55.9, 55.90, 65.70, 4917, otc]
[6594, 31.2, 29.65, 30.55, 30.00, 162, otc]
[6596, 44.8, 43.8, 44.80, 44.45, 152, otc]
[6598, 29.5, 28.25, 29.50, 28.60, 653, tse]
[6603, 18.05, 17.15, 17.65, 17.40, 4658, otc]
[6605, 91.7, 86.8, 91.70, 90.80, 8415, tse]
[6609, 40.9, 37.25, 40.65, 38.55, 4848, otc]
[6612, 138.0, 125.0, 137.50, 132.00, 2026, otc]
[6613, 100.0, 95.6, 99.00, 98.00, 808, otc]
[6615, 38.25, 37.2, 37.75, 38.00, 23, otc]
[6616, 15.25, 14.6, 15.00, 14.90, 266, otc]
[6624, 42.9, 41.6, 41.70, 42.30, 48, otc]
[6625, 46.25, 42.8, 45.70, 43.95, 1289, tse]
[6629, 48.65, 45.5, 45.75, 48.65, 15, otc]
[6640, 91.0, 87.2, 91.00, 90.30, 81, otc]
[6641, 57.8, 56.9, 57.30, 57.10, 114, tse]
[6642, 53.4, 51.0, 51.00, 52.00, 123, otc]
[6643, 650.0, 585.0, 602.00, 622.00, 23000, otc]
[6649, 42.5, 39.5, 41.85, 41.05, 445, otc]
[6651, 72.0, 69.4, 71.50, 71.10, 301, otc]
[6654, 56.0, 53.2, 54.50, 54.10, 42, otc]
[6655, 127.0, 120.5, 124.00, 127.00, 41, tse]
[6661, 22.85, 21.55, 21.55, 22.05, 74, otc]
[6662, 31.3, 30.1, 30.65, 31.15, 162, otc]
[6664, 103.5, 100.0, 101.50, 102.50, 744, otc]
[6666, 83.9, 78.0, 83.50, 79.50, 1195, tse]
[6667, 71.5, 64.3, 67.00, 67.00, 3533, otc]
[6668, 44.0, 40.8, 43.45, 41.25, 1311, tse]
[6669, 965.0, 898.0, 925.00, 948.00, 7476, tse]
[6670, 238.5, 225.5, 234.50, 231.50, 2836, tse]
[6671, 39.65, 38.3, 39.35, 38.75, 31, tse]
[6672, 85.4, 80.3, 84.50, 83.70, 2454, tse]
[6674, 27.9, 25.9, 27.90, 26.15, 108, tse]
[6679, 320.0, 281.0, 305.00, 320.00, 7371, otc]
[6680, 74.8, 71.0, 74.30, 72.30, 219, otc]
[6683, 203.5, 194.0, 203.00, 199.50, 1073, otc]
[6684, 57.0, 51.4, 57.00, 54.00, 925, otc]
[6689, 136.5, 115.5, 134.00, 128.50, 3203, tse]
[6690, 181.0, 156.0, 162.00, 176.00, 1279, otc]
[6691, 294.5, 274.5, 287.00, 290.00, 4255, tse]
[6693, 66.0, 62.2, 66.00, 63.20, 375, otc]
[6695, 43.0, 40.5, 43.00, 41.75, 820, tse]
[6697, 41.9, 38.45, 40.60, 39.60, 356, otc]
[6698, 31.7, 30.2, 31.70, 31.30, 247, tse]
[6703, 134.0, 117.0, 118.00, 131.00, 730, otc]
[6706, 100.0, 95.6, 100.00, 97.40, 2713, tse]
[6708, 58.2, 55.1, 58.10, 56.20, 564, otc]
[6712, 202.0, 188.5, 194.50, 202.00, 4573, otc]
[6715, 144.5, 129.0, 136.50, 144.50, 4800, tse]
[6716, 94.0, 90.0, 90.00, 92.10, 66, otc]
[6719, 328.0, 292.5, 326.00, 309.50, 17409, tse]
[6721, 50.5, 47.8, 49.00, 50.20, 80, otc]
[6727, 72.1, 69.4, 70.20, 71.90, 956, otc]
[6728, 151.0, 144.0, 146.00, 150.00, 182, otc]
[6732, 392.0, 341.0, 368.00, 390.00, 5300, otc]
[6733, 25.95, 24.65, 25.85, 25.10, 2004, otc]
[6735, 65.0, 60.5, 63.30, 64.70, 79, otc]
[6741, 122.0, 111.5, 122.00, 118.00, 9748, otc]
[6743, 52.1, 49.8, 51.80, 51.30, 1905, tse]
[6747, 247.5, 201.0, 206.50, 245.00, 2448, otc]
[6751, 74.0, 64.8, 70.00, 74.00, 2186, otc]
[6752, 143.0, 122.0, 137.00, 140.50, 1794, otc]
[6753, 87.7, 73.6, 85.10, 87.70, 12969, tse]
[6754, 49.85, 47.5, 49.35, 49.75, 292, tse]
[6756, 224.0, 201.5, 210.50, 221.50, 4308, tse]
[6761, 98.0, 93.8, 96.10, 95.90, 228, otc]
[6762, 255.0, 241.0, 247.00, 255.00, 36, otc]
[6763, 483.0, 450.0, 470.00, 467.00, 346, otc]
[6767, 35.4, 34.1, 35.10, 35.00, 643, otc]
[6768, 72.3, 69.4, 72.00, 69.80, 2152, tse]
[6770, 34.6, 33.1, 34.05, 34.60, 71252, tse]
[6776, 47.0, 42.1, 42.50, 45.30, 1974, tse]
[6781, 835.0, 765.0, 787.00, 792.00, 4236, tse]
[6782, 300.0, 251.0, 298.00, 261.00, 6477, tse]
[6788, 142.0, 122.0, 128.50, 142.00, 11968, otc]
[6789, 235.5, 213.5, 235.00, 223.50, 10364, tse]
[6790, 37.9, 36.6, 37.25, 37.50, 1061, tse]
[6791, 81.7, 66.1, 79.50, 75.10, 1885, otc]
[6792, 82.9, 78.2, 81.20, 79.30, 288, tse]
[6796, 107.5, 98.0, 104.50, 101.50, 1527, tse]
[6799, 170.0, 143.0, 147.50, 148.50, 23835, tse]
[6803, 273.5, 267.5, 270.00, 271.00, 204, otc]
[6804, 58.4, 56.0, 58.10, 56.40, 321, otc]
[6806, 85.9, 82.0, 84.10, 84.00, 6921, tse]
[6807, 26.4, 25.35, 25.55, 25.55, 100, tse]
[6811, 206.5, 182.0, 199.50, 197.00, 1310, otc]
[6823, 96.5, 91.0, 94.00, 96.50, 121, otc]
[6829, 83.5, 80.0, 81.90, 83.00, 1022, otc]
[6830, 124.0, 117.5, 122.50, 121.00, 939, tse]
[6834, 30.6, 28.1, 30.00, 28.25, 509, tse]
[6835, 43.65, 40.0, 43.00, 41.80, 639, tse]
[6841, 133.0, 107.5, 129.00, 115.00, 10462, otc]
[6843, 75.4, 61.6, 63.60, 74.40, 2341, otc]
[6854, 100.0, 94.2, 98.20, 96.40, 352, tse]
[6855, 82.6, 78.8, 81.60, 81.10, 162, otc]
[6859, 164.0, 148.5, 161.00, 157.00, 1287, otc]
[6865, 109.0, 92.0, 109.00, 101.50, 1367, otc]
[6869, 103.0, 88.2, 102.00, 93.80, 2110, tse]
[6873, 160.0, 137.0, 140.00, 152.50, 3282, tse]
[6874, 117.5, 98.6, 112.50, 116.50, 2162, otc]
[7402, 70.0, 58.1, 70.00, 64.00, 3969, otc]
[7556, 102.5, 99.8, 100.50, 100.00, 79, otc]
[8011, 14.65, 14.15, 14.45, 14.30, 982, tse]
[8016, 236.0, 217.0, 221.00, 224.50, 12999, tse]
[8021, 29.5, 28.7, 29.35, 29.25, 1219, tse]
[8024, 22.35, 20.8, 21.25, 21.85, 723, otc]
[8027, 52.0, 49.8, 51.90, 51.00, 1155, otc]
[8028, 58.7, 56.2, 56.50, 58.00, 5383, tse]
[8032, 31.75, 30.75, 31.50, 31.30, 124, otc]
[8033, 59.3, 53.1, 56.70, 58.40, 13964, tse]
[8034, 14.3, 13.85, 14.10, 14.05, 416, otc]
[8038, 43.4, 39.5, 43.40, 40.20, 2557, otc]
[8039, 42.75, 41.85, 42.35, 41.85, 1666, tse]
[8040, 51.5, 49.0, 51.50, 49.40, 2187, otc]
[8042, 38.5, 37.0, 37.80, 37.05, 78, otc]
[8043, 29.65, 27.7, 29.40, 28.35, 1006, otc]
[8044, 63.8, 59.5, 63.10, 61.90, 3249, otc]
[8046, 267.0, 254.5, 259.50, 261.00, 39674, tse]
[8047, 12.55, 11.8, 12.55, 11.85, 389, otc]
[8048, 36.8, 34.9, 36.50, 35.55, 906, otc]
[8049, 39.65, 38.0, 38.85, 39.40, 5720, otc]
[8050, 81.4, 77.5, 80.80, 79.40, 17842, otc]
[8054, 35.4, 32.65, 33.60, 35.15, 3451, otc]
[8059, 11.65, 10.55, 10.70, 11.55, 1490, otc]
[8064, 18.45, 17.9, 18.20, 17.90, 2721, otc]
[8066, 28.75, 27.45, 28.70, 27.60, 129, otc]
[8067, 17.8, 15.3, 17.15, 16.15, 132, otc]
[8068, 24.7, 24.0, 24.70, 24.10, 183, otc]
[8069, 179.5, 172.0, 176.00, 175.50, 86300, otc]
[8070, 35.2, 33.3, 33.90, 34.95, 5031, tse]
[8071, 15.7, 14.85, 15.70, 15.10, 770, otc]
[8072, 27.3, 25.55, 27.30, 25.85, 981, tse]
[8074, 20.9, 20.45, 20.80, 20.65, 552, otc]
[8076, 29.85, 27.95, 29.40, 28.40, 6707, otc]
[8077, 41.2, 33.35, 41.20, 39.55, 9, otc]
[8080, 11.5, 9.9, 11.50, 10.00, 122, otc]
[8081, 177.5, 168.5, 176.00, 175.50, 3090, tse]
[8083, 159.5, 154.0, 159.50, 155.00, 331, otc]
[8084, 108.0, 90.2, 92.50, 106.00, 3858, otc]
[8085, 20.8, 19.8, 20.40, 20.00, 1244, otc]
[8086, 78.0, 71.6, 75.00, 77.00, 7460, otc]
[8087, 33.0, 31.1, 32.00, 31.50, 599, otc]
[8088, 28.3, 25.75, 27.80, 28.05, 6422, otc]
[8089, 23.0, 22.15, 22.65, 22.75, 196, otc]
[8091, 86.5, 83.5, 84.80, 85.70, 2261, otc]
[8092, 11.9, 11.45, 11.90, 11.60, 122, otc]
[8093, 12.7, 11.85, 12.60, 12.05, 444, otc]
[8096, 11.7, 11.1, 11.70, 11.35, 2312, otc]
[8097, 53.0, 46.95, 53.00, 47.00, 7000, otc]
[8099, 42.1, 37.6, 41.00, 38.80, 1570, otc]
[8101, 6.08, 5.79, 5.97, 5.90, 201, tse]
[8103, 37.95, 35.7, 37.00, 36.30, 4379, tse]
[8104, 41.35, 37.7, 39.00, 39.95, 1724, tse]
[8105, 15.2, 14.1, 15.10, 14.30, 15746, tse]
[8107, 17.95, 17.2, 17.85, 17.45, 423, otc]
[8109, 94.9, 90.3, 93.50, 93.50, 654, otc]
[8110, 13.35, 12.5, 13.25, 12.90, 4792, tse]
[8111, 23.8, 22.1, 22.15, 22.30, 7131, otc]
[8112, 43.4, 42.0, 43.00, 43.20, 32928, tse]
[8114, 119.5, 109.0, 118.00, 111.50, 3069, tse]
[8121, 27.45, 25.65, 26.65, 26.10, 5817, otc]
[8131, 44.6, 42.8, 44.00, 43.40, 2834, tse]
[8147, 65.1, 62.6, 63.40, 64.50, 342, otc]
[8150, 36.95, 35.5, 36.85, 35.95, 11663, tse]
[8155, 126.5, 113.0, 121.00, 118.00, 7090, otc]
[8163, 44.2, 42.5, 43.80, 43.30, 4085, tse]
[8171, 63.1, 57.6, 60.20, 62.00, 21980, otc]
[8176, 11.7, 10.7, 11.55, 11.10, 3362, otc]
[8182, 34.5, 32.5, 33.65, 32.55, 548, otc]
[8183, 55.0, 52.8, 54.20, 53.50, 3001, otc]
[8201, 11.7, 10.9, 11.70, 11.05, 726, tse]
[8210, 87.7, 78.9, 87.10, 79.50, 4787, tse]
[8213, 40.05, 38.7, 39.05, 39.80, 2676, tse]
[8215, 37.2, 36.05, 36.60, 36.90, 5890, tse]
[8222, 39.3, 34.7, 36.00, 38.30, 59196, tse]
[8227, 235.0, 186.0, 219.00, 205.00, 24806, otc]
[8234, 41.5, 39.45, 40.10, 40.90, 4760, otc]
[8240, 29.0, 28.05, 28.85, 28.75, 156, otc]
[8249, 30.95, 27.75, 28.85, 28.30, 3400, tse]
[8255, 168.0, 160.0, 165.00, 163.00, 3248, otc]
[8261, 109.0, 101.5, 109.00, 103.00, 6337, tse]
[8271, 49.65, 47.95, 48.75, 49.25, 2539, tse]
[8277, 9.7, 9.0, 9.60, 9.16, 791, otc]
[8279, 171.5, 164.5, 169.00, 165.50, 221, otc]
[8284, 64.1, 61.0, 64.10, 61.70, 368, otc]
[8289, 46.75, 43.0, 46.10, 45.70, 12175, otc]
[8291, 5.86, 5.63, 5.76, 5.81, 6, otc]
[8299, 362.0, 333.5, 352.00, 358.00, 11341, otc]
[8341, 167.5, 161.0, 162.00, 165.50, 1096, tse]
[8342, 57.4, 56.2, 57.40, 56.80, 52, otc]
[8349, 64.2, 61.5, 62.60, 63.00, 1935, otc]
[8354, 14.55, 14.2, 14.50, 14.30, 479, otc]
[8358, 62.7, 57.6, 61.90, 59.20, 20720, otc]
[8367, 49.0, 44.3, 44.30, 48.20, 1495, tse]
[8374, 31.7, 29.05, 29.10, 30.45, 768, tse]
[8383, 43.5, 41.8, 43.20, 43.15, 5082, otc]
[8390, 41.3, 37.2, 38.05, 39.20, 21852, otc]
[8401, 24.45, 23.5, 24.35, 23.95, 2274, otc]
[8403, 34.35, 32.55, 34.00, 33.40, 2861, otc]
[8404, 27.75, 26.4, 27.75, 26.85, 466, tse]
[8409, 21.8, 19.5, 20.30, 20.15, 1005, otc]
[8410, 30.7, 29.6, 30.70, 30.05, 19, otc]
[8411, 15.0, 14.45, 14.85, 14.90, 474, tse]
[8415, 38.8, 36.15, 38.05, 37.20, 5392, otc]
[8416, 127.0, 120.0, 120.50, 125.00, 190, otc]
[8418, 9.99, 9.84, 9.88, 9.84, 158, otc]
[8420, 103.5, 93.9, 99.00, 95.80, 5081, otc]
[8421, 17.8, 16.3, 17.80, 16.85, 1751, otc]
[8422, 187.0, 184.0, 187.00, 185.00, 746, tse]
[8423, 18.9, 18.2, 18.20, 18.60, 13, otc]
[8424, 69.7, 68.6, 69.50, 69.10, 47, otc]
[8426, 39.05, 35.7, 38.45, 37.05, 265, otc]
[8429, 10.6, 9.95, 10.55, 10.15, 1224, tse]
[8431, 56.8, 54.9, 56.80, 56.00, 344, otc]
[8432, 49.25, 45.0, 46.15, 47.30, 922, otc]
[8433, 72.5, 68.3, 72.40, 71.90, 1387, otc]
[8435, 63.5, 61.5, 62.10, 62.80, 141, otc]
[8436, 208.5, 192.5, 200.00, 195.50, 8325, otc]
[8437, 120.0, 116.0, 116.50, 119.50, 45, otc]
[8438, 25.3, 24.05, 25.05, 24.70, 129, tse]
[8440, 49.15, 44.1, 45.35, 47.60, 8002, otc]
[8442, 92.6, 85.1, 91.20, 88.00, 2707, tse]
[8443, 11.65, 11.0, 11.60, 11.25, 475, tse]
[8444, 48.7, 47.0, 47.00, 47.90, 34, otc]
[8446, 89.4, 85.5, 86.30, 87.00, 424, otc]
[8450, 26.15, 25.1, 25.95, 25.75, 529, otc]
[8454, 818.0, 763.0, 802.00, 805.00, 3066, tse]
[8455, 22.8, 21.25, 21.25, 22.15, 18, otc]
[8462, 142.0, 130.0, 140.50, 138.50, 601, tse]
[8463, 23.35, 22.4, 23.00, 22.75, 342, tse]
[8464, 325.5, 305.0, 324.50, 317.00, 3123, tse]
[8466, 41.7, 40.9, 41.30, 41.00, 95, tse]
[8467, 61.6, 57.8, 60.00, 58.00, 553, tse]
[8472, 44.25, 42.1, 43.80, 42.70, 21, otc]
[8473, 31.15, 29.6, 31.00, 29.85, 583, tse]
[8476, 73.2, 64.7, 73.20, 66.20, 2619, otc]
[8477, 19.45, 17.85, 19.05, 17.90, 703, otc]
[8478, 384.0, 355.0, 379.00, 380.50, 15924, tse]
[8481, 58.3, 56.5, 58.10, 57.90, 69, tse]
[8482, 74.6, 72.0, 74.60, 73.30, 53, tse]
[8488, 15.6, 15.25, 15.50, 15.25, 29, tse]
[8489, 25.9, 24.7, 25.30, 25.00, 135, otc]
[8499, 112.0, 103.0, 103.50, 109.00, 650, tse]
[8905, 25.6, 24.3, 24.80, 25.15, 550, otc]
[8906, 18.35, 18.0, 18.10, 18.00, 10, otc]
[8908, 75.2, 72.2, 75.20, 73.20, 317, otc]
[8916, 56.5, 53.8, 54.00, 54.70, 3949, otc]
[8917, 90.0, 89.7, 89.90, 90.00, 40, otc]
[8921, 15.2, 15.0, 15.00, 15.20, 14, otc]
[8923, 22.0, 20.2, 20.70, 20.90, 92, otc]
[8924, 135.0, 128.5, 134.00, 132.50, 3754, otc]
[8926, 39.9, 37.3, 37.60, 39.75, 16176, tse]
[8927, 42.4, 38.5, 41.60, 40.70, 4972, otc]
[8928, 40.5, 38.85, 40.30, 39.45, 977, otc]
[8929, 21.85, 21.0, 21.40, 21.10, 53, otc]
[8930, 18.1, 17.5, 18.05, 17.90, 1070, otc]
[8931, 63.8, 59.2, 62.20, 61.40, 4373, otc]
[8932, 46.1, 42.4, 46.10, 44.05, 1688, otc]
[8933, 15.2, 12.3, 15.15, 13.25, 20587, otc]
[8935, 13.0, 11.95, 12.25, 12.65, 563, otc]
[8936, 29.35, 27.25, 28.80, 27.90, 36442, otc]
[8937, 16.7, 15.0, 16.55, 15.50, 1073, otc]
[8938, 115.0, 105.5, 114.00, 108.00, 9379, otc]
[8940, 24.85, 21.45, 22.80, 24.30, 4165, tse]
[8941, 62.5, 56.9, 57.00, 61.50, 259, otc]
[8942, 67.4, 65.9, 67.30, 66.00, 844, otc]
[8996, 233.0, 209.0, 215.00, 232.50, 6473, tse]
[9103, 7.1, 6.72, 7.07, 6.92, 3573, tse]
[9105, 4.35, 3.82, 4.35, 3.90, 21763, tse]
[9110, 3.5, 3.27, 3.38, 3.40, 663, tse]
[9136, 6.58, 6.4, 6.45, 6.49, 1146, tse]
[9802, 138.0, 126.5, 138.00, 128.50, 7009, tse]
[9902, 13.1, 12.25, 13.00, 12.50, 1696, tse]
[9904, 33.0, 30.65, 33.00, 30.90, 53837, tse]
[9905, 25.1, 24.8, 24.95, 24.90, 357, tse]
[9906, 52.9, 51.1, 51.70, 52.20, 223, tse]
[9907, 19.0, 18.2, 18.75, 18.55, 23373, tse]
[9908, 31.9, 31.2, 31.30, 31.45, 328, tse]
[9910, 186.5, 179.0, 180.50, 180.00, 4670, tse]
[9911, 64.6, 63.1, 64.50, 64.00, 650, tse]
[9912, 10.5, 10.05, 10.20, 10.25, 237, tse]
[9914, 176.0, 157.0, 176.00, 157.50, 6129, tse]
[9917, 103.0, 100.5, 101.50, 102.00, 2654, tse]
[9918, 42.3, 41.7, 42.05, 41.90, 112, tse]
[9919, 17.3, 16.5, 17.30, 16.90, 2056, tse]
[9921, 196.0, 168.5, 196.00, 169.50, 18794, tse]
[9924, 43.75, 43.05, 43.50, 43.35, 880, tse]
[9925, 40.8, 40.35, 40.50, 40.70, 672, tse]
[9926, 52.1, 51.7, 52.10, 51.90, 46, tse]
[9927, 40.15, 38.5, 40.00, 39.00, 716, tse]
[9928, 19.55, 18.25, 19.15, 18.30, 822, tse]
[9929, 9.4, 9.02, 9.21, 9.10, 259, tse]
[9930, 48.35, 47.6, 47.90, 47.85, 478, tse]
[9931, 40.0, 39.2, 39.20, 39.80, 95, tse]
[9933, 42.1, 41.0, 41.85, 41.20, 14512, tse]
[9934, 12.7, 12.1, 12.70, 12.25, 1990, tse]
[9935, 18.7, 17.9, 18.15, 18.15, 719, tse]
[9937, 71.5, 61.0, 63.60, 63.30, 1052, tse]
[9938, 60.9, 57.7, 60.00, 57.70, 6427, tse]
[9939, 101.0, 97.1, 101.00, 97.80, 12991, tse]
[9940, 28.9, 28.3, 28.60, 28.60, 852, tse]
[9941, 179.5, 171.0, 177.50, 172.50, 7611, tse]
[9942, 119.0, 113.0, 117.50, 114.50, 1329, tse]
[9943, 66.9, 65.1, 66.10, 66.60, 343, tse]
[9944, 20.45, 20.25, 20.35, 20.40, 416, tse]
[9945, 43.2, 35.8, 43.05, 36.25, 108728, tse]
[9946, 12.0, 11.75, 12.00, 11.90, 323, tse]
[9949, 23.05, 20.3, 21.45, 22.65, 289, otc]
[9950, 12.65, 11.7, 12.65, 11.75, 65, otc]
[9951, 71.9, 69.1, 71.00, 70.80, 344, otc]
[9955, 26.4, 20.9, 21.25, 25.30, 40228, tse]
[9958, 103.5, 95.3, 97.50, 97.60, 12822, tse]
[9960, 28.35, 27.8, 27.90, 28.10, 136, otc]
[9962, 22.2, 20.4, 21.75, 21.30, 4982, otc]
