[1101, 38.95, 37.1, 37.65, 38.30, 142301, tse]
[1102, 44.1, 43.25, 43.70, 43.80, 18208, tse]
[1103, 20.8, 19.35, 19.35, 19.95, 5511, tse]
[1104, 27.65, 26.5, 26.80, 26.80, 11676, tse]
[1108, 16.4, 15.4, 16.10, 16.00, 15242, tse]
[1109, 17.9, 17.35, 17.55, 17.50, 1925, tse]
[1110, 18.35, 17.85, 18.20, 18.25, 1153, tse]
[1201, 20.25, 19.85, 20.20, 19.95, 1959, tse]
[1203, 38.1, 37.6, 37.70, 38.10, 95, tse]
[1210, 53.7, 51.2, 52.00, 51.40, 13584, tse]
[1213, 7.59, 7.0, 7.11, 7.05, 268, tse]
[1215, 97.3, 91.1, 91.90, 93.00, 15294, tse]
[1216, 73.8, 72.1, 73.00, 73.00, 32780, tse]
[1217, 11.55, 10.9, 11.45, 10.95, 6754, tse]
[1218, 30.35, 29.0, 30.20, 29.40, 7018, tse]
[1219, 21.55, 20.6, 21.40, 20.70, 5527, tse]
[1220, 17.0, 16.3, 16.75, 16.40, 2211, tse]
[1225, 61.5, 60.1, 61.50, 60.50, 473, tse]
[1227, 40.7, 39.95, 40.70, 40.05, 6123, tse]
[1229, 62.9, 59.5, 61.00, 59.80, 9205, tse]
[1231, 92.6, 89.1, 91.30, 89.40, 928, tse]
[1232, 152.5, 148.5, 149.00, 149.00, 335, tse]
[1233, 35.5, 33.75, 34.50, 34.15, 147, tse]
[1234, 36.5, 35.85, 36.20, 35.90, 1263, tse]
[1235, 73.1, 69.5, 73.10, 70.00, 15, tse]
[1236, 23.8, 23.5, 23.65, 23.55, 1285, tse]
[1240, 46.9, 45.5, 45.50, 46.15, 276, otc]
[1256, 319.5, 289.5, 312.50, 294.00, 195, tse]
[1258, 26.95, 26.75, 26.75, 26.80, 135, otc]
[1259, 74.6, 74.0, 74.10, 74.10, 82, otc]
[1264, 277.5, 272.0, 276.00, 272.00, 69, otc]
[1268, 154.5, 140.5, 146.00, 142.50, 2404, otc]
[1301, 94.3, 91.6, 93.30, 92.50, 29471, tse]
[1303, 78.0, 76.2, 78.00, 77.90, 20978, tse]
[1304, 26.6, 25.2, 26.40, 25.40, 11345, tse]
[1305, 27.3, 25.05, 26.80, 25.05, 7832, tse]
[1307, 21.25, 20.7, 21.15, 20.85, 700, tse]
[1308, 29.3, 27.2, 29.30, 27.30, 12696, tse]
[1309, 21.55, 20.5, 21.45, 20.50, 3084, tse]
[1310, 15.55, 14.7, 14.80, 15.50, 14368, tse]
[1312, 21.25, 20.05, 21.15, 20.25, 20074, tse]
[1313, 15.4, 14.5, 15.20, 14.55, 6132, tse]
[1314, 10.3, 10.05, 10.15, 10.15, 59745, tse]
[1315, 70.9, 70.1, 70.90, 70.10, 112, tse]
[1316, 14.05, 13.25, 13.30, 13.35, 12758, tse]
[1319, 50.0, 45.9, 47.90, 46.05, 35392, tse]
[1321, 38.05, 33.9, 37.50, 34.20, 5235, tse]
[1323, 33.15, 32.6, 33.10, 33.05, 479, tse]
[1324, 11.5, 11.3, 11.40, 11.40, 110, tse]
[1325, 24.05, 23.55, 23.80, 23.55, 865, tse]
[1326, 70.2, 68.5, 70.20, 69.30, 9180, tse]
[1336, 28.3, 25.85, 27.40, 26.00, 2358, otc]
[1337, 7.4, 7.04, 7.04, 7.06, 3801, tse]
[1338, 46.7, 44.4, 45.50, 44.40, 765, tse]
[1339, 45.55, 43.4, 45.05, 43.40, 1370, tse]
[1340, 11.55, 10.9, 11.15, 11.05, 1178, tse]
[1341, 70.2, 69.7, 70.10, 69.70, 55, tse]
[1342, 160.5, 142.0, 156.50, 144.00, 9083, tse]
[1402, 31.85, 31.25, 31.75, 31.40, 27792, tse]
[1409, 18.3, 17.75, 17.95, 17.80, 26944, tse]
[1410, 39.9, 38.2, 39.00, 38.20, 249, tse]
[1413, 9.69, 9.39, 9.60, 9.54, 149, tse]
[1414, 17.9, 17.55, 17.75, 17.70, 565, tse]
[1416, 12.1, 11.3, 11.65, 11.40, 4039, tse]
[1417, 14.95, 14.0, 14.35, 14.10, 17679, tse]
[1418, 16.5, 15.7, 16.15, 15.90, 306, tse]
[1419, 40.75, 40.2, 40.75, 40.30, 792, tse]
[1423, 21.45, 20.95, 21.20, 21.10, 720, tse]
[1432, 16.8, 15.3, 16.30, 15.40, 3515, tse]
[1434, 28.4, 27.95, 28.30, 28.00, 4645, tse]
[1436, 57.8, 56.9, 57.20, 57.30, 124, tse]
[1437, 30.7, 27.9, 29.30, 28.30, 5316, tse]
[1438, 32.1, 31.1, 31.80, 31.20, 711, tse]
[1439, 22.4, 21.75, 22.30, 21.90, 185, tse]
[1440, 17.1, 16.7, 17.10, 16.75, 4066, tse]
[1441, 8.4, 8.03, 8.10, 8.03, 353, tse]
[1442, 34.25, 31.9, 33.85, 32.05, 4252, tse]
[1443, 32.6, 28.35, 29.65, 29.00, 1182, tse]
[1444, 11.7, 10.65, 10.80, 10.80, 72523, tse]
[1445, 19.4, 18.8, 19.20, 19.00, 1370, tse]
[1446, 32.85, 31.4, 31.85, 31.60, 595, tse]
[1447, 8.35, 7.97, 8.14, 8.00, 9044, tse]
[1449, 16.2, 15.0, 15.45, 15.10, 1076, tse]
[1451, 23.2, 22.75, 23.05, 22.80, 1353, tse]
[1452, 17.75, 17.55, 17.60, 17.55, 501, tse]
[1453, 16.45, 15.1, 15.80, 15.20, 1560, tse]
[1454, 13.65, 13.2, 13.50, 13.25, 251, tse]
[1455, 11.0, 10.45, 10.70, 10.45, 3924, tse]
[1456, 17.4, 15.45, 15.60, 15.45, 2441, tse]
[1457, 18.85, 18.5, 18.80, 18.55, 1322, tse]
[1459, 9.2, 9.0, 9.15, 9.07, 363, tse]
[1460, 8.19, 7.61, 7.98, 7.64, 9737, tse]
[1463, 14.7, 14.3, 14.50, 14.30, 515, tse]
[1464, 15.05, 14.75, 15.00, 14.80, 1188, tse]
[1465, 14.35, 14.1, 14.25, 14.10, 183, tse]
[1466, 11.75, 11.55, 11.75, 11.55, 210, tse]
[1467, 11.65, 11.4, 11.55, 11.50, 5173, tse]
[1468, 15.5, 14.55, 15.45, 14.85, 250, tse]
[1470, 20.35, 18.85, 18.85, 19.20, 325, tse]
[1471, 10.8, 9.19, 9.19, 9.21, 48085, tse]
[1472, 28.5, 26.85, 28.50, 27.00, 34, tse]
[1473, 23.0, 22.4, 22.80, 22.60, 749, tse]
[1474, 12.95, 12.4, 12.90, 12.40, 845, tse]
[1475, 56.8, 53.6, 55.20, 53.60, 250, tse]
[1476, 498.5, 483.0, 498.00, 485.50, 1434, tse]
[1477, 228.0, 217.0, 227.50, 218.00, 5515, tse]
[1503, 101.0, 91.5, 95.90, 92.40, 49918, tse]
[1504, 45.8, 42.85, 44.80, 43.80, 128217, tse]
[1506, 21.65, 20.7, 21.20, 20.70, 1585, tse]
[1512, 15.15, 13.6, 14.10, 13.60, 387, tse]
[1513, 111.0, 101.5, 106.00, 102.50, 116682, tse]
[1514, 54.5, 47.7, 53.50, 48.10, 81204, tse]
[1515, 30.25, 28.65, 29.40, 28.65, 2687, tse]
[1516, 20.7, 19.9, 20.70, 20.00, 1906, tse]
[1517, 20.2, 19.35, 20.10, 19.35, 2352, tse]
[1519, 103.5, 93.4, 94.90, 95.40, 108649, tse]
[1521, 39.4, 37.85, 39.25, 37.85, 139, tse]
[1522, 31.2, 29.05, 30.10, 29.05, 21702, tse]
[1524, 25.9, 23.7, 25.80, 23.75, 17352, tse]
[1525, 71.1, 66.6, 69.20, 66.70, 670, tse]
[1526, 42.35, 40.4, 42.35, 40.40, 1457, tse]
[1527, 43.7, 41.8, 43.50, 41.85, 1593, tse]
[1528, 11.85, 11.25, 11.45, 11.35, 10347, tse]
[1529, 45.0, 37.1, 37.50, 38.60, 93916, tse]
[1530, 35.5, 33.0, 33.30, 33.00, 506, tse]
[1531, 14.8, 14.4, 14.45, 14.45, 953, tse]
[1532, 36.2, 33.65, 35.90, 34.15, 3898, tse]
[1533, 58.8, 52.0, 53.70, 52.20, 14538, tse]
[1535, 56.0, 52.0, 55.40, 52.50, 2312, tse]
[1536, 74.8, 70.4, 74.80, 70.60, 5135, tse]
[1537, 144.0, 142.0, 143.50, 142.50, 342, tse]
[1538, 11.0, 9.51, 9.51, 10.20, 2286, tse]
[1539, 31.7, 28.6, 30.95, 28.80, 2964, tse]
[1540, 17.0, 16.4, 16.60, 16.40, 1829, tse]
[1541, 36.85, 34.55, 35.45, 34.55, 212, tse]
[1558, 114.0, 112.0, 113.50, 113.00, 495, tse]
[1560, 121.5, 112.5, 116.50, 113.50, 14504, tse]
[1565, 264.0, 251.0, 262.50, 251.50, 630, otc]
[1568, 24.9, 23.05, 24.05, 23.15, 1943, tse]
[1569, 25.4, 24.05, 25.00, 24.05, 1844, otc]
[1570, 18.5, 18.05, 18.20, 18.15, 553, otc]
[1580, 107.5, 103.5, 107.00, 103.50, 791, otc]
[1582, 60.7, 59.3, 60.70, 59.40, 704, tse]
[1583, 68.6, 66.0, 68.60, 66.00, 61, tse]
[1584, 46.0, 38.7, 39.10, 39.85, 125266, otc]
[1586, 34.55, 33.75, 33.75, 34.00, 561, otc]
[1587, 23.4, 22.8, 23.00, 23.10, 301, tse]
[1589, 84.2, 77.4, 82.60, 79.90, 21098, tse]
[1590, 1205.0, 1095.0, 1,190.00, 1,115.00, 2672, tse]
[1591, 28.5, 27.0, 28.15, 27.35, 1369, otc]
[1593, 79.7, 76.5, 78.20, 76.50, 147, otc]
[1595, 42.3, 38.9, 40.00, 38.90, 594, otc]
[1597, 81.6, 74.8, 79.40, 76.30, 1014, tse]
[1598, 45.7, 42.2, 45.00, 42.30, 1207, tse]
[1599, 39.45, 38.05, 39.40, 38.05, 361, otc]
[1603, 28.05, 26.55, 27.75, 26.55, 2999, tse]
[1604, 27.9, 27.4, 27.85, 27.55, 2495, tse]
[1605, 52.7, 49.5, 51.90, 49.90, 193866, tse]
[1608, 17.3, 15.95, 16.05, 16.00, 14940, tse]
[1609, 28.8, 26.9, 28.25, 27.10, 118668, tse]
[1611, 20.45, 16.8, 16.85, 18.10, 98435, tse]
[1612, 21.45, 20.35, 21.00, 20.45, 6748, tse]
[1614, 37.75, 36.7, 37.40, 37.00, 196, tse]
[1615, 37.4, 35.05, 37.40, 35.65, 1002, tse]
[1616, 10.0, 9.01, 9.20, 9.30, 10586, tse]
[1617, 15.7, 15.05, 15.10, 15.50, 320, tse]
[1618, 19.85, 17.95, 19.70, 18.00, 20233, tse]
[1626, 18.7, 18.05, 18.65, 18.20, 462, tse]
[1701, 27.3, 25.9, 26.55, 25.90, 17714, tse]
[1702, 48.6, 47.0, 47.85, 47.55, 1891, tse]
[1707, 190.0, 178.0, 187.00, 179.50, 2676, tse]
[1708, 43.35, 41.25, 42.80, 41.30, 14566, tse]
[1709, 26.35, 25.15, 25.85, 25.25, 8222, tse]
[1710, 21.5, 19.85, 20.25, 20.40, 28422, tse]
[1711, 20.75, 19.0, 19.00, 19.85, 30080, tse]
[1712, 37.5, 36.05, 36.65, 36.30, 7226, tse]
[1713, 30.2, 29.1, 29.50, 29.20, 649, tse]
[1714, 9.38, 9.04, 9.36, 9.06, 9000, tse]
[1717, 34.8, 32.05, 32.50, 32.20, 28536, tse]
[1718, 8.47, 8.19, 8.45, 8.19, 13456, tse]
[1720, 72.5, 60.5, 60.60, 64.10, 39453, tse]
[1721, 15.25, 14.2, 14.35, 14.20, 7951, tse]
[1722, 58.4, 56.8, 57.70, 57.40, 7877, tse]
[1723, 115.5, 112.5, 115.00, 113.00, 825, tse]
[1725, 22.6, 21.25, 21.30, 21.55, 263, tse]
[1726, 75.0, 73.8, 73.80, 74.30, 176, tse]
[1727, 29.25, 25.95, 25.95, 27.50, 11736, tse]
[1730, 59.0, 57.1, 57.50, 57.50, 97, tse]
[1731, 20.7, 20.05, 20.35, 20.10, 1335, tse]
[1732, 28.9, 27.2, 28.20, 27.30, 1094, tse]
[1733, 27.3, 26.6, 26.90, 26.65, 2117, tse]
[1734, 33.05, 31.05, 32.15, 31.20, 10924, tse]
[1735, 15.65, 15.3, 15.50, 15.30, 50, tse]
[1736, 69.5, 65.5, 68.80, 65.80, 2207, tse]
[1737, 34.0, 33.2, 33.80, 33.20, 1129, tse]
[1742, 14.9, 14.65, 14.85, 14.65, 383, otc]
[1752, 83.8, 74.8, 75.00, 75.60, 46872, tse]
[1760, 195.0, 164.0, 175.00, 164.50, 59442, tse]
[1762, 96.8, 86.2, 93.10, 87.40, 21475, tse]
[1773, 135.5, 126.5, 128.50, 128.50, 1686, tse]
[1776, 17.3, 16.85, 16.95, 16.90, 126, tse]
[1777, 90.5, 84.9, 88.00, 85.00, 1209, otc]
[1781, 15.25, 14.95, 15.05, 14.95, 334, otc]
[1783, 67.4, 56.5, 56.50, 58.10, 21246, tse]
[1784, 61.3, 53.1, 54.40, 55.90, 15834, otc]
[1785, 38.75, 35.65, 37.35, 35.65, 12085, otc]
[1786, 80.7, 69.6, 69.70, 72.00, 8835, tse]
[1788, 145.0, 142.0, 143.00, 142.50, 203, otc]
[1789, 28.25, 26.5, 27.50, 26.65, 10184, tse]
[1795, 279.5, 249.5, 265.50, 250.00, 45949, tse]
[1796, 121.5, 110.0, 113.00, 112.50, 4069, otc]
[1799, 21.2, 19.5, 20.15, 20.10, 270, otc]
[1802, 21.45, 20.2, 20.60, 20.50, 40420, tse]
[1805, 10.2, 10.0, 10.15, 10.05, 81, tse]
[1806, 9.63, 9.12, 9.12, 9.28, 8119, tse]
[1808, 76.8, 73.1, 73.50, 73.80, 2458, tse]
[1809, 16.65, 14.2, 14.20, 14.45, 42728, tse]
[1810, 30.0, 24.3, 25.15, 25.45, 150591, tse]
[1813, 22.55, 21.75, 22.35, 21.75, 284, otc]
[1815, 12.25, 11.75, 12.25, 11.75, 4307, otc]
[1817, 39.85, 38.0, 39.00, 38.45, 386, tse]
[1903, 46.9, 43.3, 44.50, 43.80, 8039, tse]
[1904, 32.25, 28.25, 28.85, 30.40, 41759, tse]
[1905, 21.0, 17.35, 17.80, 21.00, 31728, tse]
[1906, 17.55, 15.85, 16.10, 16.65, 11878, tse]
[1907, 33.0, 27.4, 27.75, 30.25, 82056, tse]
[1909, 18.95, 17.4, 17.85, 17.40, 75441, tse]
[2002, 31.1, 30.15, 31.10, 30.15, 87535, tse]
[2006, 60.2, 57.5, 58.80, 57.60, 7127, tse]
[2007, 11.65, 10.5, 11.65, 10.60, 3679, tse]
[2008, 20.0, 19.1, 20.00, 19.30, 220, tse]
[2009, 36.85, 33.15, 34.60, 33.30, 31243, tse]
[2010, 16.7, 16.05, 16.20, 16.65, 3690, tse]
[2012, 28.3, 25.95, 28.10, 26.00, 1148, tse]
[2013, 59.1, 57.3, 58.70, 57.40, 508, tse]
[2014, 26.8, 25.05, 26.50, 25.55, 42800, tse]
[2015, 70.6, 68.1, 69.20, 68.10, 1221, tse]
[2017, 18.6, 17.55, 18.40, 17.65, 5738, tse]
[2020, 23.6, 23.1, 23.50, 23.25, 883, tse]
[2022, 8.8, 8.32, 8.34, 8.38, 5585, tse]
[2023, 16.15, 15.4, 16.10, 15.40, 7634, tse]
[2024, 19.65, 18.7, 19.20, 19.20, 136, tse]
[2025, 5.82, 5.4, 5.70, 5.40, 1684, tse]
[2027, 45.85, 44.15, 45.50, 44.20, 40244, tse]
[2028, 27.75, 26.2, 27.60, 26.25, 1625, tse]
[2029, 26.65, 25.65, 26.30, 25.90, 1465, tse]
[2030, 23.5, 22.2, 23.30, 22.25, 6000, tse]
[2031, 53.6, 44.5, 44.70, 53.60, 48452, tse]
[2032, 20.6, 18.75, 20.60, 18.75, 1426, tse]
[2033, 17.4, 15.55, 15.85, 15.65, 2215, tse]
[2034, 29.9, 28.8, 29.80, 28.85, 4446, tse]
[2035, 31.75, 30.85, 31.30, 31.65, 91, otc]
[2038, 22.45, 20.5, 22.45, 20.50, 2319, tse]
[2049, 264.5, 236.0, 264.50, 238.00, 8548, tse]
[2059, 435.5, 401.0, 419.50, 409.00, 6458, tse]
[2061, 21.3, 20.5, 20.85, 21.00, 263, otc]
[2062, 23.2, 22.1, 23.20, 22.20, 1342, tse]
[2063, 44.2, 40.3, 43.45, 40.35, 1470, otc]
[2064, 18.65, 17.4, 18.50, 17.45, 168, otc]
[2065, 62.0, 58.7, 61.20, 58.90, 680, otc]
[2066, 104.5, 94.0, 96.90, 95.30, 5477, otc]
[2067, 12.6, 11.95, 12.05, 12.40, 249, otc]
[2069, 20.4, 19.8, 20.35, 19.90, 1144, tse]
[2070, 36.0, 32.95, 35.85, 33.05, 519, otc]
[2101, 39.95, 38.05, 39.75, 38.40, 4794, tse]
[2102, 21.85, 20.2, 21.70, 20.50, 2590, tse]
[2103, 28.4, 27.35, 28.40, 27.35, 5413, tse]
[2104, 20.3, 19.65, 20.20, 19.70, 11292, tse]
[2105, 38.25, 36.7, 38.25, 36.90, 20079, tse]
[2106, 31.95, 30.85, 31.70, 31.20, 3425, tse]
[2107, 22.1, 21.8, 21.95, 21.80, 1420, tse]
[2108, 39.95, 39.05, 39.45, 39.15, 2453, tse]
[2109, 14.95, 14.1, 14.30, 14.35, 1364, tse]
[2114, 100.0, 98.7, 100.00, 98.80, 123, tse]
[2115, 33.15, 31.55, 31.70, 31.55, 424, tse]
[2201, 86.4, 78.1, 79.90, 80.30, 200445, tse]
[2204, 78.1, 66.9, 67.10, 77.80, 74746, tse]
[2206, 56.6, 52.0, 54.50, 53.50, 146887, tse]
[2207, 668.0, 639.0, 651.00, 642.00, 549, tse]
[2208, 28.2, 25.2, 26.45, 25.90, 192280, tse]
[2211, 60.7, 58.0, 60.60, 58.30, 5052, tse]
[2221, 45.05, 42.0, 44.20, 42.20, 1363, otc]
[2227, 199.0, 193.5, 198.00, 193.50, 118, tse]
[2228, 88.8, 81.6, 86.60, 81.80, 1890, tse]
[2230, 91.8, 78.4, 81.60, 81.40, 9977, otc]
[2231, 191.5, 171.0, 188.00, 173.50, 6120, tse]
[2233, 123.0, 112.0, 119.50, 113.50, 2785, tse]
[2235, 46.8, 45.6, 46.80, 45.60, 17, otc]
[2236, 49.65, 41.25, 47.10, 41.35, 7786, tse]
[2239, 81.6, 72.6, 75.20, 74.00, 1900, tse]
[2241, 36.6, 34.15, 36.60, 34.25, 549, tse]
[2243, 23.05, 20.4, 22.40, 20.60, 3643, tse]
[2247, 296.0, 275.0, 286.50, 283.00, 2771, tse]
[2250, 77.5, 73.2, 75.30, 73.40, 197, tse]
[2301, 75.9, 72.5, 75.50, 73.20, 40451, tse]
[2302, 22.7, 20.8, 22.10, 20.95, 9871, tse]
[2303, 52.8, 50.1, 51.60, 50.10, 194258, tse]
[2305, 24.9, 23.35, 24.30, 23.60, 1996, tse]
[2308, 315.5, 301.0, 315.50, 303.00, 33264, tse]
[2312, 14.1, 13.1, 13.50, 13.10, 68284, tse]
[2313, 45.35, 43.0, 44.10, 43.00, 58997, tse]
[2314, 53.0, 43.9, 45.00, 44.85, 53589, tse]
[2316, 29.55, 29.0, 29.30, 29.20, 921, tse]
[2317, 105.5, 103.5, 104.50, 104.00, 103493, tse]
[2321, 24.6, 21.45, 22.55, 23.85, 58, tse]
[2323, 8.39, 8.02, 8.34, 8.04, 19983, tse]
[2324, 25.8, 24.1, 25.25, 24.40, 153019, tse]
[2327, 558.0, 495.5, 558.00, 495.50, 17430, tse]
[2328, 40.2, 37.35, 39.40, 37.45, 28021, tse]
[2329, 22.4, 20.1, 21.20, 20.30, 39800, tse]
[2330, 520.0, 509.0, 519.00, 511.00, 103233, tse]
[2331, 24.55, 22.8, 23.60, 23.20, 27363, tse]
[2332, 19.45, 17.65, 19.00, 17.75, 25555, tse]
[2337, 34.9, 33.6, 34.65, 33.70, 32201, tse]
[2338, 89.1, 81.9, 88.60, 82.30, 22936, tse]
[2340, 38.65, 36.05, 38.40, 36.15, 10653, tse]
[2342, 47.4, 43.7, 45.65, 43.80, 27929, tse]
[2344, 26.6, 25.0, 26.25, 25.05, 101919, tse]
[2345, 322.5, 289.0, 315.50, 295.50, 15372, tse]
[2347, 62.7, 60.2, 62.00, 60.20, 10893, tse]
[2348, 68.6, 67.4, 68.60, 67.60, 415, tse]
[2349, 9.49, 8.93, 9.43, 8.95, 11364, tse]
[2351, 136.0, 122.5, 130.00, 122.50, 15756, tse]
[2352, 33.15, 32.3, 32.55, 32.50, 24826, tse]
[2353, 30.15, 28.85, 28.90, 29.90, 71361, tse]
[2354, 56.2, 53.8, 55.20, 53.80, 10151, tse]
[2355, 33.0, 31.25, 32.80, 31.55, 5320, tse]
[2356, 33.6, 31.2, 31.20, 32.40, 65698, tse]
[2357, 282.0, 275.0, 278.50, 276.00, 7423, tse]
[2358, 9.94, 9.28, 9.94, 9.31, 4509, tse]
[2359, 36.75, 33.05, 36.75, 33.45, 70488, tse]
[2360, 181.5, 173.5, 178.00, 178.00, 6813, tse]
[2362, 31.35, 30.35, 30.40, 30.40, 3916, tse]
[2363, 18.7, 17.65, 18.60, 17.65, 9724, tse]
[2364, 118.5, 100.0, 113.00, 100.50, 3875, tse]
[2365, 11.0, 10.45, 10.65, 10.50, 2938, tse]
[2367, 18.95, 17.85, 18.60, 18.00, 15510, tse]
[2368, 104.5, 97.2, 101.00, 98.20, 39698, tse]
[2369, 15.85, 14.75, 15.55, 14.85, 7189, tse]
[2371, 33.85, 32.35, 33.50, 32.35, 24381, tse]
[2373, 83.0, 79.7, 79.70, 80.10, 359, tse]
[2374, 21.15, 20.05, 20.30, 20.50, 4206, tse]
[2375, 78.9, 70.0, 76.90, 70.30, 8370, tse]
[2376, 137.0, 131.0, 135.00, 132.00, 21235, tse]
[2377, 148.0, 143.5, 146.00, 144.00, 9838, tse]
[2379, 402.0, 366.5, 388.50, 367.00, 16341, tse]
[2380, 10.9, 10.1, 10.30, 10.15, 3768, tse]
[2382, 88.0, 80.4, 82.10, 84.30, 80011, tse]
[2383, 184.5, 169.0, 184.50, 169.00, 7156, tse]
[2385, 97.0, 94.2, 96.80, 94.60, 7785, tse]
[2387, 46.0, 43.0, 45.85, 43.70, 7248, tse]
[2388, 83.2, 75.8, 82.70, 76.70, 31615, tse]
[2390, 13.45, 12.5, 13.45, 12.60, 4390, tse]
[2392, 44.05, 41.35, 43.25, 41.45, 13614, tse]
[2393, 40.7, 39.3, 40.70, 39.40, 3623, tse]
[2395, 377.5, 357.5, 372.50, 358.00, 3402, tse]
[2397, 71.7, 67.8, 68.70, 67.80, 876, tse]
[2399, 16.25, 15.0, 16.25, 15.00, 6022, tse]
[2401, 26.5, 24.25, 25.20, 24.30, 13696, tse]
[2402, 30.05, 26.7, 28.10, 27.15, 77946, tse]
[2404, 216.5, 209.5, 216.50, 212.00, 5429, tse]
[2405, 13.6, 12.5, 12.85, 12.60, 15673, tse]
[2406, 21.3, 19.5, 20.00, 19.50, 23638, tse]
[2408, 68.3, 64.2, 66.90, 64.50, 45689, tse]
[2409, 19.2, 18.0, 19.10, 18.25, 193497, tse]
[2412, 126.0, 123.5, 124.50, 126.00, 46315, tse]
[2413, 44.75, 38.2, 41.55, 38.60, 40841, tse]
[2414, 35.1, 34.25, 34.70, 34.35, 744, tse]
[2415, 26.0, 24.35, 24.65, 24.45, 754, tse]
[2417, 24.45, 23.1, 23.80, 23.20, 2060, tse]
[2419, 29.95, 26.75, 28.75, 26.85, 20428, tse]
[2420, 45.05, 43.7, 44.80, 43.90, 1980, tse]
[2421, 56.8, 51.2, 53.50, 51.30, 25969, tse]
[2423, 35.45, 32.5, 33.95, 34.45, 2938, tse]
[2424, 23.6, 21.95, 23.60, 21.95, 99, tse]
[2425, 34.15, 31.45, 33.70, 31.90, 9766, tse]
[2426, 19.65, 18.1, 19.15, 18.25, 6056, tse]
[2427, 15.65, 14.3, 15.25, 14.30, 14609, tse]
[2428, 165.5, 150.0, 164.00, 150.00, 3312, tse]
[2429, 21.6, 18.35, 18.50, 18.50, 2274, tse]
[2430, 42.7, 41.2, 42.20, 41.20, 1372, tse]
[2431, 11.8, 11.25, 11.25, 11.55, 3689, tse]
[2433, 53.8, 53.0, 53.50, 53.30, 210, tse]
[2434, 30.6, 29.4, 30.60, 29.95, 49, tse]
[2436, 53.8, 49.35, 52.80, 49.40, 7243, tse]
[2438, 27.1, 25.0, 25.20, 27.00, 4168, tse]
[2439, 91.6, 86.7, 91.50, 86.80, 3296, tse]
[2440, 12.05, 11.25, 12.00, 11.35, 1361, tse]
[2441, 55.3, 53.3, 54.70, 53.50, 4308, tse]
[2442, 16.4, 15.7, 16.40, 16.00, 8954, tse]
[2443, 4.65, 3.85, 3.91, 3.96, 2886, tse]
[2444, 18.2, 16.25, 16.90, 16.25, 9451, tse]
[2449, 47.8, 45.9, 47.50, 46.00, 50268, tse]
[2450, 35.5, 34.0, 35.30, 34.30, 824, tse]
[2451, 73.0, 70.3, 73.00, 70.80, 2302, tse]
[2453, 84.0, 68.1, 75.50, 69.10, 99146, tse]
[2454, 710.0, 661.0, 705.00, 665.00, 57283, tse]
[2455, 103.0, 93.9, 94.00, 97.10, 33020, tse]
[2457, 79.8, 69.2, 69.30, 72.50, 338462, tse]
[2458, 104.0, 95.3, 101.50, 95.40, 7055, tse]
[2459, 57.7, 56.3, 57.20, 56.40, 357, tse]
[2460, 25.7, 22.05, 22.40, 23.00, 9231, tse]
[2461, 23.15, 21.8, 22.45, 22.00, 4004, tse]
[2462, 33.85, 30.6, 33.10, 31.00, 6632, tse]
[2464, 38.45, 37.4, 38.30, 37.45, 1012, tse]
[2465, 39.5, 36.8, 39.35, 37.00, 2267, tse]
[2466, 35.25, 34.75, 35.15, 34.80, 105, tse]
[2467, 48.75, 47.3, 48.35, 47.40, 670, tse]
[2468, 27.75, 24.4, 27.10, 24.55, 5427, tse]
[2471, 63.2, 53.7, 55.70, 54.00, 60577, tse]
[2472, 69.2, 64.5, 66.80, 64.50, 7564, tse]
[2474, 185.5, 180.5, 185.00, 181.00, 6332, tse]
[2476, 58.4, 51.6, 56.70, 52.70, 20958, tse]
[2477, 21.85, 21.15, 21.45, 21.15, 511, tse]
[2478, 51.5, 48.1, 51.20, 48.10, 1397, tse]
[2480, 103.0, 97.8, 100.00, 98.20, 2115, tse]
[2481, 73.3, 66.6, 69.90, 66.80, 23834, tse]
[2482, 76.0, 61.4, 69.20, 62.60, 20330, tse]
[2483, 28.7, 26.15, 28.15, 26.85, 2472, tse]
[2484, 38.7, 36.65, 37.25, 36.70, 22039, tse]
[2485, 21.4, 19.05, 20.40, 19.05, 13204, tse]
[2486, 31.5, 27.85, 29.40, 28.65, 37826, tse]
[2488, 31.3, 30.4, 30.95, 30.40, 676, tse]
[2489, 10.5, 10.25, 10.30, 10.30, 9457, tse]
[2491, 12.9, 11.9, 11.90, 12.50, 816, tse]
[2492, 111.5, 97.0, 111.50, 97.10, 22706, tse]
[2493, 54.7, 52.3, 54.50, 52.60, 866, tse]
[2495, 28.2, 23.9, 23.95, 24.70, 70195, tse]
[2496, 52.0, 50.6, 51.10, 50.90, 350, tse]
[2497, 78.4, 72.4, 77.90, 72.80, 9319, tse]
[2498, 65.3, 58.0, 64.60, 58.10, 65120, tse]
[2501, 17.45, 16.8, 17.20, 16.95, 4284, tse]
[2504, 28.4, 27.2, 27.90, 27.40, 12423, tse]
[2505, 18.7, 18.2, 18.50, 18.25, 1207, tse]
[2506, 9.45, 9.19, 9.33, 9.19, 1684, tse]
[2509, 15.45, 15.15, 15.30, 15.15, 249, tse]
[2511, 11.85, 11.5, 11.75, 11.55, 2305, tse]
[2514, 17.45, 17.15, 17.25, 17.25, 758, tse]
[2515, 11.35, 10.05, 11.00, 10.15, 255298, tse]
[2516, 5.07, 4.98, 5.04, 5.00, 1013, tse]
[2520, 30.7, 29.0, 30.60, 29.10, 3437, tse]
[2524, 32.0, 31.65, 31.95, 31.65, 220, tse]
[2527, 22.95, 22.55, 22.95, 22.55, 695, tse]
[2528, 24.5, 23.5, 23.90, 24.00, 1936, tse]
[2530, 19.6, 18.85, 19.25, 19.55, 3280, tse]
[2534, 23.0, 22.1, 22.95, 22.20, 14436, tse]
[2535, 34.0, 30.1, 33.75, 30.15, 16517, tse]
[2536, 24.55, 23.9, 24.55, 23.95, 843, tse]
[2537, 7.13, 6.89, 7.08, 6.93, 2647, tse]
[2538, 13.5, 13.05, 13.15, 13.20, 2868, tse]
[2539, 37.7, 37.0, 37.25, 37.15, 1537, tse]
[2540, 81.5, 74.9, 79.60, 76.60, 3398, tse]
[2542, 42.3, 41.7, 42.10, 41.85, 10968, tse]
[2543, 9.85, 9.36, 9.71, 9.38, 689, tse]
[2545, 46.7, 45.5, 46.50, 45.50, 2159, tse]
[2546, 70.0, 67.2, 68.60, 67.60, 604, tse]
[2547, 9.5, 9.1, 9.42, 9.13, 3870, tse]
[2548, 94.5, 93.1, 94.00, 93.40, 1924, tse]
[2596, 22.9, 22.25, 22.35, 22.55, 831, otc]
[2597, 123.0, 117.5, 123.00, 117.50, 587, tse]
[2601, 9.94, 9.1, 9.20, 9.13, 35989, tse]
[2603, 175.5, 165.0, 173.00, 166.00, 134909, tse]
[2605, 25.45, 23.2, 25.20, 23.25, 18565, tse]
[2606, 58.9, 54.7, 58.20, 54.70, 18005, tse]
[2607, 28.7, 27.25, 28.45, 27.35, 11985, tse]
[2608, 39.0, 38.0, 38.45, 38.15, 1177, tse]
[2609, 68.4, 64.8, 67.70, 64.90, 123248, tse]
[2610, 19.8, 19.05, 19.60, 19.10, 119561, tse]
[2611, 14.3, 13.1, 14.05, 13.10, 3875, tse]
[2612, 40.95, 39.1, 40.60, 39.10, 1645, tse]
[2613, 23.25, 22.2, 22.40, 23.10, 1687, tse]
[2614, 20.2, 19.2, 19.90, 19.25, 11421, tse]
[2615, 71.4, 64.7, 70.50, 65.00, 49585, tse]
[2616, 32.55, 32.0, 32.45, 32.25, 691, tse]
[2617, 33.25, 31.1, 32.85, 31.15, 6060, tse]
[2618, 27.3, 26.0, 27.30, 26.00, 90670, tse]
[2630, 28.6, 23.45, 24.30, 24.40, 31770, tse]
[2633, 31.3, 30.45, 30.90, 30.85, 20838, tse]
[2634, 59.5, 52.6, 54.00, 54.70, 441132, tse]
[2636, 81.5, 76.0, 79.00, 76.00, 4353, tse]
[2637, 66.4, 62.4, 65.50, 62.80, 20431, tse]
[2640, 123.0, 116.0, 119.00, 118.00, 864, otc]
[2641, 20.25, 18.8, 20.15, 18.85, 10243, otc]
[2642, 47.2, 45.4, 47.20, 45.50, 646, tse]
[2643, 74.5, 69.7, 74.40, 69.80, 371, otc]
[2645, 128.0, 104.0, 114.00, 112.50, 36203, tse]
[2701, 13.05, 12.55, 12.90, 12.60, 2156, tse]
[2702, 24.55, 23.3, 24.35, 23.35, 2998, tse]
[2704, 38.0, 36.95, 36.95, 37.45, 2085, tse]
[2705, 18.75, 17.6, 17.85, 18.35, 9248, tse]
[2706, 15.25, 14.75, 15.20, 14.85, 3659, tse]
[2707, 315.0, 284.0, 297.50, 286.00, 14056, tse]
[2712, 36.0, 34.15, 35.35, 34.80, 511, tse]
[2718, 48.3, 46.0, 48.30, 46.05, 24, otc]
[2719, 54.2, 47.6, 53.50, 47.60, 416, otc]
[2722, 58.1, 49.95, 52.10, 50.30, 11437, tse]
[2723, 169.5, 150.0, 151.00, 152.00, 16084, tse]
[2724, 14.9, 12.85, 13.75, 13.05, 29, otc]
[2726, 28.7, 27.05, 28.05, 27.35, 301, otc]
[2727, 351.5, 297.0, 297.00, 306.50, 31283, tse]
[2729, 262.0, 230.5, 242.50, 232.50, 2365, otc]
[2731, 192.0, 169.5, 191.50, 170.50, 35836, tse]
[2732, 198.0, 163.0, 171.00, 163.50, 12078, otc]
[2734, 35.4, 32.9, 34.10, 33.00, 2558, otc]
[2736, 24.2, 21.95, 23.70, 22.05, 4929, otc]
[2739, 74.4, 61.5, 67.30, 65.10, 11960, tse]
[2740, 47.0, 45.9, 45.90, 46.00, 19, otc]
[2743, 65.7, 59.1, 63.50, 59.10, 5131, otc]
[2745, 45.0, 39.5, 43.50, 39.65, 1390, otc]
[2748, 102.5, 88.3, 101.50, 88.80, 51046, tse]
[2752, 264.0, 248.0, 250.00, 248.00, 143, otc]
[2753, 195.5, 181.5, 185.00, 181.50, 10365, tse]
[2754, 198.0, 152.0, 152.00, 163.50, 14269, otc]
[2755, 155.5, 146.5, 155.00, 148.00, 874, otc]
[2756, 158.5, 143.5, 158.50, 143.50, 310, otc]
[2801, 17.6, 17.4, 17.55, 17.55, 22571, tse]
[2809, 34.85, 34.3, 34.55, 34.65, 3246, tse]
[2812, 14.2, 13.9, 14.20, 13.95, 28285, tse]
[2816, 15.5, 15.2, 15.35, 15.25, 385, tse]
[2820, 15.2, 15.0, 15.20, 15.05, 2177, tse]
[2832, 21.25, 20.8, 21.05, 20.90, 635, tse]
[2834, 14.0, 13.7, 13.95, 13.80, 70291, tse]
[2836, 12.4, 12.15, 12.40, 12.25, 1883, tse]
[2838, 16.0, 15.65, 15.90, 15.75, 3264, tse]
[2845, 11.25, 11.1, 11.25, 11.10, 17452, tse]
[2849, 15.15, 14.7, 14.70, 14.85, 421, tse]
[2850, 50.6, 49.6, 49.60, 50.30, 1245, tse]
[2851, 18.65, 18.1, 18.40, 18.15, 6773, tse]
[2852, 16.0, 15.7, 15.80, 15.75, 1097, tse]
[2855, 17.1, 16.5, 16.80, 16.55, 5761, tse]
[2867, 5.4, 5.08, 5.40, 5.10, 98398, tse]
[2880, 22.9, 22.6, 22.75, 22.80, 31109, tse]
[2881, 58.8, 57.5, 58.70, 57.90, 37636, tse]
[2882, 43.3, 42.35, 43.20, 42.70, 54492, tse]
[2883, 13.3, 12.95, 13.30, 13.15, 115048, tse]
[2884, 25.35, 24.7, 25.35, 24.85, 68662, tse]
[2885, 22.65, 22.25, 22.60, 22.45, 48988, tse]
[2886, 34.5, 33.35, 33.50, 34.05, 61089, tse]
[2887, 17.35, 16.9, 17.10, 17.15, 54927, tse]
[2888, 8.6, 8.37, 8.57, 8.38, 106108, tse]
[2889, 12.65, 12.2, 12.55, 12.30, 17946, tse]
[2890, 16.95, 16.6, 16.90, 16.70, 64170, tse]
[2891, 22.55, 22.2, 22.50, 22.30, 80292, tse]
[2892, 26.95, 26.7, 26.85, 26.90, 36787, tse]
[2897, 10.5, 10.0, 10.10, 10.05, 48848, tse]
[2901, 25.05, 24.75, 25.05, 24.90, 73, tse]
[2903, 22.65, 21.85, 22.65, 21.85, 5540, tse]
[2904, 21.2, 20.25, 20.90, 20.35, 385, tse]
[2905, 15.55, 14.8, 15.40, 14.95, 2454, tse]
[2906, 18.3, 16.95, 17.65, 17.05, 5502, tse]
[2908, 21.15, 20.7, 20.90, 20.70, 1100, tse]
[2910, 31.55, 29.5, 29.65, 29.75, 29, tse]
[2911, 7.44, 7.12, 7.25, 7.20, 970, tse]
[2912, 273.0, 268.5, 271.00, 270.00, 3946, tse]
[2913, 26.25, 21.7, 22.35, 24.20, 120143, tse]
[2915, 58.3, 56.0, 58.00, 56.00, 14509, tse]
[2916, 35.95, 33.05, 34.85, 33.50, 1001, otc]
[2923, 23.5, 22.5, 22.90, 22.55, 134, tse]
[2924, 38.45, 30.6, 38.45, 31.05, 76, otc]
[2926, 66.9, 65.0, 65.70, 65.80, 71, otc]
[2929, 14.3, 13.1, 14.00, 13.10, 3570, tse]
[2937, 34.85, 34.0, 34.30, 34.20, 40, otc]
[2939, 35.0, 34.0, 34.90, 34.40, 218, tse]
[2945, 42.2, 41.65, 41.85, 42.00, 83, tse]
[2947, 92.5, 92.0, 92.50, 92.20, 24, otc]
[3002, 13.1, 11.9, 12.70, 12.25, 2537, tse]
[3003, 81.0, 75.6, 77.80, 76.30, 17936, tse]
[3004, 124.0, 97.1, 97.50, 113.50, 29907, tse]
[3005, 62.5, 57.1, 57.10, 57.90, 48475, tse]
[3006, 91.0, 82.1, 88.60, 82.90, 35358, tse]
[3008, 2150.0, 2010.0, 2,055.00, 2,040.00, 4195, tse]
[3010, 88.7, 87.6, 88.30, 88.00, 1616, tse]
[3011, 32.15, 28.0, 29.50, 29.45, 25946, tse]
[3013, 25.15, 22.05, 23.95, 22.05, 59680, tse]
[3014, 92.2, 87.4, 92.00, 87.40, 1996, tse]
[3015, 53.2, 48.35, 52.80, 48.50, 5695, tse]
[3016, 71.6, 64.5, 69.80, 64.50, 6913, tse]
[3017, 161.0, 141.0, 153.00, 143.00, 50357, tse]
[3019, 69.1, 64.1, 67.50, 64.30, 6500, tse]
[3021, 22.6, 21.1, 22.15, 21.10, 944, tse]
[3022, 87.7, 77.6, 84.60, 77.80, 16627, tse]
[3023, 343.0, 331.0, 338.50, 340.00, 2766, tse]
[3024, 15.5, 14.4, 14.70, 14.40, 7976, tse]
[3025, 38.25, 30.8, 33.10, 30.85, 61339, tse]
[3026, 107.0, 100.5, 106.50, 100.50, 1407, tse]
[3027, 49.4, 43.6, 48.55, 43.60, 35294, tse]
[3028, 32.9, 31.85, 32.35, 31.95, 2308, tse]
[3029, 62.0, 54.6, 57.90, 56.00, 61630, tse]
[3030, 66.0, 63.8, 65.80, 63.80, 1760, tse]
[3031, 19.65, 18.25, 19.00, 18.40, 2347, tse]
[3032, 57.8, 47.8, 52.70, 50.70, 73558, tse]
[3033, 30.9, 29.7, 30.90, 29.80, 8750, tse]
[3034, 460.5, 436.0, 457.00, 436.00, 15122, tse]
[3035, 197.0, 181.5, 193.00, 184.50, 37339, tse]
[3036, 68.7, 66.0, 67.40, 66.20, 4215, tse]
[3037, 140.0, 131.5, 139.00, 136.50, 94350, tse]
[3038, 30.5, 27.45, 27.65, 27.80, 36975, tse]
[3040, 32.9, 32.05, 32.80, 32.05, 90, tse]
[3041, 21.45, 19.85, 21.05, 19.85, 4856, tse]
[3042, 88.5, 85.0, 87.70, 85.00, 5392, tse]
[3043, 42.9, 39.05, 40.70, 39.35, 818, tse]
[3044, 118.0, 115.0, 115.50, 116.50, 6928, tse]
[3045, 105.5, 101.5, 105.00, 102.50, 18063, tse]
[3046, 83.5, 69.6, 73.00, 69.60, 49340, tse]
[3047, 17.7, 16.05, 16.90, 16.20, 42213, tse]
[3048, 29.35, 28.4, 28.45, 28.50, 5551, tse]
[3049, 10.75, 9.96, 10.75, 9.96, 20603, tse]
[3050, 16.35, 15.4, 15.85, 15.50, 4899, tse]
[3051, 20.3, 18.1, 19.35, 18.35, 5830, tse]
[3052, 11.35, 11.05, 11.20, 11.10, 1929, tse]
[3054, 19.15, 18.4, 18.80, 18.85, 103, tse]
[3055, 30.75, 28.0, 29.60, 28.75, 781, tse]
[3056, 50.4, 47.85, 48.80, 48.30, 24727, tse]
[3057, 13.0, 11.2, 11.45, 11.75, 4117, tse]
[3058, 25.5, 17.15, 17.25, 22.80, 86426, tse]
[3059, 36.25, 33.9, 35.80, 33.90, 9585, tse]
[3060, 18.6, 17.45, 17.70, 17.45, 2655, tse]
[3062, 25.0, 23.0, 23.65, 23.00, 29482, tse]
[3064, 13.8, 12.55, 13.80, 12.55, 61, otc]
[3066, 24.85, 23.8, 24.60, 24.10, 303, otc]
[3067, 34.95, 32.3, 34.50, 33.00, 23, otc]
[3071, 33.0, 28.6, 28.60, 30.10, 24257, otc]
[3078, 58.8, 49.95, 50.00, 51.50, 114135, otc]
[3081, 133.5, 121.0, 129.50, 122.00, 6747, otc]
[3083, 45.3, 42.6, 44.85, 42.65, 714, otc]
[3085, 21.75, 20.85, 21.20, 21.00, 36, otc]
[3086, 77.8, 73.1, 75.20, 73.30, 40, otc]
[3088, 81.4, 74.1, 79.00, 74.40, 7450, otc]
[3089, 62.0, 57.0, 61.00, 57.00, 140, otc]
[3090, 59.7, 56.8, 59.60, 56.80, 4403, tse]
[3092, 41.15, 36.0, 36.00, 37.00, 14783, tse]
[3093, 40.05, 37.2, 39.35, 37.35, 3754, otc]
[3094, 35.95, 32.7, 33.10, 33.60, 25657, tse]
[3095, 25.45, 21.5, 21.50, 24.95, 89, otc]
[3105, 188.5, 169.0, 183.00, 169.00, 17132, otc]
[3114, 28.4, 27.0, 27.70, 27.15, 1049, otc]
[3115, 11.3, 10.75, 11.30, 10.95, 31, otc]
[3118, 32.2, 31.2, 31.40, 31.50, 388, otc]
[3122, 27.75, 24.8, 27.50, 24.80, 1487, otc]
[3128, 42.95, 38.0, 41.90, 38.00, 3048, otc]
[3130, 219.5, 208.0, 210.50, 209.00, 136, tse]
[3131, 341.0, 310.0, 310.00, 336.50, 1707, otc]
[3138, 175.0, 156.0, 162.50, 157.50, 7995, tse]
[3141, 111.0, 100.5, 108.50, 102.00, 6890, otc]
[3147, 72.7, 65.1, 67.90, 67.60, 12212, otc]
[3149, 20.35, 18.2, 18.40, 19.60, 11196, tse]
[3152, 248.5, 216.0, 234.50, 216.00, 1436, otc]
[3162, 56.8, 50.3, 56.10, 50.30, 16654, otc]
[3163, 58.8, 54.0, 56.50, 54.10, 12511, otc]
[3164, 25.9, 24.4, 25.25, 24.45, 807, tse]
[3167, 44.2, 42.9, 44.10, 42.90, 434, tse]
[3169, 144.5, 130.0, 142.50, 131.50, 16578, otc]
[3171, 17.7, 17.4, 17.70, 17.45, 189, otc]
[3176, 35.45, 33.0, 35.40, 33.05, 1310, otc]
[3178, 94.7, 86.0, 87.50, 86.90, 12824, otc]
[3188, 14.25, 13.95, 14.00, 14.00, 1167, otc]
[3189, 114.0, 107.0, 113.50, 107.50, 23327, tse]
[3191, 8.1, 7.8, 7.98, 7.99, 192, otc]
[3202, 18.45, 16.9, 17.40, 17.05, 6210, otc]
[3205, 48.6, 41.75, 42.30, 44.70, 8519, otc]
[3206, 36.5, 31.8, 32.05, 32.95, 8965, otc]
[3207, 79.2, 72.0, 79.10, 73.30, 13396, otc]
[3209, 43.4, 41.25, 43.30, 41.50, 7989, tse]
[3211, 78.1, 76.2, 77.80, 76.50, 1516, otc]
[3213, 52.4, 50.7, 52.00, 50.70, 375, otc]
[3217, 117.5, 101.5, 110.00, 104.00, 15535, otc]
[3218, 458.0, 394.5, 398.50, 395.50, 5135, otc]
[3219, 56.6, 51.4, 54.50, 51.70, 77, otc]
[3221, 31.4, 28.75, 29.70, 28.90, 12955, otc]
[3224, 55.0, 50.4, 50.50, 52.20, 13864, otc]
[3226, 58.0, 53.2, 53.20, 57.80, 49, otc]
[3227, 111.0, 105.0, 109.50, 105.50, 1935, otc]
[3228, 186.0, 165.5, 183.50, 167.50, 4311, otc]
[3229, 20.15, 19.6, 20.05, 19.60, 143, tse]
[3230, 14.15, 13.1, 13.10, 13.75, 1992, otc]
[3231, 46.7, 43.1, 44.25, 44.50, 321391, tse]
[3232, 29.3, 28.1, 28.90, 28.20, 547, otc]
[3234, 27.15, 22.95, 24.75, 23.85, 16060, otc]
[3236, 31.8, 28.7, 30.90, 28.80, 7045, otc]
[3252, 19.15, 17.85, 18.70, 17.90, 1231, otc]
[3257, 58.8, 54.1, 57.80, 55.30, 517, tse]
[3259, 21.05, 19.45, 20.20, 19.45, 189, otc]
[3260, 78.8, 72.1, 78.30, 72.70, 22100, otc]
[3264, 58.1, 54.6, 57.70, 54.60, 20752, otc]
[3265, 56.8, 53.5, 56.30, 53.70, 4969, otc]
[3266, 13.0, 12.8, 12.90, 12.80, 594, tse]
[3268, 24.1, 22.0, 23.35, 22.50, 410, otc]
[3272, 48.25, 43.9, 46.50, 44.55, 3168, otc]
[3276, 14.85, 14.1, 14.25, 14.45, 666, otc]
[3284, 16.7, 14.75, 14.95, 15.65, 1226, otc]
[3285, 20.3, 19.75, 19.80, 20.00, 196, otc]
[3287, 15.85, 14.1, 14.25, 14.20, 2753, otc]
[3288, 22.8, 22.05, 22.25, 22.80, 30, otc]
[3289, 95.6, 84.0, 92.70, 84.60, 19039, otc]
[3290, 30.1, 26.7, 29.30, 27.05, 15175, otc]
[3293, 557.0, 503.0, 553.00, 505.00, 4841, otc]
[3294, 19.65, 17.55, 19.15, 17.95, 3368, otc]
[3296, 18.1, 16.7, 17.35, 17.25, 3908, tse]
[3297, 19.75, 17.7, 19.15, 17.70, 1362, otc]
[3303, 28.05, 26.6, 27.65, 26.95, 864, otc]
[3305, 58.0, 49.6, 50.00, 49.70, 28561, tse]
[3306, 27.6, 25.05, 26.25, 25.20, 2256, otc]
[3308, 33.55, 29.1, 30.50, 30.55, 3878, tse]
[3310, 69.1, 66.2, 67.00, 67.40, 274, otc]
[3311, 35.45, 34.2, 35.25, 34.50, 224, tse]
[3312, 21.95, 20.95, 21.75, 21.05, 4226, tse]
[3313, 10.7, 10.0, 10.50, 10.10, 508, otc]
[3317, 61.3, 56.0, 59.80, 56.10, 4285, otc]
[3321, 6.47, 6.26, 6.32, 6.30, 657, tse]
[3322, 24.1, 21.3, 22.90, 21.30, 15566, otc]
[3323, 36.05, 34.0, 35.35, 34.05, 1640, otc]
[3324, 258.5, 227.0, 247.00, 231.50, 27642, otc]
[3325, 19.8, 16.6, 16.90, 16.60, 11262, otc]
[3332, 53.6, 47.0, 47.00, 48.30, 436, otc]
[3338, 49.05, 43.25, 48.00, 43.50, 11295, tse]
[3339, 15.15, 13.7, 14.05, 13.70, 1181, otc]
[3346, 43.35, 38.2, 41.90, 38.35, 8056, tse]
[3349, 14.05, 13.6, 13.95, 13.65, 28, otc]
[3354, 15.3, 14.15, 15.30, 14.15, 689, otc]
[3356, 41.55, 37.7, 40.70, 37.70, 6617, tse]
[3357, 110.0, 101.5, 110.00, 101.50, 607, otc]
[3360, 13.9, 13.65, 13.80, 13.70, 493, otc]
[3362, 106.0, 92.5, 103.00, 92.90, 16831, otc]
[3363, 36.85, 31.25, 32.85, 31.25, 63879, otc]
[3372, 13.45, 12.5, 12.50, 12.50, 5844, otc]
[3373, 23.95, 23.2, 23.95, 23.20, 248, otc]
[3374, 112.0, 102.0, 106.50, 102.00, 10388, otc]
[3376, 90.2, 86.2, 89.50, 86.80, 1404, tse]
[3379, 12.7, 12.3, 12.65, 12.40, 477, otc]
[3380, 39.85, 35.65, 36.70, 35.65, 35484, tse]
[3388, 75.2, 74.3, 75.20, 74.70, 131, otc]
[3390, 19.3, 17.95, 18.85, 18.05, 1812, otc]
[3402, 55.0, 51.7, 52.70, 51.70, 2648, otc]
[3406, 397.0, 371.0, 387.50, 371.00, 7099, tse]
[3413, 198.0, 189.0, 198.00, 190.00, 1931, tse]
[3416, 109.5, 104.0, 106.50, 108.50, 1854, tse]
[3419, 21.15, 19.0, 19.75, 19.00, 17175, tse]
[3426, 40.0, 39.5, 39.70, 39.60, 37, otc]
[3430, 52.4, 48.2, 51.50, 48.20, 1532, otc]
[3432, 14.5, 13.25, 14.20, 13.55, 4605, tse]
[3434, 31.0, 27.55, 29.60, 27.55, 1053, otc]
[3437, 21.35, 19.15, 21.05, 19.30, 1475, tse]
[3438, 62.9, 55.5, 61.00, 57.40, 1492, otc]
[3441, 49.3, 42.8, 48.35, 42.80, 8700, otc]
[3443, 1090.0, 1005.0, 1,075.00, 1,015.00, 18929, tse]
[3444, 65.2, 61.8, 61.80, 62.50, 3582, otc]
[3447, 63.6, 51.4, 63.50, 52.00, 7578, tse]
[3450, 40.8, 37.6, 40.05, 37.70, 1981, tse]
[3454, 250.5, 225.0, 247.00, 225.00, 7140, tse]
[3455, 92.9, 88.1, 90.60, 88.20, 3595, otc]
[3465, 91.0, 89.0, 89.70, 89.10, 124, otc]
[3466, 38.5, 31.9, 32.70, 35.00, 17909, otc]
[3479, 110.0, 97.7, 104.00, 99.40, 28038, otc]
[3481, 15.25, 13.9, 15.20, 14.35, 456796, tse]
[3483, 74.3, 66.4, 70.80, 68.00, 8107, otc]
[3484, 48.8, 46.6, 47.30, 47.40, 4954, otc]
[3489, 11.35, 11.05, 11.30, 11.05, 257, otc]
[3490, 29.4, 26.35, 28.10, 26.85, 1960, otc]
[3491, 188.0, 165.5, 184.00, 166.00, 18518, otc]
[3492, 21.5, 19.9, 20.05, 20.30, 961, otc]
[3494, 7.25, 6.9, 7.25, 6.90, 1957, tse]
[3498, 36.0, 33.75, 35.70, 33.85, 647, otc]
[3499, 24.75, 21.3, 23.00, 21.60, 9279, otc]
[3501, 59.2, 53.4, 53.60, 55.10, 11097, tse]
[3504, 90.9, 78.4, 87.30, 78.50, 8012, tse]
[3508, 36.3, 33.1, 35.95, 33.10, 2401, otc]
[3511, 37.3, 34.7, 36.60, 34.70, 1714, otc]
[3512, 34.3, 32.9, 33.00, 33.10, 675, otc]
[3515, 144.5, 131.0, 143.00, 131.50, 3343, tse]
[3516, 19.7, 17.2, 19.25, 17.25, 816, otc]
[3518, 34.0, 30.55, 30.55, 31.10, 7834, tse]
[3520, 25.2, 22.2, 23.90, 22.20, 12508, otc]
[3521, 26.3, 23.8, 26.30, 24.10, 3497, otc]
[3522, 16.65, 12.2, 12.20, 14.00, 4132, otc]
[3523, 18.6, 17.7, 18.15, 18.60, 28, otc]
[3526, 145.5, 133.5, 143.00, 134.00, 1034, otc]
[3527, 132.0, 116.0, 120.00, 116.00, 3785, otc]
[3528, 64.7, 61.7, 62.40, 62.90, 1102, tse]
[3529, 2125.0, 1910.0, 2,030.00, 1,920.00, 2344, otc]
[3530, 88.2, 80.7, 86.50, 81.00, 651, tse]
[3531, 28.7, 27.65, 28.70, 27.70, 107, otc]
[3532, 163.5, 150.0, 162.50, 151.50, 7492, tse]
[3533, 943.0, 883.0, 938.00, 896.00, 1791, tse]
[3535, 22.75, 21.1, 22.40, 21.25, 2372, tse]
[3537, 38.15, 37.3, 38.10, 37.70, 637, otc]
[3540, 44.9, 38.9, 43.90, 39.80, 9613, otc]
[3541, 62.0, 59.8, 61.20, 60.00, 570, otc]
[3543, 22.6, 21.5, 21.95, 21.80, 727, tse]
[3545, 91.2, 81.2, 89.00, 81.50, 27986, tse]
[3546, 81.7, 78.4, 80.80, 78.90, 719, otc]
[3548, 71.5, 67.8, 67.80, 69.40, 3796, otc]
[3550, 16.75, 15.5, 15.70, 15.75, 2903, tse]
[3551, 61.9, 59.5, 61.20, 59.90, 385, otc]
[3552, 156.0, 142.5, 155.50, 142.50, 5403, otc]
[3555, 27.5, 25.8, 27.20, 27.00, 14, otc]
[3556, 68.4, 64.2, 67.30, 64.60, 1038, otc]
[3557, 71.3, 66.7, 66.70, 66.90, 1523, tse]
[3558, 323.5, 286.0, 315.00, 286.50, 11842, otc]
[3563, 191.5, 181.0, 186.50, 182.50, 555, tse]
[3564, 43.2, 37.15, 40.50, 37.50, 2770, otc]
[3567, 31.6, 29.05, 29.70, 30.90, 922, otc]
[3570, 160.0, 134.0, 145.00, 142.00, 3017, otc]
[3576, 23.1, 20.9, 21.30, 20.90, 138568, tse]
[3577, 91.5, 82.1, 90.80, 82.60, 1047, otc]
[3580, 61.0, 55.9, 60.40, 56.30, 3020, otc]
[3581, 23.3, 22.5, 23.20, 23.00, 186, otc]
[3583, 90.8, 85.3, 86.70, 85.50, 4246, tse]
[3587, 205.5, 192.0, 193.00, 197.00, 5030, otc]
[3588, 67.8, 61.1, 62.00, 61.20, 7836, tse]
[3591, 26.45, 23.25, 25.45, 23.50, 24969, tse]
[3592, 452.5, 403.0, 420.00, 403.50, 12465, tse]
[3593, 12.8, 12.45, 12.60, 12.50, 133, tse]
[3594, 58.2, 51.4, 55.10, 52.30, 16370, otc]
[3596, 107.0, 102.0, 105.00, 102.00, 5065, tse]
[3597, 25.7, 24.45, 25.45, 25.00, 157, otc]
[3605, 32.15, 30.5, 31.90, 30.65, 1285, tse]
[3607, 14.7, 13.75, 14.20, 13.85, 2589, tse]
[3609, 44.1, 41.05, 43.00, 42.00, 237, otc]
[3611, 246.5, 226.5, 245.50, 227.50, 1021, otc]
[3615, 18.5, 17.55, 17.55, 17.70, 1048, otc]
[3617, 135.5, 120.5, 132.00, 122.00, 3546, tse]
[3622, 32.85, 31.2, 31.50, 31.30, 1567, tse]
[3623, 17.55, 16.2, 16.60, 16.45, 294, otc]
[3624, 80.9, 68.8, 74.50, 69.00, 39104, otc]
[3625, 14.6, 13.8, 14.25, 14.20, 1291, otc]
[3628, 53.8, 49.0, 50.20, 49.45, 2753, otc]
[3629, 77.6, 57.7, 57.70, 77.60, 1260, otc]
[3630, 31.7, 28.85, 31.70, 28.90, 2590, otc]
[3631, 36.2, 34.3, 35.85, 34.80, 253, otc]
[3632, 15.25, 12.65, 12.65, 13.95, 606, otc]
[3645, 36.85, 33.7, 34.90, 34.20, 1900, tse]
[3646, 30.0, 27.95, 28.00, 28.05, 1396, otc]
[3652, 36.95, 29.7, 34.60, 29.95, 23426, tse]
[3653, 484.5, 443.0, 478.50, 449.00, 4383, tse]
[3661, 1370.0, 1190.0, 1,345.00, 1,195.00, 21635, tse]
[3663, 37.8, 33.35, 34.25, 33.80, 4611, otc]
[3664, 31.5, 27.05, 28.55, 27.05, 3052, otc]
[3665, 277.5, 262.5, 277.50, 263.00, 5394, tse]
[3666, 25.15, 22.2, 23.85, 22.50, 1188, otc]
[3669, 46.95, 44.15, 46.00, 44.60, 488, tse]
[3672, 30.0, 27.9, 27.90, 29.50, 338, otc]
[3673, 43.4, 37.45, 38.40, 37.50, 69052, tse]
[3675, 321.0, 289.5, 291.00, 296.00, 14572, otc]
[3679, 91.4, 88.6, 89.90, 89.00, 385, tse]
[3680, 367.0, 335.0, 366.00, 339.00, 13680, otc]
[3682, 6.86, 6.51, 6.63, 6.56, 13824, tse]
[3684, 69.5, 66.0, 68.50, 66.00, 350, otc]
[3685, 22.1, 20.8, 21.15, 20.85, 709, otc]
[3686, 17.6, 15.3, 15.50, 15.50, 8927, tse]
[3687, 89.2, 80.5, 87.70, 80.50, 1027, otc]
[3689, 39.45, 37.0, 39.00, 37.45, 1798, otc]
[3691, 124.0, 111.0, 114.50, 111.50, 6974, otc]
[3693, 197.0, 178.0, 180.50, 196.50, 9342, otc]
[3694, 26.0, 23.5, 24.80, 23.70, 4972, tse]
[3701, 62.4, 55.0, 62.40, 56.00, 14433, tse]
[3702, 50.7, 49.55, 50.20, 49.65, 15320, tse]
[3703, 32.35, 30.85, 31.60, 30.95, 12062, tse]
[3704, 46.5, 39.05, 39.10, 40.20, 105916, tse]
[3705, 45.7, 44.3, 44.55, 44.30, 5080, tse]
[3706, 28.85, 27.65, 28.70, 27.75, 25076, tse]
[3707, 89.4, 79.0, 88.60, 79.10, 22851, otc]
[3708, 111.0, 102.5, 108.50, 103.00, 11765, tse]
[3709, 23.2, 22.45, 22.60, 22.50, 151, otc]
[3710, 12.35, 11.55, 12.20, 11.65, 11295, otc]
[3711, 106.5, 102.5, 105.50, 102.50, 55250, tse]
[3712, 40.9, 35.7, 38.40, 36.10, 51686, tse]
[3713, 31.4, 27.8, 28.30, 27.85, 968, otc]
[3714, 54.9, 51.0, 54.10, 51.00, 24230, tse]
[3715, 25.65, 23.35, 24.15, 23.50, 59227, tse]
[4102, 32.0, 30.1, 30.20, 31.00, 10759, otc]
[4104, 87.7, 84.1, 86.40, 84.50, 2447, tse]
[4105, 78.3, 75.2, 78.20, 75.30, 3953, otc]
[4106, 31.8, 29.9, 30.45, 30.00, 2845, tse]
[4107, 117.0, 113.0, 114.00, 113.00, 898, otc]
[4108, 19.7, 18.8, 19.45, 18.85, 1009, tse]
[4109, 16.15, 15.0, 15.15, 15.40, 5009, otc]
[4111, 30.95, 28.55, 30.25, 29.15, 2808, otc]
[4113, 16.85, 16.2, 16.55, 16.40, 3634, otc]
[4114, 49.8, 44.75, 47.60, 45.20, 69100, otc]
[4116, 65.0, 61.0, 62.20, 61.10, 2282, otc]
[4119, 134.5, 123.5, 128.50, 126.50, 4955, tse]
[4120, 38.65, 36.65, 38.65, 36.70, 205, otc]
[4121, 26.7, 24.6, 24.60, 24.85, 9453, otc]
[4123, 53.7, 47.85, 48.00, 49.05, 31909, otc]
[4126, 88.8, 82.3, 88.00, 82.80, 2379, otc]
[4127, 17.5, 15.15, 16.30, 15.35, 6538, otc]
[4128, 68.1, 63.2, 66.60, 63.40, 20991, otc]
[4129, 68.7, 58.2, 67.00, 59.30, 15349, otc]
[4130, 29.6, 26.9, 27.85, 26.90, 6402, otc]
[4131, 29.95, 27.3, 27.35, 28.55, 133, otc]
[4133, 38.2, 35.8, 37.25, 35.80, 1858, tse]
[4137, 235.0, 219.5, 224.00, 219.50, 1991, tse]
[4138, 83.5, 77.8, 79.60, 77.80, 1098, otc]
[4139, 38.05, 37.1, 37.90, 37.20, 78, otc]
[4142, 41.25, 39.15, 40.80, 40.10, 9400, tse]
[4147, 119.5, 103.0, 103.00, 112.50, 66909, otc]
[4148, 68.2, 61.6, 66.50, 61.60, 2076, tse]
[4153, 57.6, 47.35, 53.20, 47.35, 6062, otc]
[4154, 31.5, 28.25, 29.40, 31.40, 189, otc]
[4155, 34.65, 31.7, 34.05, 31.75, 5697, tse]
[4157, 16.1, 14.9, 15.45, 15.00, 9908, otc]
[4160, 35.2, 29.8, 29.80, 31.90, 1794, otc]
[4161, 31.35, 28.55, 29.70, 29.50, 1318, otc]
[4162, 109.0, 97.0, 107.00, 98.20, 11988, otc]
[4163, 136.5, 128.0, 134.50, 128.50, 2839, otc]
[4164, 75.7, 66.9, 69.00, 67.10, 36314, tse]
[4167, 20.6, 18.5, 19.10, 18.70, 16052, otc]
[4168, 33.4, 30.65, 32.90, 30.80, 6244, otc]
[4171, 62.3, 58.0, 60.20, 58.00, 2100, otc]
[4173, 20.05, 19.2, 19.75, 19.35, 1059, otc]
[4174, 93.3, 84.1, 88.10, 85.00, 6347, otc]
[4175, 114.0, 98.9, 99.30, 106.50, 4903, otc]
[4183, 20.25, 19.2, 19.60, 19.30, 242, otc]
[4188, 16.7, 15.85, 15.85, 15.90, 307, otc]
[4190, 106.5, 96.1, 96.50, 97.20, 6353, tse]
[4192, 20.1, 18.8, 18.80, 19.20, 259, otc]
[4198, 26.0, 24.6, 24.60, 25.50, 49, otc]
[4205, 106.5, 103.5, 106.00, 106.00, 90, otc]
[4207, 15.55, 14.8, 15.25, 14.80, 5108, otc]
[4303, 18.4, 17.2, 17.55, 17.20, 541, otc]
[4304, 10.15, 9.92, 10.15, 9.99, 333, otc]
[4305, 32.15, 31.35, 32.10, 31.40, 44, otc]
[4306, 16.95, 16.3, 16.80, 16.60, 7190, tse]
[4401, 26.8, 26.1, 26.75, 26.25, 239, otc]
[4402, 11.05, 10.5, 10.90, 10.50, 1168, otc]
[4406, 10.4, 10.1, 10.20, 10.15, 283, otc]
[4413, 15.55, 14.5, 15.40, 14.65, 65, otc]
[4416, 88.6, 85.6, 86.80, 85.70, 17, otc]
[4417, 40.85, 39.2, 40.80, 39.30, 1063, otc]
[4419, 26.1, 20.5, 20.50, 25.20, 449, otc]
[4420, 30.1, 29.35, 29.50, 30.00, 45, otc]
[4426, 26.15, 24.1, 26.15, 24.10, 1657, tse]
[4430, 23.4, 22.85, 23.15, 22.90, 67, otc]
[4432, 22.95, 21.9, 22.95, 21.90, 1260, otc]
[4433, 39.3, 34.6, 39.00, 34.70, 4501, otc]
[4438, 117.5, 113.5, 115.00, 113.50, 425, tse]
[4439, 115.5, 110.5, 115.50, 111.00, 266, tse]
[4440, 34.95, 34.35, 34.90, 34.40, 492, tse]
[4502, 37.1, 36.75, 36.90, 37.00, 122, otc]
[4503, 59.9, 54.1, 56.90, 54.50, 7518, otc]
[4506, 75.8, 73.5, 74.30, 74.10, 457, otc]
[4510, 15.0, 12.45, 12.50, 14.85, 18721, otc]
[4513, 20.85, 18.7, 19.10, 20.50, 4130, otc]
[4523, 41.55, 36.5, 38.20, 37.45, 238, otc]
[4526, 18.7, 17.15, 18.65, 17.20, 4302, tse]
[4527, 32.2, 31.0, 31.75, 31.00, 430, otc]
[4528, 33.5, 32.05, 33.15, 32.85, 175, otc]
[4529, 10.85, 10.05, 10.15, 10.15, 1042, otc]
[4530, 6.8, 6.67, 6.72, 6.79, 118, otc]
[4532, 18.3, 17.45, 18.15, 17.55, 2471, tse]
[4533, 12.1, 11.5, 11.55, 11.55, 2344, otc]
[4534, 9.95, 9.5, 9.78, 9.86, 462, otc]
[4535, 40.0, 38.7, 39.20, 39.25, 42, otc]
[4536, 217.5, 199.0, 215.00, 201.00, 5795, tse]
[4538, 21.5, 20.8, 20.80, 20.95, 53, otc]
[4540, 45.4, 41.0, 42.75, 41.60, 1702, tse]
[4541, 43.6, 37.2, 39.60, 38.00, 42496, otc]
[4542, 28.9, 27.35, 27.60, 27.55, 66, otc]
[4543, 30.5, 26.65, 30.50, 26.85, 3907, otc]
[4545, 33.6, 31.6, 33.10, 32.50, 570, tse]
[4549, 94.8, 91.8, 93.90, 92.50, 307, otc]
[4550, 36.5, 30.75, 32.90, 30.90, 5936, otc]
[4551, 144.5, 136.0, 143.00, 136.50, 1704, tse]
[4552, 34.8, 32.3, 33.90, 32.45, 2294, tse]
[4554, 31.0, 28.0, 28.25, 29.20, 976, otc]
[4555, 48.95, 47.8, 48.60, 48.35, 652, tse]
[4556, 31.0, 30.55, 30.90, 30.70, 32, otc]
[4557, 112.0, 106.0, 111.00, 106.00, 316, tse]
[4558, 29.75, 27.9, 29.05, 28.65, 187, otc]
[4560, 39.45, 39.1, 39.45, 39.30, 275, tse]
[4561, 24.75, 22.55, 22.65, 23.75, 842, otc]
[4562, 16.9, 16.0, 16.55, 16.10, 530, tse]
[4563, 40.7, 39.5, 40.55, 39.80, 211, otc]
[4564, 24.7, 23.6, 24.15, 23.75, 2930, tse]
[4566, 68.0, 55.5, 55.60, 60.10, 29722, tse]
[4568, 65.5, 60.8, 63.60, 61.50, 157, otc]
[4571, 81.8, 76.5, 80.00, 78.50, 194, tse]
[4572, 171.0, 149.0, 154.00, 154.50, 18097, tse]
[4576, 81.8, 75.9, 81.80, 76.00, 543, tse]
[4577, 31.0, 30.5, 30.90, 30.50, 242, otc]
[4580, 101.0, 93.7, 95.20, 94.10, 2462, otc]
[4581, 54.9, 47.1, 52.20, 47.85, 840, tse]
[4583, 220.5, 206.0, 216.50, 212.00, 329, tse]
[4584, 52.9, 49.8, 50.80, 50.20, 361, otc]
[4609, 8.62, 7.51, 8.62, 7.59, 82, otc]
[4702, 15.3, 13.4, 14.80, 13.45, 1939, otc]
[4706, 17.5, 17.2, 17.35, 17.25, 71, otc]
[4707, 13.0, 12.6, 12.90, 12.65, 3451, otc]
[4711, 15.15, 14.95, 15.10, 15.00, 176, otc]
[4712, 4.58, 4.35, 4.58, 4.55, 36, otc]
[4714, 12.45, 11.1, 11.20, 11.95, 7314, otc]
[4716, 13.2, 12.25, 12.60, 12.30, 3946, otc]
[4720, 14.9, 14.4, 14.55, 14.60, 1143, tse]
[4721, 112.5, 102.5, 109.50, 102.50, 4238, otc]
[4722, 36.0, 35.0, 35.30, 35.05, 281, tse]
[4726, 41.2, 38.0, 39.90, 38.00, 5749, otc]
[4728, 283.0, 179.5, 179.50, 258.50, 3634, otc]
[4729, 18.0, 16.5, 17.50, 16.85, 513, otc]
[4735, 39.2, 38.25, 38.95, 38.25, 171, otc]
[4736, 188.5, 182.5, 187.00, 182.50, 2077, otc]
[4737, 76.7, 73.2, 76.30, 74.70, 232, tse]
[4739, 102.0, 93.1, 100.00, 93.40, 4185, tse]
[4741, 33.0, 27.0, 27.20, 33.00, 2530, otc]
[4743, 286.0, 253.0, 275.00, 253.00, 33644, otc]
[4744, 38.0, 33.3, 36.80, 34.30, 8142, otc]
[4745, 27.9, 26.9, 27.30, 27.35, 451, otc]
[4746, 88.6, 80.0, 86.00, 80.80, 15409, tse]
[4747, 66.2, 54.5, 58.00, 54.50, 14037, otc]
[4754, 41.2, 39.7, 40.75, 39.80, 245, otc]
[4755, 144.5, 129.0, 132.00, 129.50, 8665, tse]
[4760, 71.7, 64.4, 65.00, 64.50, 893, otc]
[4763, 495.0, 433.0, 475.00, 435.00, 2760, tse]
[4764, 54.8, 50.9, 53.00, 51.00, 298, tse]
[4766, 151.5, 146.0, 150.50, 147.50, 391, tse]
[4767, 27.5, 26.3, 27.10, 26.30, 109, otc]
[4768, 192.5, 176.5, 186.00, 176.50, 2537, otc]
[4770, 313.0, 293.0, 300.00, 299.50, 4881, tse]
[4804, 6.29, 5.95, 6.05, 6.14, 870, otc]
[4807, 21.5, 20.6, 21.00, 20.90, 114, tse]
[4903, 21.15, 20.1, 20.85, 20.10, 1492, otc]
[4904, 78.3, 76.4, 78.00, 78.00, 15932, tse]
[4905, 51.5, 51.0, 51.00, 51.00, 185, otc]
[4906, 32.7, 30.5, 31.90, 30.80, 30738, tse]
[4907, 35.4, 34.1, 34.70, 34.60, 426, otc]
[4908, 37.5, 34.05, 34.40, 34.30, 7119, otc]
[4909, 19.3, 18.05, 18.25, 18.10, 1957, otc]
[4911, 73.8, 65.5, 65.50, 67.50, 3017, otc]
[4912, 77.9, 73.6, 77.70, 74.00, 220, tse]
[4915, 62.4, 59.7, 60.80, 59.80, 17910, tse]
[4916, 37.2, 32.05, 35.35, 32.10, 24902, tse]
[4919, 151.5, 138.0, 149.00, 139.00, 20099, tse]
[4923, 62.7, 60.6, 62.00, 60.60, 713, otc]
[4924, 14.45, 13.1, 13.30, 13.30, 1205, otc]
[4927, 62.2, 56.3, 61.30, 56.70, 6418, tse]
[4930, 26.6, 25.2, 26.60, 25.25, 598, tse]
[4931, 51.0, 45.45, 45.70, 47.80, 36678, otc]
[4933, 36.2, 35.2, 35.60, 35.20, 358, otc]
[4934, 35.6, 30.8, 31.85, 31.00, 37125, tse]
[4935, 60.3, 56.3, 59.60, 56.40, 762, tse]
[4938, 70.7, 69.8, 70.20, 70.10, 21719, tse]
[4939, 17.05, 16.15, 16.50, 16.25, 855, otc]
[4942, 38.65, 37.65, 38.05, 37.85, 781, tse]
[4944, 13.15, 12.4, 12.95, 12.45, 66, otc]
[4945, 54.2, 49.9, 50.00, 51.70, 477, otc]
[4946, 28.85, 26.0, 28.80, 27.50, 904, otc]
[4950, 18.4, 17.35, 17.95, 17.90, 5087, otc]
[4951, 78.5, 62.8, 63.80, 72.50, 6034, otc]
[4952, 58.6, 55.1, 57.30, 55.30, 1438, tse]
[4953, 131.0, 113.0, 121.50, 114.50, 23707, otc]
[4956, 17.6, 16.25, 17.20, 16.25, 2353, tse]
[4958, 114.0, 110.0, 113.00, 111.00, 12872, tse]
[4961, 188.0, 155.5, 182.50, 156.00, 47373, tse]
[4966, 1150.0, 1040.0, 1,085.00, 1,040.00, 7587, otc]
[4967, 82.3, 70.5, 80.00, 73.20, 49646, tse]
[4968, 188.0, 167.5, 170.00, 177.50, 97342, tse]
[4971, 76.0, 64.5, 66.40, 64.50, 6320, otc]
[4972, 30.1, 28.9, 29.95, 29.40, 210, otc]
[4973, 27.1, 24.6, 27.10, 24.85, 3231, otc]
[4974, 71.8, 68.0, 70.80, 68.30, 1806, otc]
[4976, 53.2, 48.1, 48.85, 49.05, 13570, tse]
[4977, 129.5, 115.0, 119.50, 115.50, 30157, tse]
[4979, 63.6, 51.0, 53.00, 51.00, 128044, otc]
[4987, 62.1, 60.5, 60.70, 61.50, 231, otc]
[4989, 27.6, 26.2, 27.10, 26.25, 1010, tse]
[4991, 35.3, 34.4, 35.20, 34.60, 156, otc]
[4994, 47.2, 44.5, 47.20, 45.00, 768, tse]
[4995, 55.7, 49.0, 51.80, 49.70, 2737, otc]
[4999, 38.6, 37.7, 38.30, 38.00, 153, tse]
[5007, 53.2, 51.6, 52.60, 51.80, 342, tse]
[5009, 63.0, 54.2, 58.90, 54.30, 152979, otc]
[5011, 28.85, 26.5, 28.80, 26.70, 4268, otc]
[5013, 36.45, 35.45, 36.20, 35.45, 34, otc]
[5014, 17.25, 16.2, 17.00, 16.20, 3269, otc]
[5015, 57.6, 54.9, 56.90, 55.20, 1342, otc]
[5016, 30.8, 30.3, 30.80, 30.45, 74, otc]
[5201, 27.75, 26.9, 27.50, 26.90, 76, otc]
[5202, 17.0, 15.15, 15.85, 15.50, 1936, otc]
[5203, 106.5, 96.8, 101.50, 97.00, 6054, tse]
[5205, 37.95, 34.55, 36.50, 37.55, 13, otc]
[5206, 19.35, 18.85, 18.95, 19.35, 1104, otc]
[5209, 168.0, 147.0, 160.00, 156.00, 3939, otc]
[5210, 19.5, 17.05, 17.50, 17.30, 3473, otc]
[5211, 36.3, 30.6, 32.15, 32.00, 22261, otc]
[5212, 55.0, 48.0, 51.90, 48.15, 286, otc]
[5213, 26.85, 26.05, 26.50, 26.75, 809, otc]
[5215, 49.75, 47.4, 49.10, 48.10, 313, tse]
[5220, 31.55, 30.35, 30.95, 30.50, 204, otc]
[5222, 208.5, 180.5, 195.00, 185.00, 31245, tse]
[5223, 41.2, 40.3, 40.65, 40.30, 204, otc]
[5225, 38.65, 36.8, 37.40, 37.40, 2941, tse]
[5227, 75.5, 66.5, 66.60, 68.20, 11080, otc]
[5228, 23.1, 22.15, 22.75, 22.55, 193, otc]
[5230, 23.7, 22.6, 22.80, 22.80, 1497, otc]
[5234, 101.0, 87.9, 89.30, 91.30, 7695, tse]
[5236, 93.9, 86.2, 90.10, 87.10, 905, otc]
[5243, 74.9, 66.5, 67.20, 67.00, 41866, tse]
[5244, 32.0, 30.3, 31.70, 30.40, 456, tse]
[5245, 53.8, 49.15, 53.20, 49.70, 1099, otc]
[5251, 24.75, 21.1, 24.35, 21.40, 2884, otc]
[5258, 95.8, 80.6, 94.10, 80.60, 37367, tse]
[5263, 130.5, 121.0, 127.50, 121.00, 1684, otc]
[5269, 1340.0, 1160.0, 1,340.00, 1,170.00, 4417, tse]
[5272, 32.6, 29.7, 31.50, 29.80, 1513, otc]
[5274, 2845.0, 2575.0, 2,760.00, 2,610.00, 1644, otc]
[5276, 16.3, 15.9, 16.10, 15.90, 34, otc]
[5278, 180.5, 174.5, 180.50, 176.00, 88, otc]
[5281, 17.6, 16.1, 17.35, 16.50, 105, otc]
[5283, 111.0, 108.0, 110.00, 108.00, 333, tse]
[5284, 128.5, 112.0, 123.50, 117.50, 10851, tse]
[5285, 85.7, 78.2, 84.30, 79.50, 2759, tse]
[5287, 206.5, 200.0, 205.00, 201.50, 227, otc]
[5288, 180.0, 170.0, 180.00, 170.00, 489, tse]
[5289, 319.5, 283.0, 315.00, 286.00, 9467, otc]
[5291, 35.35, 33.95, 35.20, 33.95, 438, otc]
[5299, 143.5, 130.0, 140.50, 130.00, 1410, otc]
[5301, 14.05, 11.6, 11.90, 12.50, 2636, otc]
[5302, 10.05, 8.95, 9.01, 9.38, 4649, otc]
[5306, 146.5, 142.5, 146.00, 142.50, 641, tse]
[5309, 46.3, 42.0, 45.30, 42.05, 27034, otc]
[5310, 25.0, 24.0, 25.00, 24.00, 58, otc]
[5312, 66.5, 65.1, 65.80, 65.30, 438, otc]
[5314, 28.0, 25.4, 27.95, 25.55, 402, otc]
[5315, 24.0, 22.75, 23.15, 22.85, 5757, otc]
[5321, 98.8, 89.1, 91.50, 90.90, 6383, otc]
[5324, 9.05, 8.85, 8.90, 9.04, 323, otc]
[5328, 15.0, 12.6, 14.80, 13.05, 10413, otc]
[5340, 48.15, 42.0, 46.00, 42.40, 4219, otc]
[5344, 17.8, 16.85, 17.40, 16.90, 395, otc]
[5345, 5.25, 4.82, 5.25, 4.82, 57, otc]
[5347, 94.6, 89.9, 94.60, 90.20, 26347, otc]
[5348, 9.99, 9.36, 9.80, 9.77, 151, otc]
[5351, 47.2, 44.1, 46.65, 44.25, 18909, otc]
[5353, 54.2, 47.85, 50.90, 48.35, 18872, otc]
[5355, 9.0, 7.75, 7.82, 7.80, 8408, otc]
[5356, 22.3, 21.6, 22.00, 21.80, 431, otc]
[5364, 26.45, 23.9, 26.45, 24.30, 174, otc]
[5371, 85.6, 74.4, 83.00, 74.80, 58039, otc]
[5381, 20.3, 17.5, 19.30, 17.50, 9523, otc]
[5383, 31.55, 29.0, 29.75, 30.10, 299, otc]
[5386, 42.5, 37.6, 41.45, 38.00, 887, otc]
[5388, 89.1, 82.6, 88.90, 82.70, 13524, tse]
[5392, 22.7, 21.25, 21.40, 21.25, 1642, otc]
[5398, 17.55, 16.5, 17.35, 16.55, 400, otc]
[5403, 105.5, 93.3, 99.60, 93.70, 8287, otc]
[5410, 37.55, 35.0, 36.35, 35.05, 9168, otc]
[5425, 107.0, 95.4, 104.50, 95.40, 36356, otc]
[5426, 13.3, 12.6, 13.00, 12.70, 2198, otc]
[5432, 30.5, 27.45, 29.85, 27.45, 353, otc]
[5434, 192.5, 184.5, 192.00, 186.00, 2926, tse]
[5438, 19.5, 18.3, 18.45, 18.80, 419, otc]
[5439, 68.2, 61.9, 67.10, 62.70, 9161, otc]
[5443, 29.75, 28.05, 28.95, 28.30, 1844, otc]
[5450, 24.6, 21.85, 22.30, 22.20, 3064, otc]
[5452, 24.15, 20.8, 22.15, 21.40, 15584, otc]
[5455, 29.15, 27.05, 27.05, 29.15, 7, otc]
[5457, 59.2, 53.6, 58.20, 53.90, 4559, otc]
[5460, 11.25, 11.1, 11.20, 11.10, 176, otc]
[5464, 32.5, 29.35, 32.35, 29.80, 3099, otc]
[5465, 43.25, 35.35, 35.35, 37.00, 50639, otc]
[5468, 17.4, 15.7, 17.00, 16.10, 298, otc]
[5469, 39.3, 37.25, 38.25, 37.25, 11460, tse]
[5471, 55.0, 50.3, 54.30, 50.50, 2632, tse]
[5474, 94.9, 85.1, 89.50, 85.80, 770, otc]
[5475, 17.1, 14.0, 16.80, 14.35, 6049, otc]
[5478, 101.0, 96.2, 97.00, 99.90, 4820, otc]
[5481, 12.8, 12.5, 12.75, 12.55, 375, otc]
[5483, 156.5, 149.0, 156.50, 149.00, 12047, otc]
[5484, 18.75, 16.85, 17.65, 16.90, 1286, tse]
[5487, 25.45, 24.55, 24.55, 25.25, 45, otc]
[5488, 14.5, 12.45, 12.90, 12.95, 12692, otc]
[5489, 39.55, 38.4, 38.60, 39.30, 749, otc]
[5490, 27.3, 24.65, 24.90, 25.60, 1626, otc]
[5493, 53.1, 51.4, 52.50, 51.60, 82, otc]
[5498, 11.5, 10.7, 10.95, 10.80, 4840, otc]
[5508, 66.5, 62.5, 66.50, 63.10, 1093, otc]
[5511, 35.35, 34.15, 35.05, 35.00, 626, otc]
[5512, 10.25, 9.67, 10.10, 9.69, 23940, otc]
[5514, 18.4, 17.9, 18.10, 18.40, 16, otc]
[5515, 13.4, 12.75, 13.05, 12.90, 1558, tse]
[5516, 26.6, 25.5, 26.40, 25.55, 209, otc]
[5519, 24.95, 24.05, 24.95, 24.40, 2033, tse]
[5520, 57.2, 55.2, 56.10, 55.40, 39, otc]
[5521, 8.17, 7.65, 8.04, 7.77, 8722, tse]
[5522, 58.9, 57.5, 58.20, 57.60, 4849, tse]
[5523, 25.1, 24.5, 25.05, 24.75, 111, otc]
[5525, 27.0, 26.1, 27.00, 26.10, 425, tse]
[5529, 12.0, 11.5, 11.95, 11.50, 271, otc]
[5530, 38.5, 37.75, 38.35, 37.75, 1600, otc]
[5531, 10.55, 9.7, 10.20, 9.71, 7398, tse]
[5533, 18.8, 18.15, 18.55, 18.20, 1214, tse]
[5534, 80.6, 78.5, 80.30, 79.10, 1924, tse]
[5536, 142.5, 133.5, 142.00, 134.00, 2368, otc]
[5538, 41.9, 41.0, 41.90, 41.15, 84, tse]
[5543, 50.5, 49.0, 50.50, 49.00, 16, otc]
[5546, 41.05, 39.7, 40.60, 40.10, 168, tse]
[5601, 44.5, 39.95, 39.95, 41.70, 169, otc]
[5603, 22.3, 21.05, 21.95, 21.15, 895, otc]
[5604, 52.2, 48.9, 49.50, 51.20, 372, otc]
[5607, 75.6, 71.0, 72.50, 74.00, 6332, tse]
[5608, 27.6, 25.45, 27.30, 25.50, 15721, tse]
[5609, 88.5, 84.5, 87.50, 84.90, 2037, otc]
[5701, 3.7, 3.57, 3.70, 3.62, 1333, otc]
[5703, 22.4, 21.0, 22.25, 21.00, 361, otc]
[5704, 66.2, 56.8, 57.70, 58.60, 4337, otc]
[5706, 69.2, 62.5, 68.00, 62.50, 9444, tse]
[5864, 16.5, 14.7, 15.60, 14.80, 3469, otc]
[5871, 232.0, 224.0, 231.50, 225.50, 9765, tse]
[5876, 47.45, 46.1, 47.15, 46.35, 13660, tse]
[5878, 49.5, 49.0, 49.50, 49.40, 7, otc]
[5880, 26.65, 26.25, 26.60, 26.35, 28247, tse]
[5902, 39.55, 38.15, 38.45, 38.60, 323, otc]
[5903, 220.0, 214.0, 218.00, 214.00, 120, otc]
[5904, 627.0, 572.0, 597.00, 580.00, 2527, otc]
[5905, 12.35, 11.6, 12.10, 11.70, 5314, otc]
[5906, 39.1, 35.5, 36.05, 36.55, 212, tse]
[5907, 15.8, 14.85, 15.50, 14.90, 1203, tse]
[6005, 14.0, 13.0, 13.10, 13.45, 55009, tse]
[6015, 10.4, 9.78, 10.20, 9.79, 5897, otc]
[6016, 11.95, 11.0, 11.35, 11.00, 13521, otc]
[6020, 18.9, 18.6, 18.80, 18.70, 41, otc]
[6021, 17.1, 17.0, 17.10, 17.05, 16, otc]
[6023, 51.4, 51.0, 51.10, 51.00, 416, otc]
[6024, 44.3, 43.0, 44.10, 43.45, 1691, tse]
[6026, 12.85, 11.65, 11.80, 11.90, 32194, otc]
[6101, 52.4, 42.95, 50.40, 45.00, 3494, otc]
[6103, 43.7, 34.35, 43.00, 38.45, 23, otc]
[6104, 126.0, 111.0, 123.00, 111.50, 12025, otc]
[6108, 17.9, 17.2, 17.45, 17.20, 598, tse]
[6109, 19.05, 16.7, 18.10, 16.70, 8766, otc]
[6111, 68.7, 64.7, 67.80, 65.00, 9183, otc]
[6112, 48.2, 44.2, 45.60, 44.65, 23472, tse]
[6113, 19.45, 17.35, 17.80, 17.35, 3593, otc]
[6114, 25.3, 22.8, 24.10, 22.80, 775, otc]
[6115, 46.8, 44.75, 45.15, 45.30, 2614, tse]
[6116, 13.35, 12.85, 13.30, 13.10, 69625, tse]
[6117, 15.1, 14.5, 14.85, 14.55, 808, tse]
[6118, 36.6, 32.6, 36.35, 32.95, 4485, otc]
[6120, 11.6, 10.35, 11.30, 10.40, 13107, tse]
[6121, 318.5, 304.5, 315.50, 308.00, 2873, otc]
[6122, 34.95, 29.95, 33.00, 29.95, 37615, otc]
[6123, 76.3, 69.4, 75.50, 69.60, 2093, otc]
[6124, 27.9, 26.65, 27.30, 26.80, 306, otc]
[6125, 32.9, 30.5, 31.60, 31.35, 34499, otc]
[6126, 23.6, 22.25, 23.45, 22.30, 1624, otc]
[6127, 24.55, 21.5, 24.35, 21.85, 6083, otc]
[6128, 35.0, 33.05, 34.50, 33.15, 1129, tse]
[6129, 38.5, 34.1, 36.70, 34.45, 32044, otc]
[6130, 36.5, 34.5, 35.65, 34.50, 263, otc]
[6133, 24.05, 22.1, 23.00, 22.30, 12471, tse]
[6134, 29.75, 24.65, 25.20, 25.00, 28880, otc]
[6136, 19.95, 19.05, 19.05, 19.15, 2079, tse]
[6138, 180.5, 161.5, 167.50, 161.50, 19813, otc]
[6139, 47.25, 44.65, 46.80, 44.70, 10573, tse]
[6140, 25.3, 22.0, 24.00, 22.10, 11393, otc]
[6141, 18.95, 18.6, 18.85, 18.75, 264, tse]
[6142, 15.2, 13.4, 15.00, 13.55, 27544, tse]
[6143, 103.5, 91.0, 99.60, 91.80, 18185, otc]
[6144, 14.95, 13.8, 14.20, 14.10, 30, otc]
[6146, 266.5, 244.5, 266.00, 246.00, 2716, otc]
[6147, 69.9, 66.6, 69.60, 67.00, 15636, otc]
[6148, 31.3, 26.7, 28.10, 29.80, 50062, otc]
[6150, 78.2, 70.2, 77.00, 70.50, 2852, otc]
[6151, 29.0, 28.5, 28.70, 28.85, 274, otc]
[6152, 13.0, 11.6, 12.35, 11.80, 12278, tse]
[6153, 24.7, 23.5, 24.30, 23.50, 10924, tse]
[6154, 17.0, 16.4, 16.85, 16.55, 197, otc]
[6155, 28.3, 25.9, 27.75, 25.90, 1825, tse]
[6156, 23.2, 21.05, 22.50, 21.05, 6548, otc]
[6158, 28.3, 26.0, 27.75, 26.30, 591, otc]
[6160, 35.35, 28.7, 28.70, 29.55, 65336, otc]
[6161, 34.55, 32.9, 33.90, 32.95, 3465, otc]
[6163, 27.95, 23.9, 24.30, 25.30, 97692, otc]
[6164, 12.15, 11.25, 11.90, 11.45, 2729, tse]
[6165, 31.85, 29.7, 29.70, 30.10, 1689, tse]
[6166, 62.1, 59.0, 62.10, 59.10, 1503, tse]
[6167, 18.8, 15.75, 15.90, 17.05, 56674, otc]
[6168, 26.45, 24.3, 26.00, 24.75, 5543, tse]
[6169, 19.3, 18.95, 19.30, 18.95, 151, otc]
[6170, 40.45, 38.1, 40.35, 38.50, 876, otc]
[6171, 22.8, 22.2, 22.70, 22.25, 376, otc]
[6173, 41.95, 39.0, 41.70, 39.05, 1739, otc]
[6174, 31.3, 29.4, 29.40, 29.60, 1538, otc]
[6175, 41.15, 38.45, 40.00, 38.50, 4589, otc]
[6176, 115.5, 110.5, 113.00, 111.00, 16551, tse]
[6177, 32.3, 31.0, 32.30, 31.45, 6091, tse]
[6179, 34.1, 30.25, 32.50, 30.65, 22289, otc]
[6180, 75.5, 71.1, 74.90, 71.20, 8671, otc]
[6182, 46.5, 44.05, 46.35, 44.10, 25507, otc]
[6183, 63.9, 61.3, 63.50, 62.30, 291, tse]
[6184, 50.9, 50.1, 50.90, 50.30, 230, tse]
[6185, 20.05, 17.65, 19.50, 18.20, 20175, otc]
[6186, 45.0, 41.75, 42.45, 44.00, 2741, otc]
[6187, 67.7, 63.6, 67.00, 64.00, 1712, otc]
[6188, 59.8, 52.8, 57.20, 52.80, 17981, otc]
[6189, 42.0, 41.1, 41.95, 41.20, 1492, tse]
[6190, 35.05, 31.6, 32.10, 31.90, 36602, otc]
[6191, 34.6, 33.25, 34.30, 33.25, 11678, tse]
[6192, 78.2, 75.3, 76.40, 76.10, 1586, tse]
[6194, 28.55, 25.65, 27.00, 25.80, 5134, otc]
[6195, 46.95, 46.3, 46.60, 46.45, 211, otc]
[6196, 134.5, 128.0, 134.50, 129.50, 4137, tse]
[6197, 56.4, 52.3, 55.50, 53.30, 10692, tse]
[6198, 23.65, 20.65, 21.00, 23.30, 183, otc]
[6199, 18.7, 18.35, 18.45, 18.55, 46, otc]
[6201, 43.65, 43.1, 43.45, 43.40, 85, tse]
[6202, 74.8, 70.0, 74.60, 70.00, 4296, tse]
[6203, 75.9, 67.3, 73.60, 68.20, 3478, otc]
[6204, 58.6, 57.5, 58.00, 58.00, 111, otc]
[6205, 80.8, 73.8, 80.30, 74.00, 6250, tse]
[6206, 73.1, 70.2, 73.00, 70.60, 1594, tse]
[6207, 28.9, 27.4, 28.50, 27.55, 729, otc]
[6208, 54.4, 53.6, 54.30, 54.00, 671, otc]
[6209, 35.35, 31.0, 33.45, 31.25, 19937, tse]
[6210, 36.0, 35.1, 35.80, 35.10, 29, otc]
[6212, 50.4, 48.5, 49.05, 49.95, 22, otc]
[6213, 79.1, 72.1, 78.70, 72.20, 8309, tse]
[6214, 83.0, 78.6, 80.90, 78.80, 2688, tse]
[6215, 30.9, 27.35, 27.35, 29.05, 7770, tse]
[6216, 27.2, 26.3, 26.90, 26.30, 1128, tse]
[6217, 48.5, 44.8, 47.60, 44.90, 7545, otc]
[6218, 26.25, 19.8, 19.80, 25.45, 27577, otc]
[6219, 11.2, 10.95, 11.20, 11.00, 943, otc]
[6220, 29.5, 27.75, 28.70, 28.20, 9073, otc]
[6221, 66.2, 62.2, 64.00, 62.50, 327, otc]
[6222, 16.2, 14.65, 15.60, 15.75, 143, otc]
[6223, 143.5, 128.5, 140.50, 128.50, 19185, otc]
[6224, 69.8, 63.8, 68.80, 63.80, 1362, tse]
[6225, 12.8, 10.3, 10.90, 12.45, 549, tse]
[6226, 13.0, 11.9, 12.55, 11.95, 4798, tse]
[6227, 50.8, 47.45, 50.10, 48.15, 926, otc]
[6228, 13.85, 13.05, 13.85, 13.05, 171, otc]
[6229, 30.8, 28.0, 30.60, 28.50, 1144, otc]
[6230, 175.0, 152.5, 161.50, 155.00, 1086, tse]
[6231, 137.0, 121.0, 124.50, 121.00, 13661, otc]
[6233, 29.15, 25.5, 28.10, 25.60, 6502, otc]
[6234, 33.65, 28.6, 29.25, 29.00, 39700, otc]
[6235, 103.0, 91.3, 96.10, 93.20, 223075, tse]
[6236, 21.0, 20.8, 21.00, 21.00, 4, otc]
[6237, 51.4, 45.2, 49.50, 45.30, 3345, otc]
[6239, 93.8, 89.6, 93.80, 89.90, 12199, tse]
[6240, 26.6, 22.7, 25.80, 22.90, 783, otc]
[6241, 14.3, 13.8, 14.05, 13.80, 360, otc]
[6242, 71.8, 66.7, 67.70, 67.10, 933, otc]
[6243, 41.2, 35.8, 38.05, 36.20, 5246, tse]
[6244, 43.3, 36.05, 36.50, 38.55, 253292, otc]
[6245, 112.5, 99.9, 112.00, 100.50, 20148, otc]
[6246, 14.25, 13.75, 13.95, 13.80, 96, otc]
[6248, 35.95, 31.35, 34.85, 32.30, 17046, otc]
[6257, 55.6, 53.1, 55.40, 53.20, 7134, tse]
[6259, 23.0, 21.8, 22.40, 22.05, 85, otc]
[6261, 68.0, 64.3, 67.50, 65.20, 1186, otc]
[6263, 133.0, 117.0, 123.00, 118.00, 2132, otc]
[6264, 8.16, 7.5, 7.79, 7.77, 732, otc]
[6265, 10.8, 10.1, 10.60, 10.10, 1445, otc]
[6266, 48.9, 44.55, 46.30, 45.00, 32107, otc]
[6269, 102.0, 97.9, 97.90, 98.90, 13108, tse]
[6270, 23.4, 22.6, 23.30, 22.60, 682, otc]
[6271, 196.0, 163.0, 195.00, 166.00, 22504, tse]
[6274, 70.3, 64.0, 69.30, 64.20, 16065, otc]
[6275, 36.1, 33.85, 34.50, 34.30, 5192, otc]
[6276, 25.3, 20.9, 22.90, 20.95, 5182, otc]
[6277, 87.5, 83.5, 85.50, 84.30, 1728, tse]
[6278, 105.0, 98.1, 102.50, 98.10, 9126, tse]
[6279, 148.0, 139.0, 147.50, 139.00, 4173, otc]
[6281, 84.1, 83.6, 83.80, 83.60, 148, tse]
[6282, 46.25, 38.25, 38.25, 43.60, 400040, tse]
[6283, 35.3, 32.85, 35.30, 33.20, 1162, tse]
[6284, 62.5, 57.5, 61.40, 57.80, 5489, otc]
[6285, 101.5, 92.2, 98.90, 92.50, 59526, tse]
[6287, 23.95, 23.0, 23.70, 23.60, 31, otc]
[6288, 33.8, 30.2, 31.80, 31.05, 64135, tse]
[6290, 73.0, 60.4, 70.90, 61.00, 31682, otc]
[6291, 148.5, 130.5, 144.00, 136.00, 155, otc]
[6292, 46.35, 44.0, 45.05, 44.30, 237, otc]
[6294, 111.5, 107.5, 111.50, 108.00, 273, otc]
[6404, 23.0, 21.0, 21.35, 21.80, 113, otc]
[6405, 22.9, 21.8, 22.85, 21.90, 558, tse]
[6409, 1820.0, 1730.0, 1,810.00, 1,755.00, 659, tse]
[6411, 128.0, 107.5, 122.50, 107.50, 13557, otc]
[6412, 81.8, 78.3, 81.80, 78.60, 1605, tse]
[6414, 262.0, 245.0, 258.50, 246.00, 4599, tse]
[6415, 530.0, 476.0, 499.00, 479.00, 13039, tse]
[6416, 114.5, 102.0, 108.00, 104.50, 6880, tse]
[6417, 194.5, 157.0, 160.50, 164.50, 17007, otc]
[6418, 19.0, 17.5, 18.10, 18.05, 1550, otc]
[6419, 40.0, 33.7, 37.55, 36.25, 45, otc]
[6425, 22.0, 20.3, 20.35, 20.70, 704, otc]
[6426, 68.8, 62.6, 64.50, 62.60, 1053, tse]
[6431, 21.35, 20.7, 21.00, 20.90, 189, tse]
[6432, 39.35, 34.95, 38.50, 35.10, 2893, otc]
[6435, 113.0, 104.5, 110.00, 105.00, 1313, otc]
[6438, 115.5, 106.0, 106.50, 111.00, 9022, tse]
[6441, 63.0, 55.1, 62.10, 55.50, 3038, otc]
[6442, 56.2, 51.2, 53.80, 51.20, 2156, tse]
[6443, 41.5, 37.55, 38.80, 38.00, 172173, tse]
[6446, 428.5, 386.5, 426.00, 387.50, 12785, otc]
[6449, 53.8, 52.2, 53.80, 52.40, 153, tse]
[6451, 87.2, 82.3, 84.40, 82.30, 1507, tse]
[6456, 84.4, 80.2, 83.50, 80.80, 7186, tse]
[6457, 61.4, 55.8, 60.60, 57.00, 936, otc]
[6461, 37.45, 34.1, 36.10, 34.10, 6541, otc]
[6462, 89.1, 81.7, 88.70, 81.80, 1283, otc]
[6464, 94.0, 90.0, 91.00, 90.10, 68, tse]
[6465, 26.3, 22.4, 25.45, 23.05, 2244, otc]
[6469, 414.0, 393.0, 400.00, 396.00, 2565, otc]
[6470, 74.5, 64.5, 66.00, 64.50, 36343, otc]
[6472, 850.0, 711.0, 766.00, 711.00, 9855, otc]
[6477, 59.7, 52.3, 54.90, 52.40, 70096, tse]
[6482, 46.8, 45.0, 46.65, 45.10, 45, otc]
[6485, 119.5, 100.0, 112.50, 100.50, 11847, otc]
[6486, 72.8, 70.2, 70.80, 70.40, 456, otc]
[6488, 514.0, 476.5, 514.00, 477.00, 8194, otc]
[6491, 449.0, 413.0, 423.00, 421.50, 4917, tse]
[6492, 55.2, 51.9, 55.20, 51.90, 960, otc]
[6494, 79.2, 71.8, 78.30, 71.80, 1397, otc]
[6496, 33.55, 31.2, 33.55, 31.35, 298, otc]
[6499, 60.3, 57.1, 60.30, 57.20, 741, otc]
[6504, 82.2, 79.8, 81.60, 80.10, 330, tse]
[6505, 88.3, 84.3, 87.30, 85.40, 6702, tse]
[6506, 20.0, 19.4, 19.85, 19.50, 182, otc]
[6508, 40.7, 38.1, 39.55, 38.15, 2438, otc]
[6509, 48.65, 44.2, 47.70, 44.30, 14326, otc]
[6510, 576.0, 510.0, 569.00, 515.00, 1086, otc]
[6512, 22.0, 20.95, 21.75, 20.95, 82, otc]
[6514, 63.1, 58.0, 61.40, 58.40, 367, otc]
[6515, 752.0, 701.0, 744.00, 705.00, 3611, tse]
[6516, 98.0, 90.3, 93.00, 91.00, 764, otc]
[6517, 171.0, 146.0, 151.00, 150.00, 6832, otc]
[6523, 155.5, 138.0, 143.00, 141.00, 15412, otc]
[6525, 76.6, 72.5, 76.00, 72.60, 905, tse]
[6527, 86.0, 74.9, 76.60, 76.30, 3505, otc]
[6530, 29.75, 27.65, 27.70, 27.75, 1921, otc]
[6531, 322.0, 286.0, 310.50, 291.00, 24016, tse]
[6532, 61.0, 56.1, 58.50, 56.50, 4012, otc]
[6533, 520.0, 471.0, 498.00, 477.00, 10638, tse]
[6535, 42.5, 40.65, 42.35, 41.25, 926, otc]
[6538, 120.0, 105.0, 112.00, 105.00, 10506, otc]
[6541, 81.6, 75.5, 78.70, 77.80, 1217, tse]
[6542, 46.0, 44.8, 45.00, 44.90, 31, otc]
[6546, 88.6, 80.5, 86.30, 80.80, 2873, otc]
[6547, 72.5, 65.6, 71.50, 65.70, 55903, otc]
[6548, 45.95, 42.3, 44.65, 43.10, 19053, otc]
[6550, 101.0, 93.3, 98.40, 93.60, 19125, tse]
[6552, 38.1, 34.7, 37.60, 34.75, 482, tse]
[6556, 158.0, 133.5, 150.50, 134.00, 570, otc]
[6558, 29.45, 26.2, 26.75, 26.20, 3381, tse]
[6560, 37.35, 35.75, 37.25, 36.35, 172, otc]
[6561, 425.0, 379.0, 387.00, 379.50, 1395, otc]
[6568, 193.5, 175.0, 178.50, 175.00, 5469, otc]
[6569, 112.5, 106.5, 112.50, 106.50, 165, otc]
[6570, 68.6, 62.3, 64.30, 63.20, 6786, otc]
[6573, 16.75, 15.2, 16.55, 15.25, 841, tse]
[6574, 59.8, 54.5, 54.60, 57.60, 385, otc]
[6576, 104.0, 92.2, 103.00, 92.60, 4816, otc]
[6577, 66.2, 64.6, 65.50, 64.90, 143, otc]
[6578, 20.15, 18.0, 18.95, 18.30, 4480, otc]
[6579, 94.0, 88.6, 93.50, 90.40, 450, tse]
[6581, 92.6, 89.9, 92.50, 90.10, 325, tse]
[6582, 64.1, 61.0, 63.50, 62.20, 873, tse]
[6585, 69.7, 63.3, 66.90, 63.80, 873, tse]
[6588, 31.6, 29.95, 31.60, 30.00, 143, otc]
[6589, 122.5, 109.0, 120.50, 109.50, 14758, otc]
[6590, 107.5, 87.2, 90.00, 90.20, 3977, otc]
[6591, 53.6, 49.8, 53.10, 49.85, 1402, tse]
[6592, 136.0, 126.5, 132.00, 127.00, 8412, tse]
[6593, 63.0, 53.5, 61.70, 54.80, 951, otc]
[6596, 46.6, 45.2, 45.55, 45.30, 125, otc]
[6598, 28.95, 27.8, 28.30, 27.90, 729, tse]
[6603, 17.85, 17.15, 17.80, 17.15, 4746, otc]
[6605, 101.5, 96.5, 97.40, 96.50, 4326, tse]
[6606, 33.0, 28.6, 28.60, 29.20, 6675, tse]
[6609, 39.35, 37.35, 39.05, 37.35, 1510, otc]
[6612, 194.0, 146.0, 146.00, 158.50, 13154, otc]
[6613, 103.5, 98.8, 103.00, 99.30, 710, otc]
[6615, 38.75, 37.1, 37.85, 38.45, 66, otc]
[6616, 14.8, 14.2, 14.75, 14.20, 294, otc]
[6624, 42.9, 42.0, 42.25, 42.20, 27, otc]
[6625, 72.0, 53.4, 54.00, 69.50, 18128, tse]
[6629, 46.0, 45.0, 46.00, 45.00, 16, otc]
[6640, 89.8, 88.1, 89.50, 88.40, 28, otc]
[6641, 57.7, 56.5, 56.60, 56.70, 112, tse]
[6642, 55.0, 52.2, 54.30, 52.20, 178, otc]
[6643, 654.0, 577.0, 635.00, 588.00, 6661, otc]
[6649, 43.5, 40.6, 42.20, 40.95, 896, otc]
[6651, 88.4, 81.3, 86.20, 81.50, 875, otc]
[6654, 51.1, 48.85, 50.70, 48.85, 87, otc]
[6655, 128.5, 127.5, 128.00, 128.50, 205, tse]
[6661, 23.2, 22.25, 23.00, 22.60, 46, otc]
[6662, 31.65, 30.4, 31.40, 30.50, 172, otc]
[6664, 117.5, 110.0, 115.50, 110.00, 1306, otc]
[6666, 95.6, 87.0, 89.80, 87.60, 3494, tse]
[6667, 72.5, 68.3, 72.00, 68.30, 946, otc]
[6668, 43.9, 40.85, 42.15, 40.85, 1241, tse]
[6669, 1205.0, 1085.0, 1,185.00, 1,095.00, 9296, tse]
[6670, 222.0, 211.0, 220.50, 213.50, 2282, tse]
[6671, 43.05, 40.0, 40.40, 40.95, 90, tse]
[6672, 91.9, 84.8, 86.00, 85.00, 4793, tse]
[6674, 28.45, 27.25, 28.25, 27.75, 44, tse]
[6679, 322.5, 293.0, 295.00, 297.00, 7009, otc]
[6680, 84.0, 75.8, 78.60, 76.80, 97, otc]
[6683, 217.0, 193.0, 213.50, 193.00, 1518, otc]
[6684, 52.4, 47.25, 50.50, 47.45, 736, otc]
[6689, 145.0, 130.5, 139.50, 130.50, 7893, tse]
[6690, 237.0, 179.5, 179.50, 192.00, 9095, otc]
[6691, 306.5, 275.5, 293.50, 276.50, 5617, tse]
[6693, 68.0, 64.7, 67.00, 65.50, 296, otc]
[6695, 48.4, 42.25, 47.70, 42.60, 1929, tse]
[6697, 43.5, 39.4, 42.45, 39.40, 517, otc]
[6698, 40.55, 35.3, 39.70, 35.30, 2153, tse]
[6703, 192.5, 171.0, 171.00, 173.50, 3248, otc]
[6706, 93.3, 86.5, 92.10, 87.00, 2418, tse]
[6708, 55.1, 50.3, 55.10, 50.30, 456, otc]
[6712, 241.0, 210.5, 218.50, 211.00, 20254, otc]
[6715, 169.0, 146.0, 161.00, 146.00, 7368, tse]
[6716, 107.5, 101.0, 107.00, 102.50, 154, otc]
[6719, 376.5, 324.5, 327.00, 330.50, 37341, tse]
[6721, 51.4, 50.3, 50.70, 50.30, 80, otc]
[6727, 72.6, 69.9, 71.40, 70.00, 705, otc]
[6728, 170.5, 155.0, 169.00, 155.50, 258, otc]
[6732, 423.5, 380.0, 423.50, 382.00, 6671, otc]
[6733, 47.4, 34.3, 34.30, 41.60, 22357, otc]
[6735, 60.2, 57.2, 59.00, 57.40, 63, otc]
[6741, 127.5, 112.5, 113.50, 117.00, 22521, otc]
[6743, 66.0, 55.4, 55.80, 60.30, 6429, tse]
[6747, 275.5, 244.0, 258.00, 256.00, 2168, otc]
[6751, 140.5, 108.5, 109.00, 121.00, 5417, otc]
[6752, 162.5, 137.0, 137.00, 153.00, 10869, otc]
[6753, 144.0, 110.0, 135.00, 129.00, 17676, tse]
[6754, 55.2, 52.3, 54.20, 52.30, 521, tse]
[6756, 234.0, 209.0, 233.00, 210.00, 2070, tse]
[6761, 98.6, 93.1, 96.00, 93.60, 352, otc]
[6762, 252.0, 244.0, 250.00, 244.00, 41, otc]
[6763, 550.0, 485.5, 506.00, 486.00, 1029, otc]
[6767, 45.5, 39.8, 40.80, 40.20, 2856, otc]
[6768, 73.4, 68.7, 71.80, 68.70, 2374, tse]
[6770, 33.4, 30.05, 32.95, 30.05, 118312, tse]
[6776, 57.0, 50.9, 53.90, 51.80, 4404, tse]
[6781, 768.0, 704.0, 733.00, 708.00, 3066, tse]
[6782, 338.5, 290.0, 309.00, 291.50, 9735, tse]
[6788, 143.0, 134.0, 138.00, 134.00, 3416, otc]
[6789, 251.0, 227.0, 246.00, 227.00, 6151, tse]
[6790, 41.0, 38.0, 38.00, 38.10, 5731, tse]
[6791, 136.5, 99.0, 100.00, 129.00, 4290, otc]
[6792, 93.0, 83.6, 90.00, 83.80, 1182, tse]
[6796, 117.0, 102.5, 106.50, 102.50, 3271, tse]
[6799, 189.0, 151.0, 151.00, 178.50, 33908, tse]
[6803, 286.5, 277.5, 286.50, 279.50, 276, otc]
[6804, 66.4, 61.0, 63.00, 61.00, 825, otc]
[6806, 122.0, 106.0, 108.00, 109.00, 119724, tse]
[6807, 31.65, 29.6, 29.80, 29.65, 336, tse]
[6811, 273.0, 227.0, 229.00, 250.50, 9597, otc]
[6823, 93.3, 92.0, 92.60, 92.10, 86, otc]
[6829, 147.5, 121.0, 126.00, 141.50, 37717, otc]
[6830, 157.0, 147.0, 149.00, 151.50, 3709, tse]
[6834, 29.15, 27.6, 28.80, 27.60, 233, tse]
[6835, 46.6, 42.3, 43.55, 42.60, 1169, tse]
[6840, 90.4, 83.1, 87.30, 83.70, 877, otc]
[6841, 132.5, 112.5, 112.50, 113.50, 17271, otc]
[6843, 83.0, 68.7, 77.70, 70.00, 2489, otc]
[6854, 106.0, 98.6, 105.00, 98.60, 389, tse]
[6855, 90.0, 85.0, 88.00, 85.00, 250, otc]
[6859, 155.0, 136.0, 154.00, 138.00, 924, otc]
[6861, 134.0, 121.5, 132.00, 123.50, 2080, tse]
[6863, 242.0, 189.0, 189.50, 207.00, 9557, tse]
[6865, 120.0, 102.0, 106.00, 105.50, 1920, otc]
[6869, 95.2, 87.8, 94.00, 88.30, 1021, tse]
[6873, 152.5, 134.5, 137.50, 135.00, 1500, tse]
[6874, 165.0, 130.0, 131.50, 165.00, 12542, otc]
[7402, 83.0, 66.1, 75.30, 67.60, 11622, otc]
[7556, 103.5, 99.1, 103.00, 100.00, 110, otc]
[8011, 15.85, 14.8, 15.10, 14.95, 3658, tse]
[8016, 260.0, 228.5, 256.50, 229.50, 8129, tse]
[8021, 30.35, 28.9, 29.65, 29.00, 1473, tse]
[8024, 27.5, 24.6, 25.20, 24.65, 3398, otc]
[8027, 55.3, 51.9, 53.50, 52.10, 1588, otc]
[8028, 62.6, 57.6, 62.40, 57.90, 13278, tse]
[8032, 32.4, 30.8, 31.85, 30.80, 134, otc]
[8033, 85.2, 67.9, 76.60, 69.70, 152167, tse]
[8034, 17.3, 15.95, 16.00, 16.30, 3074, otc]
[8038, 56.2, 46.55, 46.90, 50.60, 26418, otc]
[8039, 43.0, 41.8, 42.75, 41.90, 1001, tse]
[8040, 51.4, 47.8, 50.70, 48.00, 1297, otc]
[8042, 37.35, 36.7, 37.20, 36.95, 141, otc]
[8043, 29.5, 27.1, 29.50, 27.30, 953, otc]
[8044, 65.1, 59.1, 61.60, 59.60, 5600, otc]
[8046, 267.0, 252.5, 262.00, 260.00, 27792, tse]
[8047, 11.95, 11.6, 11.85, 11.75, 127, otc]
[8048, 41.95, 38.65, 40.05, 39.10, 2074, otc]
[8049, 39.9, 37.0, 39.10, 37.20, 4892, otc]
[8050, 82.9, 77.0, 82.40, 77.30, 13341, otc]
[8054, 34.9, 32.2, 34.70, 32.25, 1914, otc]
[8059, 14.9, 12.4, 12.45, 13.80, 7611, otc]
[8064, 20.15, 19.0, 20.00, 19.10, 4077, otc]
[8066, 28.35, 27.65, 27.90, 27.90, 139, otc]
[8067, 16.8, 15.35, 16.00, 15.70, 163, otc]
[8068, 31.9, 27.5, 27.50, 29.00, 4020, otc]
[8069, 175.0, 167.0, 173.50, 172.00, 61519, otc]
[8070, 36.05, 34.05, 35.80, 34.05, 3606, tse]
[8071, 15.5, 14.5, 15.30, 14.95, 986, otc]
[8072, 28.95, 26.3, 28.20, 26.55, 1541, tse]
[8074, 21.35, 20.75, 21.00, 20.85, 445, otc]
[8076, 29.45, 28.0, 29.05, 28.00, 3516, otc]
[8077, 42.95, 38.0, 42.00, 40.05, 23, otc]
[8080, 11.9, 10.95, 11.70, 11.05, 121, otc]
[8081, 198.0, 182.5, 188.00, 184.50, 4283, tse]
[8083, 151.5, 149.5, 151.50, 150.00, 269, otc]
[8084, 125.0, 103.0, 103.00, 107.50, 7520, otc]
[8085, 24.55, 20.35, 20.35, 22.30, 11312, otc]
[8086, 95.4, 88.8, 91.70, 89.00, 18724, otc]
[8087, 38.0, 36.5, 37.65, 37.10, 486, otc]
[8088, 35.0, 31.8, 34.00, 32.25, 17610, otc]
[8089, 23.35, 22.45, 23.35, 22.55, 328, otc]
[8091, 114.0, 99.9, 101.50, 101.50, 22268, otc]
[8092, 12.25, 11.7, 11.85, 11.85, 637, otc]
[8093, 13.4, 12.75, 13.35, 13.30, 753, otc]
[8096, 11.8, 11.3, 11.70, 11.35, 1380, otc]
[8097, 50.3, 48.1, 48.90, 48.75, 4989, otc]
[8099, 41.95, 39.5, 41.00, 40.15, 970, otc]
[8101, 5.5, 5.2, 5.40, 5.37, 172, tse]
[8103, 39.25, 36.5, 37.65, 36.50, 2780, tse]
[8104, 47.95, 41.5, 44.60, 41.55, 6444, tse]
[8105, 15.35, 14.0, 14.35, 14.05, 45463, tse]
[8107, 17.5, 16.9, 17.45, 16.90, 414, otc]
[8109, 96.0, 88.1, 95.00, 88.90, 1359, otc]
[8110, 14.25, 13.3, 14.25, 13.35, 10025, tse]
[8111, 26.5, 22.55, 22.70, 22.85, 25874, otc]
[8112, 44.7, 43.4, 44.30, 43.45, 7959, tse]
[8114, 112.5, 106.0, 112.00, 106.50, 1918, tse]
[8121, 32.0, 28.0, 30.30, 28.65, 22828, otc]
[8131, 44.9, 42.9, 44.15, 43.30, 2231, tse]
[8147, 68.8, 64.9, 68.00, 65.40, 705, otc]
[8150, 39.1, 37.3, 38.85, 37.30, 9244, tse]
[8155, 167.0, 145.0, 145.00, 150.50, 23250, otc]
[8163, 44.95, 43.05, 44.40, 43.20, 3787, tse]
[8171, 62.5, 55.8, 62.00, 55.90, 10920, otc]
[8176, 12.05, 11.0, 11.40, 11.20, 2638, otc]
[8182, 32.6, 31.0, 32.00, 31.10, 435, otc]
[8183, 59.2, 54.1, 59.00, 54.40, 6779, otc]
[8201, 14.2, 12.95, 13.25, 13.30, 1731, tse]
[8210, 95.5, 80.7, 83.00, 80.90, 18473, tse]
[8213, 42.1, 40.4, 42.05, 40.40, 1963, tse]
[8215, 41.35, 38.25, 38.90, 38.60, 31510, tse]
[8222, 60.1, 47.0, 47.50, 52.50, 167206, tse]
[8227, 183.0, 165.0, 174.00, 167.50, 1527, otc]
[8234, 44.2, 39.85, 42.50, 40.05, 5254, otc]
[8240, 30.1, 29.1, 29.60, 29.45, 222, otc]
[8249, 32.9, 29.95, 32.05, 30.00, 2711, tse]
[8255, 191.5, 177.0, 188.00, 177.50, 5707, otc]
[8261, 116.0, 105.0, 113.50, 105.50, 13137, tse]
[8271, 55.9, 51.3, 54.00, 51.40, 7140, tse]
[8277, 10.8, 10.0, 10.70, 10.00, 1852, otc]
[8279, 185.0, 175.5, 176.00, 180.00, 448, otc]
[8284, 68.3, 62.8, 63.70, 64.80, 996, otc]
[8289, 49.4, 44.4, 46.65, 44.80, 9072, otc]
[8291, 6.0, 5.7, 6.00, 5.70, 2, otc]
[8299, 413.0, 385.0, 412.00, 386.50, 6821, otc]
[8341, 170.0, 154.0, 166.00, 157.50, 1893, tse]
[8342, 58.6, 57.9, 57.90, 58.10, 53, otc]
[8349, 71.2, 64.7, 67.90, 65.80, 4377, otc]
[8354, 14.35, 14.15, 14.30, 14.25, 465, otc]
[8358, 61.7, 55.1, 61.00, 55.20, 15209, otc]
[8367, 49.75, 48.5, 48.50, 48.70, 350, tse]
[8374, 34.2, 31.55, 33.20, 31.90, 643, tse]
[8383, 47.45, 43.15, 46.05, 43.40, 13976, otc]
[8390, 42.6, 40.0, 42.50, 40.65, 3921, otc]
[8401, 22.1, 21.2, 22.10, 21.30, 1221, otc]
[8403, 36.3, 34.4, 35.10, 35.25, 6998, otc]
[8404, 26.9, 25.95, 26.90, 25.95, 519, tse]
[8409, 28.05, 24.3, 25.45, 24.50, 4413, otc]
[8410, 30.6, 29.5, 30.15, 29.80, 47, otc]
[8411, 14.95, 14.75, 14.90, 14.90, 381, tse]
[8415, 36.55, 35.6, 36.35, 35.65, 2194, otc]
[8416, 159.5, 133.0, 133.00, 142.00, 1474, otc]
[8418, 10.3, 9.85, 10.05, 9.87, 140, otc]
[8420, 92.9, 83.0, 89.80, 84.70, 2004, otc]
[8421, 16.55, 15.25, 16.35, 15.40, 1538, otc]
[8422, 189.0, 185.0, 188.00, 185.50, 710, tse]
[8423, 20.85, 20.2, 20.20, 20.85, 26, otc]
[8424, 71.0, 69.3, 71.00, 69.70, 46, otc]
[8426, 49.6, 43.0, 45.00, 45.25, 2815, otc]
[8429, 10.7, 10.3, 10.45, 10.35, 969, tse]
[8431, 68.4, 60.9, 65.30, 62.40, 2301, otc]
[8432, 47.2, 45.7, 47.00, 45.90, 265, otc]
[8433, 74.9, 69.8, 73.20, 70.70, 813, otc]
[8435, 62.4, 60.3, 62.10, 61.50, 135, otc]
[8436, 235.5, 208.0, 209.50, 211.50, 22916, otc]
[8437, 116.0, 109.5, 116.00, 109.50, 91, otc]
[8438, 24.85, 24.05, 24.30, 24.40, 283, tse]
[8440, 53.5, 47.45, 50.50, 47.55, 17958, otc]
[8442, 82.1, 74.9, 82.10, 76.20, 973, tse]
[8443, 12.3, 11.45, 11.45, 11.60, 2562, tse]
[8444, 62.6, 57.5, 60.10, 58.90, 66, otc]
[8446, 94.3, 88.0, 91.80, 88.20, 1273, otc]
[8450, 27.2, 25.35, 25.80, 25.35, 483, otc]
[8454, 898.0, 837.0, 858.00, 841.00, 3045, tse]
[8455, 22.0, 21.45, 21.45, 21.95, 15, otc]
[8462, 156.5, 147.0, 156.50, 147.00, 558, tse]
[8463, 25.85, 24.5, 25.35, 24.55, 662, tse]
[8464, 338.5, 325.5, 338.00, 325.50, 1307, tse]
[8466, 43.6, 42.5, 43.20, 43.00, 106, tse]
[8467, 63.5, 60.0, 61.10, 60.00, 279, tse]
[8472, 48.5, 45.05, 46.75, 47.85, 49, otc]
[8473, 31.0, 29.25, 30.90, 29.25, 502, tse]
[8476, 67.2, 61.8, 66.70, 62.10, 1264, otc]
[8477, 19.0, 17.05, 17.40, 17.55, 1175, otc]
[8478, 575.0, 423.0, 536.00, 437.00, 16625, tse]
[8481, 58.5, 57.0, 58.00, 57.70, 75, tse]
[8482, 77.5, 75.5, 76.40, 75.60, 85, tse]
[8488, 16.15, 15.45, 15.45, 15.90, 104, tse]
[8489, 24.35, 23.6, 24.15, 23.60, 184, otc]
[8499, 110.5, 105.0, 109.50, 105.00, 272, tse]
[8905, 26.45, 24.6, 26.40, 24.65, 761, otc]
[8906, 18.25, 17.7, 17.95, 17.80, 47, otc]
[8908, 71.9, 70.4, 71.70, 71.20, 223, otc]
[8916, 55.7, 52.8, 55.30, 53.20, 2949, otc]
[8917, 74.0, 73.0, 73.00, 73.10, 32, otc]
[8921, 15.1, 14.85, 15.10, 15.00, 23, otc]
[8923, 22.2, 20.55, 21.05, 21.10, 320, otc]
[8924, 127.0, 120.0, 124.00, 121.00, 1989, otc]
[8926, 53.0, 45.5, 45.50, 48.35, 45658, tse]
[8927, 47.55, 41.95, 42.05, 45.70, 10790, otc]
[8928, 39.15, 36.9, 39.00, 36.90, 968, otc]
[8929, 22.2, 21.15, 21.30, 21.60, 85, otc]
[8930, 17.5, 16.85, 17.35, 16.85, 823, otc]
[8931, 80.6, 74.5, 77.60, 76.00, 3221, otc]
[8932, 49.9, 46.25, 46.70, 49.90, 1321, otc]
[8933, 12.9, 11.95, 12.70, 12.00, 10027, otc]
[8935, 12.65, 11.75, 11.85, 11.80, 1648, otc]
[8936, 29.8, 27.55, 29.60, 27.80, 28233, otc]
[8937, 15.6, 14.95, 15.20, 15.10, 299, otc]
[8938, 95.3, 89.8, 93.50, 89.90, 5834, otc]
[8940, 27.95, 23.0, 26.00, 23.90, 8741, tse]
[8941, 60.1, 58.5, 60.10, 58.90, 117, otc]
[8942, 69.1, 66.1, 69.10, 66.10, 746, otc]
[8996, 253.5, 200.0, 252.00, 201.50, 30008, tse]
[9103, 7.07, 6.76, 7.00, 6.76, 3436, tse]
[9105, 4.03, 3.87, 4.03, 3.87, 4552, tse]
[9110, 4.61, 4.05, 4.12, 4.52, 3968, tse]
[9136, 6.45, 6.27, 6.37, 6.45, 1637, tse]
[9802, 133.0, 126.0, 128.50, 126.00, 6003, tse]
[9902, 13.65, 12.3, 12.40, 13.65, 7819, tse]
[9904, 32.15, 31.1, 32.05, 31.40, 31296, tse]
[9905, 25.35, 25.15, 25.30, 25.20, 237, tse]
[9906, 50.6, 49.2, 50.00, 49.40, 155, tse]
[9907, 20.85, 20.2, 20.35, 20.45, 26504, tse]
[9908, 31.9, 31.6, 31.70, 31.65, 295, tse]
[9910, 192.5, 185.0, 192.50, 187.00, 2674, tse]
[9911, 64.9, 63.2, 63.90, 63.60, 745, tse]
[9912, 10.1, 9.95, 10.10, 10.00, 385, tse]
[9914, 173.0, 166.5, 169.50, 168.00, 4143, tse]
[9917, 107.0, 104.0, 106.50, 106.00, 3377, tse]
[9918, 41.6, 41.2, 41.45, 41.30, 59, tse]
[9919, 18.45, 17.45, 17.70, 17.50, 23549, tse]
[9921, 192.0, 181.0, 189.00, 182.00, 7291, tse]
[9924, 44.0, 43.15, 43.90, 43.15, 634, tse]
[9925, 41.0, 40.7, 40.85, 40.85, 408, tse]
[9926, 51.9, 51.7, 51.90, 51.90, 83, tse]
[9927, 45.95, 43.2, 44.50, 43.75, 2647, tse]
[9928, 18.7, 18.2, 18.55, 18.20, 434, tse]
[9929, 9.15, 8.87, 9.00, 8.95, 364, tse]
[9930, 49.7, 48.6, 49.50, 48.80, 563, tse]
[9931, 40.45, 39.6, 40.00, 39.75, 36, tse]
[9933, 43.15, 41.8, 42.95, 41.85, 5903, tse]
[9934, 13.8, 13.45, 13.65, 13.55, 3267, tse]
[9935, 20.25, 18.8, 18.85, 19.60, 2621, tse]
[9937, 59.9, 59.2, 59.60, 59.60, 117, tse]
[9938, 60.1, 55.8, 59.00, 56.00, 5941, tse]
[9939, 103.0, 97.5, 101.50, 98.50, 5708, tse]
[9940, 29.1, 28.55, 29.05, 28.65, 869, tse]
[9941, 189.0, 182.0, 184.50, 182.50, 4173, tse]
[9942, 144.0, 134.5, 140.50, 136.00, 4205, tse]
[9943, 67.6, 66.3, 67.10, 66.50, 409, tse]
[9944, 20.5, 20.3, 20.40, 20.30, 449, tse]
[9945, 36.1, 35.0, 36.10, 35.15, 25571, tse]
[9946, 14.6, 12.7, 12.75, 14.35, 6707, tse]
[9949, 20.2, 19.4, 20.15, 19.90, 715, otc]
[9950, 12.6, 11.7, 12.00, 11.80, 53, otc]
[9951, 73.2, 69.5, 72.50, 69.70, 731, otc]
[9955, 26.5, 24.8, 26.20, 24.90, 5944, tse]
[9958, 121.0, 113.0, 114.00, 115.00, 38628, tse]
[9960, 30.5, 29.5, 29.95, 29.75, 168, otc]
[9962, 21.85, 19.65, 21.45, 19.70, 7223, otc]
