[1101, 37.85, 36.3, 36.45, 37.55, 92822, tse]
[1102, 44.25, 43.25, 43.30, 43.65, 20212, tse]
[1103, 19.35, 18.7, 18.85, 19.35, 1785, tse]
[1104, 27.25, 26.25, 26.35, 26.65, 8009, tse]
[1108, 16.65, 14.35, 14.45, 16.05, 24483, tse]
[1109, 18.1, 17.1, 17.15, 17.60, 3772, tse]
[1110, 18.4, 17.6, 17.60, 18.35, 2431, tse]
[1201, 20.25, 19.9, 19.95, 20.15, 1622, tse]
[1203, 38.45, 38.0, 38.20, 38.30, 61, tse]
[1210, 52.2, 51.0, 51.90, 51.90, 8672, tse]
[1213, 7.91, 7.1, 7.17, 7.10, 314, tse]
[1215, 89.8, 84.3, 84.70, 88.80, 7389, tse]
[1216, 73.9, 71.6, 71.90, 73.10, 34267, tse]
[1217, 11.5, 11.3, 11.45, 11.40, 4622, tse]
[1218, 30.8, 29.95, 30.60, 30.25, 15341, tse]
[1219, 21.8, 21.2, 21.80, 21.35, 4301, tse]
[1220, 17.35, 16.65, 17.30, 16.75, 2445, tse]
[1225, 62.8, 60.0, 60.80, 61.90, 923, tse]
[1227, 40.85, 40.15, 40.35, 40.50, 4510, tse]
[1229, 59.9, 57.8, 58.80, 59.40, 6281, tse]
[1231, 93.3, 89.9, 91.00, 91.70, 944, tse]
[1232, 150.5, 148.0, 149.50, 149.00, 249, tse]
[1233, 34.8, 33.95, 34.80, 34.65, 38, tse]
[1234, 36.45, 36.0, 36.00, 36.20, 1371, tse]
[1235, 70.2, 69.0, 70.00, 69.90, 275, tse]
[1236, 24.35, 23.45, 24.20, 23.65, 2508, tse]
[1240, 45.65, 44.95, 45.00, 45.60, 120, otc]
[1256, 330.5, 313.5, 330.50, 313.50, 134, tse]
[1258, 26.75, 26.7, 26.70, 26.70, 298, otc]
[1259, 74.6, 74.0, 74.40, 74.10, 56, otc]
[1264, 278.5, 272.5, 273.00, 276.50, 97, otc]
[1268, 146.5, 137.5, 138.50, 145.50, 1347, otc]
[1301, 93.8, 90.8, 90.90, 93.30, 26117, tse]
[1303, 78.2, 77.1, 77.60, 77.90, 21685, tse]
[1304, 27.25, 26.4, 27.10, 26.55, 7611, tse]
[1305, 27.3, 26.6, 27.05, 27.00, 5700, tse]
[1307, 21.25, 20.9, 21.00, 21.15, 850, tse]
[1308, 30.4, 29.4, 30.25, 29.45, 16257, tse]
[1309, 21.75, 21.4, 21.60, 21.45, 2221, tse]
[1310, 15.15, 13.95, 13.95, 14.75, 7909, tse]
[1312, 21.25, 20.05, 20.20, 21.15, 21857, tse]
[1313, 15.4, 14.8, 14.80, 15.15, 11006, tse]
[1314, 10.3, 9.87, 9.87, 10.15, 68005, tse]
[1315, 74.2, 70.6, 72.70, 70.80, 553, tse]
[1316, 14.15, 13.15, 13.65, 13.20, 16448, tse]
[1319, 48.35, 46.35, 47.00, 47.30, 33816, tse]
[1321, 37.95, 37.2, 37.95, 37.35, 862, tse]
[1323, 33.25, 32.75, 33.05, 33.10, 343, tse]
[1324, 11.5, 11.1, 11.40, 11.45, 127, tse]
[1325, 24.0, 23.6, 23.85, 23.80, 599, tse]
[1326, 70.3, 69.0, 69.50, 70.20, 9881, tse]
[1336, 27.8, 26.6, 26.80, 27.10, 1553, otc]
[1337, 7.11, 6.95, 7.01, 7.01, 1294, tse]
[1338, 46.1, 45.25, 45.40, 45.45, 332, tse]
[1339, 45.5, 44.7, 45.30, 44.80, 1093, tse]
[1340, 11.45, 10.7, 10.70, 11.20, 769, tse]
[1341, 70.4, 69.6, 69.60, 70.00, 68, tse]
[1342, 165.5, 154.0, 162.50, 156.50, 19496, tse]
[1402, 32.0, 31.15, 31.25, 31.85, 32393, tse]
[1409, 18.05, 17.85, 17.90, 17.95, 8236, tse]
[1410, 39.3, 38.4, 38.50, 39.30, 231, tse]
[1413, 9.75, 9.3, 9.51, 9.64, 117, tse]
[1414, 17.9, 17.6, 17.90, 17.80, 957, tse]
[1416, 12.0, 10.95, 11.00, 11.65, 5354, tse]
[1417, 14.4, 13.25, 13.35, 14.30, 10823, tse]
[1418, 17.15, 15.55, 16.95, 16.15, 1153, tse]
[1419, 40.8, 39.85, 40.05, 40.70, 626, tse]
[1423, 21.25, 20.75, 20.80, 21.15, 717, tse]
[1432, 16.85, 16.05, 16.55, 16.30, 1844, tse]
[1434, 28.4, 28.05, 28.20, 28.30, 5409, tse]
[1436, 58.2, 56.9, 56.90, 57.30, 214, tse]
[1437, 29.7, 28.5, 29.70, 29.15, 3091, tse]
[1438, 32.95, 30.5, 32.75, 31.70, 1995, tse]
[1439, 23.0, 21.85, 22.85, 22.45, 313, tse]
[1440, 17.2, 16.85, 16.90, 17.10, 4039, tse]
[1441, 8.1, 8.02, 8.02, 8.10, 292, tse]
[1442, 34.5, 33.15, 33.90, 33.85, 5972, tse]
[1443, 29.65, 28.2, 28.60, 29.65, 417, tse]
[1444, 10.8, 10.2, 10.35, 10.70, 12808, tse]
[1445, 19.85, 17.35, 17.45, 19.00, 3746, tse]
[1446, 31.85, 31.3, 31.55, 31.85, 231, tse]
[1447, 8.18, 7.97, 8.00, 8.13, 5039, tse]
[1449, 15.7, 15.35, 15.50, 15.45, 485, tse]
[1451, 23.15, 22.6, 22.80, 23.05, 1355, tse]
[1452, 18.05, 17.5, 17.75, 17.60, 1065, tse]
[1453, 16.3, 15.65, 16.20, 15.65, 1028, tse]
[1454, 13.5, 12.95, 13.20, 13.50, 464, tse]
[1455, 10.8, 10.55, 10.70, 10.70, 2407, tse]
[1456, 15.7, 15.1, 15.15, 15.65, 256, tse]
[1457, 18.8, 18.6, 18.70, 18.75, 685, tse]
[1459, 9.15, 8.93, 9.01, 9.11, 352, tse]
[1460, 7.98, 7.65, 7.83, 7.88, 6651, tse]
[1463, 14.45, 14.1, 14.35, 14.30, 584, tse]
[1464, 15.05, 14.85, 14.90, 15.00, 1121, tse]
[1465, 14.4, 14.1, 14.25, 14.25, 397, tse]
[1466, 11.8, 11.6, 11.60, 11.75, 174, tse]
[1467, 11.8, 11.5, 11.70, 11.55, 2295, tse]
[1468, 15.6, 14.95, 15.40, 15.35, 216, tse]
[1470, 19.95, 18.75, 19.35, 18.95, 107, tse]
[1471, 8.99, 7.88, 7.99, 8.99, 8924, tse]
[1472, 29.95, 26.75, 29.95, 26.95, 1140, tse]
[1473, 24.3, 22.4, 23.75, 22.80, 1752, tse]
[1474, 13.45, 12.6, 12.60, 12.90, 2935, tse]
[1475, 58.9, 55.4, 58.50, 55.60, 468, tse]
[1476, 498.0, 480.0, 483.00, 498.00, 2366, tse]
[1477, 230.0, 217.5, 219.50, 228.00, 6418, tse]
[1503, 98.7, 82.4, 82.40, 93.10, 100186, tse]
[1504, 47.4, 43.3, 43.30, 44.85, 225580, tse]
[1506, 22.2, 20.8, 21.95, 21.30, 2085, tse]
[1512, 15.5, 13.5, 13.50, 15.00, 788, tse]
[1513, 117.0, 97.5, 97.50, 105.50, 330691, tse]
[1514, 51.7, 39.65, 40.10, 50.70, 181879, tse]
[1515, 29.75, 28.95, 29.00, 29.40, 2037, tse]
[1516, 20.65, 20.25, 20.45, 20.50, 851, tse]
[1517, 20.3, 19.85, 19.90, 20.10, 1792, tse]
[1519, 102.0, 79.9, 81.00, 94.70, 112239, tse]
[1521, 39.65, 38.05, 38.45, 39.25, 178, tse]
[1522, 30.2, 29.3, 29.80, 29.85, 7067, tse]
[1524, 27.05, 25.3, 27.05, 25.50, 20268, tse]
[1525, 69.8, 66.3, 67.90, 69.20, 710, tse]
[1526, 43.35, 41.85, 42.15, 42.00, 1947, tse]
[1527, 44.0, 42.55, 42.90, 43.40, 1721, tse]
[1528, 11.5, 11.1, 11.10, 11.30, 5109, tse]
[1529, 37.85, 28.5, 28.90, 36.50, 77377, tse]
[1530, 33.6, 32.0, 32.10, 33.15, 268, tse]
[1531, 14.5, 14.3, 14.50, 14.50, 460, tse]
[1532, 36.4, 35.0, 35.30, 35.90, 6025, tse]
[1533, 53.5, 50.4, 51.00, 52.60, 3397, tse]
[1535, 57.6, 49.15, 49.15, 54.60, 4657, tse]
[1536, 74.5, 72.5, 72.80, 74.10, 4507, tse]
[1537, 144.0, 142.5, 142.50, 143.50, 309, tse]
[1538, 9.51, 8.63, 8.63, 9.48, 602, tse]
[1539, 31.85, 30.85, 31.55, 30.95, 2526, tse]
[1540, 16.95, 16.5, 16.80, 16.65, 1537, tse]
[1541, 35.65, 34.05, 34.10, 35.30, 129, tse]
[1558, 114.0, 112.5, 112.50, 113.50, 421, tse]
[1560, 120.0, 116.0, 120.00, 116.50, 6235, tse]
[1565, 264.5, 256.0, 258.50, 263.50, 801, otc]
[1568, 24.55, 24.05, 24.10, 24.10, 1211, tse]
[1569, 25.45, 24.7, 25.20, 25.05, 1662, otc]
[1570, 18.2, 17.8, 17.80, 18.15, 361, otc]
[1580, 108.0, 100.5, 100.50, 106.00, 1329, otc]
[1582, 61.7, 60.1, 60.30, 60.70, 635, tse]
[1583, 68.7, 67.0, 67.60, 68.30, 69, tse]
[1584, 39.55, 31.1, 31.15, 38.70, 159139, otc]
[1586, 33.7, 32.7, 33.30, 33.65, 307, otc]
[1587, 23.5, 22.85, 23.00, 23.00, 444, tse]
[1589, 86.5, 80.7, 81.00, 82.40, 21073, tse]
[1590, 1245.0, 1145.0, 1,155.00, 1,190.00, 4062, tse]
[1591, 28.4, 26.8, 27.40, 28.10, 1330, otc]
[1593, 79.5, 75.4, 75.50, 77.90, 154, otc]
[1595, 39.7, 38.95, 39.65, 39.30, 195, otc]
[1597, 80.6, 78.0, 78.80, 78.00, 536, tse]
[1598, 45.0, 43.0, 43.55, 44.80, 1159, tse]
[1599, 39.25, 38.55, 38.60, 39.20, 337, otc]
[1603, 28.05, 27.1, 27.30, 27.75, 3542, tse]
[1604, 28.0, 27.6, 27.80, 27.80, 1310, tse]
[1605, 51.7, 49.0, 49.70, 51.50, 221729, tse]
[1608, 16.75, 14.9, 15.05, 16.10, 11061, tse]
[1609, 29.5, 26.85, 27.20, 28.60, 261547, tse]
[1611, 17.45, 16.1, 16.40, 16.75, 26890, tse]
[1612, 21.45, 20.05, 20.10, 21.00, 10509, tse]
[1614, 37.7, 36.7, 36.70, 37.40, 625, tse]
[1615, 37.95, 34.05, 34.35, 36.55, 1764, tse]
[1616, 9.35, 8.62, 8.75, 9.12, 2284, tse]
[1617, 15.1, 15.0, 15.05, 15.05, 181, tse]
[1618, 20.2, 17.0, 17.30, 19.85, 31526, tse]
[1626, 19.35, 18.6, 18.70, 18.70, 458, tse]
[1701, 26.8, 26.05, 26.40, 26.55, 10691, tse]
[1702, 48.15, 46.9, 47.20, 47.90, 1821, tse]
[1707, 188.5, 175.5, 176.00, 186.00, 2893, tse]
[1708, 43.1, 42.35, 42.40, 42.80, 7814, tse]
[1709, 26.15, 25.35, 25.35, 25.85, 8745, tse]
[1710, 20.55, 20.05, 20.25, 20.25, 9720, tse]
[1711, 19.1, 18.8, 18.85, 18.95, 3273, tse]
[1712, 37.25, 36.55, 37.10, 36.60, 6576, tse]
[1713, 29.8, 28.5, 28.50, 29.55, 528, tse]
[1714, 9.28, 9.09, 9.15, 9.22, 9773, tse]
[1717, 32.6, 32.0, 32.40, 32.15, 6785, tse]
[1718, 8.52, 8.39, 8.45, 8.43, 10352, tse]
[1720, 59.9, 55.5, 55.70, 59.70, 6665, tse]
[1721, 14.6, 14.15, 14.15, 14.20, 2276, tse]
[1722, 57.9, 56.2, 56.20, 57.70, 8952, tse]
[1723, 115.5, 113.5, 114.50, 115.00, 935, tse]
[1725, 22.0, 21.0, 21.15, 21.30, 118, tse]
[1726, 75.0, 73.0, 73.00, 73.90, 256, tse]
[1727, 26.35, 25.5, 25.70, 25.90, 1082, tse]
[1730, 57.5, 56.4, 56.50, 57.50, 118, tse]
[1731, 20.3, 19.95, 19.95, 20.30, 1597, tse]
[1732, 28.5, 27.8, 28.25, 28.20, 676, tse]
[1733, 26.95, 26.15, 26.30, 26.80, 2134, tse]
[1734, 32.1, 30.95, 31.35, 31.75, 4568, tse]
[1735, 15.65, 15.05, 15.50, 15.50, 47, tse]
[1736, 70.9, 67.0, 67.10, 68.80, 4406, tse]
[1737, 33.95, 33.6, 33.65, 33.80, 930, tse]
[1742, 15.2, 14.85, 15.00, 14.90, 144, otc]
[1752, 74.9, 58.8, 61.90, 73.00, 46283, tse]
[1760, 180.5, 171.5, 180.00, 173.50, 19199, tse]
[1762, 92.9, 78.0, 82.00, 91.50, 24376, tse]
[1773, 131.0, 126.0, 126.00, 128.50, 1561, tse]
[1776, 17.4, 16.8, 16.85, 16.95, 73, tse]
[1777, 88.2, 82.5, 84.30, 87.50, 613, otc]
[1781, 15.35, 15.05, 15.30, 15.10, 265, otc]
[1783, 57.7, 55.4, 57.50, 56.50, 3930, tse]
[1784, 54.6, 47.95, 49.00, 52.70, 13004, otc]
[1785, 37.9, 36.85, 37.30, 37.20, 8361, otc]
[1786, 71.0, 66.6, 66.60, 69.70, 2095, tse]
[1788, 148.0, 142.0, 146.00, 143.00, 327, otc]
[1789, 27.5, 26.1, 26.65, 27.00, 6017, tse]
[1795, 278.0, 265.0, 277.50, 265.00, 25060, tse]
[1796, 112.5, 97.4, 104.00, 109.50, 5114, otc]
[1799, 20.3, 19.2, 19.75, 20.30, 262, otc]
[1802, 20.75, 20.1, 20.25, 20.60, 18666, tse]
[1805, 10.2, 10.0, 10.15, 10.15, 85, tse]
[1806, 9.12, 8.96, 9.07, 9.09, 2297, tse]
[1808, 74.0, 71.9, 72.00, 73.90, 1435, tse]
[1809, 14.8, 13.85, 14.00, 14.30, 6362, tse]
[1810, 22.95, 18.6, 19.05, 22.95, 51844, tse]
[1813, 22.75, 22.1, 22.25, 22.30, 95, otc]
[1815, 12.25, 11.9, 12.00, 12.15, 2577, otc]
[1817, 40.0, 38.55, 39.85, 38.95, 887, tse]
[1903, 45.65, 42.9, 43.25, 44.55, 1885, tse]
[1904, 29.1, 28.4, 28.75, 28.85, 5135, tse]
[1905, 18.05, 16.2, 16.35, 17.75, 14743, tse]
[1906, 16.25, 15.5, 16.25, 15.95, 7220, tse]
[1907, 27.9, 26.95, 27.15, 27.80, 9068, tse]
[1909, 18.1, 17.05, 17.05, 17.95, 11986, tse]
[2002, 31.5, 30.8, 30.95, 31.10, 123297, tse]
[2006, 59.2, 56.7, 57.40, 58.90, 8295, tse]
[2007, 11.75, 11.3, 11.30, 11.55, 3024, tse]
[2008, 20.0, 19.8, 19.95, 19.80, 6338, tse]
[2009, 35.2, 33.85, 34.85, 34.50, 7637, tse]
[2010, 16.25, 15.9, 16.00, 16.15, 1684, tse]
[2012, 28.5, 24.8, 24.85, 28.10, 4232, tse]
[2013, 58.9, 58.0, 58.00, 58.40, 556, tse]
[2014, 27.2, 26.6, 26.70, 26.70, 27572, tse]
[2015, 69.3, 67.7, 68.40, 69.20, 721, tse]
[2017, 18.7, 17.35, 17.75, 18.25, 8747, tse]
[2020, 23.7, 23.4, 23.40, 23.60, 693, tse]
[2022, 8.4, 8.25, 8.28, 8.35, 3125, tse]
[2023, 16.45, 15.6, 15.70, 16.10, 11925, tse]
[2024, 19.6, 19.2, 19.35, 19.40, 141, tse]
[2025, 5.6, 4.9, 5.50, 5.60, 2775, tse]
[2027, 45.8, 44.75, 44.95, 45.35, 38375, tse]
[2028, 28.3, 27.3, 27.30, 27.75, 1666, tse]
[2029, 26.5, 26.0, 26.00, 26.30, 1328, tse]
[2030, 23.5, 23.15, 23.45, 23.45, 3512, tse]
[2031, 46.9, 44.6, 46.65, 44.70, 6330, tse]
[2032, 20.15, 19.6, 19.60, 20.15, 916, tse]
[2033, 16.1, 15.7, 16.10, 15.85, 616, tse]
[2034, 30.0, 29.3, 29.50, 29.80, 4277, tse]
[2035, 31.3, 30.7, 31.00, 31.30, 87, otc]
[2038, 22.55, 21.9, 21.95, 22.20, 2504, tse]
[2049, 264.5, 249.5, 251.00, 262.00, 11056, tse]
[2059, 419.5, 390.0, 390.00, 415.50, 5470, tse]
[2061, 23.75, 20.7, 22.15, 20.90, 593, otc]
[2062, 23.1, 22.7, 23.05, 22.85, 1122, tse]
[2063, 45.1, 43.7, 44.80, 43.70, 625, otc]
[2064, 19.65, 18.45, 19.45, 18.65, 194, otc]
[2065, 62.5, 60.2, 60.20, 61.20, 866, otc]
[2066, 103.5, 91.1, 93.30, 96.00, 6867, otc]
[2067, 12.35, 11.6, 11.95, 12.00, 209, otc]
[2069, 20.65, 19.95, 19.95, 20.35, 1253, tse]
[2070, 38.35, 35.25, 38.00, 36.25, 548, otc]
[2101, 42.0, 39.55, 40.55, 39.90, 6768, tse]
[2102, 22.4, 21.6, 21.80, 21.70, 4263, tse]
[2103, 28.4, 28.05, 28.05, 28.25, 2129, tse]
[2104, 20.2, 19.7, 19.75, 20.15, 11361, tse]
[2105, 38.3, 36.85, 36.95, 38.00, 28201, tse]
[2106, 31.85, 31.3, 31.40, 31.70, 3163, tse]
[2107, 22.1, 21.9, 22.00, 21.95, 1552, tse]
[2108, 40.1, 38.55, 40.10, 39.55, 4953, tse]
[2109, 14.7, 14.15, 14.65, 14.30, 1206, tse]
[2114, 101.5, 99.4, 99.40, 100.50, 137, tse]
[2115, 32.0, 31.7, 31.85, 31.90, 242, tse]
[2201, 80.2, 73.8, 74.00, 79.10, 74229, tse]
[2204, 68.0, 63.5, 64.10, 66.80, 20608, tse]
[2206, 52.1, 41.55, 42.00, 52.10, 139164, tse]
[2207, 660.0, 637.0, 637.00, 660.00, 635, tse]
[2208, 28.45, 23.05, 23.05, 26.45, 257409, tse]
[2211, 60.7, 56.3, 56.50, 60.20, 9722, tse]
[2221, 44.7, 43.85, 44.10, 44.30, 938, otc]
[2227, 199.5, 195.0, 195.00, 198.50, 189, tse]
[2228, 86.6, 83.0, 83.00, 86.00, 1199, tse]
[2230, 89.4, 80.2, 88.50, 81.60, 11637, otc]
[2231, 192.0, 183.0, 187.00, 188.00, 7895, tse]
[2233, 126.0, 118.0, 123.00, 119.00, 8057, tse]
[2235, 46.9, 45.65, 46.90, 46.00, 67, otc]
[2236, 45.7, 38.25, 38.70, 45.70, 6537, tse]
[2239, 75.5, 71.8, 72.60, 75.20, 728, tse]
[2241, 37.0, 36.4, 36.80, 36.55, 353, tse]
[2243, 22.95, 21.0, 21.00, 21.95, 3971, tse]
[2247, 298.0, 263.0, 263.00, 285.50, 3244, tse]
[2250, 75.9, 72.4, 72.50, 75.30, 132, tse]
[2301, 77.3, 73.1, 73.20, 76.30, 29943, tse]
[2302, 23.75, 21.8, 23.10, 21.90, 22744, tse]
[2303, 52.6, 51.2, 52.50, 51.30, 185587, tse]
[2305, 25.2, 24.15, 24.70, 24.25, 2242, tse]
[2308, 323.5, 294.0, 294.00, 314.50, 39168, tse]
[2312, 13.45, 13.15, 13.20, 13.30, 15556, tse]
[2313, 47.1, 43.75, 46.80, 44.10, 74846, tse]
[2314, 44.2, 41.0, 42.40, 43.90, 9825, tse]
[2316, 29.7, 28.8, 28.90, 29.35, 1278, tse]
[2317, 104.5, 102.5, 103.00, 104.50, 111949, tse]
[2321, 24.85, 21.6, 21.70, 22.40, 109, tse]
[2323, 8.45, 7.98, 7.99, 8.33, 26482, tse]
[2324, 25.8, 25.2, 25.65, 25.25, 83852, tse]
[2327, 557.0, 520.0, 520.00, 553.00, 18658, tse]
[2328, 39.5, 38.6, 39.00, 39.15, 11534, tse]
[2329, 22.45, 20.45, 20.70, 21.15, 45543, tse]
[2330, 533.0, 510.0, 533.00, 516.00, 104737, tse]
[2331, 24.1, 22.0, 22.10, 23.75, 33759, tse]
[2332, 19.1, 18.4, 18.70, 18.85, 14127, tse]
[2337, 35.45, 34.5, 35.20, 34.65, 31676, tse]
[2338, 94.2, 88.0, 93.50, 88.20, 16240, tse]
[2340, 39.3, 38.4, 39.20, 38.45, 7394, tse]
[2342, 46.8, 44.5, 45.95, 45.65, 16882, tse]
[2344, 27.5, 26.05, 26.90, 26.25, 240590, tse]
[2345, 316.5, 301.5, 307.50, 315.50, 18367, tse]
[2347, 62.5, 60.9, 60.90, 62.00, 10069, tse]
[2348, 69.5, 68.1, 68.40, 68.80, 260, tse]
[2349, 9.7, 8.9, 8.90, 9.43, 22470, tse]
[2351, 138.0, 128.5, 135.00, 130.00, 8403, tse]
[2352, 33.35, 32.15, 32.40, 32.70, 32527, tse]
[2353, 29.2, 28.0, 28.35, 28.95, 46297, tse]
[2354, 55.8, 54.6, 55.70, 54.80, 7934, tse]
[2355, 33.5, 32.1, 32.65, 32.85, 7813, tse]
[2356, 33.3, 31.2, 31.70, 31.60, 74462, tse]
[2357, 280.0, 270.0, 271.50, 277.50, 6768, tse]
[2358, 11.35, 8.4, 11.35, 9.95, 13636, tse]
[2359, 35.8, 31.05, 31.50, 35.80, 42927, tse]
[2360, 182.0, 175.5, 182.00, 178.00, 5853, tse]
[2362, 30.5, 30.15, 30.25, 30.40, 3686, tse]
[2363, 19.0, 18.6, 19.00, 18.60, 5481, tse]
[2364, 117.0, 108.0, 108.00, 111.00, 5726, tse]
[2365, 10.75, 10.4, 10.50, 10.65, 1547, tse]
[2367, 19.5, 18.5, 19.15, 18.60, 27026, tse]
[2368, 106.0, 95.6, 95.80, 99.20, 59107, tse]
[2369, 15.7, 14.9, 15.00, 15.35, 7422, tse]
[2371, 34.15, 32.95, 33.15, 33.40, 33371, tse]
[2373, 80.2, 79.0, 79.00, 79.70, 222, tse]
[2374, 20.8, 20.1, 20.15, 20.55, 3248, tse]
[2375, 78.8, 73.3, 73.50, 76.80, 14418, tse]
[2376, 137.5, 131.5, 134.00, 134.50, 25751, tse]
[2377, 147.5, 143.5, 144.00, 147.00, 9343, tse]
[2379, 392.0, 376.5, 380.00, 389.00, 10308, tse]
[2380, 10.45, 10.15, 10.30, 10.40, 2866, tse]
[2382, 91.1, 81.1, 89.40, 81.80, 107642, tse]
[2383, 188.0, 178.5, 180.00, 185.00, 7714, tse]
[2385, 97.4, 95.3, 96.00, 96.80, 8659, tse]
[2387, 46.25, 43.9, 44.45, 45.80, 8291, tse]
[2388, 89.2, 82.2, 86.50, 82.20, 38425, tse]
[2390, 13.65, 12.5, 12.70, 13.25, 7151, tse]
[2392, 43.55, 41.55, 42.00, 43.25, 18591, tse]
[2393, 41.15, 40.25, 40.40, 40.70, 2932, tse]
[2395, 380.0, 354.5, 358.00, 372.50, 3560, tse]
[2397, 69.6, 68.1, 69.60, 68.70, 331, tse]
[2399, 16.6, 16.0, 16.10, 16.20, 8093, tse]
[2401, 25.6, 24.7, 24.95, 25.15, 7698, tse]
[2402, 30.75, 26.75, 26.80, 28.45, 127099, tse]
[2404, 218.5, 210.5, 211.00, 216.50, 5963, tse]
[2405, 13.05, 12.15, 12.25, 12.80, 8584, tse]
[2406, 20.35, 19.7, 19.95, 19.85, 8423, tse]
[2408, 69.9, 66.3, 68.00, 67.60, 111240, tse]
[2409, 19.3, 18.35, 18.45, 19.10, 182169, tse]
[2412, 125.0, 121.0, 121.00, 124.50, 51376, tse]
[2413, 42.8, 34.9, 35.05, 41.50, 59619, tse]
[2414, 34.65, 33.9, 33.95, 34.40, 533, tse]
[2415, 25.65, 24.25, 24.55, 24.65, 325, tse]
[2417, 24.5, 23.9, 23.95, 23.90, 1742, tse]
[2419, 28.9, 28.2, 28.35, 28.55, 10597, tse]
[2420, 44.7, 43.95, 43.95, 44.60, 1659, tse]
[2421, 53.5, 51.3, 52.00, 52.90, 13561, tse]
[2423, 35.2, 33.35, 34.10, 33.95, 2989, tse]
[2424, 23.5, 21.3, 21.30, 22.85, 225, tse]
[2425, 34.25, 32.0, 32.15, 33.40, 7642, tse]
[2426, 19.5, 18.7, 18.70, 19.15, 7209, tse]
[2427, 17.0, 14.9, 15.85, 15.15, 22864, tse]
[2428, 168.0, 149.5, 152.00, 162.00, 10835, tse]
[2429, 19.05, 17.8, 19.05, 18.05, 879, tse]
[2430, 42.8, 41.55, 42.70, 42.30, 1812, tse]
[2431, 11.8, 10.95, 11.05, 11.25, 2918, tse]
[2433, 53.5, 51.9, 51.90, 53.00, 291, tse]
[2434, 30.7, 29.5, 30.40, 29.75, 42, tse]
[2436, 54.5, 52.6, 53.50, 52.90, 11092, tse]
[2438, 26.3, 23.2, 24.40, 25.15, 5786, tse]
[2439, 91.6, 88.3, 88.30, 91.00, 6022, tse]
[2440, 12.05, 11.3, 11.30, 11.90, 1920, tse]
[2441, 55.1, 53.8, 54.10, 54.60, 3380, tse]
[2442, 17.25, 16.4, 16.65, 16.40, 12039, tse]
[2443, 4.65, 3.6, 3.89, 3.90, 7571, tse]
[2444, 17.25, 16.45, 16.85, 16.70, 4255, tse]
[2449, 48.9, 47.15, 48.35, 47.55, 25955, tse]
[2450, 35.65, 35.1, 35.60, 35.30, 724, tse]
[2451, 73.8, 72.7, 73.80, 73.00, 1362, tse]
[2453, 71.9, 65.2, 67.80, 71.90, 27211, tse]
[2454, 760.0, 739.0, 748.00, 748.00, 26981, tse]
[2455, 103.5, 92.8, 95.60, 94.40, 34909, tse]
[2457, 70.9, 62.6, 62.60, 69.00, 228032, tse]
[2458, 104.5, 100.0, 101.00, 101.00, 4330, tse]
[2459, 57.3, 56.8, 57.30, 57.00, 245, tse]
[2460, 23.25, 18.65, 18.90, 22.40, 9167, tse]
[2461, 23.1, 22.2, 22.30, 22.35, 4155, tse]
[2462, 33.7, 30.7, 31.00, 33.15, 5586, tse]
[2464, 38.35, 37.9, 38.05, 38.20, 728, tse]
[2465, 41.4, 38.55, 38.85, 39.15, 5697, tse]
[2466, 35.25, 34.7, 34.90, 35.15, 116, tse]
[2467, 48.55, 47.95, 48.05, 48.35, 490, tse]
[2468, 27.25, 25.2, 25.35, 26.75, 4065, tse]
[2471, 53.7, 48.65, 49.20, 53.70, 23899, tse]
[2472, 67.7, 64.6, 64.60, 66.50, 5023, tse]
[2474, 187.0, 183.5, 185.50, 184.50, 5296, tse]
[2476, 58.5, 55.4, 57.70, 56.10, 11732, tse]
[2477, 21.4, 21.15, 21.30, 21.35, 300, tse]
[2478, 52.9, 46.85, 46.85, 51.20, 5068, tse]
[2480, 101.0, 96.4, 96.50, 100.00, 2627, tse]
[2481, 73.0, 69.5, 71.10, 69.90, 17634, tse]
[2482, 68.5, 64.2, 66.10, 68.50, 17322, tse]
[2483, 28.45, 25.85, 25.85, 27.95, 7461, tse]
[2484, 38.2, 37.15, 38.10, 37.20, 8803, tse]
[2485, 20.2, 19.7, 20.00, 20.15, 4756, tse]
[2486, 29.6, 28.1, 28.90, 29.15, 19281, tse]
[2488, 31.25, 30.5, 31.25, 30.80, 566, tse]
[2489, 10.35, 10.05, 10.10, 10.30, 6874, tse]
[2491, 12.25, 11.3, 11.45, 11.90, 489, tse]
[2492, 113.5, 96.2, 96.20, 110.50, 54593, tse]
[2493, 54.5, 52.0, 53.20, 54.30, 986, tse]
[2495, 24.4, 22.15, 22.50, 23.80, 29384, tse]
[2496, 54.1, 50.7, 53.70, 51.10, 598, tse]
[2497, 82.3, 76.9, 78.40, 77.60, 20641, tse]
[2498, 65.7, 63.7, 64.50, 64.30, 63807, tse]
[2501, 17.5, 17.05, 17.20, 17.20, 2848, tse]
[2504, 28.2, 27.7, 27.90, 27.90, 6653, tse]
[2505, 18.6, 18.25, 18.30, 18.50, 618, tse]
[2506, 9.4, 9.19, 9.24, 9.34, 1777, tse]
[2509, 15.35, 15.2, 15.20, 15.30, 205, tse]
[2511, 11.9, 11.6, 11.85, 11.80, 2768, tse]
[2514, 17.6, 17.25, 17.35, 17.30, 893, tse]
[2515, 11.6, 9.22, 9.26, 10.80, 388624, tse]
[2516, 5.07, 4.87, 4.91, 5.04, 1178, tse]
[2520, 31.0, 30.25, 30.40, 30.70, 3379, tse]
[2524, 32.2, 31.75, 32.20, 31.90, 74, tse]
[2527, 24.3, 22.85, 22.90, 22.95, 2537, tse]
[2528, 25.15, 22.95, 24.70, 23.95, 5296, tse]
[2530, 19.75, 18.7, 19.20, 19.30, 4651, tse]
[2534, 23.45, 22.7, 23.00, 22.95, 11336, tse]
[2535, 34.25, 33.7, 33.80, 33.80, 7767, tse]
[2536, 24.6, 24.3, 24.40, 24.50, 576, tse]
[2537, 7.15, 6.91, 6.91, 7.07, 5524, tse]
[2538, 13.2, 12.9, 12.90, 13.05, 3467, tse]
[2539, 38.0, 37.1, 37.10, 37.50, 2194, tse]
[2540, 81.0, 71.6, 71.80, 78.50, 2810, tse]
[2542, 42.35, 41.4, 41.70, 42.10, 14001, tse]
[2543, 10.0, 9.29, 9.49, 9.70, 1414, tse]
[2545, 46.75, 45.7, 45.70, 46.55, 3233, tse]
[2546, 71.5, 68.5, 69.00, 68.80, 997, tse]
[2547, 9.45, 9.05, 9.10, 9.38, 13238, tse]
[2548, 94.5, 93.0, 93.20, 93.90, 3060, tse]
[2596, 22.35, 21.95, 21.95, 22.35, 898, otc]
[2597, 126.5, 122.0, 123.50, 122.50, 575, tse]
[2601, 9.22, 9.03, 9.17, 9.16, 9070, tse]
[2603, 170.5, 162.0, 165.50, 170.00, 122238, tse]
[2605, 26.1, 24.75, 26.00, 25.20, 19826, tse]
[2606, 58.2, 55.8, 58.10, 57.70, 22001, tse]
[2607, 28.4, 27.8, 28.40, 28.20, 7861, tse]
[2608, 38.7, 38.1, 38.10, 38.45, 825, tse]
[2609, 67.2, 65.4, 66.40, 66.80, 113157, tse]
[2610, 20.2, 19.3, 19.45, 19.80, 165103, tse]
[2611, 13.9, 13.65, 13.75, 13.90, 2325, tse]
[2612, 40.85, 39.7, 40.75, 40.45, 1299, tse]
[2613, 22.7, 22.25, 22.55, 22.40, 787, tse]
[2614, 19.7, 18.3, 19.00, 19.70, 18797, tse]
[2615, 70.7, 67.8, 70.40, 69.90, 36496, tse]
[2616, 32.45, 32.1, 32.15, 32.45, 461, tse]
[2617, 32.9, 32.1, 32.70, 32.70, 6005, tse]
[2618, 27.7, 26.45, 26.55, 27.30, 108395, tse]
[2630, 24.2, 19.15, 19.15, 24.20, 20091, tse]
[2633, 31.0, 30.1, 30.15, 30.90, 24454, tse]
[2634, 56.6, 43.15, 43.80, 54.20, 442503, tse]
[2636, 80.4, 77.6, 80.00, 78.50, 2979, tse]
[2637, 67.6, 64.3, 67.30, 65.10, 23391, tse]
[2640, 123.0, 109.0, 115.00, 119.00, 1455, otc]
[2641, 20.7, 19.7, 20.60, 20.00, 10062, otc]
[2642, 47.85, 46.75, 47.50, 46.95, 351, tse]
[2643, 78.3, 73.3, 77.70, 74.20, 532, otc]
[2645, 113.0, 97.9, 102.00, 111.50, 25656, tse]
[2701, 12.9, 12.5, 12.55, 12.85, 1788, tse]
[2702, 24.55, 23.1, 23.50, 24.25, 2459, tse]
[2704, 37.3, 35.15, 35.15, 37.00, 1459, tse]
[2705, 18.15, 16.95, 17.15, 17.80, 4785, tse]
[2706, 15.2, 14.55, 14.65, 15.15, 2637, tse]
[2707, 300.5, 275.5, 278.50, 295.00, 7651, tse]
[2712, 36.2, 34.0, 35.30, 35.15, 372, tse]
[2718, 51.0, 46.6, 50.50, 48.80, 130, otc]
[2719, 54.8, 49.9, 51.80, 53.90, 659, otc]
[2722, 53.2, 47.1, 49.00, 53.20, 4385, tse]
[2723, 151.5, 138.5, 139.00, 148.50, 6630, tse]
[2724, 14.8, 12.75, 14.45, 14.80, 10, otc]
[2726, 29.05, 27.85, 28.15, 28.35, 713, otc]
[2727, 304.5, 286.5, 299.50, 295.50, 10873, tse]
[2729, 250.0, 233.5, 235.00, 242.50, 982, otc]
[2731, 179.0, 145.0, 146.50, 179.00, 36889, tse]
[2732, 177.0, 166.0, 169.00, 171.00, 3595, otc]
[2734, 34.5, 32.2, 33.10, 33.85, 1723, otc]
[2736, 24.35, 22.95, 23.65, 23.60, 4613, otc]
[2739, 65.4, 55.1, 56.20, 65.40, 4531, tse]
[2740, 49.0, 48.5, 48.50, 48.50, 5, otc]
[2743, 63.8, 58.2, 58.40, 63.30, 6459, otc]
[2745, 43.1, 39.4, 39.80, 42.95, 1206, otc]
[2748, 99.4, 85.0, 85.30, 99.40, 23001, tse]
[2752, 262.0, 237.5, 262.00, 243.00, 113, otc]
[2753, 188.5, 179.5, 186.00, 185.00, 6992, tse]
[2754, 157.5, 149.0, 152.50, 152.00, 1979, otc]
[2755, 153.5, 141.5, 142.50, 152.50, 493, otc]
[2756, 161.0, 144.0, 145.00, 158.50, 401, otc]
[2801, 17.6, 17.45, 17.45, 17.60, 37358, tse]
[2809, 34.85, 34.4, 34.65, 34.55, 4341, tse]
[2812, 14.25, 13.95, 14.00, 14.15, 27891, tse]
[2816, 15.4, 15.1, 15.25, 15.35, 476, tse]
[2820, 15.25, 14.9, 14.90, 15.20, 2108, tse]
[2832, 21.15, 20.7, 20.80, 21.05, 709, tse]
[2834, 14.0, 13.35, 13.45, 13.95, 118354, tse]
[2836, 12.4, 12.25, 12.30, 12.40, 1683, tse]
[2838, 16.0, 15.6, 15.75, 15.95, 2414, tse]
[2845, 11.35, 11.15, 11.25, 11.25, 17831, tse]
[2849, 14.85, 14.7, 14.70, 14.75, 183, tse]
[2850, 51.5, 50.5, 50.80, 50.70, 974, tse]
[2851, 18.35, 17.65, 17.65, 18.35, 6161, tse]
[2852, 15.85, 15.55, 15.65, 15.80, 1305, tse]
[2855, 16.75, 16.05, 16.10, 16.70, 3462, tse]
[2867, 5.42, 4.95, 4.95, 5.40, 205601, tse]
[2880, 22.85, 22.4, 22.45, 22.80, 28420, tse]
[2881, 58.7, 56.6, 56.90, 58.60, 47131, tse]
[2882, 43.2, 42.35, 42.40, 43.15, 71688, tse]
[2883, 13.3, 12.8, 12.80, 13.30, 148408, tse]
[2884, 25.45, 24.9, 24.95, 25.45, 63008, tse]
[2885, 22.65, 22.35, 22.40, 22.65, 54180, tse]
[2886, 33.45, 32.9, 33.00, 33.45, 53734, tse]
[2887, 17.15, 16.6, 16.65, 17.15, 56778, tse]
[2888, 8.58, 8.44, 8.50, 8.58, 106627, tse]
[2889, 12.55, 12.2, 12.35, 12.50, 17356, tse]
[2890, 16.9, 16.55, 16.60, 16.90, 75199, tse]
[2891, 22.5, 21.65, 21.70, 22.50, 107149, tse]
[2892, 26.85, 26.45, 26.50, 26.85, 42084, tse]
[2897, 10.1, 9.82, 9.87, 10.05, 33182, tse]
[2901, 25.1, 24.8, 24.80, 25.05, 149, tse]
[2903, 23.0, 22.45, 22.95, 22.60, 4003, tse]
[2904, 21.1, 20.7, 20.90, 20.90, 204, tse]
[2905, 15.6, 15.3, 15.35, 15.40, 1799, tse]
[2906, 17.65, 17.2, 17.20, 17.55, 1835, tse]
[2908, 21.0, 20.85, 20.95, 20.85, 1092, tse]
[2910, 30.2, 29.65, 30.00, 29.65, 49, tse]
[2911, 7.39, 7.12, 7.13, 7.25, 743, tse]
[2912, 272.0, 268.5, 270.00, 271.00, 3555, tse]
[2913, 22.5, 21.4, 21.45, 22.25, 7406, tse]
[2915, 58.9, 56.7, 56.90, 58.00, 12658, tse]
[2916, 35.05, 32.8, 33.00, 34.85, 1045, otc]
[2923, 23.8, 23.05, 23.30, 23.25, 35, tse]
[2924, 35.4, 35.2, 35.40, 35.20, 2, otc]
[2926, 66.8, 65.0, 66.20, 66.10, 53, otc]
[2929, 14.5, 13.8, 13.85, 13.95, 4087, tse]
[2937, 34.95, 34.2, 34.50, 34.65, 24, otc]
[2939, 35.1, 33.9, 34.25, 34.90, 283, tse]
[2945, 43.0, 41.1, 41.85, 41.85, 109, tse]
[2947, 93.0, 92.1, 92.80, 92.10, 29, otc]
[3002, 13.05, 12.05, 12.15, 12.80, 2008, tse]
[3003, 79.5, 70.0, 70.20, 77.80, 10009, tse]
[3004, 98.4, 88.5, 91.00, 95.90, 5620, tse]
[3005, 58.5, 55.1, 55.90, 57.10, 29949, tse]
[3006, 96.6, 82.3, 84.00, 88.30, 137057, tse]
[3008, 2190.0, 2045.0, 2,150.00, 2,060.00, 3430, tse]
[3010, 88.6, 87.0, 87.20, 88.20, 1389, tse]
[3011, 30.0, 23.85, 24.00, 29.50, 61215, tse]
[3013, 23.95, 21.65, 22.10, 23.30, 53754, tse]
[3014, 93.5, 89.0, 90.80, 91.90, 4879, tse]
[3015, 53.3, 48.5, 49.05, 52.50, 6581, tse]
[3016, 71.7, 69.7, 71.70, 69.80, 2965, tse]
[3017, 157.5, 143.5, 144.50, 153.00, 51973, tse]
[3019, 67.9, 65.9, 66.00, 67.00, 5804, tse]
[3021, 22.9, 21.8, 21.95, 22.00, 1340, tse]
[3022, 86.8, 83.5, 86.00, 84.10, 10199, tse]
[3023, 346.0, 329.0, 336.50, 336.00, 2469, tse]
[3024, 15.1, 14.65, 14.80, 14.70, 4654, tse]
[3025, 34.95, 32.65, 34.50, 33.00, 61999, tse]
[3026, 108.0, 100.5, 100.50, 106.50, 2907, tse]
[3027, 51.5, 46.4, 47.50, 48.10, 83022, tse]
[3028, 32.65, 32.1, 32.60, 32.35, 2685, tse]
[3029, 59.2, 54.6, 55.40, 56.60, 45911, tse]
[3030, 66.4, 64.0, 64.00, 65.80, 3024, tse]
[3031, 19.45, 18.25, 18.45, 19.10, 1539, tse]
[3032, 53.7, 44.5, 45.50, 53.70, 64924, tse]
[3033, 31.0, 30.0, 30.10, 30.90, 9138, tse]
[3034, 464.0, 443.0, 444.00, 459.00, 24522, tse]
[3035, 203.5, 191.0, 200.50, 194.50, 46901, tse]
[3036, 68.0, 67.0, 67.80, 67.40, 2638, tse]
[3037, 146.0, 138.5, 144.50, 139.00, 61745, tse]
[3038, 28.1, 25.65, 25.80, 27.60, 28778, tse]
[3040, 33.0, 32.7, 32.95, 32.70, 52, tse]
[3041, 21.75, 20.95, 21.10, 21.05, 4699, tse]
[3042, 89.5, 87.6, 88.90, 87.70, 4111, tse]
[3043, 42.4, 37.5, 39.50, 40.50, 1060, tse]
[3044, 116.0, 112.0, 112.50, 116.00, 5331, tse]
[3045, 105.0, 101.5, 101.50, 105.00, 15199, tse]
[3046, 80.0, 69.4, 69.90, 72.30, 53836, tse]
[3047, 17.0, 16.55, 16.90, 16.75, 16749, tse]
[3048, 28.8, 28.4, 28.65, 28.50, 2993, tse]
[3049, 10.9, 9.84, 9.87, 10.65, 28671, tse]
[3050, 16.05, 15.7, 15.85, 15.85, 2148, tse]
[3051, 19.35, 18.95, 19.05, 19.20, 2113, tse]
[3052, 11.25, 10.95, 11.00, 11.20, 3017, tse]
[3054, 19.5, 18.85, 19.05, 18.90, 58, tse]
[3055, 30.9, 28.3, 29.50, 29.60, 1070, tse]
[3056, 49.9, 46.6, 47.30, 48.50, 35397, tse]
[3057, 11.55, 11.1, 11.35, 11.45, 555, tse]
[3058, 17.45, 15.35, 15.45, 17.45, 17667, tse]
[3059, 36.5, 35.1, 35.45, 35.60, 16927, tse]
[3060, 17.75, 17.35, 17.60, 17.45, 1107, tse]
[3062, 23.65, 22.85, 23.30, 23.40, 9460, tse]
[3064, 14.7, 14.1, 14.50, 14.10, 25, otc]
[3066, 25.35, 24.3, 24.80, 24.95, 422, otc]
[3067, 35.7, 32.3, 35.70, 34.55, 23, otc]
[3071, 28.0, 27.15, 27.45, 27.95, 2922, otc]
[3078, 51.3, 43.6, 44.30, 49.35, 62434, otc]
[3081, 142.0, 129.0, 137.00, 129.50, 15250, otc]
[3083, 45.15, 43.65, 44.00, 44.70, 641, otc]
[3085, 21.9, 20.45, 20.70, 21.80, 52, otc]
[3086, 76.9, 74.3, 74.30, 75.20, 55, otc]
[3088, 80.3, 76.2, 76.40, 78.80, 8366, otc]
[3089, 64.0, 54.6, 54.60, 60.10, 217, otc]
[3090, 59.9, 58.6, 58.60, 59.50, 3585, tse]
[3092, 36.6, 34.9, 35.75, 35.90, 2368, tse]
[3093, 39.75, 38.0, 38.20, 39.30, 3304, otc]
[3094, 34.7, 33.0, 33.60, 33.10, 7470, tse]
[3095, 24.6, 20.05, 23.05, 21.55, 294, otc]
[3105, 187.0, 179.5, 179.50, 183.00, 17163, otc]
[3114, 27.8, 27.1, 27.10, 27.70, 488, otc]
[3115, 11.6, 11.15, 11.35, 11.25, 30, otc]
[3118, 31.65, 29.85, 30.20, 31.50, 331, otc]
[3122, 28.2, 27.1, 27.30, 27.40, 1057, otc]
[3128, 43.3, 41.45, 41.80, 41.90, 3025, otc]
[3130, 219.0, 208.5, 209.00, 211.00, 155, tse]
[3131, 321.0, 306.0, 309.00, 311.50, 532, otc]
[3138, 165.0, 159.0, 160.00, 161.50, 2268, tse]
[3141, 114.0, 105.0, 106.50, 108.00, 13484, otc]
[3147, 68.1, 62.4, 62.40, 66.80, 4285, otc]
[3149, 18.55, 18.15, 18.35, 18.45, 1679, tse]
[3152, 244.5, 233.0, 235.50, 234.50, 695, otc]
[3162, 58.6, 54.0, 58.20, 56.10, 30707, otc]
[3163, 56.3, 55.0, 56.00, 55.90, 3537, otc]
[3164, 25.5, 24.0, 24.30, 25.10, 779, tse]
[3167, 45.15, 43.0, 43.30, 43.70, 453, tse]
[3169, 149.5, 122.5, 124.00, 145.00, 24440, otc]
[3171, 18.5, 17.15, 18.40, 17.65, 616, otc]
[3176, 35.95, 33.0, 33.70, 35.25, 2270, otc]
[3178, 92.9, 79.5, 80.50, 86.10, 12543, otc]
[3188, 14.6, 13.8, 13.90, 14.00, 3881, otc]
[3189, 116.5, 113.0, 114.00, 113.50, 12364, tse]
[3191, 8.1, 7.45, 8.04, 7.98, 172, otc]
[3202, 17.65, 16.45, 16.95, 17.10, 5988, otc]
[3205, 42.95, 41.1, 41.85, 41.70, 1286, otc]
[3206, 32.15, 31.6, 31.75, 32.05, 619, otc]
[3207, 80.6, 77.1, 78.00, 79.00, 12492, otc]
[3209, 43.8, 40.65, 41.30, 43.15, 15821, tse]
[3211, 78.5, 76.6, 77.50, 77.80, 2612, otc]
[3213, 53.2, 51.3, 52.90, 51.80, 564, otc]
[3217, 111.0, 107.0, 109.00, 108.00, 7893, otc]
[3218, 414.5, 389.0, 390.00, 394.50, 3962, otc]
[3219, 56.0, 54.0, 55.10, 54.50, 81, otc]
[3221, 30.1, 28.95, 29.15, 29.55, 3275, otc]
[3224, 51.3, 48.75, 48.80, 50.00, 5632, otc]
[3226, 55.0, 53.2, 53.20, 55.00, 18, otc]
[3227, 112.5, 108.0, 110.00, 109.50, 2634, otc]
[3228, 198.0, 182.0, 198.00, 183.50, 4083, otc]
[3229, 21.3, 19.85, 20.30, 20.00, 475, tse]
[3230, 13.6, 12.85, 12.85, 13.15, 1631, otc]
[3231, 45.9, 41.0, 41.30, 43.95, 319551, tse]
[3232, 29.95, 28.8, 29.50, 28.95, 1568, otc]
[3234, 25.3, 24.4, 24.95, 24.70, 1760, otc]
[3236, 31.35, 29.75, 29.90, 30.55, 11865, otc]
[3252, 18.9, 17.85, 18.15, 18.25, 1023, otc]
[3257, 60.2, 55.9, 55.90, 58.20, 1730, tse]
[3259, 21.75, 20.05, 21.75, 20.45, 281, otc]
[3260, 83.0, 77.7, 80.00, 79.10, 30217, otc]
[3264, 58.7, 57.0, 58.00, 57.40, 19368, otc]
[3265, 58.0, 55.9, 58.00, 56.00, 4185, otc]
[3266, 13.2, 12.8, 13.20, 12.90, 995, tse]
[3268, 23.5, 22.9, 23.10, 23.05, 290, otc]
[3272, 51.5, 46.0, 50.10, 46.95, 8210, otc]
[3276, 14.75, 14.15, 14.20, 14.25, 690, otc]
[3284, 15.4, 14.85, 15.00, 15.00, 259, otc]
[3285, 20.75, 19.7, 20.50, 19.90, 225, otc]
[3287, 14.75, 13.9, 14.10, 14.25, 1339, otc]
[3288, 22.65, 21.75, 22.65, 21.80, 15, otc]
[3289, 99.2, 85.5, 87.30, 91.30, 28145, otc]
[3290, 30.75, 28.65, 29.55, 29.20, 15835, otc]
[3293, 555.0, 526.0, 546.00, 551.00, 5005, otc]
[3294, 20.3, 19.1, 19.80, 19.15, 3861, otc]
[3296, 17.5, 16.75, 17.05, 17.35, 2149, tse]
[3297, 19.45, 18.85, 18.90, 19.00, 613, otc]
[3303, 28.0, 27.3, 27.35, 27.70, 642, otc]
[3305, 48.5, 47.35, 47.95, 48.20, 1904, tse]
[3306, 27.4, 24.85, 25.50, 26.10, 2758, otc]
[3308, 29.95, 19.0, 19.10, 29.95, 7421, tse]
[3310, 70.0, 65.4, 68.40, 67.90, 548, otc]
[3311, 35.7, 35.1, 35.50, 35.20, 306, tse]
[3312, 22.25, 21.1, 21.50, 21.65, 7863, tse]
[3313, 10.45, 10.1, 10.10, 10.40, 346, otc]
[3317, 60.8, 57.3, 57.30, 59.40, 4553, otc]
[3321, 6.59, 6.26, 6.53, 6.30, 1237, tse]
[3322, 23.8, 22.6, 23.35, 22.75, 10565, otc]
[3323, 36.3, 33.95, 34.15, 35.50, 2913, otc]
[3324, 255.5, 227.0, 228.00, 247.50, 37797, otc]
[3325, 17.75, 14.4, 14.45, 16.95, 7988, otc]
[3332, 47.45, 45.2, 45.20, 46.90, 169, otc]
[3338, 48.25, 45.95, 46.50, 47.50, 8480, tse]
[3339, 14.4, 13.8, 14.05, 14.05, 688, otc]
[3346, 43.85, 41.05, 42.70, 41.70, 6356, tse]
[3349, 14.3, 13.75, 13.95, 13.80, 127, otc]
[3354, 16.55, 14.85, 16.35, 15.10, 5989, otc]
[3356, 43.2, 40.55, 42.15, 40.55, 7228, tse]
[3357, 111.0, 106.0, 110.00, 108.50, 864, otc]
[3360, 13.95, 13.6, 13.80, 13.75, 446, otc]
[3362, 111.5, 102.0, 104.50, 103.00, 14562, otc]
[3363, 33.7, 27.05, 27.15, 32.85, 35770, otc]
[3372, 12.85, 12.0, 12.10, 12.45, 2074, otc]
[3373, 24.0, 23.7, 23.75, 23.80, 201, otc]
[3374, 108.5, 106.5, 107.50, 106.50, 2899, otc]
[3376, 90.4, 88.2, 88.20, 89.70, 1918, tse]
[3379, 12.7, 12.25, 12.40, 12.65, 472, otc]
[3380, 37.85, 35.65, 35.65, 36.70, 20859, tse]
[3388, 75.5, 74.5, 75.30, 74.60, 197, otc]
[3390, 18.95, 18.35, 18.35, 18.95, 1235, otc]
[3402, 53.9, 51.6, 53.10, 52.70, 2481, otc]
[3406, 397.5, 380.5, 382.00, 389.00, 8021, tse]
[3413, 199.5, 196.0, 197.50, 197.00, 1260, tse]
[3416, 108.5, 101.5, 102.00, 106.50, 2005, tse]
[3419, 19.8, 18.8, 19.00, 19.65, 4707, tse]
[3426, 40.45, 39.0, 39.90, 39.80, 54, otc]
[3430, 54.5, 50.1, 54.50, 51.00, 2814, otc]
[3432, 15.7, 13.65, 13.95, 14.20, 24377, tse]
[3434, 31.2, 29.35, 31.00, 29.40, 1561, otc]
[3437, 20.85, 20.15, 20.55, 20.80, 939, tse]
[3438, 63.3, 60.9, 62.70, 61.00, 1164, otc]
[3441, 51.7, 47.1, 47.60, 48.30, 26135, otc]
[3443, 1120.0, 1030.0, 1,090.00, 1,085.00, 21849, tse]
[3444, 63.1, 61.0, 61.00, 61.80, 1316, otc]
[3447, 68.2, 62.2, 68.20, 64.30, 12001, tse]
[3450, 40.25, 39.5, 39.95, 40.05, 911, tse]
[3454, 261.5, 243.0, 250.50, 248.00, 18524, tse]
[3455, 92.5, 89.9, 92.50, 90.60, 2791, otc]
[3465, 97.5, 90.1, 94.70, 90.40, 329, otc]
[3466, 33.4, 29.85, 31.70, 32.10, 3032, otc]
[3479, 109.5, 95.2, 100.50, 103.50, 39626, otc]
[3481, 15.6, 14.55, 14.65, 15.15, 418965, tse]
[3483, 73.8, 70.1, 71.50, 70.30, 5250, otc]
[3484, 47.25, 43.6, 44.05, 47.15, 4591, otc]
[3489, 11.6, 11.0, 11.00, 11.25, 684, otc]
[3490, 28.45, 27.55, 28.00, 28.05, 1624, otc]
[3491, 188.5, 175.0, 180.00, 177.00, 18512, otc]
[3492, 20.35, 19.8, 19.80, 20.05, 476, otc]
[3494, 8.43, 6.33, 8.43, 7.35, 7986, tse]
[3498, 36.7, 35.35, 35.90, 35.35, 725, otc]
[3499, 25.4, 20.8, 21.10, 22.80, 18988, otc]
[3501, 54.2, 53.0, 53.20, 53.60, 1321, tse]
[3504, 90.3, 86.6, 88.90, 86.90, 3864, tse]
[3508, 36.85, 35.5, 35.80, 35.95, 1765, otc]
[3511, 36.9, 36.1, 36.20, 36.65, 1268, otc]
[3512, 32.9, 31.8, 32.00, 32.85, 720, otc]
[3515, 147.5, 140.0, 141.50, 142.00, 3874, tse]
[3516, 21.3, 18.6, 18.85, 19.25, 1044, otc]
[3518, 30.95, 26.55, 27.00, 30.50, 9622, tse]
[3520, 24.8, 22.8, 24.20, 23.90, 18290, otc]
[3521, 25.4, 23.85, 24.20, 25.35, 3400, otc]
[3522, 13.05, 11.8, 13.05, 12.20, 826, otc]
[3523, 19.6, 18.1, 19.15, 18.10, 263, otc]
[3526, 145.0, 139.5, 141.00, 143.00, 914, otc]
[3527, 122.5, 119.0, 122.00, 120.00, 893, otc]
[3528, 64.4, 58.1, 58.60, 62.10, 1645, tse]
[3529, 2085.0, 1875.0, 1,875.00, 2,045.00, 3314, otc]
[3530, 90.0, 86.4, 89.80, 86.50, 832, tse]
[3531, 28.45, 27.85, 28.40, 28.35, 151, otc]
[3532, 163.5, 157.5, 163.00, 161.50, 5276, tse]
[3533, 960.0, 919.0, 919.00, 932.00, 3183, tse]
[3535, 22.7, 22.25, 22.50, 22.35, 1883, tse]
[3536, 3.24, 2.92, 3.24, 2.92, 709, tse]
[3537, 38.0, 36.85, 37.35, 37.90, 613, otc]
[3540, 44.05, 38.3, 38.60, 42.50, 14104, otc]
[3541, 62.9, 59.2, 59.20, 61.20, 1112, otc]
[3543, 23.25, 20.65, 20.65, 21.50, 1120, tse]
[3545, 92.6, 81.0, 83.00, 89.40, 69517, tse]
[3546, 81.6, 79.4, 80.80, 80.80, 909, otc]
[3548, 69.3, 66.3, 66.80, 67.50, 1281, otc]
[3550, 16.0, 15.0, 15.05, 15.60, 1183, tse]
[3551, 62.4, 61.0, 62.40, 61.40, 286, otc]
[3552, 157.5, 152.0, 153.00, 153.50, 3528, otc]
[3555, 27.95, 26.75, 27.50, 27.50, 22, otc]
[3556, 67.4, 65.8, 66.60, 66.70, 637, otc]
[3557, 67.9, 65.7, 66.60, 66.50, 446, tse]
[3558, 350.0, 308.5, 335.50, 314.50, 21417, otc]
[3563, 194.5, 186.0, 194.50, 186.50, 839, tse]
[3564, 41.1, 38.5, 40.00, 40.50, 1582, otc]
[3567, 29.4, 29.0, 29.20, 29.40, 310, otc]
[3570, 151.0, 119.5, 120.00, 150.50, 2717, otc]
[3576, 21.85, 20.85, 21.05, 21.25, 63170, tse]
[3577, 91.4, 84.5, 85.50, 89.60, 1774, otc]
[3580, 61.0, 59.3, 59.30, 60.30, 1907, otc]
[3581, 23.4, 21.8, 22.00, 23.20, 236, otc]
[3583, 87.4, 84.1, 85.50, 86.00, 3499, tse]
[3587, 195.5, 183.5, 188.50, 192.00, 3109, otc]
[3588, 64.6, 61.4, 63.40, 61.60, 2466, tse]
[3591, 25.1, 22.5, 22.75, 25.10, 14654, tse]
[3592, 433.5, 415.5, 425.50, 419.00, 4370, tse]
[3593, 12.85, 12.45, 12.65, 12.80, 164, tse]
[3594, 57.7, 48.0, 48.90, 54.10, 21863, otc]
[3596, 107.0, 104.5, 106.50, 105.00, 4087, tse]
[3597, 25.9, 25.25, 25.50, 25.35, 149, otc]
[3605, 31.95, 30.9, 31.00, 31.75, 1219, tse]
[3607, 14.4, 13.4, 13.60, 14.15, 2297, tse]
[3609, 45.3, 43.15, 44.20, 43.15, 543, otc]
[3611, 247.5, 241.5, 245.00, 244.50, 569, otc]
[3615, 17.75, 17.15, 17.15, 17.70, 549, otc]
[3617, 138.0, 122.5, 125.00, 132.50, 5067, tse]
[3622, 31.6, 30.4, 30.50, 31.00, 958, tse]
[3623, 16.75, 16.25, 16.30, 16.60, 97, otc]
[3624, 75.8, 69.3, 70.50, 74.50, 44461, otc]
[3625, 15.1, 13.65, 13.70, 14.30, 5004, otc]
[3628, 54.7, 49.1, 49.10, 49.90, 3247, otc]
[3629, 58.7, 49.75, 49.75, 57.40, 272, otc]
[3630, 30.95, 29.65, 29.70, 30.35, 1815, otc]
[3631, 37.35, 34.4, 36.70, 35.85, 390, otc]
[3632, 13.2, 12.4, 12.50, 12.65, 160, otc]
[3645, 36.3, 34.05, 34.10, 35.10, 1441, tse]
[3646, 29.15, 27.25, 27.25, 28.00, 979, otc]
[3652, 34.4, 32.0, 32.85, 33.80, 7927, tse]
[3653, 508.0, 475.0, 483.50, 479.50, 8136, tse]
[3661, 1385.0, 1260.0, 1,265.00, 1,360.00, 22588, tse]
[3663, 36.6, 33.3, 34.20, 34.25, 5129, otc]
[3664, 29.7, 26.9, 29.70, 27.95, 5701, otc]
[3665, 282.0, 270.5, 274.50, 277.00, 5515, tse]
[3666, 25.4, 23.0, 23.25, 23.60, 2445, otc]
[3669, 47.3, 43.9, 44.10, 46.00, 1833, tse]
[3672, 27.9, 27.1, 27.90, 27.80, 81, otc]
[3673, 38.5, 33.7, 33.95, 37.90, 30047, tse]
[3675, 308.0, 285.5, 301.00, 290.00, 4693, otc]
[3679, 90.5, 88.9, 90.00, 89.60, 510, tse]
[3680, 385.0, 355.5, 365.00, 365.50, 19384, otc]
[3682, 6.63, 6.48, 6.51, 6.63, 12234, tse]
[3684, 68.8, 66.1, 66.20, 68.00, 289, otc]
[3685, 21.95, 20.75, 20.75, 21.30, 662, otc]
[3686, 15.75, 15.2, 15.40, 15.45, 1665, tse]
[3687, 89.8, 84.6, 85.70, 87.70, 1228, otc]
[3689, 39.65, 38.1, 38.15, 39.00, 2238, otc]
[3691, 119.0, 113.0, 115.00, 114.00, 2857, otc]
[3693, 182.5, 135.5, 137.50, 180.00, 36269, otc]
[3694, 26.35, 23.15, 24.25, 25.00, 6375, tse]
[3701, 62.6, 51.6, 51.90, 61.40, 24175, tse]
[3702, 50.8, 50.0, 50.50, 50.10, 16185, tse]
[3703, 32.0, 31.15, 31.30, 31.60, 12586, tse]
[3704, 39.35, 37.15, 37.40, 38.80, 15102, tse]
[3705, 44.9, 44.0, 44.45, 44.50, 2694, tse]
[3706, 28.15, 27.4, 27.40, 28.10, 16642, tse]
[3707, 93.0, 88.0, 93.00, 88.40, 11841, otc]
[3708, 109.5, 100.0, 103.00, 107.00, 9735, tse]
[3709, 22.8, 22.5, 22.50, 22.65, 30, otc]
[3710, 12.7, 12.1, 12.20, 12.25, 6910, otc]
[3711, 110.5, 103.0, 110.00, 105.50, 93590, tse]
[3712, 38.15, 35.0, 37.70, 37.70, 21273, tse]
[3713, 28.95, 27.5, 28.90, 27.75, 536, otc]
[3714, 54.7, 51.9, 52.40, 53.80, 22110, tse]
[3715, 25.2, 23.2, 23.60, 23.80, 96762, tse]
[4102, 30.5, 29.15, 29.95, 29.95, 4910, otc]
[4104, 87.6, 80.9, 82.20, 85.50, 3543, tse]
[4105, 79.0, 76.5, 77.50, 78.20, 3930, otc]
[4106, 30.8, 29.2, 29.20, 30.45, 1814, tse]
[4107, 114.0, 112.5, 114.00, 113.50, 470, otc]
[4108, 19.6, 19.05, 19.10, 19.45, 1151, tse]
[4109, 15.35, 14.6, 14.70, 15.10, 1461, otc]
[4111, 31.25, 29.2, 30.65, 30.25, 3768, otc]
[4113, 16.75, 16.0, 16.10, 16.55, 5222, otc]
[4114, 48.75, 45.6, 47.00, 47.45, 55045, otc]
[4116, 62.9, 61.0, 62.90, 62.20, 798, otc]
[4119, 128.5, 119.5, 122.50, 128.50, 3849, tse]
[4120, 38.8, 36.65, 36.95, 38.10, 335, otc]
[4121, 24.7, 23.85, 24.30, 24.45, 2331, otc]
[4123, 48.7, 46.4, 47.25, 48.00, 8957, otc]
[4126, 88.0, 80.5, 85.70, 86.30, 3344, otc]
[4127, 16.4, 15.1, 16.40, 16.00, 1219, otc]
[4128, 70.0, 65.4, 67.90, 66.70, 24598, otc]
[4129, 68.8, 55.0, 56.00, 66.20, 16083, otc]
[4130, 28.6, 26.85, 27.40, 27.95, 5286, otc]
[4131, 26.9, 25.05, 25.05, 26.90, 51, otc]
[4133, 37.45, 36.45, 36.75, 37.25, 1010, tse]
[4137, 233.0, 220.5, 230.50, 222.50, 1630, tse]
[4138, 79.9, 74.5, 75.00, 78.50, 639, otc]
[4139, 38.05, 37.1, 37.40, 37.85, 125, otc]
[4142, 40.95, 39.5, 40.30, 40.45, 6657, tse]
[4147, 111.0, 89.4, 91.80, 103.00, 51025, otc]
[4148, 71.0, 66.2, 70.00, 66.20, 2821, tse]
[4153, 60.9, 53.7, 60.60, 54.20, 9762, otc]
[4154, 33.6, 27.0, 33.60, 29.50, 424, otc]
[4155, 37.95, 33.5, 37.60, 33.95, 14023, tse]
[4157, 15.5, 15.1, 15.40, 15.30, 4755, otc]
[4160, 30.0, 29.2, 29.20, 29.75, 351, otc]
[4161, 30.3, 29.3, 30.20, 29.50, 634, otc]
[4162, 111.5, 106.0, 110.50, 106.00, 9165, otc]
[4163, 135.5, 127.0, 131.50, 134.00, 3873, otc]
[4164, 74.1, 66.1, 70.40, 68.50, 27750, tse]
[4167, 19.7, 18.8, 19.50, 18.95, 6643, otc]
[4168, 34.45, 32.0, 32.30, 32.65, 10209, otc]
[4171, 61.4, 59.2, 61.40, 60.30, 878, otc]
[4173, 20.0, 19.5, 19.60, 19.70, 1106, otc]
[4174, 92.2, 80.5, 81.30, 88.10, 8622, otc]
[4175, 99.6, 92.3, 93.50, 97.70, 1091, otc]
[4183, 19.5, 19.0, 19.00, 19.50, 129, otc]
[4188, 16.2, 15.7, 16.00, 16.05, 191, otc]
[4190, 99.8, 94.0, 94.00, 95.00, 5087, tse]
[4192, 20.0, 18.95, 20.00, 19.35, 386, otc]
[4198, 25.2, 24.3, 24.70, 24.80, 65, otc]
[4205, 106.0, 105.0, 106.00, 106.00, 38, otc]
[4207, 15.5, 14.85, 15.20, 15.20, 6914, otc]
[4303, 17.55, 17.15, 17.40, 17.45, 299, otc]
[4304, 10.5, 9.81, 9.88, 10.15, 428, otc]
[4305, 32.3, 31.8, 32.00, 31.90, 65, otc]
[4306, 16.95, 16.35, 16.60, 16.80, 11268, tse]
[4401, 26.9, 26.5, 26.80, 26.55, 117, otc]
[4402, 11.05, 10.7, 10.75, 10.80, 893, otc]
[4406, 10.45, 10.1, 10.40, 10.15, 340, otc]
[4413, 15.65, 15.25, 15.55, 15.40, 58, otc]
[4416, 88.9, 85.3, 85.30, 88.90, 9, otc]
[4417, 41.0, 40.55, 40.85, 40.70, 845, otc]
[4419, 22.0, 20.5, 20.50, 20.50, 50, otc]
[4420, 29.5, 29.1, 29.40, 29.50, 30, otc]
[4426, 26.2, 25.55, 25.55, 26.15, 1259, tse]
[4430, 23.4, 22.7, 23.40, 23.15, 105, otc]
[4432, 23.35, 22.2, 22.35, 22.90, 1240, otc]
[4433, 38.95, 33.65, 34.60, 38.95, 3533, otc]
[4438, 115.5, 113.5, 113.50, 115.00, 384, tse]
[4439, 122.5, 111.0, 112.00, 116.00, 904, tse]
[4440, 35.4, 34.8, 35.25, 34.90, 605, tse]
[4502, 37.15, 36.75, 36.75, 37.00, 48, otc]
[4503, 57.4, 48.55, 48.70, 55.70, 16204, otc]
[4506, 74.7, 73.2, 74.50, 74.30, 660, otc]
[4510, 12.05, 11.4, 11.50, 11.70, 3542, otc]
[4513, 19.5, 19.0, 19.10, 19.05, 769, otc]
[4523, 40.35, 37.5, 40.35, 38.20, 221, otc]
[4526, 18.45, 17.05, 17.30, 18.40, 5376, tse]
[4527, 31.8, 30.9, 31.05, 31.75, 414, otc]
[4528, 36.05, 32.9, 33.70, 33.10, 511, otc]
[4529, 10.3, 9.94, 10.00, 10.10, 681, otc]
[4530, 6.99, 6.64, 6.99, 6.77, 75, otc]
[4532, 19.25, 18.0, 18.90, 18.15, 7291, tse]
[4533, 11.9, 11.45, 11.50, 11.65, 1403, otc]
[4534, 9.94, 9.66, 9.78, 9.78, 581, otc]
[4535, 39.35, 38.05, 39.00, 39.00, 131, otc]
[4536, 223.0, 207.0, 209.00, 215.00, 8946, tse]
[4538, 21.2, 20.7, 20.90, 20.85, 95, otc]
[4540, 43.95, 41.85, 42.20, 42.90, 1328, tse]
[4541, 43.75, 34.6, 35.85, 40.10, 59132, otc]
[4542, 29.6, 27.5, 27.60, 28.20, 140, otc]
[4543, 29.7, 27.0, 27.25, 29.70, 3755, otc]
[4545, 33.85, 31.2, 31.30, 33.10, 1303, tse]
[4549, 94.8, 92.9, 93.50, 94.00, 471, otc]
[4550, 32.7, 30.7, 31.40, 32.55, 2298, otc]
[4551, 144.0, 140.0, 142.50, 143.00, 1986, tse]
[4552, 34.3, 32.05, 32.10, 33.90, 1995, tse]
[4554, 29.6, 27.8, 29.60, 28.50, 367, otc]
[4555, 49.05, 48.0, 48.75, 49.00, 352, tse]
[4556, 31.5, 30.95, 31.50, 31.20, 58, otc]
[4557, 114.0, 110.0, 110.00, 111.00, 450, tse]
[4558, 32.15, 28.95, 29.80, 29.05, 688, otc]
[4560, 39.6, 39.05, 39.40, 39.35, 429, tse]
[4561, 22.75, 22.2, 22.40, 22.70, 179, otc]
[4562, 17.3, 16.25, 16.35, 16.55, 1049, tse]
[4563, 40.6, 39.0, 39.40, 40.20, 395, otc]
[4564, 24.35, 23.5, 23.60, 24.10, 3400, tse]
[4566, 57.3, 54.9, 55.40, 55.50, 5319, tse]
[4568, 64.5, 62.1, 63.00, 63.70, 105, otc]
[4571, 80.0, 78.1, 78.50, 79.80, 112, tse]
[4572, 163.0, 142.0, 144.50, 153.50, 11974, tse]
[4576, 83.0, 78.5, 79.00, 80.20, 621, tse]
[4577, 31.55, 30.25, 31.35, 30.90, 331, otc]
[4580, 98.8, 90.5, 91.20, 94.90, 1768, otc]
[4581, 54.9, 47.5, 48.90, 52.20, 1660, tse]
[4583, 227.0, 215.0, 216.00, 220.50, 470, tse]
[4584, 51.6, 50.6, 50.90, 51.00, 103, otc]
[4609, 8.36, 7.37, 7.89, 8.36, 185, otc]
[4702, 14.75, 13.85, 14.70, 14.40, 1496, otc]
[4706, 17.4, 17.05, 17.30, 17.35, 83, otc]
[4707, 13.15, 12.85, 12.95, 12.90, 2534, otc]
[4711, 15.3, 14.9, 15.15, 15.05, 446, otc]
[4712, 5.04, 4.53, 5.04, 4.58, 155, otc]
[4714, 11.4, 11.0, 11.30, 11.10, 1123, otc]
[4716, 12.75, 12.45, 12.60, 12.55, 702, otc]
[4720, 14.8, 14.1, 14.20, 14.50, 1568, tse]
[4721, 110.0, 106.0, 106.00, 109.50, 2320, otc]
[4722, 36.0, 35.2, 35.90, 35.30, 248, tse]
[4726, 40.45, 38.9, 39.75, 39.80, 3012, otc]
[4728, 177.0, 143.0, 144.00, 177.00, 2300, otc]
[4729, 18.4, 16.35, 16.40, 17.90, 860, otc]
[4735, 39.45, 38.4, 38.75, 39.15, 178, otc]
[4736, 189.0, 186.0, 187.00, 187.00, 1451, otc]
[4737, 78.0, 76.0, 76.00, 76.40, 202, tse]
[4739, 100.5, 97.5, 98.40, 99.90, 3045, tse]
[4741, 27.8, 27.0, 27.30, 27.30, 71, otc]
[4743, 287.0, 266.0, 273.00, 274.50, 25472, otc]
[4744, 37.3, 33.05, 34.75, 36.75, 8216, otc]
[4745, 27.4, 26.6, 26.85, 27.15, 297, otc]
[4746, 88.5, 83.7, 84.80, 85.40, 28074, tse]
[4747, 60.3, 51.4, 52.70, 57.10, 7409, otc]
[4754, 41.4, 38.7, 38.75, 40.75, 367, otc]
[4755, 132.5, 128.0, 130.00, 131.00, 1232, tse]
[4760, 68.0, 61.9, 63.10, 65.00, 903, otc]
[4763, 471.0, 400.0, 406.50, 471.00, 8581, tse]
[4764, 55.0, 52.3, 53.70, 53.00, 120, tse]
[4766, 151.5, 147.5, 148.50, 150.50, 773, tse]
[4767, 27.3, 26.95, 27.00, 27.10, 49, otc]
[4768, 189.5, 181.5, 182.50, 184.00, 2470, otc]
[4770, 311.5, 287.0, 311.00, 298.00, 4077, tse]
[4804, 8.04, 5.87, 8.04, 6.25, 3459, otc]
[4807, 21.15, 20.35, 20.35, 20.95, 167, tse]
[4903, 21.85, 20.85, 21.00, 20.85, 1584, otc]
[4904, 78.1, 75.2, 75.70, 78.10, 14424, tse]
[4905, 51.5, 50.0, 51.40, 51.00, 60, otc]
[4906, 32.0, 30.35, 31.25, 31.65, 27345, tse]
[4907, 35.45, 32.9, 32.90, 34.95, 732, otc]
[4908, 34.9, 33.05, 33.25, 34.10, 3760, otc]
[4909, 18.9, 17.65, 17.90, 18.20, 1073, otc]
[4911, 67.0, 62.8, 63.60, 65.10, 1349, otc]
[4912, 77.4, 75.3, 77.20, 77.00, 199, tse]
[4915, 61.5, 60.4, 60.90, 60.80, 11823, tse]
[4916, 36.05, 32.6, 33.40, 35.05, 31466, tse]
[4919, 152.0, 146.0, 149.00, 148.50, 16833, tse]
[4923, 65.5, 61.5, 64.40, 62.00, 1179, otc]
[4924, 13.3, 13.0, 13.00, 13.20, 261, otc]
[4927, 63.6, 58.5, 59.80, 61.70, 18512, tse]
[4930, 26.7, 25.45, 26.60, 26.60, 1129, tse]
[4931, 47.6, 45.4, 47.50, 45.40, 5703, otc]
[4933, 35.5, 34.7, 34.70, 35.40, 161, otc]
[4934, 32.65, 31.35, 32.40, 31.70, 10685, tse]
[4935, 60.4, 59.1, 60.30, 59.80, 660, tse]
[4938, 70.8, 69.5, 70.40, 70.20, 22138, tse]
[4939, 16.65, 16.3, 16.50, 16.55, 446, otc]
[4942, 38.2, 37.55, 38.05, 38.05, 689, tse]
[4943, 10.6, 9.0, 9.01, 10.30, 3360, tse]
[4944, 12.95, 12.25, 12.60, 12.85, 54, otc]
[4945, 51.5, 49.8, 51.50, 49.95, 138, otc]
[4946, 40.6, 26.5, 40.10, 32.00, 1091, otc]
[4950, 17.8, 17.0, 17.00, 17.80, 2890, otc]
[4951, 67.4, 62.5, 66.00, 63.00, 1945, otc]
[4952, 58.3, 57.1, 57.40, 57.30, 1006, tse]
[4953, 125.5, 116.5, 117.50, 121.50, 13793, otc]
[4956, 17.25, 16.75, 17.00, 17.20, 1242, tse]
[4958, 114.5, 111.5, 113.00, 113.00, 14350, tse]
[4960, 13.3, 12.55, 12.65, 12.65, 42994, tse]
[4961, 183.5, 169.5, 174.50, 182.50, 33987, tse]
[4966, 1120.0, 1030.0, 1,065.00, 1,085.00, 7415, otc]
[4967, 79.8, 70.5, 72.60, 79.80, 100335, tse]
[4968, 171.0, 149.0, 150.00, 171.00, 98138, tse]
[4971, 69.5, 62.4, 65.00, 66.30, 5300, otc]
[4972, 30.8, 29.8, 30.80, 29.95, 217, otc]
[4973, 30.1, 27.05, 29.00, 27.10, 6566, otc]
[4974, 71.3, 70.0, 70.50, 70.70, 1006, otc]
[4976, 51.6, 48.8, 51.00, 48.85, 6236, tse]
[4977, 126.0, 119.0, 124.00, 119.00, 20107, tse]
[4979, 55.8, 49.9, 50.60, 52.70, 92935, otc]
[4987, 60.6, 59.6, 60.30, 60.60, 85, otc]
[4989, 28.8, 26.85, 28.70, 27.25, 2119, tse]
[4991, 36.55, 34.4, 35.35, 34.95, 343, otc]
[4994, 48.4, 47.1, 48.10, 47.25, 458, tse]
[4995, 52.8, 51.2, 51.50, 51.80, 765, otc]
[4999, 38.55, 37.45, 37.45, 38.25, 157, tse]
[5007, 52.5, 51.9, 52.00, 52.50, 168, tse]
[5009, 63.2, 52.4, 52.50, 58.80, 181009, otc]
[5011, 30.4, 28.1, 28.10, 28.85, 10846, otc]
[5013, 36.5, 35.35, 35.50, 36.15, 87, otc]
[5014, 17.35, 16.95, 17.10, 17.05, 2830, otc]
[5015, 57.0, 56.3, 56.60, 56.60, 1141, otc]
[5016, 30.95, 30.0, 30.20, 30.80, 71, otc]
[5201, 28.1, 26.5, 27.25, 27.45, 373, otc]
[5202, 16.8, 15.1, 15.10, 15.85, 1910, otc]
[5203, 104.5, 98.3, 102.00, 101.50, 6332, tse]
[5205, 37.8, 36.05, 36.20, 36.50, 7, otc]
[5206, 19.4, 18.8, 18.95, 19.00, 1568, otc]
[5209, 156.5, 128.0, 128.00, 156.50, 3799, otc]
[5210, 18.5, 17.0, 17.80, 17.50, 1135, otc]
[5211, 31.35, 28.35, 28.70, 31.35, 7300, otc]
[5212, 51.7, 49.3, 50.70, 51.60, 205, otc]
[5213, 27.05, 25.5, 27.05, 26.70, 1435, otc]
[5215, 51.0, 47.55, 47.55, 49.25, 438, tse]
[5220, 31.25, 30.65, 31.15, 30.90, 105, otc]
[5222, 205.5, 183.0, 197.00, 195.00, 41845, tse]
[5223, 41.5, 40.45, 41.15, 40.80, 316, otc]
[5225, 38.65, 37.1, 38.00, 37.20, 3518, tse]
[5227, 72.0, 66.5, 69.50, 66.60, 4463, otc]
[5228, 23.85, 22.7, 23.20, 22.90, 268, otc]
[5230, 23.1, 22.75, 23.10, 22.80, 683, otc]
[5234, 95.9, 85.7, 85.80, 88.40, 4172, tse]
[5236, 92.3, 89.4, 92.30, 90.10, 1015, otc]
[5243, 67.9, 65.6, 66.00, 66.90, 12465, tse]
[5244, 32.5, 31.45, 32.50, 31.90, 365, tse]
[5245, 53.3, 50.7, 51.20, 51.90, 627, otc]
[5251, 24.65, 23.8, 24.00, 24.35, 649, otc]
[5258, 93.2, 86.0, 86.00, 92.80, 45831, tse]
[5263, 128.5, 122.0, 126.00, 127.00, 1665, otc]
[5269, 1345.0, 1185.0, 1,190.00, 1,335.00, 5660, tse]
[5272, 32.9, 30.6, 31.65, 31.50, 1678, otc]
[5274, 2940.0, 2755.0, 2,790.00, 2,755.00, 2649, otc]
[5276, 15.95, 15.2, 15.30, 15.95, 30, otc]
[5278, 180.5, 178.5, 179.00, 179.50, 61, otc]
[5281, 17.85, 16.65, 17.70, 17.50, 197, otc]
[5283, 110.0, 109.0, 110.00, 110.00, 211, tse]
[5284, 129.5, 117.5, 118.00, 123.50, 29151, tse]
[5285, 89.5, 83.9, 89.50, 84.00, 3843, tse]
[5287, 211.5, 205.0, 208.00, 205.00, 331, otc]
[5288, 181.5, 178.0, 179.50, 180.00, 205, tse]
[5289, 330.0, 300.0, 303.50, 315.00, 16054, otc]
[5291, 36.05, 34.6, 34.90, 35.20, 452, otc]
[5299, 146.5, 134.0, 134.00, 140.00, 2633, otc]
[5301, 12.9, 11.5, 12.90, 11.75, 510, otc]
[5302, 9.18, 8.9, 9.05, 9.02, 697, otc]
[5306, 150.5, 142.5, 142.50, 146.00, 1280, tse]
[5309, 48.5, 44.5, 45.40, 45.00, 55636, otc]
[5310, 25.2, 24.2, 24.50, 25.10, 140, otc]
[5312, 66.2, 65.1, 65.30, 65.70, 417, otc]
[5314, 28.85, 23.3, 23.30, 27.60, 1799, otc]
[5315, 23.55, 22.9, 23.05, 23.15, 4140, otc]
[5321, 93.5, 85.9, 86.50, 91.10, 3366, otc]
[5324, 9.04, 8.84, 8.91, 8.94, 271, otc]
[5328, 15.3, 12.5, 12.55, 15.10, 24414, otc]
[5340, 49.5, 45.6, 47.15, 45.90, 2629, otc]
[5344, 17.95, 17.2, 17.60, 17.40, 321, otc]
[5345, 5.57, 5.1, 5.22, 5.20, 63, otc]
[5347, 96.2, 93.5, 96.00, 94.60, 18110, otc]
[5348, 10.4, 9.0, 9.01, 9.94, 130, otc]
[5351, 49.6, 46.3, 47.35, 46.75, 50754, otc]
[5353, 53.0, 43.4, 44.30, 50.90, 41647, otc]
[5355, 8.09, 7.08, 7.10, 7.80, 2461, otc]
[5356, 22.1, 21.8, 21.90, 21.95, 280, otc]
[5364, 27.5, 26.0, 27.30, 26.80, 268, otc]
[5371, 78.2, 67.6, 68.00, 78.20, 22469, otc]
[5381, 18.55, 14.85, 15.00, 18.50, 9012, otc]
[5383, 31.2, 29.7, 30.00, 29.90, 566, otc]
[5386, 43.8, 39.95, 41.00, 41.45, 1499, otc]
[5388, 95.0, 87.7, 94.30, 88.60, 28861, tse]
[5392, 21.6, 21.15, 21.45, 21.40, 1027, otc]
[5398, 17.85, 16.2, 16.70, 17.35, 629, otc]
[5403, 100.0, 88.8, 89.00, 98.40, 3528, otc]
[5410, 36.2, 34.35, 34.35, 35.90, 2503, otc]
[5425, 113.0, 104.0, 105.00, 104.00, 70461, otc]
[5426, 13.65, 12.85, 13.00, 13.05, 2696, otc]
[5432, 32.5, 27.05, 27.15, 29.70, 1144, otc]
[5434, 193.5, 189.0, 189.50, 192.00, 1493, tse]
[5438, 18.9, 18.2, 18.20, 18.35, 165, otc]
[5439, 71.5, 66.4, 67.70, 67.40, 12909, otc]
[5443, 29.2, 28.55, 28.90, 28.95, 1215, otc]
[5450, 23.35, 22.0, 22.40, 22.30, 1582, otc]
[5452, 22.55, 21.15, 21.25, 21.95, 6021, otc]
[5455, NaN, NaN, NaN, NaN, 0, otc]
[5457, 59.5, 57.4, 57.90, 58.20, 5485, otc]
[5460, 11.35, 11.15, 11.35, 11.20, 183, otc]
[5464, 33.5, 28.95, 29.25, 32.20, 8912, otc]
[5465, 38.45, 28.5, 28.85, 35.80, 38868, otc]
[5468, 17.1, 16.8, 16.95, 16.95, 148, otc]
[5469, 39.45, 37.55, 37.60, 38.25, 19034, tse]
[5471, 55.4, 53.5, 54.60, 54.00, 1839, tse]
[5474, 91.6, 88.5, 88.50, 89.00, 361, otc]
[5475, 17.75, 15.0, 15.50, 16.90, 8523, otc]
[5478, 97.9, 92.0, 93.70, 97.00, 2354, otc]
[5481, 12.75, 12.5, 12.65, 12.75, 444, otc]
[5483, 159.0, 154.0, 157.50, 155.50, 13414, otc]
[5484, 18.3, 15.8, 15.80, 17.70, 2693, tse]
[5487, 25.9, 24.8, 25.20, 25.20, 68, otc]
[5488, 13.25, 10.95, 11.00, 12.80, 11199, otc]
[5489, 38.9, 37.9, 38.00, 38.60, 601, otc]
[5490, 25.6, 24.9, 25.45, 24.90, 541, otc]
[5493, 53.4, 53.0, 53.40, 53.40, 21, otc]
[5498, 11.3, 10.8, 10.95, 10.90, 4941, otc]
[5508, 65.4, 62.2, 62.20, 65.10, 1375, otc]
[5511, 35.3, 33.7, 34.10, 34.90, 763, otc]
[5512, 10.25, 9.76, 9.77, 10.05, 15491, otc]
[5514, 18.2, 17.7, 17.75, 18.20, 32, otc]
[5515, 13.15, 12.85, 12.90, 13.05, 1171, tse]
[5516, 26.7, 25.2, 25.50, 26.40, 510, otc]
[5519, 25.05, 24.15, 24.30, 24.85, 3875, tse]
[5520, 61.6, 56.7, 61.50, 56.80, 175, otc]
[5521, 8.13, 7.37, 7.63, 8.04, 13212, tse]
[5522, 58.6, 57.8, 57.90, 58.30, 2513, tse]
[5523, 26.7, 25.05, 26.45, 25.05, 540, otc]
[5525, 27.3, 26.75, 27.05, 27.00, 556, tse]
[5529, 12.25, 10.7, 11.10, 11.95, 829, otc]
[5530, 39.3, 38.15, 39.10, 38.30, 2299, otc]
[5531, 10.15, 9.51, 9.72, 10.15, 11720, tse]
[5533, 18.7, 18.4, 18.40, 18.60, 1202, tse]
[5534, 80.8, 79.1, 79.10, 80.00, 2130, tse]
[5536, 144.0, 137.5, 139.00, 142.00, 2683, otc]
[5538, 42.9, 41.9, 42.50, 41.90, 81, tse]
[5543, 50.8, 47.0, 50.80, 50.00, 117, otc]
[5546, 41.0, 40.05, 40.85, 40.70, 204, tse]
[5601, 43.6, 40.75, 41.30, 41.20, 174, otc]
[5603, 22.4, 21.3, 21.30, 21.95, 1437, otc]
[5604, 49.9, 49.0, 49.20, 49.45, 120, otc]
[5607, 72.4, 68.0, 68.40, 72.00, 4995, tse]
[5608, 27.7, 26.65, 27.70, 27.10, 15318, tse]
[5609, 87.4, 86.1, 86.10, 87.20, 1579, otc]
[5701, 3.78, 3.6, 3.78, 3.70, 2716, otc]
[5703, 22.2, 21.25, 22.00, 22.10, 256, otc]
[5704, 60.3, 54.4, 58.70, 58.40, 1956, otc]
[5706, 68.0, 62.5, 62.80, 66.40, 13346, tse]
[5864, 15.35, 14.05, 14.15, 15.35, 3859, otc]
[5871, 233.5, 223.0, 224.00, 233.50, 13747, tse]
[5876, 47.5, 46.55, 46.55, 47.50, 10830, tse]
[5878, 49.5, 48.0, 48.05, 49.50, 12, otc]
[5880, 26.7, 26.2, 26.20, 26.60, 27622, tse]
[5902, 40.85, 36.25, 36.25, 37.70, 1106, otc]
[5903, 220.5, 217.5, 220.50, 218.00, 144, otc]
[5904, 605.0, 577.0, 582.00, 590.00, 1777, otc]
[5905, 12.25, 11.75, 11.90, 11.95, 5693, otc]
[5906, 37.2, 34.8, 35.55, 35.60, 20, tse]
[5907, 15.8, 15.3, 15.45, 15.50, 763, tse]
[6005, 13.7, 12.05, 12.05, 13.70, 35252, tse]
[6015, 10.15, 9.8, 9.88, 10.15, 4250, otc]
[6016, 11.75, 11.05, 11.65, 11.40, 9725, otc]
[6020, 18.9, 18.7, 18.80, 18.90, 62, otc]
[6021, 17.3, 17.05, 17.30, 17.20, 18, otc]
[6023, 51.1, 50.3, 50.30, 51.10, 501, otc]
[6024, 44.65, 43.1, 43.60, 44.10, 2565, tse]
[6026, 12.0, 10.65, 10.65, 11.95, 14333, otc]
[6101, 51.4, 47.0, 49.10, 50.40, 2514, otc]
[6103, 44.35, 37.25, 40.95, 44.35, 12, otc]
[6104, 130.0, 122.0, 127.00, 123.00, 16585, otc]
[6108, 17.6, 17.3, 17.60, 17.45, 339, tse]
[6109, 18.85, 17.9, 18.30, 18.10, 6730, otc]
[6111, 68.3, 62.7, 63.10, 67.50, 12531, otc]
[6112, 45.3, 41.9, 41.90, 43.85, 15475, tse]
[6113, 18.25, 17.7, 17.70, 17.75, 1115, otc]
[6114, 24.85, 23.6, 23.80, 23.95, 464, otc]
[6115, 45.25, 44.95, 45.00, 45.20, 606, tse]
[6116, 13.3, 12.7, 12.80, 13.20, 51606, tse]
[6117, 15.65, 14.75, 15.10, 14.85, 1068, tse]
[6118, 38.45, 36.1, 37.95, 36.10, 4227, otc]
[6120, 11.2, 10.45, 10.80, 11.15, 10099, tse]
[6121, 320.0, 308.0, 308.50, 315.00, 4693, otc]
[6122, 34.75, 28.05, 28.05, 33.00, 59610, otc]
[6123, 75.5, 68.4, 68.50, 75.00, 1928, otc]
[6124, 27.9, 27.0, 27.70, 27.00, 315, otc]
[6125, 32.2, 29.95, 30.20, 31.20, 29851, otc]
[6126, 24.0, 23.05, 23.10, 23.55, 2911, otc]
[6127, 24.35, 18.7, 18.80, 24.10, 21223, otc]
[6128, 35.55, 34.4, 35.00, 34.45, 1575, tse]
[6129, 37.4, 35.15, 35.65, 36.40, 19161, otc]
[6130, 36.0, 34.75, 35.45, 35.85, 186, otc]
[6133, 24.0, 22.8, 24.00, 22.85, 13910, tse]
[6134, 26.7, 24.1, 25.35, 24.65, 5953, otc]
[6136, 19.05, 18.85, 19.00, 19.00, 544, tse]
[6138, 172.0, 159.5, 159.50, 165.00, 23637, otc]
[6139, 48.55, 46.7, 47.95, 46.85, 9179, tse]
[6140, 23.55, 20.25, 20.65, 23.55, 10976, otc]
[6141, 19.1, 18.8, 18.95, 18.85, 183, tse]
[6142, 15.05, 13.1, 13.30, 14.70, 22848, tse]
[6143, 106.0, 96.7, 104.50, 99.50, 10980, otc]
[6144, 14.8, 13.85, 14.50, 14.30, 8, otc]
[6146, 283.0, 264.0, 277.00, 265.50, 2767, otc]
[6147, 69.9, 67.5, 68.70, 69.50, 15450, otc]
[6148, 26.85, 20.0, 20.20, 26.85, 39321, otc]
[6150, 81.7, 76.5, 78.20, 76.80, 4798, otc]
[6151, 28.95, 28.3, 28.50, 28.70, 227, otc]
[6152, 12.6, 11.2, 11.25, 12.35, 16856, tse]
[6153, 24.5, 23.7, 23.90, 24.15, 5595, tse]
[6154, 17.0, 16.5, 16.70, 16.80, 354, otc]
[6155, 28.7, 27.35, 28.70, 27.75, 4419, tse]
[6156, 23.3, 21.7, 22.20, 22.45, 13301, otc]
[6158, 28.85, 25.15, 25.20, 28.00, 2177, otc]
[6160, 31.8, 28.5, 29.80, 29.25, 19726, otc]
[6161, 34.3, 33.15, 33.20, 33.90, 2887, otc]
[6163, 25.45, 20.15, 20.80, 24.40, 96117, otc]
[6164, 12.15, 11.7, 11.85, 11.95, 2821, tse]
[6165, 30.55, 29.85, 29.90, 30.10, 727, tse]
[6166, 64.2, 61.7, 62.40, 62.10, 629, tse]
[6167, 15.55, 13.65, 13.80, 15.25, 13776, otc]
[6168, 25.95, 24.8, 25.80, 25.85, 7484, tse]
[6169, 19.35, 19.0, 19.15, 19.10, 159, otc]
[6170, 41.3, 40.1, 40.50, 40.25, 1094, otc]
[6171, 22.95, 22.65, 22.95, 22.80, 282, otc]
[6173, 42.85, 39.9, 39.90, 41.65, 5462, otc]
[6174, 29.55, 29.05, 29.15, 29.25, 579, otc]
[6175, 41.0, 37.7, 37.70, 40.00, 6650, otc]
[6176, 118.0, 109.5, 112.00, 112.00, 19643, tse]
[6177, 33.45, 32.25, 33.45, 32.30, 3204, tse]
[6179, 33.05, 27.6, 27.95, 31.95, 17143, otc]
[6180, 74.5, 72.6, 73.60, 74.30, 6242, otc]
[6182, 48.8, 46.55, 48.10, 46.70, 25619, otc]
[6183, 65.3, 63.4, 65.30, 63.40, 210, tse]
[6184, 50.9, 50.1, 50.30, 50.70, 111, tse]
[6185, 17.85, 16.35, 16.50, 17.80, 8390, otc]
[6186, 42.55, 41.85, 42.20, 42.45, 1292, otc]
[6187, 69.9, 66.8, 67.90, 66.80, 1745, otc]
[6188, 60.6, 56.7, 57.70, 57.40, 19477, otc]
[6189, 42.15, 41.7, 41.85, 41.95, 1435, tse]
[6190, 32.4, 31.6, 31.85, 31.90, 3616, otc]
[6191, 34.5, 33.65, 34.10, 34.10, 14811, tse]
[6192, 77.0, 75.1, 75.50, 76.10, 699, tse]
[6194, 28.3, 25.85, 26.10, 27.00, 6180, otc]
[6195, 47.05, 46.1, 47.00, 46.60, 275, otc]
[6196, 139.0, 132.5, 134.50, 134.00, 5300, tse]
[6197, 57.2, 50.8, 53.70, 56.80, 15349, tse]
[6198, 21.95, 21.0, 21.95, 21.00, 47, otc]
[6199, 18.8, 18.0, 18.00, 18.65, 69, otc]
[6201, 43.55, 43.0, 43.00, 43.45, 209, tse]
[6202, 75.4, 74.0, 74.40, 74.40, 2935, tse]
[6203, 73.7, 64.0, 65.30, 73.50, 5830, otc]
[6204, 60.3, 54.9, 55.10, 58.60, 217, otc]
[6205, 81.2, 76.5, 79.70, 80.10, 9619, tse]
[6206, 73.4, 72.5, 72.90, 73.00, 1230, tse]
[6207, 29.0, 28.0, 28.00, 28.50, 749, otc]
[6208, 55.6, 53.4, 55.50, 54.30, 1467, otc]
[6209, 34.2, 28.9, 29.20, 33.45, 37012, tse]
[6210, 36.85, 34.65, 36.00, 35.80, 61, otc]
[6212, 49.0, 49.0, 49.00, 49.00, 13, otc]
[6213, 79.5, 75.9, 76.80, 77.90, 6185, tse]
[6214, 80.9, 79.0, 79.20, 80.60, 1645, tse]
[6215, 27.8, 26.7, 27.00, 27.25, 1290, tse]
[6216, 27.25, 26.5, 27.25, 26.80, 1369, tse]
[6217, 48.5, 44.6, 45.00, 47.30, 19735, otc]
[6218, 20.3, 18.4, 18.65, 19.80, 1761, otc]
[6219, 11.3, 11.05, 11.20, 11.15, 694, otc]
[6220, 29.3, 28.3, 29.05, 28.60, 7658, otc]
[6221, 64.3, 62.7, 62.70, 64.20, 231, otc]
[6222, 16.2, 14.65, 16.20, 14.65, 176, otc]
[6223, 144.0, 132.0, 135.00, 140.00, 30471, otc]
[6224, 70.5, 65.5, 66.50, 68.70, 1386, tse]
[6225, 10.6, 9.03, 9.74, 10.60, 270, tse]
[6226, 12.8, 12.15, 12.20, 12.55, 3050, tse]
[6227, 51.5, 49.9, 49.90, 50.30, 984, otc]
[6228, 13.95, 13.3, 13.65, 13.60, 173, otc]
[6229, 32.0, 27.8, 28.35, 30.65, 4511, otc]
[6230, 170.0, 147.0, 152.00, 164.50, 1556, tse]
[6231, 138.0, 123.5, 129.50, 124.00, 11862, otc]
[6233, 29.5, 26.45, 27.00, 28.05, 12915, otc]
[6234, 30.0, 23.6, 24.40, 29.20, 41480, otc]
[6235, 94.9, 79.5, 80.60, 94.90, 231151, tse]
[6236, 22.6, 20.0, 21.50, 20.15, 72, otc]
[6237, 53.2, 49.2, 50.80, 49.20, 4252, otc]
[6239, 94.0, 91.6, 91.80, 93.60, 14412, tse]
[6240, 28.0, 23.2, 23.65, 26.20, 2145, otc]
[6241, 14.6, 14.05, 14.05, 14.10, 394, otc]
[6242, 69.1, 62.7, 62.70, 67.70, 1650, otc]
[6243, 39.9, 36.75, 36.75, 38.05, 3892, tse]
[6244, 39.7, 36.2, 36.50, 36.70, 81593, otc]
[6245, 123.5, 108.0, 122.50, 111.50, 30447, otc]
[6246, 14.1, 13.65, 13.80, 14.10, 209, otc]
[6248, 36.5, 29.55, 30.05, 35.10, 33572, otc]
[6257, 55.9, 55.2, 55.60, 55.50, 6395, tse]
[6259, 23.0, 22.25, 22.60, 22.50, 36, otc]
[6261, 68.0, 67.0, 67.40, 67.50, 982, otc]
[6263, 127.0, 112.5, 114.50, 122.00, 2096, otc]
[6264, 8.16, 7.72, 7.99, 7.97, 1187, otc]
[6265, 11.1, 10.4, 10.55, 10.65, 2793, otc]
[6266, 48.0, 39.7, 40.05, 46.55, 78416, otc]
[6269, 99.2, 97.5, 98.50, 97.90, 4969, tse]
[6270, 23.35, 22.5, 22.90, 23.30, 1112, otc]
[6271, 200.0, 193.5, 199.00, 194.00, 5134, tse]
[6274, 72.9, 66.7, 70.70, 69.20, 28035, otc]
[6275, 34.7, 32.75, 33.00, 34.35, 3769, otc]
[6276, 24.5, 20.7, 21.00, 22.85, 4345, otc]
[6277, 85.7, 83.9, 84.00, 85.30, 1225, tse]
[6278, 103.0, 95.9, 97.30, 102.50, 12182, tse]
[6279, 148.0, 142.5, 145.50, 146.50, 6157, otc]
[6281, 84.4, 83.7, 83.90, 83.90, 148, tse]
[6282, 39.95, 38.15, 39.00, 38.20, 43019, tse]
[6283, 35.65, 34.15, 34.25, 35.30, 1508, tse]
[6284, 64.8, 57.0, 57.00, 60.60, 9915, otc]
[6285, 102.0, 95.9, 102.00, 99.20, 54812, tse]
[6287, 25.6, 23.5, 24.25, 23.70, 51, otc]
[6288, 33.3, 31.3, 32.35, 31.80, 35037, tse]
[6290, 72.0, 68.2, 68.60, 70.50, 23456, otc]
[6291, 151.0, 142.5, 143.50, 146.50, 125, otc]
[6292, 45.1, 44.0, 44.55, 44.85, 158, otc]
[6294, 121.0, 110.0, 120.00, 111.00, 913, otc]
[6404, 22.75, 20.8, 22.25, 21.55, 37, otc]
[6405, 23.1, 21.05, 21.05, 22.90, 579, tse]
[6409, 1870.0, 1715.0, 1,765.00, 1,835.00, 815, tse]
[6411, 127.5, 121.0, 122.00, 121.00, 6125, otc]
[6412, 81.8, 79.3, 81.00, 80.80, 1726, tse]
[6414, 261.5, 252.0, 260.00, 256.50, 6264, tse]
[6415, 500.0, 481.5, 483.50, 498.00, 8092, tse]
[6416, 117.0, 106.0, 117.00, 106.50, 5001, tse]
[6417, 162.5, 144.0, 146.00, 154.00, 8167, otc]
[6418, 19.1, 17.7, 17.75, 18.05, 6134, otc]
[6419, 37.95, 36.5, 37.95, 37.40, 24, otc]
[6425, 20.65, 20.2, 20.55, 20.50, 142, otc]
[6426, 66.0, 63.5, 65.30, 65.20, 548, tse]
[6431, 22.35, 20.7, 22.30, 21.00, 294, tse]
[6432, 38.9, 35.75, 36.70, 38.00, 1470, otc]
[6435, 112.0, 108.5, 108.50, 109.50, 2578, otc]
[6438, 108.5, 104.0, 105.50, 106.00, 3089, tse]
[6441, 64.8, 61.4, 62.00, 62.00, 2674, otc]
[6442, 55.1, 53.2, 54.90, 53.50, 1626, tse]
[6443, 40.3, 38.45, 39.10, 38.80, 73949, tse]
[6446, 443.5, 421.5, 435.50, 421.50, 12009, otc]
[6449, 55.0, 52.8, 53.70, 53.80, 425, tse]
[6451, 85.9, 83.0, 85.00, 84.40, 1642, tse]
[6456, 84.7, 81.8, 82.60, 83.80, 5114, tse]
[6457, 62.5, 60.3, 60.50, 60.60, 346, otc]
[6461, 37.7, 33.85, 36.45, 36.10, 15238, otc]
[6462, 90.6, 85.7, 87.00, 87.50, 1787, otc]
[6464, 90.4, 89.1, 90.20, 90.20, 27, tse]
[6465, 25.5, 17.95, 18.25, 25.45, 3096, otc]
[6469, 401.5, 365.5, 368.00, 393.00, 1940, otc]
[6470, 69.0, 65.5, 68.60, 66.00, 6593, otc]
[6472, 824.0, 767.0, 800.00, 773.00, 3537, otc]
[6477, 56.5, 51.3, 53.40, 54.90, 40579, tse]
[6482, 46.4, 45.0, 46.15, 45.30, 52, otc]
[6485, 119.5, 104.5, 105.50, 110.00, 25065, otc]
[6486, 70.8, 69.2, 69.20, 70.60, 292, otc]
[6488, 528.0, 509.0, 525.00, 514.00, 6592, otc]
[6491, 428.5, 406.5, 423.00, 420.00, 2893, tse]
[6492, 55.6, 54.4, 55.20, 55.20, 606, otc]
[6494, 80.8, 77.5, 77.80, 78.30, 1219, otc]
[6496, 34.0, 29.85, 29.85, 33.10, 652, otc]
[6499, 60.2, 59.0, 59.10, 59.80, 326, otc]
[6504, 82.4, 80.5, 80.60, 81.60, 489, tse]
[6505, 88.7, 86.6, 87.00, 88.20, 7384, tse]
[6506, 19.95, 19.6, 19.65, 19.90, 249, otc]
[6508, 39.9, 39.35, 39.45, 39.55, 877, otc]
[6509, 48.75, 45.5, 45.65, 47.30, 12505, otc]
[6510, 590.0, 565.0, 569.00, 565.00, 805, otc]
[6512, 21.85, 20.75, 20.90, 21.75, 164, otc]
[6514, 62.7, 59.4, 61.80, 60.50, 301, otc]
[6515, 796.0, 702.0, 720.00, 714.00, 8522, tse]
[6516, 98.5, 88.7, 89.90, 92.60, 1364, otc]
[6517, 154.5, 136.0, 142.50, 150.50, 2272, otc]
[6523, 137.5, 110.0, 111.50, 137.50, 6120, otc]
[6525, 77.0, 75.4, 75.90, 76.10, 601, tse]
[6527, 78.6, 73.0, 73.40, 76.30, 1553, otc]
[6530, 29.3, 27.35, 28.00, 27.75, 1249, otc]
[6531, 333.0, 307.0, 330.00, 313.00, 27407, tse]
[6532, 60.7, 52.6, 53.00, 59.10, 7805, otc]
[6533, 527.0, 492.0, 522.00, 501.00, 9866, tse]
[6535, 42.2, 40.6, 41.35, 41.90, 857, otc]
[6538, 114.0, 94.9, 98.40, 111.00, 13634, otc]
[6541, 81.0, 78.0, 80.40, 78.70, 850, tse]
[6542, 45.4, 45.0, 45.00, 45.20, 16, otc]
[6546, 89.2, 86.5, 87.80, 86.60, 1887, otc]
[6547, 69.3, 56.4, 59.90, 69.30, 31929, otc]
[6548, 45.75, 43.55, 45.30, 44.65, 25600, otc]
[6550, 102.5, 95.9, 101.50, 97.60, 19348, tse]
[6552, 38.65, 36.0, 36.50, 37.60, 612, tse]
[6556, 158.5, 148.0, 153.50, 151.50, 706, otc]
[6558, 27.7, 26.5, 26.80, 26.90, 1052, tse]
[6560, 38.2, 36.75, 38.05, 36.90, 175, otc]
[6561, 397.0, 385.5, 386.00, 387.00, 598, otc]
[6568, 180.5, 167.5, 174.50, 177.00, 3732, otc]
[6569, 114.0, 109.5, 112.50, 111.50, 133, otc]
[6570, 64.6, 60.0, 60.00, 63.10, 5718, otc]
[6573, 16.45, 15.65, 15.75, 16.25, 738, tse]
[6574, 54.6, 51.3, 51.30, 53.60, 170, otc]
[6576, 110.0, 99.5, 109.00, 102.50, 5757, otc]
[6577, 65.8, 63.7, 63.70, 65.10, 86, otc]
[6578, 21.45, 18.75, 19.50, 18.95, 14596, otc]
[6579, 95.6, 92.7, 94.00, 93.80, 529, tse]
[6581, 94.1, 90.6, 94.00, 92.60, 433, tse]
[6582, 63.4, 60.4, 60.60, 62.90, 854, tse]
[6585, 68.5, 61.2, 61.80, 66.50, 1186, tse]
[6588, 31.7, 29.8, 30.00, 31.40, 73, otc]
[6589, 125.0, 117.5, 122.00, 120.00, 18750, otc]
[6590, 88.6, 76.1, 80.00, 88.60, 1302, otc]
[6591, 54.2, 51.8, 52.70, 52.70, 1636, tse]
[6592, 133.0, 120.5, 121.00, 132.00, 9686, tse]
[6593, 65.0, 61.0, 65.00, 61.70, 379, otc]
[6596, 46.5, 45.05, 46.45, 45.55, 104, otc]
[6598, 30.15, 28.6, 29.45, 28.65, 697, tse]
[6603, 18.05, 17.6, 17.85, 17.80, 5066, otc]
[6605, 99.9, 95.2, 96.20, 97.50, 6038, tse]
[6606, 29.1, 28.15, 29.00, 28.55, 2079, tse]
[6609, 40.15, 38.65, 40.05, 39.05, 1769, otc]
[6612, 159.5, 129.5, 132.50, 145.00, 4905, otc]
[6613, 105.5, 101.5, 105.50, 103.00, 898, otc]
[6615, 38.4, 37.5, 38.20, 37.80, 69, otc]
[6616, 14.9, 14.7, 14.80, 14.70, 175, otc]
[6624, 42.8, 42.1, 42.50, 42.80, 22, otc]
[6625, 54.3, 50.1, 51.20, 52.90, 2227, tse]
[6629, 46.4, 44.5, 46.00, 45.50, 38, otc]
[6640, 90.4, 87.9, 89.50, 89.40, 46, otc]
[6641, 57.7, 56.5, 57.70, 57.10, 81, tse]
[6642, 56.5, 52.0, 52.00, 54.60, 324, otc]
[6643, 665.0, 624.0, 626.00, 639.00, 13001, otc]
[6649, 44.8, 41.8, 41.80, 42.60, 1229, otc]
[6651, 91.5, 84.0, 84.40, 86.20, 1081, otc]
[6654, 53.1, 50.6, 52.90, 50.60, 81, otc]
[6655, 129.0, 127.5, 129.00, 128.00, 170, tse]
[6661, 23.8, 23.4, 23.70, 23.80, 40, otc]
[6662, 32.2, 31.35, 31.65, 31.70, 120, otc]
[6664, 123.5, 115.0, 116.50, 115.50, 2501, otc]
[6666, 90.8, 84.1, 85.60, 89.30, 2066, tse]
[6667, 72.6, 69.8, 71.10, 71.40, 1255, otc]
[6668, 44.3, 42.0, 43.00, 42.15, 1383, tse]
[6669, 1255.0, 1160.0, 1,180.00, 1,180.00, 13072, tse]
[6670, 229.5, 219.0, 229.00, 221.50, 3268, tse]
[6671, 40.45, 39.55, 39.60, 40.40, 77, tse]
[6672, 86.7, 83.4, 85.00, 85.80, 2077, tse]
[6674, 28.85, 27.9, 28.20, 28.10, 47, tse]
[6679, 315.0, 293.5, 302.00, 294.50, 2052, otc]
[6680, 82.0, 78.2, 81.50, 79.60, 93, otc]
[6683, 215.5, 203.0, 206.00, 212.50, 1059, otc]
[6684, 53.7, 49.3, 52.50, 50.10, 884, otc]
[6689, 138.0, 129.0, 131.00, 137.00, 2900, tse]
[6690, 189.5, 172.0, 178.50, 179.50, 1288, otc]
[6691, 291.0, 275.0, 276.50, 288.50, 2238, tse]
[6693, 71.0, 65.6, 71.00, 66.20, 419, otc]
[6695, 49.95, 43.85, 44.20, 47.70, 5308, tse]
[6697, 42.35, 40.0, 41.15, 41.70, 280, otc]
[6698, 44.25, 38.4, 38.95, 39.70, 6521, tse]
[6703, 182.5, 147.0, 149.00, 172.00, 5454, otc]
[6706, 98.0, 92.0, 97.10, 92.30, 3068, tse]
[6708, 56.8, 55.1, 56.00, 55.50, 285, otc]
[6712, 223.0, 214.5, 220.50, 217.00, 6199, otc]
[6715, 170.0, 160.5, 170.00, 161.00, 4437, tse]
[6716, 113.0, 104.0, 107.50, 107.00, 126, otc]
[6719, 322.5, 306.5, 306.50, 317.00, 8496, tse]
[6721, 52.7, 50.0, 52.70, 51.20, 252, otc]
[6727, 74.4, 71.2, 71.20, 71.40, 881, otc]
[6728, 174.0, 159.5, 160.00, 169.00, 343, otc]
[6732, 425.5, 367.0, 377.00, 424.00, 12052, otc]
[6733, 36.15, 33.55, 34.50, 34.25, 11663, otc]
[6735, 61.3, 58.6, 60.50, 58.60, 130, otc]
[6741, 116.0, 110.0, 113.00, 112.00, 3852, otc]
[6743, 57.0, 55.2, 56.10, 55.90, 1327, tse]
[6747, 272.0, 254.0, 268.00, 259.00, 1802, otc]
[6751, 106.5, 92.5, 92.50, 105.00, 3018, otc]
[6752, 153.5, 130.5, 131.50, 136.50, 3874, otc]
[6753, 146.5, 119.0, 135.50, 138.00, 23722, tse]
[6754, 55.8, 53.3, 53.30, 54.90, 731, tse]
[6756, 243.5, 227.5, 237.50, 228.00, 3351, tse]
[6761, 102.5, 95.0, 100.00, 95.80, 820, otc]
[6762, 249.0, 245.5, 248.50, 246.50, 20, otc]
[6763, 513.0, 464.0, 464.00, 503.00, 661, otc]
[6767, 41.35, 38.65, 38.90, 40.70, 1412, otc]
[6768, 71.9, 70.0, 70.20, 71.80, 997, tse]
[6770, 33.35, 32.5, 32.55, 32.90, 72783, tse]
[6776, 54.1, 50.9, 51.60, 53.20, 3890, tse]
[6781, 738.0, 680.0, 703.00, 727.00, 3763, tse]
[6782, 313.5, 273.0, 281.50, 306.00, 8020, tse]
[6788, 147.0, 135.0, 144.50, 137.00, 4985, otc]
[6789, 255.0, 228.0, 229.00, 246.00, 9744, tse]
[6790, 38.5, 37.2, 37.20, 37.95, 1901, tse]
[6791, 100.5, 83.8, 84.00, 97.70, 3650, otc]
[6792, 91.0, 82.7, 83.50, 89.40, 1053, tse]
[6796, 112.0, 102.0, 103.50, 105.50, 2584, tse]
[6799, 156.5, 147.5, 152.50, 152.00, 5302, tse]
[6803, 288.0, 274.0, 274.00, 285.50, 330, otc]
[6804, 64.9, 59.6, 59.90, 62.60, 1451, otc]
[6806, 110.0, 89.2, 90.00, 105.00, 83958, tse]
[6807, 31.2, 28.15, 28.35, 29.80, 684, tse]
[6811, 248.5, 219.0, 225.00, 227.00, 3612, otc]
[6823, 97.0, 91.5, 97.00, 93.50, 212, otc]
[6829, 131.5, 110.5, 115.00, 125.00, 35068, otc]
[6830, 152.0, 139.5, 145.00, 147.00, 3196, tse]
[6834, 29.8, 29.0, 29.50, 29.15, 376, tse]
[6835, 44.3, 42.75, 43.35, 43.40, 559, tse]
[6840, 92.6, 87.1, 91.00, 87.20, 1012, otc]
[6841, 118.0, 111.0, 115.00, 112.50, 4870, otc]
[6843, 84.8, 77.6, 84.30, 77.70, 1510, otc]
[6854, 106.5, 99.9, 104.00, 103.00, 275, tse]
[6855, 88.8, 84.7, 85.50, 88.10, 363, otc]
[6859, 168.5, 152.0, 162.50, 154.00, 1730, otc]
[6861, 158.5, 130.0, 150.00, 132.50, 4832, tse]
[6863, 204.5, 178.5, 179.00, 189.50, 5483, tse]
[6865, 111.0, 99.5, 100.50, 106.00, 1044, otc]
[6869, 96.6, 90.0, 95.20, 93.60, 973, tse]
[6873, 142.0, 134.0, 142.00, 137.50, 799, tse]
[6874, 150.0, 125.5, 138.50, 132.50, 3576, otc]
[7402, 82.7, 68.0, 79.30, 73.50, 16316, otc]
[7556, 104.5, 101.5, 104.50, 102.50, 101, otc]
[8011, 15.35, 14.8, 14.80, 15.05, 1839, tse]
[8016, 253.5, 239.5, 239.50, 253.00, 12013, tse]
[8021, 29.9, 29.4, 29.70, 29.60, 850, tse]
[8024, 25.5, 24.25, 24.65, 25.10, 1520, otc]
[8027, 57.1, 53.4, 56.60, 53.40, 1983, otc]
[8028, 65.6, 60.3, 65.00, 62.20, 25867, tse]
[8032, 32.5, 31.8, 32.00, 32.00, 64, otc]
[8033, 71.9, 59.0, 59.00, 71.90, 19307, tse]
[8034, 17.05, 14.55, 14.60, 16.05, 4695, otc]
[8038, 47.35, 43.0, 43.00, 46.10, 10734, otc]
[8039, 42.9, 42.15, 42.15, 42.55, 338, tse]
[8040, 52.5, 50.6, 52.50, 50.80, 1300, otc]
[8042, 37.2, 36.8, 36.85, 36.90, 71, otc]
[8043, 30.3, 28.2, 28.30, 29.35, 2668, otc]
[8044, 63.5, 61.3, 62.30, 61.60, 2134, otc]
[8046, 278.0, 261.0, 273.00, 263.00, 29917, tse]
[8047, 11.9, 11.7, 11.80, 11.85, 78, otc]
[8048, 39.9, 38.35, 38.70, 39.50, 1191, otc]
[8049, 40.45, 38.75, 39.80, 39.10, 4937, otc]
[8050, 86.7, 81.4, 86.30, 82.00, 20604, otc]
[8054, 35.1, 34.0, 34.10, 34.60, 1806, otc]
[8059, 12.75, 12.1, 12.50, 12.45, 1258, otc]
[8064, 20.15, 19.5, 20.15, 19.90, 3628, otc]
[8066, 28.1, 27.75, 27.95, 27.90, 141, otc]
[8067, 16.95, 15.8, 16.60, 16.10, 117, otc]
[8068, 28.15, 26.55, 26.90, 27.50, 1043, otc]
[8069, 182.0, 171.0, 180.00, 173.50, 70953, otc]
[8070, 36.65, 35.8, 36.45, 35.85, 4113, tse]
[8071, 15.8, 15.25, 15.30, 15.35, 1168, otc]
[8072, 29.8, 28.05, 29.80, 28.25, 2512, tse]
[8074, 21.4, 20.9, 21.40, 21.00, 826, otc]
[8076, 29.7, 28.5, 28.50, 29.05, 2909, otc]
[8077, 41.2, 38.4, 39.95, 38.50, 7, otc]
[8080, 12.1, 10.8, 11.45, 11.50, 150, otc]
[8081, 193.5, 180.0, 184.00, 189.00, 3949, tse]
[8083, 152.0, 149.0, 150.00, 151.50, 194, otc]
[8084, 106.5, 97.0, 100.00, 102.50, 3051, otc]
[8085, 20.35, 19.8, 20.00, 20.35, 659, otc]
[8086, 95.3, 89.9, 90.70, 90.40, 18283, otc]
[8087, 38.6, 34.75, 38.35, 37.65, 1087, otc]
[8088, 35.55, 30.3, 30.55, 34.00, 51663, otc]
[8089, 23.45, 22.9, 23.30, 23.10, 342, otc]
[8091, 99.3, 89.4, 92.10, 98.50, 8176, otc]
[8092, 12.5, 11.35, 11.50, 11.85, 723, otc]
[8093, 13.55, 12.9, 13.05, 13.15, 857, otc]
[8096, 11.75, 11.35, 11.45, 11.70, 1108, otc]
[8097, 49.2, 42.1, 45.35, 48.90, 8535, otc]
[8099, 41.25, 39.5, 40.00, 40.65, 530, otc]
[8101, 5.84, 5.23, 5.66, 5.45, 789, tse]
[8103, 37.8, 35.5, 35.50, 37.50, 3011, tse]
[8104, 47.4, 41.15, 41.90, 44.30, 5967, tse]
[8105, 14.65, 14.15, 14.30, 14.30, 12353, tse]
[8107, 17.5, 17.2, 17.30, 17.35, 268, otc]
[8109, 95.9, 88.5, 88.50, 94.30, 1679, otc]
[8110, 14.8, 13.35, 13.55, 14.15, 34418, tse]
[8111, 23.5, 22.5, 22.65, 22.50, 3143, otc]
[8112, 45.15, 44.05, 45.15, 44.30, 10967, tse]
[8114, 114.0, 111.0, 112.50, 112.00, 1413, tse]
[8121, 29.5, 26.7, 27.20, 29.50, 13539, otc]
[8131, 44.6, 43.9, 44.10, 44.20, 1213, tse]
[8147, 69.0, 67.0, 67.80, 67.10, 636, otc]
[8150, 39.3, 38.05, 38.60, 38.85, 14216, tse]
[8155, 143.5, 128.0, 128.50, 138.00, 12439, otc]
[8163, 45.4, 44.0, 44.20, 44.40, 7430, tse]
[8171, 65.5, 61.0, 63.30, 61.90, 15107, otc]
[8176, 12.4, 11.35, 12.00, 11.45, 2175, otc]
[8182, 32.15, 31.55, 32.00, 32.15, 484, otc]
[8183, 60.2, 55.5, 55.50, 58.30, 23312, otc]
[8201, 14.35, 13.1, 14.20, 13.25, 2459, tse]
[8210, 84.4, 81.7, 83.60, 83.00, 3549, tse]
[8213, 42.7, 41.6, 42.00, 42.15, 2101, tse]
[8215, 39.1, 36.45, 36.45, 38.60, 17528, tse]
[8222, 49.6, 40.0, 40.80, 47.45, 156927, tse]
[8227, 201.5, 167.0, 196.00, 174.50, 8206, otc]
[8234, 45.45, 41.45, 45.05, 42.35, 7095, otc]
[8240, 30.45, 28.85, 29.10, 29.60, 283, otc]
[8249, 33.0, 30.9, 31.35, 31.80, 3540, tse]
[8255, 198.5, 185.0, 192.50, 187.00, 11857, otc]
[8261, 116.0, 105.5, 105.50, 113.00, 21859, tse]
[8271, 54.5, 52.0, 52.20, 54.00, 9557, tse]
[8277, 11.2, 10.3, 10.80, 10.70, 2808, otc]
[8279, 179.0, 168.0, 170.00, 175.50, 243, otc]
[8284, 64.4, 62.1, 63.50, 63.60, 386, otc]
[8289, 48.5, 46.3, 47.30, 46.50, 6277, otc]
[8291, NaN, NaN, NaN, NaN, 0, otc]
[8299, 425.0, 399.0, 409.00, 411.00, 15228, otc]
[8341, 171.0, 164.0, 165.50, 167.50, 1459, tse]
[8342, 58.3, 57.1, 57.70, 58.10, 64, otc]
[8349, 70.5, 65.1, 66.20, 67.80, 3149, otc]
[8354, 14.4, 14.15, 14.30, 14.30, 762, otc]
[8358, 61.7, 60.1, 60.80, 60.90, 11428, otc]
[8367, 48.95, 47.7, 47.90, 48.50, 271, tse]
[8374, 34.3, 31.5, 31.65, 33.15, 1223, tse]
[8383, 48.3, 44.0, 44.95, 46.00, 30366, otc]
[8390, 43.2, 40.5, 40.95, 42.75, 6587, otc]
[8401, 22.15, 21.8, 21.90, 21.95, 971, otc]
[8403, 35.6, 34.5, 34.85, 35.05, 2864, otc]
[8404, 27.4, 26.75, 27.40, 26.90, 256, tse]
[8409, 26.95, 23.85, 24.50, 25.10, 5725, otc]
[8410, 31.0, 29.6, 29.60, 30.45, 122, otc]
[8411, 14.95, 14.8, 14.90, 14.90, 281, tse]
[8415, 36.6, 35.45, 35.95, 36.35, 2954, otc]
[8416, 135.0, 125.0, 125.50, 132.00, 301, otc]
[8418, 10.75, 9.93, 9.93, 10.10, 626, otc]
[8420, 92.6, 88.7, 92.50, 89.30, 1715, otc]
[8421, 17.6, 15.75, 17.50, 16.20, 2132, otc]
[8422, 188.5, 187.0, 188.50, 188.00, 418, tse]
[8423, 20.5, 19.8, 19.90, 20.05, 20, otc]
[8424, 70.2, 69.4, 70.00, 70.00, 44, otc]
[8426, 46.1, 39.75, 40.00, 43.60, 1239, otc]
[8429, 10.65, 10.4, 10.60, 10.45, 946, tse]
[8431, 66.5, 62.5, 64.00, 65.30, 1931, otc]
[8432, 47.3, 46.25, 46.75, 47.00, 229, otc]
[8433, 73.0, 69.7, 70.30, 72.50, 731, otc]
[8435, 62.8, 61.0, 61.50, 62.30, 316, otc]
[8436, 212.0, 202.5, 205.00, 208.50, 6180, otc]
[8437, 116.5, 112.5, 112.50, 116.00, 66, otc]
[8438, 24.9, 24.3, 24.60, 24.30, 253, tse]
[8440, 52.8, 48.0, 49.00, 50.10, 21943, otc]
[8442, 83.8, 81.9, 83.80, 82.00, 544, tse]
[8443, 11.5, 11.25, 11.45, 11.35, 544, tse]
[8444, 65.6, 57.8, 57.80, 61.60, 236, otc]
[8446, 93.6, 91.4, 93.00, 91.70, 664, otc]
[8450, 26.35, 25.35, 26.10, 26.00, 253, otc]
[8454, 904.0, 851.0, 882.00, 855.00, 2898, tse]
[8455, 21.9, 21.15, 21.15, 21.25, 6, otc]
[8462, 159.5, 145.5, 147.50, 156.50, 937, tse]
[8463, 25.8, 23.0, 23.00, 25.15, 1071, tse]
[8464, 338.0, 324.5, 324.50, 336.00, 1177, tse]
[8466, 45.0, 41.1, 41.10, 43.20, 415, tse]
[8467, 64.6, 60.9, 62.50, 61.30, 271, tse]
[8472, 46.8, 45.0, 45.00, 46.80, 16, otc]
[8473, 31.7, 29.6, 29.70, 30.85, 710, tse]
[8476, 68.4, 63.0, 63.30, 66.70, 1408, otc]
[8477, 18.1, 17.0, 18.00, 17.05, 207, otc]
[8478, 536.0, 513.0, 517.00, 536.00, 1423, tse]
[8481, 59.1, 57.4, 58.00, 58.00, 100, tse]
[8482, 78.7, 76.0, 78.50, 76.30, 138, tse]
[8488, 15.75, 15.4, 15.55, 15.65, 99, tse]
[8489, 24.65, 23.8, 24.00, 24.50, 185, otc]
[8499, 109.5, 105.5, 106.50, 109.00, 263, tse]
[8905, 27.1, 25.3, 26.00, 26.40, 2228, otc]
[8906, 18.4, 17.6, 18.10, 17.80, 49, otc]
[8908, 72.3, 70.0, 71.10, 70.80, 350, otc]
[8916, 55.8, 54.0, 54.60, 55.40, 3058, otc]
[8917, 80.3, 75.1, 77.50, 75.60, 77, otc]
[8921, 15.3, 15.3, 15.30, 15.30, 1, otc]
[8923, 22.55, 20.5, 22.30, 20.75, 504, otc]
[8924, 134.5, 123.5, 134.50, 124.00, 4259, otc]
[8926, 46.6, 42.85, 43.80, 45.20, 30873, tse]
[8927, 43.25, 40.0, 40.50, 42.05, 4614, otc]
[8928, 39.45, 38.85, 39.20, 38.95, 631, otc]
[8929, 21.45, 21.25, 21.30, 21.30, 79, otc]
[8930, 17.4, 16.85, 17.30, 17.30, 1422, otc]
[8931, 84.7, 75.3, 75.30, 78.30, 7168, otc]
[8932, 49.15, 46.0, 46.00, 46.65, 1568, otc]
[8933, 13.55, 12.6, 12.65, 12.90, 9749, otc]
[8935, 12.05, 11.7, 11.95, 12.00, 240, otc]
[8936, 32.2, 28.05, 28.30, 30.00, 55520, otc]
[8937, 15.25, 15.0, 15.20, 15.15, 213, otc]
[8938, 99.2, 93.5, 99.10, 93.50, 6655, otc]
[8940, 25.65, 22.8, 25.00, 25.65, 3865, tse]
[8941, 60.4, 58.1, 58.50, 59.80, 259, otc]
[8942, 68.6, 67.5, 68.30, 68.00, 1110, otc]
[8996, 252.0, 229.5, 240.00, 252.00, 10484, tse]
[9103, 7.16, 6.89, 6.92, 6.96, 3673, tse]
[9105, 4.09, 3.87, 3.90, 4.01, 16999, tse]
[9110, 4.03, 3.44, 3.46, 4.03, 1999, tse]
[9136, 6.39, 6.34, 6.36, 6.38, 686, tse]
[9802, 132.0, 127.5, 132.00, 128.00, 5758, tse]
[9902, 12.55, 12.3, 12.55, 12.40, 702, tse]
[9904, 32.2, 31.05, 31.20, 32.05, 33204, tse]
[9905, 25.45, 25.05, 25.20, 25.30, 313, tse]
[9906, 52.3, 49.8, 52.30, 50.00, 206, tse]
[9907, 20.7, 19.25, 19.40, 20.35, 34882, tse]
[9908, 31.8, 31.5, 31.50, 31.75, 349, tse]
[9910, 194.5, 188.5, 190.50, 193.00, 4401, tse]
[9911, 64.0, 63.6, 63.70, 64.00, 435, tse]
[9912, 10.3, 9.98, 10.10, 10.10, 381, tse]
[9914, 179.5, 164.5, 165.00, 169.00, 5380, tse]
[9917, 107.0, 103.5, 104.00, 106.50, 2321, tse]
[9918, 41.5, 41.25, 41.30, 41.40, 43, tse]
[9919, 17.95, 17.45, 17.90, 17.80, 20121, tse]
[9921, 193.0, 173.0, 173.00, 189.00, 14315, tse]
[9924, 44.05, 43.65, 43.90, 43.80, 552, tse]
[9925, 41.0, 40.75, 40.85, 40.85, 365, tse]
[9926, 52.0, 51.7, 52.00, 51.80, 24, tse]
[9927, 45.15, 42.85, 43.00, 44.50, 2578, tse]
[9928, 19.1, 18.5, 18.90, 18.55, 444, tse]
[9929, 9.21, 9.03, 9.13, 9.12, 226, tse]
[9930, 49.8, 48.6, 48.60, 49.45, 441, tse]
[9931, 40.2, 39.7, 39.75, 40.00, 26, tse]
[9933, 43.5, 42.25, 42.30, 43.05, 8915, tse]
[9934, 13.9, 13.45, 13.45, 13.70, 3726, tse]
[9935, 18.85, 18.55, 18.75, 18.80, 783, tse]
[9937, 60.9, 59.2, 60.20, 59.70, 249, tse]
[9938, 59.7, 58.2, 58.70, 58.70, 2327, tse]
[9939, 102.0, 98.4, 99.20, 101.00, 5176, tse]
[9940, 29.3, 29.0, 29.20, 29.10, 717, tse]
[9941, 187.5, 177.0, 178.50, 184.50, 6142, tse]
[9942, 145.5, 129.0, 138.00, 140.50, 14961, tse]
[9943, 68.9, 67.0, 68.50, 67.10, 329, tse]
[9944, 20.55, 20.35, 20.35, 20.45, 418, tse]
[9945, 36.2, 35.3, 35.65, 36.10, 30293, tse]
[9946, 13.1, 11.95, 12.05, 12.60, 1428, tse]
[9949, 21.85, 19.3, 21.85, 19.95, 890, otc]
[9950, 13.15, 12.05, 12.75, 12.50, 85, otc]
[9951, 73.2, 71.3, 71.60, 72.10, 480, otc]
[9955, 27.8, 26.35, 26.55, 26.75, 8467, tse]
[9958, 115.5, 100.0, 103.50, 112.00, 47973, tse]
[9960, 30.6, 29.25, 30.60, 29.85, 314, otc]
[9962, 23.0, 20.8, 22.35, 21.35, 21159, otc]
