[1101, 38.95, 38.35, 38.75, 38.70, 45233, tse]
[1102, 44.3, 43.95, 43.95, 44.20, 14697, tse]
[1103, 23.8, 21.3, 21.40, 22.85, 25680, tse]
[1104, 31.25, 30.5, 31.25, 30.95, 3708, tse]
[1108, 17.1, 16.6, 16.80, 17.05, 4895, tse]
[1109, 18.75, 18.45, 18.55, 18.70, 357, tse]
[1110, 19.35, 19.0, 19.20, 19.15, 734, tse]
[1201, 20.4, 20.2, 20.35, 20.30, 1370, tse]
[1203, 45.85, 43.65, 43.95, 45.85, 64, tse]
[1210, 52.9, 51.1, 52.90, 52.10, 5640, tse]
[1213, 6.63, 6.37, 6.37, 6.49, 86, tse]
[1215, 95.8, 92.1, 95.00, 94.50, 9262, tse]
[1216, 78.8, 76.3, 76.80, 77.40, 41004, tse]
[1217, 12.0, 11.65, 11.75, 11.95, 7713, tse]
[1218, 29.45, 27.8, 28.15, 29.00, 18253, tse]
[1219, 21.25, 21.0, 21.15, 21.25, 1557, tse]
[1220, 14.95, 14.75, 14.95, 14.80, 794, tse]
[1225, 57.0, 56.2, 57.00, 56.50, 1109, tse]
[1227, 41.2, 40.5, 40.75, 41.15, 2004, tse]
[1229, 64.7, 63.4, 64.60, 64.60, 2238, tse]
[1231, 91.6, 90.9, 91.30, 91.40, 278, tse]
[1232, 153.0, 151.0, 152.00, 153.00, 282, tse]
[1233, 36.5, 35.75, 35.80, 36.40, 139, tse]
[1234, 42.3, 39.6, 39.65, 42.25, 2231, tse]
[1235, 85.0, 82.3, 85.00, 84.80, 24, tse]
[1236, 24.0, 23.6, 23.65, 23.80, 217, tse]
[1240, 46.35, 45.7, 45.70, 46.10, 104, otc]
[1256, 315.5, 309.0, 314.50, 309.50, 60, tse]
[1259, 76.2, 75.6, 75.80, 75.60, 37, otc]
[1264, 292.5, 285.0, 286.00, 290.00, 33, otc]
[1268, 177.0, 167.0, 171.50, 169.00, 1034, otc]
[1301, 93.0, 91.6, 92.80, 92.80, 34692, tse]
[1303, 79.7, 77.9, 79.40, 78.60, 12864, tse]
[1304, 23.95, 23.15, 23.85, 23.25, 4808, tse]
[1305, 24.45, 23.8, 24.40, 23.95, 2541, tse]
[1307, 27.8, 25.15, 26.40, 26.10, 8618, tse]
[1308, 27.25, 26.3, 27.15, 26.50, 3646, tse]
[1309, 20.45, 20.05, 20.45, 20.30, 1385, tse]
[1310, 16.75, 16.2, 16.70, 16.60, 4004, tse]
[1312, 19.45, 19.15, 19.40, 19.25, 4480, tse]
[1313, 14.6, 14.35, 14.35, 14.50, 1715, tse]
[1314, 9.9, 9.84, 9.86, 9.88, 15719, tse]
[1315, 71.4, 70.5, 71.40, 71.10, 85, tse]
[1316, 12.3, 11.85, 12.25, 12.20, 3556, tse]
[1319, 56.8, 52.6, 54.30, 56.30, 31285, tse]
[1321, 35.05, 34.4, 34.85, 34.95, 608, tse]
[1323, 31.85, 31.4, 31.70, 31.75, 369, tse]
[1324, 11.95, 11.8, 11.90, 11.90, 220, tse]
[1325, 24.95, 24.4, 24.95, 24.45, 518, tse]
[1326, 68.5, 67.7, 67.90, 68.10, 7474, tse]
[1336, 24.7, 24.1, 24.15, 24.45, 324, otc]
[1337, 9.18, 8.34, 8.48, 9.01, 13711, tse]
[1338, 45.3, 44.7, 44.90, 45.10, 130, tse]
[1339, 45.95, 45.45, 45.70, 45.90, 287, tse]
[1340, 13.95, 13.25, 13.35, 13.85, 1836, tse]
[1341, 72.8, 71.0, 71.90, 72.80, 28, tse]
[1342, 132.5, 125.0, 125.00, 127.00, 2104, tse]
[1402, 33.05, 32.5, 32.80, 33.05, 16092, tse]
[1409, 17.3, 17.1, 17.25, 17.20, 13305, tse]
[1410, 39.65, 37.4, 39.00, 38.80, 148, tse]
[1413, 9.17, 9.04, 9.16, 9.12, 175, tse]
[1414, 18.0, 17.6, 17.75, 18.00, 524, tse]
[1416, 12.45, 11.65, 11.70, 11.90, 3151, tse]
[1417, 14.1, 13.7, 13.85, 13.90, 1710, tse]
[1418, 20.0, 18.05, 18.05, 19.80, 142, tse]
[1419, 44.8, 43.3, 44.75, 44.15, 308, tse]
[1423, 23.7, 21.95, 22.30, 23.10, 1049, tse]
[1432, 20.0, 18.6, 18.70, 19.15, 4914, tse]
[1434, 28.15, 27.9, 27.90, 28.10, 2275, tse]
[1436, 62.5, 59.9, 59.90, 61.50, 299, tse]
[1437, 29.15, 28.85, 29.10, 29.00, 767, tse]
[1438, 30.95, 30.3, 30.50, 30.80, 168, tse]
[1439, 22.7, 22.0, 22.55, 22.60, 179, tse]
[1440, 16.8, 16.4, 16.60, 16.60, 3071, tse]
[1441, 8.13, 8.03, 8.12, 8.07, 260, tse]
[1442, 32.0, 31.65, 31.90, 31.90, 1185, tse]
[1443, 29.4, 28.6, 28.80, 29.40, 88, tse]
[1444, 11.05, 10.75, 10.85, 10.90, 6913, tse]
[1445, 20.6, 19.75, 20.60, 20.10, 638, tse]
[1446, 36.4, 30.8, 30.90, 36.05, 4372, tse]
[1447, 8.04, 7.96, 8.00, 7.99, 2548, tse]
[1449, 24.15, 21.25, 21.80, 23.25, 1686, tse]
[1451, 22.25, 21.8, 22.05, 22.00, 979, tse]
[1452, 17.75, 17.55, 17.65, 17.75, 257, tse]
[1453, 14.95, 14.45, 14.55, 14.65, 434, tse]
[1454, 17.4, 16.45, 16.75, 17.40, 354, tse]
[1455, 10.55, 10.35, 10.35, 10.50, 1373, tse]
[1456, 17.35, 16.5, 16.80, 17.10, 159, tse]
[1457, 18.0, 17.65, 17.85, 17.80, 1793, tse]
[1459, 9.15, 9.05, 9.11, 9.13, 523, tse]
[1460, 9.03, 8.68, 8.98, 8.72, 5641, tse]
[1463, 14.8, 14.55, 14.80, 14.70, 302, tse]
[1464, 15.85, 15.35, 15.75, 15.65, 1707, tse]
[1465, 14.4, 14.2, 14.30, 14.40, 152, tse]
[1466, 11.65, 11.25, 11.35, 11.65, 203, tse]
[1467, 11.6, 11.45, 11.60, 11.55, 3200, tse]
[1468, 16.2, 15.65, 16.10, 16.05, 138, tse]
[1470, 21.35, 20.2, 20.35, 20.60, 102, tse]
[1471, 12.95, 10.15, 10.20, 12.95, 43315, tse]
[1472, 38.0, 34.5, 38.00, 36.10, 1060, tse]
[1473, 25.2, 24.45, 24.95, 25.00, 419, tse]
[1474, 13.4, 13.15, 13.15, 13.25, 907, tse]
[1475, 57.5, 56.3, 56.30, 56.90, 69, tse]
[1476, 508.0, 489.5, 500.00, 500.00, 3206, tse]
[1477, 276.5, 248.0, 269.00, 272.50, 35272, tse]
[1503, 159.0, 150.0, 157.00, 153.50, 24835, tse]
[1504, 58.2, 55.6, 57.30, 57.00, 83354, tse]
[1506, 19.15, 18.7, 18.95, 19.05, 869, tse]
[1512, 14.5, 13.9, 14.00, 14.15, 180, tse]
[1513, 138.0, 126.0, 129.50, 132.50, 190085, tse]
[1514, 62.0, 58.6, 60.80, 61.40, 46538, tse]
[1515, 37.85, 35.2, 36.35, 37.65, 4717, tse]
[1516, 20.85, 20.6, 20.70, 20.70, 222, tse]
[1517, 19.15, 18.6, 19.15, 18.85, 894, tse]
[1519, 170.0, 159.5, 167.00, 163.50, 46039, tse]
[1521, 41.55, 39.7, 41.05, 40.45, 473, tse]
[1522, 38.45, 36.25, 37.80, 37.05, 30710, tse]
[1524, 24.55, 23.8, 24.40, 24.35, 5693, tse]
[1525, 129.5, 115.0, 123.00, 118.50, 9268, tse]
[1526, 40.35, 39.1, 39.90, 39.35, 714, tse]
[1527, 42.6, 41.65, 42.15, 42.05, 776, tse]
[1528, 18.55, 16.25, 17.65, 17.10, 98102, tse]
[1529, 43.5, 41.7, 42.60, 42.55, 24719, tse]
[1530, 33.65, 33.0, 33.50, 33.65, 77, tse]
[1531, 14.7, 14.55, 14.60, 14.70, 388, tse]
[1532, 36.4, 36.0, 36.20, 36.15, 1014, tse]
[1533, 65.9, 60.5, 61.30, 64.60, 13567, tse]
[1535, 54.9, 54.3, 54.50, 54.80, 259, tse]
[1536, 72.5, 71.2, 72.50, 72.00, 2823, tse]
[1537, 143.5, 141.0, 141.50, 143.00, 224, tse]
[1538, 9.69, 9.5, 9.50, 9.50, 29, tse]
[1539, 29.3, 28.6, 29.30, 29.00, 622, tse]
[1540, 18.35, 17.6, 17.95, 17.80, 2072, tse]
[1541, 38.5, 35.5, 38.00, 36.85, 358, tse]
[1558, 115.0, 112.0, 112.50, 114.50, 294, tse]
[1560, 132.5, 127.0, 129.50, 127.00, 12496, tse]
[1565, 233.5, 230.0, 233.50, 230.00, 522, otc]
[1568, 26.65, 25.65, 25.95, 26.50, 1854, tse]
[1569, 24.0, 23.8, 23.85, 23.85, 206, otc]
[1570, 20.0, 18.95, 19.15, 19.00, 902, otc]
[1580, 130.5, 128.0, 130.00, 130.50, 490, otc]
[1582, 60.0, 59.4, 59.70, 60.00, 325, tse]
[1583, 72.0, 69.8, 70.10, 72.00, 53, tse]
[1584, 40.25, 37.25, 37.40, 37.90, 37336, otc]
[1586, 33.6, 33.15, 33.60, 33.30, 335, otc]
[1587, 22.4, 22.2, 22.30, 22.35, 161, tse]
[1589, 72.2, 70.0, 71.80, 70.20, 3852, tse]
[1590, 1055.0, 1015.0, 1,030.00, 1,035.00, 1619, tse]
[1591, 36.8, 33.55, 35.40, 36.40, 4026, otc]
[1593, 79.2, 76.9, 78.70, 77.80, 74, otc]
[1595, 41.35, 40.2, 41.10, 40.50, 111, otc]
[1597, 75.6, 73.9, 74.40, 75.20, 335, tse]
[1598, 39.15, 38.2, 38.90, 38.25, 981, tse]
[1599, 38.15, 37.7, 37.90, 38.00, 126, otc]
[1603, 31.5, 30.1, 30.80, 30.95, 3432, tse]
[1604, 27.15, 26.85, 27.05, 27.10, 620, tse]
[1605, 47.5, 46.1, 46.35, 46.25, 121395, tse]
[1608, 23.9, 23.0, 23.50, 23.65, 13240, tse]
[1609, 39.25, 37.9, 38.60, 38.00, 83811, tse]
[1611, 19.3, 18.35, 19.00, 18.60, 12973, tse]
[1612, 28.15, 25.85, 26.25, 27.45, 28473, tse]
[1614, 39.1, 38.55, 38.75, 39.10, 155, tse]
[1615, 39.2, 38.45, 39.00, 39.20, 163, tse]
[1616, 11.3, 10.7, 10.90, 11.15, 3415, tse]
[1617, 16.7, 16.2, 16.20, 16.65, 131, tse]
[1618, 20.8, 19.9, 20.20, 20.40, 4196, tse]
[1626, 18.95, 18.45, 18.80, 18.75, 206, tse]
[1701, 26.05, 25.6, 25.95, 25.75, 2538, tse]
[1702, 48.2, 47.25, 47.90, 48.20, 1375, tse]
[1707, 177.0, 167.5, 175.00, 168.00, 1145, tse]
[1708, 39.3, 38.7, 38.70, 39.05, 2276, tse]
[1709, 24.7, 24.5, 24.70, 24.65, 1753, tse]
[1710, 23.1, 22.45, 23.00, 22.75, 8522, tse]
[1711, 21.45, 20.65, 20.75, 21.05, 5985, tse]
[1712, 35.85, 35.35, 35.80, 35.45, 1463, tse]
[1713, 35.0, 32.0, 35.00, 33.65, 946, tse]
[1714, 9.01, 8.88, 9.01, 8.92, 5833, tse]
[1717, 33.15, 32.65, 32.75, 33.00, 2857, tse]
[1718, 8.29, 8.16, 8.17, 8.25, 6106, tse]
[1720, 69.6, 67.6, 69.60, 68.20, 2538, tse]
[1721, 16.4, 15.45, 15.80, 15.85, 4744, tse]
[1722, 62.0, 61.1, 61.80, 61.40, 3485, tse]
[1723, 118.5, 115.5, 116.00, 118.00, 2807, tse]
[1725, 23.25, 22.5, 22.90, 22.90, 206, tse]
[1726, 75.8, 75.0, 75.30, 75.60, 107, tse]
[1727, 39.9, 36.55, 38.85, 36.75, 12557, tse]
[1730, 59.9, 58.9, 59.30, 59.90, 67, tse]
[1731, 24.8, 24.1, 24.60, 24.35, 1102, tse]
[1732, 28.1, 27.65, 27.80, 27.70, 312, tse]
[1733, 27.6, 27.2, 27.40, 27.35, 873, tse]
[1734, 39.15, 37.6, 37.60, 38.20, 8792, tse]
[1735, 16.85, 16.5, 16.80, 16.70, 69, tse]
[1736, 70.7, 67.6, 67.60, 70.30, 2654, tse]
[1737, 34.5, 33.9, 34.00, 34.25, 1259, tse]
[1742, 19.5, 18.6, 19.45, 19.50, 1897, otc]
[1752, 64.5, 59.9, 63.50, 61.40, 4727, tse]
[1760, 141.0, 129.0, 140.50, 130.50, 4891, tse]
[1762, 87.5, 85.7, 85.80, 86.50, 2011, tse]
[1773, 137.0, 132.5, 136.50, 135.00, 347, tse]
[1776, 18.35, 17.65, 18.30, 18.00, 359, tse]
[1777, 89.0, 87.2, 87.60, 88.60, 218, otc]
[1781, 14.15, 14.0, 14.05, 14.10, 151, otc]
[1783, 61.8, 59.4, 59.80, 60.40, 3709, tse]
[1784, 61.3, 59.3, 59.80, 61.30, 1142, otc]
[1785, 39.35, 38.2, 38.85, 38.25, 3598, otc]
[1786, 79.7, 75.1, 75.40, 79.40, 2271, tse]
[1788, 146.5, 144.0, 146.50, 144.50, 70, otc]
[1789, 29.45, 28.6, 28.65, 28.95, 8339, tse]
[1795, 331.0, 304.5, 325.50, 308.00, 18958, tse]
[1796, 114.0, 107.5, 110.50, 109.50, 579, otc]
[1799, 22.2, 21.35, 22.00, 21.90, 113, otc]
[1802, 21.0, 19.2, 20.10, 19.60, 143503, tse]
[1805, 10.0, 9.75, 9.93, 10.00, 144, tse]
[1806, 11.3, 10.8, 11.10, 11.00, 6270, tse]
[1808, 76.0, 75.0, 75.60, 76.00, 552, tse]
[1809, 15.5, 15.0, 15.25, 15.10, 3250, tse]
[1810, 26.3, 24.1, 24.55, 24.50, 30060, tse]
[1813, 21.35, 20.7, 21.15, 20.75, 121, otc]
[1815, 14.3, 13.6, 14.30, 13.95, 12679, otc]
[1817, 39.4, 39.15, 39.35, 39.35, 321, tse]
[1903, 55.6, 53.3, 54.70, 54.20, 1576, tse]
[1904, 33.45, 32.3, 32.35, 33.30, 9537, tse]
[1905, 29.3, 27.25, 27.75, 28.85, 81408, tse]
[1906, 16.55, 16.25, 16.30, 16.45, 639, tse]
[1907, 37.5, 33.2, 35.05, 37.50, 90359, tse]
[1909, 17.3, 16.55, 16.55, 17.05, 7805, tse]
[2002, 29.9, 29.6, 29.75, 29.65, 41149, tse]
[2006, 59.3, 58.0, 58.90, 59.30, 4283, tse]
[2007, 10.7, 10.4, 10.60, 10.45, 1084, tse]
[2008, 20.1, 19.6, 19.60, 20.10, 123, tse]
[2009, 33.2, 32.15, 32.80, 32.70, 2217, tse]
[2010, 16.85, 16.55, 16.65, 16.80, 1455, tse]
[2012, 28.25, 27.85, 28.00, 28.25, 1272, tse]
[2013, 58.5, 57.2, 58.50, 58.00, 213, tse]
[2014, 25.15, 24.45, 24.75, 24.55, 31456, tse]
[2015, 72.5, 69.8, 69.90, 71.30, 1259, tse]
[2017, 18.2, 16.55, 16.65, 17.60, 16465, tse]
[2020, 23.75, 23.5, 23.55, 23.75, 493, tse]
[2022, 10.2, 9.8, 9.83, 9.97, 2862, tse]
[2023, 15.65, 15.4, 15.50, 15.50, 4310, tse]
[2024, 18.35, 17.8, 18.10, 18.35, 82, tse]
[2025, 5.75, 5.61, 5.70, 5.75, 1003, tse]
[2027, 48.75, 47.1, 48.50, 47.30, 20886, tse]
[2028, 24.5, 24.0, 24.45, 24.30, 673, tse]
[2029, 25.4, 24.85, 25.35, 25.30, 1205, tse]
[2030, 23.45, 23.05, 23.45, 23.30, 3022, tse]
[2031, 47.65, 46.65, 47.55, 47.15, 4769, tse]
[2032, 18.4, 18.05, 18.10, 18.30, 308, tse]
[2033, 15.3, 14.8, 15.15, 14.80, 360, tse]
[2034, 29.3, 28.9, 29.00, 29.05, 1401, tse]
[2035, 31.45, 31.0, 31.00, 31.40, 92, otc]
[2038, 20.55, 20.1, 20.40, 20.40, 1037, tse]
[2049, 254.0, 242.0, 251.00, 249.50, 3960, tse]
[2059, 557.0, 457.0, 459.50, 557.00, 6113, tse]
[2061, 19.8, 19.1, 19.80, 19.20, 227, otc]
[2062, 23.0, 22.6, 22.85, 22.85, 217, tse]
[2063, 49.5, 48.8, 48.95, 49.00, 85, otc]
[2064, 17.3, 16.8, 17.30, 16.85, 49, otc]
[2065, 60.2, 59.3, 60.00, 59.50, 284, otc]
[2066, 102.0, 94.5, 101.50, 96.30, 1294, otc]
[2067, 13.35, 12.05, 12.05, 13.35, 490, otc]
[2069, 19.95, 19.5, 19.70, 19.80, 321, tse]
[2070, 33.05, 32.4, 32.40, 32.85, 32, otc]
[2073, 35.0, 32.65, 33.00, 34.95, 1053, otc]
[2101, 41.5, 40.3, 41.35, 40.55, 4574, tse]
[2102, 19.5, 18.95, 19.45, 19.20, 2131, tse]
[2103, 27.05, 26.6, 27.00, 26.85, 3501, tse]
[2104, 24.25, 21.7, 24.15, 21.90, 68269, tse]
[2105, 41.65, 40.55, 41.20, 41.00, 20277, tse]
[2106, 32.1, 31.65, 32.00, 32.10, 1902, tse]
[2107, 22.45, 22.15, 22.20, 22.25, 2137, tse]
[2108, 38.9, 38.1, 38.30, 38.35, 1876, tse]
[2109, 15.1, 14.75, 14.85, 14.90, 2002, tse]
[2114, 115.5, 114.0, 114.50, 115.50, 77, tse]
[2115, 34.7, 33.7, 34.35, 34.45, 332, tse]
[2201, 84.2, 81.8, 83.20, 82.00, 24677, tse]
[2204, 93.8, 91.1, 92.70, 92.70, 11518, tse]
[2206, 95.0, 88.7, 91.60, 91.10, 42505, tse]
[2207, 848.0, 815.0, 824.00, 824.00, 604, tse]
[2208, 24.95, 24.15, 24.25, 24.35, 10530, tse]
[2211, 68.6, 66.3, 67.20, 66.50, 11868, tse]
[2221, 42.1, 41.7, 42.10, 41.80, 105, otc]
[2227, 205.0, 200.0, 204.00, 201.50, 75, tse]
[2228, 97.0, 92.2, 95.00, 96.90, 1729, tse]
[2230, 95.8, 81.3, 81.90, 84.00, 6962, otc]
[2231, 170.5, 163.0, 170.00, 167.50, 1559, tse]
[2233, 111.5, 109.0, 111.50, 110.00, 411, tse]
[2235, 47.0, 46.5, 46.60, 46.55, 70, otc]
[2236, 58.9, 54.1, 55.00, 58.90, 2774, tse]
[2239, 82.8, 79.5, 81.40, 79.90, 1229, tse]
[2241, 35.65, 34.85, 35.15, 35.65, 206, tse]
[2243, 19.25, 18.2, 19.00, 19.00, 322, tse]
[2247, 342.0, 305.0, 310.00, 337.00, 3822, tse]
[2250, 71.8, 70.3, 71.30, 70.30, 105, tse]
[2301, 111.5, 102.0, 105.00, 105.00, 96989, tse]
[2302, 20.75, 19.85, 20.75, 20.25, 4298, tse]
[2303, 54.3, 52.8, 53.70, 53.90, 195054, tse]
[2305, 25.85, 23.9, 23.90, 24.70, 3890, tse]
[2308, 378.0, 360.5, 367.00, 364.00, 41621, tse]
[2312, 15.9, 14.8, 15.80, 15.35, 110581, tse]
[2313, 43.6, 43.1, 43.60, 43.25, 9270, tse]
[2314, 45.15, 44.3, 45.00, 44.95, 2782, tse]
[2316, 28.45, 28.05, 28.20, 28.35, 333, tse]
[2317, 113.5, 111.0, 111.50, 113.00, 90919, tse]
[2321, 18.65, 18.55, 18.55, 18.60, 14, tse]
[2323, 15.0, 13.4, 13.55, 14.60, 209646, tse]
[2324, 29.75, 27.65, 29.75, 29.35, 135055, tse]
[2327, 506.0, 490.0, 502.00, 491.00, 5555, tse]
[2328, 41.3, 40.05, 40.70, 40.20, 8633, tse]
[2329, 23.6, 22.9, 23.40, 23.45, 10504, tse]
[2330, 585.0, 578.0, 583.00, 581.00, 55614, tse]
[2331, 31.2, 29.15, 29.75, 30.70, 38270, tse]
[2332, 21.2, 19.8, 20.45, 21.05, 20315, tse]
[2337, 35.2, 32.2, 34.85, 32.25, 125666, tse]
[2338, 81.8, 79.6, 81.00, 80.00, 3125, tse]
[2340, 44.3, 37.5, 37.50, 44.30, 40634, tse]
[2342, 40.8, 39.8, 40.20, 40.15, 1511, tse]
[2344, 29.1, 28.2, 29.00, 28.95, 87649, tse]
[2345, 367.5, 352.0, 360.00, 358.00, 7654, tse]
[2347, 59.6, 58.7, 59.20, 59.40, 7171, tse]
[2348, 72.9, 71.4, 72.30, 72.90, 204, tse]
[2349, 9.68, 9.35, 9.50, 9.57, 6649, tse]
[2351, 129.0, 122.5, 124.00, 129.00, 4065, tse]
[2352, 48.0, 45.7, 47.80, 47.65, 41956, tse]
[2353, 33.7, 31.85, 33.35, 33.70, 168718, tse]
[2354, 56.7, 55.6, 56.10, 55.60, 6245, tse]
[2355, 32.6, 31.8, 32.10, 32.50, 2003, tse]
[2356, 45.25, 42.4, 45.20, 44.75, 239616, tse]
[2357, 317.5, 308.0, 314.50, 314.50, 10553, tse]
[2358, 10.95, 10.7, 10.70, 10.85, 2031, tse]
[2359, 36.7, 34.0, 35.05, 36.05, 15903, tse]
[2360, 263.5, 247.5, 254.00, 252.00, 8014, tse]
[2362, 35.9, 33.0, 35.60, 33.15, 9975, tse]
[2363, 18.65, 18.2, 18.20, 18.50, 5399, tse]
[2364, 104.0, 100.0, 101.50, 101.00, 406, tse]
[2365, 12.15, 11.5, 12.00, 12.00, 4607, tse]
[2367, 18.15, 17.85, 18.00, 17.90, 4726, tse]
[2368, 148.0, 136.0, 141.00, 142.00, 49900, tse]
[2369, 15.8, 15.35, 15.50, 15.55, 3648, tse]
[2371, 52.3, 45.3, 45.90, 51.70, 287938, tse]
[2373, 81.1, 79.9, 80.70, 80.60, 311, tse]
[2374, 21.1, 20.6, 20.80, 20.75, 3176, tse]
[2375, 68.8, 67.5, 68.70, 68.20, 1001, tse]
[2376, 261.0, 248.0, 253.00, 260.00, 50171, tse]
[2377, 177.0, 172.0, 176.50, 176.00, 14442, tse]
[2379, 402.5, 387.0, 399.00, 391.00, 5726, tse]
[2380, 10.1, 9.98, 10.10, 10.00, 1393, tse]
[2382, 153.0, 142.5, 148.00, 151.50, 158380, tse]
[2383, 247.5, 238.0, 243.50, 240.50, 10544, tse]
[2385, 95.9, 94.0, 95.50, 94.90, 15351, tse]
[2387, 43.7, 42.7, 43.00, 43.15, 1407, tse]
[2388, 84.4, 79.8, 83.90, 79.80, 22915, tse]
[2390, 13.2, 12.7, 12.90, 12.80, 2303, tse]
[2392, 42.1, 41.4, 41.85, 41.90, 2337, tse]
[2393, 50.1, 48.55, 49.55, 50.10, 4347, tse]
[2395, 424.5, 406.5, 419.50, 418.00, 3140, tse]
[2397, 81.7, 78.5, 81.70, 81.00, 483, tse]
[2399, 23.3, 22.1, 22.50, 22.95, 17946, tse]
[2401, 31.2, 29.45, 30.00, 29.90, 23219, tse]
[2402, 31.85, 30.9, 31.05, 31.65, 20141, tse]
[2404, 220.0, 213.5, 220.00, 217.50, 4361, tse]
[2405, 15.4, 14.45, 14.55, 15.20, 68964, tse]
[2406, 18.5, 18.0, 18.25, 18.45, 4451, tse]
[2408, 78.8, 73.7, 78.00, 74.60, 38463, tse]
[2409, 20.5, 18.55, 18.60, 20.10, 368111, tse]
[2412, 126.0, 125.0, 125.50, 126.00, 22409, tse]
[2413, 34.2, 31.15, 31.15, 33.70, 12175, tse]
[2414, 36.25, 35.8, 36.00, 36.20, 233, tse]
[2415, 24.8, 23.85, 24.10, 24.35, 486, tse]
[2417, 22.4, 21.75, 22.20, 22.20, 1009, tse]
[2419, 28.15, 27.35, 27.80, 27.75, 3926, tse]
[2420, 46.35, 45.9, 46.20, 46.30, 470, tse]
[2421, 99.7, 89.9, 94.50, 92.10, 51393, tse]
[2423, 39.2, 37.0, 38.70, 37.30, 1304, tse]
[2424, 47.0, 41.6, 42.00, 46.90, 1440, tse]
[2425, 41.3, 39.2, 40.60, 40.80, 13134, tse]
[2426, 19.15, 18.35, 18.40, 18.80, 1822, tse]
[2427, 27.5, 24.3, 24.40, 27.00, 61283, tse]
[2428, 167.0, 157.0, 159.00, 166.00, 3584, tse]
[2429, 22.25, 20.15, 20.40, 20.40, 651, tse]
[2430, 43.05, 42.65, 42.95, 43.00, 290, tse]
[2431, 12.95, 12.25, 12.30, 12.60, 2267, tse]
[2432, 51.8, 49.0, 49.00, 49.00, 81, tse]
[2433, 53.6, 53.0, 53.60, 53.60, 267, tse]
[2434, 30.7, 30.0, 30.60, 30.70, 24, tse]
[2436, 56.2, 53.0, 55.30, 53.00, 5948, tse]
[2438, 24.45, 23.85, 24.05, 24.45, 510, tse]
[2439, 94.7, 92.5, 94.30, 93.90, 2277, tse]
[2440, 12.15, 11.6, 11.85, 11.90, 568, tse]
[2441, 57.4, 55.4, 57.20, 56.10, 2107, tse]
[2442, 18.7, 18.0, 18.10, 18.60, 3865, tse]
[2443, 3.63, 3.51, 3.55, 3.52, 325, tse]
[2444, 11.7, 11.5, 11.65, 11.70, 1057, tse]
[2449, 56.5, 54.8, 56.00, 55.90, 22534, tse]
[2450, 36.9, 34.2, 36.60, 34.50, 1887, tse]
[2451, 78.8, 77.2, 78.80, 78.00, 2132, tse]
[2453, 75.4, 68.0, 69.40, 74.80, 38709, tse]
[2454, 793.0, 683.0, 769.00, 693.00, 66232, tse]
[2455, 128.0, 121.5, 123.50, 126.00, 8314, tse]
[2457, 81.9, 78.5, 79.60, 81.80, 53157, tse]
[2458, 106.5, 101.0, 106.50, 101.50, 4063, tse]
[2459, 59.3, 58.4, 59.30, 59.10, 224, tse]
[2460, 23.5, 22.45, 22.90, 23.10, 1665, tse]
[2461, 24.15, 22.0, 24.00, 22.10, 6679, tse]
[2462, 34.3, 32.75, 33.55, 33.85, 3311, tse]
[2464, 38.95, 38.0, 38.15, 38.20, 982, tse]
[2465, 37.5, 36.8, 37.15, 37.25, 718, tse]
[2466, 40.0, 36.25, 36.60, 40.00, 69, tse]
[2467, 49.6, 47.85, 49.00, 49.60, 1077, tse]
[2468, 44.0, 39.0, 42.60, 43.90, 66964, tse]
[2471, 63.8, 60.7, 62.20, 62.00, 6831, tse]
[2472, 63.4, 62.5, 63.10, 63.00, 533, tse]
[2474, 192.0, 186.5, 187.00, 190.00, 8563, tse]
[2476, 51.0, 49.7, 50.20, 50.20, 1522, tse]
[2477, 21.1, 20.65, 21.05, 21.10, 150, tse]
[2478, 48.85, 47.95, 47.95, 48.75, 506, tse]
[2480, 119.0, 111.0, 119.00, 115.00, 2560, tse]
[2481, 69.6, 67.0, 68.80, 69.30, 7719, tse]
[2482, 79.8, 72.5, 75.20, 73.10, 34880, tse]
[2483, 27.9, 27.05, 27.90, 27.45, 1019, tse]
[2484, 36.35, 35.7, 36.10, 35.90, 2205, tse]
[2485, 20.95, 20.05, 20.05, 20.40, 6454, tse]
[2486, 46.5, 44.0, 45.00, 44.60, 19215, tse]
[2488, 33.35, 32.7, 33.35, 32.90, 718, tse]
[2489, 15.3, 14.35, 14.35, 14.90, 21699, tse]
[2491, 16.0, 15.45, 15.70, 15.75, 299, tse]
[2492, 97.0, 94.6, 95.90, 94.90, 5455, tse]
[2493, 65.5, 63.8, 65.40, 65.30, 1272, tse]
[2495, 23.55, 22.75, 23.50, 23.20, 6603, tse]
[2496, 53.3, 52.5, 53.30, 53.10, 58, tse]
[2497, 72.8, 70.5, 72.80, 70.70, 2376, tse]
[2498, 60.5, 58.1, 60.30, 58.70, 28664, tse]
[2501, 16.35, 16.2, 16.25, 16.30, 2238, tse]
[2504, 28.95, 25.9, 28.95, 26.15, 27052, tse]
[2505, 18.75, 18.35, 18.60, 18.60, 1038, tse]
[2506, 9.53, 9.44, 9.53, 9.46, 620, tse]
[2509, 17.0, 16.0, 16.50, 16.20, 500, tse]
[2511, 12.1, 11.95, 12.00, 12.10, 1105, tse]
[2514, 16.9, 16.55, 16.65, 16.90, 594, tse]
[2515, 11.35, 11.1, 11.30, 11.25, 35952, tse]
[2516, 5.53, 5.37, 5.41, 5.46, 1055, tse]
[2520, 29.95, 29.55, 29.85, 29.85, 1870, tse]
[2524, 32.5, 31.65, 31.75, 32.50, 93, tse]
[2527, 25.0, 24.75, 24.75, 24.95, 354, tse]
[2528, 27.6, 26.45, 27.60, 27.30, 1611, tse]
[2530, 25.0, 24.2, 25.00, 24.30, 2630, tse]
[2534, 22.9, 22.6, 22.80, 22.65, 2050, tse]
[2535, 33.2, 32.9, 33.20, 33.00, 1108, tse]
[2536, 26.65, 25.95, 26.20, 26.55, 1214, tse]
[2537, 7.63, 7.26, 7.26, 7.57, 8981, tse]
[2538, 13.05, 12.85, 13.05, 13.00, 1220, tse]
[2539, 41.4, 39.85, 41.40, 40.65, 1649, tse]
[2540, 78.5, 76.7, 78.30, 77.50, 1602, tse]
[2542, 42.5, 42.1, 42.25, 42.25, 7092, tse]
[2543, 10.3, 10.0, 10.15, 10.15, 763, tse]
[2545, 47.15, 45.3, 46.95, 45.55, 5208, tse]
[2546, 71.9, 70.1, 70.60, 71.80, 227, tse]
[2547, 9.13, 9.06, 9.11, 9.11, 3304, tse]
[2548, 91.2, 90.2, 91.00, 90.60, 1691, tse]
[2596, 22.8, 22.5, 22.65, 22.80, 172, otc]
[2597, 118.0, 115.5, 115.50, 117.50, 418, tse]
[2601, 9.21, 9.03, 9.13, 9.09, 5801, tse]
[2603, 166.0, 158.0, 166.00, 158.00, 122793, tse]
[2605, 21.6, 20.85, 21.60, 20.90, 6137, tse]
[2606, 49.5, 48.05, 49.50, 48.10, 13522, tse]
[2607, 29.15, 28.45, 28.50, 29.00, 9045, tse]
[2608, 39.55, 39.2, 39.35, 39.55, 512, tse]
[2609, 64.9, 61.2, 64.80, 61.50, 89383, tse]
[2610, 28.5, 27.3, 27.95, 27.90, 512256, tse]
[2611, 14.25, 13.75, 14.05, 13.75, 2854, tse]
[2612, 41.8, 40.8, 41.75, 41.15, 844, tse]
[2613, 22.2, 21.6, 22.20, 22.00, 365, tse]
[2614, 18.6, 18.15, 18.50, 18.50, 4054, tse]
[2615, 63.0, 59.2, 63.00, 60.20, 19202, tse]
[2616, 32.8, 32.45, 32.80, 32.70, 258, tse]
[2617, 31.1, 30.2, 31.10, 30.45, 2523, tse]
[2618, 41.6, 39.6, 40.55, 40.45, 406101, tse]
[2630, 65.3, 59.3, 60.30, 61.50, 30130, tse]
[2633, 32.7, 32.3, 32.45, 32.60, 9993, tse]
[2634, 67.3, 58.9, 59.20, 63.40, 289256, tse]
[2636, 72.5, 70.5, 72.50, 70.90, 1343, tse]
[2637, 50.8, 49.7, 50.80, 50.00, 8811, tse]
[2640, 130.5, 121.5, 130.00, 123.00, 743, otc]
[2641, 18.05, 17.6, 17.95, 17.65, 2292, otc]
[2642, 44.95, 44.05, 44.50, 44.35, 375, tse]
[2643, 72.0, 70.0, 72.00, 70.30, 804, otc]
[2645, 120.0, 111.0, 111.00, 117.50, 17675, tse]
[2701, 15.5, 14.15, 14.20, 14.45, 13000, tse]
[2702, 31.75, 25.6, 25.60, 29.35, 30686, tse]
[2704, 59.5, 52.9, 53.20, 55.50, 4923, tse]
[2705, 28.45, 23.05, 23.20, 26.55, 122342, tse]
[2706, 20.65, 17.8, 18.00, 18.70, 32980, tse]
[2707, 313.0, 285.0, 307.00, 285.00, 10915, tse]
[2712, 46.0, 40.1, 40.10, 42.60, 8524, tse]
[2718, 49.0, 46.8, 47.50, 49.00, 236, otc]
[2719, 118.0, 100.0, 100.50, 112.00, 1892, otc]
[2722, 119.0, 98.8, 98.80, 113.00, 19542, tse]
[2723, 154.0, 147.5, 150.50, 147.50, 1901, tse]
[2724, 14.35, 13.0, 13.05, 13.40, 46, otc]
[2726, 27.0, 26.15, 26.40, 26.70, 160, otc]
[2727, 343.0, 327.5, 339.00, 330.00, 3692, tse]
[2729, 312.0, 300.0, 301.50, 308.50, 291, otc]
[2731, 184.0, 174.0, 174.00, 177.00, 13940, tse]
[2732, 183.5, 170.0, 180.00, 170.50, 2491, otc]
[2734, 69.0, 62.9, 62.90, 68.10, 3781, otc]
[2736, 56.1, 42.4, 42.45, 52.70, 48543, otc]
[2739, 86.0, 72.2, 72.20, 78.10, 12535, tse]
[2740, 42.4, 40.65, 41.25, 42.40, 12, otc]
[2743, 167.0, 161.0, 162.50, 164.00, 1078, otc]
[2745, 113.0, 102.0, 102.00, 113.00, 1432, otc]
[2748, 130.0, 101.5, 102.50, 115.50, 109235, tse]
[2752, 278.0, 275.0, 278.00, 275.00, 16, otc]
[2753, 195.5, 191.5, 192.00, 192.00, 1384, tse]
[2754, 215.5, 191.0, 211.00, 193.50, 2439, otc]
[2755, 182.0, 158.5, 170.00, 180.00, 1109, otc]
[2756, 137.0, 131.0, 136.50, 135.00, 74, otc]
[2801, 18.9, 18.45, 18.55, 18.75, 109172, tse]
[2809, 36.05, 35.05, 35.40, 35.65, 11349, tse]
[2812, 14.9, 14.75, 14.80, 14.90, 10642, tse]
[2816, 18.9, 18.4, 18.60, 18.85, 360, tse]
[2820, 15.5, 15.3, 15.45, 15.45, 1800, tse]
[2832, 23.4, 22.8, 23.20, 22.95, 1003, tse]
[2834, 14.2, 14.0, 14.05, 14.20, 33586, tse]
[2836, 12.45, 12.3, 12.35, 12.35, 1418, tse]
[2838, 16.8, 16.45, 16.65, 16.70, 2420, tse]
[2845, 11.85, 11.5, 11.55, 11.80, 39861, tse]
[2849, 15.55, 15.2, 15.25, 15.50, 434, tse]
[2850, 52.3, 51.5, 51.60, 51.90, 353, tse]
[2851, 21.0, 20.65, 20.90, 21.00, 4640, tse]
[2852, 16.1, 15.95, 16.00, 16.10, 446, tse]
[2855, 17.9, 17.45, 17.90, 17.75, 3899, tse]
[2867, 5.39, 5.26, 5.31, 5.38, 28585, tse]
[2880, 22.4, 22.15, 22.20, 22.35, 20586, tse]
[2881, 61.5, 60.7, 61.10, 61.40, 33167, tse]
[2882, 44.5, 43.65, 44.00, 44.40, 38821, tse]
[2883, 12.8, 12.6, 12.75, 12.70, 90215, tse]
[2884, 26.45, 26.05, 26.20, 26.40, 31715, tse]
[2885, 24.6, 24.2, 24.25, 24.35, 67670, tse]
[2886, 37.75, 36.5, 36.80, 37.75, 133829, tse]
[2887, 19.15, 18.85, 18.90, 19.15, 48226, tse]
[2888, 9.07, 8.97, 9.04, 9.01, 130689, tse]
[2889, 12.2, 12.0, 12.15, 12.00, 12542, tse]
[2890, 17.35, 17.2, 17.25, 17.25, 63393, tse]
[2891, 25.15, 24.5, 24.55, 25.10, 84786, tse]
[2892, 28.0, 27.55, 27.60, 27.90, 29662, tse]
[2897, 10.15, 10.0, 10.05, 10.05, 11694, tse]
[2901, 29.0, 26.7, 28.80, 27.95, 445, tse]
[2903, 23.8, 23.3, 23.60, 23.65, 3418, tse]
[2904, 20.5, 20.2, 20.35, 20.40, 109, tse]
[2905, 15.35, 15.0, 15.35, 15.25, 1550, tse]
[2906, 17.7, 17.2, 17.40, 17.50, 1715, tse]
[2908, 20.3, 20.0, 20.15, 20.25, 846, tse]
[2910, 31.5, 29.95, 30.00, 31.50, 63, tse]
[2911, 7.59, 7.28, 7.28, 7.52, 738, tse]
[2912, 287.0, 283.0, 284.00, 284.50, 1961, tse]
[2913, 24.2, 23.4, 23.80, 23.85, 38584, tse]
[2915, 60.0, 58.7, 59.60, 58.70, 6277, tse]
[2916, 50.4, 46.9, 50.20, 48.00, 1237, otc]
[2923, 27.3, 25.4, 25.80, 27.15, 226, tse]
[2924, 31.15, 23.3, 23.30, 29.60, 69, otc]
[2926, 64.6, 63.5, 63.50, 64.60, 59, otc]
[2929, 12.5, 12.1, 12.50, 12.10, 826, tse]
[2937, 35.25, 33.5, 33.80, 34.10, 74, otc]
[2939, 31.55, 30.6, 31.35, 30.70, 635, tse]
[2945, 42.45, 41.7, 42.20, 42.45, 36, tse]
[2947, 91.1, 88.3, 91.10, 88.30, 42, otc]
[3002, 15.0, 13.85, 14.25, 14.30, 2922, tse]
[3003, 88.0, 82.5, 84.20, 87.70, 8888, tse]
[3004, 99.2, 94.8, 95.20, 94.90, 2121, tse]
[3005, 73.4, 70.3, 71.30, 72.80, 12501, tse]
[3006, 90.5, 83.5, 89.90, 83.50, 18003, tse]
[3008, 2200.0, 2130.0, 2,200.00, 2,130.00, 1745, tse]
[3010, 87.9, 86.4, 87.60, 87.80, 3074, tse]
[3011, 31.05, 27.75, 27.95, 29.20, 18979, tse]
[3013, 30.8, 27.6, 27.65, 29.70, 47567, tse]
[3014, 122.5, 111.0, 122.50, 116.00, 7458, tse]
[3015, 53.3, 51.8, 52.30, 52.50, 4275, tse]
[3016, 66.2, 64.8, 65.50, 65.20, 1347, tse]
[3017, 259.0, 243.5, 247.00, 249.50, 53623, tse]
[3019, 69.0, 66.5, 68.20, 66.80, 2894, tse]
[3021, 23.35, 22.5, 23.05, 22.75, 570, tse]
[3022, 93.1, 90.5, 92.00, 91.80, 6556, tse]
[3023, 377.0, 364.0, 366.50, 367.00, 2199, tse]
[3024, 16.45, 15.15, 16.45, 16.05, 12876, tse]
[3025, 47.3, 43.7, 43.80, 44.90, 33396, tse]
[3026, 107.5, 105.0, 107.00, 107.50, 484, tse]
[3027, 56.7, 50.1, 50.50, 53.10, 38121, tse]
[3028, 35.0, 34.2, 35.00, 34.70, 2851, tse]
[3029, 64.3, 62.3, 62.60, 62.80, 5973, tse]
[3030, 60.3, 59.6, 60.20, 60.20, 1383, tse]
[3031, 20.75, 20.05, 20.55, 20.75, 1111, tse]
[3032, 67.5, 58.5, 59.30, 67.50, 31875, tse]
[3033, 33.85, 33.15, 33.80, 33.40, 8478, tse]
[3034, 461.0, 441.0, 457.00, 450.00, 12514, tse]
[3035, 200.5, 191.0, 194.50, 199.00, 38148, tse]
[3036, 68.3, 67.0, 67.00, 68.00, 3412, tse]
[3037, 190.5, 183.0, 189.00, 187.00, 52478, tse]
[3038, 38.35, 35.65, 36.50, 37.60, 20475, tse]
[3040, 33.25, 32.2, 32.90, 33.25, 109, tse]
[3041, 20.0, 19.6, 19.65, 19.90, 1322, tse]
[3042, 97.0, 93.4, 94.40, 96.30, 6963, tse]
[3043, 42.0, 38.85, 39.30, 39.15, 1228, tse]
[3044, 123.5, 119.5, 122.50, 122.50, 8468, tse]
[3045, 103.5, 101.5, 102.50, 101.50, 13738, tse]
[3046, 101.0, 93.0, 94.40, 95.00, 17267, tse]
[3047, 16.2, 15.85, 16.00, 16.15, 3787, tse]
[3048, 28.3, 28.0, 28.30, 28.30, 770, tse]
[3049, 11.45, 10.15, 10.15, 11.20, 42519, tse]
[3050, 16.55, 16.2, 16.45, 16.50, 1207, tse]
[3051, 20.4, 19.5, 19.55, 19.90, 4786, tse]
[3052, 12.3, 12.05, 12.25, 12.20, 1367, tse]
[3054, 23.25, 20.85, 22.60, 21.10, 427, tse]
[3055, 41.6, 38.8, 40.30, 40.75, 11752, tse]
[3056, 49.75, 45.0, 49.75, 45.65, 27221, tse]
[3057, 12.15, 11.9, 11.90, 12.10, 280, tse]
[3058, 31.0, 29.05, 30.40, 30.60, 15613, tse]
[3059, 36.0, 34.9, 36.00, 35.20, 3747, tse]
[3060, 17.9, 17.4, 17.90, 17.45, 1068, tse]
[3062, 22.4, 21.95, 22.40, 22.10, 4347, tse]
[3064, 14.0, 14.0, 14.00, 14.00, 2, otc]
[3066, 22.75, 21.25, 21.40, 22.15, 227, otc]
[3067, NaN, NaN, NaN, NaN, 0, otc]
[3071, 36.8, 33.3, 33.35, 35.85, 19422, otc]
[3073, 37.15, 35.2, 37.05, 37.15, 263, otc]
[3078, 86.2, 81.1, 83.00, 82.20, 56822, otc]
[3081, 102.0, 99.3, 101.00, 100.00, 1749, otc]
[3083, 49.9, 46.8, 47.05, 48.75, 3505, otc]
[3085, 21.0, 20.3, 20.90, 20.95, 16, otc]
[3086, 83.8, 73.1, 73.10, 77.20, 521, otc]
[3088, 84.7, 80.1, 84.30, 81.40, 3132, otc]
[3089, 82.3, 70.0, 70.50, 82.20, 1110, otc]
[3090, 59.1, 58.3, 58.40, 58.60, 2049, tse]
[3092, 40.85, 37.4, 37.50, 40.10, 5240, tse]
[3093, 38.25, 36.6, 37.20, 38.00, 1513, otc]
[3094, 33.9, 32.9, 33.40, 33.05, 1647, tse]
[3095, 24.2, 23.4, 23.60, 23.40, 13, otc]
[3105, 180.0, 169.5, 178.50, 170.00, 9446, otc]
[3114, 27.9, 27.1, 27.90, 27.40, 170, otc]
[3115, 10.6, 10.3, 10.40, 10.55, 47, otc]
[3118, 30.5, 29.9, 30.25, 30.00, 206, otc]
[3122, 26.5, 25.1, 25.10, 25.60, 707, otc]
[3128, 44.45, 41.6, 43.40, 42.20, 3575, otc]
[3130, 214.0, 213.5, 213.50, 214.00, 30, tse]
[3131, 572.0, 536.0, 548.00, 563.00, 2711, otc]
[3138, 151.0, 147.0, 150.00, 148.50, 447, tse]
[3141, 105.0, 101.0, 103.00, 101.50, 2304, otc]
[3147, 80.4, 74.6, 77.10, 78.00, 3263, otc]
[3149, 14.55, 14.25, 14.40, 14.50, 1695, tse]
[3152, 228.0, 219.0, 227.00, 220.50, 161, otc]
[3162, 56.0, 53.4, 55.70, 53.40, 5216, otc]
[3163, 63.4, 60.9, 62.80, 62.20, 5465, otc]
[3164, 25.85, 25.1, 25.40, 25.85, 198, tse]
[3167, 43.5, 42.0, 42.90, 43.50, 155, tse]
[3169, 131.0, 126.5, 128.50, 128.50, 1301, otc]
[3171, 19.2, 18.7, 18.70, 18.85, 81, otc]
[3176, 33.8, 32.8, 33.70, 32.85, 702, otc]
[3178, 106.0, 101.0, 101.00, 103.50, 3057, otc]
[3188, 14.5, 14.2, 14.20, 14.35, 284, otc]
[3189, 117.0, 114.5, 114.50, 115.50, 9806, tse]
[3191, 9.18, 8.36, 8.70, 8.90, 161, otc]
[3202, 20.5, 18.8, 19.20, 20.40, 13996, otc]
[3205, 49.15, 45.2, 46.20, 48.20, 2242, otc]
[3206, 37.55, 36.95, 37.20, 37.10, 648, otc]
[3207, 83.4, 77.1, 77.80, 81.40, 15749, otc]
[3209, 41.75, 41.0, 41.70, 41.20, 2098, tse]
[3211, 79.6, 78.6, 79.60, 78.80, 567, otc]
[3213, 63.1, 60.6, 62.00, 61.80, 3666, otc]
[3217, 141.5, 129.5, 137.50, 139.00, 21496, otc]
[3218, 422.0, 402.0, 419.00, 402.50, 1059, otc]
[3219, 50.2, 49.25, 49.25, 49.50, 24, otc]
[3221, 29.8, 29.3, 29.50, 29.50, 975, otc]
[3224, 50.2, 46.2, 50.10, 46.65, 2077, otc]
[3226, 60.3, 60.3, 60.30, 60.30, 2, otc]
[3227, 115.5, 112.0, 114.00, 112.00, 904, otc]
[3228, 174.5, 162.0, 164.00, 163.50, 3439, otc]
[3229, 19.4, 19.1, 19.10, 19.40, 47, tse]
[3230, 14.95, 14.55, 14.95, 14.65, 339, otc]
[3231, 85.4, 75.3, 80.30, 84.10, 410110, tse]
[3232, 28.1, 27.2, 27.80, 27.50, 2176, otc]
[3234, 24.7, 22.6, 22.90, 24.50, 2440, otc]
[3236, 28.15, 27.55, 28.10, 27.55, 1013, otc]
[3252, 30.0, 24.5, 24.50, 26.60, 38513, otc]
[3257, 68.8, 66.3, 66.40, 68.70, 332, tse]
[3259, 23.0, 22.4, 22.90, 22.95, 269, otc]
[3260, 94.3, 89.1, 92.00, 90.60, 36096, otc]
[3264, 66.5, 60.0, 64.20, 60.20, 45365, otc]
[3265, 70.7, 68.4, 70.00, 70.40, 5910, otc]
[3266, 13.8, 13.65, 13.75, 13.80, 189, tse]
[3268, 23.2, 22.75, 22.75, 22.90, 155, otc]
[3272, 44.25, 43.1, 43.30, 43.55, 681, otc]
[3276, 14.75, 14.4, 14.60, 14.65, 369, otc]
[3284, 15.9, 15.7, 15.85, 15.80, 381, otc]
[3285, 20.7, 20.4, 20.65, 20.45, 46, otc]
[3287, 25.85, 20.65, 21.10, 24.85, 9273, otc]
[3288, 22.5, 21.4, 21.90, 22.50, 23, otc]
[3289, 95.0, 89.3, 93.20, 93.80, 9151, otc]
[3290, 26.9, 26.15, 26.55, 26.20, 2744, otc]
[3293, 638.0, 607.0, 615.00, 608.00, 3605, otc]
[3294, 19.2, 18.8, 18.95, 19.10, 1025, otc]
[3296, 17.1, 16.45, 16.75, 17.00, 1662, tse]
[3297, 18.05, 17.55, 17.85, 17.75, 205, otc]
[3303, 28.15, 27.45, 27.55, 27.85, 407, otc]
[3305, 53.6, 51.7, 53.50, 52.80, 1994, tse]
[3306, 37.0, 35.0, 35.70, 36.45, 3143, otc]
[3308, 46.6, 43.3, 45.10, 45.00, 5804, tse]
[3310, 80.0, 76.8, 79.30, 80.00, 160, otc]
[3311, 34.95, 34.25, 34.75, 34.90, 113, tse]
[3312, 23.5, 23.0, 23.50, 23.40, 1162, tse]
[3313, 10.65, 10.3, 10.35, 10.40, 214, otc]
[3317, 53.7, 52.7, 53.70, 53.10, 492, otc]
[3321, 6.85, 6.55, 6.73, 6.78, 172, tse]
[3322, 20.2, 19.65, 20.10, 19.75, 1192, otc]
[3323, 36.05, 35.0, 35.90, 35.15, 716, otc]
[3324, 299.0, 283.0, 290.50, 292.50, 14973, otc]
[3325, 33.9, 28.65, 29.65, 33.10, 41079, otc]
[3332, 50.8, 49.7, 50.40, 49.70, 63, otc]
[3338, 50.0, 48.1, 48.60, 49.70, 1954, tse]
[3339, 14.65, 13.85, 13.90, 14.20, 948, otc]
[3346, 48.15, 47.1, 47.30, 47.80, 5110, tse]
[3349, 17.3, 16.25, 17.00, 17.00, 89, otc]
[3354, 14.95, 14.55, 14.55, 14.80, 242, otc]
[3356, 49.3, 46.5, 46.55, 48.70, 15695, tse]
[3357, 105.0, 98.0, 104.00, 100.00, 642, otc]
[3360, 14.95, 14.0, 14.95, 14.05, 924, otc]
[3362, 104.5, 98.3, 102.50, 99.40, 5498, otc]
[3363, 49.35, 45.75, 47.35, 45.85, 22835, otc]
[3372, 14.3, 13.05, 13.10, 13.75, 5389, otc]
[3373, 22.55, 22.2, 22.20, 22.35, 58, otc]
[3374, 130.5, 122.5, 128.00, 123.00, 11820, otc]
[3376, 91.9, 89.9, 91.90, 90.40, 895, tse]
[3379, 12.6, 12.4, 12.60, 12.60, 144, otc]
[3380, 41.25, 38.65, 40.30, 40.20, 21454, tse]
[3388, 74.4, 74.0, 74.20, 74.10, 230, otc]
[3390, 18.1, 17.8, 18.00, 17.80, 565, otc]
[3402, 51.7, 50.9, 51.70, 51.60, 442, otc]
[3406, 400.0, 389.5, 398.50, 389.50, 3175, tse]
[3413, 208.0, 202.5, 203.00, 207.50, 2347, tse]
[3416, 119.5, 114.0, 119.50, 116.50, 730, tse]
[3419, 20.55, 19.35, 19.65, 19.90, 4167, tse]
[3426, 40.65, 39.8, 39.80, 40.45, 59, otc]
[3430, 52.4, 49.5, 49.65, 50.70, 1026, otc]
[3432, 12.25, 12.0, 12.00, 12.20, 475, tse]
[3434, 31.55, 29.7, 31.55, 30.15, 545, otc]
[3437, 19.55, 19.0, 19.20, 19.15, 486, tse]
[3438, 72.0, 68.3, 69.50, 70.00, 811, otc]
[3441, 43.35, 42.35, 42.90, 42.40, 613, otc]
[3443, 1725.0, 1615.0, 1,645.00, 1,625.00, 11651, tse]
[3444, 71.8, 69.1, 69.60, 70.70, 890, otc]
[3447, 48.7, 45.0, 46.15, 46.70, 1629, tse]
[3450, 38.15, 37.25, 37.95, 37.50, 795, tse]
[3454, 203.5, 191.0, 201.50, 195.50, 5349, tse]
[3455, 84.5, 83.0, 83.40, 83.50, 598, otc]
[3465, 86.5, 85.2, 86.10, 86.00, 60, otc]
[3466, 31.1, 29.4, 30.10, 30.35, 683, otc]
[3479, 121.5, 114.0, 116.50, 118.50, 3868, otc]
[3481, 16.65, 14.55, 14.65, 16.50, 830363, tse]
[3483, 88.8, 79.0, 80.30, 88.30, 19093, otc]
[3484, 44.5, 43.8, 44.50, 44.10, 432, otc]
[3489, 11.7, 11.55, 11.70, 11.60, 165, otc]
[3490, 26.45, 25.7, 25.70, 26.25, 337, otc]
[3491, 164.0, 159.5, 163.00, 161.50, 1399, otc]
[3492, 19.85, 19.5, 19.60, 19.50, 88, otc]
[3494, 8.45, 7.6, 7.70, 8.37, 990, tse]
[3498, 49.4, 47.6, 49.00, 48.40, 4876, otc]
[3499, 20.75, 20.05, 20.30, 20.25, 1025, otc]
[3501, 57.3, 55.9, 57.30, 56.40, 894, tse]
[3504, 78.6, 76.6, 77.80, 77.80, 1513, tse]
[3508, 33.3, 32.1, 33.25, 32.25, 724, otc]
[3511, 37.3, 35.95, 36.50, 36.50, 1587, otc]
[3512, 33.45, 32.5, 32.50, 32.90, 152, otc]
[3515, 238.0, 214.5, 220.00, 230.00, 17122, tse]
[3516, 18.45, 18.1, 18.30, 18.30, 86, otc]
[3518, 33.9, 29.3, 29.65, 33.30, 5226, tse]
[3520, 20.0, 19.2, 19.65, 19.20, 1127, otc]
[3521, 24.15, 23.0, 23.00, 24.00, 1496, otc]
[3522, 18.3, 17.3, 17.55, 17.80, 780, otc]
[3523, 14.0, 12.8, 14.00, 13.20, 50, otc]
[3526, 164.5, 155.5, 155.50, 163.50, 910, otc]
[3527, 111.5, 107.0, 109.50, 107.50, 410, otc]
[3528, 62.8, 60.4, 62.20, 60.90, 810, tse]
[3529, 2305.0, 2215.0, 2,245.00, 2,240.00, 1075, otc]
[3530, 81.3, 79.3, 80.10, 80.30, 169, tse]
[3531, 27.25, 27.0, 27.05, 27.20, 34, otc]
[3532, 169.0, 162.5, 165.50, 163.50, 3044, tse]
[3533, 904.0, 866.0, 881.00, 890.00, 3060, tse]
[3535, 20.8, 20.2, 20.35, 20.70, 1406, tse]
[3537, 40.0, 39.6, 40.00, 39.65, 273, otc]
[3540, 49.25, 47.0, 48.35, 48.90, 2525, otc]
[3541, 54.9, 53.9, 54.90, 54.20, 225, otc]
[3543, 23.85, 23.0, 23.85, 23.35, 567, tse]
[3545, 83.3, 79.3, 82.00, 80.00, 5019, tse]
[3546, 90.7, 87.9, 88.30, 89.60, 1456, otc]
[3548, 80.3, 76.0, 79.00, 77.00, 1826, otc]
[3550, 17.1, 16.0, 16.10, 17.00, 712, tse]
[3551, 69.8, 67.2, 69.50, 69.00, 431, otc]
[3552, 153.0, 147.0, 152.00, 151.00, 2242, otc]
[3555, 38.0, 36.0, 38.00, 37.50, 26, otc]
[3556, 69.6, 67.0, 68.20, 67.90, 299, otc]
[3557, 72.4, 69.3, 69.30, 71.30, 978, tse]
[3558, 254.0, 244.5, 252.00, 246.50, 2189, otc]
[3563, 227.0, 214.5, 221.00, 224.50, 1575, tse]
[3564, 53.3, 42.0, 42.00, 51.40, 7681, otc]
[3567, 31.75, 31.55, 31.55, 31.70, 87, otc]
[3570, 140.5, 135.0, 136.50, 138.00, 175, otc]
[3576, 19.6, 19.05, 19.45, 19.40, 22191, tse]
[3577, 75.0, 73.0, 73.50, 74.70, 87, otc]
[3580, 55.4, 53.9, 55.40, 54.00, 412, otc]
[3581, 26.1, 22.95, 22.95, 25.35, 4019, otc]
[3583, 165.5, 152.0, 157.00, 158.00, 13752, tse]
[3587, 239.5, 230.0, 232.50, 235.00, 1370, otc]
[3588, 56.0, 51.8, 56.00, 52.80, 1146, tse]
[3591, 25.75, 24.65, 25.30, 25.45, 4018, tse]
[3592, 382.0, 371.0, 379.00, 372.00, 1431, tse]
[3593, 12.75, 12.4, 12.70, 12.75, 115, tse]
[3594, 55.6, 52.9, 53.80, 55.30, 3054, otc]
[3596, 120.0, 116.5, 118.50, 118.00, 6517, tse]
[3597, 26.0, 25.55, 25.90, 25.65, 119, otc]
[3605, 30.5, 29.45, 29.50, 30.20, 461, tse]
[3607, 15.25, 14.8, 15.10, 15.15, 948, tse]
[3609, 47.2, 45.0, 45.20, 45.45, 41, otc]
[3611, 255.0, 242.5, 244.00, 252.50, 405, otc]
[3615, 22.6, 22.05, 22.40, 22.40, 1286, otc]
[3617, 224.5, 212.5, 218.50, 218.00, 3868, tse]
[3622, 36.3, 34.35, 35.35, 35.85, 998, tse]
[3623, 19.7, 18.4, 18.50, 19.10, 569, otc]
[3624, 64.1, 62.0, 63.50, 62.70, 3906, otc]
[3625, 17.75, 16.85, 17.05, 17.30, 1816, otc]
[3628, 56.5, 54.3, 55.60, 55.70, 476, otc]
[3629, 64.2, 56.7, 62.10, 63.40, 17, otc]
[3630, 35.95, 33.9, 35.05, 34.20, 3163, otc]
[3631, 32.0, 31.0, 31.60, 31.15, 87, otc]
[3632, 16.5, 15.7, 16.45, 15.90, 91, otc]
[3645, 39.35, 37.25, 39.35, 38.60, 1727, tse]
[3646, 30.45, 29.6, 30.30, 29.90, 738, otc]
[3652, 41.8, 37.35, 39.20, 39.85, 14771, tse]
[3653, 679.0, 631.0, 636.00, 655.00, 5382, tse]
[3661, 1885.0, 1775.0, 1,820.00, 1,810.00, 8134, tse]
[3663, 33.1, 31.7, 32.35, 32.00, 590, otc]
[3664, 35.4, 30.5, 30.70, 33.45, 1519, otc]
[3665, 321.5, 284.0, 284.00, 319.00, 18924, tse]
[3666, 23.85, 22.3, 22.65, 23.00, 525, otc]
[3669, 42.2, 41.85, 42.10, 41.95, 187, tse]
[3672, 26.5, 26.0, 26.20, 26.45, 153, otc]
[3673, 45.8, 40.65, 41.60, 45.05, 30741, tse]
[3675, 309.0, 288.0, 293.50, 305.00, 2947, otc]
[3679, 85.7, 83.6, 85.70, 84.20, 271, tse]
[3680, 428.5, 398.0, 401.00, 427.00, 6598, otc]
[3682, 7.0, 6.75, 6.84, 6.81, 6268, tse]
[3684, 60.4, 59.8, 60.40, 59.90, 12, otc]
[3685, 25.45, 22.7, 24.00, 24.10, 3144, otc]
[3686, 15.75, 15.0, 15.25, 15.20, 1078, tse]
[3687, 114.0, 87.3, 87.80, 107.00, 17982, otc]
[3689, 44.05, 42.9, 43.45, 44.05, 999, otc]
[3691, 103.5, 100.0, 103.00, 100.50, 712, otc]
[3693, 352.0, 289.0, 296.50, 333.00, 40990, otc]
[3694, 28.3, 27.7, 27.90, 28.10, 999, tse]
[3701, 70.9, 65.8, 68.00, 65.80, 9252, tse]
[3702, 54.8, 54.1, 54.50, 54.80, 12743, tse]
[3703, 31.5, 31.0, 31.45, 31.10, 4662, tse]
[3704, 43.25, 41.4, 43.00, 41.70, 6957, tse]
[3705, 46.05, 43.0, 45.80, 43.10, 2934, tse]
[3706, 36.45, 34.3, 36.45, 35.15, 93748, tse]
[3707, 88.6, 85.1, 86.20, 86.70, 9950, otc]
[3708, 97.7, 95.9, 97.70, 96.30, 1004, tse]
[3709, 23.6, 23.3, 23.60, 23.45, 54, otc]
[3710, 11.4, 11.2, 11.20, 11.30, 2081, otc]
[3711, 127.5, 124.5, 125.00, 126.50, 31059, tse]
[3712, 37.2, 36.1, 36.90, 36.25, 2552, tse]
[3713, 24.75, 24.0, 24.35, 24.55, 168, otc]
[3714, 54.3, 52.2, 52.30, 53.10, 13797, tse]
[3715, 31.0, 28.25, 28.85, 30.40, 30440, tse]
[4102, 31.45, 31.0, 31.40, 31.15, 559, otc]
[4104, 93.2, 91.6, 92.50, 91.80, 821, tse]
[4105, 77.1, 76.1, 76.40, 76.20, 1166, otc]
[4106, 32.7, 31.45, 31.55, 32.30, 1586, tse]
[4107, 114.5, 113.0, 114.00, 114.00, 220, otc]
[4108, 23.55, 21.25, 21.75, 22.75, 6574, tse]
[4109, 15.3, 14.3, 15.30, 14.40, 1338, otc]
[4111, 29.25, 28.75, 28.90, 28.85, 859, otc]
[4113, 16.9, 16.5, 16.60, 16.60, 944, otc]
[4114, 44.55, 42.1, 44.35, 42.15, 11643, otc]
[4116, 61.2, 58.8, 60.90, 58.90, 632, otc]
[4119, 121.5, 116.0, 120.00, 116.50, 948, tse]
[4120, 38.5, 37.7, 38.40, 38.00, 102, otc]
[4121, 27.45, 26.5, 27.45, 26.75, 3023, otc]
[4123, 53.5, 52.6, 53.00, 53.00, 5063, otc]
[4126, 88.9, 85.5, 88.50, 85.50, 967, otc]
[4127, 16.25, 14.8, 15.00, 15.30, 2051, otc]
[4128, 58.2, 56.2, 57.50, 56.40, 3948, otc]
[4129, 80.4, 74.7, 80.40, 75.10, 5182, otc]
[4130, 30.25, 29.3, 29.30, 29.65, 1885, otc]
[4131, 27.35, 26.15, 26.15, 27.15, 87, otc]
[4133, 35.75, 35.05, 35.25, 35.15, 407, tse]
[4137, 210.0, 204.5, 206.50, 207.50, 1462, tse]
[4138, 122.0, 111.0, 116.00, 115.00, 2700, otc]
[4139, 36.9, 36.2, 36.60, 36.40, 67, otc]
[4142, 38.2, 37.2, 38.00, 37.30, 1997, tse]
[4147, 99.5, 93.9, 97.20, 94.90, 5254, otc]
[4148, 60.2, 56.0, 58.80, 59.70, 331, tse]
[4153, 40.7, 39.65, 40.15, 39.85, 496, otc]
[4154, 27.25, 25.2, 26.50, 25.65, 49, otc]
[4155, 36.7, 34.6, 35.05, 36.30, 4250, tse]
[4157, 16.0, 15.6, 15.95, 15.65, 3244, otc]
[4160, 38.25, 37.6, 37.95, 38.00, 108, otc]
[4161, 38.45, 37.1, 37.15, 37.35, 705, otc]
[4162, 96.0, 92.8, 94.00, 93.40, 2129, otc]
[4163, 139.5, 134.5, 139.00, 135.00, 669, otc]
[4164, 62.1, 60.5, 61.20, 60.70, 1481, tse]
[4167, 17.45, 17.1, 17.30, 17.10, 1687, otc]
[4168, 30.8, 29.9, 30.75, 30.00, 1347, otc]
[4171, 52.6, 50.5, 52.60, 51.60, 426, otc]
[4173, 23.05, 22.2, 22.95, 22.30, 932, otc]
[4174, 89.3, 86.4, 89.00, 86.60, 897, otc]
[4175, 103.5, 100.0, 103.00, 100.00, 419, otc]
[4183, 20.95, 20.4, 20.60, 20.85, 69, otc]
[4188, 18.0, 16.55, 16.70, 17.30, 481, otc]
[4190, 88.0, 82.9, 87.80, 83.50, 2202, tse]
[4192, 17.35, 16.8, 17.25, 17.35, 271, otc]
[4198, 23.95, 23.85, 23.95, 23.85, 3, otc]
[4205, 106.0, 105.0, 105.00, 106.00, 58, otc]
[4207, 17.4, 16.8, 17.05, 17.15, 3748, otc]
[4303, 18.15, 17.4, 18.15, 17.40, 518, otc]
[4304, 10.05, 9.81, 9.91, 9.98, 52, otc]
[4305, 33.95, 33.0, 33.00, 33.25, 45, otc]
[4306, 16.15, 15.8, 16.05, 15.95, 3592, tse]
[4401, 26.6, 25.55, 25.55, 26.45, 221, otc]
[4402, 8.22, 7.8, 8.22, 7.80, 159, otc]
[4406, 11.7, 10.65, 11.15, 10.80, 3508, otc]
[4413, 16.8, 15.55, 15.75, 16.25, 170, otc]
[4416, 86.0, 85.9, 86.00, 85.90, 2, otc]
[4417, 43.8, 42.9, 43.15, 43.40, 552, otc]
[4419, 28.45, 27.3, 27.30, 27.80, 62, otc]
[4420, 29.9, 29.4, 29.40, 29.85, 47, otc]
[4426, 23.25, 22.5, 22.80, 23.10, 604, tse]
[4430, 23.35, 23.1, 23.25, 23.30, 28, otc]
[4432, 25.95, 25.1, 25.75, 25.25, 235, otc]
[4433, 34.35, 33.5, 33.95, 34.30, 142, otc]
[4438, 124.0, 121.5, 123.50, 122.50, 346, tse]
[4439, 127.0, 123.5, 126.00, 127.00, 105, tse]
[4440, 31.45, 30.5, 30.50, 31.00, 341, tse]
[4502, 37.0, 36.8, 36.80, 37.00, 30, otc]
[4503, 63.8, 59.2, 61.80, 63.80, 3254, otc]
[4506, 82.0, 79.3, 79.30, 80.50, 610, otc]
[4510, 18.1, 17.0, 17.80, 17.45, 7361, otc]
[4513, 20.6, 20.3, 20.50, 20.60, 357, otc]
[4523, 47.5, 43.05, 46.00, 43.25, 570, otc]
[4526, 19.2, 17.8, 18.85, 18.25, 7496, tse]
[4527, 33.5, 32.4, 33.50, 32.40, 245, otc]
[4528, 34.9, 34.45, 34.50, 34.65, 48, otc]
[4529, 10.3, 9.78, 10.00, 9.82, 678, otc]
[4530, 7.05, 6.86, 7.00, 6.93, 65, otc]
[4532, 18.2, 18.0, 18.15, 18.20, 1067, tse]
[4533, 26.0, 24.2, 24.90, 25.55, 21075, otc]
[4534, 11.1, 10.45, 11.10, 10.70, 925, otc]
[4535, 40.25, 38.1, 40.00, 38.45, 57, otc]
[4536, 201.5, 191.5, 192.50, 197.50, 3787, tse]
[4538, 32.3, 25.9, 32.30, 26.30, 6210, otc]
[4540, 41.4, 39.85, 39.85, 41.35, 300, tse]
[4541, 46.4, 42.0, 42.00, 44.50, 20201, otc]
[4542, 27.05, 26.35, 26.45, 26.45, 25, otc]
[4543, 61.7, 54.0, 61.10, 60.80, 26284, otc]
[4545, 30.0, 29.35, 29.85, 30.00, 139, tse]
[4549, 119.0, 104.0, 104.00, 116.50, 3819, otc]
[4550, 29.95, 29.5, 29.55, 29.95, 301, otc]
[4551, 155.0, 143.5, 146.50, 152.00, 3222, tse]
[4552, 34.2, 33.1, 33.90, 33.65, 760, tse]
[4554, 29.6, 28.2, 29.40, 28.75, 154, otc]
[4555, 53.2, 51.5, 53.20, 52.80, 93, tse]
[4556, 30.2, 30.0, 30.10, 30.00, 11, otc]
[4557, 116.5, 114.0, 115.00, 116.00, 327, tse]
[4558, 29.05, 28.35, 28.35, 28.85, 60, otc]
[4560, 39.5, 39.05, 39.35, 39.45, 175, tse]
[4561, 26.45, 24.1, 24.10, 26.20, 718, otc]
[4562, 16.7, 16.4, 16.45, 16.55, 248, tse]
[4563, 43.9, 41.55, 41.90, 43.55, 809, otc]
[4564, 30.0, 28.85, 30.00, 29.40, 7095, tse]
[4566, 60.3, 57.1, 58.00, 59.60, 5175, tse]
[4568, 57.8, 56.0, 56.00, 56.60, 17, otc]
[4571, 76.9, 75.5, 75.80, 76.90, 66, tse]
[4572, 194.5, 181.5, 190.50, 182.50, 7137, tse]
[4576, 76.7, 75.0, 75.50, 75.40, 180, tse]
[4577, 31.05, 30.8, 31.00, 30.80, 505, otc]
[4580, 99.5, 96.6, 96.80, 97.60, 456, otc]
[4581, 71.3, 63.2, 66.40, 71.30, 2174, tse]
[4583, 206.0, 197.0, 197.50, 206.00, 326, tse]
[4584, 48.7, 47.5, 48.00, 48.50, 35, otc]
[4609, 7.93, 7.33, 7.75, 7.93, 34, otc]
[4702, 14.9, 14.25, 14.35, 14.45, 502, otc]
[4706, 21.25, 19.95, 20.40, 20.50, 925, otc]
[4707, 13.1, 13.0, 13.05, 13.05, 921, otc]
[4711, 17.35, 16.75, 16.90, 16.90, 195, otc]
[4712, 3.99, 3.85, 3.99, 3.95, 49, otc]
[4714, 12.55, 12.25, 12.40, 12.40, 716, otc]
[4716, 13.05, 12.9, 12.95, 13.05, 549, otc]
[4720, 15.45, 15.1, 15.25, 15.25, 577, tse]
[4721, 100.0, 98.0, 99.40, 98.10, 814, otc]
[4722, 35.65, 34.9, 35.15, 35.65, 480, tse]
[4726, 44.35, 41.1, 43.65, 41.45, 3514, otc]
[4728, 211.0, 204.5, 206.00, 206.50, 241, otc]
[4729, 17.9, 17.25, 17.70, 17.50, 304, otc]
[4735, 38.35, 37.75, 38.10, 37.85, 142, otc]
[4736, 189.0, 184.5, 188.50, 185.00, 1009, otc]
[4737, 79.5, 76.1, 79.10, 77.80, 178, tse]
[4739, 93.5, 91.6, 92.80, 91.90, 774, tse]
[4741, 39.25, 35.2, 35.80, 37.40, 2345, otc]
[4743, 222.0, 210.0, 216.00, 210.00, 5580, otc]
[4744, 42.3, 39.7, 40.10, 41.35, 5839, otc]
[4745, 29.4, 29.1, 29.10, 29.30, 39, otc]
[4746, 86.7, 83.6, 86.60, 83.80, 4472, tse]
[4747, 111.5, 93.3, 93.30, 100.50, 9844, otc]
[4754, 46.85, 45.2, 46.55, 45.50, 297, otc]
[4755, 160.0, 146.5, 155.00, 147.00, 5176, tse]
[4760, 78.4, 76.3, 78.40, 76.90, 64, otc]
[4763, 571.0, 524.0, 568.00, 533.00, 8417, tse]
[4764, 52.0, 48.6, 49.00, 52.00, 100, tse]
[4766, 180.0, 161.0, 180.00, 163.50, 959, tse]
[4767, 29.05, 27.1, 27.20, 28.75, 99, otc]
[4768, 192.0, 185.0, 189.00, 186.00, 646, otc]
[4770, 330.5, 318.5, 325.00, 320.50, 1604, tse]
[4804, 5.19, 5.05, 5.19, 5.18, 191, otc]
[4807, 20.0, 19.6, 19.70, 19.75, 48, tse]
[4903, 21.5, 21.05, 21.20, 21.20, 391, otc]
[4904, 82.0, 76.6, 79.60, 77.00, 122863, tse]
[4905, 55.7, 54.0, 54.00, 55.70, 16, otc]
[4906, 30.5, 30.0, 30.50, 30.25, 7713, tse]
[4907, 34.9, 32.95, 33.15, 34.85, 263, otc]
[4908, 40.35, 39.15, 39.80, 40.35, 925, otc]
[4909, 19.8, 19.35, 19.45, 19.65, 472, otc]
[4911, 76.2, 72.6, 74.50, 75.40, 359, otc]
[4912, 68.9, 67.6, 67.80, 68.50, 88, tse]
[4915, 65.9, 64.3, 65.70, 65.90, 5732, tse]
[4916, 49.2, 36.75, 36.80, 47.75, 106206, tse]
[4919, 134.5, 127.0, 134.50, 128.00, 9114, tse]
[4923, 43.7, 42.5, 43.70, 43.55, 136, otc]
[4924, 13.2, 12.9, 12.95, 13.10, 49, otc]
[4927, 63.0, 60.3, 62.10, 61.20, 1987, tse]
[4930, 27.85, 26.55, 26.55, 27.20, 596, tse]
[4931, 45.8, 44.8, 45.50, 45.10, 2082, otc]
[4933, 37.2, 35.9, 36.00, 36.90, 222, otc]
[4934, 33.35, 30.2, 30.35, 32.65, 11489, tse]
[4935, 58.7, 57.2, 57.80, 58.70, 269, tse]
[4938, 79.3, 76.1, 79.10, 77.00, 24000, tse]
[4939, 16.95, 16.8, 16.80, 16.85, 323, otc]
[4942, 40.9, 40.05, 40.90, 40.80, 350, tse]
[4943, 15.9, 15.3, 15.60, 15.60, 59, tse]
[4944, 9.82, 9.42, 9.42, 9.60, 90, otc]
[4945, 65.1, 62.0, 64.60, 62.60, 183, otc]
[4946, 36.9, 28.8, 28.80, 34.50, 328, otc]
[4950, 16.9, 15.55, 15.55, 16.60, 2094, otc]
[4951, 86.4, 80.2, 85.00, 80.50, 2416, otc]
[4952, 58.1, 57.1, 57.60, 58.10, 688, tse]
[4953, 117.0, 110.5, 113.50, 116.00, 2223, otc]
[4956, 16.45, 16.0, 16.05, 16.40, 427, tse]
[4958, 107.5, 105.5, 107.00, 106.50, 12860, tse]
[4960, 12.05, 11.65, 11.75, 11.90, 14238, tse]
[4961, 161.5, 153.5, 160.00, 154.50, 6474, tse]
[4966, 1215.0, 1125.0, 1,205.00, 1,155.00, 2314, otc]
[4967, 76.4, 70.6, 72.50, 74.40, 59107, tse]
[4968, 184.5, 173.0, 184.00, 175.00, 12916, tse]
[4971, 59.6, 58.1, 59.30, 58.90, 239, otc]
[4972, 29.1, 28.95, 29.00, 28.95, 73, otc]
[4973, 31.95, 30.15, 30.50, 30.40, 9111, otc]
[4974, 65.7, 64.2, 65.20, 64.30, 1074, otc]
[4976, 42.9, 42.1, 42.90, 42.45, 1035, tse]
[4977, 92.7, 89.0, 90.50, 89.00, 6760, tse]
[4979, 92.7, 83.5, 91.80, 92.20, 81066, otc]
[4987, 64.7, 62.4, 62.40, 64.00, 103, otc]
[4989, 28.2, 27.0, 27.15, 27.95, 685, tse]
[4991, 34.5, 29.7, 29.70, 32.80, 785, otc]
[4994, 48.5, 44.8, 45.25, 46.00, 1555, tse]
[4995, 47.25, 46.45, 47.25, 46.70, 305, otc]
[4999, 37.6, 37.3, 37.55, 37.45, 140, tse]
[5007, 55.5, 53.2, 54.90, 55.30, 343, tse]
[5009, 60.9, 58.2, 58.70, 58.40, 58244, otc]
[5011, 27.1, 26.6, 27.10, 26.85, 1069, otc]
[5013, 35.55, 35.05, 35.25, 35.45, 318, otc]
[5014, 15.6, 15.4, 15.45, 15.40, 612, otc]
[5015, 54.0, 52.5, 54.00, 53.30, 495, otc]
[5016, 30.65, 29.9, 30.65, 29.90, 62, otc]
[5201, 39.0, 35.1, 35.90, 36.80, 2322, otc]
[5202, 16.2, 15.7, 16.10, 15.80, 187, otc]
[5203, 95.0, 91.5, 95.00, 92.70, 1474, tse]
[5205, 36.45, 34.65, 35.10, 35.65, 6, otc]
[5206, 20.3, 20.1, 20.10, 20.30, 197, otc]
[5209, 217.0, 200.0, 200.00, 211.50, 1071, otc]
[5210, 17.45, 17.05, 17.25, 17.10, 406, otc]
[5211, 27.3, 26.15, 27.20, 26.70, 828, otc]
[5212, 48.1, 47.05, 47.85, 47.25, 70, otc]
[5213, 27.1, 25.85, 27.10, 25.90, 1450, otc]
[5215, 47.1, 46.55, 46.75, 47.10, 87, tse]
[5220, 30.5, 30.3, 30.50, 30.50, 57, otc]
[5222, 208.0, 195.5, 196.00, 197.00, 9704, tse]
[5223, 40.7, 37.95, 38.00, 39.80, 213, otc]
[5225, 48.4, 45.0, 45.70, 45.65, 3879, tse]
[5227, 71.3, 69.0, 71.30, 69.20, 713, otc]
[5228, 23.95, 22.85, 23.35, 23.00, 70, otc]
[5230, 22.6, 22.3, 22.50, 22.35, 136, otc]
[5234, 111.5, 103.5, 104.00, 110.00, 2501, tse]
[5236, 111.5, 106.0, 110.00, 108.00, 802, otc]
[5243, 84.5, 80.6, 83.00, 83.10, 6442, tse]
[5244, 31.35, 30.9, 31.10, 31.15, 180, tse]
[5245, 47.45, 46.7, 47.20, 46.85, 90, otc]
[5251, 21.15, 20.5, 21.10, 20.65, 212, otc]
[5258, 124.5, 107.5, 118.50, 111.00, 52936, tse]
[5263, 132.5, 123.5, 128.50, 124.50, 1397, otc]
[5269, 1225.0, 1130.0, 1,200.00, 1,135.00, 1765, tse]
[5272, 28.3, 27.55, 27.75, 28.10, 345, otc]
[5274, 2925.0, 2755.0, 2,795.00, 2,830.00, 1214, otc]
[5276, 20.0, 18.15, 18.15, 18.95, 318, otc]
[5278, 185.0, 181.5, 182.50, 183.00, 39, otc]
[5281, 16.85, 16.55, 16.65, 16.60, 74, otc]
[5283, 109.0, 108.0, 109.00, 109.00, 91, tse]
[5284, 153.0, 143.0, 145.00, 143.50, 6557, tse]
[5285, 76.3, 73.9, 74.30, 75.30, 1212, tse]
[5287, 211.5, 209.0, 211.50, 209.50, 73, otc]
[5288, 191.0, 186.0, 189.00, 190.50, 194, tse]
[5289, 366.0, 326.0, 332.50, 354.50, 10072, otc]
[5291, 33.7, 33.15, 33.60, 33.45, 135, otc]
[5299, 134.0, 131.5, 133.50, 132.50, 519, otc]
[5301, 21.3, 20.0, 20.15, 20.40, 1930, otc]
[5302, 11.2, 10.55, 11.00, 10.95, 1243, otc]
[5306, 147.5, 143.0, 143.50, 146.50, 1364, tse]
[5309, 41.25, 40.2, 40.35, 40.35, 6223, otc]
[5310, 30.95, 27.8, 28.70, 29.75, 256, otc]
[5312, 87.6, 86.3, 87.00, 86.50, 452, otc]
[5314, 22.9, 22.1, 22.10, 22.60, 86, otc]
[5315, 22.75, 22.05, 22.25, 22.55, 1587, otc]
[5321, 97.4, 91.4, 92.80, 94.00, 1464, otc]
[5324, 11.8, 11.05, 11.80, 11.30, 3296, otc]
[5328, 15.8, 14.75, 15.80, 14.95, 4090, otc]
[5340, 60.3, 55.4, 60.10, 56.00, 5850, otc]
[5344, 16.5, 15.85, 16.20, 16.10, 241, otc]
[5345, 5.45, 5.21, 5.45, 5.22, 17, otc]
[5347, 90.6, 88.1, 90.00, 88.20, 12960, otc]
[5348, 10.3, 10.0, 10.10, 10.15, 48, otc]
[5351, 45.75, 43.55, 45.70, 43.70, 9635, otc]
[5353, 42.6, 39.85, 40.50, 41.60, 3099, otc]
[5355, 7.65, 7.46, 7.65, 7.55, 319, otc]
[5356, 31.55, 29.1, 29.10, 30.50, 2697, otc]
[5364, 35.4, 28.5, 28.55, 33.00, 1345, otc]
[5371, 73.1, 70.6, 71.60, 71.30, 5326, otc]
[5381, 23.0, 19.35, 19.40, 22.50, 5696, otc]
[5383, 38.0, 34.25, 34.80, 37.00, 616, otc]
[5386, 64.0, 59.9, 62.00, 60.50, 3449, otc]
[5388, 99.0, 95.5, 97.00, 95.90, 12121, tse]
[5392, 22.5, 22.15, 22.15, 22.40, 1154, otc]
[5398, 15.1, 14.75, 15.10, 14.90, 141, otc]
[5403, 104.5, 102.0, 103.00, 102.00, 489, otc]
[5410, 33.5, 33.05, 33.50, 33.30, 797, otc]
[5425, 103.5, 95.1, 96.10, 99.00, 32552, otc]
[5426, 17.35, 14.75, 15.30, 17.15, 27337, otc]
[5432, 35.35, 33.7, 34.75, 33.70, 60, otc]
[5434, 189.0, 184.5, 187.50, 185.00, 917, tse]
[5438, 20.75, 19.7, 19.70, 20.20, 61, otc]
[5439, 84.3, 81.6, 82.40, 84.00, 4181, otc]
[5443, 34.35, 31.6, 32.85, 32.05, 5329, otc]
[5450, 20.5, 20.0, 20.50, 20.25, 164, otc]
[5452, 21.0, 20.3, 20.60, 20.60, 724, otc]
[5455, 27.9, 26.6, 27.90, 26.60, 36, otc]
[5457, 54.9, 53.5, 54.10, 53.60, 1574, otc]
[5460, 13.15, 12.15, 12.30, 12.80, 2195, otc]
[5464, 34.35, 31.95, 31.95, 33.20, 3706, otc]
[5465, 63.0, 50.8, 51.70, 63.00, 44234, otc]
[5468, 17.65, 17.05, 17.40, 17.25, 117, otc]
[5469, 46.95, 43.45, 44.65, 45.60, 19598, tse]
[5471, 51.5, 50.9, 51.40, 51.10, 503, tse]
[5474, 126.0, 109.5, 113.00, 121.00, 3909, otc]
[5475, 14.95, 14.55, 14.90, 14.55, 1669, otc]
[5478, 105.5, 100.0, 101.00, 101.50, 2339, otc]
[5481, 12.95, 12.7, 12.95, 12.80, 174, otc]
[5483, 164.5, 155.5, 164.50, 156.00, 12901, otc]
[5484, 23.95, 20.45, 20.55, 23.00, 3095, tse]
[5487, 28.3, 26.8, 26.90, 28.30, 102, otc]
[5488, 12.1, 11.1, 11.25, 11.90, 1060, otc]
[5489, 40.75, 39.75, 40.10, 40.00, 96, otc]
[5490, 25.0, 24.45, 25.00, 24.50, 200, otc]
[5493, 50.9, 50.2, 50.60, 50.20, 67, otc]
[5498, 13.0, 12.7, 12.90, 12.90, 2526, otc]
[5508, 72.0, 70.4, 72.00, 71.00, 431, otc]
[5511, 71.2, 67.4, 68.60, 70.80, 2633, otc]
[5512, 10.7, 10.4, 10.50, 10.50, 29321, otc]
[5514, 20.65, 20.2, 20.50, 20.65, 93, otc]
[5515, 14.35, 14.1, 14.35, 14.30, 525, tse]
[5516, 28.95, 28.35, 28.65, 28.45, 158, otc]
[5519, 25.1, 24.9, 24.90, 25.05, 1519, tse]
[5520, 65.9, 61.7, 62.40, 62.10, 33, otc]
[5521, 7.67, 7.52, 7.61, 7.63, 2106, tse]
[5522, 61.1, 60.2, 61.10, 61.10, 3095, tse]
[5523, 25.0, 24.8, 24.80, 25.00, 93, otc]
[5525, 27.35, 26.8, 26.90, 27.35, 150, tse]
[5529, 12.0, 11.55, 11.80, 11.95, 299, otc]
[5530, 37.65, 37.2, 37.65, 37.30, 801, otc]
[5531, 12.2, 11.75, 11.80, 11.75, 6446, tse]
[5533, 19.6, 19.4, 19.55, 19.55, 1753, tse]
[5534, 81.0, 79.9, 81.00, 79.90, 1012, tse]
[5536, 153.0, 148.5, 153.00, 151.00, 1181, otc]
[5538, 41.9, 38.8, 40.00, 41.90, 87, tse]
[5543, 49.1, 47.8, 48.00, 49.10, 68, otc]
[5546, 43.45, 42.1, 43.00, 42.65, 89, tse]
[5601, 39.35, 39.25, 39.30, 39.35, 13, otc]
[5603, 21.25, 21.1, 21.20, 21.15, 372, otc]
[5604, 49.6, 49.0, 49.40, 49.40, 100, otc]
[5607, 67.8, 65.1, 65.50, 65.60, 3658, tse]
[5608, 23.95, 23.05, 23.75, 23.10, 4913, tse]
[5609, 92.5, 90.5, 92.50, 90.90, 1126, otc]
[5701, 10.4, 9.57, 9.93, 9.90, 1308, otc]
[5703, 40.3, 35.35, 35.35, 37.60, 1790, otc]
[5704, 86.2, 66.0, 66.00, 76.50, 21990, otc]
[5706, 119.0, 108.5, 108.50, 112.00, 42155, tse]
[5864, 25.75, 24.45, 25.25, 25.20, 5605, otc]
[5871, 208.0, 200.0, 204.00, 201.50, 10003, tse]
[5876, 46.45, 45.55, 45.80, 45.70, 18965, tse]
[5878, 48.45, 48.25, 48.25, 48.45, 6, otc]
[5880, 28.3, 27.75, 27.90, 28.20, 19964, tse]
[5902, 39.75, 38.8, 39.30, 39.20, 105, otc]
[5903, 214.0, 210.5, 212.00, 211.50, 46, otc]
[5904, 593.0, 556.0, 579.00, 590.00, 1148, otc]
[5905, 15.3, 13.8, 14.00, 14.35, 40259, otc]
[5906, 80.0, 71.5, 71.50, 74.20, 665, tse]
[5907, 16.0, 15.6, 15.85, 15.80, 656, tse]
[6005, 14.7, 14.45, 14.65, 14.55, 8593, tse]
[6015, 12.0, 11.7, 11.90, 11.80, 2812, otc]
[6016, 14.05, 13.8, 14.05, 14.00, 8592, otc]
[6020, 19.0, 18.7, 19.00, 18.90, 22, otc]
[6021, 15.75, 15.45, 15.60, 15.55, 80, otc]
[6023, 52.4, 51.8, 52.20, 52.00, 164, otc]
[6024, 45.45, 42.1, 45.45, 42.20, 4045, tse]
[6026, 13.55, 13.15, 13.50, 13.40, 5200, otc]
[6101, 40.6, 37.9, 39.45, 38.20, 1843, otc]
[6103, 39.1, 36.4, 36.40, 38.65, 7, otc]
[6104, 120.5, 114.0, 116.00, 115.50, 10194, otc]
[6108, 17.8, 17.55, 17.65, 17.80, 442, tse]
[6109, 16.9, 16.35, 16.75, 16.50, 1040, otc]
[6111, 97.6, 84.5, 86.90, 93.50, 32117, otc]
[6112, 74.3, 66.6, 66.90, 71.80, 22235, tse]
[6113, 16.6, 16.2, 16.45, 16.40, 901, otc]
[6114, 30.35, 28.0, 29.90, 28.15, 5808, otc]
[6115, 46.7, 46.4, 46.55, 46.70, 270, tse]
[6116, 14.3, 13.45, 13.45, 14.05, 176737, tse]
[6117, 18.65, 16.7, 17.55, 17.90, 3132, tse]
[6118, 32.45, 31.55, 32.45, 31.70, 1314, otc]
[6120, 16.7, 13.6, 14.90, 15.85, 140611, tse]
[6121, 331.0, 320.0, 321.50, 331.00, 1822, otc]
[6122, 44.8, 42.2, 43.65, 44.65, 15290, otc]
[6123, 71.4, 69.3, 69.50, 70.00, 367, otc]
[6124, 38.9, 35.4, 36.80, 38.90, 1384, otc]
[6125, 63.5, 52.6, 52.60, 63.50, 36803, otc]
[6126, 29.6, 28.45, 28.80, 28.80, 3594, otc]
[6127, 25.5, 24.0, 25.00, 24.10, 3653, otc]
[6128, 36.3, 35.25, 35.25, 35.40, 1081, tse]
[6129, 33.6, 32.5, 33.00, 32.55, 2590, otc]
[6130, 31.0, 30.2, 30.50, 30.95, 54, otc]
[6133, 18.3, 17.7, 18.10, 17.80, 2196, tse]
[6134, 23.5, 22.3, 22.85, 22.90, 819, otc]
[6136, 19.65, 19.4, 19.65, 19.65, 444, tse]
[6138, 170.5, 163.5, 167.00, 166.00, 3199, otc]
[6139, 58.6, 57.2, 57.70, 58.20, 3380, tse]
[6140, 21.35, 20.55, 20.85, 20.90, 882, otc]
[6141, 17.55, 17.35, 17.40, 17.55, 119, tse]
[6142, 13.1, 12.5, 12.80, 12.90, 3675, tse]
[6143, 94.9, 90.8, 93.40, 91.20, 4652, otc]
[6144, 14.75, 14.4, 14.70, 14.75, 6, otc]
[6146, 255.0, 249.0, 254.00, 250.50, 771, otc]
[6147, 65.1, 62.5, 65.00, 63.00, 12689, otc]
[6148, 52.9, 46.6, 51.20, 51.80, 47699, otc]
[6150, 81.2, 78.5, 79.10, 80.50, 2073, otc]
[6151, 28.0, 27.3, 27.80, 27.45, 181, otc]
[6152, 10.5, 10.2, 10.35, 10.45, 1121, tse]
[6153, 24.4, 23.6, 23.80, 24.15, 4798, tse]
[6154, 17.0, 16.85, 16.85, 16.90, 92, otc]
[6155, 26.1, 25.65, 25.70, 26.10, 407, tse]
[6156, 20.2, 19.75, 20.00, 19.80, 903, otc]
[6158, 27.8, 27.25, 27.40, 27.65, 194, otc]
[6160, 35.5, 33.2, 35.10, 33.40, 4636, otc]
[6161, 38.95, 37.9, 38.40, 38.70, 2023, otc]
[6163, 21.8, 20.7, 21.80, 20.80, 4207, otc]
[6164, 14.2, 13.4, 13.50, 13.90, 4210, tse]
[6165, 33.2, 31.9, 33.20, 32.80, 1707, tse]
[6166, 73.1, 71.4, 72.00, 73.00, 3096, tse]
[6167, 18.65, 18.0, 18.50, 18.25, 4082, otc]
[6168, 24.8, 23.85, 24.10, 24.60, 1645, tse]
[6169, 24.3, 22.15, 22.25, 23.15, 701, otc]
[6170, 44.45, 38.6, 38.80, 43.35, 4836, otc]
[6171, 22.25, 21.85, 22.25, 22.00, 29, otc]
[6173, 43.85, 42.8, 43.85, 43.50, 1349, otc]
[6174, 27.15, 26.65, 27.15, 26.80, 270, otc]
[6175, 38.8, 37.95, 38.50, 38.35, 667, otc]
[6176, 124.5, 122.0, 124.00, 124.00, 11429, tse]
[6177, 31.8, 31.5, 31.55, 31.75, 525, tse]
[6179, 33.5, 32.1, 32.45, 32.60, 2037, otc]
[6180, 83.2, 80.2, 80.80, 81.30, 4842, otc]
[6182, 46.6, 45.7, 46.60, 46.15, 11483, otc]
[6183, 66.8, 65.4, 65.40, 66.70, 212, tse]
[6184, 53.1, 50.2, 53.00, 51.30, 813, tse]
[6185, 22.65, 21.1, 22.15, 21.50, 6454, otc]
[6186, 42.8, 42.5, 42.55, 42.55, 443, otc]
[6187, 92.8, 88.6, 90.80, 89.60, 4332, otc]
[6188, 70.8, 67.3, 69.70, 70.30, 14108, otc]
[6189, 44.3, 43.45, 44.25, 44.10, 1528, tse]
[6190, 35.85, 34.8, 35.75, 35.60, 5194, otc]
[6191, 43.45, 41.8, 42.60, 43.20, 9966, tse]
[6192, 76.9, 75.7, 76.20, 76.40, 360, tse]
[6194, 34.15, 31.2, 31.20, 32.20, 4546, otc]
[6195, 46.8, 46.2, 46.55, 46.70, 164, otc]
[6196, 147.0, 141.5, 145.50, 146.50, 2733, tse]
[6197, 63.4, 60.1, 62.00, 62.90, 2302, tse]
[6198, 39.65, 35.05, 38.20, 39.20, 1196, otc]
[6199, 18.65, 18.0, 18.65, 18.40, 47, otc]
[6201, 45.0, 44.6, 44.90, 45.00, 170, tse]
[6202, 71.7, 69.9, 71.70, 70.10, 2106, tse]
[6203, 112.0, 95.2, 95.60, 112.00, 19657, otc]
[6204, 60.0, 56.5, 56.50, 58.10, 98, otc]
[6205, 74.2, 72.5, 74.00, 73.80, 2043, tse]
[6206, 73.1, 71.6, 73.10, 72.40, 523, tse]
[6207, 32.7, 30.25, 30.60, 30.90, 3211, otc]
[6208, 54.1, 53.5, 54.00, 53.50, 222, otc]
[6209, 30.0, 29.2, 29.60, 29.40, 1395, tse]
[6210, 36.0, 34.4, 34.50, 34.60, 74, otc]
[6212, 48.5, 48.3, 48.50, 48.50, 10, otc]
[6213, 71.8, 70.5, 71.70, 71.00, 1822, tse]
[6214, 118.0, 107.5, 117.00, 108.50, 12472, tse]
[6215, 30.5, 29.45, 30.50, 29.60, 2154, tse]
[6216, 28.15, 27.75, 28.15, 27.90, 404, tse]
[6217, 50.0, 44.45, 44.85, 50.00, 32403, otc]
[6218, 29.3, 28.05, 28.60, 28.65, 4424, otc]
[6219, 13.5, 11.85, 11.85, 13.50, 5667, otc]
[6220, 28.0, 27.55, 27.95, 27.90, 1794, otc]
[6221, 75.3, 71.5, 72.10, 72.80, 282, otc]
[6222, 16.6, 15.05, 15.10, 16.60, 346, otc]
[6223, 177.0, 166.5, 168.50, 175.50, 10796, otc]
[6224, 66.5, 63.2, 64.00, 63.50, 602, tse]
[6225, 10.4, 10.1, 10.20, 10.10, 36, tse]
[6226, 12.15, 11.55, 11.65, 11.90, 2051, tse]
[6227, 43.8, 43.2, 43.75, 43.45, 420, otc]
[6228, 12.45, 12.3, 12.35, 12.35, 55, otc]
[6229, 31.05, 29.9, 30.20, 30.05, 482, otc]
[6230, 168.5, 158.0, 167.00, 159.50, 240, tse]
[6231, 114.5, 110.5, 114.50, 112.00, 846, otc]
[6233, 28.1, 27.1, 27.50, 27.60, 1641, otc]
[6234, 35.1, 32.45, 32.45, 33.20, 7880, otc]
[6235, 169.5, 148.0, 168.00, 155.50, 27765, tse]
[6236, 23.0, 23.0, 23.00, 23.00, 9, otc]
[6237, 42.3, 41.2, 42.05, 41.40, 776, otc]
[6239, 105.0, 101.5, 105.00, 103.50, 10769, tse]
[6240, 25.25, 24.0, 24.00, 24.45, 76, otc]
[6241, 15.1, 14.5, 14.95, 14.75, 293, otc]
[6242, 75.0, 72.5, 72.50, 74.20, 194, otc]
[6243, 53.5, 51.1, 51.60, 52.30, 3459, tse]
[6244, 35.3, 32.4, 33.30, 34.25, 42267, otc]
[6245, 113.5, 109.0, 110.50, 111.00, 8442, otc]
[6246, 13.95, 13.75, 13.80, 13.95, 31, otc]
[6248, 28.85, 28.05, 28.60, 28.15, 1873, otc]
[6257, 56.1, 55.3, 56.10, 55.50, 3852, tse]
[6259, 21.7, 21.2, 21.50, 21.65, 56, otc]
[6261, 67.1, 66.6, 67.10, 66.80, 415, otc]
[6263, 128.0, 123.0, 124.00, 125.00, 298, otc]
[6264, 7.72, 7.57, 7.67, 7.60, 102, otc]
[6265, 11.9, 11.0, 11.70, 11.40, 5286, otc]
[6266, 45.0, 39.15, 44.00, 40.15, 14553, otc]
[6269, 93.0, 91.4, 93.00, 91.50, 4016, tse]
[6270, 24.2, 23.55, 24.15, 23.80, 571, otc]
[6271, 192.0, 183.0, 191.00, 183.50, 10246, tse]
[6274, 77.1, 72.8, 77.10, 73.60, 13807, otc]
[6275, 41.15, 38.0, 38.50, 39.20, 15164, otc]
[6276, 42.55, 37.4, 38.65, 42.55, 6390, otc]
[6277, 90.4, 87.8, 89.90, 88.40, 892, tse]
[6278, 102.0, 99.5, 100.50, 101.00, 5320, tse]
[6279, 177.0, 166.0, 170.00, 169.50, 15730, otc]
[6281, 85.7, 84.8, 85.30, 85.70, 71, tse]
[6282, 48.9, 46.65, 47.60, 48.80, 65591, tse]
[6283, 31.8, 31.2, 31.30, 31.50, 442, tse]
[6284, 55.1, 54.1, 54.80, 54.50, 518, otc]
[6285, 96.7, 93.6, 95.00, 94.20, 27784, tse]
[6287, 21.8, 20.2, 21.00, 21.40, 29, otc]
[6288, 35.4, 33.95, 34.00, 34.70, 14778, tse]
[6290, 64.0, 58.7, 58.80, 63.30, 26260, otc]
[6291, 287.0, 265.0, 265.00, 269.00, 333, otc]
[6292, 45.8, 45.3, 45.55, 45.40, 122, otc]
[6294, 109.0, 108.0, 109.00, 108.00, 52, otc]
[6404, 23.6, 21.15, 21.15, 23.60, 4, otc]
[6405, 23.45, 23.0, 23.45, 23.30, 221, tse]
[6409, 1975.0, 1905.0, 1,965.00, 1,930.00, 302, tse]
[6411, 115.5, 112.0, 113.50, 113.50, 1955, otc]
[6412, 94.8, 90.8, 93.50, 91.30, 3708, tse]
[6414, 298.0, 266.0, 272.00, 287.50, 10240, tse]
[6415, 394.5, 355.0, 360.50, 377.00, 15694, tse]
[6416, 105.5, 101.5, 102.50, 104.50, 2490, tse]
[6417, 127.0, 117.0, 124.00, 122.00, 2419, otc]
[6418, 19.2, 18.45, 18.70, 18.75, 149, otc]
[6419, 32.0, 31.0, 32.00, 31.65, 16, otc]
[6425, 22.2, 20.5, 22.20, 20.70, 242, otc]
[6426, 61.4, 59.8, 60.00, 61.30, 187, tse]
[6431, 20.55, 20.0, 20.25, 20.20, 80, tse]
[6432, 35.7, 34.85, 35.50, 35.10, 152, otc]
[6435, 103.5, 101.5, 102.00, 102.00, 395, otc]
[6438, 114.5, 111.5, 114.50, 112.50, 2508, tse]
[6441, 70.4, 66.9, 67.50, 67.00, 3900, otc]
[6442, 51.4, 50.4, 51.10, 50.90, 138, tse]
[6443, 36.45, 35.05, 35.65, 35.80, 24764, tse]
[6446, 339.0, 322.0, 337.00, 325.00, 4791, otc]
[6449, 52.5, 51.8, 51.80, 52.50, 89, tse]
[6451, 87.0, 84.8, 85.50, 86.50, 432, tse]
[6456, 75.4, 74.0, 74.30, 74.60, 3969, tse]
[6457, 52.3, 51.0, 51.20, 51.30, 133, otc]
[6461, 34.85, 33.8, 34.10, 34.20, 750, otc]
[6462, 111.0, 90.5, 90.50, 106.00, 9145, otc]
[6464, 96.8, 92.2, 92.30, 96.80, 45, tse]
[6465, 21.8, 20.7, 20.70, 21.60, 133, otc]
[6469, 364.0, 350.0, 357.50, 359.50, 1160, otc]
[6470, 71.2, 68.1, 71.10, 69.50, 3705, otc]
[6472, 730.0, 700.0, 713.00, 704.00, 3429, otc]
[6477, 51.7, 49.1, 49.85, 50.60, 5694, tse]
[6482, 44.0, 42.15, 44.00, 42.35, 21, otc]
[6485, 117.0, 109.0, 116.00, 111.00, 7336, otc]
[6486, 79.0, 77.0, 77.20, 78.50, 618, otc]
[6488, 514.0, 492.5, 510.00, 493.50, 3885, otc]
[6491, 349.0, 339.5, 346.00, 348.00, 932, tse]
[6492, 50.3, 48.95, 49.55, 49.85, 347, otc]
[6494, 71.4, 70.0, 70.80, 70.10, 219, otc]
[6496, 31.5, 30.65, 31.35, 31.00, 86, otc]
[6499, 57.6, 56.5, 56.70, 56.90, 161, otc]
[6504, 81.4, 79.5, 81.00, 81.00, 247, tse]
[6505, 87.8, 85.6, 86.00, 87.50, 3427, tse]
[6506, 19.55, 19.5, 19.50, 19.55, 26, otc]
[6508, 38.05, 37.75, 37.75, 37.95, 286, otc]
[6509, 44.8, 43.45, 44.75, 43.75, 2792, otc]
[6510, 593.0, 566.0, 580.00, 566.00, 1233, otc]
[6512, 22.15, 21.35, 22.15, 21.55, 43, otc]
[6514, 55.9, 54.9, 55.80, 55.60, 62, otc]
[6515, 808.0, 767.0, 785.00, 770.00, 2990, tse]
[6516, 103.5, 100.5, 103.00, 103.00, 195, otc]
[6517, 110.0, 102.0, 108.00, 102.50, 3283, otc]
[6523, 132.0, 125.5, 131.50, 128.00, 678, otc]
[6525, 80.0, 72.0, 79.10, 72.60, 956, tse]
[6527, 83.0, 81.1, 83.00, 81.80, 371, otc]
[6530, 27.35, 26.35, 26.90, 26.65, 105, otc]
[6531, 337.0, 311.0, 332.50, 311.50, 9405, tse]
[6532, 67.3, 63.6, 67.00, 65.50, 3646, otc]
[6533, 538.0, 500.0, 528.00, 505.00, 4067, tse]
[6535, 56.9, 54.0, 55.50, 55.00, 2029, otc]
[6538, 108.0, 102.5, 106.00, 104.00, 908, otc]
[6541, 78.2, 75.5, 75.80, 78.20, 216, tse]
[6542, 58.8, 52.5, 52.50, 56.20, 78, otc]
[6546, 90.5, 87.2, 89.20, 89.40, 1924, otc]
[6547, 62.5, 59.7, 62.10, 60.00, 4279, otc]
[6548, 41.85, 40.35, 40.35, 41.85, 2828, otc]
[6550, 87.2, 82.0, 85.30, 82.20, 8181, tse]
[6552, 37.4, 36.2, 36.35, 37.40, 153, tse]
[6556, 121.0, 113.0, 121.00, 113.50, 246, otc]
[6558, 29.3, 28.3, 29.25, 29.10, 929, tse]
[6560, 33.3, 32.9, 33.30, 32.95, 85, otc]
[6561, 387.5, 376.5, 380.00, 385.00, 209, otc]
[6568, 158.0, 153.0, 157.50, 156.50, 485, otc]
[6569, 150.0, 136.5, 139.00, 139.00, 654, otc]
[6570, 73.4, 70.8, 72.00, 71.60, 1346, otc]
[6573, 19.95, 17.1, 17.25, 18.40, 2578, tse]
[6574, 63.5, 60.1, 60.40, 61.70, 108, otc]
[6576, 85.6, 83.2, 83.90, 84.00, 1074, otc]
[6577, 140.0, 125.5, 133.50, 131.00, 1688, otc]
[6578, 18.9, 18.0, 18.20, 18.50, 919, otc]
[6579, 133.0, 123.0, 129.00, 129.00, 2145, tse]
[6581, 91.9, 90.4, 91.50, 91.30, 80, tse]
[6582, 58.2, 57.5, 57.90, 58.20, 129, tse]
[6584, 83.7, 66.1, 66.10, 80.20, 3554, otc]
[6585, 62.3, 60.6, 61.70, 62.00, 193, tse]
[6588, 29.85, 28.75, 29.05, 29.00, 35, otc]
[6589, 111.5, 107.5, 110.00, 108.00, 3354, otc]
[6590, 95.2, 90.6, 93.20, 92.20, 219, otc]
[6591, 58.5, 55.0, 56.10, 55.00, 1466, tse]
[6592, 145.5, 138.5, 145.50, 140.00, 3349, tse]
[6593, 68.0, 63.0, 63.60, 66.90, 776, otc]
[6596, 67.9, 62.3, 66.10, 62.30, 2875, otc]
[6598, 27.5, 26.95, 27.15, 27.15, 141, tse]
[6603, 17.0, 16.7, 17.00, 16.80, 1413, otc]
[6605, 120.0, 114.0, 120.00, 118.50, 2738, tse]
[6606, 29.7, 29.15, 29.50, 29.30, 391, tse]
[6609, 36.65, 35.75, 36.65, 36.35, 555, otc]
[6612, 165.0, 159.0, 163.50, 161.00, 335, otc]
[6613, 110.0, 107.5, 110.00, 108.50, 201, otc]
[6615, 41.55, 39.9, 41.55, 40.00, 114, otc]
[6616, 15.15, 14.75, 15.05, 14.90, 112, otc]
[6624, 48.0, 46.0, 46.50, 47.00, 120, otc]
[6625, 133.0, 127.0, 129.00, 128.50, 1095, tse]
[6629, 48.0, 47.5, 48.00, 47.50, 4, otc]
[6640, 95.3, 92.4, 93.20, 94.70, 75, otc]
[6641, 54.7, 53.5, 54.30, 54.70, 97, tse]
[6642, 54.3, 50.2, 53.70, 50.40, 142, otc]
[6643, 1005.0, 935.0, 940.00, 957.00, 7139, otc]
[6649, 42.3, 40.9, 41.30, 41.05, 196, otc]
[6651, 80.0, 78.9, 78.90, 79.30, 91, otc]
[6654, 48.9, 47.0, 48.30, 48.65, 61, otc]
[6655, 127.0, 124.0, 124.00, 127.00, 26, tse]
[6657, 63.0, 55.4, 59.70, 62.10, 2998, tse]
[6661, 23.6, 23.0, 23.50, 23.10, 74, otc]
[6662, 31.0, 30.75, 31.00, 31.00, 54, otc]
[6664, 145.0, 137.0, 143.50, 142.00, 1854, otc]
[6666, 83.5, 82.1, 83.40, 83.20, 71, tse]
[6667, 80.4, 75.6, 79.60, 78.30, 666, otc]
[6668, 42.3, 41.15, 41.65, 41.30, 594, tse]
[6669, 1230.0, 1160.0, 1,205.00, 1,215.00, 7971, tse]
[6670, 236.5, 223.0, 228.00, 232.00, 3199, tse]
[6671, 42.9, 42.1, 42.55, 42.90, 33, tse]
[6672, 88.1, 82.3, 88.10, 84.40, 2434, tse]
[6674, 29.5, 28.35, 28.90, 29.15, 174, tse]
[6679, 323.5, 306.0, 317.50, 308.50, 997, otc]
[6680, 112.5, 105.0, 111.00, 108.00, 79, otc]
[6683, 237.0, 217.0, 219.50, 235.00, 2185, otc]
[6684, 46.9, 46.05, 46.50, 46.10, 166, otc]
[6689, 161.5, 148.0, 157.50, 151.00, 5609, tse]
[6690, 174.0, 164.5, 166.00, 166.50, 539, otc]
[6691, 328.5, 318.5, 326.00, 323.50, 896, tse]
[6693, 62.4, 60.7, 62.40, 60.90, 143, otc]
[6695, 52.3, 44.3, 46.90, 50.70, 8708, tse]
[6697, 72.5, 64.0, 64.50, 70.80, 1776, otc]
[6698, 37.75, 36.2, 36.70, 37.45, 852, tse]
[6703, 221.0, 213.5, 220.50, 217.00, 307, otc]
[6706, 84.9, 80.4, 81.00, 83.20, 1003, tse]
[6708, 55.1, 52.0, 52.20, 53.60, 109, otc]
[6712, 197.0, 191.0, 195.00, 192.00, 1066, otc]
[6715, 139.5, 134.5, 137.50, 135.00, 501, tse]
[6716, 109.0, 104.0, 109.00, 107.50, 67, otc]
[6719, 305.0, 289.0, 291.50, 296.00, 5083, tse]
[6721, 53.5, 53.3, 53.30, 53.40, 29, otc]
[6727, 66.9, 65.6, 66.50, 65.80, 163, otc]
[6728, 149.5, 145.0, 148.50, 145.50, 138, otc]
[6732, 342.0, 325.0, 332.00, 330.50, 1545, otc]
[6733, 44.9, 43.1, 43.65, 43.75, 1672, otc]
[6735, 53.9, 51.3, 52.30, 52.00, 70, otc]
[6741, 132.5, 124.0, 127.50, 126.00, 5766, otc]
[6743, 79.0, 69.8, 78.00, 70.10, 5401, tse]
[6747, 232.5, 222.5, 225.00, 226.00, 497, otc]
[6751, 107.5, 98.3, 98.30, 101.50, 777, otc]
[6752, 154.5, 144.0, 145.00, 151.00, 886, otc]
[6753, 108.0, 104.0, 104.00, 104.00, 1746, tse]
[6754, 56.7, 55.5, 56.40, 56.60, 234, tse]
[6756, 232.0, 217.5, 225.00, 220.00, 1233, tse]
[6761, 88.9, 88.0, 88.80, 88.10, 63, otc]
[6762, 250.0, 236.0, 236.50, 249.00, 26, otc]
[6763, 549.0, 523.0, 549.00, 534.00, 222, otc]
[6767, 49.1, 47.55, 49.00, 48.40, 164, otc]
[6768, 72.3, 71.2, 72.20, 71.30, 452, tse]
[6770, 32.2, 31.55, 32.00, 31.95, 32689, tse]
[6776, 65.9, 62.3, 65.30, 63.10, 1808, tse]
[6781, 767.0, 732.0, 762.00, 735.00, 1612, tse]
[6782, 220.0, 218.0, 218.50, 219.00, 453, tse]
[6788, 145.5, 135.5, 136.00, 144.00, 3800, otc]
[6789, 278.5, 269.0, 272.50, 272.00, 3799, tse]
[6790, 39.85, 38.9, 38.95, 39.80, 1144, tse]
[6791, 115.0, 108.0, 109.00, 110.00, 268, otc]
[6792, 87.2, 85.1, 87.20, 86.00, 214, tse]
[6796, 102.0, 95.6, 96.60, 100.00, 360, tse]
[6799, 155.0, 143.5, 151.00, 146.00, 1720, tse]
[6803, 314.5, 308.5, 313.00, 312.00, 111, otc]
[6804, 70.4, 68.7, 70.10, 69.10, 110, otc]
[6806, 117.0, 112.5, 113.50, 114.00, 9162, tse]
[6807, 28.35, 28.0, 28.00, 28.25, 41, tse]
[6811, 256.0, 235.0, 237.00, 241.00, 2222, otc]
[6821, 48.65, 46.8, 47.95, 47.30, 396, otc]
[6823, 88.8, 87.1, 88.00, 88.10, 38, otc]
[6829, 136.5, 127.5, 128.00, 128.50, 4756, otc]
[6830, 184.5, 177.0, 180.50, 178.50, 2789, tse]
[6834, 27.5, 26.15, 26.70, 27.00, 194, tse]
[6835, 46.3, 44.15, 46.30, 44.80, 407, tse]
[6840, 68.4, 65.1, 68.40, 65.60, 309, otc]
[6841, 92.7, 90.9, 92.70, 91.90, 654, otc]
[6843, 73.6, 71.1, 73.00, 73.50, 242, otc]
[6846, 83.3, 81.6, 82.60, 82.30, 91, otc]
[6854, 127.5, 107.0, 107.50, 125.50, 1630, tse]
[6855, 86.6, 84.7, 85.20, 86.20, 30, otc]
[6859, 141.5, 138.0, 140.50, 138.50, 168, otc]
[6861, 106.0, 104.5, 104.50, 105.50, 125, tse]
[6863, 185.5, 178.5, 183.50, 180.00, 529, tse]
[6865, 83.3, 81.7, 81.70, 82.70, 74, otc]
[6869, 97.8, 94.0, 94.20, 94.30, 548, tse]
[6873, 130.5, 124.0, 129.00, 126.00, 342, tse]
[6874, 154.0, 147.0, 149.50, 149.00, 1382, otc]
[6877, 49.5, 39.25, 41.95, 48.40, 2695, otc]
[7402, 87.6, 74.0, 75.00, 87.60, 21352, otc]
[7556, 127.0, 120.0, 123.00, 121.50, 110, otc]
[8011, 18.25, 17.55, 17.70, 17.90, 2916, tse]
[8016, 238.5, 233.0, 237.50, 236.50, 1591, tse]
[8021, 31.4, 30.75, 30.85, 30.80, 869, tse]
[8024, 26.75, 25.3, 25.30, 26.55, 2140, otc]
[8027, 62.6, 60.5, 62.10, 60.70, 2541, otc]
[8028, 62.7, 61.1, 62.60, 61.60, 4472, tse]
[8032, 32.0, 31.35, 31.90, 32.00, 19, otc]
[8033, 75.5, 69.9, 69.90, 70.30, 17513, tse]
[8034, 22.6, 21.75, 21.80, 22.45, 3231, otc]
[8038, 55.1, 53.2, 53.50, 54.60, 2040, otc]
[8039, 44.45, 43.4, 44.20, 43.60, 2579, tse]
[8040, 49.5, 47.9, 48.40, 48.55, 578, otc]
[8042, 38.5, 37.9, 38.10, 37.90, 87, otc]
[8043, 29.4, 28.5, 29.00, 28.70, 713, otc]
[8044, 54.2, 51.4, 52.70, 51.40, 2070, otc]
[8046, 284.0, 276.0, 278.00, 278.00, 11273, tse]
[8047, 12.2, 11.85, 12.10, 12.00, 61, otc]
[8048, 62.8, 56.1, 56.10, 61.20, 4995, otc]
[8049, 39.25, 38.45, 39.20, 38.80, 1540, otc]
[8050, 85.8, 84.3, 85.60, 84.90, 6490, otc]
[8054, 36.0, 34.05, 34.05, 34.55, 1561, otc]
[8059, 16.95, 15.8, 16.50, 15.80, 2281, otc]
[8064, 21.5, 20.1, 20.20, 21.10, 7443, otc]
[8066, 30.3, 29.9, 30.05, 30.20, 120, otc]
[8067, 14.95, 14.25, 14.90, 14.95, 32, otc]
[8068, 29.9, 28.5, 28.95, 29.45, 336, otc]
[8069, 231.0, 222.0, 229.00, 222.00, 20318, otc]
[8070, 35.3, 33.2, 34.90, 35.10, 5461, tse]
[8071, 14.65, 14.45, 14.50, 14.50, 286, otc]
[8072, 29.3, 27.85, 28.00, 29.10, 1300, tse]
[8074, 20.0, 19.8, 19.95, 19.90, 175, otc]
[8076, 40.6, 37.35, 37.60, 39.45, 30155, otc]
[8077, 37.05, 37.0, 37.00, 37.05, 4, otc]
[8080, 10.8, 10.4, 10.55, 10.50, 36, otc]
[8081, 204.5, 194.5, 204.50, 199.50, 1270, tse]
[8083, 157.5, 155.0, 157.00, 155.50, 115, otc]
[8084, 77.9, 75.2, 77.50, 75.90, 369, otc]
[8085, 46.75, 42.25, 44.60, 45.60, 14047, otc]
[8086, 90.5, 87.0, 90.50, 87.10, 3605, otc]
[8087, 55.0, 46.0, 48.00, 52.60, 2983, otc]
[8088, 37.45, 36.2, 37.45, 36.85, 6601, otc]
[8089, 21.7, 21.35, 21.65, 21.55, 63, otc]
[8091, 99.0, 96.1, 98.40, 96.50, 1411, otc]
[8092, 13.9, 12.8, 13.20, 13.60, 1062, otc]
[8093, 14.7, 14.15, 14.50, 14.40, 558, otc]
[8096, 11.8, 11.65, 11.65, 11.70, 892, otc]
[8097, 58.0, 55.7, 57.50, 57.90, 1808, otc]
[8099, 61.9, 59.1, 61.10, 61.10, 1603, otc]
[8101, 4.76, 4.6, 4.67, 4.66, 92, tse]
[8103, 37.4, 36.8, 37.30, 37.05, 506, tse]
[8104, 40.8, 40.1, 40.40, 40.80, 487, tse]
[8105, 15.5, 14.6, 14.60, 15.35, 31048, tse]
[8107, 17.75, 17.2, 17.60, 17.30, 280, otc]
[8109, 92.4, 90.7, 92.30, 91.80, 269, otc]
[8110, 14.4, 13.8, 14.10, 14.20, 4929, tse]
[8111, 21.55, 20.95, 21.25, 21.35, 997, otc]
[8112, 49.1, 48.0, 48.75, 48.85, 8453, tse]
[8114, 123.5, 119.0, 121.50, 121.50, 1977, tse]
[8121, 29.6, 28.6, 28.95, 29.30, 1377, otc]
[8131, 44.5, 43.9, 44.30, 44.15, 1041, tse]
[8147, 87.7, 74.0, 76.90, 86.60, 7385, otc]
[8150, 39.5, 38.65, 39.45, 39.35, 9860, tse]
[8155, 142.0, 134.5, 139.50, 136.50, 3816, otc]
[8163, 47.8, 46.55, 47.70, 46.70, 1905, tse]
[8171, 52.7, 49.25, 49.85, 52.40, 3726, otc]
[8176, 11.5, 11.15, 11.45, 11.30, 410, otc]
[8182, 31.0, 30.75, 30.95, 30.75, 145, otc]
[8183, 52.7, 52.3, 52.60, 52.50, 1090, otc]
[8201, 16.1, 14.95, 16.05, 15.30, 2264, tse]
[8210, 159.5, 135.0, 139.50, 150.50, 38801, tse]
[8213, 42.45, 41.8, 42.45, 42.30, 5045, tse]
[8215, 40.0, 38.8, 39.10, 39.70, 6974, tse]
[8222, 64.5, 56.6, 56.70, 60.70, 52987, tse]
[8227, 197.5, 187.5, 190.50, 191.50, 1839, otc]
[8234, 59.6, 52.5, 53.30, 57.50, 14980, otc]
[8240, 33.0, 31.7, 32.00, 32.80, 796, otc]
[8249, 32.5, 29.8, 29.80, 31.75, 2319, tse]
[8255, 185.0, 177.0, 180.50, 184.00, 2102, otc]
[8261, 107.5, 105.0, 107.50, 107.00, 2177, tse]
[8271, 63.3, 60.3, 63.00, 61.70, 5220, tse]
[8277, 13.7, 12.35, 12.85, 13.25, 8371, otc]
[8279, 173.5, 171.5, 173.00, 172.50, 47, otc]
[8284, 64.5, 63.4, 64.20, 63.50, 57, otc]
[8289, 40.8, 40.15, 40.35, 40.65, 835, otc]
[8291, NaN, NaN, NaN, NaN, 0, otc]
[8299, 429.0, 409.0, 426.50, 412.00, 3295, otc]
[8341, 144.0, 140.0, 143.50, 144.00, 1102, tse]
[8342, NaN, NaN, NaN, NaN, 0, otc]
[8349, 69.3, 66.0, 67.10, 68.40, 1883, otc]
[8354, 14.5, 14.4, 14.50, 14.45, 47, otc]
[8358, 66.8, 59.3, 60.00, 65.00, 53564, otc]
[8367, 46.85, 46.1, 46.70, 46.85, 64, tse]
[8374, 33.3, 32.15, 32.80, 33.00, 484, tse]
[8383, 42.05, 41.15, 41.50, 41.90, 825, otc]
[8390, 43.6, 42.85, 43.45, 43.55, 922, otc]
[8401, 21.2, 20.85, 20.95, 20.85, 558, otc]
[8403, 38.3, 37.65, 38.15, 37.70, 2000, otc]
[8404, 24.75, 24.45, 24.60, 24.75, 323, tse]
[8409, 23.6, 22.8, 23.60, 23.00, 149, otc]
[8410, 48.25, 43.25, 44.00, 47.80, 863, otc]
[8411, 14.9, 14.65, 14.90, 14.90, 290, tse]
[8415, 35.8, 35.2, 35.80, 35.30, 485, otc]
[8416, 130.0, 127.5, 130.00, 128.50, 54, otc]
[8418, 10.25, 10.1, 10.10, 10.20, 71, otc]
[8420, 98.8, 93.9, 97.40, 94.60, 1427, otc]
[8421, 15.25, 14.9, 15.05, 15.15, 311, otc]
[8422, 217.0, 208.0, 210.50, 213.50, 2343, tse]
[8423, 22.8, 20.95, 21.00, 21.40, 16, otc]
[8424, 69.3, 68.0, 69.30, 68.10, 74, otc]
[8426, 65.6, 60.6, 61.50, 64.60, 2458, otc]
[8429, 10.9, 10.6, 10.65, 10.85, 541, tse]
[8431, 66.1, 63.5, 65.20, 64.50, 462, otc]
[8432, 45.15, 44.4, 44.50, 44.70, 76, otc]
[8433, 88.5, 78.8, 87.20, 79.80, 1659, otc]
[8435, 61.5, 61.0, 61.50, 61.30, 116, otc]
[8436, 180.5, 173.5, 179.50, 174.50, 1678, otc]
[8437, 102.5, 99.1, 102.50, 100.00, 43, otc]
[8438, 27.0, 26.1, 26.60, 26.85, 133, tse]
[8440, 44.15, 43.25, 43.25, 43.50, 473, otc]
[8442, 83.5, 78.8, 80.50, 79.90, 376, tse]
[8443, 12.2, 12.05, 12.10, 12.20, 385, tse]
[8444, 42.25, 40.3, 41.50, 40.30, 23, otc]
[8446, 128.0, 117.5, 128.00, 117.50, 6361, otc]
[8450, 25.6, 24.9, 25.40, 25.25, 151, otc]
[8454, 686.0, 657.0, 665.00, 682.00, 1568, tse]
[8455, 22.0, 20.65, 20.65, 22.00, 17, otc]
[8462, 159.0, 154.5, 159.00, 156.00, 207, tse]
[8463, 28.0, 27.35, 27.70, 27.90, 145, tse]
[8464, 349.0, 335.5, 348.50, 341.50, 1290, tse]
[8466, 46.45, 44.35, 44.35, 46.30, 102, tse]
[8467, 61.5, 60.0, 60.10, 61.20, 41, tse]
[8472, 40.25, 39.4, 39.40, 40.25, 4, otc]
[8473, 29.75, 29.35, 29.70, 29.75, 160, tse]
[8476, 72.3, 71.2, 71.20, 72.00, 189, otc]
[8477, 17.7, 17.15, 17.60, 17.20, 76, otc]
[8478, 604.0, 565.0, 580.00, 577.00, 7346, tse]
[8481, 59.5, 58.0, 58.60, 59.50, 52, tse]
[8482, 77.6, 76.0, 76.10, 77.60, 15, tse]
[8488, 16.05, 15.6, 15.65, 15.85, 53, tse]
[8489, 25.75, 25.0, 25.25, 25.60, 84, otc]
[8499, 101.0, 100.0, 101.00, 101.00, 118, tse]
[8905, 31.15, 29.0, 30.80, 30.80, 1889, otc]
[8906, 17.55, 16.55, 16.75, 17.55, 51, otc]
[8908, 70.5, 70.1, 70.20, 70.10, 67, otc]
[8916, 56.6, 55.1, 56.60, 55.60, 1797, otc]
[8917, 69.2, 67.9, 68.30, 67.90, 87, otc]
[8921, 14.75, 14.75, 14.75, 14.75, 1, otc]
[8923, 20.8, 20.2, 20.20, 20.35, 7, otc]
[8924, 96.0, 94.1, 95.80, 96.00, 609, otc]
[8926, 56.3, 53.6, 55.00, 56.10, 12454, tse]
[8927, 49.55, 48.7, 49.20, 48.80, 1919, otc]
[8928, 37.85, 37.4, 37.50, 37.65, 154, otc]
[8929, 21.8, 21.5, 21.70, 21.75, 174, otc]
[8930, 23.2, 21.8, 22.10, 22.85, 1578, otc]
[8931, 66.8, 63.3, 65.60, 64.40, 721, otc]
[8932, 70.0, 62.1, 68.50, 64.90, 1667, otc]
[8933, 11.6, 11.2, 11.55, 11.25, 2226, otc]
[8935, 12.8, 12.35, 12.35, 12.80, 93, otc]
[8936, 30.65, 28.9, 28.90, 30.65, 14672, otc]
[8937, 22.0, 21.1, 22.00, 21.65, 418, otc]
[8938, 79.2, 77.6, 78.10, 77.90, 1179, otc]
[8940, 36.45, 33.4, 33.95, 34.70, 6068, tse]
[8941, 58.4, 57.6, 58.20, 58.10, 15, otc]
[8942, 75.5, 74.3, 74.30, 74.90, 2101, otc]
[8996, 335.5, 302.0, 322.50, 335.50, 3970, tse]
[9103, 6.58, 6.5, 6.55, 6.52, 1451, tse]
[9105, 3.84, 3.82, 3.84, 3.83, 2933, tse]
[9110, 7.3, 5.99, 7.30, 6.24, 1732, tse]
[9136, 6.7, 6.49, 6.54, 6.65, 1639, tse]
[9802, 136.0, 131.0, 135.00, 134.00, 2343, tse]
[9902, 13.15, 12.75, 13.00, 12.90, 1032, tse]
[9904, 32.1, 31.7, 32.10, 31.80, 13734, tse]
[9905, 26.0, 25.6, 25.75, 26.00, 161, tse]
[9906, 58.7, 56.5, 57.30, 57.80, 485, tse]
[9907, 19.95, 19.5, 19.70, 19.75, 7921, tse]
[9908, 33.2, 32.8, 33.05, 33.20, 289, tse]
[9910, 207.5, 198.5, 207.50, 199.00, 3723, tse]
[9911, 67.0, 62.4, 66.60, 64.30, 1656, tse]
[9912, 11.4, 10.25, 10.60, 11.30, 868, tse]
[9914, 206.0, 196.5, 201.50, 203.50, 2616, tse]
[9917, 118.5, 112.0, 118.00, 113.00, 1921, tse]
[9918, 43.9, 42.8, 43.90, 43.45, 66, tse]
[9919, 20.35, 19.15, 19.15, 19.90, 32920, tse]
[9921, 223.0, 213.5, 217.50, 222.00, 3532, tse]
[9924, 42.55, 42.15, 42.35, 42.55, 390, tse]
[9925, 41.8, 41.3, 41.55, 41.80, 624, tse]
[9926, 55.9, 55.1, 55.20, 55.80, 32, tse]
[9927, 45.9, 45.4, 45.70, 45.90, 484, tse]
[9928, 19.2, 18.8, 18.80, 19.15, 237, tse]
[9929, 9.28, 9.1, 9.23, 9.25, 100, tse]
[9930, 55.7, 54.0, 54.20, 55.40, 764, tse]
[9931, 43.15, 40.95, 41.50, 43.15, 109, tse]
[9933, 42.05, 41.65, 41.80, 41.75, 2302, tse]
[9934, 13.9, 13.35, 13.40, 13.70, 1436, tse]
[9935, 19.55, 19.2, 19.40, 19.45, 366, tse]
[9937, 69.9, 67.9, 67.90, 69.90, 134, tse]
[9938, 55.2, 53.0, 55.20, 53.50, 2867, tse]
[9939, 107.0, 102.5, 104.00, 105.00, 7488, tse]
[9940, 28.7, 28.35, 28.70, 28.60, 594, tse]
[9941, 202.0, 196.0, 198.50, 197.50, 2578, tse]
[9942, 150.5, 146.5, 150.50, 148.50, 1140, tse]
[9943, 109.5, 101.5, 107.00, 103.00, 5615, tse]
[9944, 23.05, 21.5, 23.00, 21.60, 1256, tse]
[9945, 36.5, 35.8, 36.05, 35.85, 13158, tse]
[9946, 14.55, 14.1, 14.40, 14.50, 391, tse]
[9949, 16.05, 15.65, 15.85, 15.95, 73, otc]
[9950, 18.3, 14.9, 14.90, 18.30, 1421, otc]
[9951, 77.0, 74.2, 76.70, 76.00, 687, otc]
[9955, 24.7, 23.95, 24.40, 24.15, 742, tse]
[9958, 115.0, 111.0, 112.50, 112.00, 3853, tse]
[9960, 30.2, 29.5, 29.75, 29.95, 84, otc]
[9962, 20.3, 19.75, 20.25, 19.90, 1439, otc]
