[1101, 37.0, 36.0, 36.40, 36.85, 70738, tse]
[1102, 42.5, 41.85, 42.30, 42.20, 14791, tse]
[1103, 18.55, 18.3, 18.30, 18.55, 927, tse]
[1104, 24.4, 23.6, 23.75, 23.95, 4524, tse]
[1108, 11.8, 11.35, 11.50, 11.60, 1375, tse]
[1109, 16.6, 16.2, 16.55, 16.30, 532, tse]
[1110, 18.0, 17.8, 18.00, 17.90, 369, tse]
[1201, 20.4, 19.65, 19.85, 20.25, 4354, tse]
[1203, 37.15, 36.4, 36.85, 36.40, 109, tse]
[1210, 47.65, 46.2, 46.85, 46.35, 6677, tse]
[1213, 7.42, 6.71, 7.41, 7.05, 84, tse]
[1215, 80.3, 79.0, 79.80, 79.40, 1733, tse]
[1216, 66.8, 66.1, 66.40, 66.60, 20825, tse]
[1217, 11.1, 10.85, 10.90, 11.05, 7284, tse]
[1218, 31.05, 30.0, 30.95, 30.00, 8528, tse]
[1219, 20.15, 19.65, 19.70, 19.75, 3720, tse]
[1220, 15.9, 15.55, 15.70, 15.55, 1185, tse]
[1225, 58.1, 56.6, 58.10, 57.90, 219, tse]
[1227, 42.55, 41.5, 42.00, 41.60, 2863, tse]
[1229, 55.2, 52.6, 53.80, 54.40, 5883, tse]
[1231, 85.3, 82.6, 84.00, 83.30, 1254, tse]
[1232, 148.0, 145.0, 147.00, 146.00, 309, tse]
[1233, 32.7, 32.1, 32.45, 32.35, 47, tse]
[1234, 33.85, 33.25, 33.30, 33.65, 1491, tse]
[1235, 69.0, 68.0, 68.40, 68.00, 10, tse]
[1236, 25.7, 23.75, 25.70, 23.90, 1735, tse]
[1240, 45.3, 44.15, 44.40, 44.45, 105, otc]
[1256, 307.0, 289.5, 290.00, 303.50, 159, tse]
[1258, 22.5, 22.0, 22.00, 22.25, 247, otc]
[1259, 75.2, 73.4, 73.50, 74.50, 78, otc]
[1264, 275.0, 266.0, 272.00, 269.50, 74, otc]
[1268, 140.5, 130.0, 130.50, 137.50, 1545, otc]
[1301, 89.8, 88.4, 88.50, 89.10, 18539, tse]
[1303, 75.7, 74.1, 74.10, 74.40, 17441, tse]
[1304, 24.6, 23.55, 24.40, 23.80, 9728, tse]
[1305, 27.95, 26.65, 27.20, 26.70, 12678, tse]
[1307, 21.15, 20.75, 21.10, 20.90, 332, tse]
[1308, 29.6, 28.05, 29.40, 28.05, 6887, tse]
[1309, 23.5, 22.25, 23.10, 22.30, 5226, tse]
[1310, 14.15, 13.7, 14.10, 13.75, 2375, tse]
[1312, 20.05, 19.3, 19.90, 19.30, 14992, tse]
[1313, 15.85, 14.75, 15.50, 14.80, 14028, tse]
[1314, 10.4, 10.05, 10.25, 10.10, 34058, tse]
[1315, 71.7, 70.7, 71.40, 70.70, 112, tse]
[1316, 12.55, 12.05, 12.15, 12.10, 4453, tse]
[1319, 45.2, 43.5, 44.05, 43.50, 12110, tse]
[1321, 35.0, 33.9, 34.10, 34.60, 660, tse]
[1323, 33.65, 33.2, 33.50, 33.35, 164, tse]
[1324, 11.1, 10.85, 11.10, 10.90, 113, tse]
[1325, 25.45, 24.0, 25.45, 24.05, 1444, tse]
[1326, 71.8, 70.3, 71.40, 70.90, 11625, tse]
[1336, 32.3, 28.15, 31.20, 29.95, 12092, otc]
[1337, 7.38, 7.06, 7.10, 7.08, 3946, tse]
[1338, 46.2, 44.8, 45.55, 44.80, 435, tse]
[1339, 42.3, 41.7, 42.00, 41.70, 610, tse]
[1340, 11.0, 10.2, 10.25, 10.80, 1770, tse]
[1341, 69.4, 68.0, 68.70, 68.50, 83, tse]
[1342, 156.0, 126.5, 126.50, 144.50, 54271, tse]
[1402, 32.7, 32.0, 32.25, 32.15, 29064, tse]
[1409, 18.65, 17.95, 18.10, 18.05, 22292, tse]
[1410, 41.25, 40.2, 41.00, 40.35, 550, tse]
[1413, 9.53, 9.4, 9.52, 9.43, 165, tse]
[1414, 18.25, 17.9, 18.05, 18.15, 982, tse]
[1416, 11.0, 10.3, 10.40, 10.55, 3072, tse]
[1417, 15.1, 14.15, 14.35, 14.40, 49206, tse]
[1418, 14.15, 13.9, 14.00, 14.00, 58, tse]
[1419, 40.9, 40.45, 40.55, 40.90, 116, tse]
[1423, 20.5, 20.3, 20.45, 20.45, 259, tse]
[1432, 16.6, 13.8, 13.80, 15.90, 15925, tse]
[1434, 27.7, 27.15, 27.20, 27.50, 5202, tse]
[1436, 55.6, 53.7, 54.70, 54.20, 111, tse]
[1437, 28.25, 26.0, 26.00, 27.85, 8318, tse]
[1438, 32.75, 30.65, 32.20, 31.15, 861, tse]
[1439, 23.0, 21.85, 22.15, 22.05, 326, tse]
[1440, 17.6, 17.2, 17.40, 17.25, 4276, tse]
[1441, 8.02, 7.95, 8.00, 8.00, 171, tse]
[1442, 32.3, 31.0, 31.15, 31.80, 2753, tse]
[1443, 33.1, 27.9, 31.90, 27.95, 3443, tse]
[1444, 10.5, 10.3, 10.40, 10.30, 6041, tse]
[1445, 16.05, 15.85, 16.05, 15.85, 790, tse]
[1446, 32.2, 31.0, 31.80, 31.35, 427, tse]
[1447, 7.83, 7.69, 7.83, 7.70, 2700, tse]
[1449, 16.1, 14.95, 15.35, 15.05, 761, tse]
[1451, 21.95, 21.25, 21.25, 21.85, 2313, tse]
[1452, 18.0, 17.85, 17.85, 18.00, 250, tse]
[1453, 18.15, 16.15, 16.15, 16.75, 9785, tse]
[1454, 13.4, 13.15, 13.25, 13.15, 194, tse]
[1455, 10.95, 10.7, 10.80, 10.75, 1923, tse]
[1456, 16.05, 15.05, 16.05, 15.05, 232, tse]
[1457, 19.15, 18.8, 18.90, 19.00, 1618, tse]
[1459, 8.64, 8.45, 8.64, 8.49, 209, tse]
[1460, 7.19, 7.13, 7.16, 7.13, 2355, tse]
[1463, 14.95, 14.65, 14.70, 14.80, 322, tse]
[1464, 14.3, 14.05, 14.10, 14.15, 932, tse]
[1465, 14.2, 13.85, 14.15, 13.90, 134, tse]
[1466, 12.0, 11.6, 11.70, 11.65, 660, tse]
[1467, 11.95, 11.55, 11.60, 11.80, 10447, tse]
[1468, 15.45, 14.35, 15.00, 14.45, 357, tse]
[1470, 20.15, 18.1, 18.35, 18.55, 158, tse]
[1471, 7.94, 7.71, 7.87, 7.76, 1189, tse]
[1472, 25.95, 22.95, 22.95, 25.55, 84, tse]
[1473, 23.0, 20.75, 20.85, 22.70, 2180, tse]
[1474, 12.2, 12.05, 12.15, 12.10, 302, tse]
[1475, 72.3, 68.5, 69.80, 68.60, 594, tse]
[1476, 515.0, 484.0, 489.50, 495.50, 4000, tse]
[1477, 229.5, 216.5, 219.00, 216.50, 10590, tse]
[1503, 67.0, 64.6, 65.60, 65.20, 3841, tse]
[1504, 29.35, 28.8, 29.00, 29.35, 20093, tse]
[1506, 18.8, 17.55, 17.75, 18.70, 4727, tse]
[1512, 6.5, 5.8, 6.19, 5.88, 4414, tse]
[1513, 84.2, 77.7, 78.00, 81.90, 117927, tse]
[1514, 33.55, 32.35, 32.70, 32.95, 12334, tse]
[1515, 32.0, 31.05, 32.00, 31.25, 1920, tse]
[1516, 20.65, 19.95, 20.20, 20.30, 1921, tse]
[1517, 20.75, 20.15, 20.75, 20.30, 1683, tse]
[1519, 56.6, 54.1, 54.50, 54.50, 22737, tse]
[1521, 36.35, 35.45, 35.45, 35.90, 189, tse]
[1522, 28.5, 27.65, 27.90, 27.70, 7084, tse]
[1524, 26.5, 25.0, 25.35, 25.10, 37511, tse]
[1525, 61.4, 58.8, 59.80, 60.40, 267, tse]
[1526, 42.2, 41.15, 42.20, 41.25, 622, tse]
[1527, 43.05, 42.1, 42.80, 42.25, 1253, tse]
[1528, 10.15, 9.99, 10.00, 10.00, 1636, tse]
[1529, 24.8, 23.6, 24.00, 23.60, 14442, tse]
[1530, 31.8, 31.4, 31.65, 31.50, 145, tse]
[1531, 14.1, 13.9, 14.10, 14.05, 655, tse]
[1532, 32.0, 30.25, 30.75, 31.65, 3781, tse]
[1533, 51.5, 49.15, 50.30, 49.30, 669, tse]
[1535, 44.05, 43.55, 43.95, 43.60, 495, tse]
[1536, 74.3, 72.0, 73.90, 72.40, 5047, tse]
[1537, 141.0, 139.0, 140.50, 140.00, 531, tse]
[1538, 8.2, 7.49, 7.50, 7.51, 25, tse]
[1539, 29.8, 28.5, 28.55, 28.85, 2702, tse]
[1540, 15.95, 15.7, 15.85, 15.75, 611, tse]
[1541, 33.8, 33.35, 33.60, 33.35, 160, tse]
[1558, 121.5, 120.0, 120.50, 121.00, 277, tse]
[1560, 121.0, 116.0, 120.00, 116.50, 10587, tse]
[1565, 265.0, 253.0, 261.00, 253.00, 855, otc]
[1568, 24.85, 23.8, 24.25, 23.90, 1524, tse]
[1569, 23.9, 23.3, 23.65, 23.30, 1057, otc]
[1570, 18.3, 17.75, 17.75, 18.05, 215, otc]
[1580, 95.8, 93.2, 94.00, 94.50, 475, otc]
[1582, 62.3, 60.6, 61.00, 61.00, 681, tse]
[1583, 62.6, 61.2, 61.30, 61.80, 14, tse]
[1584, 29.15, 25.1, 25.45, 27.35, 111333, otc]
[1586, 34.2, 33.6, 34.20, 33.85, 544, otc]
[1587, 22.75, 22.3, 22.60, 22.50, 318, tse]
[1589, 68.4, 64.4, 67.20, 66.50, 5229, tse]
[1590, 1130.0, 1055.0, 1,075.00, 1,090.00, 5949, tse]
[1591, 25.05, 21.3, 21.45, 24.80, 9905, otc]
[1593, 84.2, 70.5, 71.70, 80.70, 1369, otc]
[1595, 38.9, 38.15, 38.40, 38.50, 140, otc]
[1597, 77.2, 72.5, 74.60, 75.20, 658, tse]
[1598, 48.55, 44.05, 44.65, 48.00, 3757, tse]
[1599, 40.5, 39.9, 40.20, 39.90, 268, otc]
[1603, 26.7, 25.95, 26.60, 25.95, 1721, tse]
[1604, 26.6, 26.15, 26.60, 26.45, 820, tse]
[1605, 55.4, 52.0, 54.70, 53.00, 254272, tse]
[1608, 16.0, 15.2, 15.25, 15.20, 6078, tse]
[1609, 24.15, 23.05, 23.35, 23.30, 33200, tse]
[1611, 14.2, 13.7, 14.10, 13.75, 3305, tse]
[1612, 19.7, 18.75, 18.90, 18.90, 6417, tse]
[1614, 36.5, 35.55, 36.10, 35.70, 113, tse]
[1615, 31.15, 30.8, 31.05, 31.00, 317, tse]
[1616, 8.0, 7.52, 7.63, 7.86, 1340, tse]
[1617, 15.0, 14.75, 15.00, 14.95, 75, tse]
[1618, 15.2, 14.7, 14.95, 14.75, 1977, tse]
[1626, 17.7, 17.3, 17.55, 17.35, 314, tse]
[1701, 28.0, 26.7, 27.05, 27.45, 55460, tse]
[1702, 46.9, 45.8, 46.60, 45.80, 1781, tse]
[1707, 179.0, 171.0, 174.50, 171.50, 3885, tse]
[1708, 42.35, 40.9, 42.30, 41.10, 7853, tse]
[1709, 23.25, 22.8, 23.05, 22.85, 1971, tse]
[1710, 19.25, 18.7, 19.05, 18.70, 3097, tse]
[1711, 19.35, 18.7, 19.20, 18.70, 3854, tse]
[1712, 39.4, 38.3, 39.00, 38.45, 5552, tse]
[1713, 25.9, 24.9, 25.10, 25.25, 651, tse]
[1714, 8.8, 8.69, 8.74, 8.69, 3646, tse]
[1717, 33.15, 32.45, 32.95, 32.50, 5050, tse]
[1718, 8.86, 8.58, 8.77, 8.61, 9224, tse]
[1720, 59.3, 56.9, 57.40, 57.20, 8574, tse]
[1721, 15.75, 14.9, 15.35, 14.90, 4258, tse]
[1722, 57.3, 55.8, 57.20, 55.80, 6538, tse]
[1723, 112.0, 108.5, 110.00, 109.00, 1643, tse]
[1725, 21.4, 21.05, 21.40, 21.05, 91, tse]
[1726, 71.8, 71.1, 71.20, 71.60, 72, tse]
[1727, 26.95, 26.1, 26.45, 26.20, 1306, tse]
[1730, 56.3, 54.9, 56.00, 55.50, 86, tse]
[1731, 20.25, 19.55, 19.85, 19.55, 1135, tse]
[1732, 30.8, 29.65, 29.65, 30.30, 1890, tse]
[1733, 26.65, 25.2, 25.25, 25.95, 4960, tse]
[1734, 32.25, 31.45, 31.60, 31.50, 6467, tse]
[1735, 15.4, 14.9, 15.35, 15.20, 59, tse]
[1736, 74.9, 68.6, 73.60, 69.00, 6873, tse]
[1737, 32.75, 32.45, 32.65, 32.50, 499, tse]
[1742, 15.1, 14.3, 14.65, 14.90, 237, otc]
[1752, 64.5, 57.1, 57.40, 58.60, 68379, tse]
[1760, 183.5, 170.5, 174.50, 170.50, 53454, tse]
[1762, 68.3, 63.2, 63.50, 65.50, 6777, tse]
[1773, 135.5, 130.0, 134.50, 130.00, 996, tse]
[1776, 17.4, 16.65, 16.90, 16.85, 147, tse]
[1777, 87.6, 84.9, 86.10, 85.90, 675, otc]
[1781, 16.65, 14.9, 15.90, 16.30, 1547, otc]
[1783, 64.8, 57.5, 58.10, 58.20, 58341, tse]
[1784, 48.2, 45.6, 45.60, 46.30, 5280, otc]
[1785, 38.75, 37.0, 38.75, 37.00, 13836, otc]
[1786, 61.9, 57.7, 57.70, 60.10, 3247, tse]
[1788, 147.0, 143.5, 144.50, 145.50, 104, otc]
[1789, 27.2, 25.8, 26.55, 25.85, 6876, tse]
[1795, 291.0, 251.0, 251.00, 277.50, 131424, tse]
[1796, 75.5, 70.4, 74.80, 71.70, 679, otc]
[1799, 15.2, 14.7, 14.75, 15.20, 139, otc]
[1802, 23.5, 22.5, 23.30, 22.55, 12417, tse]
[1805, 10.2, 9.91, 10.10, 10.00, 100, tse]
[1806, 9.29, 9.0, 9.16, 9.01, 795, tse]
[1808, 75.2, 71.5, 72.20, 74.70, 3738, tse]
[1809, 14.9, 14.3, 14.55, 14.35, 8803, tse]
[1810, 19.95, 18.3, 18.60, 19.65, 53372, tse]
[1813, 21.8, 21.35, 21.35, 21.80, 124, otc]
[1815, 12.85, 12.45, 12.65, 12.45, 6126, otc]
[1817, 41.0, 39.4, 40.10, 39.70, 795, tse]
[1903, 49.95, 48.85, 49.95, 49.35, 451, tse]
[1904, 29.3, 28.4, 29.00, 28.80, 6692, tse]
[1905, 17.3, 16.85, 17.25, 16.90, 2753, tse]
[1906, 17.95, 17.45, 17.95, 17.60, 2612, tse]
[1907, 26.3, 25.7, 26.15, 25.90, 5908, tse]
[1909, 18.8, 17.8, 18.80, 17.95, 16393, tse]
[2002, 31.55, 31.05, 31.30, 31.25, 64190, tse]
[2006, 58.5, 56.6, 57.60, 56.60, 5896, tse]
[2007, 12.55, 11.85, 12.40, 11.95, 8501, tse]
[2008, 18.6, 18.35, 18.45, 18.35, 167, tse]
[2009, 38.35, 35.05, 35.30, 36.05, 43199, tse]
[2010, 16.9, 16.55, 16.70, 16.70, 2306, tse]
[2012, 24.8, 24.0, 24.80, 24.10, 246, tse]
[2013, 60.8, 54.1, 59.80, 57.50, 4035, tse]
[2014, 29.25, 27.6, 27.75, 28.10, 54595, tse]
[2015, 71.0, 69.2, 71.00, 70.00, 999, tse]
[2017, 16.1, 15.5, 15.60, 15.90, 5791, tse]
[2020, 24.05, 23.7, 24.00, 23.75, 453, tse]
[2022, 8.54, 8.35, 8.49, 8.35, 2375, tse]
[2023, 17.4, 16.75, 17.10, 16.75, 13913, tse]
[2024, 19.55, 18.8, 18.80, 19.00, 181, tse]
[2025, 5.35, 5.02, 5.02, 5.23, 2154, tse]
[2027, 44.6, 43.7, 43.90, 43.80, 32794, tse]
[2028, 29.95, 28.2, 29.50, 28.20, 4540, tse]
[2029, 25.7, 24.95, 25.35, 25.05, 1377, tse]
[2030, 24.3, 23.25, 24.00, 23.25, 5534, tse]
[2031, 48.5, 45.0, 47.70, 45.00, 8814, tse]
[2032, 21.55, 20.65, 21.15, 20.70, 2507, tse]
[2033, 16.25, 15.3, 15.75, 15.30, 1643, tse]
[2034, 31.45, 30.15, 30.30, 30.20, 10447, tse]
[2035, 32.15, 31.8, 32.10, 31.90, 66, otc]
[2038, 23.5, 22.6, 23.10, 22.60, 4070, tse]
[2049, 252.0, 224.5, 227.00, 237.00, 22186, tse]
[2059, 405.0, 392.5, 403.50, 392.50, 1336, tse]
[2061, 27.4, 25.5, 25.50, 25.80, 2368, otc]
[2062, 24.6, 23.65, 24.40, 24.20, 1386, tse]
[2063, 46.25, 44.5, 45.00, 45.00, 557, otc]
[2064, 19.3, 18.2, 18.20, 18.60, 241, otc]
[2065, 55.3, 54.3, 55.00, 55.10, 362, otc]
[2066, 87.0, 80.7, 81.60, 84.80, 1565, otc]
[2067, 11.35, 10.15, 10.15, 10.75, 225, otc]
[2069, 21.75, 21.15, 21.55, 21.25, 1810, tse]
[2070, 38.6, 36.95, 36.95, 38.55, 129, otc]
[2101, 37.8, 34.4, 34.65, 37.50, 7740, tse]
[2102, 21.1, 20.35, 20.80, 20.95, 3209, tse]
[2103, 30.65, 28.65, 29.85, 28.70, 17949, tse]
[2104, 20.8, 20.2, 20.60, 20.30, 6408, tse]
[2105, 34.8, 33.75, 34.80, 33.95, 16818, tse]
[2106, 31.5, 30.9, 31.30, 31.25, 2183, tse]
[2107, 22.25, 21.9, 22.25, 22.00, 828, tse]
[2108, 42.6, 39.8, 40.75, 41.25, 6901, tse]
[2109, 15.25, 14.1, 14.50, 14.90, 1148, tse]
[2114, 100.0, 96.7, 100.00, 98.80, 92, tse]
[2115, 30.6, 30.05, 30.60, 30.20, 97, tse]
[2201, 80.2, 75.8, 78.00, 79.00, 131635, tse]
[2204, 59.0, 56.4, 58.10, 56.60, 7266, tse]
[2206, 36.05, 35.25, 35.75, 35.50, 7590, tse]
[2207, 660.0, 622.0, 652.00, 623.00, 818, tse]
[2208, 21.0, 20.15, 20.45, 20.65, 19472, tse]
[2211, 54.0, 53.0, 54.00, 53.10, 895, tse]
[2221, 39.8, 38.25, 38.50, 38.55, 511, otc]
[2227, 203.5, 198.0, 203.50, 201.00, 153, tse]
[2228, 79.4, 76.7, 76.70, 77.60, 658, tse]
[2230, 56.9, 51.2, 52.10, 52.10, 14308, otc]
[2231, 165.5, 157.5, 160.00, 158.00, 6662, tse]
[2233, 103.5, 101.0, 102.00, 101.00, 437, tse]
[2235, 47.15, 46.15, 46.85, 46.85, 43, otc]
[2236, 43.1, 35.15, 36.05, 39.45, 15010, tse]
[2239, 64.8, 62.9, 64.50, 63.50, 124, tse]
[2241, 33.0, 31.9, 32.85, 32.05, 289, tse]
[2243, 19.3, 17.0, 17.00, 17.60, 6369, tse]
[2247, 219.5, 216.0, 216.00, 217.50, 239, tse]
[2250, 73.0, 70.9, 73.00, 72.00, 93, tse]
[2301, 70.7, 67.5, 67.50, 69.50, 28594, tse]
[2302, 17.75, 16.75, 16.85, 17.10, 6000, tse]
[2303, 51.2, 48.35, 49.70, 50.80, 328856, tse]
[2305, 26.25, 25.0, 26.05, 25.00, 1990, tse]
[2308, 300.5, 290.0, 298.00, 294.00, 31646, tse]
[2312, 14.0, 13.55, 13.85, 13.55, 18866, tse]
[2313, 46.5, 45.25, 46.40, 45.70, 45158, tse]
[2314, 43.15, 41.05, 42.40, 41.10, 6391, tse]
[2316, 28.05, 27.7, 28.05, 27.75, 461, tse]
[2317, 102.0, 100.0, 100.50, 101.50, 162139, tse]
[2321, 6.38, 5.95, 5.95, 6.38, 259, tse]
[2323, 7.91, 7.73, 7.86, 7.73, 11728, tse]
[2324, 23.7, 23.0, 23.00, 23.45, 57124, tse]
[2327, 538.0, 504.0, 535.00, 516.00, 13869, tse]
[2328, 40.0, 37.8, 38.95, 39.15, 30894, tse]
[2329, 19.85, 19.1, 19.65, 19.10, 12046, tse]
[2330, 546.0, 522.0, 532.00, 545.00, 144605, tse]
[2331, 21.9, 21.15, 21.75, 21.15, 3593, tse]
[2332, 15.8, 15.25, 15.70, 15.30, 5698, tse]
[2337, 36.9, 35.8, 36.80, 35.80, 20871, tse]
[2338, 90.2, 83.5, 89.60, 85.70, 33864, tse]
[2340, 37.9, 36.3, 37.90, 36.30, 7251, tse]
[2342, 42.45, 40.4, 40.70, 40.60, 5270, tse]
[2344, 23.3, 22.05, 23.00, 22.35, 157590, tse]
[2345, 277.5, 253.5, 256.50, 273.50, 20675, tse]
[2347, 63.3, 62.0, 62.10, 62.70, 15295, tse]
[2348, 69.5, 67.0, 69.00, 67.60, 321, tse]
[2349, 8.31, 8.13, 8.20, 8.19, 3744, tse]
[2351, 125.0, 117.5, 119.00, 120.50, 11651, tse]
[2352, 29.25, 28.55, 28.75, 29.10, 20463, tse]
[2353, 25.55, 24.8, 24.80, 25.15, 48057, tse]
[2354, 57.0, 54.5, 56.50, 54.60, 19787, tse]
[2355, 30.7, 29.9, 30.50, 30.00, 4383, tse]
[2356, 26.1, 25.55, 25.55, 25.60, 33605, tse]
[2357, 279.5, 270.0, 274.50, 270.00, 9508, tse]
[2358, 16.9, 16.1, 16.25, 16.10, 14212, tse]
[2359, 27.95, 26.65, 27.00, 26.75, 19207, tse]
[2360, 194.0, 188.5, 190.50, 190.00, 3845, tse]
[2362, 31.3, 30.8, 31.05, 31.10, 1587, tse]
[2363, 18.35, 17.55, 18.00, 17.60, 10775, tse]
[2364, 120.5, 101.0, 106.00, 109.00, 12908, tse]
[2365, 10.4, 10.0, 10.35, 10.00, 1409, tse]
[2367, 19.2, 18.2, 18.60, 18.20, 34178, tse]
[2368, 93.1, 85.0, 92.70, 85.10, 60802, tse]
[2369, 15.2, 14.35, 15.05, 14.40, 10474, tse]
[2371, 34.6, 33.1, 34.35, 33.20, 21976, tse]
[2373, 80.8, 79.3, 79.70, 80.00, 339, tse]
[2374, 21.0, 20.5, 20.90, 20.60, 1597, tse]
[2375, 64.2, 60.0, 63.20, 60.20, 1887, tse]
[2376, 122.5, 113.5, 113.50, 117.00, 39847, tse]
[2377, 135.0, 128.5, 131.50, 128.50, 13405, tse]
[2379, 364.5, 330.0, 345.00, 357.00, 19013, tse]
[2380, 11.2, 10.6, 11.15, 10.65, 3416, tse]
[2382, 78.2, 75.8, 75.90, 77.60, 26312, tse]
[2383, 192.5, 181.0, 188.00, 190.00, 9867, tse]
[2385, 89.8, 88.6, 89.60, 89.50, 8189, tse]
[2387, 39.4, 38.25, 39.40, 38.70, 1798, tse]
[2388, 78.5, 71.3, 72.50, 73.40, 75871, tse]
[2390, 13.45, 12.8, 13.25, 12.80, 2749, tse]
[2392, 41.0, 39.6, 39.75, 40.35, 12204, tse]
[2393, 38.1, 37.05, 38.10, 37.15, 5776, tse]
[2395, 366.5, 353.5, 355.50, 358.00, 3553, tse]
[2397, 61.7, 60.3, 61.10, 61.50, 363, tse]
[2399, 14.8, 14.1, 14.60, 14.10, 5065, tse]
[2401, 26.85, 24.85, 25.00, 25.60, 36000, tse]
[2402, 19.1, 18.35, 18.60, 18.60, 13871, tse]
[2404, 216.0, 207.0, 207.00, 210.50, 4396, tse]
[2405, 12.9, 12.25, 12.40, 12.70, 11960, tse]
[2406, 19.85, 19.4, 19.65, 19.45, 3823, tse]
[2408, 59.4, 57.5, 59.40, 58.30, 30276, tse]
[2409, 17.9, 16.45, 16.45, 17.15, 313678, tse]
[2412, 113.5, 112.0, 112.50, 113.00, 46339, tse]
[2413, 31.95, 28.5, 29.00, 28.70, 24162, tse]
[2414, 32.25, 31.6, 31.75, 31.60, 482, tse]
[2415, 24.9, 23.6, 24.20, 23.75, 712, tse]
[2417, 23.85, 23.2, 23.60, 23.35, 1231, tse]
[2419, 27.25, 25.9, 26.20, 25.95, 15469, tse]
[2420, 41.5, 40.7, 40.95, 41.00, 501, tse]
[2421, 43.7, 42.1, 43.25, 42.10, 3190, tse]
[2423, 28.55, 27.85, 28.20, 27.85, 746, tse]
[2424, 22.2, 19.7, 19.70, 20.85, 270, tse]
[2425, 37.4, 30.65, 31.10, 35.50, 66653, tse]
[2426, 17.8, 17.25, 17.80, 17.25, 1437, tse]
[2427, 12.95, 12.0, 12.05, 12.60, 2364, tse]
[2428, 151.0, 143.0, 147.50, 143.50, 2086, tse]
[2429, 10.55, 10.1, 10.10, 10.30, 99, tse]
[2430, 47.4, 45.65, 46.20, 46.25, 1042, tse]
[2431, 10.1, 9.95, 10.05, 9.98, 492, tse]
[2433, 49.9, 49.15, 49.30, 49.25, 66, tse]
[2434, 28.9, 27.7, 28.00, 28.35, 187, tse]
[2436, 50.4, 47.25, 50.30, 47.25, 12051, tse]
[2438, 14.8, 14.05, 14.80, 14.15, 146, tse]
[2439, 84.3, 82.6, 83.60, 82.90, 2532, tse]
[2440, 12.4, 11.65, 11.95, 11.95, 568, tse]
[2441, 53.9, 51.4, 53.90, 51.80, 6165, tse]
[2442, 13.2, 12.9, 13.15, 12.90, 1469, tse]
[2443, 2.91, 2.8, 2.80, 2.84, 379, tse]
[2444, 18.2, 16.25, 17.80, 16.25, 10516, tse]
[2449, 40.45, 39.45, 39.95, 39.90, 21282, tse]
[2450, 32.3, 31.75, 32.00, 32.15, 734, tse]
[2451, 69.0, 67.7, 68.00, 68.50, 1491, tse]
[2453, 35.75, 26.3, 26.35, 34.70, 41562, tse]
[2454, 749.0, 716.0, 745.00, 740.00, 30235, tse]
[2455, 85.8, 79.9, 82.30, 83.00, 17529, tse]
[2457, 41.85, 39.8, 40.80, 39.90, 22501, tse]
[2458, 108.0, 103.0, 106.50, 106.00, 10253, tse]
[2459, 54.6, 53.5, 53.50, 54.10, 340, tse]
[2460, 18.4, 17.6, 17.75, 18.10, 1221, tse]
[2461, 19.6, 19.2, 19.45, 19.30, 964, tse]
[2462, 31.5, 29.6, 30.85, 29.65, 2911, tse]
[2464, 39.4, 38.8, 39.30, 39.00, 708, tse]
[2465, 43.6, 40.3, 42.00, 40.40, 8605, tse]
[2466, 35.0, 34.55, 34.65, 34.90, 71, tse]
[2467, 45.35, 44.3, 45.05, 44.45, 456, tse]
[2468, 32.2, 29.0, 29.40, 29.65, 25515, tse]
[2471, 30.5, 28.6, 28.90, 29.95, 2700, tse]
[2472, 59.8, 58.2, 58.40, 58.80, 2083, tse]
[2474, 189.0, 184.0, 186.00, 188.00, 14265, tse]
[2476, 49.15, 47.45, 48.60, 47.65, 2956, tse]
[2477, 20.45, 20.05, 20.20, 20.05, 397, tse]
[2478, 46.85, 44.85, 45.20, 44.95, 541, tse]
[2480, 86.0, 84.3, 85.10, 85.40, 733, tse]
[2481, 69.7, 67.0, 68.90, 67.00, 21286, tse]
[2482, 42.85, 38.5, 38.90, 40.70, 56999, tse]
[2483, 26.45, 24.45, 25.10, 25.15, 2294, tse]
[2484, 38.4, 36.0, 36.60, 37.25, 17560, tse]
[2485, 18.25, 17.55, 18.00, 17.55, 3126, tse]
[2486, 24.2, 22.6, 23.85, 22.60, 7934, tse]
[2488, 29.5, 29.15, 29.45, 29.20, 365, tse]
[2489, 10.3, 10.0, 10.20, 10.05, 4279, tse]
[2491, 13.0, 12.0, 12.50, 12.00, 223, tse]
[2492, 101.0, 93.0, 99.30, 93.00, 16495, tse]
[2493, 49.6, 47.9, 49.20, 47.95, 1283, tse]
[2495, 18.8, 17.7, 18.10, 18.10, 9984, tse]
[2496, 53.9, 50.8, 52.90, 51.70, 281, tse]
[2497, 79.2, 74.9, 77.00, 75.10, 8571, tse]
[2498, 69.2, 64.9, 66.30, 65.50, 228214, tse]
[2501, 16.8, 16.45, 16.50, 16.60, 2827, tse]
[2504, 26.65, 25.6, 25.65, 26.50, 12762, tse]
[2505, 18.75, 18.4, 18.55, 18.55, 920, tse]
[2506, 9.38, 9.22, 9.38, 9.30, 993, tse]
[2509, 14.95, 14.6, 14.70, 14.80, 213, tse]
[2511, 11.6, 11.3, 11.45, 11.45, 4339, tse]
[2514, 16.75, 16.55, 16.70, 16.70, 588, tse]
[2515, 8.76, 8.52, 8.57, 8.57, 14608, tse]
[2516, 5.1, 4.98, 5.03, 5.00, 589, tse]
[2520, 29.5, 28.7, 29.30, 29.00, 2967, tse]
[2524, 33.0, 32.5, 32.80, 32.55, 159, tse]
[2527, 21.9, 21.15, 21.90, 21.25, 624, tse]
[2528, 18.4, 16.7, 16.75, 17.75, 468, tse]
[2530, 18.45, 17.55, 17.75, 18.05, 3845, tse]
[2534, 23.15, 22.55, 22.75, 23.05, 5442, tse]
[2535, 31.4, 30.8, 30.80, 30.85, 1579, tse]
[2536, 22.4, 22.2, 22.40, 22.25, 1089, tse]
[2537, 7.04, 6.96, 7.02, 6.99, 2529, tse]
[2538, 13.5, 12.95, 13.05, 13.30, 2453, tse]
[2539, 34.0, 33.2, 33.50, 34.00, 1221, tse]
[2540, 80.0, 77.6, 78.30, 78.70, 348, tse]
[2542, 42.05, 41.5, 41.80, 41.55, 9700, tse]
[2543, 9.07, 8.94, 9.00, 9.06, 243, tse]
[2545, 44.25, 41.95, 41.95, 43.45, 1788, tse]
[2546, 56.6, 55.2, 56.10, 55.80, 537, tse]
[2547, 9.08, 8.98, 9.06, 9.02, 5700, tse]
[2548, 90.5, 89.1, 89.10, 90.20, 1715, tse]
[2596, 18.6, 18.4, 18.45, 18.50, 376, otc]
[2597, 129.5, 125.5, 128.00, 126.50, 425, tse]
[2601, 8.68, 8.46, 8.68, 8.49, 7300, tse]
[2603, 156.5, 146.5, 156.00, 147.00, 87695, tse]
[2605, 20.7, 19.85, 20.30, 19.85, 7791, tse]
[2606, 52.3, 49.8, 50.30, 51.80, 16944, tse]
[2607, 28.7, 26.7, 27.20, 27.70, 109609, tse]
[2608, 39.7, 38.95, 39.50, 38.95, 1442, tse]
[2609, 63.4, 60.5, 63.30, 60.60, 94404, tse]
[2610, 19.8, 18.85, 19.50, 18.85, 130922, tse]
[2611, 13.8, 13.15, 13.60, 13.20, 2628, tse]
[2612, 39.65, 38.6, 39.35, 38.70, 1603, tse]
[2613, 23.0, 22.0, 23.00, 22.10, 1200, tse]
[2614, 24.95, 23.1, 24.85, 23.10, 20288, tse]
[2615, 79.2, 75.5, 79.20, 75.50, 47340, tse]
[2616, 31.4, 31.15, 31.25, 31.20, 606, tse]
[2617, 27.4, 26.85, 27.20, 26.95, 3927, tse]
[2618, 29.7, 28.25, 29.30, 28.45, 159313, tse]
[2630, 17.4, 16.7, 16.80, 17.20, 493, tse]
[2633, 29.4, 28.75, 29.35, 28.90, 12794, tse]
[2634, 40.35, 34.95, 35.05, 37.95, 176802, tse]
[2636, 68.5, 66.1, 67.50, 66.70, 2829, tse]
[2637, 62.5, 60.3, 60.80, 61.30, 13785, tse]
[2640, 102.0, 89.8, 90.00, 98.00, 742, otc]
[2641, 18.3, 17.8, 18.25, 17.85, 5266, otc]
[2642, 50.1, 48.5, 50.00, 48.55, 756, tse]
[2643, 69.3, 68.3, 68.90, 69.00, 192, otc]
[2701, 12.2, 12.05, 12.20, 12.15, 867, tse]
[2702, 24.1, 22.9, 22.90, 23.05, 4575, tse]
[2704, 32.95, 32.15, 32.15, 32.50, 492, tse]
[2705, 17.2, 16.75, 17.05, 16.80, 745, tse]
[2706, 14.3, 14.1, 14.15, 14.20, 921, tse]
[2707, 273.0, 253.5, 254.00, 258.00, 6543, tse]
[2712, 33.5, 32.75, 32.95, 33.30, 22, tse]
[2718, 35.25, 34.5, 34.50, 35.25, 31, otc]
[2719, 38.8, 33.9, 33.90, 34.00, 547, otc]
[2722, 34.1, 33.0, 33.25, 33.00, 375, tse]
[2723, 158.0, 148.0, 148.00, 152.00, 6346, tse]
[2724, 13.4, 13.4, 13.40, 13.40, 3, otc]
[2726, 24.5, 23.0, 24.50, 23.70, 314, otc]
[2727, 210.0, 187.0, 189.00, 199.00, 20410, tse]
[2729, 233.0, 217.0, 219.00, 226.50, 906, otc]
[2731, 119.0, 106.5, 107.50, 111.00, 16918, tse]
[2732, 154.0, 136.0, 137.50, 142.00, 7002, otc]
[2734, 28.8, 27.5, 27.70, 27.90, 1059, otc]
[2736, 24.5, 22.3, 22.35, 22.80, 7789, otc]
[2739, 31.8, 30.35, 30.35, 31.30, 504, tse]
[2740, NaN, NaN, NaN, NaN, 0, otc]
[2743, 63.0, 58.9, 59.10, 60.00, 9056, otc]
[2745, 40.6, 39.2, 40.00, 39.30, 566, otc]
[2748, 79.1, 66.8, 68.50, 75.80, 36829, tse]
[2752, 243.0, 226.0, 226.00, 243.00, 423, otc]
[2753, 240.0, 213.0, 213.00, 240.00, 7018, tse]
[2754, 146.5, 136.5, 140.50, 142.50, 1612, otc]
[2755, 93.0, 85.9, 85.90, 88.80, 130, otc]
[2756, 110.5, 108.0, 108.00, 110.00, 76, otc]
[2801, 17.45, 17.2, 17.40, 17.30, 23551, tse]
[2809, 35.75, 34.65, 35.50, 34.75, 5175, tse]
[2812, 13.3, 13.1, 13.25, 13.20, 35246, tse]
[2816, 16.3, 16.0, 16.25, 16.15, 121, tse]
[2820, 15.6, 15.3, 15.35, 15.45, 2466, tse]
[2832, 20.85, 20.65, 20.75, 20.70, 600, tse]
[2834, 13.55, 13.1, 13.20, 13.45, 81623, tse]
[2836, 12.9, 12.7, 12.85, 12.75, 1973, tse]
[2838, 16.5, 16.05, 16.40, 16.20, 3418, tse]
[2845, 11.95, 11.65, 11.80, 11.70, 24137, tse]
[2849, 14.9, 14.65, 14.90, 14.65, 196, tse]
[2850, 52.3, 50.0, 50.70, 50.60, 1138, tse]
[2851, 18.9, 18.4, 18.65, 18.40, 12332, tse]
[2852, 17.0, 16.55, 16.55, 16.65, 2116, tse]
[2855, 17.25, 16.7, 16.90, 17.15, 5270, tse]
[2867, 5.72, 5.47, 5.60, 5.49, 66453, tse]
[2880, 22.75, 22.45, 22.75, 22.70, 39956, tse]
[2881, 60.0, 58.6, 59.50, 58.90, 54064, tse]
[2882, 43.2, 42.35, 43.15, 42.65, 76547, tse]
[2883, 13.15, 12.9, 13.05, 12.90, 103652, tse]
[2884, 24.85, 24.4, 24.60, 24.70, 99686, tse]
[2885, 22.85, 22.55, 22.55, 22.80, 54902, tse]
[2886, 32.7, 32.0, 32.40, 32.60, 60841, tse]
[2887, 16.35, 16.05, 16.30, 16.15, 53845, tse]
[2888, 8.82, 8.62, 8.82, 8.66, 127645, tse]
[2889, 13.15, 12.6, 13.10, 12.65, 29784, tse]
[2890, 17.5, 17.05, 17.35, 17.20, 77558, tse]
[2891, 22.6, 22.25, 22.35, 22.45, 102881, tse]
[2892, 26.4, 26.0, 26.10, 26.35, 62822, tse]
[2897, 9.78, 9.54, 9.74, 9.63, 28107, tse]
[2901, 24.5, 23.9, 24.25, 24.25, 123, tse]
[2903, 22.2, 21.4, 21.95, 21.45, 8479, tse]
[2904, 20.85, 20.15, 20.35, 20.55, 191, tse]
[2905, 15.85, 15.5, 15.80, 15.60, 1488, tse]
[2906, 19.25, 18.25, 18.65, 18.35, 4081, tse]
[2908, 20.05, 19.9, 20.05, 19.95, 650, tse]
[2910, 30.0, 29.45, 29.70, 29.50, 85, tse]
[2911, 7.2, 7.04, 7.16, 7.05, 790, tse]
[2912, 269.5, 267.0, 269.00, 268.50, 5146, tse]
[2913, 22.0, 21.2, 21.80, 21.40, 2402, tse]
[2915, 67.5, 65.5, 66.80, 65.60, 9490, tse]
[2916, 32.2, 29.2, 29.20, 30.65, 2874, otc]
[2923, 22.35, 21.6, 22.25, 22.00, 10, tse]
[2924, 39.5, 36.0, 39.50, 36.95, 8, otc]
[2926, 60.2, 57.6, 57.60, 59.80, 55, otc]
[2929, 17.5, 15.7, 16.65, 15.75, 23280, tse]
[2937, 36.6, 35.8, 36.00, 36.55, 37, otc]
[2939, 35.55, 33.95, 34.20, 34.55, 1234, tse]
[2945, 47.5, 43.2, 43.50, 47.25, 203, tse]
[2947, 101.0, 93.6, 93.60, 100.00, 52, otc]
[3002, 11.85, 11.5, 11.60, 11.75, 900, tse]
[3003, 73.4, 71.1, 73.00, 71.10, 1527, tse]
[3004, 85.0, 77.6, 80.00, 81.70, 2803, tse]
[3005, 48.15, 46.6, 46.95, 46.90, 5949, tse]
[3006, 81.3, 78.6, 80.90, 78.60, 17576, tse]
[3008, 2290.0, 2200.0, 2,220.00, 2,255.00, 2398, tse]
[3010, 88.3, 87.2, 87.80, 87.70, 908, tse]
[3011, 18.6, 17.45, 18.10, 18.50, 6390, tse]
[3013, 21.25, 19.0, 20.80, 19.05, 32976, tse]
[3014, 86.9, 81.1, 81.60, 85.20, 8894, tse]
[3015, 40.0, 39.25, 39.45, 39.95, 674, tse]
[3016, 79.7, 76.5, 77.40, 76.50, 3424, tse]
[3017, 118.5, 107.0, 109.00, 115.50, 34968, tse]
[3019, 68.0, 64.8, 66.20, 64.80, 4297, tse]
[3021, 22.5, 21.35, 22.50, 21.35, 2489, tse]
[3022, 82.9, 73.1, 74.90, 77.70, 34107, tse]
[3023, 316.0, 299.5, 303.50, 310.00, 5321, tse]
[3024, 13.25, 13.0, 13.20, 13.10, 1768, tse]
[3025, 21.0, 20.3, 20.65, 20.40, 2112, tse]
[3026, 95.3, 93.7, 94.70, 94.90, 1079, tse]
[3027, 40.4, 37.75, 38.55, 38.55, 41633, tse]
[3028, 30.25, 29.95, 30.05, 30.05, 1451, tse]
[3029, 47.0, 42.5, 42.60, 46.00, 11171, tse]
[3030, 63.8, 62.3, 63.70, 62.40, 2196, tse]
[3031, 16.05, 15.55, 16.05, 15.75, 446, tse]
[3032, 31.3, 30.1, 30.85, 31.05, 546, tse]
[3033, 27.75, 27.0, 27.60, 27.15, 4345, tse]
[3034, 398.0, 356.0, 360.50, 383.50, 50728, tse]
[3035, 204.5, 186.5, 194.50, 193.50, 108499, tse]
[3036, 67.0, 65.7, 67.00, 65.80, 5380, tse]
[3037, 133.0, 128.5, 132.50, 129.00, 105318, tse]
[3038, 21.0, 20.7, 20.85, 20.75, 2226, tse]
[3040, 29.95, 29.55, 29.95, 29.80, 71, tse]
[3041, 23.3, 21.9, 23.00, 21.90, 8529, tse]
[3042, 89.9, 86.1, 89.40, 86.50, 6638, tse]
[3043, 32.2, 29.5, 30.00, 29.50, 771, tse]
[3044, 104.0, 100.5, 102.50, 101.00, 5041, tse]
[3045, 96.3, 94.8, 95.20, 95.90, 10740, tse]
[3046, 55.6, 47.85, 47.85, 52.70, 37337, tse]
[3047, 16.3, 15.35, 15.95, 15.35, 13017, tse]
[3048, 28.35, 27.7, 28.10, 27.80, 2614, tse]
[3049, 9.59, 9.35, 9.40, 9.37, 7129, tse]
[3050, 17.8, 17.25, 17.50, 17.30, 1462, tse]
[3051, 20.15, 18.65, 19.90, 18.75, 3523, tse]
[3052, 10.5, 10.35, 10.45, 10.40, 431, tse]
[3054, 19.3, 18.85, 19.20, 18.85, 76, tse]
[3055, 29.0, 26.0, 26.60, 27.80, 2432, tse]
[3056, 32.1, 31.55, 31.95, 31.60, 2293, tse]
[3057, 11.45, 10.8, 11.00, 11.20, 1137, tse]
[3058, 10.2, 9.96, 10.15, 10.10, 1071, tse]
[3059, 36.2, 34.3, 35.00, 34.35, 18984, tse]
[3060, 17.9, 17.05, 17.25, 17.45, 1028, tse]
[3062, 24.9, 23.75, 24.55, 23.75, 10325, tse]
[3064, 14.55, 13.9, 14.00, 14.20, 58, otc]
[3066, 24.55, 23.8, 24.20, 23.80, 214, otc]
[3067, 35.15, 31.1, 34.65, 33.05, 23, otc]
[3071, 26.4, 25.15, 25.45, 25.15, 2401, otc]
[3073, 30.5, 29.8, 29.80, 30.50, 30, otc]
[3078, 30.25, 29.15, 29.40, 29.65, 1417, otc]
[3081, 137.0, 126.0, 126.50, 130.00, 18774, otc]
[3083, 47.9, 45.8, 47.10, 45.90, 2453, otc]
[3086, 81.5, 79.2, 80.10, 79.20, 101, otc]
[3088, 64.6, 59.5, 60.80, 62.70, 5484, otc]
[3089, 68.3, 65.9, 68.00, 66.60, 168, otc]
[3090, 55.4, 54.2, 54.40, 54.90, 2055, tse]
[3092, 37.8, 36.5, 36.60, 36.95, 1799, tse]
[3093, 31.45, 28.65, 28.85, 29.25, 9433, otc]
[3094, 29.4, 26.5, 27.15, 27.35, 8148, tse]
[3095, 36.15, 34.0, 36.15, 34.00, 54, otc]
[3105, 183.0, 160.0, 180.50, 171.00, 43295, otc]
[3114, 26.5, 26.1, 26.20, 26.10, 421, otc]
[3115, 11.6, 11.0, 11.60, 11.05, 25, otc]
[3118, 28.95, 28.2, 28.40, 28.50, 150, otc]
[3122, 28.4, 26.4, 27.00, 26.50, 1434, otc]
[3128, 48.1, 41.9, 42.50, 44.75, 24745, otc]
[3130, 207.5, 202.5, 202.50, 205.00, 32, tse]
[3131, 257.0, 240.5, 240.50, 246.50, 464, otc]
[3138, 148.0, 141.0, 144.50, 141.50, 1379, tse]
[3141, 110.0, 101.0, 105.50, 101.00, 25212, otc]
[3147, 55.4, 52.8, 53.00, 55.10, 844, otc]
[3149, 19.65, 18.8, 19.05, 18.90, 2648, tse]
[3152, 225.0, 212.0, 217.00, 213.00, 846, otc]
[3162, 58.8, 50.6, 51.10, 51.30, 48244, otc]
[3163, 58.1, 53.9, 54.00, 54.90, 16743, otc]
[3164, 24.3, 23.6, 24.10, 23.75, 255, tse]
[3167, 44.8, 43.8, 44.70, 43.80, 235, tse]
[3169, 121.0, 111.0, 116.50, 111.00, 4673, otc]
[3171, 17.3, 16.6, 16.85, 17.20, 118, otc]
[3176, 33.9, 32.1, 32.40, 32.10, 955, otc]
[3178, 73.5, 69.0, 70.00, 69.00, 1071, otc]
[3188, 13.4, 12.65, 12.65, 12.85, 1419, otc]
[3189, 111.0, 107.0, 109.50, 107.00, 31816, tse]
[3191, 8.87, 8.3, 8.60, 8.40, 250, otc]
[3202, 15.85, 14.85, 15.00, 15.60, 1598, otc]
[3205, 48.8, 45.35, 45.60, 46.50, 5689, otc]
[3206, 30.5, 29.15, 29.60, 29.90, 654, otc]
[3207, 61.9, 57.0, 58.40, 58.30, 27807, otc]
[3209, 41.3, 38.8, 39.00, 40.55, 10204, tse]
[3211, 79.7, 76.0, 76.00, 79.00, 1318, otc]
[3213, 45.2, 45.0, 45.00, 45.10, 168, otc]
[3217, 92.7, 85.0, 86.60, 90.10, 4504, otc]
[3218, 351.0, 327.0, 332.00, 335.00, 3717, otc]
[3219, 72.7, 60.2, 60.40, 63.50, 913, otc]
[3221, 27.6, 26.7, 27.60, 26.70, 2092, otc]
[3224, 48.5, 46.1, 46.10, 46.50, 2549, otc]
[3226, 54.7, 53.2, 53.90, 54.70, 16, otc]
[3227, 112.5, 107.5, 112.00, 107.50, 3561, otc]
[3228, 210.5, 191.0, 194.00, 191.50, 10867, otc]
[3229, 19.8, 19.4, 19.70, 19.40, 119, tse]
[3230, 12.75, 12.25, 12.55, 12.35, 143, otc]
[3231, 31.95, 31.15, 31.75, 31.20, 42217, tse]
[3232, 31.5, 29.85, 30.75, 30.00, 926, otc]
[3234, 23.75, 22.3, 22.30, 22.85, 3347, otc]
[3236, 25.3, 24.4, 24.75, 24.60, 1568, otc]
[3252, 19.5, 18.55, 18.75, 18.65, 1558, otc]
[3257, 50.8, 47.05, 49.80, 47.10, 2570, tse]
[3259, 21.1, 18.7, 18.90, 20.60, 732, otc]
[3260, 67.1, 64.8, 66.00, 65.60, 6846, otc]
[3264, 57.4, 54.7, 55.00, 55.30, 21062, otc]
[3265, 50.8, 48.65, 49.20, 50.00, 6087, otc]
[3266, 12.0, 11.9, 12.00, 11.95, 181, tse]
[3268, 25.0, 23.3, 23.50, 23.45, 472, otc]
[3272, 43.45, 39.3, 43.45, 39.65, 3618, otc]
[3276, 12.75, 12.0, 12.10, 12.25, 551, otc]
[3284, 15.15, 14.2, 14.30, 14.40, 387, otc]
[3285, 20.0, 19.4, 19.65, 19.70, 78, otc]
[3287, 13.8, 13.45, 13.65, 13.45, 250, otc]
[3288, 22.9, 21.9, 22.90, 22.60, 19, otc]
[3289, 93.5, 85.1, 89.00, 91.90, 20738, otc]
[3290, 25.4, 24.15, 24.80, 24.15, 9503, otc]
[3293, 529.0, 500.0, 525.00, 508.00, 9203, otc]
[3294, 18.2, 17.45, 17.75, 17.50, 780, otc]
[3296, 18.45, 17.45, 17.65, 17.85, 4802, tse]
[3297, 19.6, 18.1, 18.30, 18.15, 2227, otc]
[3303, 27.3, 25.7, 25.85, 26.75, 952, otc]
[3305, 50.8, 47.3, 49.70, 47.35, 6791, tse]
[3306, 24.0, 22.75, 22.75, 23.00, 1173, otc]
[3308, 16.5, 14.55, 14.55, 15.15, 1458, tse]
[3310, 53.5, 48.5, 48.80, 53.20, 1347, otc]
[3311, 34.5, 33.85, 34.00, 34.10, 144, tse]
[3312, 18.35, 18.2, 18.25, 18.20, 728, tse]
[3313, 10.6, 10.0, 10.35, 10.30, 222, otc]
[3317, 59.3, 56.7, 57.00, 56.80, 2325, otc]
[3321, 9.04, 8.85, 9.04, 8.86, 520, tse]
[3322, 21.75, 20.35, 21.30, 20.45, 10546, otc]
[3323, 35.45, 34.55, 35.10, 34.85, 897, otc]
[3324, 167.0, 157.5, 158.00, 157.50, 6328, otc]
[3325, 13.8, 13.45, 13.70, 13.50, 646, otc]
[3332, 48.6, 39.9, 40.25, 45.90, 793, otc]
[3338, 35.3, 33.35, 34.00, 33.40, 1314, tse]
[3339, 12.8, 12.5, 12.80, 12.55, 592, otc]
[3346, 39.35, 37.0, 38.35, 37.00, 4959, tse]
[3349, 13.85, 13.0, 13.00, 13.85, 191, otc]
[3354, 14.45, 13.55, 14.00, 13.55, 433, otc]
[3356, 41.9, 39.05, 39.05, 39.80, 13975, tse]
[3357, 105.5, 93.6, 94.30, 102.00, 1849, otc]
[3360, 14.0, 13.65, 14.00, 13.70, 332, otc]
[3362, 81.0, 74.5, 75.70, 78.10, 14427, otc]
[3363, 24.25, 23.75, 24.20, 23.75, 763, otc]
[3372, 12.45, 11.75, 11.80, 11.85, 1958, otc]
[3373, 26.6, 25.5, 26.15, 25.70, 353, otc]
[3374, 113.5, 106.0, 107.50, 107.00, 11164, otc]
[3376, 87.0, 84.8, 85.40, 85.40, 1863, tse]
[3379, 12.05, 11.8, 11.90, 11.90, 110, otc]
[3380, 31.35, 30.2, 30.70, 30.20, 3999, tse]
[3388, 75.8, 73.1, 75.30, 74.60, 102, otc]
[3390, 18.6, 17.85, 18.10, 18.10, 967, otc]
[3402, 46.25, 45.6, 45.95, 45.85, 545, otc]
[3406, 386.0, 369.0, 372.50, 372.50, 6666, tse]
[3413, 206.0, 194.5, 195.00, 199.50, 2673, tse]
[3416, 85.7, 83.8, 84.60, 85.70, 502, tse]
[3419, 18.45, 17.8, 17.95, 17.85, 2777, tse]
[3426, 38.4, 38.0, 38.00, 38.00, 6, otc]
[3430, 47.65, 45.9, 46.25, 47.00, 850, otc]
[3432, 19.7, 18.65, 19.60, 18.75, 1412, tse]
[3434, 25.65, 24.65, 25.40, 24.65, 630, otc]
[3437, 18.95, 18.0, 18.40, 18.10, 1245, tse]
[3438, 59.0, 54.5, 56.80, 58.40, 1736, otc]
[3441, 42.95, 40.65, 41.25, 40.65, 2617, otc]
[3443, 988.0, 789.0, 817.00, 910.00, 48778, tse]
[3444, 70.8, 60.7, 61.20, 62.80, 11562, otc]
[3447, 49.95, 46.25, 47.25, 47.35, 5808, tse]
[3450, 42.6, 40.0, 40.55, 40.00, 2605, tse]
[3454, 253.0, 205.0, 207.00, 246.50, 53599, tse]
[3455, 90.5, 87.5, 88.30, 88.20, 2422, otc]
[3465, 103.5, 97.0, 101.00, 97.00, 161, otc]
[3466, 34.45, 30.65, 33.65, 31.00, 3106, otc]
[3479, 94.3, 80.0, 81.00, 86.80, 49281, otc]
[3481, 13.25, 12.05, 12.05, 12.65, 441476, tse]
[3483, 62.2, 58.8, 60.20, 60.20, 3606, otc]
[3484, 48.3, 45.3, 46.65, 45.80, 873, otc]
[3489, 10.6, 10.15, 10.20, 10.30, 488, otc]
[3490, 25.6, 24.5, 24.80, 24.60, 446, otc]
[3491, 144.0, 135.5, 138.50, 136.00, 3778, otc]
[3492, 19.6, 18.85, 19.20, 18.85, 282, otc]
[3494, 11.25, 10.05, 10.45, 11.25, 5440, tse]
[3498, 40.15, 38.0, 38.00, 38.05, 2587, otc]
[3499, 19.75, 18.05, 18.80, 18.05, 2059, otc]
[3501, 50.5, 49.6, 50.00, 49.70, 511, tse]
[3504, 90.0, 85.5, 88.30, 85.50, 4280, tse]
[3508, 40.25, 38.4, 39.75, 38.50, 6932, otc]
[3511, 34.35, 32.95, 34.00, 33.05, 911, otc]
[3512, 28.8, 28.45, 28.65, 28.60, 172, otc]
[3515, 154.5, 144.0, 145.00, 148.00, 4539, tse]
[3516, 17.0, 15.8, 16.85, 16.20, 216, otc]
[3518, 23.0, 21.4, 21.80, 21.85, 1470, tse]
[3520, 21.95, 19.55, 19.80, 20.50, 6312, otc]
[3521, 22.9, 21.5, 21.80, 22.60, 2852, otc]
[3522, 11.0, 10.2, 10.55, 10.20, 83, otc]
[3523, 19.0, 18.15, 18.95, 18.40, 48, otc]
[3526, 132.5, 126.0, 130.50, 129.50, 1946, otc]
[3527, 120.0, 111.0, 115.00, 114.50, 2208, otc]
[3528, 51.5, 50.9, 51.40, 51.10, 73, tse]
[3529, 1755.0, 1585.0, 1,680.00, 1,670.00, 5945, otc]
[3530, 87.0, 82.3, 84.10, 82.50, 1006, tse]
[3531, 27.7, 26.6, 27.05, 26.95, 190, otc]
[3532, 161.5, 154.0, 161.50, 154.00, 7061, tse]
[3533, 867.0, 812.0, 820.00, 858.00, 3751, tse]
[3535, 23.15, 22.0, 22.80, 22.20, 3415, tse]
[3536, 4.43, 3.91, 3.91, 4.06, 398, tse]
[3537, 39.0, 37.6, 37.85, 38.85, 1232, otc]
[3540, 29.35, 27.6, 27.70, 28.55, 957, otc]
[3541, 56.3, 55.0, 55.50, 55.50, 158, otc]
[3543, 20.0, 19.4, 19.40, 19.60, 182, tse]
[3545, 72.0, 68.3, 69.40, 69.50, 16178, tse]
[3546, 76.9, 74.3, 75.10, 75.20, 821, otc]
[3548, 68.8, 64.5, 65.80, 65.50, 6434, otc]
[3550, 14.2, 13.75, 13.90, 13.90, 482, tse]
[3551, 59.7, 58.3, 58.90, 58.80, 210, otc]
[3552, 161.5, 149.0, 153.00, 154.50, 8698, otc]
[3555, 29.85, 25.1, 27.95, 27.10, 108, otc]
[3556, 59.6, 58.1, 58.50, 58.60, 596, otc]
[3557, 55.1, 51.8, 52.00, 53.70, 566, tse]
[3558, 264.5, 233.0, 239.00, 254.50, 31196, otc]
[3563, 156.5, 149.5, 153.50, 150.00, 571, tse]
[3564, 36.9, 32.9, 33.80, 35.75, 3477, otc]
[3567, 28.85, 27.3, 27.80, 27.65, 775, otc]
[3570, 99.9, 93.6, 94.50, 97.40, 144, otc]
[3576, 21.4, 20.7, 21.30, 20.70, 19256, tse]
[3577, 80.5, 75.8, 78.00, 77.90, 635, otc]
[3580, 67.5, 60.0, 60.40, 62.00, 8265, otc]
[3581, 24.3, 21.85, 21.90, 22.70, 1136, otc]
[3583, 76.8, 74.5, 76.00, 76.10, 1469, tse]
[3587, 194.5, 171.5, 175.00, 187.50, 10457, otc]
[3588, 70.5, 64.2, 69.90, 64.20, 19918, tse]
[3591, 21.8, 19.3, 19.40, 21.65, 8836, tse]
[3592, 392.0, 346.0, 351.50, 375.50, 6063, tse]
[3593, 12.6, 12.2, 12.50, 12.30, 130, tse]
[3594, 35.2, 29.1, 29.60, 33.35, 28418, otc]
[3596, 105.0, 102.0, 103.00, 103.50, 4979, tse]
[3597, 24.25, 23.65, 24.20, 24.00, 74, otc]
[3605, 34.05, 32.7, 33.60, 32.70, 921, tse]
[3607, 12.2, 11.85, 12.00, 12.00, 472, tse]
[3609, 46.5, 45.0, 46.05, 45.20, 48, otc]
[3611, 209.5, 197.0, 198.00, 205.00, 258, otc]
[3615, 17.7, 17.05, 17.15, 17.10, 662, otc]
[3617, 113.0, 101.5, 102.00, 110.50, 4216, tse]
[3622, 28.4, 27.7, 28.20, 27.75, 447, tse]
[3623, 16.8, 16.0, 16.00, 16.40, 259, otc]
[3624, 58.4, 50.3, 50.50, 57.60, 43637, otc]
[3625, 13.6, 13.0, 13.35, 13.40, 1726, otc]
[3628, 41.35, 40.9, 41.25, 41.25, 184, otc]
[3629, 42.45, 38.45, 38.50, 40.00, 69, otc]
[3630, 29.8, 28.4, 29.20, 28.40, 962, otc]
[3631, 39.85, 37.25, 39.00, 37.50, 86, otc]
[3632, 11.0, 10.85, 10.85, 11.00, 47, otc]
[3645, 34.45, 32.9, 33.30, 33.55, 1007, tse]
[3646, 26.95, 23.35, 23.35, 24.80, 1907, otc]
[3652, 23.65, 22.9, 23.40, 23.25, 451, tse]
[3653, 419.0, 392.5, 407.50, 393.50, 5678, tse]
[3661, 1020.0, 904.0, 927.00, 978.00, 25472, tse]
[3663, 29.25, 28.3, 29.00, 28.50, 177, otc]
[3664, 12.85, 12.05, 12.80, 12.30, 789, otc]
[3665, 278.0, 265.5, 276.50, 266.50, 13406, tse]
[3666, 19.8, 18.95, 19.35, 19.25, 224, otc]
[3669, 48.2, 44.7, 47.40, 44.80, 1189, tse]
[3672, 27.7, 26.05, 27.00, 26.70, 72, otc]
[3673, 31.7, 30.6, 31.45, 30.70, 3768, tse]
[3675, 256.0, 236.5, 240.00, 248.50, 12504, otc]
[3679, 96.1, 93.5, 94.30, 93.60, 197, tse]
[3680, 316.5, 280.5, 282.50, 289.50, 18258, otc]
[3682, 6.34, 6.22, 6.34, 6.28, 12983, tse]
[3684, 56.8, 52.5, 55.50, 54.10, 190, otc]
[3685, 21.2, 20.6, 21.10, 20.70, 303, otc]
[3686, 15.95, 14.95, 15.85, 15.00, 1606, tse]
[3687, 94.8, 89.2, 92.90, 89.30, 2737, otc]
[3689, 34.3, 33.35, 34.00, 33.40, 817, otc]
[3691, 114.5, 107.0, 108.00, 108.00, 1551, otc]
[3693, 134.0, 122.5, 128.00, 123.50, 15508, otc]
[3694, 20.9, 20.25, 20.30, 20.30, 505, tse]
[3701, 48.25, 44.15, 47.35, 44.15, 8588, tse]
[3702, 49.9, 49.0, 49.30, 49.00, 17609, tse]
[3703, 30.6, 29.65, 29.65, 30.35, 6798, tse]
[3704, 39.15, 37.1, 37.90, 38.00, 25702, tse]
[3705, 43.85, 42.7, 42.75, 43.00, 4584, tse]
[3706, 32.1, 30.6, 31.40, 30.80, 21837, tse]
[3707, 100.5, 95.1, 97.20, 95.20, 19321, otc]
[3708, 109.0, 99.8, 106.50, 101.50, 10555, tse]
[3709, 22.85, 22.3, 22.85, 22.35, 144, otc]
[3710, 13.45, 11.65, 11.90, 12.90, 35430, otc]
[3711, 107.5, 102.5, 104.50, 106.00, 68624, tse]
[3712, 30.8, 29.0, 29.10, 30.05, 5894, tse]
[3713, 31.9, 29.25, 30.80, 30.00, 1163, otc]
[3714, 51.2, 48.6, 50.80, 48.60, 14593, tse]
[3715, 17.9, 17.3, 17.45, 17.50, 4221, tse]
[4102, 33.1, 30.2, 30.20, 30.70, 14343, otc]
[4104, 75.0, 69.9, 70.00, 74.80, 3691, tse]
[4105, 79.6, 77.5, 78.50, 77.90, 4490, otc]
[4106, 31.85, 30.75, 31.80, 30.90, 3697, tse]
[4107, 114.5, 109.5, 111.00, 112.00, 1786, otc]
[4108, 19.85, 19.2, 19.55, 19.35, 832, tse]
[4109, 14.85, 14.3, 14.30, 14.60, 356, otc]
[4111, 28.35, 27.1, 28.15, 27.20, 2362, otc]
[4113, 13.85, 12.8, 13.00, 13.45, 2813, otc]
[4114, 48.15, 43.2, 43.25, 46.30, 134855, otc]
[4116, 68.8, 64.6, 65.20, 65.20, 4137, otc]
[4119, 104.0, 98.2, 98.20, 99.30, 3399, tse]
[4120, 36.4, 35.8, 36.25, 36.00, 221, otc]
[4121, 24.7, 23.25, 24.15, 23.40, 3898, otc]
[4123, 49.0, 47.7, 48.55, 47.90, 4970, otc]
[4126, 75.8, 72.0, 72.20, 74.40, 1147, otc]
[4127, 14.9, 14.4, 14.70, 14.40, 527, otc]
[4128, 71.3, 65.9, 66.00, 67.40, 47528, otc]
[4129, 50.6, 46.5, 46.60, 47.85, 4896, otc]
[4130, 32.5, 28.65, 28.75, 31.15, 32995, otc]
[4131, 20.7, 20.35, 20.40, 20.40, 17, otc]
[4133, 40.85, 38.2, 40.05, 38.30, 3043, tse]
[4137, 226.5, 214.0, 220.00, 223.00, 2440, tse]
[4138, 71.3, 66.0, 66.00, 68.00, 344, otc]
[4139, 40.3, 39.55, 40.00, 39.90, 135, otc]
[4142, 42.85, 40.15, 40.55, 40.20, 22950, tse]
[4147, 72.0, 69.5, 70.00, 69.50, 4217, otc]
[4148, 67.9, 63.8, 64.20, 65.80, 2536, tse]
[4153, 41.95, 38.6, 39.45, 38.60, 2125, otc]
[4154, 37.55, 35.95, 37.45, 35.95, 145, otc]
[4155, 34.8, 31.6, 31.70, 33.45, 16356, tse]
[4157, 16.4, 15.6, 15.90, 15.60, 8292, otc]
[4160, 28.7, 27.7, 28.10, 28.05, 368, otc]
[4161, 27.7, 26.8, 27.45, 27.00, 568, otc]
[4162, 126.5, 116.5, 119.00, 116.50, 35564, otc]
[4163, 133.0, 115.5, 117.00, 126.00, 9849, otc]
[4164, 56.4, 52.9, 53.80, 53.20, 15123, tse]
[4167, 22.45, 20.65, 21.55, 20.65, 27719, otc]
[4168, 33.4, 32.25, 32.25, 32.30, 5925, otc]
[4171, 65.0, 60.6, 63.30, 61.30, 3200, otc]
[4173, 19.25, 18.7, 18.90, 18.80, 941, otc]
[4174, 79.8, 76.3, 76.70, 76.80, 3777, otc]
[4175, 77.8, 76.0, 76.40, 76.70, 805, otc]
[4183, 18.8, 18.25, 18.75, 18.25, 50, otc]
[4188, 16.9, 16.1, 16.60, 16.40, 177, otc]
[4190, 78.2, 75.2, 77.10, 75.60, 750, tse]
[4192, 26.45, 25.25, 26.45, 25.60, 138, otc]
[4198, 27.25, 25.55, 26.10, 26.10, 59, otc]
[4205, 113.5, 102.0, 102.50, 107.50, 206, otc]
[4207, 13.6, 13.3, 13.45, 13.50, 946, otc]
[4303, 16.0, 15.2, 15.25, 15.55, 220, otc]
[4304, 10.0, 9.65, 9.85, 9.91, 382, otc]
[4305, 30.6, 30.1, 30.25, 30.10, 15, otc]
[4306, 14.75, 14.55, 14.70, 14.55, 1512, tse]
[4401, 27.6, 26.6, 26.60, 26.90, 268, otc]
[4402, 10.9, 10.3, 10.90, 10.45, 797, otc]
[4406, 10.5, 10.25, 10.30, 10.30, 129, otc]
[4413, 17.25, 16.55, 16.55, 17.10, 82, otc]
[4416, 89.5, 80.3, 80.90, 85.70, 173, otc]
[4417, 38.0, 37.25, 37.55, 37.80, 496, otc]
[4419, 8.8, 8.8, 8.80, 8.80, 3, otc]
[4420, 30.15, 29.55, 30.15, 29.90, 54, otc]
[4426, 29.0, 26.95, 28.50, 27.05, 2152, tse]
[4430, 22.45, 21.65, 21.75, 22.00, 58, otc]
[4432, 24.8, 23.8, 24.00, 24.30, 687, otc]
[4433, 31.3, 30.25, 30.30, 30.30, 179, otc]
[4438, 128.0, 121.5, 126.00, 122.00, 1123, tse]
[4439, 101.5, 100.0, 101.00, 101.00, 39, tse]
[4440, 32.55, 31.8, 32.15, 32.10, 218, tse]
[4502, 37.55, 36.7, 37.20, 37.00, 49, otc]
[4503, 43.7, 38.05, 38.60, 43.65, 7885, otc]
[4506, 73.0, 69.5, 70.00, 72.30, 346, otc]
[4510, 10.6, 10.25, 10.25, 10.35, 623, otc]
[4513, 20.95, 19.5, 20.60, 19.55, 1153, otc]
[4523, 50.0, 45.8, 46.70, 48.55, 1601, otc]
[4526, 14.8, 14.3, 14.45, 14.55, 577, tse]
[4527, 29.2, 28.8, 28.95, 28.85, 153, otc]
[4528, 33.0, 32.2, 32.65, 32.20, 132, otc]
[4529, 11.05, 8.98, 9.00, 10.90, 4065, otc]
[4530, 7.36, 7.02, 7.25, 7.03, 62, otc]
[4532, 17.3, 16.9, 17.20, 16.95, 1456, tse]
[4533, 11.95, 10.6, 10.70, 11.25, 13506, otc]
[4534, 9.1, 8.91, 9.05, 8.92, 220, otc]
[4535, 38.5, 38.2, 38.25, 38.20, 13, otc]
[4536, 184.0, 176.5, 178.50, 177.50, 2818, tse]
[4538, 19.0, 18.4, 18.50, 18.50, 52, otc]
[4540, 40.35, 39.25, 39.85, 39.60, 531, tse]
[4541, 32.6, 30.15, 30.50, 30.30, 8894, otc]
[4542, 26.95, 25.5, 26.00, 25.85, 44, otc]
[4543, 24.8, 23.65, 24.20, 23.65, 831, otc]
[4545, 31.0, 30.0, 30.00, 30.85, 386, tse]
[4549, 86.3, 84.1, 84.50, 85.70, 325, otc]
[4550, 25.8, 24.0, 24.10, 24.90, 536, otc]
[4551, 156.5, 150.5, 153.50, 151.00, 1221, tse]
[4552, 31.25, 29.9, 31.25, 29.90, 735, tse]
[4554, 24.95, 24.45, 24.65, 24.60, 96, otc]
[4555, 50.2, 49.5, 49.75, 49.70, 217, tse]
[4556, 30.6, 29.8, 30.05, 30.10, 27, otc]
[4557, 101.5, 97.4, 99.20, 98.60, 274, tse]
[4558, 23.7, 23.0, 23.00, 23.40, 96, otc]
[4560, 39.05, 38.5, 38.95, 38.70, 232, tse]
[4561, 22.6, 22.2, 22.50, 22.35, 122, otc]
[4562, 15.25, 15.0, 15.20, 15.15, 144, tse]
[4563, 44.0, 41.5, 42.00, 43.05, 745, otc]
[4564, 25.1, 24.4, 25.10, 24.55, 2615, tse]
[4566, 54.3, 52.0, 52.20, 52.60, 2240, tse]
[4568, 60.3, 59.1, 60.20, 59.30, 61, otc]
[4571, 76.0, 72.5, 73.50, 74.40, 57, tse]
[4572, 137.5, 126.5, 128.00, 133.50, 2824, tse]
[4576, 82.5, 75.5, 77.80, 79.00, 865, tse]
[4577, 31.55, 30.0, 30.85, 30.55, 299, otc]
[4580, 82.1, 81.3, 82.00, 82.00, 179, otc]
[4581, 40.15, 34.75, 35.85, 38.60, 1469, tse]
[4583, 207.0, 200.0, 204.50, 201.50, 183, tse]
[4584, 50.8, 48.2, 49.00, 50.70, 450, otc]
[4609, 8.29, 7.81, 8.10, 8.29, 20, otc]
[4702, 12.8, 12.3, 12.60, 12.30, 620, otc]
[4706, 17.3, 17.0, 17.20, 17.00, 40, otc]
[4707, 12.3, 12.05, 12.25, 12.15, 2260, otc]
[4711, 15.3, 14.8, 15.30, 14.85, 370, otc]
[4712, 5.13, 4.9, 4.98, 5.00, 64, otc]
[4714, 10.75, 10.55, 10.65, 10.65, 409, otc]
[4716, 12.5, 12.25, 12.35, 12.40, 413, otc]
[4720, 14.65, 14.2, 14.20, 14.25, 726, tse]
[4721, 116.0, 104.5, 106.50, 111.50, 9767, otc]
[4722, 36.1, 35.1, 35.25, 35.50, 456, tse]
[4726, 42.2, 38.5, 38.50, 40.05, 14679, otc]
[4728, 136.5, 132.5, 135.00, 132.50, 175, otc]
[4729, 15.45, 14.8, 15.30, 15.00, 277, otc]
[4735, 39.45, 38.15, 38.30, 38.85, 284, otc]
[4736, 191.0, 183.0, 183.00, 185.00, 4047, otc]
[4737, 80.0, 78.1, 79.80, 78.40, 150, tse]
[4739, 107.0, 98.7, 99.10, 102.50, 12784, tse]
[4741, 26.05, 25.55, 26.00, 26.05, 18, otc]
[4743, 296.5, 265.0, 266.00, 290.00, 68965, otc]
[4744, 34.0, 29.0, 29.00, 33.70, 6746, otc]
[4745, 25.9, 25.0, 25.25, 25.10, 306, otc]
[4746, 72.0, 67.3, 70.20, 68.40, 29431, tse]
[4747, 62.0, 49.7, 49.90, 54.90, 27690, otc]
[4754, 35.55, 35.35, 35.40, 35.40, 20, otc]
[4755, 132.5, 126.0, 128.00, 126.00, 2127, tse]
[4760, 54.7, 52.0, 54.00, 52.90, 191, otc]
[4763, 308.0, 255.5, 260.00, 286.00, 58322, tse]
[4764, 53.5, 51.9, 53.50, 52.00, 29, tse]
[4766, 142.0, 136.5, 137.00, 139.00, 544, tse]
[4767, 27.3, 26.8, 26.90, 27.10, 13, otc]
[4768, 199.5, 180.5, 184.00, 182.00, 8431, otc]
[4770, 371.0, 321.0, 330.50, 357.00, 10821, tse]
[4804, 11.3, 10.55, 10.85, 10.85, 819, otc]
[4806, 8.77, 7.0, 8.77, 7.53, 35, otc]
[4807, 20.85, 20.4, 20.40, 20.80, 26, tse]
[4903, 14.85, 13.05, 13.10, 13.55, 1814, otc]
[4904, 68.4, 67.1, 67.20, 68.00, 19437, tse]
[4905, 51.0, 51.0, 51.00, 51.00, 1, otc]
[4906, 28.45, 27.55, 28.15, 27.55, 6900, tse]
[4907, 30.8, 29.5, 29.50, 30.40, 514, otc]
[4908, 32.25, 31.6, 31.70, 31.60, 888, otc]
[4909, 17.15, 16.85, 16.90, 16.95, 400, otc]
[4911, 62.5, 58.0, 59.50, 59.00, 2690, otc]
[4912, 83.0, 75.1, 83.00, 76.70, 349, tse]
[4915, 59.8, 57.6, 58.80, 58.10, 22007, tse]
[4916, 30.3, 28.45, 28.55, 28.60, 6425, tse]
[4919, 156.0, 145.5, 150.00, 147.50, 59015, tse]
[4923, 55.0, 52.0, 52.80, 53.60, 639, otc]
[4924, 14.5, 13.5, 13.95, 13.70, 693, otc]
[4927, 61.4, 58.7, 59.80, 59.00, 4233, tse]
[4930, 29.3, 28.5, 28.95, 28.60, 793, tse]
[4931, 53.0, 44.3, 44.40, 51.10, 59997, otc]
[4933, 33.7, 31.95, 31.95, 33.00, 541, otc]
[4934, 29.15, 28.0, 28.95, 28.00, 7452, tse]
[4935, 58.3, 56.1, 58.30, 56.10, 451, tse]
[4938, 66.7, 65.4, 65.40, 66.60, 14456, tse]
[4939, 16.25, 15.6, 15.65, 15.95, 693, otc]
[4942, 37.25, 36.5, 37.00, 37.10, 693, tse]
[4943, 15.5, 13.5, 13.50, 14.60, 851, tse]
[4944, 14.2, 12.55, 12.55, 13.60, 319, otc]
[4945, 53.1, 47.2, 47.30, 49.85, 1075, otc]
[4946, 49.3, 47.7, 49.20, 48.00, 262, otc]
[4950, 21.4, 20.05, 20.10, 21.30, 2856, otc]
[4951, 57.3, 52.1, 53.40, 54.70, 698, otc]
[4952, 52.7, 50.1, 50.60, 50.40, 2720, tse]
[4953, 93.6, 89.9, 91.00, 90.20, 801, otc]
[4956, 16.75, 15.6, 16.50, 15.70, 4664, tse]
[4958, 114.0, 111.0, 113.00, 111.50, 12799, tse]
[4960, 11.75, 10.45, 10.50, 11.50, 43475, tse]
[4961, 150.0, 139.5, 140.50, 142.00, 27626, tse]
[4966, 1005.0, 904.0, 976.00, 912.00, 6925, otc]
[4967, 35.45, 32.25, 33.30, 34.70, 1652, tse]
[4968, 145.0, 129.5, 130.00, 131.50, 23964, tse]
[4971, 58.5, 55.5, 57.50, 56.10, 516, otc]
[4972, 29.95, 29.5, 29.95, 29.65, 132, otc]
[4973, 23.0, 22.55, 22.95, 22.60, 442, otc]
[4974, 66.3, 63.3, 66.00, 64.20, 6198, otc]
[4976, 42.0, 40.15, 40.50, 40.20, 2032, tse]
[4977, 118.5, 108.5, 110.50, 110.50, 31833, tse]
[4979, 54.7, 46.9, 47.15, 51.50, 105719, otc]
[4987, 58.9, 57.7, 58.20, 58.30, 152, otc]
[4989, 27.85, 26.65, 27.40, 26.95, 857, tse]
[4991, 39.2, 38.2, 39.20, 38.45, 145, otc]
[4994, 42.2, 40.8, 41.30, 41.20, 436, tse]
[4995, 39.8, 38.85, 39.20, 39.40, 107, otc]
[4999, 37.4, 36.9, 37.10, 37.20, 211, tse]
[5007, 53.0, 51.9, 52.00, 52.00, 117, tse]
[5009, 40.85, 38.7, 38.90, 39.70, 47537, otc]
[5011, 25.9, 24.8, 25.55, 24.85, 1670, otc]
[5013, 36.0, 35.2, 35.80, 35.20, 80, otc]
[5014, 18.85, 17.5, 18.35, 17.55, 9265, otc]
[5015, 57.8, 56.2, 56.80, 56.20, 1597, otc]
[5016, 29.8, 28.8, 29.80, 29.40, 95, otc]
[5201, 26.7, 26.4, 26.60, 26.50, 45, otc]
[5202, 15.15, 14.3, 14.35, 14.55, 246, otc]
[5203, 102.0, 85.6, 86.20, 95.60, 18559, tse]
[5205, 40.8, 38.25, 38.25, 40.50, 13, otc]
[5206, 17.7, 16.3, 16.30, 17.40, 859, otc]
[5209, 82.1, 80.7, 80.70, 81.50, 119, otc]
[5210, 15.7, 14.85, 14.90, 14.95, 986, otc]
[5211, 19.3, 18.95, 19.00, 19.00, 206, otc]
[5212, 47.6, 44.5, 46.00, 47.00, 86, otc]
[5213, 24.3, 21.8, 22.00, 23.60, 1335, otc]
[5215, 50.7, 48.15, 48.50, 48.70, 566, tse]
[5220, 30.35, 29.4, 29.60, 29.80, 78, otc]
[5222, 151.0, 138.0, 141.00, 146.00, 5284, tse]
[5223, 40.55, 39.6, 40.55, 39.95, 61, otc]
[5225, 36.2, 33.9, 35.35, 33.95, 2010, tse]
[5227, 75.9, 71.0, 73.60, 73.30, 4734, otc]
[5228, 22.45, 21.2, 21.40, 21.25, 159, otc]
[5230, 23.65, 23.35, 23.45, 23.50, 128, otc]
[5234, 79.8, 74.7, 74.70, 77.80, 1768, tse]
[5236, 80.8, 75.5, 76.70, 76.10, 1012, otc]
[5243, 62.5, 60.7, 60.70, 61.00, 5712, tse]
[5244, 27.6, 27.05, 27.05, 27.30, 177, tse]
[5245, 55.3, 52.3, 54.20, 52.30, 570, otc]
[5251, 28.45, 26.4, 26.50, 26.40, 4148, otc]
[5258, 80.8, 75.9, 80.30, 76.80, 58451, tse]
[5263, 143.0, 137.0, 142.50, 137.50, 2919, otc]
[5269, 1010.0, 911.0, 954.00, 948.00, 4522, tse]
[5272, 28.0, 26.85, 27.95, 26.90, 747, otc]
[5274, 2485.0, 2195.0, 2,485.00, 2,225.00, 4057, otc]
[5276, 14.7, 14.0, 14.30, 14.70, 35, otc]
[5278, 189.0, 178.5, 182.00, 183.00, 55, otc]
[5281, 17.4, 15.45, 15.45, 16.30, 407, otc]
[5283, 113.5, 109.5, 110.00, 113.00, 518, tse]
[5284, 92.5, 79.2, 80.50, 88.30, 21176, tse]
[5285, 82.8, 75.3, 78.00, 75.40, 10178, tse]
[5287, 197.0, 193.0, 197.00, 194.50, 129, otc]
[5288, 182.0, 177.5, 179.00, 181.00, 298, tse]
[5289, 203.0, 196.0, 202.00, 196.50, 1060, otc]
[5291, 32.4, 31.75, 31.95, 32.35, 450, otc]
[5299, 137.5, 127.5, 127.50, 129.00, 1895, otc]
[5301, 11.65, 10.65, 11.35, 10.65, 80, otc]
[5302, 8.8, 8.34, 8.48, 8.58, 454, otc]
[5306, 158.0, 155.0, 156.00, 156.00, 648, tse]
[5309, 44.85, 41.65, 42.55, 43.10, 35750, otc]
[5310, 25.95, 24.45, 25.30, 24.95, 58, otc]
[5312, 62.1, 60.0, 60.80, 62.00, 325, otc]
[5314, 18.8, 17.1, 17.20, 17.10, 27, otc]
[5315, 19.65, 18.95, 19.40, 19.40, 4686, otc]
[5321, 92.0, 87.5, 89.20, 88.70, 6938, otc]
[5324, 8.4, 8.28, 8.31, 8.39, 139, otc]
[5328, 10.25, 9.99, 10.25, 10.00, 629, otc]
[5340, 52.3, 45.8, 52.00, 47.10, 6879, otc]
[5344, 20.45, 18.35, 18.35, 18.60, 1383, otc]
[5345, 6.6, 6.3, 6.55, 6.30, 17, otc]
[5347, 98.8, 93.4, 96.20, 98.70, 37352, otc]
[5348, 9.24, 8.57, 8.83, 9.24, 142, otc]
[5351, 49.6, 46.1, 47.55, 46.25, 40153, otc]
[5353, 32.95, 30.8, 30.80, 30.80, 11118, otc]
[5355, 6.39, 6.25, 6.39, 6.25, 469, otc]
[5356, 21.0, 20.55, 20.85, 20.85, 165, otc]
[5364, 24.8, 23.5, 24.25, 24.35, 101, otc]
[5371, 62.2, 59.1, 60.30, 59.20, 8966, otc]
[5381, 6.13, 5.82, 5.89, 6.00, 202, otc]
[5383, 25.8, 25.1, 25.80, 25.30, 95, otc]
[5386, 38.0, 35.85, 37.20, 36.00, 710, otc]
[5388, 84.0, 80.4, 82.70, 80.50, 12882, tse]
[5392, 22.15, 21.4, 21.90, 21.45, 969, otc]
[5398, 17.2, 16.4, 17.20, 16.55, 56, otc]
[5403, 74.5, 72.8, 72.90, 74.00, 460, otc]
[5410, 32.95, 31.45, 31.50, 32.00, 2432, otc]
[5425, 92.4, 87.2, 89.00, 89.10, 59322, otc]
[5426, 13.55, 13.15, 13.45, 13.20, 1681, otc]
[5432, 27.0, 26.3, 26.80, 26.65, 149, otc]
[5434, 173.0, 165.0, 168.00, 171.50, 2321, tse]
[5438, 18.05, 17.6, 17.90, 18.00, 252, otc]
[5439, 58.4, 54.0, 56.20, 57.80, 4558, otc]
[5443, 29.85, 28.75, 29.45, 28.80, 2004, otc]
[5450, 18.4, 17.95, 18.30, 18.00, 162, otc]
[5452, 14.85, 14.5, 14.60, 14.50, 338, otc]
[5455, 28.0, 28.0, 28.00, 28.00, 1, otc]
[5457, 53.9, 52.0, 52.70, 52.30, 2170, otc]
[5460, 11.15, 10.8, 10.85, 11.00, 205, otc]
[5464, 29.2, 25.7, 25.70, 26.75, 4878, otc]
[5465, 21.3, 19.85, 19.90, 20.40, 1372, otc]
[5468, 18.0, 17.0, 17.55, 17.30, 282, otc]
[5469, 33.8, 33.0, 33.70, 33.00, 3076, tse]
[5471, 54.9, 53.1, 54.30, 53.70, 2160, tse]
[5474, 78.1, 75.3, 77.10, 76.90, 143, otc]
[5475, 13.7, 11.5, 11.80, 12.80, 9518, otc]
[5478, 83.0, 78.5, 83.00, 78.60, 991, otc]
[5481, 12.45, 12.2, 12.40, 12.35, 149, otc]
[5483, 166.0, 159.0, 163.00, 163.00, 16225, otc]
[5484, 13.45, 13.2, 13.40, 13.30, 64, tse]
[5487, 25.7, 24.3, 24.80, 24.85, 56, otc]
[5488, 10.1, 9.61, 10.05, 9.61, 815, otc]
[5489, 36.75, 36.0, 36.75, 36.25, 162, otc]
[5490, 22.95, 22.65, 22.95, 22.95, 245, otc]
[5493, 51.3, 49.8, 50.70, 50.20, 60, otc]
[5498, 10.6, 10.35, 10.60, 10.45, 925, otc]
[5508, 57.2, 53.1, 53.10, 55.60, 896, otc]
[5511, 31.0, 30.75, 30.90, 30.90, 99, otc]
[5512, 8.69, 8.55, 8.57, 8.62, 1105, otc]
[5514, 17.9, 17.65, 17.90, 17.65, 13, otc]
[5515, 11.6, 11.4, 11.45, 11.40, 313, tse]
[5516, 25.6, 22.0, 22.05, 24.05, 2215, otc]
[5519, 22.7, 22.45, 22.50, 22.45, 706, tse]
[5520, 56.8, 56.0, 56.80, 56.50, 11, otc]
[5521, 6.87, 6.76, 6.80, 6.82, 1659, tse]
[5522, 58.9, 57.6, 57.90, 58.60, 1802, tse]
[5523, 25.0, 24.65, 24.90, 25.00, 236, otc]
[5525, 24.55, 24.15, 24.50, 24.30, 275, tse]
[5529, 13.1, 12.7, 12.85, 13.00, 377, otc]
[5530, 39.8, 38.45, 39.15, 38.55, 1549, otc]
[5531, 9.27, 9.1, 9.27, 9.14, 1034, tse]
[5533, 17.3, 17.15, 17.15, 17.25, 349, tse]
[5534, 74.9, 73.8, 74.00, 74.60, 1004, tse]
[5536, 114.5, 108.0, 112.50, 110.50, 4281, otc]
[5538, 45.0, 43.2, 44.10, 43.20, 91, tse]
[5543, 59.8, 53.0, 55.80, 53.00, 159, otc]
[5546, 45.05, 43.75, 44.50, 43.85, 149, tse]
[5601, 39.0, 37.45, 38.60, 37.45, 25, otc]
[5603, 23.45, 22.75, 23.30, 23.00, 1278, otc]
[5604, 56.7, 54.6, 56.20, 55.20, 133, otc]
[5607, 56.6, 54.0, 55.20, 54.20, 2024, tse]
[5608, 25.2, 24.0, 25.20, 24.05, 12124, tse]
[5609, 75.9, 74.0, 75.50, 74.90, 1458, otc]
[5701, 3.05, 2.99, 3.01, 3.03, 1127, otc]
[5703, 19.25, 18.65, 19.10, 19.05, 289, otc]
[5704, 55.9, 51.4, 51.70, 52.10, 3724, otc]
[5706, 64.7, 60.9, 61.20, 61.30, 6881, tse]
[5864, 11.45, 10.8, 10.85, 11.25, 1283, otc]
[5871, 234.0, 222.5, 225.50, 233.00, 12912, tse]
[5876, 47.2, 46.5, 46.70, 47.05, 12075, tse]
[5878, 48.65, 47.0, 48.35, 48.00, 18, otc]
[5880, 26.6, 26.2, 26.50, 26.60, 33572, tse]
[5902, 37.25, 34.7, 34.85, 36.50, 171, otc]
[5903, 202.0, 199.5, 200.50, 199.50, 140, otc]
[5904, 575.0, 510.0, 519.00, 532.00, 2315, otc]
[5905, 12.4, 11.95, 12.10, 12.10, 4952, otc]
[5906, 36.1, 31.85, 32.80, 34.85, 196, tse]
[5907, 18.45, 17.0, 17.85, 17.10, 1653, tse]
[6005, 12.4, 11.8, 11.85, 11.90, 18686, tse]
[6015, 9.69, 9.37, 9.53, 9.47, 4038, otc]
[6016, 10.6, 9.95, 10.15, 10.30, 4023, otc]
[6020, 18.9, 18.7, 18.80, 18.80, 27, otc]
[6021, 18.4, 18.15, 18.15, 18.25, 24, otc]
[6023, 50.2, 49.45, 49.45, 50.10, 357, otc]
[6024, 39.0, 38.6, 38.75, 38.70, 767, tse]
[6026, 10.75, 10.55, 10.70, 10.55, 2983, otc]
[6101, 29.0, 25.7, 26.00, 28.30, 1419, otc]
[6103, 7.8, 6.93, 7.34, 7.22, 67, otc]
[6104, 119.5, 112.5, 117.50, 115.00, 54552, otc]
[6108, 16.75, 16.2, 16.60, 16.65, 467, tse]
[6109, 18.35, 16.95, 17.00, 17.35, 8459, otc]
[6111, 65.2, 61.2, 65.10, 61.30, 5158, otc]
[6112, 37.8, 35.0, 35.10, 37.50, 2186, tse]
[6113, 18.7, 17.7, 17.80, 18.05, 1981, otc]
[6114, 25.9, 24.8, 25.20, 24.95, 284, otc]
[6115, 43.2, 42.95, 43.10, 43.00, 315, tse]
[6116, 12.8, 12.0, 12.75, 12.05, 64815, tse]
[6117, 15.5, 14.05, 14.20, 14.10, 1768, tse]
[6118, 41.3, 38.25, 38.80, 38.60, 35121, otc]
[6120, 9.72, 9.25, 9.28, 9.57, 8988, tse]
[6121, 305.0, 293.5, 294.00, 297.00, 2528, otc]
[6122, 18.75, 18.1, 18.10, 18.50, 2352, otc]
[6123, 62.0, 58.3, 58.50, 59.60, 2529, otc]
[6124, 26.85, 25.8, 25.95, 26.00, 691, otc]
[6125, 27.35, 26.15, 26.40, 26.25, 11161, otc]
[6126, 20.95, 20.5, 20.65, 20.60, 804, otc]
[6127, 18.2, 16.8, 16.80, 17.25, 1638, otc]
[6128, 32.15, 30.2, 30.35, 31.75, 1231, tse]
[6129, 36.65, 33.8, 34.20, 34.45, 35812, otc]
[6130, 39.6, 33.4, 34.90, 39.60, 590, otc]
[6133, 24.35, 22.55, 23.40, 22.70, 13527, tse]
[6134, 22.9, 21.35, 22.90, 21.50, 579, otc]
[6136, 18.45, 18.25, 18.30, 18.35, 302, tse]
[6138, 168.0, 142.0, 145.00, 155.50, 29266, otc]
[6139, 42.9, 40.95, 41.70, 41.20, 5358, tse]
[6140, 17.3, 16.65, 17.00, 16.85, 436, otc]
[6141, 19.5, 19.05, 19.05, 19.20, 67, tse]
[6142, 11.15, 10.25, 10.25, 10.60, 6696, tse]
[6143, 82.7, 74.7, 77.00, 75.00, 15088, otc]
[6144, 15.0, 13.85, 14.50, 14.15, 69, otc]
[6146, 249.5, 226.0, 232.50, 242.50, 4948, otc]
[6147, 64.8, 62.7, 63.30, 64.00, 13364, otc]
[6148, 13.6, 13.05, 13.25, 13.35, 591, otc]
[6150, 81.3, 77.1, 78.90, 77.10, 5334, otc]
[6151, 27.3, 26.35, 26.35, 27.15, 243, otc]
[6152, 10.2, 9.65, 10.20, 9.70, 1927, tse]
[6153, 25.3, 23.8, 24.65, 23.80, 10362, tse]
[6154, 15.75, 15.6, 15.65, 15.70, 56, otc]
[6155, 25.75, 24.4, 25.15, 24.50, 1623, tse]
[6156, 19.95, 19.15, 19.50, 19.20, 1220, otc]
[6158, 26.1, 25.15, 25.70, 25.15, 172, otc]
[6160, 18.95, 17.85, 18.00, 18.35, 2252, otc]
[6161, 26.7, 25.8, 26.30, 26.00, 681, otc]
[6163, 16.25, 15.7, 16.05, 15.80, 2272, otc]
[6164, 10.55, 10.25, 10.35, 10.25, 853, tse]
[6165, 33.8, 30.85, 30.85, 33.20, 6207, tse]
[6166, 62.1, 59.5, 59.50, 60.80, 1503, tse]
[6167, 12.8, 12.1, 12.65, 12.10, 2042, otc]
[6168, 19.05, 18.7, 19.00, 18.85, 1263, tse]
[6169, 19.5, 19.15, 19.40, 19.20, 52, otc]
[6170, 37.4, 35.75, 36.05, 36.60, 992, otc]
[6171, 24.4, 23.9, 23.90, 24.25, 126, otc]
[6173, 39.2, 37.35, 39.10, 37.35, 1757, otc]
[6174, 28.35, 26.6, 26.65, 27.35, 1033, otc]
[6175, 36.85, 34.65, 35.90, 34.65, 2165, otc]
[6176, 105.5, 102.0, 103.00, 102.00, 6656, tse]
[6177, 30.65, 30.2, 30.25, 30.40, 1691, tse]
[6179, 25.55, 24.7, 25.30, 25.20, 290, otc]
[6180, 92.6, 81.4, 81.90, 89.50, 25098, otc]
[6182, 47.2, 44.6, 45.10, 45.70, 30238, otc]
[6183, 64.7, 61.1, 63.00, 62.30, 150, tse]
[6184, 49.05, 48.7, 48.75, 49.00, 99, tse]
[6185, 13.4, 12.65, 12.75, 13.15, 1581, otc]
[6186, 35.35, 34.0, 34.15, 35.00, 1448, otc]
[6187, 68.5, 65.5, 67.30, 66.00, 2038, otc]
[6188, 48.05, 44.9, 44.95, 47.00, 21724, otc]
[6189, 39.3, 38.9, 39.00, 39.00, 1056, tse]
[6190, 32.0, 30.9, 31.50, 31.00, 5836, otc]
[6191, 29.85, 28.85, 29.55, 28.85, 4328, tse]
[6192, 74.4, 72.3, 72.50, 72.80, 625, tse]
[6194, 22.95, 22.4, 22.95, 22.70, 202, otc]
[6195, 44.3, 42.9, 43.25, 43.50, 304, otc]
[6196, 132.0, 126.0, 128.00, 126.50, 4375, tse]
[6197, 43.9, 42.9, 42.90, 43.20, 1790, tse]
[6198, 19.2, 18.8, 19.00, 18.80, 27, otc]
[6199, 19.2, 18.25, 18.40, 18.55, 127, otc]
[6201, 40.0, 39.8, 39.80, 40.00, 44, tse]
[6202, 77.8, 74.5, 76.30, 75.80, 12660, tse]
[6203, 55.0, 52.0, 53.00, 53.90, 580, otc]
[6204, 55.5, 53.0, 53.50, 53.30, 111, otc]
[6205, 89.6, 84.0, 86.20, 84.60, 18393, tse]
[6206, 70.1, 68.5, 69.40, 68.70, 1210, tse]
[6207, 26.85, 25.95, 26.70, 26.00, 454, otc]
[6208, 56.2, 51.6, 51.60, 53.50, 1251, otc]
[6209, 26.3, 25.25, 25.80, 25.30, 1053, tse]
[6210, 34.9, 34.65, 34.90, 34.65, 89, otc]
[6212, 50.0, 49.25, 50.00, 49.25, 2, otc]
[6213, 82.2, 75.9, 81.10, 75.90, 11262, tse]
[6214, 75.7, 74.3, 75.40, 74.60, 1130, tse]
[6215, 27.8, 23.75, 24.35, 25.65, 10680, tse]
[6216, 26.35, 25.9, 26.25, 26.00, 511, tse]
[6217, 48.15, 44.25, 44.50, 46.10, 21905, otc]
[6218, 19.2, 17.8, 18.15, 18.70, 554, otc]
[6219, 11.2, 10.9, 10.90, 11.15, 528, otc]
[6220, 27.7, 26.55, 27.25, 26.60, 2360, otc]
[6221, 57.1, 54.0, 54.90, 55.00, 98, otc]
[6222, 14.75, 14.0, 14.75, 14.10, 16, otc]
[6223, 130.0, 116.0, 124.00, 120.50, 21619, otc]
[6224, 64.3, 62.7, 63.80, 63.80, 561, tse]
[6225, 13.75, 12.7, 13.15, 12.70, 144, tse]
[6226, 11.65, 11.05, 11.40, 11.05, 2938, tse]
[6227, 45.5, 43.5, 44.35, 44.25, 1364, otc]
[6228, 13.15, 12.5, 13.10, 12.60, 180, otc]
[6229, 26.55, 25.4, 26.20, 25.60, 293, otc]
[6230, 127.5, 116.0, 119.00, 120.00, 1269, tse]
[6231, 112.5, 92.0, 92.00, 105.00, 16341, otc]
[6233, 23.75, 22.0, 23.10, 22.00, 2287, otc]
[6234, 23.35, 21.8, 21.80, 22.60, 4852, otc]
[6235, 50.5, 38.75, 38.90, 48.40, 308037, tse]
[6236, 18.9, 18.9, 18.90, 18.90, 1, otc]
[6237, 51.1, 47.5, 49.70, 47.80, 3846, otc]
[6239, 88.8, 86.8, 88.80, 87.40, 9708, tse]
[6240, 19.6, 18.55, 18.75, 18.70, 261, otc]
[6241, 15.9, 15.15, 15.40, 15.20, 362, otc]
[6242, 59.8, 53.6, 54.00, 58.40, 1326, otc]
[6243, 32.95, 29.6, 29.60, 29.95, 3022, tse]
[6244, 29.8, 28.5, 29.60, 28.50, 14199, otc]
[6245, 109.0, 94.4, 99.50, 102.50, 45998, otc]
[6246, 14.25, 13.8, 13.90, 14.25, 158, otc]
[6248, 22.75, 22.45, 22.75, 22.45, 487, otc]
[6257, 52.4, 51.5, 52.30, 52.10, 4765, tse]
[6259, 23.8, 23.0, 23.80, 23.40, 100, otc]
[6261, 62.4, 61.2, 61.50, 61.90, 818, otc]
[6263, 90.0, 85.6, 89.00, 86.40, 360, otc]
[6264, 8.4, 8.0, 8.23, 8.17, 187, otc]
[6265, 10.15, 9.68, 9.84, 10.05, 1097, otc]
[6266, 30.5, 25.2, 25.20, 30.05, 26689, otc]
[6269, 105.0, 99.1, 104.00, 99.10, 7921, tse]
[6270, 23.15, 22.2, 22.35, 22.95, 689, otc]
[6271, 236.0, 228.5, 234.00, 232.00, 7426, tse]
[6274, 62.4, 58.0, 60.70, 58.00, 16010, otc]
[6275, 29.55, 28.3, 29.35, 28.65, 1936, otc]
[6276, 17.95, 16.75, 16.95, 16.95, 1091, otc]
[6277, 80.0, 77.9, 78.70, 79.70, 1005, tse]
[6278, 92.9, 86.8, 92.60, 86.90, 12269, tse]
[6279, 163.0, 154.5, 161.00, 154.50, 8444, otc]
[6281, 84.7, 83.4, 83.50, 84.10, 86, tse]
[6282, 39.7, 35.2, 38.05, 37.80, 238886, tse]
[6283, 33.8, 32.45, 33.30, 32.45, 671, tse]
[6284, 57.6, 55.2, 56.70, 55.90, 2661, otc]
[6285, 86.7, 82.8, 85.00, 83.30, 16738, tse]
[6287, 23.1, 23.0, 23.00, 23.05, 11, otc]
[6288, 23.95, 23.1, 23.50, 23.20, 2580, tse]
[6290, 60.6, 57.8, 58.00, 59.90, 7758, otc]
[6291, 100.0, 99.1, 99.50, 99.70, 12, otc]
[6292, 42.0, 40.85, 40.85, 41.70, 121, otc]
[6294, 109.0, 107.0, 108.00, 107.50, 131, otc]
[6404, 20.45, 18.4, 18.40, 20.00, 36, otc]
[6405, 21.6, 21.1, 21.30, 21.25, 212, tse]
[6409, 1735.0, 1620.0, 1,680.00, 1,630.00, 619, tse]
[6411, 123.0, 103.5, 106.00, 117.00, 26295, otc]
[6412, 79.2, 77.3, 78.00, 77.60, 1122, tse]
[6414, 232.5, 225.0, 230.00, 225.00, 3340, tse]
[6415, 673.0, 563.0, 572.00, 631.00, 15722, tse]
[6416, 95.6, 92.1, 95.00, 92.30, 361, tse]
[6417, 90.0, 83.1, 83.50, 88.00, 93, otc]
[6418, 17.2, 16.25, 16.75, 16.25, 496, otc]
[6419, 35.95, 35.1, 35.60, 35.95, 57, otc]
[6425, 21.35, 20.4, 20.60, 20.65, 164, otc]
[6426, 66.5, 63.2, 64.10, 63.30, 631, tse]
[6431, 20.7, 19.9, 20.35, 20.10, 203, tse]
[6432, 31.35, 30.35, 31.00, 30.55, 290, otc]
[6435, 112.0, 105.0, 106.50, 108.00, 1883, otc]
[6438, 98.3, 95.1, 96.00, 96.00, 1645, tse]
[6441, 69.9, 60.5, 60.90, 64.30, 23814, otc]
[6442, 49.8, 47.35, 47.70, 48.00, 2155, tse]
[6443, 38.35, 36.85, 37.35, 36.85, 53871, tse]
[6446, 530.0, 494.5, 501.00, 502.00, 8562, otc]
[6449, 46.6, 42.3, 42.30, 44.60, 353, tse]
[6451, 88.6, 85.3, 86.00, 85.50, 2109, tse]
[6456, 87.3, 84.6, 84.60, 84.70, 7588, tse]
[6457, 63.9, 60.0, 62.90, 61.80, 1046, otc]
[6461, 32.75, 31.55, 31.80, 31.75, 2360, otc]
[6462, 79.7, 69.8, 71.00, 74.80, 2411, otc]
[6464, 95.2, 93.1, 93.30, 93.20, 56, tse]
[6465, 18.5, 17.2, 17.95, 17.25, 277, otc]
[6469, 332.0, 310.5, 310.50, 323.50, 2190, otc]
[6470, 61.7, 57.3, 57.40, 59.90, 4612, otc]
[6472, 574.0, 413.5, 415.50, 541.00, 48319, otc]
[6477, 47.75, 46.05, 47.10, 46.05, 4376, tse]
[6482, 48.35, 42.55, 43.00, 46.00, 78, otc]
[6485, 80.9, 74.0, 75.00, 74.30, 3995, otc]
[6486, 67.4, 66.0, 66.10, 66.70, 291, otc]
[6488, 545.0, 518.0, 530.00, 531.00, 9201, otc]
[6491, 477.5, 461.0, 469.00, 461.00, 2246, tse]
[6492, 61.8, 58.6, 60.50, 58.70, 886, otc]
[6494, 83.0, 77.7, 79.10, 79.30, 2617, otc]
[6496, 29.45, 28.0, 28.10, 28.45, 61, otc]
[6499, 59.7, 57.9, 58.20, 58.30, 544, otc]
[6504, 72.7, 71.2, 71.80, 71.80, 139, tse]
[6505, 83.3, 81.5, 81.80, 83.00, 9681, tse]
[6506, 20.75, 20.3, 20.65, 20.40, 191, otc]
[6508, 37.95, 37.2, 37.50, 37.25, 987, otc]
[6509, 47.2, 41.85, 42.00, 47.00, 32225, otc]
[6510, 605.0, 538.0, 553.00, 584.00, 3863, otc]
[6512, 22.95, 21.9, 22.95, 22.00, 156, otc]
[6514, 56.5, 53.7, 53.70, 53.80, 234, otc]
[6515, 555.0, 442.0, 458.00, 535.00, 7764, tse]
[6516, 83.0, 80.3, 81.60, 82.50, 195, otc]
[6517, 58.4, 53.8, 55.80, 55.30, 3311, otc]
[6523, 111.0, 105.0, 107.50, 106.50, 981, otc]
[6525, 71.9, 70.5, 71.60, 71.30, 659, tse]
[6527, 58.8, 54.0, 56.40, 55.40, 629, otc]
[6530, 24.9, 23.9, 24.00, 24.70, 771, otc]
[6531, 272.5, 241.0, 243.00, 247.00, 50414, tse]
[6532, 57.3, 54.9, 56.00, 55.00, 1612, otc]
[6533, 613.0, 537.0, 551.00, 582.00, 27400, tse]
[6535, 43.0, 40.65, 41.35, 41.50, 2244, otc]
[6538, 83.9, 74.7, 76.70, 79.70, 2446, otc]
[6541, 46.95, 38.8, 39.50, 43.75, 16729, tse]
[6542, 44.0, 43.3, 43.80, 43.30, 8, otc]
[6546, 93.4, 85.9, 87.70, 86.70, 16117, otc]
[6547, 79.9, 71.5, 74.00, 71.50, 15034, otc]
[6548, 34.95, 33.2, 34.85, 33.30, 11465, otc]
[6550, 107.5, 100.5, 105.00, 101.50, 26819, tse]
[6552, 41.0, 32.15, 32.55, 39.35, 7125, tse]
[6556, 142.0, 118.5, 120.00, 128.00, 3187, otc]
[6558, 27.8, 23.2, 23.70, 26.10, 7054, tse]
[6560, 34.3, 33.7, 34.15, 33.90, 242, otc]
[6561, 297.0, 284.5, 285.00, 294.00, 254, otc]
[6568, 183.5, 167.5, 170.50, 168.00, 3300, otc]
[6569, 102.5, 99.1, 101.50, 99.10, 129, otc]
[6570, 50.2, 48.2, 49.00, 48.35, 2798, otc]
[6573, 13.9, 13.4, 13.65, 13.65, 216, tse]
[6574, 51.6, 50.0, 51.20, 50.80, 17, otc]
[6576, 112.0, 102.5, 104.00, 107.50, 2747, otc]
[6577, 59.2, 58.6, 59.00, 59.20, 46, otc]
[6578, 16.4, 15.9, 16.20, 15.95, 757, otc]
[6579, 92.7, 87.3, 89.70, 91.90, 374, tse]
[6581, 101.5, 96.4, 96.40, 98.30, 593, tse]
[6582, 65.1, 60.5, 62.00, 60.80, 1355, tse]
[6585, 62.5, 55.2, 55.80, 60.90, 1642, tse]
[6588, 33.6, 31.35, 31.95, 31.70, 88, otc]
[6589, 134.5, 119.5, 120.00, 128.00, 51629, otc]
[6590, 60.0, 58.0, 60.00, 59.40, 106, otc]
[6591, 45.65, 43.8, 44.35, 43.80, 596, tse]
[6592, 110.5, 103.0, 103.00, 109.50, 3076, tse]
[6593, 50.0, 41.05, 41.05, 49.60, 1212, otc]
[6594, 29.7, 27.6, 28.60, 28.35, 301, otc]
[6596, 47.0, 44.05, 45.10, 45.10, 312, otc]
[6598, 29.75, 28.0, 28.70, 28.25, 1161, tse]
[6603, 18.6, 17.5, 18.15, 17.80, 12094, otc]
[6605, 79.3, 74.9, 75.40, 78.50, 4110, tse]
[6609, 41.6, 39.3, 39.60, 39.40, 4333, otc]
[6612, 141.5, 125.0, 126.00, 131.00, 1906, otc]
[6613, 98.2, 92.8, 93.60, 94.20, 1669, otc]
[6615, 37.95, 36.5, 37.25, 37.80, 77, otc]
[6616, 14.2, 13.75, 14.00, 13.95, 248, otc]
[6624, 43.3, 41.8, 42.45, 42.70, 198, otc]
[6625, 52.1, 42.4, 42.50, 50.50, 8384, tse]
[6629, 49.95, 47.2, 47.20, 49.30, 15, otc]
[6640, 96.0, 94.6, 96.00, 95.90, 28, otc]
[6641, 54.6, 53.8, 54.20, 54.00, 59, tse]
[6642, 48.5, 47.0, 47.25, 47.55, 132, otc]
[6643, 644.0, 519.0, 537.00, 595.00, 22732, otc]
[6649, 49.0, 43.9, 45.10, 47.90, 2982, otc]
[6651, 79.7, 72.7, 73.00, 72.70, 1640, otc]
[6654, 48.9, 47.3, 48.10, 48.35, 92, otc]
[6655, 129.5, 127.5, 128.00, 129.50, 75, tse]
[6661, 24.6, 23.2, 23.20, 23.80, 223, otc]
[6662, 30.9, 30.0, 30.20, 30.20, 71, otc]
[6664, 99.9, 97.0, 98.90, 98.70, 614, otc]
[6666, 89.6, 83.9, 83.90, 86.80, 2131, tse]
[6667, 64.9, 62.5, 64.80, 62.80, 596, otc]
[6668, 43.4, 39.2, 40.00, 41.00, 2976, tse]
[6669, 866.0, 830.0, 832.00, 841.00, 5589, tse]
[6670, 229.0, 216.5, 217.50, 225.50, 2456, tse]
[6671, 37.9, 36.75, 37.90, 37.35, 74, tse]
[6672, 83.9, 79.6, 81.30, 79.70, 1865, tse]
[6674, 26.45, 25.3, 26.15, 25.75, 41, tse]
[6679, 299.5, 281.5, 283.00, 286.50, 3628, otc]
[6680, 64.0, 60.1, 64.00, 61.20, 58, otc]
[6683, 222.0, 199.0, 206.00, 210.50, 2249, otc]
[6684, 54.4, 50.2, 52.40, 50.20, 642, otc]
[6689, 137.5, 123.5, 125.00, 130.50, 4050, tse]
[6690, 147.0, 124.0, 129.00, 143.50, 956, otc]
[6691, 248.0, 226.0, 227.00, 237.00, 2311, tse]
[6693, 66.2, 62.5, 64.20, 63.30, 454, otc]
[6695, 46.95, 44.65, 45.45, 45.00, 1362, tse]
[6697, 37.95, 36.6, 37.30, 37.80, 55, otc]
[6698, 30.7, 29.35, 30.65, 30.00, 370, tse]
[6703, 105.5, 101.5, 104.00, 103.50, 388, otc]
[6706, 98.6, 95.0, 96.60, 95.10, 2871, tse]
[6708, 66.9, 57.5, 57.50, 61.30, 2142, otc]
[6712, 241.0, 214.5, 214.50, 228.50, 24719, otc]
[6715, 137.5, 128.0, 130.00, 129.00, 1659, tse]
[6716, 94.4, 89.1, 89.10, 90.80, 109, otc]
[6719, 349.5, 305.0, 305.50, 309.50, 21448, tse]
[6721, 45.4, 44.0, 44.00, 44.55, 82, otc]
[6727, 71.5, 68.3, 68.70, 70.20, 583, otc]
[6728, 125.5, 121.0, 123.50, 123.00, 105, otc]
[6732, 324.5, 286.0, 291.50, 293.50, 2641, otc]
[6733, 24.0, 22.7, 22.90, 23.65, 1483, otc]
[6735, 57.8, 55.0, 57.50, 55.60, 62, otc]
[6741, 119.0, 106.0, 106.00, 117.00, 8678, otc]
[6743, 43.8, 40.0, 40.00, 43.65, 1186, tse]
[6747, 214.5, 195.0, 196.00, 205.50, 1015, otc]
[6751, 47.85, 46.3, 47.50, 46.55, 187, otc]
[6752, 85.6, 68.8, 70.30, 83.10, 1010, otc]
[6754, 48.6, 47.5, 48.30, 48.25, 366, tse]
[6756, 226.0, 209.5, 220.50, 211.00, 3296, tse]
[6761, 91.3, 86.7, 87.00, 90.00, 148, otc]
[6762, 236.0, 224.0, 225.00, 234.00, 49, otc]
[6763, 550.0, 477.5, 489.00, 515.00, 1328, otc]
[6767, 35.5, 32.9, 33.95, 32.95, 489, otc]
[6768, 73.7, 72.3, 72.80, 72.30, 1208, tse]
[6770, 34.9, 33.6, 34.20, 33.70, 75608, tse]
[6776, 41.8, 39.9, 39.90, 40.45, 402, tse]
[6781, 899.0, 769.0, 785.00, 848.00, 8019, tse]
[6782, 360.5, 321.0, 323.00, 353.00, 4195, tse]
[6788, 135.0, 120.5, 125.50, 121.00, 10110, otc]
[6789, 262.5, 242.0, 245.00, 246.00, 11161, tse]
[6790, 38.7, 37.8, 38.15, 38.00, 381, tse]
[6791, 52.5, 48.25, 49.00, 51.40, 184, otc]
[6792, 78.4, 74.7, 76.80, 77.00, 574, tse]
[6796, 104.5, 88.6, 90.30, 90.90, 6131, tse]
[6799, 152.5, 128.0, 131.00, 140.50, 11523, tse]
[6803, 266.0, 260.5, 262.50, 264.00, 275, otc]
[6804, 56.2, 53.7, 53.80, 55.10, 224, otc]
[6806, 87.9, 80.3, 80.90, 86.50, 22866, tse]
[6807, 25.55, 24.9, 25.10, 25.35, 88, tse]
[6811, 150.0, 135.5, 150.00, 140.00, 582, otc]
[6823, 101.5, 97.0, 97.00, 99.80, 81, otc]
[6829, 81.3, 76.4, 76.70, 78.70, 1632, otc]
[6830, 131.5, 116.5, 118.50, 128.50, 2543, tse]
[6834, 26.5, 25.8, 25.90, 26.10, 155, tse]
[6835, 40.3, 39.0, 39.40, 40.30, 523, tse]
[6843, 57.5, 49.2, 49.20, 55.50, 1832, otc]
[6854, 102.0, 99.8, 100.50, 99.90, 284, tse]
[6855, 82.5, 73.6, 75.60, 82.50, 249, otc]
[6859, 149.0, 136.0, 149.00, 137.00, 679, otc]
[6865, 108.5, 79.8, 80.00, 108.50, 2533, otc]
[6874, 55.6, 53.0, 53.90, 54.40, 355, otc]
[7402, 36.75, 35.05, 35.80, 36.00, 69, otc]
[7556, 102.0, 100.0, 100.00, 100.50, 65, otc]
[8011, 14.65, 14.05, 14.50, 14.25, 692, tse]
[8016, 226.0, 208.5, 208.50, 211.00, 13173, tse]
[8021, 30.15, 29.25, 29.40, 29.60, 889, tse]
[8024, 21.85, 20.6, 21.60, 20.85, 602, otc]
[8027, 54.4, 51.8, 52.70, 52.80, 776, otc]
[8028, 60.6, 58.3, 58.60, 58.40, 7317, tse]
[8032, 31.05, 30.5, 30.60, 30.65, 107, otc]
[8033, 47.85, 41.8, 41.80, 47.85, 28833, tse]
[8034, 14.95, 14.3, 14.80, 14.40, 691, otc]
[8038, 48.5, 44.8, 47.45, 45.80, 7407, otc]
[8039, 42.6, 41.55, 42.10, 41.70, 686, tse]
[8040, 54.9, 52.5, 54.40, 52.80, 2234, otc]
[8042, 35.4, 34.75, 35.40, 35.20, 82, otc]
[8043, 28.85, 27.2, 28.70, 27.25, 2807, otc]
[8044, 72.1, 65.9, 68.90, 66.40, 11237, otc]
[8046, 248.0, 237.0, 245.50, 237.00, 35283, tse]
[8047, 12.15, 12.0, 12.15, 12.00, 6, otc]
[8048, 34.9, 33.85, 34.00, 34.80, 569, otc]
[8049, 34.5, 32.3, 32.55, 32.60, 8444, otc]
[8050, 80.7, 76.8, 77.40, 77.90, 29118, otc]
[8054, 36.0, 33.0, 34.15, 33.70, 5578, otc]
[8059, 10.2, 9.77, 10.00, 9.99, 304, otc]
[8064, 18.0, 17.25, 17.60, 17.45, 1060, otc]
[8066, 28.2, 27.6, 27.70, 28.10, 69, otc]
[8067, 8.97, 8.52, 8.88, 8.77, 60, otc]
[8068, 26.2, 24.6, 25.50, 24.60, 661, otc]
[8069, 199.5, 189.0, 190.00, 193.00, 87921, otc]
[8070, 32.8, 32.2, 32.55, 32.30, 2274, tse]
[8071, 15.05, 14.7, 14.85, 14.75, 660, otc]
[8072, 28.8, 26.9, 27.25, 27.30, 2703, tse]
[8074, 20.55, 19.85, 20.25, 20.00, 247, otc]
[8076, 30.2, 28.7, 29.10, 28.85, 4487, otc]
[8080, 11.6, 10.75, 11.25, 11.00, 99, otc]
[8081, 173.5, 160.5, 164.00, 166.50, 6392, tse]
[8083, 164.5, 158.0, 164.50, 158.50, 343, otc]
[8084, 99.6, 93.2, 99.10, 94.60, 1353, otc]
[8085, 22.35, 20.7, 22.30, 21.00, 701, otc]
[8086, 79.5, 75.0, 75.60, 76.30, 8133, otc]
[8087, 30.2, 29.1, 29.15, 29.80, 245, otc]
[8088, 25.6, 24.6, 24.90, 24.60, 2436, otc]
[8089, 23.3, 22.5, 23.15, 22.70, 244, otc]
[8091, 92.9, 87.6, 88.10, 87.60, 3766, otc]
[8092, 12.1, 11.5, 11.80, 12.00, 188, otc]
[8093, 11.65, 11.1, 11.20, 11.20, 172, otc]
[8096, 11.95, 11.8, 11.90, 11.95, 909, otc]
[8097, 63.5, 58.2, 62.60, 58.80, 5566, otc]
[8099, 38.85, 37.8, 38.00, 38.05, 163, otc]
[8101, 5.99, 5.77, 5.85, 5.97, 361, tse]
[8103, 34.0, 33.2, 33.40, 33.40, 414, tse]
[8104, 40.4, 38.0, 38.25, 38.65, 2710, tse]
[8105, 15.1, 14.2, 14.35, 14.55, 28535, tse]
[8107, 18.25, 17.4, 17.50, 17.85, 808, otc]
[8109, 90.0, 87.7, 89.70, 87.80, 569, otc]
[8110, 12.85, 12.3, 12.50, 12.30, 4000, tse]
[8111, 17.05, 16.15, 16.30, 16.70, 1212, otc]
[8112, 38.3, 37.25, 38.30, 37.40, 7088, tse]
[8114, 122.0, 116.0, 119.00, 116.00, 2242, tse]
[8121, 26.95, 25.7, 26.35, 26.10, 4863, otc]
[8131, 41.3, 40.5, 40.90, 41.15, 1955, tse]
[8147, 67.2, 62.5, 66.40, 63.50, 1142, otc]
[8150, 36.1, 35.15, 36.00, 35.90, 10599, tse]
[8155, 123.0, 115.0, 115.00, 122.50, 5474, otc]
[8163, 41.95, 40.0, 40.50, 41.00, 7250, tse]
[8171, 65.9, 57.9, 58.00, 60.00, 41489, otc]
[8176, 10.35, 9.5, 9.75, 9.99, 424, otc]
[8182, 33.2, 32.45, 32.85, 32.95, 260, otc]
[8183, 58.4, 54.5, 56.80, 54.50, 5381, otc]
[8201, 10.7, 10.1, 10.25, 10.40, 709, tse]
[8210, 87.8, 84.3, 86.50, 84.60, 3204, tse]
[8213, 38.6, 37.6, 38.30, 37.80, 1411, tse]
[8215, 36.25, 34.6, 35.00, 35.30, 16804, tse]
[8222, 31.0, 27.15, 27.75, 31.00, 28719, tse]
[8227, 130.5, 93.1, 93.90, 124.50, 42131, otc]
[8234, 36.25, 33.7, 34.20, 33.70, 6435, otc]
[8240, 29.05, 28.45, 28.50, 28.65, 172, otc]
[8249, 29.3, 27.8, 29.30, 27.90, 1815, tse]
[8255, 183.5, 170.5, 177.00, 171.00, 6590, otc]
[8261, 117.5, 111.0, 112.00, 111.50, 16162, tse]
[8271, 45.5, 43.75, 44.50, 44.95, 2385, tse]
[8277, 8.9, 8.7, 8.80, 8.79, 665, otc]
[8279, 162.5, 157.0, 159.00, 157.00, 125, otc]
[8284, 60.8, 59.0, 59.30, 59.70, 239, otc]
[8289, 41.45, 38.55, 39.10, 39.25, 9658, otc]
[8291, 6.0, 5.48, 6.00, 6.00, 29, otc]
[8299, 373.0, 350.0, 368.50, 352.00, 8607, otc]
[8341, 179.5, 165.5, 165.50, 167.00, 5452, tse]
[8342, 56.1, 55.6, 55.90, 56.00, 54, otc]
[8349, 67.3, 59.7, 60.40, 64.40, 5740, otc]
[8354, 14.4, 14.25, 14.35, 14.35, 253, otc]
[8358, 69.6, 64.1, 66.60, 64.20, 44129, otc]
[8367, 42.8, 40.2, 42.00, 41.00, 695, tse]
[8374, 29.35, 28.85, 29.30, 29.10, 111, tse]
[8383, 40.55, 39.05, 39.25, 40.10, 3323, otc]
[8390, 37.3, 36.2, 37.10, 36.25, 967, otc]
[8401, 23.05, 21.05, 21.60, 22.55, 2534, otc]
[8403, 34.75, 33.7, 33.90, 33.70, 2099, otc]
[8404, 28.4, 26.5, 26.90, 28.10, 1229, tse]
[8409, 19.3, 18.6, 18.90, 19.05, 571, otc]
[8410, 29.35, 28.8, 29.05, 29.35, 43, otc]
[8411, 14.35, 14.0, 14.20, 14.20, 302, tse]
[8415, 39.15, 38.0, 38.55, 38.25, 1962, otc]
[8416, 118.5, 117.0, 117.00, 118.00, 28, otc]
[8418, 9.86, 9.77, 9.77, 9.84, 14, otc]
[8420, 85.2, 81.6, 81.80, 82.40, 2765, otc]
[8421, 16.45, 16.0, 16.35, 16.35, 1079, otc]
[8422, 187.0, 182.5, 182.50, 185.00, 1127, tse]
[8423, 18.4, 17.8, 17.80, 18.40, 6, otc]
[8424, 67.5, 66.8, 67.00, 67.30, 44, otc]
[8426, 38.8, 29.1, 29.10, 35.15, 1716, otc]
[8429, 11.35, 10.65, 11.15, 10.75, 1765, tse]
[8431, 52.7, 51.5, 52.70, 51.90, 250, otc]
[8432, 48.55, 46.7, 47.95, 47.00, 262, otc]
[8433, 69.3, 66.6, 68.00, 67.00, 745, otc]
[8435, 61.3, 60.5, 61.20, 61.10, 60, otc]
[8436, 207.0, 195.0, 200.00, 198.50, 14500, otc]
[8437, 115.0, 107.0, 114.00, 109.50, 76, otc]
[8438, 25.1, 24.2, 24.30, 24.95, 156, tse]
[8440, 46.9, 44.55, 45.85, 44.60, 1574, otc]
[8442, 74.2, 72.2, 72.70, 74.10, 619, tse]
[8443, 11.4, 11.05, 11.15, 11.35, 416, tse]
[8444, 50.0, 46.7, 48.75, 47.85, 126, otc]
[8446, 88.2, 83.1, 83.10, 85.00, 645, otc]
[8450, 27.95, 27.05, 27.35, 27.05, 450, otc]
[8454, 775.0, 742.0, 764.00, 744.00, 3492, tse]
[8455, 22.75, 20.8, 22.75, 20.80, 27, otc]
[8462, 141.0, 128.0, 129.00, 134.50, 931, tse]
[8463, 24.25, 23.8, 24.00, 24.00, 181, tse]
[8464, 334.5, 314.0, 320.00, 320.50, 1573, tse]
[8466, 40.9, 40.1, 40.10, 40.45, 176, tse]
[8467, 58.4, 56.6, 58.20, 57.30, 102, tse]
[8472, 43.4, 42.4, 43.40, 42.40, 4, otc]
[8473, 28.6, 27.55, 27.60, 28.10, 231, tse]
[8476, 74.5, 67.1, 67.70, 67.60, 4664, otc]
[8477, 17.35, 16.85, 17.00, 16.95, 213, otc]
[8478, 353.5, 334.0, 337.00, 342.00, 20592, tse]
[8481, 58.0, 57.2, 57.70, 58.00, 62, tse]
[8482, 71.8, 71.0, 71.80, 71.20, 47, tse]
[8488, 16.45, 16.0, 16.30, 16.10, 18, tse]
[8489, 24.65, 23.7, 24.65, 23.75, 130, otc]
[8499, 107.0, 104.0, 107.00, 105.00, 104, tse]
[8905, 23.45, 22.95, 23.00, 23.20, 313, otc]
[8906, 19.2, 18.75, 19.00, 18.90, 50, otc]
[8908, 71.4, 70.2, 71.40, 70.40, 178, otc]
[8916, 54.0, 52.0, 52.40, 52.10, 4235, otc]
[8917, 89.8, 89.5, 89.60, 89.80, 9, otc]
[8921, 14.65, 14.65, 14.65, 14.65, 3, otc]
[8923, 21.55, 20.6, 21.50, 21.20, 20, otc]
[8924, 121.0, 117.0, 119.00, 117.50, 1180, otc]
[8926, 36.2, 35.4, 35.40, 36.00, 3580, tse]
[8927, 38.4, 35.6, 35.95, 37.95, 3868, otc]
[8928, 42.75, 41.45, 41.75, 41.60, 1639, otc]
[8929, 21.15, 20.55, 20.85, 20.85, 85, otc]
[8930, 18.2, 17.2, 17.20, 17.35, 2096, otc]
[8931, 54.4, 49.15, 49.90, 51.10, 2395, otc]
[8932, 47.0, 42.0, 43.50, 44.25, 2320, otc]
[8933, 16.8, 15.7, 16.40, 15.80, 9402, otc]
[8935, 11.55, 11.3, 11.45, 11.50, 425, otc]
[8936, 23.95, 23.0, 23.00, 23.15, 6341, otc]
[8937, 14.95, 14.25, 14.45, 14.45, 113, otc]
[8938, 99.2, 95.6, 96.80, 96.50, 5627, otc]
[8940, 17.1, 16.45, 17.10, 16.60, 1067, tse]
[8941, 56.4, 55.1, 56.10, 56.00, 145, otc]
[8942, 63.8, 62.6, 62.70, 63.70, 912, otc]
[8996, 239.0, 209.5, 213.00, 229.00, 84073, tse]
[9103, 7.81, 7.19, 7.75, 7.21, 4809, tse]
[9105, 4.21, 4.07, 4.21, 4.09, 11225, tse]
[9110, 3.12, 2.96, 3.00, 3.06, 177, tse]
[9136, 6.44, 6.21, 6.31, 6.31, 669, tse]
[9802, 137.5, 127.0, 136.00, 128.50, 10513, tse]
[9902, 13.6, 12.7, 12.80, 12.90, 3462, tse]
[9904, 33.85, 33.2, 33.70, 33.20, 23699, tse]
[9905, 24.6, 24.4, 24.45, 24.50, 340, tse]
[9906, 48.4, 47.75, 48.00, 48.30, 207, tse]
[9907, 18.1, 17.5, 18.00, 17.65, 7419, tse]
[9908, 31.2, 30.95, 31.20, 31.05, 376, tse]
[9910, 201.0, 187.5, 197.00, 189.50, 4890, tse]
[9911, 64.4, 63.4, 63.70, 64.10, 774, tse]
[9912, 9.88, 9.48, 9.67, 9.87, 447, tse]
[9914, 192.5, 184.5, 188.00, 186.00, 3492, tse]
[9917, 101.5, 99.6, 100.50, 100.50, 1503, tse]
[9918, 42.4, 41.8, 42.20, 42.30, 39, tse]
[9919, 17.95, 17.25, 17.55, 17.25, 4482, tse]
[9921, 212.0, 206.0, 211.50, 206.50, 2108, tse]
[9924, 42.4, 42.1, 42.30, 42.20, 484, tse]
[9925, 40.15, 39.8, 40.00, 40.00, 511, tse]
[9926, 51.9, 51.4, 51.60, 51.90, 27, tse]
[9927, 38.4, 38.15, 38.35, 38.25, 305, tse]
[9928, 22.2, 20.5, 20.85, 21.20, 1678, tse]
[9929, 9.6, 9.02, 9.40, 9.28, 310, tse]
[9930, 47.0, 46.6, 47.00, 46.80, 161, tse]
[9931, 39.9, 39.3, 39.85, 39.30, 30, tse]
[9933, 44.35, 43.25, 43.35, 43.60, 7721, tse]
[9934, 13.35, 13.05, 13.35, 13.10, 1430, tse]
[9935, 17.8, 17.5, 17.80, 17.65, 445, tse]
[9937, 54.9, 54.0, 54.60, 54.90, 42, tse]
[9938, 65.7, 57.2, 57.20, 64.20, 15469, tse]
[9939, 96.8, 90.0, 91.60, 92.50, 11793, tse]
[9940, 28.55, 27.55, 27.90, 28.30, 1715, tse]
[9941, 174.5, 168.5, 168.50, 171.50, 3635, tse]
[9942, 118.0, 112.5, 114.00, 115.50, 2410, tse]
[9943, 65.8, 63.5, 64.00, 64.80, 336, tse]
[9944, 20.7, 20.3, 20.50, 20.50, 290, tse]
[9945, 45.35, 44.3, 45.10, 44.40, 16341, tse]
[9946, 12.1, 11.8, 12.10, 11.85, 218, tse]
[9949, 20.95, 20.3, 20.50, 20.55, 125, otc]
[9950, 12.0, 10.5, 10.95, 11.00, 115, otc]
[9951, 69.0, 67.5, 68.20, 68.00, 301, otc]
[9955, 21.5, 20.65, 21.40, 20.65, 1771, tse]
[9958, 106.5, 96.1, 102.50, 97.30, 19932, tse]
[9960, 26.0, 25.65, 25.95, 25.75, 94, otc]
[9962, 19.95, 19.1, 19.15, 19.55, 3667, otc]
