[1101, 38.4, 37.5, 38.00, 38.00, 120209, tse]
[1102, 44.75, 43.55, 44.50, 43.90, 23352, tse]
[1103, 20.3, 19.8, 19.95, 19.85, 1728, tse]
[1104, 28.45, 27.25, 27.30, 27.80, 7896, tse]
[1108, 15.6, 15.1, 15.15, 15.10, 5050, tse]
[1109, 18.75, 18.35, 18.55, 18.60, 889, tse]
[1110, 20.2, 19.1, 19.70, 19.10, 3407, tse]
[1201, 20.95, 20.35, 20.50, 20.55, 3506, tse]
[1203, 41.7, 40.35, 40.35, 41.00, 217, tse]
[1210, 55.2, 52.8, 53.20, 53.10, 12524, tse]
[1213, 7.48, 6.36, 6.86, 6.50, 206, tse]
[1215, 94.3, 89.8, 92.90, 89.90, 5657, tse]
[1216, 76.0, 74.1, 75.30, 74.60, 27960, tse]
[1217, 11.6, 11.3, 11.45, 11.30, 4064, tse]
[1218, 32.0, 30.45, 30.70, 31.90, 10206, tse]
[1219, 21.5, 20.65, 20.65, 20.95, 4424, tse]
[1220, 15.65, 15.1, 15.60, 15.10, 1046, tse]
[1225, 60.6, 58.5, 60.40, 58.50, 208, tse]
[1227, 42.45, 41.1, 41.65, 41.15, 8945, tse]
[1229, 63.2, 62.1, 62.30, 62.90, 5195, tse]
[1231, 92.4, 91.2, 91.20, 91.40, 654, tse]
[1232, 153.5, 151.0, 152.50, 152.00, 162, tse]
[1233, 36.85, 34.0, 34.00, 35.00, 343, tse]
[1234, 38.1, 37.15, 37.70, 37.15, 1413, tse]
[1235, 84.4, 78.1, 84.00, 78.50, 326, tse]
[1236, 23.95, 23.5, 23.50, 23.60, 379, tse]
[1240, 46.5, 45.35, 45.70, 45.75, 206, otc]
[1256, 324.5, 316.0, 324.00, 318.00, 35, tse]
[1258, 26.95, 26.85, 26.85, 26.85, 80, otc]
[1259, 78.4, 74.5, 75.00, 76.40, 61, otc]
[1264, 284.0, 280.5, 283.00, 281.50, 51, otc]
[1268, 164.0, 157.0, 161.00, 158.50, 1710, otc]
[1301, 94.2, 92.5, 94.00, 93.50, 28388, tse]
[1303, 81.2, 77.6, 80.50, 78.80, 29398, tse]
[1304, 23.85, 22.7, 23.50, 22.80, 5088, tse]
[1305, 25.05, 23.9, 24.25, 24.30, 5164, tse]
[1307, 24.4, 23.05, 23.75, 23.15, 4717, tse]
[1308, 26.75, 25.9, 26.30, 25.95, 5726, tse]
[1309, 20.35, 19.85, 19.95, 19.95, 1935, tse]
[1310, 17.85, 16.45, 16.45, 16.65, 25715, tse]
[1312, 19.5, 18.9, 19.05, 18.95, 6856, tse]
[1313, 14.7, 14.1, 14.50, 14.15, 3732, tse]
[1314, 9.92, 9.74, 9.76, 9.75, 38289, tse]
[1315, 70.8, 70.0, 70.40, 70.20, 88, tse]
[1316, 13.4, 12.6, 13.25, 12.70, 7106, tse]
[1319, 51.5, 49.3, 49.50, 49.60, 23112, tse]
[1321, 34.95, 34.15, 34.30, 34.20, 522, tse]
[1323, 33.15, 32.7, 32.95, 33.00, 371, tse]
[1324, 11.8, 11.25, 11.65, 11.30, 255, tse]
[1325, 27.35, 24.2, 24.20, 25.35, 5227, tse]
[1326, 70.5, 68.2, 70.00, 68.80, 12443, tse]
[1336, 25.2, 24.0, 24.30, 24.00, 1203, otc]
[1337, 8.95, 7.9, 8.49, 7.99, 14032, tse]
[1338, 44.6, 43.2, 44.10, 43.25, 292, tse]
[1339, 45.0, 43.5, 43.80, 44.10, 698, tse]
[1340, 13.35, 12.9, 13.20, 12.90, 1446, tse]
[1341, 71.6, 70.1, 70.10, 71.20, 29, tse]
[1342, 134.5, 124.0, 133.00, 124.00, 3547, tse]
[1402, 32.2, 31.65, 32.05, 31.80, 24286, tse]
[1409, 17.35, 17.0, 17.15, 17.15, 6536, tse]
[1410, 37.55, 36.9, 37.05, 37.30, 228, tse]
[1413, 9.21, 9.0, 9.02, 9.11, 347, tse]
[1414, 17.45, 17.15, 17.35, 17.40, 441, tse]
[1416, 12.25, 11.5, 11.55, 12.00, 4314, tse]
[1417, 13.65, 13.35, 13.45, 13.35, 1954, tse]
[1418, 17.6, 15.1, 15.10, 17.20, 810, tse]
[1419, 41.9, 41.0, 41.30, 41.40, 389, tse]
[1423, 24.0, 23.3, 23.30, 23.85, 915, tse]
[1432, 17.8, 15.8, 15.85, 16.85, 11804, tse]
[1434, 28.15, 27.7, 28.10, 27.95, 3430, tse]
[1436, 60.9, 59.4, 60.20, 60.10, 4262, tse]
[1437, 29.7, 28.85, 29.00, 29.05, 1679, tse]
[1438, 31.05, 30.5, 30.65, 30.70, 251, tse]
[1439, 23.2, 22.3, 23.15, 22.45, 113, tse]
[1440, 16.45, 16.1, 16.10, 16.20, 3510, tse]
[1441, 8.25, 8.08, 8.20, 8.18, 198, tse]
[1442, 33.1, 32.0, 32.15, 32.90, 4056, tse]
[1443, 29.7, 28.65, 29.00, 29.00, 88, tse]
[1444, 10.8, 10.4, 10.50, 10.40, 6729, tse]
[1445, 21.0, 20.2, 20.35, 20.45, 1079, tse]
[1446, 32.0, 31.15, 31.15, 31.60, 171, tse]
[1447, 8.02, 7.8, 7.83, 7.83, 4614, tse]
[1449, 15.4, 14.85, 15.00, 15.00, 1323, tse]
[1451, 21.45, 21.0, 21.10, 21.30, 1154, tse]
[1452, 17.75, 17.5, 17.70, 17.55, 316, tse]
[1453, 15.75, 14.8, 14.80, 15.65, 1311, tse]
[1454, 16.1, 15.25, 15.75, 15.85, 666, tse]
[1455, 11.05, 10.3, 10.40, 10.45, 6875, tse]
[1456, 17.2, 16.85, 17.00, 16.90, 207, tse]
[1457, 18.75, 18.55, 18.75, 18.65, 496, tse]
[1459, 9.14, 9.0, 9.12, 9.00, 681, tse]
[1460, 9.27, 7.93, 7.93, 8.70, 42644, tse]
[1463, 14.7, 14.45, 14.55, 14.55, 563, tse]
[1464, 15.3, 15.05, 15.10, 15.05, 1410, tse]
[1465, 14.4, 14.15, 14.30, 14.25, 205, tse]
[1466, 11.5, 11.15, 11.35, 11.40, 273, tse]
[1467, 11.65, 11.35, 11.65, 11.40, 3338, tse]
[1468, 15.35, 14.5, 14.95, 15.25, 244, tse]
[1470, 20.4, 19.6, 20.05, 20.10, 508, tse]
[1471, 9.34, 9.0, 9.04, 9.01, 4524, tse]
[1472, 32.0, 29.65, 31.75, 30.40, 357, tse]
[1473, 24.4, 23.45, 23.75, 23.85, 756, tse]
[1474, 12.95, 12.3, 12.35, 12.65, 1101, tse]
[1475, 57.0, 54.7, 56.50, 55.50, 152, tse]
[1476, 497.0, 458.5, 497.00, 464.00, 3527, tse]
[1477, 232.0, 218.0, 232.00, 218.50, 7336, tse]
[1503, 145.5, 133.0, 135.50, 138.50, 89429, tse]
[1504, 53.3, 50.3, 51.10, 50.90, 153270, tse]
[1506, 19.7, 18.8, 19.10, 19.25, 688, tse]
[1512, 13.5, 13.05, 13.50, 13.10, 301, tse]
[1513, 119.0, 109.5, 109.50, 112.00, 215693, tse]
[1514, 54.8, 49.25, 49.90, 50.30, 91136, tse]
[1515, 30.05, 28.95, 29.50, 28.95, 1525, tse]
[1516, 20.8, 20.45, 20.60, 20.60, 548, tse]
[1517, 19.2, 18.7, 18.75, 18.70, 1989, tse]
[1519, 144.5, 121.5, 123.00, 135.50, 149315, tse]
[1521, 38.0, 37.45, 37.45, 37.90, 96, tse]
[1522, 30.0, 28.45, 28.45, 29.00, 8835, tse]
[1524, 22.8, 21.85, 22.25, 21.90, 4874, tse]
[1525, 90.6, 80.1, 82.60, 89.70, 3638, tse]
[1526, 41.45, 40.45, 40.65, 41.10, 688, tse]
[1527, 42.9, 41.9, 41.95, 42.00, 821, tse]
[1528, 13.2, 11.5, 11.50, 12.15, 25325, tse]
[1529, 40.4, 37.1, 38.30, 37.15, 34041, tse]
[1530, 33.2, 32.6, 32.75, 32.60, 183, tse]
[1531, 14.95, 14.35, 14.35, 14.60, 761, tse]
[1532, 36.7, 33.9, 33.90, 34.85, 5482, tse]
[1533, 59.1, 54.1, 58.60, 54.40, 4196, tse]
[1535, 53.9, 52.5, 52.70, 52.80, 468, tse]
[1536, 72.8, 70.5, 71.30, 70.60, 3146, tse]
[1537, 141.0, 139.5, 140.00, 140.00, 257, tse]
[1538, 9.8, 8.95, 8.95, 9.50, 105, tse]
[1539, 28.7, 27.7, 28.00, 27.80, 839, tse]
[1540, 16.95, 16.55, 16.70, 16.75, 1012, tse]
[1541, 35.9, 34.3, 34.90, 34.80, 163, tse]
[1558, 111.0, 108.5, 110.00, 109.00, 475, tse]
[1560, 119.5, 109.5, 110.00, 115.00, 7410, tse]
[1565, 240.0, 237.0, 239.00, 238.50, 403, otc]
[1568, 25.4, 24.75, 25.20, 24.90, 2040, tse]
[1569, 23.5, 22.7, 22.70, 23.20, 760, otc]
[1570, 18.75, 18.45, 18.55, 18.65, 365, otc]
[1580, 138.0, 126.5, 128.50, 130.00, 2384, otc]
[1582, 59.8, 58.3, 59.50, 59.50, 465, tse]
[1583, 69.5, 68.1, 68.90, 68.70, 47, tse]
[1584, 38.25, 35.4, 35.70, 35.50, 26978, otc]
[1586, 34.1, 33.7, 34.00, 34.00, 582, otc]
[1587, 22.4, 22.1, 22.20, 22.25, 153, tse]
[1589, 87.2, 71.6, 79.20, 71.70, 33655, tse]
[1590, 1095.0, 1015.0, 1,075.00, 1,025.00, 2279, tse]
[1591, 29.5, 27.5, 27.65, 28.90, 4620, otc]
[1593, 74.5, 73.0, 73.50, 74.10, 59, otc]
[1595, 38.95, 38.25, 38.65, 38.75, 252, otc]
[1597, 76.1, 72.8, 75.00, 73.20, 214, tse]
[1598, 42.4, 39.65, 41.70, 39.90, 2189, tse]
[1599, 38.4, 37.9, 37.90, 38.05, 151, otc]
[1603, 28.3, 27.1, 27.10, 27.25, 3843, tse]
[1604, 27.4, 26.45, 26.85, 27.05, 2147, tse]
[1605, 47.15, 45.4, 46.45, 45.55, 82784, tse]
[1608, 23.85, 17.7, 17.80, 23.85, 92754, tse]
[1609, 32.2, 30.4, 31.20, 30.75, 135439, tse]
[1611, 18.3, 17.35, 17.90, 17.50, 9378, tse]
[1612, 23.3, 22.35, 22.45, 22.80, 11496, tse]
[1614, 37.85, 37.0, 37.20, 37.35, 431, tse]
[1615, 37.9, 37.35, 37.60, 37.65, 339, tse]
[1616, 10.35, 9.5, 9.91, 9.76, 7920, tse]
[1617, 17.2, 16.1, 16.35, 16.50, 902, tse]
[1618, 20.85, 19.0, 19.75, 19.20, 25455, tse]
[1626, 19.35, 18.65, 19.35, 18.65, 235, tse]
[1701, 26.6, 25.8, 26.00, 25.80, 6114, tse]
[1702, 51.8, 50.0, 50.80, 50.10, 3285, tse]
[1707, 179.5, 174.0, 175.50, 174.50, 1122, tse]
[1708, 37.3, 36.25, 36.50, 36.30, 4290, tse]
[1709, 25.7, 25.2, 25.40, 25.20, 4787, tse]
[1710, 22.0, 21.15, 21.25, 21.20, 13010, tse]
[1711, 20.8, 20.05, 20.70, 20.05, 10210, tse]
[1712, 36.0, 35.15, 35.75, 35.15, 3300, tse]
[1713, 33.6, 31.55, 31.90, 33.20, 463, tse]
[1714, 9.39, 9.22, 9.25, 9.22, 6415, tse]
[1717, 33.7, 32.5, 33.10, 32.55, 9377, tse]
[1718, 8.24, 8.04, 8.16, 8.04, 10956, tse]
[1720, 71.5, 69.3, 69.80, 69.90, 6461, tse]
[1721, 16.7, 15.35, 16.25, 15.40, 9923, tse]
[1722, 60.7, 58.9, 60.10, 59.10, 5873, tse]
[1723, 114.0, 112.5, 113.00, 113.00, 712, tse]
[1725, 23.6, 22.0, 23.60, 22.15, 348, tse]
[1726, 76.4, 75.3, 75.50, 75.90, 122, tse]
[1727, 43.05, 39.6, 40.60, 40.00, 29840, tse]
[1730, 60.4, 59.5, 59.50, 60.20, 128, tse]
[1731, 23.85, 22.9, 23.00, 23.00, 2673, tse]
[1732, 29.6, 27.3, 27.85, 27.85, 2949, tse]
[1733, 28.35, 26.9, 26.90, 27.05, 1615, tse]
[1734, 34.15, 32.7, 32.70, 33.30, 6075, tse]
[1735, 17.05, 16.35, 17.05, 16.35, 255, tse]
[1736, 62.2, 60.0, 62.20, 60.60, 1617, tse]
[1737, 33.95, 33.8, 33.90, 33.85, 618, tse]
[1742, 17.45, 16.35, 16.60, 16.60, 2147, otc]
[1752, 69.6, 64.5, 68.00, 65.20, 6906, tse]
[1760, 158.5, 144.0, 145.00, 148.50, 15822, tse]
[1762, 96.0, 90.5, 93.90, 90.70, 9512, tse]
[1773, 131.0, 126.5, 126.50, 129.00, 1016, tse]
[1776, 19.6, 18.4, 19.30, 18.55, 1517, tse]
[1777, 90.0, 86.8, 86.80, 88.10, 417, otc]
[1781, 15.0, 14.25, 14.60, 14.40, 172, otc]
[1783, 62.3, 56.4, 59.50, 56.40, 8636, tse]
[1784, 71.0, 61.3, 69.20, 61.90, 9116, otc]
[1785, 39.8, 37.0, 37.30, 37.55, 36676, otc]
[1786, 71.4, 67.4, 69.10, 67.40, 1318, tse]
[1788, 145.5, 144.5, 145.00, 145.00, 70, otc]
[1789, 26.85, 26.0, 26.35, 26.00, 3906, tse]
[1795, 344.0, 322.5, 343.50, 327.00, 56336, tse]
[1796, 153.0, 129.5, 150.00, 129.50, 3629, otc]
[1799, 21.9, 20.3, 20.70, 20.65, 320, otc]
[1802, 19.2, 18.25, 18.95, 18.30, 24294, tse]
[1805, 9.93, 9.88, 9.92, 9.89, 55, tse]
[1806, 9.09, 8.97, 9.00, 9.00, 1553, tse]
[1808, 77.4, 75.1, 76.00, 75.30, 617, tse]
[1809, 16.7, 14.25, 14.30, 15.35, 37040, tse]
[1810, 25.1, 23.1, 23.10, 23.20, 24023, tse]
[1813, 22.7, 22.2, 22.30, 22.55, 130, otc]
[1815, 12.45, 12.05, 12.05, 12.05, 6543, otc]
[1817, 38.9, 38.5, 38.70, 38.70, 308, tse]
[1903, 44.8, 43.55, 43.80, 43.55, 742, tse]
[1904, 32.8, 30.95, 31.30, 31.60, 20225, tse]
[1905, 26.35, 23.6, 24.00, 24.40, 145304, tse]
[1906, 16.3, 15.8, 15.85, 16.00, 1046, tse]
[1907, 33.95, 31.55, 31.60, 32.20, 46015, tse]
[1909, 17.15, 16.35, 16.70, 16.45, 9616, tse]
[2002, 30.05, 29.05, 29.55, 29.20, 109386, tse]
[2006, 57.7, 56.3, 57.00, 56.50, 5358, tse]
[2007, 10.9, 10.3, 10.40, 10.30, 2219, tse]
[2008, 19.7, 19.2, 19.20, 19.45, 98, tse]
[2009, 32.2, 31.3, 31.80, 31.40, 3834, tse]
[2010, 16.9, 16.3, 16.65, 16.35, 1713, tse]
[2012, 27.5, 26.7, 27.25, 27.00, 1663, tse]
[2013, 58.0, 57.0, 57.70, 57.30, 227, tse]
[2014, 23.8, 23.0, 23.10, 23.00, 14825, tse]
[2015, 69.3, 67.9, 67.90, 68.50, 824, tse]
[2017, 17.95, 17.2, 17.40, 17.20, 4021, tse]
[2020, 24.0, 23.6, 23.90, 23.80, 867, tse]
[2022, 11.05, 10.0, 11.05, 10.15, 12635, tse]
[2023, 15.65, 15.15, 15.35, 15.30, 7993, tse]
[2024, 18.65, 18.15, 18.20, 18.50, 83, tse]
[2025, 6.44, 5.45, 5.46, 5.59, 9721, tse]
[2027, 45.85, 44.95, 45.20, 44.95, 25560, tse]
[2028, 27.15, 25.65, 25.85, 26.20, 1674, tse]
[2029, 25.55, 25.1, 25.10, 25.25, 1029, tse]
[2030, 22.9, 22.35, 22.65, 22.40, 3636, tse]
[2031, 50.5, 45.7, 48.40, 48.90, 29444, tse]
[2032, 18.4, 17.9, 18.05, 17.90, 692, tse]
[2033, 15.5, 15.0, 15.10, 15.10, 365, tse]
[2034, 29.15, 28.7, 28.80, 28.75, 2613, tse]
[2035, 31.5, 31.0, 31.10, 31.40, 55, otc]
[2038, 20.55, 19.6, 19.90, 19.60, 1607, tse]
[2049, 246.0, 230.5, 238.50, 232.00, 5016, tse]
[2059, 430.0, 409.5, 417.50, 420.00, 3987, tse]
[2061, 21.3, 20.5, 21.30, 20.50, 85, otc]
[2062, 22.0, 21.4, 21.65, 21.45, 630, tse]
[2063, 46.95, 45.8, 46.45, 46.60, 210, otc]
[2064, 18.05, 16.7, 17.40, 17.30, 165, otc]
[2065, 59.6, 58.7, 58.80, 58.90, 469, otc]
[2066, 99.1, 93.5, 96.00, 93.80, 1218, otc]
[2067, 12.45, 11.8, 12.40, 11.95, 52, otc]
[2069, 19.6, 19.05, 19.15, 19.10, 699, tse]
[2070, 31.55, 30.55, 31.05, 30.80, 140, otc]
[2101, 39.95, 38.55, 39.30, 38.95, 4849, tse]
[2102, 20.75, 20.15, 20.20, 20.30, 1165, tse]
[2103, 26.8, 25.85, 26.75, 25.95, 12393, tse]
[2104, 20.6, 20.1, 20.20, 20.15, 17174, tse]
[2105, 40.8, 39.25, 40.30, 39.50, 26623, tse]
[2106, 31.3, 30.45, 30.95, 30.65, 2944, tse]
[2107, 22.0, 21.7, 21.90, 21.75, 929, tse]
[2108, 39.6, 38.1, 39.45, 38.15, 3148, tse]
[2109, 14.8, 14.6, 14.75, 14.60, 690, tse]
[2114, 105.0, 102.0, 104.00, 103.50, 89, tse]
[2115, 35.7, 33.3, 34.35, 33.70, 1212, tse]
[2201, 85.7, 80.9, 81.00, 82.20, 103616, tse]
[2204, 97.9, 84.2, 87.10, 92.40, 46730, tse]
[2206, 74.0, 69.5, 70.30, 70.20, 97661, tse]
[2207, 849.0, 784.0, 845.00, 784.00, 2314, tse]
[2208, 25.9, 24.05, 24.60, 24.15, 43845, tse]
[2211, 61.5, 60.5, 60.70, 60.70, 2658, tse]
[2221, 42.4, 41.5, 41.60, 41.50, 364, otc]
[2227, 203.5, 194.0, 203.50, 197.00, 309, tse]
[2228, 84.9, 83.0, 84.20, 83.00, 348, tse]
[2230, 84.5, 80.0, 80.20, 84.40, 651, otc]
[2231, 181.5, 162.5, 162.50, 171.50, 11814, tse]
[2233, 113.0, 109.5, 111.50, 110.00, 582, tse]
[2235, 46.0, 43.4, 43.50, 45.05, 215, otc]
[2236, 42.8, 39.8, 39.90, 40.70, 2577, tse]
[2239, 81.7, 76.0, 76.00, 80.90, 1884, tse]
[2241, 34.95, 34.15, 34.95, 34.40, 280, tse]
[2243, 19.3, 18.2, 18.95, 18.20, 648, tse]
[2247, 308.5, 284.5, 308.50, 284.50, 2657, tse]
[2250, 70.7, 69.5, 70.60, 69.70, 98, tse]
[2301, 84.5, 78.7, 81.10, 83.30, 49645, tse]
[2302, 20.1, 19.1, 19.10, 19.35, 4796, tse]
[2303, 50.8, 48.7, 49.50, 50.40, 313659, tse]
[2305, 25.3, 21.7, 21.70, 23.15, 13162, tse]
[2308, 320.0, 301.0, 305.50, 318.00, 32999, tse]
[2312, 13.4, 13.15, 13.30, 13.25, 16352, tse]
[2313, 44.45, 42.0, 43.55, 44.25, 64163, tse]
[2314, 48.8, 44.05, 46.30, 45.35, 9610, tse]
[2316, 28.8, 27.9, 28.80, 28.00, 616, tse]
[2317, 103.5, 102.0, 102.50, 102.50, 119464, tse]
[2321, 19.1, 18.0, 18.80, 18.50, 23, tse]
[2323, 11.55, 9.23, 9.65, 10.85, 232419, tse]
[2324, 27.8, 26.15, 26.60, 27.55, 180714, tse]
[2327, 512.0, 487.0, 496.50, 502.00, 21795, tse]
[2328, 39.35, 37.75, 37.90, 38.35, 27097, tse]
[2329, 19.8, 19.25, 19.35, 19.80, 7072, tse]
[2330, 568.0, 524.0, 532.00, 566.00, 235068, tse]
[2331, 29.35, 25.5, 25.50, 28.25, 74761, tse]
[2332, 20.5, 19.45, 20.10, 19.50, 38850, tse]
[2337, 33.25, 32.4, 33.00, 32.95, 32787, tse]
[2338, 82.8, 79.4, 81.70, 80.50, 12168, tse]
[2340, 36.4, 35.3, 35.60, 35.60, 4161, tse]
[2342, 41.5, 39.1, 39.10, 40.30, 6003, tse]
[2344, 26.8, 25.25, 26.55, 26.05, 145634, tse]
[2345, 325.0, 281.0, 289.00, 325.00, 21059, tse]
[2347, 65.6, 64.1, 65.00, 64.70, 17781, tse]
[2348, 68.0, 66.8, 67.10, 67.30, 240, tse]
[2349, 10.0, 9.05, 9.09, 9.32, 25466, tse]
[2351, 124.0, 114.5, 116.50, 121.00, 7365, tse]
[2352, 39.8, 37.6, 38.50, 39.50, 56813, tse]
[2353, 31.1, 30.15, 30.85, 30.95, 83953, tse]
[2354, 54.3, 53.2, 53.80, 53.20, 5061, tse]
[2355, 31.15, 30.65, 30.90, 30.80, 2153, tse]
[2356, 34.45, 30.3, 30.85, 34.10, 201617, tse]
[2357, 309.0, 303.5, 307.50, 308.50, 11263, tse]
[2358, 12.6, 12.05, 12.15, 12.15, 2689, tse]
[2359, 32.25, 31.2, 31.70, 31.20, 6016, tse]
[2360, 217.0, 190.5, 204.00, 217.00, 12626, tse]
[2362, 32.8, 31.65, 32.05, 31.95, 3761, tse]
[2363, 17.75, 17.4, 17.45, 17.55, 3688, tse]
[2364, 109.0, 102.5, 107.50, 103.50, 1260, tse]
[2365, 11.05, 10.6, 10.75, 10.95, 3871, tse]
[2367, 18.3, 17.9, 18.00, 17.90, 11918, tse]
[2368, 127.5, 108.0, 115.00, 121.50, 148583, tse]
[2369, 14.65, 14.0, 14.05, 14.30, 3316, tse]
[2371, 40.6, 37.35, 38.20, 40.15, 168472, tse]
[2373, 80.5, 78.8, 80.10, 79.50, 622, tse]
[2374, 20.2, 19.9, 20.20, 20.00, 1822, tse]
[2375, 71.4, 67.5, 70.10, 67.80, 1909, tse]
[2376, 197.5, 159.0, 163.50, 185.00, 140897, tse]
[2377, 174.5, 156.0, 158.00, 169.50, 41034, tse]
[2379, 380.0, 366.0, 376.00, 379.00, 8460, tse]
[2380, 10.35, 9.8, 9.82, 9.98, 3154, tse]
[2382, 119.5, 104.0, 109.00, 115.50, 190306, tse]
[2383, 211.0, 185.0, 185.50, 202.50, 51795, tse]
[2385, 105.5, 102.0, 103.00, 105.00, 11451, tse]
[2387, 41.35, 40.5, 40.50, 40.75, 2720, tse]
[2388, 80.5, 75.3, 75.50, 76.00, 37521, tse]
[2390, 12.4, 12.0, 12.10, 12.00, 1868, tse]
[2392, 40.65, 39.85, 40.05, 40.00, 3068, tse]
[2393, 47.3, 45.5, 46.65, 46.70, 11132, tse]
[2395, 404.5, 394.0, 396.00, 400.00, 4518, tse]
[2397, 71.5, 69.7, 70.00, 71.20, 930, tse]
[2399, 21.65, 16.3, 16.35, 20.65, 106232, tse]
[2401, 24.65, 23.8, 23.80, 24.30, 5313, tse]
[2402, 29.9, 27.15, 27.40, 27.65, 73194, tse]
[2404, 229.0, 218.5, 219.00, 224.50, 3942, tse]
[2405, 12.65, 12.1, 12.10, 12.25, 4982, tse]
[2406, 18.65, 18.05, 18.15, 18.05, 3890, tse]
[2408, 73.3, 68.6, 72.00, 71.90, 102753, tse]
[2409, 17.9, 17.4, 17.55, 17.40, 141882, tse]
[2412, 128.0, 125.0, 127.00, 127.00, 66238, tse]
[2413, 34.0, 32.0, 33.35, 32.15, 7590, tse]
[2414, 35.45, 34.95, 35.05, 35.30, 514, tse]
[2415, 23.6, 23.2, 23.20, 23.40, 316, tse]
[2417, 21.8, 21.4, 21.60, 21.60, 1714, tse]
[2419, 26.85, 26.1, 26.45, 26.15, 5092, tse]
[2420, 45.75, 45.05, 45.05, 45.50, 738, tse]
[2421, 88.5, 70.6, 72.10, 84.50, 139494, tse]
[2423, 35.9, 34.8, 34.90, 35.75, 1660, tse]
[2424, 34.45, 27.7, 29.70, 34.45, 718, tse]
[2425, 31.2, 27.75, 27.90, 31.20, 12063, tse]
[2426, 18.45, 17.95, 17.95, 18.10, 1444, tse]
[2427, 25.5, 22.15, 23.85, 24.35, 69846, tse]
[2428, 158.5, 153.0, 156.00, 156.00, 2020, tse]
[2429, 21.05, 19.65, 20.10, 19.70, 311, tse]
[2430, 43.5, 42.7, 42.70, 43.30, 1196, tse]
[2431, 11.9, 10.55, 10.55, 11.90, 4553, tse]
[2433, 54.0, 52.7, 53.90, 53.50, 97, tse]
[2434, 31.05, 29.4, 30.15, 30.70, 249, tse]
[2436, 50.7, 48.85, 49.00, 49.70, 3546, tse]
[2438, 25.4, 22.6, 22.90, 23.75, 2708, tse]
[2439, 90.7, 87.8, 89.50, 87.90, 2035, tse]
[2440, 11.55, 11.2, 11.35, 11.35, 626, tse]
[2441, 57.9, 54.1, 54.20, 57.10, 8218, tse]
[2442, 20.4, 17.2, 19.20, 17.30, 89301, tse]
[2443, 3.68, 3.25, 3.45, 3.55, 1366, tse]
[2444, 15.5, 14.65, 14.85, 14.65, 2107, tse]
[2449, 51.7, 46.55, 46.55, 51.10, 60645, tse]
[2450, 36.5, 35.75, 36.15, 36.00, 1109, tse]
[2451, 73.4, 72.4, 73.20, 73.30, 1928, tse]
[2453, 74.5, 66.0, 67.10, 69.70, 44917, tse]
[2454, 737.0, 701.0, 702.00, 730.00, 32180, tse]
[2455, 101.5, 94.3, 94.50, 100.00, 12192, tse]
[2457, 82.8, 73.5, 73.90, 73.70, 191700, tse]
[2458, 106.0, 98.0, 98.10, 102.50, 14359, tse]
[2459, 57.8, 56.9, 57.10, 57.50, 255, tse]
[2460, 21.15, 20.05, 21.05, 20.10, 1056, tse]
[2461, 23.3, 22.6, 22.90, 22.95, 2341, tse]
[2462, 32.0, 30.0, 30.15, 30.75, 3486, tse]
[2464, 37.8, 37.2, 37.30, 37.20, 639, tse]
[2465, 39.8, 34.65, 34.65, 38.30, 3389, tse]
[2466, 36.05, 35.8, 36.00, 35.85, 53, tse]
[2467, 51.0, 49.1, 49.20, 50.30, 2435, tse]
[2468, 28.4, 26.25, 27.05, 26.30, 12545, tse]
[2471, 67.8, 61.2, 62.60, 64.60, 37236, tse]
[2472, 63.5, 61.8, 62.50, 61.90, 1525, tse]
[2474, 190.0, 184.0, 189.50, 185.00, 8098, tse]
[2476, 51.3, 49.55, 50.30, 49.75, 2861, tse]
[2477, 20.7, 20.35, 20.40, 20.45, 212, tse]
[2478, 49.0, 47.5, 47.70, 47.50, 503, tse]
[2480, 122.0, 112.0, 112.00, 115.50, 8330, tse]
[2481, 68.8, 67.0, 67.00, 68.50, 9485, tse]
[2482, 67.5, 62.5, 65.20, 62.60, 17278, tse]
[2483, 28.35, 27.4, 28.35, 27.85, 1831, tse]
[2484, 35.35, 34.25, 34.95, 34.30, 3883, tse]
[2485, 19.3, 18.5, 19.05, 18.50, 4014, tse]
[2486, 30.1, 28.0, 28.10, 29.75, 13707, tse]
[2488, 31.35, 31.1, 31.15, 31.15, 585, tse]
[2489, 13.0, 12.3, 12.55, 12.35, 15170, tse]
[2491, 17.85, 14.65, 15.35, 17.85, 4527, tse]
[2492, 101.0, 98.6, 99.00, 100.50, 10424, tse]
[2493, 63.3, 59.7, 60.20, 63.00, 1591, tse]
[2495, 25.0, 24.0, 24.20, 24.05, 11632, tse]
[2496, 53.6, 51.9, 52.00, 53.30, 213, tse]
[2497, 72.8, 68.2, 68.20, 69.60, 5401, tse]
[2498, 60.9, 58.2, 59.30, 58.40, 33729, tse]
[2501, 16.65, 16.25, 16.40, 16.30, 2573, tse]
[2504, 29.2, 28.5, 28.75, 28.70, 17292, tse]
[2505, 18.95, 18.55, 18.80, 18.65, 2043, tse]
[2506, 9.49, 9.27, 9.30, 9.33, 1492, tse]
[2509, 15.85, 15.65, 15.70, 15.65, 238, tse]
[2511, 12.25, 11.85, 12.10, 11.95, 3293, tse]
[2514, 17.15, 16.9, 16.95, 16.90, 645, tse]
[2515, 10.7, 10.2, 10.40, 10.20, 50132, tse]
[2516, 5.47, 5.07, 5.07, 5.20, 2089, tse]
[2520, 30.0, 29.45, 29.70, 29.65, 2436, tse]
[2524, 32.1, 31.4, 31.50, 31.45, 87, tse]
[2527, 24.1, 23.5, 23.70, 23.70, 814, tse]
[2528, 26.9, 24.35, 24.40, 26.35, 5870, tse]
[2530, 23.2, 22.2, 22.60, 23.15, 4318, tse]
[2534, 22.85, 22.45, 22.45, 22.55, 2940, tse]
[2535, 33.2, 32.45, 32.55, 33.10, 3161, tse]
[2536, 26.5, 25.5, 25.50, 25.95, 2369, tse]
[2537, 7.33, 6.98, 6.98, 7.16, 8689, tse]
[2538, 13.1, 12.85, 12.85, 12.90, 3185, tse]
[2539, 38.1, 37.7, 37.85, 37.80, 1959, tse]
[2540, 80.6, 77.2, 78.30, 77.60, 2229, tse]
[2542, 43.15, 41.9, 41.95, 42.20, 16213, tse]
[2543, 9.7, 9.45, 9.70, 9.53, 340, tse]
[2545, 46.55, 46.0, 46.55, 46.15, 891, tse]
[2546, 68.5, 67.4, 68.00, 68.00, 605, tse]
[2547, 9.36, 9.2, 9.20, 9.21, 3433, tse]
[2548, 97.7, 90.0, 97.20, 90.20, 15367, tse]
[2596, 23.2, 22.35, 22.35, 22.80, 442, otc]
[2597, 120.0, 116.0, 119.50, 116.50, 351, tse]
[2601, 9.2, 8.96, 9.05, 8.98, 11193, tse]
[2603, 154.5, 149.5, 151.50, 152.50, 89562, tse]
[2605, 22.75, 21.4, 22.20, 21.40, 11719, tse]
[2606, 54.1, 49.0, 53.50, 49.05, 24157, tse]
[2607, 27.7, 27.15, 27.30, 27.25, 4920, tse]
[2608, 39.0, 38.2, 38.50, 38.35, 990, tse]
[2609, 62.5, 60.8, 61.40, 61.30, 57250, tse]
[2610, 21.2, 20.05, 20.25, 20.85, 441879, tse]
[2611, 14.9, 12.75, 12.75, 13.75, 22353, tse]
[2612, 40.55, 39.2, 40.00, 39.25, 1481, tse]
[2613, 22.75, 21.5, 22.20, 21.50, 1362, tse]
[2614, 19.45, 18.85, 19.10, 18.90, 6781, tse]
[2615, 61.0, 58.5, 60.50, 58.90, 29131, tse]
[2616, 32.75, 32.5, 32.70, 32.55, 878, tse]
[2617, 30.35, 28.9, 29.90, 29.00, 4992, tse]
[2618, 33.0, 29.55, 29.95, 32.30, 975157, tse]
[2630, 48.0, 33.65, 33.80, 42.05, 113852, tse]
[2633, 33.3, 32.5, 32.65, 32.60, 27415, tse]
[2634, 58.5, 54.5, 55.10, 54.80, 163196, tse]
[2636, 78.0, 75.8, 76.00, 76.40, 3872, tse]
[2637, 63.7, 58.9, 63.00, 59.00, 24240, tse]
[2640, 138.0, 130.0, 135.00, 137.00, 793, otc]
[2641, 18.6, 17.7, 18.15, 17.75, 6233, otc]
[2642, 46.4, 45.25, 46.25, 45.25, 310, tse]
[2643, 72.3, 71.2, 71.80, 72.20, 180, otc]
[2645, 113.5, 103.0, 103.00, 107.00, 13701, tse]
[2701, 15.35, 12.95, 13.00, 13.30, 27640, tse]
[2702, 27.45, 23.65, 23.95, 24.55, 15315, tse]
[2704, 48.0, 44.7, 45.95, 45.00, 9170, tse]
[2705, 21.75, 18.5, 18.65, 18.50, 57947, tse]
[2706, 18.9, 15.75, 15.75, 16.35, 38921, tse]
[2707, 295.0, 278.5, 285.00, 285.50, 8295, tse]
[2712, 41.1, 35.0, 35.80, 37.40, 7899, tse]
[2718, 48.0, 47.0, 48.00, 47.40, 318, otc]
[2719, 76.5, 55.6, 56.90, 66.40, 3401, otc]
[2722, 74.0, 54.7, 58.50, 68.10, 31124, tse]
[2723, 165.0, 154.0, 162.50, 154.00, 5418, tse]
[2724, 14.55, 13.0, 13.55, 13.35, 82, otc]
[2726, 28.65, 26.6, 27.30, 26.60, 752, otc]
[2727, 330.0, 310.5, 313.50, 323.50, 10226, tse]
[2729, 300.0, 272.5, 276.50, 272.50, 1890, otc]
[2731, 199.5, 180.0, 185.00, 181.50, 41609, tse]
[2732, 188.0, 174.5, 182.50, 174.50, 4810, otc]
[2734, 48.5, 40.85, 42.50, 43.05, 14981, otc]
[2736, 41.4, 28.0, 28.30, 38.85, 84561, otc]
[2739, 82.9, 64.0, 65.00, 73.10, 21369, tse]
[2740, 44.5, 41.8, 42.20, 41.80, 34, otc]
[2743, 127.0, 115.0, 116.00, 118.50, 5492, otc]
[2745, 77.5, 65.2, 65.20, 68.20, 6360, otc]
[2748, 102.0, 84.2, 85.90, 90.10, 71624, tse]
[2752, 260.5, 254.5, 255.00, 260.00, 41, otc]
[2753, 173.5, 165.5, 171.50, 167.00, 3094, tse]
[2754, 182.5, 167.5, 168.00, 176.50, 3140, otc]
[2755, 148.0, 141.5, 142.50, 142.00, 126, otc]
[2756, 142.5, 138.0, 138.00, 139.00, 94, otc]
[2801, 18.45, 18.05, 18.35, 18.10, 64817, tse]
[2809, 36.35, 35.1, 36.30, 35.30, 8957, tse]
[2812, 14.75, 14.5, 14.70, 14.60, 21750, tse]
[2816, 17.5, 16.95, 17.50, 16.95, 656, tse]
[2820, 15.6, 15.3, 15.45, 15.45, 2211, tse]
[2832, 22.5, 22.15, 22.30, 22.30, 1124, tse]
[2834, 14.3, 14.0, 14.25, 14.05, 64763, tse]
[2836, 12.55, 12.3, 12.50, 12.35, 4247, tse]
[2838, 16.85, 16.25, 16.80, 16.35, 4402, tse]
[2845, 11.45, 11.25, 11.40, 11.30, 16764, tse]
[2849, 15.4, 15.05, 15.05, 15.15, 461, tse]
[2850, 52.9, 52.0, 52.20, 52.20, 571, tse]
[2851, 20.2, 19.45, 19.50, 19.75, 13178, tse]
[2852, 16.05, 15.8, 16.00, 15.85, 690, tse]
[2855, 17.2, 16.7, 16.70, 17.05, 5017, tse]
[2867, 5.3, 5.12, 5.19, 5.17, 49097, tse]
[2880, 22.8, 22.1, 22.70, 22.25, 47310, tse]
[2881, 62.2, 59.8, 61.60, 60.50, 61297, tse]
[2882, 45.5, 43.75, 45.15, 43.90, 96923, tse]
[2883, 13.4, 12.85, 13.20, 12.85, 231939, tse]
[2884, 26.4, 25.65, 26.20, 25.75, 78602, tse]
[2885, 23.65, 23.05, 23.45, 23.50, 66288, tse]
[2886, 36.2, 35.35, 36.00, 36.15, 116679, tse]
[2887, 18.75, 18.2, 18.45, 18.35, 81857, tse]
[2888, 8.7, 8.38, 8.66, 8.42, 162110, tse]
[2889, 12.7, 12.25, 12.40, 12.55, 24084, tse]
[2890, 17.45, 17.0, 17.25, 17.10, 91104, tse]
[2891, 24.7, 23.85, 24.40, 24.10, 135683, tse]
[2892, 28.15, 27.55, 28.00, 27.75, 69212, tse]
[2897, 10.4, 10.15, 10.20, 10.20, 24836, tse]
[2901, 29.35, 25.0, 25.20, 27.00, 1307, tse]
[2903, 24.45, 23.9, 24.25, 24.25, 8334, tse]
[2904, 20.4, 20.0, 20.40, 20.15, 213, tse]
[2905, 15.5, 15.1, 15.20, 15.20, 1421, tse]
[2906, 17.35, 15.8, 16.55, 16.45, 5092, tse]
[2908, 21.15, 20.85, 21.15, 21.00, 2915, tse]
[2910, 30.3, 29.65, 29.85, 29.75, 39, tse]
[2911, 7.25, 7.12, 7.12, 7.13, 647, tse]
[2912, 289.5, 278.0, 288.50, 280.00, 5924, tse]
[2913, 22.9, 21.9, 22.35, 22.00, 37609, tse]
[2915, 57.6, 55.8, 56.30, 55.90, 9900, tse]
[2916, 46.55, 42.5, 42.50, 43.25, 3283, otc]
[2923, 25.75, 23.95, 25.50, 24.25, 271, tse]
[2924, 30.15, 24.6, 29.35, 27.00, 57, otc]
[2926, 63.8, 62.7, 63.20, 62.90, 62, otc]
[2929, 13.4, 12.6, 12.75, 12.60, 2502, tse]
[2937, 34.45, 32.55, 32.80, 34.45, 191, otc]
[2939, 33.5, 32.25, 33.50, 33.15, 802, tse]
[2945, 43.0, 41.95, 42.80, 43.00, 85, tse]
[2947, 92.5, 90.5, 92.50, 92.10, 36, otc]
[3002, 13.4, 12.55, 12.85, 12.95, 1719, tse]
[3003, 81.4, 77.6, 78.60, 78.10, 11544, tse]
[3004, 108.5, 97.0, 97.50, 103.00, 11057, tse]
[3005, 69.6, 65.0, 65.00, 67.40, 40451, tse]
[3006, 84.9, 80.1, 82.00, 82.90, 27925, tse]
[3008, 2280.0, 2200.0, 2,260.00, 2,220.00, 1820, tse]
[3010, 86.7, 84.8, 84.80, 86.30, 1245, tse]
[3011, 29.25, 26.15, 28.65, 26.60, 9851, tse]
[3013, 23.7, 20.6, 20.65, 23.35, 37027, tse]
[3014, 114.0, 106.0, 106.50, 110.50, 13559, tse]
[3015, 51.2, 48.8, 48.80, 49.95, 2542, tse]
[3016, 64.4, 63.0, 63.60, 63.00, 1763, tse]
[3017, 212.5, 179.5, 183.00, 208.00, 82240, tse]
[3019, 64.9, 63.8, 64.40, 64.00, 2333, tse]
[3021, 22.15, 21.4, 21.45, 21.45, 378, tse]
[3022, 94.2, 89.2, 92.90, 89.50, 16035, tse]
[3023, 357.5, 346.5, 353.00, 350.00, 2288, tse]
[3024, 15.65, 14.1, 14.10, 14.80, 13747, tse]
[3025, 40.6, 35.15, 36.50, 40.60, 111346, tse]
[3026, 104.0, 102.5, 103.50, 103.50, 790, tse]
[3027, 42.5, 39.5, 40.80, 39.55, 11282, tse]
[3028, 34.5, 33.45, 33.70, 34.05, 2922, tse]
[3029, 67.9, 61.1, 62.20, 65.60, 51726, tse]
[3030, 64.3, 63.4, 63.60, 63.60, 1379, tse]
[3031, 19.35, 18.75, 18.75, 18.85, 783, tse]
[3032, 57.2, 53.1, 54.00, 55.40, 30236, tse]
[3033, 30.8, 30.4, 30.45, 30.70, 5392, tse]
[3034, 421.0, 400.0, 408.50, 416.50, 20241, tse]
[3035, 176.5, 166.0, 173.00, 168.50, 50120, tse]
[3036, 67.4, 66.1, 66.20, 66.60, 3411, tse]
[3037, 193.0, 160.5, 168.50, 185.50, 224008, tse]
[3038, 34.3, 31.55, 32.80, 32.90, 50027, tse]
[3040, 31.9, 31.35, 31.85, 31.65, 86, tse]
[3041, 21.1, 18.5, 18.55, 19.35, 16609, tse]
[3042, 89.4, 86.8, 86.80, 88.60, 5030, tse]
[3043, 39.7, 36.25, 37.50, 36.25, 2310, tse]
[3044, 130.0, 117.0, 127.00, 117.00, 31530, tse]
[3045, 104.0, 102.0, 104.00, 103.00, 24203, tse]
[3046, 87.4, 80.1, 82.10, 80.30, 23950, tse]
[3047, 15.4, 14.95, 15.05, 15.00, 7729, tse]
[3048, 28.45, 26.85, 26.95, 27.85, 4066, tse]
[3049, 9.85, 9.62, 9.63, 9.62, 5555, tse]
[3050, 16.35, 15.45, 15.45, 15.50, 4431, tse]
[3051, 18.6, 17.4, 17.55, 17.90, 2750, tse]
[3052, 12.45, 11.75, 11.90, 11.75, 4209, tse]
[3054, 19.5, 18.8, 19.00, 19.25, 112, tse]
[3055, 32.0, 29.7, 29.85, 29.70, 3242, tse]
[3056, 49.15, 48.0, 48.00, 48.55, 9519, tse]
[3057, 11.7, 11.45, 11.50, 11.50, 532, tse]
[3058, 29.6, 26.8, 27.95, 27.00, 33319, tse]
[3059, 35.0, 33.85, 34.05, 33.85, 4875, tse]
[3060, 17.15, 16.85, 16.95, 16.95, 933, tse]
[3062, 22.65, 21.85, 22.05, 21.90, 6491, tse]
[3064, 13.3, 13.3, 13.30, 13.30, 2, otc]
[3066, 22.5, 21.25, 21.25, 21.55, 225, otc]
[3067, 39.1, 35.1, 35.10, 38.70, 8, otc]
[3071, 35.6, 31.6, 31.80, 33.95, 26115, otc]
[3078, 61.5, 55.5, 55.50, 56.80, 93483, otc]
[3081, 108.0, 103.0, 104.00, 103.50, 8168, otc]
[3083, 46.7, 45.0, 45.50, 45.15, 1009, otc]
[3085, 21.8, 19.65, 21.00, 20.80, 94, otc]
[3086, 71.6, 70.6, 71.30, 71.00, 27, otc]
[3088, 83.3, 78.8, 79.00, 78.90, 9738, otc]
[3089, 73.9, 68.8, 72.90, 70.50, 267, otc]
[3090, 57.6, 56.8, 57.20, 57.20, 1691, tse]
[3092, 36.4, 35.15, 35.40, 35.25, 1109, tse]
[3093, 36.9, 35.25, 35.85, 35.30, 1437, otc]
[3094, 36.2, 33.85, 35.40, 33.85, 11182, tse]
[3095, 22.2, 21.3, 21.40, 22.20, 14, otc]
[3105, 157.0, 147.0, 155.00, 155.00, 18516, otc]
[3114, 26.75, 26.4, 26.60, 26.70, 226, otc]
[3115, 10.7, 10.1, 10.40, 10.40, 113, otc]
[3118, 31.7, 30.95, 31.40, 31.25, 180, otc]
[3122, 25.3, 24.15, 24.70, 24.25, 606, otc]
[3128, 39.2, 36.9, 38.10, 37.05, 1681, otc]
[3130, 216.5, 214.0, 214.00, 216.50, 62, tse]
[3131, 471.5, 377.0, 379.50, 471.50, 7790, otc]
[3138, 153.5, 147.0, 147.50, 149.00, 1071, tse]
[3141, 103.0, 97.3, 98.00, 101.00, 7022, otc]
[3147, 66.2, 62.7, 64.00, 63.10, 1615, otc]
[3149, 15.35, 14.1, 14.10, 14.55, 4381, tse]
[3152, 216.0, 203.0, 216.00, 206.00, 322, otc]
[3162, 56.9, 52.5, 53.50, 52.60, 15383, otc]
[3163, 68.1, 59.4, 60.10, 65.90, 55831, otc]
[3164, 27.5, 25.95, 27.00, 26.15, 1097, tse]
[3167, 42.75, 41.0, 42.50, 42.40, 184, tse]
[3169, 125.0, 117.0, 117.00, 122.00, 3000, otc]
[3171, 19.6, 18.1, 18.15, 18.60, 634, otc]
[3176, 34.0, 32.95, 32.95, 33.00, 523, otc]
[3178, 106.5, 85.6, 85.60, 96.80, 26733, otc]
[3188, 15.75, 14.9, 14.90, 15.10, 2165, otc]
[3189, 117.0, 109.0, 111.00, 115.50, 32364, tse]
[3191, 9.5, 9.0, 9.02, 9.00, 470, otc]
[3202, 20.4, 19.05, 19.95, 19.80, 19543, otc]
[3205, 53.3, 41.9, 41.90, 49.00, 15969, otc]
[3206, 37.15, 35.7, 35.70, 36.50, 1547, otc]
[3207, 83.4, 76.5, 82.30, 76.50, 13016, otc]
[3209, 42.0, 41.4, 41.60, 41.55, 3801, tse]
[3211, 77.8, 76.8, 76.80, 77.40, 1039, otc]
[3213, 54.0, 52.8, 53.50, 53.10, 458, otc]
[3217, 108.5, 105.0, 107.00, 105.50, 2392, otc]
[3218, 414.0, 387.5, 399.50, 388.00, 1950, otc]
[3219, 53.9, 50.7, 53.90, 51.00, 51, otc]
[3221, 28.95, 28.15, 28.15, 28.45, 1881, otc]
[3224, 54.3, 51.3, 53.00, 51.60, 3852, otc]
[3226, 60.3, 58.4, 58.40, 60.30, 19, otc]
[3227, 110.0, 106.5, 106.50, 108.50, 2386, otc]
[3228, 172.0, 161.5, 170.50, 163.50, 3447, otc]
[3229, 19.65, 18.9, 19.65, 19.30, 181, tse]
[3230, 15.0, 14.6, 14.75, 14.70, 510, otc]
[3231, 67.8, 52.2, 52.80, 65.00, 699773, tse]
[3232, 31.55, 27.6, 28.90, 28.70, 10632, otc]
[3234, 22.5, 21.35, 22.20, 22.10, 1942, otc]
[3236, 29.35, 28.2, 28.90, 28.30, 1827, otc]
[3252, 25.3, 18.5, 18.75, 21.80, 19089, otc]
[3257, 69.2, 66.9, 67.10, 67.50, 1014, tse]
[3259, 22.35, 19.5, 19.50, 21.30, 2601, otc]
[3260, 78.3, 75.3, 77.50, 77.00, 11014, otc]
[3264, 57.8, 54.0, 54.80, 57.40, 27333, otc]
[3265, 67.4, 57.6, 57.80, 67.40, 21321, otc]
[3266, 13.15, 12.85, 12.85, 13.00, 300, tse]
[3268, 22.8, 20.65, 21.00, 22.00, 408, otc]
[3272, 43.7, 41.85, 42.65, 42.00, 1239, otc]
[3276, 14.8, 14.2, 14.40, 14.25, 612, otc]
[3284, 16.2, 15.75, 16.20, 15.85, 373, otc]
[3285, 20.5, 19.9, 19.95, 20.30, 115, otc]
[3287, 18.8, 15.25, 15.45, 18.20, 4563, otc]
[3288, 24.65, 22.2, 22.55, 23.65, 92, otc]
[3289, 85.4, 81.5, 81.50, 84.10, 6241, otc]
[3290, 30.3, 27.9, 28.00, 28.70, 11539, otc]
[3293, 560.0, 544.0, 547.00, 550.00, 2140, otc]
[3294, 18.2, 17.9, 18.00, 17.95, 2261, otc]
[3296, 16.8, 16.15, 16.60, 16.25, 2082, tse]
[3297, 17.45, 16.85, 16.90, 17.00, 269, otc]
[3303, 27.2, 26.7, 26.70, 27.10, 578, otc]
[3305, 49.95, 47.95, 49.30, 48.00, 1580, tse]
[3306, 30.15, 27.05, 27.35, 29.25, 6793, otc]
[3308, 40.15, 35.0, 36.45, 35.20, 8986, tse]
[3310, 74.8, 66.6, 66.60, 72.00, 605, otc]
[3311, 34.45, 34.15, 34.30, 34.30, 92, tse]
[3312, 21.7, 21.15, 21.15, 21.40, 2074, tse]
[3313, 10.45, 10.15, 10.35, 10.30, 332, otc]
[3317, 53.3, 52.0, 52.50, 52.00, 908, otc]
[3321, 6.29, 5.83, 5.83, 5.90, 736, tse]
[3322, 20.35, 19.55, 19.80, 19.60, 2948, otc]
[3323, 33.8, 32.65, 32.65, 33.05, 660, otc]
[3324, 283.0, 244.5, 262.00, 279.00, 42451, otc]
[3325, 26.4, 19.6, 19.60, 24.90, 41592, otc]
[3332, 49.0, 47.3, 47.60, 48.20, 85, otc]
[3338, 48.95, 45.9, 46.55, 48.25, 7110, tse]
[3339, 14.7, 13.05, 13.30, 13.85, 2136, otc]
[3346, 42.75, 40.5, 40.60, 40.50, 5725, tse]
[3349, 15.5, 14.15, 14.25, 15.05, 234, otc]
[3354, 14.15, 13.85, 14.00, 13.90, 136, otc]
[3356, 41.2, 39.35, 40.25, 39.35, 4215, tse]
[3357, 103.0, 100.5, 102.00, 102.50, 366, otc]
[3360, 13.75, 13.55, 13.55, 13.65, 359, otc]
[3362, 99.9, 93.6, 97.20, 93.90, 11093, otc]
[3363, 43.35, 38.95, 40.80, 41.10, 111351, otc]
[3372, 12.3, 11.8, 11.90, 11.95, 1148, otc]
[3373, 24.15, 22.0, 22.20, 22.70, 1127, otc]
[3374, 107.0, 99.8, 100.00, 104.50, 4424, otc]
[3376, 93.3, 90.6, 92.50, 90.90, 1982, tse]
[3379, 12.65, 12.1, 12.50, 12.65, 193, otc]
[3380, 37.15, 35.55, 36.50, 35.90, 8687, tse]
[3388, 74.0, 73.4, 73.60, 73.40, 121, otc]
[3390, 17.85, 17.4, 17.55, 17.55, 515, otc]
[3402, 50.8, 50.0, 50.20, 50.60, 576, otc]
[3406, 399.0, 385.5, 387.00, 389.00, 5968, tse]
[3413, 193.0, 187.0, 187.00, 190.50, 1768, tse]
[3416, 119.5, 112.0, 116.50, 112.00, 1710, tse]
[3419, 22.65, 19.8, 19.85, 21.05, 25269, tse]
[3426, 39.65, 39.55, 39.60, 39.65, 16, otc]
[3430, 47.1, 46.2, 46.25, 46.75, 345, otc]
[3432, 13.05, 12.45, 12.45, 12.55, 1266, tse]
[3434, 29.0, 27.5, 27.70, 27.50, 276, otc]
[3437, 19.2, 18.6, 18.70, 19.00, 753, tse]
[3438, 68.9, 62.5, 63.00, 66.80, 5461, otc]
[3441, 43.9, 41.65, 43.05, 41.65, 1594, otc]
[3443, 1465.0, 1220.0, 1,310.00, 1,435.00, 32650, tse]
[3444, 75.8, 69.5, 71.80, 73.90, 12574, otc]
[3447, 49.7, 47.0, 47.95, 47.00, 1408, tse]
[3450, 37.45, 36.35, 36.60, 36.55, 714, tse]
[3454, 202.0, 179.0, 190.00, 180.00, 13466, tse]
[3455, 85.4, 83.8, 84.30, 84.40, 824, otc]
[3465, 90.0, 87.5, 90.00, 88.40, 243, otc]
[3466, 30.45, 28.4, 30.10, 28.75, 2808, otc]
[3479, 132.5, 121.0, 126.50, 124.00, 17773, otc]
[3481, 14.1, 13.5, 13.80, 13.65, 231901, tse]
[3483, 76.3, 72.0, 72.30, 72.70, 11680, otc]
[3484, 47.0, 43.85, 43.85, 45.15, 2345, otc]
[3489, 12.1, 11.35, 11.40, 11.40, 680, otc]
[3490, 25.8, 25.2, 25.35, 25.20, 287, otc]
[3491, 177.5, 169.0, 172.00, 170.00, 8492, otc]
[3492, 20.0, 19.25, 19.70, 19.35, 288, otc]
[3494, 8.19, 6.9, 6.98, 7.56, 2162, tse]
[3498, 37.5, 32.2, 32.85, 34.60, 4064, otc]
[3499, 21.0, 20.0, 20.10, 20.00, 2278, otc]
[3501, 55.9, 54.9, 55.40, 55.00, 844, tse]
[3504, 82.1, 78.6, 80.00, 78.60, 2356, tse]
[3508, 35.95, 31.1, 31.10, 35.20, 4671, otc]
[3511, 35.8, 31.7, 31.90, 34.65, 4344, otc]
[3512, 32.6, 31.95, 31.95, 32.40, 181, otc]
[3515, 156.5, 137.0, 137.00, 152.00, 11027, tse]
[3516, 18.5, 16.9, 16.95, 17.65, 212, otc]
[3518, 31.95, 30.05, 30.15, 30.80, 2365, tse]
[3520, 20.4, 18.9, 18.90, 19.40, 2984, otc]
[3521, 24.3, 23.0, 23.15, 23.40, 1839, otc]
[3522, 20.2, 16.4, 17.15, 18.20, 4244, otc]
[3523, 16.55, 15.0, 15.00, 15.60, 54, otc]
[3526, 145.0, 136.0, 136.00, 144.50, 1161, otc]
[3527, 111.0, 106.0, 107.50, 107.00, 623, otc]
[3528, 60.1, 58.1, 58.90, 59.00, 477, tse]
[3529, 1950.0, 1800.0, 1,940.00, 1,855.00, 3005, otc]
[3530, 81.0, 78.9, 80.10, 79.50, 290, tse]
[3531, 27.25, 26.6, 27.10, 27.10, 37, otc]
[3532, 155.0, 149.5, 150.50, 153.00, 3694, tse]
[3533, 980.0, 887.0, 934.00, 916.00, 4963, tse]
[3535, 20.5, 19.6, 19.60, 19.80, 1036, tse]
[3537, 39.3, 38.55, 38.60, 38.70, 803, otc]
[3540, 52.9, 44.1, 44.10, 52.70, 25922, otc]
[3541, 59.1, 58.1, 58.60, 58.30, 401, otc]
[3543, 22.3, 21.35, 21.55, 21.50, 330, tse]
[3545, 84.2, 80.6, 81.90, 81.70, 13335, tse]
[3546, 91.0, 87.0, 87.00, 87.80, 2489, otc]
[3548, 74.5, 71.7, 71.90, 72.00, 3621, otc]
[3550, 15.95, 15.55, 15.75, 15.70, 276, tse]
[3551, 64.5, 61.8, 63.80, 62.40, 527, otc]
[3552, 151.5, 145.5, 145.50, 146.50, 2322, otc]
[3555, 27.05, 26.05, 26.45, 26.85, 21, otc]
[3556, 67.3, 66.0, 66.00, 66.30, 761, otc]
[3557, 74.3, 69.0, 69.00, 70.00, 1816, tse]
[3558, 294.0, 243.0, 287.00, 246.50, 17976, otc]
[3563, 221.0, 209.5, 210.00, 210.00, 2525, tse]
[3564, 37.7, 33.8, 34.10, 36.00, 1781, otc]
[3567, 31.5, 30.0, 30.10, 30.75, 433, otc]
[3570, 147.5, 142.0, 146.00, 144.50, 457, otc]
[3576, 20.5, 19.95, 20.10, 20.00, 24198, tse]
[3577, 77.5, 74.3, 76.60, 74.30, 331, otc]
[3580, 56.0, 54.0, 54.90, 54.20, 583, otc]
[3581, 23.05, 22.7, 22.70, 22.95, 191, otc]
[3583, 107.5, 94.8, 101.00, 104.50, 12193, tse]
[3587, 217.0, 183.5, 185.00, 214.50, 7839, otc]
[3588, 55.0, 53.0, 53.30, 53.10, 910, tse]
[3591, 27.15, 23.9, 24.20, 23.90, 35650, tse]
[3592, 347.5, 336.0, 336.00, 340.50, 2023, tse]
[3593, 13.2, 12.65, 12.80, 12.80, 137, tse]
[3594, 55.6, 49.65, 50.20, 54.90, 13758, otc]
[3596, 117.0, 109.0, 112.50, 114.50, 14094, tse]
[3597, 26.25, 25.4, 26.10, 25.60, 78, otc]
[3605, 29.6, 28.95, 29.10, 29.00, 674, tse]
[3607, 15.7, 14.75, 15.00, 15.10, 3945, tse]
[3609, 48.45, 46.35, 47.25, 47.00, 68, otc]
[3611, 239.0, 228.5, 237.50, 229.00, 348, otc]
[3615, 20.85, 19.1, 20.00, 20.15, 3439, otc]
[3617, 212.5, 172.0, 176.50, 193.50, 14785, tse]
[3622, 33.5, 31.45, 31.45, 32.25, 1764, tse]
[3623, 17.15, 16.25, 16.50, 16.35, 257, otc]
[3624, 64.4, 61.9, 62.50, 61.90, 5468, otc]
[3625, 15.8, 14.0, 14.20, 15.80, 3829, otc]
[3628, 57.2, 52.3, 53.30, 53.30, 4244, otc]
[3629, 79.0, 66.6, 77.10, 66.80, 147, otc]
[3630, 31.4, 29.5, 30.20, 30.80, 2653, otc]
[3631, 31.95, 30.9, 31.55, 31.15, 64, otc]
[3632, 16.0, 15.3, 15.90, 15.30, 156, otc]
[3645, 35.45, 34.3, 34.30, 35.10, 2028, tse]
[3646, 38.5, 30.35, 30.35, 32.85, 10529, otc]
[3652, 30.95, 28.8, 30.20, 28.95, 2310, tse]
[3653, 615.0, 530.0, 532.00, 598.00, 9693, tse]
[3661, 1670.0, 1505.0, 1,575.00, 1,510.00, 28471, tse]
[3663, 33.5, 30.9, 31.55, 32.00, 1286, otc]
[3664, 40.8, 29.2, 38.20, 30.15, 6815, otc]
[3665, 269.0, 259.5, 260.00, 267.00, 2919, tse]
[3666, 24.8, 22.3, 22.70, 22.65, 3367, otc]
[3669, 42.6, 41.25, 41.40, 41.70, 338, tse]
[3672, 28.9, 27.4, 28.25, 27.75, 468, otc]
[3673, 42.3, 40.65, 40.70, 41.00, 21804, tse]
[3675, 352.5, 317.0, 317.50, 329.00, 13418, otc]
[3679, 93.4, 92.1, 92.50, 93.00, 223, tse]
[3680, 393.0, 363.5, 374.50, 375.00, 14477, otc]
[3682, 6.83, 6.67, 6.77, 6.70, 8278, tse]
[3684, 62.0, 60.2, 60.90, 61.00, 103, otc]
[3685, 20.6, 20.0, 20.25, 20.25, 265, otc]
[3686, 15.2, 14.85, 14.90, 14.90, 691, tse]
[3687, 87.2, 81.7, 82.80, 82.80, 736, otc]
[3689, 41.5, 39.9, 39.90, 40.40, 3017, otc]
[3691, 103.0, 100.0, 101.00, 100.50, 636, otc]
[3693, 235.5, 192.0, 195.00, 210.50, 24996, otc]
[3694, 28.75, 26.3, 26.70, 26.30, 5380, tse]
[3701, 71.9, 62.6, 63.60, 63.10, 39003, tse]
[3702, 53.0, 51.5, 52.00, 52.40, 28078, tse]
[3703, 31.0, 30.4, 30.65, 30.55, 7104, tse]
[3704, 44.0, 42.0, 42.15, 42.20, 29004, tse]
[3705, 47.65, 45.4, 45.40, 46.20, 6018, tse]
[3706, 30.65, 29.05, 30.65, 29.25, 44738, tse]
[3707, 79.8, 77.0, 78.00, 77.00, 7898, otc]
[3708, 98.6, 94.5, 94.70, 96.60, 4185, tse]
[3709, 22.2, 21.5, 21.95, 21.75, 192, otc]
[3710, 11.7, 11.35, 11.40, 11.50, 3920, otc]
[3711, 112.0, 108.0, 109.50, 110.50, 129093, tse]
[3712, 38.15, 36.4, 36.80, 36.50, 7491, tse]
[3713, 26.5, 25.35, 26.35, 25.60, 263, otc]
[3714, 50.1, 48.6, 48.60, 49.30, 7213, tse]
[3715, 28.45, 26.8, 26.90, 27.05, 50773, tse]
[4102, 34.2, 31.25, 31.25, 34.20, 9314, otc]
[4104, 93.5, 90.5, 91.60, 90.60, 2003, tse]
[4105, 76.5, 74.9, 76.00, 75.10, 2372, otc]
[4106, 31.9, 30.5, 31.15, 30.55, 1500, tse]
[4107, 114.5, 113.0, 114.00, 113.50, 448, otc]
[4108, 22.0, 20.7, 20.75, 20.75, 2636, tse]
[4109, 15.3, 13.95, 15.30, 14.85, 2211, otc]
[4111, 30.0, 28.85, 28.85, 28.90, 3511, otc]
[4113, 16.55, 16.2, 16.20, 16.40, 1651, otc]
[4114, 46.8, 44.1, 44.40, 44.55, 16658, otc]
[4116, 61.7, 59.0, 59.00, 59.40, 812, otc]
[4119, 117.0, 113.0, 115.50, 113.00, 1649, tse]
[4120, 40.8, 37.85, 38.50, 37.90, 1061, otc]
[4121, 29.75, 27.15, 27.75, 27.55, 12465, otc]
[4123, 51.6, 49.85, 49.90, 50.10, 9611, otc]
[4126, 89.6, 86.6, 86.60, 87.20, 1262, otc]
[4127, 15.45, 14.85, 15.05, 15.30, 740, otc]
[4128, 60.2, 57.4, 58.60, 57.50, 9993, otc]
[4129, 64.3, 60.3, 61.40, 60.50, 8025, otc]
[4130, 31.95, 29.65, 30.30, 29.65, 14725, otc]
[4131, 29.55, 27.1, 28.85, 27.80, 130, otc]
[4133, 37.5, 35.2, 35.25, 35.85, 1716, tse]
[4137, 227.5, 212.0, 224.00, 213.50, 2724, tse]
[4138, 107.5, 99.8, 106.00, 102.00, 2033, otc]
[4139, 37.9, 37.3, 37.60, 37.45, 120, otc]
[4142, 38.95, 37.7, 37.85, 37.75, 4948, tse]
[4147, 114.5, 105.5, 108.00, 106.50, 14183, otc]
[4148, 58.7, 56.8, 56.80, 56.90, 695, tse]
[4153, 44.6, 40.65, 43.60, 40.65, 1415, otc]
[4154, 30.9, 29.0, 29.00, 30.90, 20, otc]
[4155, 37.45, 35.95, 36.00, 36.70, 7259, tse]
[4157, 15.4, 14.85, 14.90, 14.85, 3641, otc]
[4160, 47.0, 38.75, 44.70, 39.25, 2260, otc]
[4161, 36.1, 33.8, 35.10, 34.00, 2029, otc]
[4162, 100.5, 92.7, 94.00, 93.30, 6931, otc]
[4163, 141.5, 129.0, 131.00, 136.50, 5039, otc]
[4164, 69.0, 63.0, 67.20, 64.10, 7063, tse]
[4167, 17.85, 17.0, 17.20, 17.00, 4267, otc]
[4168, 31.85, 29.9, 29.90, 30.25, 3089, otc]
[4171, 55.5, 52.1, 52.40, 52.70, 784, otc]
[4173, 26.55, 23.55, 25.35, 23.65, 25393, otc]
[4174, 86.0, 83.5, 83.80, 83.80, 1185, otc]
[4175, 121.5, 108.5, 118.00, 108.50, 3991, otc]
[4183, 20.75, 19.8, 20.35, 20.50, 108, otc]
[4188, 16.7, 16.05, 16.25, 16.25, 181, otc]
[4190, 82.6, 79.1, 81.40, 79.10, 1666, tse]
[4192, 18.85, 18.05, 18.15, 18.05, 196, otc]
[4198, 25.15, 24.45, 24.90, 24.75, 13, otc]
[4205, 105.0, 104.0, 105.00, 104.00, 53, otc]
[4207, 15.3, 15.0, 15.00, 15.10, 1706, otc]
[4303, 21.5, 19.7, 19.85, 21.15, 2632, otc]
[4304, 9.69, 9.3, 9.51, 9.51, 106, otc]
[4305, 32.35, 32.0, 32.30, 32.05, 14, otc]
[4306, 16.65, 16.1, 16.45, 16.20, 5325, tse]
[4401, 27.85, 25.85, 27.80, 26.20, 215, otc]
[4402, 7.99, 6.81, 6.81, 7.50, 3136, otc]
[4406, 10.25, 10.05, 10.15, 10.15, 83, otc]
[4413, 15.75, 14.85, 15.30, 15.05, 50, otc]
[4416, 89.0, 85.2, 89.00, 88.10, 14, otc]
[4417, 44.2, 43.0, 43.10, 43.20, 1032, otc]
[4419, 27.75, 26.5, 27.00, 27.15, 70, otc]
[4420, 30.45, 29.7, 29.90, 29.75, 14, otc]
[4426, 22.8, 21.75, 21.75, 21.80, 1575, tse]
[4430, 23.8, 22.95, 22.95, 23.00, 98, otc]
[4432, 23.95, 22.75, 23.00, 23.90, 908, otc]
[4433, 34.65, 34.0, 34.65, 34.15, 268, otc]
[4438, 119.0, 117.0, 117.00, 117.00, 354, tse]
[4439, 128.0, 122.5, 128.00, 123.50, 176, tse]
[4440, 34.35, 32.95, 32.95, 33.60, 987, tse]
[4502, 37.0, 36.7, 36.70, 37.00, 110, otc]
[4503, 62.6, 57.2, 62.00, 59.80, 9036, otc]
[4506, 80.5, 75.4, 76.00, 77.70, 719, otc]
[4510, 14.0, 13.3, 13.55, 13.30, 2356, otc]
[4513, 20.45, 19.9, 20.15, 19.95, 788, otc]
[4523, 39.6, 37.4, 38.65, 37.65, 205, otc]
[4526, 17.0, 16.4, 16.45, 16.40, 847, tse]
[4527, 33.3, 32.45, 32.65, 32.55, 348, otc]
[4528, 35.1, 34.4, 34.40, 34.85, 194, otc]
[4529, 10.1, 9.9, 10.00, 9.96, 319, otc]
[4530, 7.04, 6.83, 7.01, 6.93, 62, otc]
[4532, 18.4, 18.05, 18.25, 18.10, 1249, tse]
[4533, 13.75, 12.9, 13.00, 13.05, 5876, otc]
[4534, 10.15, 9.7, 9.70, 10.00, 693, otc]
[4535, 40.25, 39.5, 40.05, 39.80, 158, otc]
[4536, 202.5, 187.0, 196.00, 190.00, 4560, tse]
[4538, 20.95, 20.45, 20.45, 20.90, 31, otc]
[4540, 41.9, 40.3, 40.70, 40.45, 273, tse]
[4541, 48.1, 42.45, 42.50, 43.20, 57447, otc]
[4542, 26.5, 24.9, 26.50, 25.95, 154, otc]
[4543, 34.5, 30.25, 30.45, 33.00, 20774, otc]
[4545, 31.05, 29.45, 29.55, 30.40, 240, tse]
[4549, 99.7, 98.0, 98.00, 98.40, 179, otc]
[4550, 28.8, 27.65, 27.90, 28.35, 1165, otc]
[4551, 134.0, 129.0, 131.00, 129.50, 1900, tse]
[4552, 35.2, 33.45, 33.50, 33.85, 2194, tse]
[4554, 31.5, 28.3, 29.55, 30.25, 714, otc]
[4555, 50.8, 48.5, 49.65, 49.85, 241, tse]
[4556, 30.2, 29.65, 30.20, 30.00, 38, otc]
[4557, 120.5, 115.5, 118.50, 116.00, 495, tse]
[4558, 29.0, 28.05, 28.55, 28.35, 43, otc]
[4560, 40.0, 39.3, 39.55, 39.45, 329, tse]
[4561, 24.4, 23.4, 23.60, 23.80, 149, otc]
[4562, 17.45, 16.8, 17.10, 16.95, 546, tse]
[4563, 40.9, 39.0, 39.40, 39.00, 830, otc]
[4564, 33.1, 23.1, 23.30, 30.30, 101830, tse]
[4566, 56.6, 54.2, 54.40, 54.20, 4377, tse]
[4568, 59.1, 57.5, 57.80, 57.90, 28, otc]
[4571, 79.6, 77.7, 78.80, 78.10, 138, tse]
[4572, 177.0, 160.5, 161.00, 163.00, 8094, tse]
[4576, 77.6, 75.9, 76.50, 77.00, 124, tse]
[4577, 31.15, 30.7, 30.90, 30.70, 143, otc]
[4580, 94.5, 92.1, 94.00, 92.20, 298, otc]
[4581, 68.0, 61.6, 65.20, 62.20, 1959, tse]
[4583, 201.0, 192.5, 199.50, 196.00, 162, tse]
[4584, 50.0, 47.5, 47.50, 48.50, 38, otc]
[4609, 8.31, 7.61, 8.00, 8.09, 204, otc]
[4702, 14.75, 13.8, 14.05, 13.85, 1140, otc]
[4706, 20.1, 17.25, 17.30, 19.00, 2147, otc]
[4707, 12.9, 12.7, 12.85, 12.85, 1172, otc]
[4711, 17.5, 16.7, 17.30, 16.80, 641, otc]
[4712, 4.64, 4.08, 4.08, 4.63, 97, otc]
[4714, 12.35, 12.1, 12.25, 12.15, 1628, otc]
[4716, 13.05, 12.8, 12.85, 12.90, 787, otc]
[4720, 15.2, 14.85, 15.10, 14.90, 816, tse]
[4721, 97.5, 94.5, 95.00, 95.50, 1618, otc]
[4722, 36.85, 35.9, 36.30, 36.50, 665, tse]
[4726, 39.3, 37.85, 38.20, 38.80, 1797, otc]
[4728, 256.5, 227.5, 236.50, 230.00, 1672, otc]
[4729, 18.65, 17.9, 17.95, 18.00, 1155, otc]
[4735, 38.45, 37.9, 38.00, 38.05, 145, otc]
[4736, 189.5, 179.0, 179.50, 182.00, 2984, otc]
[4737, 80.5, 77.2, 79.00, 77.30, 309, tse]
[4739, 90.3, 87.5, 88.20, 87.70, 2251, tse]
[4741, 34.75, 32.2, 34.75, 32.20, 1165, otc]
[4743, 234.0, 218.5, 223.50, 220.50, 12509, otc]
[4744, 45.25, 42.3, 43.00, 42.95, 19029, otc]
[4745, 28.6, 28.1, 28.20, 28.15, 226, otc]
[4746, 94.3, 83.5, 85.60, 83.80, 31898, tse]
[4747, 62.9, 58.1, 58.10, 59.80, 2599, otc]
[4754, 41.55, 40.5, 40.90, 40.60, 155, otc]
[4755, 133.5, 129.5, 131.50, 130.50, 877, tse]
[4760, 81.6, 76.0, 76.70, 77.70, 624, otc]
[4763, 605.0, 553.0, 577.00, 556.00, 25270, tse]
[4764, 51.2, 50.2, 50.90, 50.30, 70, tse]
[4766, 176.0, 166.5, 174.50, 169.00, 1757, tse]
[4767, 28.15, 27.05, 27.30, 28.10, 72, otc]
[4768, 194.5, 181.5, 184.50, 193.00, 3541, otc]
[4770, 291.5, 278.5, 290.00, 285.00, 1687, tse]
[4804, 6.08, 4.47, 4.55, 6.00, 1606, otc]
[4807, 21.0, 19.65, 20.20, 20.00, 300, tse]
[4903, 21.7, 20.15, 20.20, 21.20, 1250, otc]
[4904, 79.1, 76.9, 78.90, 78.00, 28502, tse]
[4905, 57.0, 51.0, 51.20, 51.40, 120, otc]
[4906, 30.9, 30.15, 30.25, 30.30, 11569, tse]
[4907, 37.35, 35.85, 35.85, 36.95, 270, otc]
[4908, 40.75, 38.65, 39.50, 39.75, 5916, otc]
[4909, 21.95, 19.35, 19.50, 20.00, 7847, otc]
[4911, 79.0, 73.7, 75.30, 78.00, 1291, otc]
[4912, 72.1, 68.8, 72.10, 69.20, 116, tse]
[4915, 65.2, 62.3, 63.60, 64.10, 27178, tse]
[4916, 36.5, 33.0, 33.45, 33.10, 20690, tse]
[4919, 128.5, 124.0, 126.50, 125.50, 18719, tse]
[4923, 50.3, 49.5, 50.00, 49.55, 366, otc]
[4924, 13.25, 12.65, 12.80, 13.10, 265, otc]
[4927, 62.7, 60.0, 60.50, 60.80, 7600, tse]
[4930, 25.95, 25.35, 25.60, 25.45, 450, tse]
[4931, 49.5, 46.8, 47.15, 46.85, 17370, otc]
[4933, 34.55, 34.05, 34.25, 34.35, 210, otc]
[4934, 30.25, 29.35, 29.50, 29.35, 3928, tse]
[4935, 58.0, 55.5, 55.60, 57.50, 410, tse]
[4938, 74.7, 72.6, 73.20, 74.50, 25229, tse]
[4939, 17.5, 16.95, 16.95, 17.05, 853, otc]
[4942, 39.3, 38.8, 39.00, 39.00, 459, tse]
[4943, 14.8, 13.45, 13.45, 14.40, 222, tse]
[4944, 9.39, 9.1, 9.18, 9.30, 163, otc]
[4945, 53.3, 51.7, 52.40, 51.80, 153, otc]
[4946, 25.35, 24.0, 24.15, 24.95, 153, otc]
[4950, 21.35, 19.75, 19.85, 20.80, 25377, otc]
[4951, 72.7, 67.5, 70.10, 67.60, 1252, otc]
[4952, 56.1, 54.3, 55.30, 54.40, 983, tse]
[4953, 123.5, 115.5, 116.50, 117.00, 7363, otc]
[4956, 16.2, 15.65, 16.20, 15.80, 557, tse]
[4958, 114.5, 111.0, 112.50, 114.00, 15341, tse]
[4960, 11.75, 11.1, 11.50, 11.15, 8697, tse]
[4961, 157.0, 151.0, 154.00, 152.00, 7255, tse]
[4966, 999.0, 929.0, 942.00, 963.00, 3717, otc]
[4967, 59.7, 56.5, 58.50, 57.00, 19081, tse]
[4968, 174.5, 161.0, 169.50, 161.00, 21193, tse]
[4971, 59.5, 55.9, 56.10, 57.20, 520, otc]
[4972, 29.35, 29.0, 29.10, 29.05, 166, otc]
[4973, 27.4, 26.3, 26.65, 26.45, 2038, otc]
[4974, 69.2, 68.0, 68.00, 68.90, 575, otc]
[4976, 44.7, 42.2, 44.45, 42.30, 2583, tse]
[4977, 108.0, 100.5, 103.00, 103.00, 18130, tse]
[4979, 51.7, 45.6, 46.50, 51.40, 51647, otc]
[4987, 63.5, 62.9, 63.30, 63.30, 67, otc]
[4989, 26.9, 25.95, 25.95, 26.40, 465, tse]
[4991, 29.8, 28.8, 29.10, 29.10, 123, otc]
[4994, 49.0, 44.65, 48.45, 44.75, 856, tse]
[4995, 52.1, 49.9, 49.90, 51.10, 1213, otc]
[4999, 37.55, 37.2, 37.45, 37.30, 317, tse]
[5007, 53.7, 52.5, 53.60, 53.10, 654, tse]
[5009, 57.2, 50.8, 51.70, 54.10, 109513, otc]
[5011, 27.35, 26.5, 26.60, 26.55, 1455, otc]
[5013, 33.95, 32.6, 33.30, 33.80, 38, otc]
[5014, 16.15, 15.7, 15.80, 15.70, 1685, otc]
[5015, 52.4, 51.7, 51.90, 52.10, 413, otc]
[5016, 29.95, 29.6, 29.60, 29.70, 52, otc]
[5201, 31.85, 29.35, 30.10, 29.70, 1615, otc]
[5202, 16.35, 15.3, 15.30, 15.85, 1041, otc]
[5203, 95.0, 91.2, 92.10, 91.40, 1454, tse]
[5205, 38.45, 36.1, 36.10, 37.95, 24, otc]
[5206, 22.2, 21.4, 21.75, 21.45, 1154, otc]
[5209, 198.0, 184.5, 186.00, 186.50, 1782, otc]
[5210, 16.2, 15.65, 16.05, 16.00, 758, otc]
[5211, 30.5, 28.35, 29.70, 28.40, 2118, otc]
[5212, 48.95, 47.3, 48.25, 47.50, 166, otc]
[5213, 28.0, 26.9, 27.00, 27.85, 1609, otc]
[5215, 47.65, 46.6, 47.00, 46.65, 249, tse]
[5220, 30.45, 30.0, 30.05, 30.00, 218, otc]
[5222, 208.5, 193.0, 196.00, 193.50, 12873, tse]
[5223, 39.25, 38.25, 38.75, 38.60, 108, otc]
[5225, 51.2, 46.75, 51.20, 46.75, 10706, tse]
[5227, 74.2, 70.8, 74.00, 70.80, 3604, otc]
[5228, 21.95, 21.25, 21.30, 21.55, 110, otc]
[5230, 21.8, 21.45, 21.45, 21.65, 408, otc]
[5234, 101.0, 96.5, 97.10, 97.60, 1844, tse]
[5236, 101.5, 90.5, 91.50, 98.20, 2131, otc]
[5243, 89.8, 77.7, 80.00, 82.60, 96747, tse]
[5244, 33.25, 30.8, 30.80, 31.85, 529, tse]
[5245, 50.0, 48.2, 48.80, 48.35, 301, otc]
[5251, 21.1, 20.25, 20.75, 20.25, 402, otc]
[5258, 93.0, 87.5, 89.50, 87.60, 27374, tse]
[5263, 119.5, 114.5, 116.00, 118.00, 982, otc]
[5269, 1310.0, 1210.0, 1,230.00, 1,245.00, 4687, tse]
[5272, 28.0, 26.85, 27.45, 26.95, 401, otc]
[5274, 3035.0, 2665.0, 2,900.00, 3,035.00, 2776, otc]
[5276, 15.6, 14.2, 14.25, 15.20, 89, otc]
[5278, 187.0, 181.5, 183.50, 182.00, 49, otc]
[5281, 16.7, 15.95, 15.95, 16.45, 169, otc]
[5283, 110.0, 108.5, 108.50, 108.50, 130, tse]
[5284, 177.5, 152.5, 152.50, 162.00, 38313, tse]
[5285, 73.6, 71.4, 72.80, 72.10, 2747, tse]
[5287, 214.5, 208.0, 212.50, 209.00, 184, otc]
[5288, 199.5, 190.5, 195.50, 192.50, 403, tse]
[5289, 333.5, 298.5, 311.50, 333.50, 12593, otc]
[5291, 32.3, 31.6, 31.90, 32.30, 253, otc]
[5299, 133.5, 130.0, 130.00, 133.50, 634, otc]
[5301, 19.0, 12.75, 13.00, 18.25, 13127, otc]
[5302, 9.65, 9.25, 9.60, 9.50, 563, otc]
[5306, 146.0, 143.5, 143.50, 145.00, 354, tse]
[5309, 43.9, 41.85, 42.65, 41.95, 8285, otc]
[5310, 31.65, 25.7, 27.00, 31.00, 1000, otc]
[5312, 81.0, 75.4, 76.50, 78.40, 2416, otc]
[5314, 24.2, 22.8, 23.00, 23.60, 660, otc]
[5315, 21.7, 21.25, 21.25, 21.45, 1471, otc]
[5321, 109.0, 95.0, 104.50, 95.00, 6322, otc]
[5324, 11.6, 9.97, 11.60, 9.98, 13549, otc]
[5328, 15.4, 14.35, 14.75, 14.65, 8985, otc]
[5340, 54.1, 49.05, 49.15, 49.15, 8858, otc]
[5344, 16.6, 15.9, 16.20, 15.90, 248, otc]
[5345, 5.0, 4.82, 4.82, 4.90, 26, otc]
[5347, 94.3, 89.1, 89.80, 92.80, 18469, otc]
[5348, 10.65, 9.87, 10.00, 9.95, 86, otc]
[5351, 43.9, 42.1, 42.15, 42.30, 13001, otc]
[5353, 45.6, 42.75, 43.50, 42.90, 3636, otc]
[5355, 8.1, 7.85, 8.00, 7.87, 962, otc]
[5356, 27.85, 26.8, 27.20, 27.65, 2113, otc]
[5364, 29.15, 25.3, 26.20, 27.55, 1065, otc]
[5371, 77.2, 73.7, 74.00, 74.50, 11715, otc]
[5381, 17.9, 16.2, 17.00, 16.90, 2359, otc]
[5383, 30.45, 29.2, 29.90, 30.05, 214, otc]
[5386, 41.0, 36.9, 37.35, 38.45, 1163, otc]
[5388, 91.7, 87.8, 88.60, 90.60, 15158, tse]
[5392, 21.7, 21.1, 21.10, 21.20, 798, otc]
[5398, 17.2, 15.85, 16.30, 16.35, 1835, otc]
[5403, 106.5, 99.0, 101.00, 103.50, 1573, otc]
[5410, 36.15, 35.0, 35.20, 35.35, 2167, otc]
[5425, 94.9, 90.2, 92.00, 90.60, 22545, otc]
[5426, 12.0, 11.65, 11.70, 11.85, 870, otc]
[5432, 32.4, 29.9, 30.10, 31.15, 433, otc]
[5434, 196.0, 188.0, 191.00, 193.50, 1471, tse]
[5438, 20.65, 19.5, 20.65, 19.50, 149, otc]
[5439, 81.5, 71.3, 76.00, 80.50, 33489, otc]
[5443, 31.45, 28.2, 28.35, 31.20, 9346, otc]
[5450, 20.3, 19.8, 20.15, 20.05, 343, otc]
[5452, 21.9, 20.9, 20.90, 21.15, 2961, otc]
[5455, 29.75, 27.8, 29.75, 27.80, 5, otc]
[5457, 51.5, 49.65, 51.00, 49.65, 1542, otc]
[5460, 11.35, 11.2, 11.20, 11.30, 149, otc]
[5464, 35.5, 29.35, 29.45, 31.60, 19079, otc]
[5465, 39.0, 35.3, 35.65, 38.25, 17513, otc]
[5468, 16.95, 16.4, 16.85, 16.55, 94, otc]
[5469, 42.6, 39.95, 40.00, 40.80, 15393, tse]
[5471, 51.5, 50.1, 50.40, 50.10, 1077, tse]
[5474, 90.5, 83.5, 83.50, 88.50, 483, otc]
[5475, 15.6, 14.6, 14.85, 14.60, 2151, otc]
[5478, 95.7, 93.6, 94.50, 93.80, 1090, otc]
[5481, 13.2, 12.8, 13.00, 12.85, 172, otc]
[5483, 159.0, 150.0, 150.00, 158.50, 18123, otc]
[5484, 20.1, 19.0, 19.00, 19.75, 699, tse]
[5487, 29.0, 27.25, 27.85, 27.25, 204, otc]
[5488, 12.7, 11.4, 11.50, 11.90, 2281, otc]
[5489, 39.95, 38.9, 39.40, 38.95, 297, otc]
[5490, 25.5, 24.95, 25.40, 25.15, 421, otc]
[5493, 57.0, 51.8, 53.50, 53.90, 2402, otc]
[5498, 12.4, 11.8, 11.90, 11.85, 6134, otc]
[5508, 65.8, 65.0, 65.30, 65.70, 363, otc]
[5511, 55.3, 52.1, 52.80, 52.10, 9648, otc]
[5512, 10.5, 9.73, 9.74, 10.05, 43490, otc]
[5514, 20.5, 20.0, 20.40, 20.40, 151, otc]
[5515, 14.15, 13.85, 13.90, 14.05, 1499, tse]
[5516, 28.7, 27.4, 28.35, 27.60, 432, otc]
[5519, 24.85, 24.35, 24.50, 24.55, 1896, tse]
[5520, 60.4, 58.3, 58.60, 60.00, 56, otc]
[5521, 7.74, 7.56, 7.57, 7.56, 2934, tse]
[5522, 62.8, 61.2, 61.20, 62.10, 3463, tse]
[5523, 26.9, 25.8, 26.00, 26.25, 452, otc]
[5525, 27.5, 26.8, 27.00, 27.10, 349, tse]
[5529, 12.3, 11.8, 12.10, 12.15, 345, otc]
[5530, 38.35, 37.55, 37.95, 37.60, 982, otc]
[5531, 12.95, 11.0, 11.05, 11.85, 65151, tse]
[5533, 19.85, 19.35, 19.55, 19.45, 2160, tse]
[5534, 80.0, 78.9, 80.00, 79.10, 962, tse]
[5536, 153.5, 148.0, 148.00, 153.50, 2166, otc]
[5538, 41.25, 40.5, 41.25, 40.50, 37, tse]
[5543, 46.0, 45.05, 46.00, 45.60, 229, otc]
[5546, 40.45, 39.05, 39.70, 40.00, 152, tse]
[5601, 41.8, 40.4, 41.70, 41.05, 185, otc]
[5603, 21.05, 20.3, 20.60, 20.35, 575, otc]
[5604, 49.4, 48.3, 49.40, 48.65, 183, otc]
[5607, 70.8, 64.3, 67.60, 65.00, 4205, tse]
[5608, 24.15, 22.95, 23.45, 23.00, 9451, tse]
[5609, 85.7, 84.3, 84.60, 85.30, 1002, otc]
[5701, 8.99, 7.96, 8.00, 8.22, 1882, otc]
[5703, 27.55, 22.15, 22.80, 24.80, 4120, otc]
[5704, 72.0, 57.3, 58.00, 62.40, 12399, otc]
[5706, 96.5, 70.0, 71.40, 87.90, 131980, tse]
[5864, 20.8, 18.4, 18.50, 20.70, 9276, otc]
[5871, 216.5, 202.0, 213.00, 206.00, 22690, tse]
[5876, 47.5, 45.35, 47.30, 45.80, 28069, tse]
[5878, 49.2, 49.0, 49.10, 49.00, 21, otc]
[5880, 28.35, 27.7, 28.20, 28.00, 35471, tse]
[5902, 43.45, 41.3, 42.95, 41.50, 272, otc]
[5903, 213.5, 211.0, 213.50, 212.00, 109, otc]
[5904, 561.0, 515.0, 552.00, 519.00, 1852, otc]
[5905, 14.3, 12.45, 12.45, 13.00, 52323, otc]
[5906, 67.5, 60.5, 60.50, 65.20, 838, tse]
[5907, 17.15, 16.05, 16.30, 16.10, 2171, tse]
[6005, 13.8, 13.45, 13.45, 13.70, 12833, tse]
[6015, 10.2, 9.9, 9.91, 10.15, 3872, otc]
[6016, 11.6, 11.15, 11.20, 11.55, 7012, otc]
[6020, 18.8, 18.6, 18.70, 18.70, 46, otc]
[6021, 16.0, 15.5, 15.95, 15.55, 180, otc]
[6023, 52.8, 52.0, 52.50, 52.60, 443, otc]
[6024, 44.65, 43.95, 44.35, 44.50, 811, tse]
[6026, 12.5, 12.05, 12.15, 12.45, 8388, otc]
[6101, 37.4, 33.9, 37.40, 34.60, 2199, otc]
[6103, 40.9, 36.85, 40.90, 36.85, 2, otc]
[6104, 112.5, 105.5, 108.50, 106.00, 5988, otc]
[6108, 17.6, 17.25, 17.35, 17.35, 423, tse]
[6109, 17.15, 15.95, 15.95, 16.50, 3453, otc]
[6111, 91.0, 79.0, 85.50, 79.70, 15932, otc]
[6112, 76.5, 68.9, 69.30, 70.00, 69593, tse]
[6113, 16.95, 16.1, 16.25, 16.45, 769, otc]
[6114, 24.1, 23.25, 23.50, 23.45, 374, otc]
[6115, 45.95, 45.1, 45.85, 45.80, 599, tse]
[6116, 12.5, 12.15, 12.30, 12.20, 25542, tse]
[6117, 14.8, 14.45, 14.50, 14.65, 242, tse]
[6118, 34.9, 32.75, 32.75, 33.45, 5973, otc]
[6120, 10.75, 10.25, 10.30, 10.25, 5421, tse]
[6121, 318.5, 307.5, 307.50, 317.50, 2739, otc]
[6122, 38.4, 35.0, 35.60, 36.00, 48462, otc]
[6123, 72.6, 69.9, 70.20, 71.20, 1012, otc]
[6124, 33.75, 27.3, 27.60, 33.75, 3894, otc]
[6125, 33.3, 29.65, 29.65, 32.05, 42818, otc]
[6126, 25.9, 24.1, 24.40, 25.05, 2976, otc]
[6127, 23.35, 22.2, 22.30, 22.40, 2174, otc]
[6128, 34.5, 33.75, 34.15, 33.95, 674, tse]
[6129, 33.45, 32.2, 32.65, 32.30, 4477, otc]
[6130, 31.15, 30.1, 30.80, 30.90, 122, otc]
[6133, 20.1, 18.4, 18.55, 19.50, 5929, tse]
[6134, 25.0, 23.0, 23.30, 23.10, 2142, otc]
[6136, 19.9, 19.6, 19.75, 19.60, 683, tse]
[6138, 159.5, 149.5, 149.50, 155.50, 3684, otc]
[6139, 65.6, 63.2, 63.90, 63.90, 16155, tse]
[6140, 21.25, 20.1, 20.60, 20.45, 1650, otc]
[6141, 18.3, 17.15, 17.70, 17.50, 320, tse]
[6142, 13.1, 12.15, 12.80, 12.20, 7226, tse]
[6143, 89.4, 84.3, 87.30, 85.50, 6294, otc]
[6144, 15.7, 14.9, 15.70, 15.50, 115, otc]
[6146, 246.5, 232.0, 241.50, 240.00, 4139, otc]
[6147, 67.4, 65.5, 65.60, 66.80, 7374, otc]
[6148, 42.5, 38.0, 38.90, 38.70, 22393, otc]
[6150, 76.2, 71.2, 71.70, 73.60, 4270, otc]
[6151, 29.45, 29.15, 29.30, 29.30, 245, otc]
[6152, 10.9, 10.25, 10.40, 10.45, 1932, tse]
[6153, 23.5, 22.85, 23.15, 22.85, 6629, tse]
[6154, 16.9, 16.65, 16.70, 16.65, 93, otc]
[6155, 26.0, 25.3, 25.60, 25.30, 604, tse]
[6156, 19.85, 19.25, 19.25, 19.50, 1129, otc]
[6158, 26.1, 25.3, 25.30, 25.60, 169, otc]
[6160, 36.3, 33.8, 34.35, 34.15, 26895, otc]
[6161, 33.25, 32.2, 32.50, 32.55, 1528, otc]
[6163, 24.4, 22.45, 23.85, 22.45, 14068, otc]
[6164, 15.2, 11.35, 11.45, 13.30, 22822, tse]
[6165, 33.5, 31.65, 32.10, 32.65, 3009, tse]
[6166, 63.5, 60.7, 61.30, 62.70, 749, tse]
[6167, 18.15, 16.3, 16.40, 16.95, 30697, otc]
[6168, 24.3, 22.9, 23.45, 22.90, 3041, tse]
[6169, 21.3, 20.45, 20.65, 20.85, 297, otc]
[6170, 41.5, 38.9, 40.00, 39.85, 983, otc]
[6171, 22.65, 22.15, 22.15, 22.30, 83, otc]
[6173, 43.6, 42.45, 42.65, 42.50, 2839, otc]
[6174, 29.2, 28.2, 28.20, 29.00, 432, otc]
[6175, 39.2, 38.2, 38.40, 38.20, 1705, otc]
[6176, 120.0, 115.0, 115.50, 119.00, 10324, tse]
[6177, 31.95, 31.45, 31.65, 31.60, 966, tse]
[6179, 34.2, 31.5, 31.50, 31.90, 7978, otc]
[6180, 74.6, 73.4, 73.80, 73.60, 3698, otc]
[6182, 44.6, 43.2, 43.20, 44.05, 9812, otc]
[6183, 64.4, 63.7, 64.00, 64.20, 110, tse]
[6184, 51.0, 50.5, 51.00, 50.80, 225, tse]
[6185, 23.45, 20.95, 21.95, 20.95, 12795, otc]
[6186, 43.1, 42.3, 42.85, 42.35, 1221, otc]
[6187, 70.3, 64.4, 64.40, 68.40, 3499, otc]
[6188, 58.4, 55.2, 55.30, 56.80, 14703, otc]
[6189, 42.5, 42.0, 42.20, 42.45, 1284, tse]
[6190, 36.0, 33.0, 33.20, 35.50, 30129, otc]
[6191, 40.5, 38.0, 38.05, 39.15, 27755, tse]
[6192, 76.2, 74.6, 75.80, 74.90, 395, tse]
[6194, 31.0, 27.6, 28.00, 29.65, 8318, otc]
[6195, 46.95, 46.25, 46.40, 46.55, 81, otc]
[6196, 134.0, 127.5, 129.00, 131.50, 2625, tse]
[6197, 63.7, 57.0, 57.00, 62.00, 18469, tse]
[6198, 35.9, 31.5, 33.60, 35.50, 1149, otc]
[6199, 18.7, 18.25, 18.60, 18.50, 18, otc]
[6201, 43.9, 43.5, 43.70, 43.70, 52, tse]
[6202, 71.3, 68.0, 68.80, 69.20, 7129, tse]
[6203, 86.5, 80.3, 80.50, 80.60, 5448, otc]
[6204, 57.0, 55.6, 55.70, 56.00, 81, otc]
[6205, 71.6, 67.3, 70.00, 67.80, 4685, tse]
[6206, 72.0, 70.6, 70.80, 71.70, 847, tse]
[6207, 28.5, 27.9, 27.90, 28.35, 632, otc]
[6208, 54.2, 53.4, 54.00, 53.90, 349, otc]
[6209, 31.1, 29.8, 30.25, 29.80, 3465, tse]
[6210, 35.5, 35.0, 35.50, 35.05, 107, otc]
[6212, 48.5, 48.0, 48.50, 48.00, 4, otc]
[6213, 72.8, 69.0, 69.00, 69.00, 9811, tse]
[6214, 101.0, 95.4, 95.40, 98.00, 9346, tse]
[6215, 27.85, 26.55, 26.75, 27.20, 1367, tse]
[6216, 27.3, 26.75, 26.75, 27.20, 928, tse]
[6217, 46.45, 41.35, 41.60, 45.40, 11323, otc]
[6218, 28.4, 26.65, 27.65, 26.95, 10249, otc]
[6219, 11.3, 11.0, 11.05, 11.20, 2813, otc]
[6220, 27.55, 27.15, 27.45, 27.20, 2432, otc]
[6221, 69.8, 63.2, 63.90, 66.20, 474, otc]
[6222, 15.9, 15.05, 15.70, 15.80, 32, otc]
[6223, 168.0, 146.0, 152.00, 163.00, 56631, otc]
[6224, 64.4, 61.9, 61.90, 63.30, 645, tse]
[6225, 12.3, 10.25, 11.20, 10.60, 90, tse]
[6226, 12.8, 11.45, 11.45, 11.85, 5920, tse]
[6227, 42.8, 41.05, 41.05, 42.20, 1446, otc]
[6228, 13.9, 12.55, 12.90, 12.85, 326, otc]
[6229, 30.45, 29.2, 30.00, 29.50, 2580, otc]
[6230, 185.5, 175.0, 177.50, 181.00, 689, tse]
[6231, 117.5, 112.5, 114.00, 112.50, 2085, otc]
[6233, 29.85, 27.65, 28.00, 27.65, 18091, otc]
[6234, 38.4, 34.4, 36.30, 34.40, 21933, otc]
[6235, 119.0, 111.0, 116.00, 112.50, 101623, tse]
[6236, 22.8, 20.75, 22.50, 20.75, 3, otc]
[6237, 43.4, 41.65, 41.65, 41.65, 1002, otc]
[6239, 98.0, 93.5, 95.50, 98.00, 14015, tse]
[6240, 23.55, 22.25, 22.85, 22.40, 177, otc]
[6241, 14.6, 14.05, 14.60, 14.15, 518, otc]
[6242, 77.4, 75.0, 75.30, 75.70, 492, otc]
[6243, 45.15, 42.35, 45.15, 42.55, 8313, tse]
[6244, 35.3, 34.0, 34.45, 34.00, 22628, otc]
[6245, 141.0, 125.5, 126.00, 128.00, 59038, otc]
[6246, 14.05, 13.65, 13.80, 13.65, 114, otc]
[6248, 29.95, 28.9, 29.15, 28.95, 4182, otc]
[6257, 54.9, 53.5, 54.00, 54.30, 4743, tse]
[6259, 22.6, 21.1, 21.50, 22.25, 93, otc]
[6261, 66.4, 64.8, 64.80, 66.00, 792, otc]
[6263, 118.0, 113.0, 114.50, 114.50, 609, otc]
[6264, 7.31, 6.96, 7.23, 7.28, 1176, otc]
[6265, 10.6, 10.4, 10.50, 10.40, 951, otc]
[6266, 41.55, 39.95, 40.20, 40.30, 10078, otc]
[6269, 98.8, 95.7, 96.90, 98.00, 6713, tse]
[6270, 23.4, 23.0, 23.05, 23.05, 678, otc]
[6271, 179.0, 173.5, 177.00, 175.00, 7855, tse]
[6274, 78.2, 70.3, 71.90, 73.70, 77222, otc]
[6275, 36.4, 35.05, 35.10, 35.10, 2806, otc]
[6276, 38.45, 35.5, 37.20, 36.10, 1809, otc]
[6277, 85.8, 84.2, 84.70, 84.60, 655, tse]
[6278, 101.0, 97.8, 97.80, 99.90, 3620, tse]
[6279, 146.0, 142.0, 143.50, 143.00, 3377, otc]
[6281, 85.4, 84.5, 84.70, 85.00, 178, tse]
[6282, 45.0, 42.15, 43.10, 42.15, 161481, tse]
[6283, 32.8, 31.05, 31.50, 31.05, 653, tse]
[6284, 57.8, 55.8, 56.40, 55.80, 1338, otc]
[6285, 86.6, 83.9, 84.10, 86.00, 28712, tse]
[6287, 22.05, 20.6, 20.80, 21.70, 103, otc]
[6288, 34.4, 31.7, 32.00, 31.80, 50005, tse]
[6290, 58.7, 55.5, 57.80, 55.70, 7376, otc]
[6291, 209.0, 183.0, 185.00, 203.00, 873, otc]
[6292, 46.45, 44.5, 44.65, 45.00, 194, otc]
[6294, 111.0, 108.0, 108.00, 109.00, 150, otc]
[6404, 23.5, 21.0, 21.50, 22.80, 50, otc]
[6405, 24.05, 22.75, 23.40, 23.00, 1616, tse]
[6409, 1805.0, 1700.0, 1,780.00, 1,780.00, 598, tse]
[6411, 111.5, 106.0, 106.00, 106.50, 3349, otc]
[6412, 84.2, 81.0, 81.00, 84.00, 2067, tse]
[6414, 288.0, 276.0, 285.00, 276.00, 6466, tse]
[6415, 394.0, 369.0, 374.50, 382.00, 18052, tse]
[6416, 104.5, 97.0, 97.10, 100.00, 3307, tse]
[6417, 157.5, 148.0, 152.00, 148.00, 3140, otc]
[6418, 19.2, 18.0, 19.15, 18.50, 833, otc]
[6419, 31.2, 30.3, 30.30, 30.90, 50, otc]
[6425, 21.1, 20.65, 20.65, 20.80, 93, otc]
[6426, 62.0, 59.2, 59.20, 60.10, 329, tse]
[6431, 21.35, 20.6, 20.80, 20.60, 202, tse]
[6432, 38.8, 36.85, 37.40, 37.00, 999, otc]
[6435, 104.5, 102.0, 104.00, 102.50, 314, otc]
[6438, 116.0, 109.5, 115.50, 112.50, 5244, tse]
[6441, 69.0, 63.0, 64.80, 63.50, 13592, otc]
[6442, 52.0, 49.95, 50.30, 51.60, 461, tse]
[6443, 35.8, 34.65, 34.70, 35.00, 20869, tse]
[6446, 383.0, 325.5, 325.50, 337.50, 25503, otc]
[6449, 53.3, 50.5, 53.00, 52.00, 168, tse]
[6451, 92.6, 86.4, 89.20, 88.10, 4783, tse]
[6456, 76.6, 74.4, 75.20, 74.40, 5576, tse]
[6457, 55.0, 48.7, 48.80, 51.80, 768, otc]
[6461, 36.65, 33.55, 33.80, 35.60, 4026, otc]
[6462, 87.4, 84.0, 84.00, 84.50, 464, otc]
[6464, 94.2, 92.2, 93.50, 92.80, 36, tse]
[6465, 21.8, 20.85, 21.25, 20.90, 324, otc]
[6469, 374.5, 346.0, 371.00, 362.00, 3414, otc]
[6470, 64.2, 59.5, 59.50, 63.70, 8174, otc]
[6472, 814.0, 754.0, 784.00, 762.00, 14477, otc]
[6477, 51.7, 49.8, 50.70, 49.80, 4974, tse]
[6482, 44.95, 43.0, 44.95, 43.40, 82, otc]
[6485, 106.0, 99.3, 100.00, 99.30, 6320, otc]
[6486, 74.4, 73.0, 73.10, 73.50, 355, otc]
[6488, 505.0, 481.0, 481.50, 499.00, 6804, otc]
[6491, 376.0, 353.5, 363.50, 358.00, 2745, tse]
[6492, 54.6, 49.15, 49.20, 52.40, 1195, otc]
[6494, 68.7, 66.3, 66.50, 67.10, 438, otc]
[6496, 33.15, 31.7, 32.50, 31.80, 205, otc]
[6499, 58.2, 55.7, 56.40, 56.30, 513, otc]
[6504, 85.2, 83.6, 84.20, 83.90, 209, tse]
[6505, 89.9, 85.8, 89.80, 86.60, 7882, tse]
[6506, 19.8, 19.45, 19.50, 19.50, 185, otc]
[6508, 37.95, 37.0, 37.20, 37.15, 720, otc]
[6509, 45.9, 43.9, 44.25, 44.15, 6143, otc]
[6510, 515.0, 471.0, 473.50, 492.00, 1216, otc]
[6512, 20.1, 19.75, 19.75, 20.00, 31, otc]
[6514, 59.5, 58.1, 58.30, 58.30, 120, otc]
[6515, 838.0, 675.0, 728.00, 838.00, 7292, tse]
[6516, 94.3, 90.5, 94.00, 90.80, 268, otc]
[6517, 163.0, 139.0, 162.50, 142.50, 13050, otc]
[6523, 130.0, 123.5, 123.50, 123.50, 1312, otc]
[6525, 75.0, 73.7, 74.70, 75.00, 570, tse]
[6527, 86.8, 76.6, 76.80, 81.20, 2363, otc]
[6530, 26.4, 25.4, 25.50, 25.85, 175, otc]
[6531, 340.0, 303.0, 314.00, 310.50, 35268, tse]
[6532, 53.2, 51.8, 52.00, 52.30, 855, otc]
[6533, 519.0, 463.0, 493.00, 501.00, 20358, tse]
[6535, 68.7, 53.1, 53.90, 64.00, 23067, otc]
[6538, 110.0, 102.0, 108.00, 102.50, 1804, otc]
[6541, 83.4, 80.0, 83.40, 80.00, 408, tse]
[6542, 50.9, 48.45, 48.45, 50.80, 54, otc]
[6546, 89.0, 84.6, 86.40, 84.80, 4193, otc]
[6547, 66.4, 59.2, 59.30, 62.40, 13290, otc]
[6548, 43.2, 41.4, 41.75, 41.50, 8920, otc]
[6550, 93.7, 90.9, 92.20, 91.20, 7789, tse]
[6552, 35.55, 34.7, 35.55, 34.75, 183, tse]
[6556, 131.5, 113.0, 122.00, 113.50, 713, otc]
[6558, 31.35, 28.9, 29.40, 28.90, 4819, tse]
[6560, 34.85, 32.75, 33.55, 33.85, 269, otc]
[6561, 381.0, 367.0, 370.00, 368.50, 513, otc]
[6568, 167.5, 160.0, 164.50, 160.50, 955, otc]
[6569, 140.0, 116.0, 117.50, 133.50, 1551, otc]
[6570, 68.4, 65.5, 66.00, 65.60, 3648, otc]
[6573, 16.7, 16.0, 16.00, 16.30, 640, tse]
[6574, 60.5, 58.0, 59.80, 58.90, 38, otc]
[6576, 89.0, 80.3, 88.40, 80.80, 2322, otc]
[6577, 80.0, 76.7, 76.80, 77.10, 839, otc]
[6578, 18.8, 17.95, 18.30, 18.00, 1277, otc]
[6579, 115.5, 101.0, 101.00, 110.00, 3207, tse]
[6581, 93.6, 89.8, 93.10, 89.80, 277, tse]
[6582, 58.8, 56.8, 57.40, 57.00, 295, tse]
[6584, 74.0, 66.4, 67.20, 74.00, 3981, otc]
[6585, 62.5, 59.2, 60.80, 62.20, 315, tse]
[6588, 30.55, 29.8, 30.55, 29.85, 39, otc]
[6589, 117.0, 110.5, 111.00, 110.50, 11376, otc]
[6590, 91.8, 88.0, 90.70, 88.00, 434, otc]
[6591, 54.2, 50.6, 50.80, 52.10, 1279, tse]
[6592, 135.0, 126.0, 126.50, 133.50, 5361, tse]
[6593, 62.0, 57.8, 57.80, 59.20, 494, otc]
[6596, 58.8, 51.0, 55.50, 51.00, 4201, otc]
[6598, 28.1, 26.95, 27.05, 27.55, 287, tse]
[6603, 17.5, 17.0, 17.00, 17.20, 2958, otc]
[6605, 104.0, 97.3, 102.00, 98.30, 2529, tse]
[6606, 29.1, 28.7, 28.85, 28.80, 555, tse]
[6609, 35.65, 35.0, 35.00, 35.00, 697, otc]
[6612, 181.5, 161.5, 163.00, 161.50, 4857, otc]
[6613, 107.0, 103.0, 105.00, 107.00, 891, otc]
[6615, 46.0, 42.2, 42.55, 43.10, 299, otc]
[6616, 14.65, 13.75, 13.90, 14.25, 171, otc]
[6624, 43.5, 42.3, 43.50, 43.15, 72, otc]
[6625, 102.0, 93.4, 97.90, 93.60, 11879, tse]
[6629, 47.9, 47.25, 47.60, 47.90, 11, otc]
[6640, 91.0, 87.2, 88.00, 91.00, 26, otc]
[6641, 55.6, 54.6, 55.00, 55.30, 50, tse]
[6642, 53.0, 51.5, 52.60, 52.40, 91, otc]
[6643, 814.0, 627.0, 649.00, 814.00, 25106, otc]
[6649, 42.9, 40.1, 40.90, 41.40, 510, otc]
[6651, 83.8, 81.4, 82.80, 81.60, 252, otc]
[6654, 51.0, 49.5, 50.50, 49.50, 64, otc]
[6655, 130.0, 127.5, 130.00, 129.50, 35, tse]
[6661, 23.05, 22.4, 22.40, 22.50, 14, otc]
[6662, 31.15, 30.5, 30.65, 30.55, 49, otc]
[6664, 116.5, 113.0, 113.00, 114.00, 931, otc]
[6666, 84.6, 82.1, 83.90, 82.80, 257, tse]
[6667, 78.0, 74.2, 75.60, 77.40, 1247, otc]
[6668, 41.95, 39.15, 39.90, 41.80, 1002, tse]
[6669, 1230.0, 1045.0, 1,075.00, 1,170.00, 12615, tse]
[6670, 215.0, 211.0, 213.50, 211.00, 928, tse]
[6671, 43.2, 41.2, 42.00, 43.00, 89, tse]
[6672, 91.2, 85.4, 85.70, 90.30, 5520, tse]
[6674, 28.85, 27.6, 28.20, 28.85, 125, tse]
[6679, 287.0, 275.5, 278.50, 276.00, 1326, otc]
[6680, 103.0, 89.5, 97.70, 90.00, 456, otc]
[6683, 218.0, 198.0, 198.50, 205.50, 1767, otc]
[6684, 45.65, 44.3, 45.15, 45.30, 276, otc]
[6689, 172.5, 148.5, 148.50, 161.50, 42740, tse]
[6690, 192.0, 182.0, 186.50, 182.00, 1243, otc]
[6691, 308.0, 288.5, 294.00, 294.50, 2635, tse]
[6693, 67.4, 66.0, 67.00, 66.40, 181, otc]
[6695, 45.95, 42.0, 42.00, 44.25, 868, tse]
[6697, 77.0, 54.1, 55.80, 67.80, 5507, otc]
[6698, 43.0, 38.7, 40.50, 41.50, 4921, tse]
[6703, 234.0, 214.0, 214.00, 229.00, 2432, otc]
[6706, 84.4, 80.9, 81.80, 80.90, 1382, tse]
[6708, 54.1, 44.7, 46.45, 54.10, 656, otc]
[6712, 218.5, 203.0, 213.50, 205.00, 6852, otc]
[6715, 147.0, 141.0, 143.50, 141.50, 1251, tse]
[6716, 103.5, 101.0, 102.50, 101.50, 56, otc]
[6719, 302.5, 284.0, 287.00, 295.50, 6523, tse]
[6721, 53.5, 52.2, 52.50, 52.70, 84, otc]
[6727, 65.8, 64.0, 64.50, 64.70, 329, otc]
[6728, 145.5, 142.0, 143.00, 144.00, 122, otc]
[6732, 343.0, 316.0, 339.50, 317.50, 2880, otc]
[6733, 41.8, 38.0, 38.00, 39.10, 6749, otc]
[6735, 54.1, 51.3, 51.50, 54.00, 62, otc]
[6741, 146.0, 130.0, 135.50, 130.50, 12919, otc]
[6743, 56.4, 53.6, 55.40, 53.90, 471, tse]
[6747, 239.0, 219.0, 237.00, 219.00, 671, otc]
[6751, 123.5, 113.0, 121.00, 114.00, 862, otc]
[6752, 187.0, 166.5, 178.00, 168.00, 3811, otc]
[6753, 128.0, 114.0, 116.50, 117.00, 7598, tse]
[6754, 68.7, 55.6, 62.30, 56.50, 5936, tse]
[6756, 211.5, 203.0, 205.00, 203.00, 880, tse]
[6761, 87.0, 83.0, 83.00, 84.20, 188, otc]
[6762, 237.0, 225.0, 225.00, 231.00, 59, otc]
[6763, 533.0, 496.0, 518.00, 501.00, 733, otc]
[6767, 45.65, 42.5, 42.90, 45.60, 875, otc]
[6768, 70.6, 69.4, 70.60, 69.70, 304, tse]
[6770, 31.0, 30.0, 30.25, 30.75, 39024, tse]
[6776, 58.4, 53.6, 54.40, 54.80, 3125, tse]
[6781, 709.0, 653.0, 660.00, 685.00, 3354, tse]
[6782, 228.0, 217.0, 217.00, 219.00, 2308, tse]
[6788, 126.0, 121.0, 121.00, 122.50, 1215, otc]
[6789, 222.5, 208.0, 211.00, 215.00, 4991, tse]
[6790, 38.1, 37.45, 37.60, 37.60, 1370, tse]
[6791, 134.0, 116.5, 131.00, 117.50, 1374, otc]
[6792, 86.0, 83.5, 83.80, 83.70, 162, tse]
[6796, 96.5, 92.0, 95.00, 92.10, 374, tse]
[6799, 164.0, 144.5, 144.50, 151.50, 11715, tse]
[6803, 330.0, 323.0, 324.50, 326.00, 145, otc]
[6804, 75.5, 71.4, 72.60, 71.90, 429, otc]
[6806, 116.5, 105.5, 105.50, 107.00, 23514, tse]
[6807, 28.6, 28.0, 28.00, 28.20, 94, tse]
[6811, 277.5, 253.5, 269.50, 254.00, 3015, otc]
[6821, 53.3, 44.0, 44.90, 52.50, 5853, otc]
[6823, 88.0, 85.3, 85.70, 85.30, 28, otc]
[6829, 145.0, 128.0, 133.50, 132.00, 12680, otc]
[6830, 149.0, 139.5, 141.00, 148.50, 1670, tse]
[6834, 26.9, 26.3, 26.30, 26.75, 152, tse]
[6835, 51.5, 42.45, 42.60, 49.50, 7175, tse]
[6840, 70.4, 69.0, 69.10, 69.30, 157, otc]
[6841, 97.3, 88.9, 95.00, 90.20, 2675, otc]
[6843, 76.1, 72.7, 74.50, 72.90, 363, otc]
[6846, 95.1, 91.5, 94.60, 92.40, 532, otc]
[6854, 104.0, 100.0, 100.00, 100.50, 243, tse]
[6855, 86.6, 83.1, 83.10, 84.40, 62, otc]
[6859, 140.0, 135.5, 139.50, 135.50, 169, otc]
[6861, 106.5, 102.0, 104.00, 102.50, 279, tse]
[6863, 173.0, 162.0, 164.00, 162.00, 1127, tse]
[6865, 87.7, 85.0, 85.40, 86.20, 143, otc]
[6869, 120.5, 106.0, 106.00, 120.50, 2818, tse]
[6873, 138.0, 128.5, 137.50, 130.50, 882, tse]
[6874, 178.5, 164.0, 172.00, 167.00, 4463, otc]
[7402, 66.9, 62.0, 64.10, 62.50, 2353, otc]
[7556, 112.0, 100.0, 101.00, 112.00, 256, otc]
[8011, 19.0, 17.65, 17.85, 18.05, 19736, tse]
[8016, 226.5, 219.5, 225.00, 221.00, 2971, tse]
[8021, 30.2, 29.6, 29.65, 29.90, 1201, tse]
[8024, 23.95, 23.05, 23.30, 23.10, 357, otc]
[8027, 46.7, 45.4, 45.75, 46.25, 748, otc]
[8028, 60.5, 57.2, 57.50, 58.70, 6777, tse]
[8032, 31.3, 30.2, 30.20, 31.00, 20, otc]
[8033, 69.1, 63.3, 66.00, 63.30, 5099, tse]
[8034, 16.15, 15.3, 15.40, 15.80, 678, otc]
[8038, 57.2, 52.0, 55.00, 52.20, 7765, otc]
[8039, 42.55, 42.1, 42.25, 42.35, 529, tse]
[8040, 46.0, 44.4, 45.10, 44.50, 720, otc]
[8042, 39.8, 38.35, 39.30, 38.90, 170, otc]
[8043, 29.4, 27.2, 27.80, 29.05, 1124, otc]
[8044, 52.9, 50.2, 51.60, 50.30, 2518, otc]
[8046, 313.0, 280.0, 291.00, 303.00, 58470, tse]
[8047, 11.8, 11.3, 11.50, 11.50, 63, otc]
[8048, 55.5, 48.7, 49.90, 55.50, 6441, otc]
[8049, 37.6, 36.4, 36.45, 37.30, 2036, otc]
[8050, 81.6, 79.2, 79.50, 79.30, 8713, otc]
[8054, 32.8, 31.25, 31.70, 31.40, 955, otc]
[8059, 15.85, 14.2, 14.50, 15.85, 13340, otc]
[8064, 20.3, 19.8, 19.85, 19.80, 4587, otc]
[8066, 30.9, 28.75, 29.15, 30.80, 582, otc]
[8067, 15.05, 14.2, 14.20, 14.85, 16, otc]
[8068, 29.65, 28.2, 28.30, 28.80, 346, otc]
[8069, 213.0, 195.0, 196.00, 211.00, 58809, otc]
[8070, 36.45, 35.45, 35.50, 35.65, 4022, tse]
[8071, 14.75, 14.2, 14.55, 14.35, 496, otc]
[8072, 28.7, 27.35, 28.10, 27.45, 913, tse]
[8074, 21.7, 19.9, 21.20, 19.95, 2425, otc]
[8076, 36.95, 33.3, 33.30, 34.35, 42568, otc]
[8077, 38.0, 36.25, 36.25, 38.00, 3, otc]
[8080, 11.3, 10.5, 10.95, 10.85, 31, otc]
[8081, 193.0, 188.5, 188.50, 190.00, 1715, tse]
[8083, 148.5, 147.0, 148.00, 148.00, 129, otc]
[8084, 100.0, 95.1, 98.50, 95.20, 970, otc]
[8085, 39.3, 36.5, 37.65, 38.10, 6386, otc]
[8086, 82.7, 78.5, 78.60, 81.30, 6100, otc]
[8087, 35.9, 34.35, 34.50, 35.00, 252, otc]
[8088, 33.95, 32.2, 33.20, 32.20, 7116, otc]
[8089, 20.9, 20.55, 20.90, 20.60, 128, otc]
[8091, 99.8, 91.2, 91.90, 96.30, 6663, otc]
[8092, 11.45, 11.2, 11.40, 11.25, 151, otc]
[8093, 16.4, 14.55, 14.70, 15.45, 2060, otc]
[8096, 11.5, 11.3, 11.40, 11.35, 791, otc]
[8097, 64.8, 58.7, 60.00, 60.10, 15291, otc]
[8099, 62.5, 50.6, 50.60, 60.20, 39365, otc]
[8101, 5.04, 4.76, 4.85, 4.78, 151, tse]
[8103, 37.2, 36.55, 36.90, 36.95, 445, tse]
[8104, 41.8, 40.0, 40.00, 40.35, 757, tse]
[8105, 14.1, 13.6, 13.80, 13.65, 5497, tse]
[8107, 17.1, 16.65, 16.80, 16.70, 397, otc]
[8109, 89.9, 87.6, 89.80, 88.30, 360, otc]
[8110, 13.55, 13.1, 13.10, 13.20, 3923, tse]
[8111, 21.45, 20.6, 20.80, 20.60, 1625, otc]
[8112, 45.9, 45.55, 45.60, 45.75, 5972, tse]
[8114, 110.0, 107.0, 108.50, 108.00, 926, tse]
[8121, 32.2, 28.6, 28.60, 30.60, 9963, otc]
[8131, 42.75, 42.25, 42.50, 42.70, 1249, tse]
[8147, 63.5, 60.8, 62.30, 61.20, 361, otc]
[8150, 39.5, 38.2, 38.50, 39.50, 10816, tse]
[8155, 168.0, 137.5, 137.50, 155.50, 13402, otc]
[8163, 47.0, 45.8, 45.85, 46.35, 5265, tse]
[8171, 58.7, 53.9, 53.90, 55.60, 6159, otc]
[8176, 12.4, 11.15, 11.55, 11.70, 3155, otc]
[8182, 30.9, 30.2, 30.65, 30.70, 313, otc]
[8183, 53.9, 51.9, 51.90, 52.30, 2082, otc]
[8201, 12.75, 12.0, 12.25, 12.50, 694, tse]
[8210, 98.5, 90.6, 92.00, 94.70, 13255, tse]
[8213, 39.8, 39.3, 39.30, 39.45, 1388, tse]
[8215, 35.45, 34.75, 35.00, 34.75, 6306, tse]
[8222, 66.6, 58.4, 60.70, 58.60, 79260, tse]
[8227, 213.5, 188.5, 206.50, 191.50, 15354, otc]
[8234, 41.8, 40.0, 40.80, 40.20, 3569, otc]
[8240, 31.95, 30.3, 30.50, 31.15, 1399, otc]
[8249, 31.6, 30.35, 30.35, 31.05, 1621, tse]
[8255, 175.5, 167.0, 173.00, 167.50, 3565, otc]
[8261, 106.5, 104.0, 105.50, 104.50, 3391, tse]
[8271, 53.1, 50.8, 51.80, 52.20, 3469, tse]
[8277, 9.85, 9.6, 9.80, 9.66, 581, otc]
[8279, 191.5, 182.5, 184.00, 185.00, 317, otc]
[8284, 63.7, 61.6, 62.20, 61.70, 280, otc]
[8289, 42.75, 41.05, 41.15, 41.35, 2568, otc]
[8291, NaN, NaN, NaN, NaN, 0, otc]
[8299, 401.5, 386.5, 389.00, 398.00, 4272, otc]
[8341, 160.0, 157.5, 158.00, 158.50, 671, tse]
[8342, 57.8, 57.5, 57.50, 57.80, 18, otc]
[8349, 64.9, 63.1, 63.20, 63.20, 824, otc]
[8354, 14.25, 14.2, 14.25, 14.20, 262, otc]
[8358, 58.4, 55.1, 55.20, 56.50, 25024, otc]
[8367, 47.0, 44.8, 44.80, 46.30, 345, tse]
[8374, 31.6, 30.5, 31.25, 30.55, 245, tse]
[8383, 42.95, 41.2, 42.20, 41.25, 1818, otc]
[8390, 44.7, 43.1, 43.30, 43.55, 2973, otc]
[8401, 21.05, 20.55, 21.05, 20.85, 641, otc]
[8403, 37.5, 35.55, 36.00, 36.10, 6368, otc]
[8404, 25.25, 24.6, 24.90, 25.15, 547, tse]
[8409, 24.55, 22.2, 22.95, 23.30, 1145, otc]
[8410, 38.75, 37.5, 37.65, 38.00, 547, otc]
[8411, 14.9, 14.7, 14.80, 14.80, 201, tse]
[8415, 35.2, 34.9, 34.90, 34.90, 1240, otc]
[8416, 148.5, 142.5, 145.00, 145.00, 166, otc]
[8418, 9.97, 9.76, 9.81, 9.76, 226, otc]
[8420, 93.9, 89.1, 92.40, 91.10, 1851, otc]
[8421, 14.7, 14.1, 14.10, 14.20, 780, otc]
[8422, 207.0, 201.0, 204.00, 204.00, 1342, tse]
[8423, 20.65, 19.9, 19.95, 20.40, 25, otc]
[8424, 71.0, 70.5, 70.50, 70.60, 41, otc]
[8426, 74.1, 66.9, 69.50, 68.50, 5122, otc]
[8429, 11.3, 10.85, 10.95, 10.90, 2064, tse]
[8431, 67.0, 63.2, 64.40, 65.40, 961, otc]
[8432, 45.55, 45.0, 45.00, 45.10, 139, otc]
[8433, 71.7, 70.1, 71.70, 70.10, 304, otc]
[8435, 63.7, 62.0, 62.80, 62.10, 91, otc]
[8436, 186.5, 173.0, 180.50, 173.50, 5936, otc]
[8437, 110.0, 104.0, 110.00, 104.50, 35, otc]
[8438, 27.55, 24.75, 24.75, 26.75, 540, tse]
[8440, 44.0, 42.0, 42.60, 42.10, 1073, otc]
[8442, 90.0, 85.4, 86.60, 86.50, 1344, tse]
[8443, 12.0, 11.75, 11.85, 11.90, 464, tse]
[8444, 49.85, 47.2, 49.80, 47.90, 31, otc]
[8446, 115.5, 108.0, 114.50, 109.00, 7230, otc]
[8450, 25.55, 24.75, 25.15, 24.90, 287, otc]
[8454, 723.0, 699.0, 718.00, 702.00, 2458, tse]
[8455, 22.15, 20.7, 21.15, 21.80, 30, otc]
[8462, 155.0, 149.0, 151.50, 149.00, 272, tse]
[8463, 28.5, 25.8, 26.10, 27.20, 1309, tse]
[8464, 370.0, 338.5, 346.50, 345.00, 2026, tse]
[8466, 44.8, 43.9, 44.10, 44.20, 92, tse]
[8467, 58.2, 56.5, 57.10, 57.70, 87, tse]
[8472, 39.9, 38.15, 38.95, 38.40, 41, otc]
[8473, 30.0, 29.25, 29.40, 29.25, 230, tse]
[8476, 76.0, 70.5, 73.00, 71.60, 1935, otc]
[8477, 17.3, 16.75, 17.25, 16.80, 128, otc]
[8478, 566.0, 513.0, 557.00, 514.00, 14482, tse]
[8481, 58.2, 57.2, 57.40, 57.90, 85, tse]
[8482, 77.1, 75.8, 76.80, 76.40, 76, tse]
[8488, 15.65, 15.35, 15.65, 15.50, 34, tse]
[8489, 26.2, 24.5, 24.50, 24.55, 425, otc]
[8499, 103.5, 100.5, 102.00, 101.00, 153, tse]
[8905, 30.0, 28.85, 30.00, 28.85, 1855, otc]
[8906, 17.05, 16.75, 16.90, 16.90, 25, otc]
[8908, 71.0, 70.0, 70.10, 70.10, 197, otc]
[8916, 52.9, 52.0, 52.20, 52.40, 1237, otc]
[8917, 71.0, 68.6, 70.00, 68.60, 16, otc]
[8921, NaN, NaN, NaN, NaN, 0, otc]
[8923, 21.6, 20.45, 21.00, 20.80, 35, otc]
[8924, 114.5, 98.5, 113.50, 99.30, 5402, otc]
[8926, 52.9, 50.4, 51.20, 50.50, 14990, tse]
[8927, 51.5, 48.0, 48.50, 50.10, 12393, otc]
[8928, 37.1, 36.5, 36.70, 36.50, 374, otc]
[8929, 22.0, 21.45, 21.60, 21.80, 75, otc]
[8930, 21.1, 20.15, 20.15, 20.70, 3201, otc]
[8931, 69.5, 65.0, 67.10, 65.30, 1077, otc]
[8932, 63.0, 57.5, 58.50, 61.80, 3016, otc]
[8933, 11.5, 11.15, 11.35, 11.25, 3706, otc]
[8935, 13.4, 12.4, 13.40, 12.40, 3180, otc]
[8936, 28.35, 27.35, 27.50, 27.50, 9167, otc]
[8937, 20.7, 18.35, 18.35, 19.95, 2952, otc]
[8938, 82.3, 79.7, 80.80, 80.10, 2816, otc]
[8940, 34.95, 27.2, 27.55, 32.30, 19323, tse]
[8941, 58.4, 55.6, 57.40, 57.90, 104, otc]
[8942, 70.9, 69.6, 69.60, 70.10, 949, otc]
[8996, 268.5, 223.5, 223.50, 268.50, 43637, tse]
[9103, 6.85, 6.6, 6.66, 6.62, 2488, tse]
[9105, 3.91, 3.82, 3.86, 3.83, 7346, tse]
[9110, 7.21, 6.47, 6.49, 7.11, 2920, tse]
[9136, 6.35, 6.21, 6.24, 6.32, 957, tse]
[9802, 126.5, 116.0, 116.50, 125.50, 8426, tse]
[9902, 12.4, 12.15, 12.15, 12.15, 678, tse]
[9904, 32.75, 31.85, 32.20, 32.10, 27077, tse]
[9905, 25.85, 25.35, 25.35, 25.65, 469, tse]
[9906, 51.5, 49.2, 49.20, 50.70, 377, tse]
[9907, 19.75, 19.35, 19.40, 19.45, 13416, tse]
[9908, 33.0, 32.15, 33.00, 32.30, 489, tse]
[9910, 198.0, 187.5, 198.00, 190.00, 5423, tse]
[9911, 67.0, 64.6, 64.60, 66.30, 1023, tse]
[9912, 10.1, 9.88, 10.05, 9.93, 219, tse]
[9914, 187.0, 176.0, 177.00, 182.00, 5405, tse]
[9917, 118.5, 112.0, 116.50, 113.50, 4329, tse]
[9918, 42.55, 42.0, 42.25, 42.00, 32, tse]
[9919, 18.3, 17.6, 17.75, 18.00, 28735, tse]
[9921, 206.5, 196.5, 196.50, 200.00, 5796, tse]
[9924, 43.95, 43.6, 43.95, 43.70, 363, tse]
[9925, 42.05, 41.75, 41.90, 41.95, 532, tse]
[9926, 54.7, 53.2, 54.70, 53.30, 39, tse]
[9927, 46.2, 44.9, 45.50, 45.00, 1030, tse]
[9928, 21.35, 19.45, 21.35, 19.80, 1169, tse]
[9929, 9.15, 9.03, 9.14, 9.10, 160, tse]
[9930, 54.8, 52.1, 52.50, 53.40, 1385, tse]
[9931, 41.65, 40.5, 41.65, 40.65, 239, tse]
[9933, 41.8, 40.9, 41.40, 41.10, 5812, tse]
[9934, 13.8, 13.35, 13.55, 13.45, 1424, tse]
[9935, 19.6, 18.7, 19.50, 19.10, 855, tse]
[9937, 65.5, 64.0, 64.90, 64.80, 142, tse]
[9938, 56.3, 54.4, 55.20, 54.60, 3854, tse]
[9939, 108.0, 100.5, 101.50, 103.00, 10432, tse]
[9940, 30.15, 29.5, 29.90, 29.75, 691, tse]
[9941, 199.0, 192.0, 192.00, 197.00, 3471, tse]
[9942, 162.5, 157.0, 157.50, 157.50, 3220, tse]
[9943, 89.9, 80.3, 81.40, 88.00, 7233, tse]
[9944, 23.15, 21.75, 21.90, 22.45, 2619, tse]
[9945, 35.8, 34.7, 35.60, 34.90, 20097, tse]
[9946, 15.6, 14.6, 14.60, 15.25, 1864, tse]
[9949, 16.4, 15.3, 15.85, 16.05, 318, otc]
[9950, 13.7, 12.2, 12.20, 13.60, 303, otc]
[9951, 74.5, 72.6, 73.40, 72.70, 449, otc]
[9955, 26.55, 25.1, 25.90, 25.30, 3820, tse]
[9958, 104.5, 98.0, 99.10, 103.00, 19433, tse]
[9960, 31.4, 30.5, 30.85, 31.05, 210, otc]
[9962, 19.85, 19.2, 19.50, 19.25, 2454, otc]
