[1101, 37.25, 36.25, 37.20, 36.45, 110729, tse]
[1102, 43.4, 42.15, 43.30, 42.30, 29018, tse]
[1103, 18.45, 17.9, 17.95, 18.45, 1207, tse]
[1104, 23.8, 23.25, 23.25, 23.80, 3704, tse]
[1108, 11.5, 11.0, 11.05, 11.50, 2429, tse]
[1109, 16.6, 16.3, 16.30, 16.60, 609, tse]
[1110, 18.1, 17.8, 18.00, 17.95, 397, tse]
[1201, 19.5, 18.95, 19.00, 19.50, 1857, tse]
[1203, 37.5, 36.3, 36.30, 36.85, 240, tse]
[1210, 46.85, 45.65, 45.95, 46.85, 7894, tse]
[1213, 7.49, 6.81, 6.81, 7.41, 34, tse]
[1215, 79.8, 78.7, 79.00, 79.80, 2598, tse]
[1216, 68.6, 66.2, 68.20, 66.30, 55862, tse]
[1217, 11.0, 10.8, 10.90, 10.90, 5207, tse]
[1218, 31.8, 30.6, 31.80, 30.95, 12706, tse]
[1219, 19.85, 19.5, 19.75, 19.75, 4422, tse]
[1220, 15.8, 15.4, 15.80, 15.60, 1361, tse]
[1225, 58.4, 56.1, 57.20, 58.10, 66, tse]
[1227, 42.3, 40.75, 40.90, 42.00, 4253, tse]
[1229, 54.0, 51.1, 51.60, 53.80, 7868, tse]
[1231, 84.3, 78.9, 80.30, 84.00, 1852, tse]
[1232, 147.0, 143.0, 144.50, 147.00, 349, tse]
[1233, 32.5, 32.05, 32.35, 32.50, 55, tse]
[1234, 33.35, 32.9, 32.90, 33.30, 1958, tse]
[1235, 70.0, 68.5, 69.00, 68.90, 13, tse]
[1236, 24.7, 22.85, 24.70, 23.65, 936, tse]
[1240, 44.8, 43.5, 43.70, 44.40, 98, otc]
[1256, 298.5, 277.0, 277.00, 295.00, 139, tse]
[1258, 22.45, 22.05, 22.10, 22.25, 146, otc]
[1259, 74.3, 73.6, 74.30, 73.70, 19, otc]
[1264, 280.0, 261.0, 261.00, 272.00, 68, otc]
[1268, 132.5, 126.5, 129.00, 130.00, 771, otc]
[1301, 90.4, 88.1, 88.90, 88.60, 43042, tse]
[1303, 77.0, 74.2, 76.50, 74.60, 37522, tse]
[1304, 24.65, 23.45, 23.80, 24.35, 17938, tse]
[1305, 29.7, 27.15, 29.60, 27.20, 30993, tse]
[1307, 21.1, 20.8, 20.80, 21.10, 406, tse]
[1308, 29.95, 28.9, 29.40, 29.10, 10364, tse]
[1309, 23.75, 21.75, 22.20, 23.10, 9828, tse]
[1310, 14.4, 13.8, 13.80, 14.10, 2992, tse]
[1312, 20.4, 19.65, 20.00, 19.85, 19027, tse]
[1313, 15.5, 14.4, 14.80, 15.50, 19522, tse]
[1314, 10.3, 9.99, 10.00, 10.25, 42693, tse]
[1315, 71.7, 71.2, 71.60, 71.70, 68, tse]
[1316, 12.65, 11.7, 11.70, 12.20, 4765, tse]
[1319, 45.85, 43.05, 43.45, 44.45, 23005, tse]
[1321, 34.25, 33.6, 33.60, 34.20, 524, tse]
[1323, 33.95, 33.0, 33.00, 33.40, 336, tse]
[1324, 11.1, 10.9, 11.10, 11.05, 75, tse]
[1325, 25.35, 24.35, 24.90, 25.10, 1612, tse]
[1326, 74.2, 71.2, 74.00, 71.50, 22740, tse]
[1336, 31.25, 26.35, 27.00, 31.20, 14780, otc]
[1337, 7.2, 7.02, 7.03, 7.13, 2195, tse]
[1338, 46.25, 43.05, 43.15, 45.85, 1100, tse]
[1339, 42.4, 40.95, 41.35, 42.00, 926, tse]
[1340, 10.3, 9.93, 10.00, 10.25, 581, tse]
[1341, 68.4, 67.3, 67.30, 68.00, 107, tse]
[1342, 138.0, 116.0, 119.00, 124.50, 19304, tse]
[1402, 33.3, 32.2, 33.10, 32.35, 44519, tse]
[1409, 18.25, 17.75, 17.75, 18.15, 13463, tse]
[1410, 41.95, 40.35, 40.70, 40.70, 449, tse]
[1413, 9.55, 9.31, 9.40, 9.53, 398, tse]
[1414, 18.1, 17.7, 17.90, 18.05, 1124, tse]
[1416, 10.4, 10.25, 10.30, 10.35, 639, tse]
[1417, 15.0, 13.9, 13.90, 14.45, 19451, tse]
[1418, 14.25, 13.65, 14.25, 14.05, 60, tse]
[1419, 40.85, 40.1, 40.45, 40.75, 140, tse]
[1423, 20.75, 20.15, 20.55, 20.45, 860, tse]
[1432, 13.8, 12.75, 12.80, 13.75, 3758, tse]
[1434, 27.25, 26.95, 27.05, 27.25, 6000, tse]
[1436, 55.5, 53.9, 54.90, 54.90, 178, tse]
[1437, 26.2, 25.65, 25.70, 25.95, 533, tse]
[1438, 32.9, 31.4, 32.15, 32.45, 352, tse]
[1439, 22.25, 21.4, 21.90, 22.10, 550, tse]
[1440, 17.5, 16.75, 16.85, 17.50, 6779, tse]
[1441, 8.02, 7.9, 7.99, 8.00, 276, tse]
[1442, 33.55, 31.05, 32.90, 31.25, 6369, tse]
[1443, 33.5, 26.85, 27.95, 31.70, 10003, tse]
[1444, 10.5, 10.35, 10.40, 10.45, 7452, tse]
[1445, 16.2, 15.9, 16.15, 16.00, 2365, tse]
[1446, 32.7, 31.7, 31.70, 32.65, 335, tse]
[1447, 7.88, 7.79, 7.80, 7.83, 4262, tse]
[1449, 16.35, 15.05, 15.30, 15.15, 688, tse]
[1451, 21.35, 21.1, 21.10, 21.25, 1358, tse]
[1452, 18.15, 17.6, 17.60, 18.05, 569, tse]
[1453, 17.5, 14.1, 14.30, 16.45, 6614, tse]
[1454, 13.65, 13.2, 13.60, 13.35, 264, tse]
[1455, 11.0, 10.5, 10.50, 10.80, 3209, tse]
[1456, 15.95, 15.2, 15.40, 15.90, 100, tse]
[1457, 19.0, 18.75, 18.80, 18.95, 1608, tse]
[1459, 8.68, 8.33, 8.54, 8.64, 382, tse]
[1460, 7.18, 7.1, 7.15, 7.16, 3444, tse]
[1463, 15.2, 14.6, 14.95, 14.70, 673, tse]
[1464, 14.15, 13.95, 14.05, 14.10, 954, tse]
[1465, 14.2, 13.75, 13.90, 14.15, 353, tse]
[1466, 11.8, 11.55, 11.75, 11.75, 409, tse]
[1467, 12.0, 11.4, 12.00, 11.60, 11090, tse]
[1468, 15.65, 14.25, 15.50, 15.20, 477, tse]
[1470, 19.05, 18.1, 18.25, 18.50, 95, tse]
[1471, 8.05, 7.68, 7.74, 7.87, 1670, tse]
[1472, 25.0, 22.75, 25.00, 22.80, 59, tse]
[1473, 21.45, 20.6, 21.45, 20.90, 577, tse]
[1474, 12.25, 12.0, 12.15, 12.15, 519, tse]
[1475, 72.0, 67.9, 69.50, 69.80, 569, tse]
[1476, 510.0, 477.0, 501.00, 489.50, 6688, tse]
[1477, 240.5, 211.5, 236.00, 220.50, 18433, tse]
[1503, 66.6, 62.8, 63.40, 65.60, 4723, tse]
[1504, 29.1, 28.45, 28.50, 29.00, 27307, tse]
[1506, 18.1, 17.3, 17.30, 17.75, 2131, tse]
[1512, 6.11, 4.85, 4.92, 6.00, 3722, tse]
[1513, 83.3, 72.8, 74.10, 78.10, 163983, tse]
[1514, 34.65, 32.6, 33.80, 32.70, 30680, tse]
[1515, 32.2, 29.65, 29.85, 31.80, 3159, tse]
[1516, 20.4, 19.9, 20.20, 20.20, 612, tse]
[1517, 20.9, 20.0, 20.20, 20.75, 2345, tse]
[1519, 58.4, 52.4, 53.10, 54.50, 56097, tse]
[1521, 35.45, 34.4, 34.65, 35.45, 101, tse]
[1522, 28.6, 27.4, 27.40, 27.80, 10017, tse]
[1524, 26.35, 23.85, 23.85, 25.25, 40610, tse]
[1525, 59.9, 57.1, 57.10, 59.80, 187, tse]
[1526, 42.3, 40.5, 40.50, 42.05, 928, tse]
[1527, 42.7, 41.6, 41.80, 42.65, 1777, tse]
[1528, 10.2, 9.92, 9.92, 10.10, 1500, tse]
[1529, 24.95, 23.5, 24.30, 23.80, 28239, tse]
[1530, 31.75, 31.1, 31.15, 31.65, 165, tse]
[1531, 14.1, 13.85, 13.90, 14.10, 569, tse]
[1532, 30.85, 29.65, 29.70, 30.75, 2480, tse]
[1533, 51.7, 48.85, 49.30, 50.50, 1148, tse]
[1535, 44.1, 43.5, 43.50, 44.00, 716, tse]
[1536, 74.4, 70.9, 71.50, 73.70, 10751, tse]
[1537, 141.5, 138.0, 139.00, 141.00, 553, tse]
[1538, 7.66, 7.02, 7.02, 7.30, 38, tse]
[1539, 29.6, 27.8, 28.20, 28.75, 1977, tse]
[1540, 15.95, 15.55, 15.55, 15.85, 538, tse]
[1541, 33.8, 32.7, 32.70, 33.75, 102, tse]
[1558, 120.5, 119.0, 120.00, 120.50, 244, tse]
[1560, 123.5, 117.0, 120.00, 120.50, 22913, tse]
[1565, 262.5, 251.5, 255.00, 260.50, 1023, otc]
[1568, 24.9, 22.5, 22.55, 24.30, 3232, tse]
[1569, 24.3, 22.45, 22.45, 23.70, 2143, otc]
[1570, 18.8, 17.0, 17.00, 18.00, 533, otc]
[1580, 95.1, 91.5, 92.50, 94.20, 717, otc]
[1582, 61.3, 59.2, 59.70, 60.90, 796, tse]
[1583, 62.8, 61.7, 62.00, 62.40, 39, tse]
[1584, 26.2, 23.3, 23.50, 25.50, 79591, otc]
[1586, 34.8, 34.05, 34.70, 34.10, 336, otc]
[1587, 22.75, 21.9, 21.95, 22.60, 420, tse]
[1589, 71.6, 60.4, 62.00, 68.10, 9357, tse]
[1590, 1085.0, 987.0, 1,025.00, 1,080.00, 5458, tse]
[1591, 21.75, 17.5, 17.50, 20.80, 5480, otc]
[1593, 72.5, 70.4, 72.50, 71.70, 129, otc]
[1595, 38.4, 37.85, 38.15, 38.40, 149, otc]
[1597, 74.9, 70.0, 70.00, 74.40, 451, tse]
[1598, 44.85, 41.2, 41.60, 44.65, 1509, tse]
[1599, 40.3, 39.05, 39.05, 40.10, 337, otc]
[1603, 27.0, 26.1, 26.20, 26.60, 3045, tse]
[1604, 26.8, 26.45, 26.55, 26.55, 778, tse]
[1605, 55.3, 48.0, 48.35, 54.20, 503664, tse]
[1608, 16.2, 14.7, 14.95, 15.40, 23961, tse]
[1609, 24.8, 20.7, 20.80, 23.50, 117271, tse]
[1611, 14.7, 13.1, 13.15, 14.10, 10270, tse]
[1612, 21.0, 18.45, 18.70, 19.45, 24649, tse]
[1614, 36.3, 35.9, 36.00, 36.20, 705, tse]
[1615, 31.4, 30.15, 30.15, 31.05, 497, tse]
[1616, 7.8, 7.33, 7.43, 7.63, 1069, tse]
[1617, 15.1, 14.8, 14.90, 15.00, 100, tse]
[1618, 15.75, 15.0, 15.10, 15.00, 3882, tse]
[1626, 17.8, 17.0, 17.15, 17.55, 423, tse]
[1701, 27.7, 26.45, 27.15, 27.05, 49823, tse]
[1702, 46.95, 45.5, 45.50, 46.80, 1594, tse]
[1707, 175.5, 162.5, 163.00, 173.50, 5979, tse]
[1708, 42.8, 41.1, 41.25, 42.35, 13976, tse]
[1709, 23.4, 22.6, 22.70, 23.15, 3900, tse]
[1710, 19.15, 18.4, 18.55, 19.15, 5586, tse]
[1711, 19.25, 18.4, 18.45, 19.20, 5836, tse]
[1712, 39.1, 37.55, 37.55, 38.80, 7728, tse]
[1713, 25.65, 24.9, 25.00, 25.10, 192, tse]
[1714, 8.82, 8.56, 8.60, 8.74, 4457, tse]
[1717, 33.1, 32.35, 32.75, 33.05, 9133, tse]
[1718, 8.76, 8.42, 8.43, 8.76, 16777, tse]
[1720, 58.0, 55.1, 56.00, 57.40, 6103, tse]
[1721, 15.75, 14.85, 14.85, 15.35, 5141, tse]
[1722, 57.5, 54.5, 54.90, 57.10, 12842, tse]
[1723, 110.0, 107.0, 108.50, 110.00, 1406, tse]
[1725, 21.4, 20.3, 20.30, 21.15, 181, tse]
[1726, 71.3, 70.9, 71.00, 71.20, 71, tse]
[1727, 26.85, 24.3, 24.30, 26.35, 2246, tse]
[1730, 55.9, 54.8, 55.00, 55.90, 94, tse]
[1731, 19.9, 19.35, 19.35, 19.80, 1161, tse]
[1732, 30.3, 28.8, 29.35, 29.65, 1618, tse]
[1733, 25.35, 24.7, 24.85, 25.25, 853, tse]
[1734, 31.9, 30.35, 31.10, 31.55, 8135, tse]
[1735, 15.25, 14.85, 14.95, 15.20, 25, tse]
[1736, 74.8, 70.3, 71.70, 73.80, 9973, tse]
[1737, 32.8, 32.4, 32.65, 32.65, 680, tse]
[1742, 14.7, 14.3, 14.35, 14.70, 349, otc]
[1752, 58.9, 54.8, 56.00, 56.60, 19724, tse]
[1760, 179.0, 164.5, 168.00, 173.50, 22408, tse]
[1762, 64.3, 60.5, 61.00, 62.80, 3287, tse]
[1773, 141.0, 118.0, 120.00, 136.50, 4059, tse]
[1776, 16.9, 16.5, 16.65, 16.90, 88, tse]
[1777, 84.6, 81.8, 82.80, 83.60, 328, otc]
[1781, 15.6, 14.9, 15.10, 15.60, 398, otc]
[1783, 57.8, 49.0, 49.90, 57.80, 11088, tse]
[1784, 46.05, 42.7, 43.80, 45.10, 2380, otc]
[1785, 39.2, 33.75, 33.90, 38.95, 30797, otc]
[1786, 61.0, 52.4, 53.00, 57.70, 2693, tse]
[1788, 145.0, 142.0, 142.50, 144.50, 76, otc]
[1789, 26.95, 25.5, 25.65, 26.55, 7674, tse]
[1795, 256.0, 234.0, 246.00, 249.00, 43327, tse]
[1796, 76.4, 66.7, 68.80, 74.00, 1909, otc]
[1799, 15.95, 14.65, 15.95, 14.80, 91, otc]
[1802, 23.6, 22.45, 22.95, 23.35, 30912, tse]
[1805, 10.3, 9.8, 9.90, 10.15, 124, tse]
[1806, 9.13, 8.99, 9.00, 9.12, 1123, tse]
[1808, 72.5, 69.4, 71.00, 72.20, 2613, tse]
[1809, 15.0, 13.35, 14.00, 14.65, 26422, tse]
[1810, 19.85, 17.7, 17.85, 18.75, 44267, tse]
[1813, 21.5, 21.0, 21.05, 21.35, 159, otc]
[1815, 12.65, 12.1, 12.25, 12.65, 9676, otc]
[1817, 40.2, 38.85, 39.20, 40.15, 1334, tse]
[1903, 49.5, 47.7, 48.20, 49.50, 787, tse]
[1904, 29.3, 28.5, 28.50, 29.05, 6347, tse]
[1905, 17.25, 16.45, 16.45, 17.25, 5054, tse]
[1906, 18.05, 17.05, 17.05, 17.95, 5966, tse]
[1907, 26.25, 25.1, 25.10, 26.15, 8987, tse]
[1909, 18.95, 17.6, 17.65, 18.70, 43153, tse]
[2002, 32.3, 31.3, 32.00, 31.40, 149989, tse]
[2006, 58.0, 55.8, 57.10, 57.60, 10101, tse]
[2007, 12.9, 12.15, 12.20, 12.30, 12576, tse]
[2008, 18.6, 18.3, 18.60, 18.45, 201, tse]
[2009, 38.3, 32.3, 32.80, 35.55, 99618, tse]
[2010, 16.8, 16.05, 16.15, 16.70, 4284, tse]
[2012, 24.95, 23.95, 24.00, 24.80, 462, tse]
[2013, 61.0, 59.1, 59.50, 60.30, 1124, tse]
[2014, 29.6, 27.8, 29.15, 27.80, 102536, tse]
[2015, 71.0, 67.6, 68.00, 71.00, 2074, tse]
[2017, 16.0, 14.5, 14.60, 15.55, 10482, tse]
[2020, 24.25, 23.25, 23.40, 24.00, 1215, tse]
[2022, 8.65, 8.31, 8.31, 8.49, 3942, tse]
[2023, 17.55, 16.2, 16.60, 17.15, 41783, tse]
[2024, 19.3, 18.05, 18.60, 19.30, 286, tse]
[2025, 5.16, 4.92, 5.16, 5.02, 1569, tse]
[2027, 45.6, 43.7, 43.90, 44.20, 67624, tse]
[2028, 31.5, 29.2, 29.90, 29.60, 11160, tse]
[2029, 26.15, 25.25, 25.40, 25.30, 3440, tse]
[2030, 25.0, 23.25, 23.35, 24.10, 14170, tse]
[2031, 49.0, 45.75, 46.25, 47.60, 16881, tse]
[2032, 22.15, 20.7, 20.95, 21.00, 7184, tse]
[2033, 16.45, 15.5, 15.80, 15.70, 2984, tse]
[2034, 31.0, 29.75, 29.85, 30.35, 10603, tse]
[2035, 32.15, 31.6, 32.15, 31.95, 136, otc]
[2038, 24.65, 23.05, 23.55, 23.10, 15334, tse]
[2049, 235.0, 212.0, 215.00, 229.50, 30595, tse]
[2059, 411.0, 393.5, 408.00, 405.00, 2723, tse]
[2061, 26.1, 24.7, 26.10, 25.00, 517, otc]
[2062, 24.85, 23.7, 23.85, 24.50, 1200, tse]
[2063, 45.65, 44.6, 45.05, 45.00, 549, otc]
[2064, 18.5, 17.3, 17.90, 18.40, 191, otc]
[2065, 55.7, 53.7, 54.00, 55.00, 667, otc]
[2066, 82.4, 74.7, 74.70, 80.90, 1034, otc]
[2067, 10.65, 10.15, 10.55, 10.15, 232, otc]
[2069, 21.9, 20.7, 20.95, 21.55, 3022, tse]
[2070, 38.85, 37.35, 38.00, 37.50, 238, otc]
[2101, 34.5, 33.55, 33.55, 34.50, 2842, tse]
[2102, 21.05, 20.4, 20.40, 20.90, 3098, tse]
[2103, 30.1, 27.85, 27.85, 29.60, 12402, tse]
[2104, 20.65, 19.65, 19.70, 20.60, 10908, tse]
[2105, 35.25, 34.3, 35.10, 34.55, 19529, tse]
[2106, 31.35, 30.5, 30.75, 31.30, 2792, tse]
[2107, 22.45, 21.75, 22.00, 22.25, 1277, tse]
[2108, 41.6, 39.25, 39.50, 40.85, 7051, tse]
[2109, 14.8, 14.05, 14.60, 14.40, 1060, tse]
[2114, 100.5, 95.5, 95.90, 100.00, 151, tse]
[2115, 30.7, 29.9, 30.55, 30.60, 126, tse]
[2201, 84.9, 73.6, 74.00, 78.10, 282768, tse]
[2204, 61.0, 57.0, 58.40, 58.60, 26403, tse]
[2206, 35.85, 34.35, 34.35, 35.70, 13385, tse]
[2207, 666.0, 626.0, 655.00, 657.00, 2764, tse]
[2208, 20.6, 18.6, 18.60, 20.45, 22484, tse]
[2211, 53.8, 52.1, 52.10, 53.60, 1542, tse]
[2221, 39.1, 38.0, 38.50, 38.30, 642, otc]
[2227, 206.5, 199.0, 201.00, 204.00, 193, tse]
[2228, 78.5, 74.7, 76.10, 77.40, 737, tse]
[2230, 59.9, 41.55, 41.95, 52.50, 28780, otc]
[2231, 165.0, 141.0, 141.50, 161.50, 8295, tse]
[2233, 104.5, 98.8, 99.00, 103.00, 629, tse]
[2235, 48.75, 46.35, 46.75, 46.85, 31, otc]
[2236, 36.05, 31.15, 31.75, 36.05, 5772, tse]
[2239, 64.8, 60.4, 60.40, 64.50, 431, tse]
[2241, 32.3, 30.8, 31.20, 31.90, 323, tse]
[2243, 17.1, 15.45, 15.45, 16.80, 1712, tse]
[2247, 219.0, 213.0, 213.50, 216.00, 253, tse]
[2250, 75.8, 70.6, 70.60, 73.80, 91, tse]
[2301, 68.9, 66.0, 68.90, 68.20, 38887, tse]
[2302, 17.35, 16.0, 16.05, 16.90, 5221, tse]
[2303, 50.5, 47.5, 47.95, 50.10, 695646, tse]
[2305, 26.7, 25.65, 25.65, 26.20, 2718, tse]
[2308, 302.0, 284.0, 295.00, 301.50, 52368, tse]
[2312, 13.85, 13.25, 13.35, 13.85, 28277, tse]
[2313, 47.1, 44.4, 44.80, 46.75, 77028, tse]
[2314, 44.0, 38.8, 38.90, 42.50, 9072, tse]
[2316, 28.2, 27.6, 27.75, 28.00, 565, tse]
[2317, 101.0, 98.0, 99.60, 99.60, 306820, tse]
[2321, 6.2, 5.81, 6.19, 6.00, 140, tse]
[2323, 8.1, 7.55, 7.98, 7.92, 35582, tse]
[2324, 23.25, 22.6, 23.20, 22.95, 74743, tse]
[2327, 547.0, 522.0, 543.00, 540.00, 19626, tse]
[2328, 39.55, 36.7, 37.00, 38.60, 22127, tse]
[2329, 20.2, 17.95, 18.15, 19.80, 44835, tse]
[2330, 543.0, 521.0, 542.00, 542.00, 349982, tse]
[2331, 21.9, 20.7, 20.70, 21.65, 6301, tse]
[2332, 15.85, 15.15, 15.15, 15.60, 8032, tse]
[2337, 37.45, 35.1, 35.60, 37.25, 65164, tse]
[2338, 93.5, 89.5, 90.60, 90.00, 34752, tse]
[2340, 38.75, 35.85, 36.60, 37.95, 15519, tse]
[2342, 42.2, 39.05, 39.30, 41.20, 9543, tse]
[2344, 23.75, 21.35, 21.35, 23.25, 207386, tse]
[2345, 262.0, 243.0, 262.00, 256.50, 23260, tse]
[2347, 62.8, 59.7, 61.50, 62.60, 27543, tse]
[2348, 69.0, 66.2, 66.80, 69.00, 300, tse]
[2349, 8.36, 7.98, 8.01, 8.23, 9587, tse]
[2351, 125.0, 98.5, 98.70, 120.00, 36129, tse]
[2352, 28.9, 28.0, 28.10, 28.90, 25950, tse]
[2353, 25.1, 24.35, 24.65, 24.70, 60647, tse]
[2354, 56.9, 52.7, 53.40, 56.30, 50991, tse]
[2355, 30.6, 29.25, 29.55, 30.50, 4009, tse]
[2356, 26.1, 25.2, 26.00, 25.65, 46596, tse]
[2357, 280.5, 271.5, 275.00, 278.00, 11745, tse]
[2358, 17.3, 15.9, 16.15, 16.30, 33487, tse]
[2359, 27.4, 26.25, 26.40, 26.80, 9128, tse]
[2360, 193.5, 181.5, 187.50, 190.50, 6915, tse]
[2362, 31.85, 30.65, 30.65, 31.45, 1605, tse]
[2363, 18.6, 16.95, 17.05, 18.10, 25544, tse]
[2364, 114.5, 90.2, 90.50, 107.00, 6414, tse]
[2365, 10.75, 10.3, 10.55, 10.35, 1951, tse]
[2367, 18.75, 17.75, 17.85, 18.65, 23008, tse]
[2368, 94.7, 85.9, 89.60, 93.40, 55377, tse]
[2369, 15.3, 13.15, 13.25, 15.05, 17741, tse]
[2371, 34.8, 33.25, 33.35, 34.40, 28279, tse]
[2373, 79.7, 77.0, 77.20, 79.70, 550, tse]
[2374, 21.25, 20.3, 20.60, 21.10, 2372, tse]
[2375, 65.0, 58.2, 59.00, 63.50, 4648, tse]
[2376, 122.0, 114.5, 116.00, 114.50, 50459, tse]
[2377, 134.5, 129.0, 130.00, 132.00, 19406, tse]
[2379, 352.0, 317.0, 324.00, 348.00, 22249, tse]
[2380, 11.45, 10.45, 10.60, 11.10, 7253, tse]
[2382, 76.9, 74.7, 76.70, 76.10, 34068, tse]
[2383, 194.0, 179.0, 184.00, 190.00, 16300, tse]
[2385, 89.5, 85.8, 87.50, 89.50, 10026, tse]
[2387, 39.4, 38.05, 38.10, 39.25, 2055, tse]
[2388, 77.2, 67.1, 67.70, 72.20, 91798, tse]
[2390, 13.45, 12.35, 12.35, 13.25, 3313, tse]
[2392, 39.85, 37.1, 37.10, 39.80, 12317, tse]
[2393, 38.3, 36.75, 36.95, 38.10, 5329, tse]
[2395, 360.0, 336.0, 341.50, 360.00, 6233, tse]
[2397, 61.6, 60.7, 61.50, 61.60, 346, tse]
[2399, 14.85, 13.95, 14.20, 14.70, 12264, tse]
[2401, 25.45, 23.2, 23.20, 24.95, 12004, tse]
[2402, 18.8, 17.7, 17.70, 18.50, 9594, tse]
[2404, 212.5, 200.0, 200.00, 208.00, 7932, tse]
[2405, 12.5, 11.65, 11.70, 12.40, 6686, tse]
[2406, 20.3, 18.9, 19.00, 19.65, 13366, tse]
[2408, 61.2, 57.3, 60.50, 59.90, 67021, tse]
[2409, 16.95, 16.1, 16.20, 16.50, 223924, tse]
[2412, 115.5, 111.5, 115.50, 113.00, 88367, tse]
[2413, 29.95, 26.6, 26.65, 29.10, 20175, tse]
[2414, 32.0, 31.2, 31.20, 31.90, 516, tse]
[2415, 24.85, 21.2, 21.20, 24.10, 2644, tse]
[2417, 23.7, 22.35, 22.35, 23.60, 1760, tse]
[2419, 26.6, 25.2, 25.50, 26.10, 10357, tse]
[2420, 41.2, 39.7, 39.95, 40.95, 653, tse]
[2421, 44.0, 41.7, 41.70, 43.30, 6161, tse]
[2423, 28.5, 27.95, 28.10, 28.20, 918, tse]
[2424, 20.3, 19.35, 19.75, 19.80, 135, tse]
[2425, 31.3, 29.55, 30.25, 31.15, 7104, tse]
[2426, 17.95, 16.8, 16.95, 17.80, 1773, tse]
[2427, 12.15, 11.85, 12.00, 12.10, 719, tse]
[2428, 153.5, 140.0, 141.00, 148.50, 5287, tse]
[2429, 10.35, 9.88, 10.00, 10.10, 75, tse]
[2430, 46.65, 44.45, 44.45, 46.40, 911, tse]
[2431, 10.15, 9.68, 10.00, 10.10, 826, tse]
[2433, 49.35, 48.6, 48.60, 49.10, 100, tse]
[2434, 29.1, 27.7, 28.70, 28.10, 268, tse]
[2436, 52.7, 45.6, 46.10, 50.90, 30713, tse]
[2438, 14.55, 14.15, 14.15, 14.35, 146, tse]
[2439, 83.5, 79.6, 79.60, 83.30, 3719, tse]
[2440, 12.25, 11.85, 12.05, 12.10, 416, tse]
[2441, 54.3, 49.3, 49.30, 53.90, 14133, tse]
[2442, 13.3, 13.0, 13.20, 13.10, 1390, tse]
[2443, 3.0, 2.8, 3.00, 2.80, 839, tse]
[2444, 19.2, 17.85, 18.20, 17.85, 14512, tse]
[2449, 40.3, 37.45, 37.60, 40.25, 41232, tse]
[2450, 32.2, 31.5, 31.50, 32.05, 468, tse]
[2451, 68.5, 67.5, 67.90, 68.30, 2071, tse]
[2453, 26.45, 25.8, 26.10, 26.35, 771, tse]
[2454, 753.0, 709.0, 734.00, 751.00, 55860, tse]
[2455, 88.9, 82.0, 83.50, 84.30, 32552, tse]
[2457, 41.2, 38.25, 39.00, 40.45, 14656, tse]
[2458, 109.5, 91.7, 91.70, 107.50, 20212, tse]
[2459, 53.6, 52.9, 53.10, 53.50, 299, tse]
[2460, 18.3, 17.2, 17.20, 17.80, 1263, tse]
[2461, 19.5, 18.9, 19.20, 19.45, 1742, tse]
[2462, 30.9, 28.6, 28.95, 30.60, 3123, tse]
[2464, 39.3, 38.5, 38.50, 39.30, 1077, tse]
[2465, 44.5, 41.8, 42.95, 42.30, 27432, tse]
[2466, 34.9, 33.6, 33.75, 34.90, 107, tse]
[2467, 45.45, 43.95, 44.00, 45.00, 467, tse]
[2468, 31.5, 27.15, 27.80, 29.40, 34850, tse]
[2471, 28.85, 28.15, 28.40, 28.60, 907, tse]
[2472, 59.9, 56.3, 56.30, 58.70, 2611, tse]
[2474, 186.5, 176.5, 178.00, 185.50, 18332, tse]
[2476, 49.45, 47.05, 47.20, 48.80, 5633, tse]
[2477, 20.9, 20.15, 20.30, 20.60, 236, tse]
[2478, 47.25, 43.15, 43.30, 45.40, 1191, tse]
[2480, 86.0, 84.6, 85.50, 85.00, 793, tse]
[2481, 70.3, 63.9, 64.80, 69.10, 37921, tse]
[2482, 39.7, 27.8, 28.00, 39.00, 130459, tse]
[2483, 25.45, 24.2, 24.60, 25.10, 1324, tse]
[2484, 38.4, 33.15, 33.80, 37.10, 23267, tse]
[2485, 18.15, 17.3, 17.55, 17.95, 3430, tse]
[2486, 24.0, 21.55, 21.75, 23.70, 13431, tse]
[2488, 29.55, 28.95, 29.00, 29.45, 490, tse]
[2489, 10.35, 9.83, 9.87, 10.25, 7852, tse]
[2491, 12.1, 11.3, 11.35, 12.10, 232, tse]
[2492, 104.5, 85.6, 86.50, 100.00, 38277, tse]
[2493, 49.2, 46.4, 46.60, 49.20, 1343, tse]
[2495, 18.2, 17.1, 17.20, 18.00, 7248, tse]
[2496, 54.5, 47.8, 47.80, 52.20, 628, tse]
[2497, 82.0, 72.7, 72.90, 77.50, 19680, tse]
[2498, 69.3, 57.8, 58.60, 65.10, 220295, tse]
[2501, 16.5, 16.1, 16.10, 16.50, 2431, tse]
[2504, 25.8, 25.45, 25.70, 25.70, 7475, tse]
[2505, 18.65, 18.15, 18.35, 18.60, 920, tse]
[2506, 9.41, 9.22, 9.28, 9.30, 1318, tse]
[2509, 14.7, 14.3, 14.55, 14.70, 298, tse]
[2511, 11.5, 11.0, 11.00, 11.50, 4133, tse]
[2514, 16.95, 16.65, 16.85, 16.80, 558, tse]
[2515, 8.62, 8.26, 8.26, 8.60, 15591, tse]
[2516, 5.1, 4.99, 4.99, 5.02, 499, tse]
[2520, 29.35, 28.75, 28.85, 29.30, 3495, tse]
[2524, 34.0, 32.9, 34.00, 32.95, 125, tse]
[2527, 21.8, 20.85, 20.95, 21.75, 787, tse]
[2528, 16.75, 16.2, 16.20, 16.65, 186, tse]
[2530, 18.0, 17.25, 17.25, 17.75, 3213, tse]
[2534, 23.35, 22.45, 23.05, 22.75, 5325, tse]
[2535, 30.9, 30.1, 30.30, 30.65, 1568, tse]
[2536, 22.9, 22.35, 22.65, 22.35, 1333, tse]
[2537, 7.08, 6.97, 7.01, 7.02, 2117, tse]
[2538, 13.05, 12.65, 12.75, 13.05, 2502, tse]
[2539, 33.5, 32.9, 32.90, 33.50, 1582, tse]
[2540, 89.8, 77.4, 86.80, 78.30, 2740, tse]
[2542, 41.8, 40.65, 40.95, 41.80, 20551, tse]
[2543, 9.12, 8.88, 8.92, 9.05, 400, tse]
[2545, 42.15, 40.9, 42.05, 41.95, 1234, tse]
[2546, 56.0, 53.3, 53.60, 55.60, 784, tse]
[2547, 9.12, 9.02, 9.05, 9.06, 1960, tse]
[2548, 89.6, 88.4, 88.80, 89.10, 2772, tse]
[2596, 18.4, 17.9, 18.05, 18.40, 359, otc]
[2597, 130.0, 122.0, 124.00, 129.50, 601, tse]
[2601, 8.8, 8.44, 8.51, 8.68, 8589, tse]
[2603, 160.0, 150.0, 153.00, 157.00, 109908, tse]
[2605, 20.65, 19.0, 19.30, 20.40, 14665, tse]
[2606, 51.6, 49.0, 49.80, 50.30, 24387, tse]
[2607, 27.4, 26.65, 26.75, 27.20, 15931, tse]
[2608, 39.55, 38.5, 38.85, 39.50, 1590, tse]
[2609, 64.9, 61.2, 62.30, 63.60, 155414, tse]
[2610, 20.0, 19.1, 19.25, 19.60, 212738, tse]
[2611, 13.85, 13.1, 13.40, 13.60, 3225, tse]
[2612, 40.35, 37.8, 38.40, 39.35, 3053, tse]
[2613, 23.3, 21.55, 21.70, 22.75, 2228, tse]
[2614, 25.1, 23.65, 23.90, 24.80, 35282, tse]
[2615, 81.7, 73.5, 74.40, 79.50, 76451, tse]
[2616, 31.45, 30.1, 30.70, 31.25, 2934, tse]
[2617, 27.6, 26.1, 26.30, 27.20, 6365, tse]
[2618, 30.0, 28.5, 28.90, 29.30, 291483, tse]
[2630, 16.9, 16.55, 16.65, 16.80, 213, tse]
[2633, 29.45, 28.95, 29.40, 29.35, 28906, tse]
[2634, 35.3, 34.0, 34.50, 34.95, 40485, tse]
[2636, 68.8, 63.5, 63.90, 67.40, 4507, tse]
[2637, 62.8, 58.9, 60.10, 61.60, 21713, tse]
[2640, 91.4, 89.3, 91.00, 90.90, 214, otc]
[2641, 18.7, 17.85, 18.15, 18.30, 8115, otc]
[2642, 51.3, 49.1, 50.30, 50.50, 1439, tse]
[2643, 69.6, 67.7, 68.20, 69.40, 232, otc]
[2701, 12.25, 12.05, 12.05, 12.25, 646, tse]
[2702, 23.0, 22.45, 22.75, 22.80, 1271, tse]
[2704, 32.75, 32.05, 32.60, 32.20, 472, tse]
[2705, 17.3, 16.8, 17.00, 17.10, 1428, tse]
[2706, 14.3, 14.05, 14.15, 14.20, 926, tse]
[2707, 262.5, 245.5, 260.00, 253.50, 5528, tse]
[2712, 33.65, 32.1, 32.10, 33.40, 31, tse]
[2718, 35.15, 33.4, 33.40, 35.10, 50, otc]
[2719, 33.55, 29.4, 29.40, 33.55, 167, otc]
[2722, 33.55, 32.4, 33.00, 33.00, 229, tse]
[2723, 159.0, 144.0, 144.50, 147.50, 8862, tse]
[2724, 13.3, 13.0, 13.30, 13.00, 4, otc]
[2726, 24.95, 22.35, 22.50, 23.80, 295, otc]
[2727, 198.0, 170.5, 170.50, 189.00, 19180, tse]
[2729, 229.0, 212.5, 215.00, 218.00, 1094, otc]
[2731, 112.5, 102.0, 104.50, 107.50, 10081, tse]
[2732, 149.0, 137.0, 148.00, 137.50, 8330, otc]
[2734, 28.3, 25.8, 26.75, 27.75, 952, otc]
[2736, 23.35, 22.05, 22.20, 22.40, 3667, otc]
[2739, 31.0, 30.0, 30.30, 30.40, 387, tse]
[2740, NaN, NaN, NaN, NaN, 0, otc]
[2743, 62.7, 57.2, 58.20, 59.50, 5368, otc]
[2745, 40.5, 38.8, 38.80, 40.00, 546, otc]
[2748, 69.1, 61.5, 65.80, 67.30, 16776, tse]
[2752, 231.0, 219.0, 219.00, 230.00, 292, otc]
[2753, 231.0, 212.0, 229.50, 214.00, 4715, tse]
[2754, 152.0, 140.0, 145.50, 141.00, 2483, otc]
[2755, 87.5, 84.5, 84.50, 85.90, 142, otc]
[2756, 115.0, 106.5, 114.50, 107.00, 138, otc]
[2801, 17.75, 17.4, 17.70, 17.45, 38906, tse]
[2809, 35.55, 34.65, 34.95, 35.40, 10677, tse]
[2812, 13.25, 13.0, 13.10, 13.25, 44042, tse]
[2816, 16.25, 15.9, 16.15, 16.25, 244, tse]
[2820, 15.4, 14.95, 14.95, 15.40, 3292, tse]
[2832, 20.8, 20.6, 20.70, 20.75, 553, tse]
[2834, 13.6, 13.1, 13.50, 13.25, 110599, tse]
[2836, 12.9, 12.7, 12.80, 12.90, 2818, tse]
[2838, 16.5, 15.9, 16.00, 16.50, 6430, tse]
[2845, 11.85, 11.55, 11.70, 11.85, 28468, tse]
[2849, 15.05, 14.7, 14.90, 14.90, 186, tse]
[2850, 51.1, 49.45, 50.40, 50.80, 1115, tse]
[2851, 18.75, 17.8, 18.10, 18.65, 15823, tse]
[2852, 16.6, 16.15, 16.25, 16.50, 1483, tse]
[2855, 16.95, 16.15, 16.15, 16.90, 4759, tse]
[2867, 5.7, 5.35, 5.40, 5.60, 76704, tse]
[2880, 23.6, 22.7, 23.50, 22.75, 79615, tse]
[2881, 61.5, 59.5, 61.30, 59.80, 113150, tse]
[2882, 44.3, 42.2, 42.95, 43.30, 184150, tse]
[2883, 13.3, 13.0, 13.15, 13.10, 212126, tse]
[2884, 24.9, 24.35, 24.60, 24.70, 161630, tse]
[2885, 23.15, 22.4, 23.10, 22.75, 124982, tse]
[2886, 33.55, 31.9, 33.30, 32.45, 121361, tse]
[2887, 16.7, 15.95, 16.00, 16.30, 129848, tse]
[2888, 9.05, 8.83, 9.02, 8.83, 198300, tse]
[2889, 13.25, 12.2, 12.40, 13.15, 52263, tse]
[2890, 17.9, 17.15, 17.80, 17.45, 148689, tse]
[2891, 23.4, 22.35, 23.25, 22.40, 247790, tse]
[2892, 27.2, 26.0, 27.05, 26.20, 171507, tse]
[2897, 9.82, 9.17, 9.20, 9.74, 45056, tse]
[2901, 23.95, 23.65, 23.90, 23.85, 86, tse]
[2903, 21.95, 21.6, 21.65, 21.95, 9174, tse]
[2904, 20.35, 19.9, 19.95, 20.35, 191, tse]
[2905, 15.85, 15.25, 15.40, 15.80, 1919, tse]
[2906, 19.3, 17.5, 17.90, 18.80, 9398, tse]
[2908, 20.1, 19.8, 19.85, 20.00, 705, tse]
[2910, 30.9, 29.3, 29.65, 29.95, 86, tse]
[2911, 7.49, 6.94, 6.94, 7.16, 2121, tse]
[2912, 295.0, 267.5, 293.50, 269.50, 14309, tse]
[2913, 21.85, 20.9, 21.50, 21.75, 4587, tse]
[2915, 68.5, 64.1, 64.20, 67.50, 17739, tse]
[2916, 30.05, 27.95, 28.15, 29.50, 1677, otc]
[2923, 22.45, 21.65, 21.90, 22.15, 24, tse]
[2924, 37.5, 32.5, 34.70, 36.00, 71, otc]
[2926, 60.2, 58.8, 60.20, 59.10, 69, otc]
[2929, 22.45, 16.55, 17.60, 16.70, 75259, tse]
[2937, 36.3, 35.55, 35.75, 36.00, 31, otc]
[2939, 36.35, 31.5, 31.50, 34.15, 849, tse]
[2945, 43.75, 42.35, 42.35, 43.25, 81, tse]
[2947, 96.0, 92.1, 92.50, 94.50, 25, otc]
[3002, 11.65, 11.2, 11.20, 11.60, 413, tse]
[3003, 73.4, 69.0, 69.30, 73.00, 2498, tse]
[3004, 80.3, 77.3, 79.00, 77.30, 1138, tse]
[3005, 46.85, 45.3, 45.50, 46.60, 6369, tse]
[3006, 84.0, 73.8, 75.00, 81.50, 48975, tse]
[3008, 2260.0, 2125.0, 2,130.00, 2,245.00, 3317, tse]
[3010, 87.8, 85.3, 86.30, 87.60, 1654, tse]
[3011, 18.3, 17.05, 17.10, 18.10, 2715, tse]
[3013, 21.25, 18.4, 18.75, 20.55, 35643, tse]
[3014, 83.8, 75.3, 75.30, 82.10, 6962, tse]
[3015, 39.5, 38.55, 38.95, 39.45, 378, tse]
[3016, 80.3, 73.3, 73.50, 78.00, 5384, tse]
[3017, 114.0, 103.0, 110.00, 112.00, 35438, tse]
[3019, 68.5, 62.1, 62.50, 67.20, 11208, tse]
[3021, 22.4, 20.2, 20.35, 22.40, 2755, tse]
[3022, 76.2, 72.9, 74.20, 74.60, 6504, tse]
[3023, 301.0, 283.5, 292.00, 300.50, 4159, tse]
[3024, 13.45, 13.05, 13.10, 13.20, 2343, tse]
[3025, 21.0, 19.9, 20.00, 20.50, 1733, tse]
[3026, 95.0, 90.4, 90.40, 94.70, 1730, tse]
[3027, 42.1, 36.9, 37.30, 38.50, 78205, tse]
[3028, 30.45, 30.0, 30.25, 30.05, 1399, tse]
[3029, 42.7, 41.35, 41.50, 42.60, 1803, tse]
[3030, 64.1, 62.3, 63.10, 63.70, 3543, tse]
[3031, 16.05, 15.25, 15.30, 16.05, 818, tse]
[3032, 31.0, 30.05, 30.10, 30.85, 361, tse]
[3033, 27.85, 26.95, 27.10, 27.60, 7066, tse]
[3034, 364.5, 349.0, 356.50, 363.00, 40223, tse]
[3035, 201.0, 164.0, 166.00, 194.50, 113961, tse]
[3036, 67.1, 63.5, 64.00, 66.90, 9446, tse]
[3037, 145.0, 129.0, 131.00, 137.00, 176410, tse]
[3038, 21.0, 20.35, 20.45, 20.80, 2780, tse]
[3040, 29.85, 29.3, 29.85, 29.75, 117, tse]
[3041, 23.7, 20.5, 20.50, 23.05, 19362, tse]
[3042, 91.0, 83.7, 84.00, 90.00, 12486, tse]
[3043, 29.05, 25.5, 25.80, 29.05, 408, tse]
[3044, 104.5, 98.8, 99.20, 103.00, 12647, tse]
[3045, 97.4, 94.5, 97.30, 95.20, 22791, tse]
[3046, 48.85, 45.0, 45.30, 47.90, 5755, tse]
[3047, 16.3, 15.6, 15.60, 15.95, 12522, tse]
[3048, 28.45, 26.9, 27.10, 28.15, 3316, tse]
[3049, 9.55, 9.16, 9.16, 9.45, 8418, tse]
[3050, 17.8, 17.15, 17.40, 17.50, 4514, tse]
[3051, 20.1, 17.1, 17.10, 19.95, 7562, tse]
[3052, 10.45, 10.35, 10.40, 10.45, 563, tse]
[3054, 19.5, 18.7, 18.80, 18.90, 34, tse]
[3055, 27.3, 23.95, 24.45, 26.50, 2329, tse]
[3056, 32.0, 30.85, 30.85, 31.80, 2752, tse]
[3057, 11.85, 9.91, 10.00, 11.05, 2544, tse]
[3058, 10.2, 9.75, 9.81, 10.15, 1209, tse]
[3059, 35.35, 32.65, 32.90, 34.85, 15722, tse]
[3060, 17.4, 16.35, 16.60, 17.20, 1068, tse]
[3062, 24.95, 23.3, 23.45, 24.60, 18467, tse]
[3064, 15.05, 13.55, 14.90, 14.00, 156, otc]
[3066, 24.75, 23.8, 24.00, 24.50, 329, otc]
[3067, 36.45, 34.65, 36.45, 34.65, 8, otc]
[3071, 25.7, 24.5, 24.50, 25.30, 491, otc]
[3073, 31.0, 29.8, 30.50, 30.15, 26, otc]
[3078, 29.7, 28.65, 28.70, 29.40, 2001, otc]
[3081, 131.0, 115.5, 117.50, 128.00, 23604, otc]
[3083, 49.85, 46.85, 47.60, 47.05, 3172, otc]
[3085, 11.05, 10.45, 10.55, 11.00, 190, otc]
[3086, 82.0, 78.8, 80.50, 80.80, 140, otc]
[3088, 61.3, 59.9, 60.60, 61.10, 1757, otc]
[3089, 69.0, 65.0, 67.00, 68.00, 399, otc]
[3090, 55.3, 53.0, 53.00, 54.60, 2308, tse]
[3092, 37.3, 34.45, 34.50, 36.50, 2174, tse]
[3093, 29.1, 27.65, 28.10, 28.70, 3824, otc]
[3094, 27.8, 24.7, 24.85, 27.35, 3772, tse]
[3095, 37.0, 34.55, 35.25, 34.55, 62, otc]
[3105, 196.0, 182.0, 185.00, 183.00, 37572, otc]
[3114, 26.4, 25.4, 25.50, 26.25, 426, otc]
[3115, 11.6, 11.05, 11.35, 11.60, 10, otc]
[3118, 29.15, 27.65, 27.65, 28.20, 98, otc]
[3122, 28.15, 24.5, 24.50, 27.55, 2347, otc]
[3128, 46.0, 40.0, 40.20, 42.50, 12076, otc]
[3130, 203.0, 198.5, 199.00, 203.00, 85, tse]
[3131, 258.0, 235.0, 237.00, 246.00, 850, otc]
[3138, 146.5, 138.0, 140.00, 144.00, 1513, tse]
[3141, 107.5, 89.7, 91.00, 104.50, 45526, otc]
[3147, 54.3, 51.4, 52.00, 53.00, 666, otc]
[3149, 19.35, 18.2, 18.20, 19.05, 2652, tse]
[3152, 229.5, 189.0, 192.00, 223.50, 1870, otc]
[3162, 54.8, 48.2, 49.00, 51.40, 26342, otc]
[3163, 55.6, 52.9, 53.40, 54.30, 7143, otc]
[3164, 24.05, 23.25, 23.35, 23.90, 316, tse]
[3167, 45.0, 41.4, 41.40, 44.70, 342, tse]
[3169, 119.0, 107.5, 108.50, 115.00, 4466, otc]
[3171, 16.95, 16.5, 16.60, 16.85, 63, otc]
[3176, 32.8, 31.8, 32.05, 32.40, 1005, otc]
[3178, 74.9, 68.7, 69.50, 70.70, 1993, otc]
[3188, 12.75, 12.3, 12.30, 12.60, 616, otc]
[3189, 119.5, 109.0, 111.50, 115.00, 48185, tse]
[3191, 9.1, 6.85, 6.85, 8.60, 838, otc]
[3202, 15.15, 14.4, 14.40, 15.00, 1536, otc]
[3205, 47.05, 39.1, 39.95, 45.05, 5262, otc]
[3206, 29.65, 28.75, 29.15, 29.45, 533, otc]
[3207, 61.7, 51.9, 52.60, 58.60, 45658, otc]
[3209, 39.6, 38.25, 38.50, 39.15, 5413, tse]
[3211, 77.7, 75.5, 75.50, 77.70, 1459, otc]
[3213, 45.5, 44.5, 45.00, 44.85, 209, otc]
[3217, 96.5, 85.0, 86.00, 87.00, 9541, otc]
[3218, 336.5, 317.5, 329.50, 326.00, 2902, otc]
[3219, 68.7, 60.0, 67.50, 61.20, 696, otc]
[3221, 28.0, 26.0, 26.05, 27.60, 3000, otc]
[3224, 46.5, 40.5, 40.50, 46.00, 2372, otc]
[3226, 55.5, 54.0, 54.10, 55.10, 22, otc]
[3227, 114.5, 99.0, 99.90, 113.50, 9479, otc]
[3228, 207.0, 183.0, 191.00, 195.00, 15405, otc]
[3229, 21.3, 19.6, 21.30, 19.85, 170, tse]
[3230, 12.7, 12.3, 12.35, 12.55, 232, otc]
[3231, 31.95, 30.55, 30.60, 31.95, 98780, tse]
[3232, 31.15, 30.2, 30.35, 30.75, 472, otc]
[3234, 23.35, 21.45, 21.70, 22.35, 2659, otc]
[3236, 25.1, 23.9, 24.00, 24.70, 1871, otc]
[3252, 19.3, 18.2, 18.95, 18.70, 1535, otc]
[3257, 48.1, 41.35, 43.05, 48.10, 1045, tse]
[3259, 19.15, 17.35, 18.40, 18.55, 1594, otc]
[3260, 66.9, 63.6, 63.70, 65.90, 14675, otc]
[3264, 55.4, 51.7, 52.50, 55.10, 28351, otc]
[3265, 51.0, 48.2, 48.70, 49.50, 9686, otc]
[3266, 12.0, 11.8, 11.80, 12.00, 332, tse]
[3268, 24.4, 22.35, 22.40, 23.45, 545, otc]
[3272, 43.35, 41.55, 42.50, 43.15, 2563, otc]
[3276, 12.3, 11.9, 12.00, 12.20, 147, otc]
[3284, 14.8, 14.3, 14.40, 14.30, 371, otc]
[3285, 20.5, 19.2, 19.70, 19.65, 211, otc]
[3287, 13.75, 13.2, 13.25, 13.70, 267, otc]
[3288, 22.9, 21.65, 22.90, 22.70, 22, otc]
[3289, 90.0, 78.5, 78.50, 89.00, 25353, otc]
[3290, 25.15, 21.15, 21.20, 24.60, 11077, otc]
[3293, 525.0, 482.0, 486.00, 524.00, 11877, otc]
[3294, 18.25, 16.85, 17.40, 17.85, 1557, otc]
[3296, 17.75, 16.65, 16.80, 17.60, 2901, tse]
[3297, 18.85, 17.4, 17.45, 18.20, 1059, otc]
[3303, 26.1, 25.35, 25.40, 25.85, 489, otc]
[3305, 51.6, 41.7, 42.00, 50.00, 22705, tse]
[3306, 23.3, 22.0, 22.00, 22.80, 473, otc]
[3308, 14.6, 13.8, 13.95, 14.50, 161, tse]
[3310, 50.6, 43.7, 43.70, 48.80, 1465, otc]
[3311, 34.65, 33.2, 33.20, 34.00, 343, tse]
[3312, 18.55, 17.6, 17.65, 18.25, 1838, tse]
[3313, 10.95, 9.9, 9.99, 10.35, 299, otc]
[3317, 58.4, 54.0, 54.00, 57.70, 2880, otc]
[3321, 9.11, 8.9, 8.93, 9.03, 796, tse]
[3322, 21.3, 18.7, 18.70, 21.20, 10490, otc]
[3323, 35.65, 32.95, 32.95, 35.50, 1387, otc]
[3324, 162.0, 151.0, 153.00, 159.00, 5252, otc]
[3325, 14.4, 12.7, 12.70, 13.75, 917, otc]
[3332, 40.9, 39.9, 40.00, 40.25, 18, otc]
[3338, 34.45, 32.3, 33.05, 34.20, 995, tse]
[3339, 13.0, 12.6, 12.70, 12.65, 629, otc]
[3346, 39.2, 36.2, 36.25, 38.65, 9387, tse]
[3349, 13.35, 12.8, 12.80, 13.10, 75, otc]
[3354, 13.85, 13.2, 13.25, 13.65, 329, otc]
[3356, 40.5, 37.95, 38.15, 39.15, 6735, tse]
[3357, 99.5, 88.8, 88.90, 94.30, 1222, otc]
[3360, 14.3, 13.3, 13.40, 14.00, 925, otc]
[3362, 79.5, 70.1, 70.90, 76.50, 11418, otc]
[3363, 24.2, 23.05, 24.00, 24.10, 1095, otc]
[3372, 12.0, 11.15, 11.20, 11.80, 1728, otc]
[3373, 26.85, 24.8, 25.80, 26.15, 608, otc]
[3374, 111.0, 105.5, 107.50, 107.50, 12995, otc]
[3376, 86.5, 82.3, 83.00, 85.50, 2832, tse]
[3379, 12.1, 11.75, 12.00, 11.90, 199, otc]
[3380, 31.3, 30.0, 30.10, 30.70, 8214, tse]
[3388, 75.6, 73.0, 73.60, 75.30, 151, otc]
[3390, 18.2, 17.5, 18.15, 18.10, 744, otc]
[3402, 46.6, 45.5, 45.55, 45.95, 639, otc]
[3406, 382.0, 353.5, 355.00, 378.00, 9875, tse]
[3413, 199.0, 188.5, 190.00, 195.00, 3403, tse]
[3416, 84.6, 83.7, 84.50, 84.40, 279, tse]
[3419, 18.4, 17.35, 17.45, 17.95, 3659, tse]
[3426, 38.5, 38.0, 38.00, 38.00, 5, otc]
[3430, 47.25, 44.6, 45.70, 47.00, 660, otc]
[3432, 20.15, 18.45, 18.50, 19.75, 1790, tse]
[3434, 25.8, 24.2, 24.30, 25.05, 456, otc]
[3437, 18.5, 17.2, 17.20, 18.40, 1144, tse]
[3438, 58.8, 54.5, 55.00, 56.80, 2060, otc]
[3441, 42.8, 36.9, 37.25, 41.50, 7635, otc]
[3443, 871.0, 746.0, 765.00, 860.00, 35154, tse]
[3444, 63.4, 60.5, 61.40, 60.70, 3998, otc]
[3447, 51.0, 43.0, 44.40, 48.00, 8306, tse]
[3450, 40.9, 37.5, 37.60, 40.10, 2361, tse]
[3454, 221.5, 205.5, 206.00, 209.00, 31629, tse]
[3455, 90.2, 86.6, 87.30, 88.20, 2974, otc]
[3465, 112.0, 101.5, 110.50, 103.00, 273, otc]
[3466, 33.65, 30.9, 30.90, 33.60, 2768, otc]
[3479, 86.2, 79.5, 79.80, 81.50, 13281, otc]
[3481, 12.4, 11.65, 11.75, 12.05, 245854, tse]
[3483, 60.1, 52.2, 52.20, 59.40, 5029, otc]
[3484, 47.8, 43.85, 44.50, 46.65, 989, otc]
[3489, 10.3, 10.0, 10.00, 10.20, 110, otc]
[3490, 25.25, 24.1, 24.10, 24.85, 374, otc]
[3491, 146.0, 136.5, 137.00, 139.50, 7131, otc]
[3492, 19.75, 18.5, 18.50, 19.40, 380, otc]
[3494, 11.0, 10.05, 10.25, 10.45, 4063, tse]
[3498, 39.0, 35.5, 36.00, 38.00, 1215, otc]
[3499, 19.35, 17.9, 17.95, 18.95, 2265, otc]
[3501, 50.5, 49.0, 49.00, 50.20, 681, tse]
[3504, 92.5, 82.6, 83.50, 88.30, 12997, tse]
[3508, 43.2, 35.85, 36.00, 39.45, 11607, otc]
[3511, 34.85, 32.65, 32.65, 34.00, 1530, otc]
[3512, 28.75, 28.3, 28.50, 28.60, 139, otc]
[3515, 158.0, 146.0, 150.50, 147.00, 8945, tse]
[3516, 17.0, 16.0, 16.10, 16.45, 263, otc]
[3518, 21.85, 20.35, 20.35, 21.55, 1103, tse]
[3520, 20.25, 18.65, 18.85, 19.80, 2343, otc]
[3521, 22.4, 20.8, 22.05, 21.80, 3697, otc]
[3522, 11.0, 10.1, 10.10, 10.60, 185, otc]
[3523, 19.0, 18.0, 18.90, 19.00, 38, otc]
[3526, 136.5, 124.0, 127.00, 132.00, 2597, otc]
[3527, 117.5, 106.0, 106.50, 116.00, 1481, otc]
[3528, 51.7, 50.2, 50.70, 51.70, 229, tse]
[3529, 1740.0, 1560.0, 1,575.00, 1,705.00, 4050, otc]
[3530, 86.9, 77.0, 78.00, 84.10, 1932, tse]
[3531, 27.65, 26.4, 26.85, 27.05, 228, otc]
[3532, 166.5, 151.5, 152.00, 163.00, 10658, tse]
[3533, 831.0, 749.0, 799.00, 822.00, 6919, tse]
[3535, 23.2, 22.25, 22.30, 22.80, 3713, tse]
[3536, 3.93, 3.72, 3.89, 3.90, 181, tse]
[3537, 38.45, 36.4, 36.50, 37.85, 1385, otc]
[3540, 28.85, 26.5, 26.70, 27.70, 817, otc]
[3541, 56.3, 54.1, 54.80, 55.50, 209, otc]
[3543, 19.9, 19.1, 19.45, 19.60, 82, tse]
[3545, 70.8, 63.5, 64.10, 69.60, 22470, tse]
[3546, 77.5, 73.5, 74.00, 75.50, 889, otc]
[3548, 65.3, 61.2, 61.30, 64.10, 1827, otc]
[3550, 13.95, 13.7, 13.80, 13.90, 226, tse]
[3551, 59.2, 57.7, 57.80, 59.00, 330, otc]
[3552, 155.5, 142.0, 143.50, 152.50, 7873, otc]
[3555, 28.5, 25.95, 28.50, 27.40, 24, otc]
[3556, 59.4, 55.6, 55.80, 58.50, 679, otc]
[3557, 52.1, 50.3, 50.30, 51.80, 442, tse]
[3558, 244.0, 210.0, 213.00, 241.00, 31899, otc]
[3563, 156.0, 141.0, 141.00, 154.50, 983, tse]
[3564, 33.65, 29.05, 29.45, 33.65, 1399, otc]
[3567, 29.8, 24.8, 24.80, 28.85, 1335, otc]
[3570, 95.0, 92.7, 92.80, 94.00, 61, otc]
[3576, 21.4, 20.65, 20.75, 21.30, 37072, tse]
[3577, 80.1, 77.9, 79.40, 78.30, 386, otc]
[3580, 63.0, 59.3, 59.60, 60.50, 1899, otc]
[3581, 22.5, 21.2, 21.25, 22.40, 109, otc]
[3583, 77.4, 73.8, 73.80, 76.10, 1838, tse]
[3587, 181.5, 161.0, 162.00, 175.00, 11893, otc]
[3588, 68.9, 56.0, 56.00, 68.90, 7469, tse]
[3591, 19.95, 17.5, 17.60, 19.40, 8019, tse]
[3592, 363.0, 343.0, 344.50, 354.50, 4693, tse]
[3593, 13.0, 12.5, 13.00, 12.65, 123, tse]
[3594, 31.95, 28.4, 28.85, 29.65, 9791, otc]
[3596, 105.5, 99.4, 102.00, 103.50, 8251, tse]
[3597, 24.15, 23.2, 23.60, 24.00, 102, otc]
[3605, 34.25, 31.25, 31.25, 33.55, 1526, tse]
[3607, 12.4, 11.95, 12.05, 12.20, 733, tse]
[3609, 46.85, 45.05, 46.05, 46.25, 95, otc]
[3611, 200.5, 197.0, 198.50, 198.50, 159, otc]
[3615, 17.45, 16.7, 16.75, 17.15, 434, otc]
[3617, 106.5, 99.1, 100.00, 101.50, 2159, tse]
[3622, 28.5, 27.7, 28.10, 28.20, 329, tse]
[3623, 16.3, 15.7, 16.00, 16.10, 173, otc]
[3624, 54.2, 45.25, 46.50, 51.20, 43477, otc]
[3625, 13.45, 12.25, 12.75, 13.30, 2160, otc]
[3628, 41.8, 40.85, 40.85, 41.20, 211, otc]
[3629, 40.15, 37.5, 39.00, 38.90, 24, otc]
[3630, 29.8, 27.95, 27.95, 29.20, 1445, otc]
[3631, 39.05, 36.2, 37.00, 38.70, 127, otc]
[3632, 11.1, 10.6, 10.60, 10.85, 110, otc]
[3645, 34.0, 32.0, 32.00, 33.55, 1123, tse]
[3646, 23.8, 23.05, 23.80, 23.25, 226, otc]
[3652, 24.05, 22.5, 22.80, 23.40, 1369, tse]
[3653, 417.0, 372.5, 393.00, 409.50, 11175, tse]
[3661, 950.0, 839.0, 879.00, 943.00, 24877, tse]
[3663, 29.0, 28.0, 28.00, 28.80, 152, otc]
[3664, 12.9, 12.4, 12.60, 12.80, 668, otc]
[3665, 275.5, 260.5, 264.00, 272.00, 23201, tse]
[3666, 19.9, 18.4, 18.40, 19.30, 586, otc]
[3669, 47.7, 44.9, 45.10, 47.55, 806, tse]
[3672, 29.1, 26.8, 29.10, 26.90, 41, otc]
[3673, 31.55, 29.65, 29.65, 31.35, 4299, tse]
[3675, 247.0, 199.0, 200.50, 244.00, 23260, otc]
[3679, 96.1, 93.0, 95.00, 95.20, 196, tse]
[3680, 291.5, 271.0, 288.50, 284.50, 11214, otc]
[3682, 6.42, 6.02, 6.19, 6.35, 20032, tse]
[3684, 56.5, 53.7, 55.00, 55.60, 88, otc]
[3685, 21.4, 19.6, 19.80, 21.20, 599, otc]
[3686, 16.35, 15.0, 15.00, 15.85, 2088, tse]
[3687, 97.7, 92.1, 92.80, 93.00, 3066, otc]
[3689, 34.4, 32.5, 32.70, 34.00, 983, otc]
[3691, 110.5, 102.5, 103.00, 108.50, 2082, otc]
[3693, 140.5, 125.0, 138.00, 129.00, 29488, otc]
[3694, 21.5, 19.9, 20.15, 20.75, 786, tse]
[3701, 47.95, 39.0, 39.00, 47.95, 15336, tse]
[3702, 49.7, 47.6, 47.90, 49.30, 23038, tse]
[3703, 29.65, 28.75, 28.75, 29.60, 6915, tse]
[3704, 40.25, 35.2, 35.70, 38.20, 59351, tse]
[3705, 43.25, 41.65, 42.00, 42.75, 4617, tse]
[3706, 31.4, 30.1, 30.15, 31.40, 16347, tse]
[3707, 102.5, 91.0, 91.90, 98.20, 32180, otc]
[3708, 113.5, 103.0, 104.50, 106.00, 20201, tse]
[3709, 23.15, 22.55, 22.90, 22.85, 303, otc]
[3710, 12.3, 11.15, 11.20, 11.85, 12498, otc]
[3711, 106.0, 99.3, 106.00, 106.00, 108336, tse]
[3712, 30.4, 28.1, 28.10, 29.00, 7329, tse]
[3713, 30.85, 29.5, 30.85, 30.40, 684, otc]
[3714, 52.1, 48.75, 49.80, 50.50, 24349, tse]
[3715, 17.65, 16.8, 16.90, 17.50, 3023, tse]
[4102, 30.9, 27.9, 28.90, 30.20, 10766, otc]
[4104, 72.2, 69.9, 70.10, 70.10, 2141, tse]
[4105, 78.9, 76.8, 78.00, 78.50, 7227, otc]
[4106, 33.4, 28.5, 29.30, 31.30, 10385, tse]
[4107, 113.5, 110.0, 113.50, 111.00, 1352, otc]
[4108, 19.7, 18.95, 19.10, 19.45, 893, tse]
[4109, 14.55, 14.2, 14.25, 14.30, 317, otc]
[4111, 28.2, 26.85, 27.40, 28.05, 2100, otc]
[4113, 13.3, 11.5, 11.60, 12.95, 6658, otc]
[4114, 45.35, 42.25, 45.35, 43.40, 71965, otc]
[4116, 66.7, 62.7, 63.10, 65.20, 1994, otc]
[4119, 99.0, 96.4, 98.40, 98.00, 1341, tse]
[4120, 36.95, 35.85, 36.95, 35.85, 274, otc]
[4121, 24.4, 23.25, 23.65, 24.15, 3671, otc]
[4123, 48.7, 46.0, 46.40, 48.40, 5373, otc]
[4126, 72.9, 71.7, 72.80, 72.20, 762, otc]
[4127, 15.2, 14.6, 14.65, 14.80, 1078, otc]
[4128, 67.3, 62.7, 63.00, 65.70, 28414, otc]
[4129, 48.45, 45.1, 46.60, 46.85, 3508, otc]
[4130, 29.3, 27.45, 28.40, 28.60, 6321, otc]
[4131, 20.6, 20.25, 20.45, 20.40, 12, otc]
[4133, 40.0, 38.0, 38.10, 40.00, 2602, tse]
[4137, 225.0, 203.5, 205.50, 219.50, 4201, tse]
[4138, 66.8, 65.3, 66.50, 66.00, 332, otc]
[4139, 40.15, 39.6, 39.75, 40.00, 106, otc]
[4142, 41.0, 38.5, 38.50, 40.75, 27878, tse]
[4147, 71.3, 66.0, 66.00, 70.30, 3168, otc]
[4148, 64.2, 55.9, 56.10, 64.10, 1957, tse]
[4153, 41.5, 38.0, 39.00, 39.40, 3375, otc]
[4154, 38.75, 36.3, 37.80, 36.90, 161, otc]
[4155, 32.4, 28.25, 28.35, 31.45, 20807, tse]
[4157, 16.3, 14.95, 15.20, 15.95, 7428, otc]
[4160, 28.1, 26.3, 27.30, 27.90, 384, otc]
[4161, 28.15, 26.4, 26.55, 27.70, 654, otc]
[4162, 122.5, 110.5, 117.00, 119.00, 26160, otc]
[4163, 119.0, 111.5, 114.50, 117.00, 2574, otc]
[4164, 55.2, 46.05, 46.15, 53.10, 18778, tse]
[4167, 22.2, 21.2, 21.50, 21.55, 22619, otc]
[4168, 32.9, 30.35, 30.50, 32.25, 5099, otc]
[4171, 65.0, 57.7, 59.60, 63.10, 5529, otc]
[4173, 19.1, 18.2, 18.30, 18.90, 1081, otc]
[4174, 77.7, 69.8, 71.20, 76.30, 3941, otc]
[4175, 77.2, 74.3, 76.20, 76.20, 1193, otc]
[4183, 19.0, 18.25, 18.30, 18.75, 35, otc]
[4188, 16.8, 15.95, 16.80, 16.35, 229, otc]
[4190, 78.5, 73.9, 74.50, 77.10, 1375, tse]
[4192, 26.85, 24.55, 25.00, 26.40, 290, otc]
[4198, 27.8, 25.85, 27.25, 26.60, 29, otc]
[4205, 103.0, 102.0, 102.50, 102.50, 71, otc]
[4207, 13.55, 13.1, 13.20, 13.45, 933, otc]
[4303, 15.3, 14.95, 15.10, 15.25, 222, otc]
[4304, 10.0, 9.46, 9.88, 9.90, 420, otc]
[4305, 30.95, 30.05, 30.10, 30.60, 17, otc]
[4306, 14.75, 14.5, 14.55, 14.65, 2107, tse]
[4401, 26.85, 26.2, 26.50, 26.70, 156, otc]
[4402, 11.45, 10.4, 10.40, 10.90, 1242, otc]
[4406, 10.4, 10.2, 10.25, 10.30, 90, otc]
[4413, 17.85, 16.1, 16.25, 16.85, 297, otc]
[4416, 81.1, 79.0, 79.00, 80.60, 34, otc]
[4417, 37.85, 37.15, 37.45, 37.55, 426, otc]
[4419, 9.2, 9.2, 9.20, 9.20, 4, otc]
[4420, 30.3, 29.55, 29.95, 30.15, 69, otc]
[4426, 28.5, 27.15, 28.20, 28.25, 1831, tse]
[4430, 22.25, 21.7, 21.90, 21.75, 36, otc]
[4432, 26.25, 23.95, 24.10, 24.10, 2928, otc]
[4433, 30.4, 29.7, 30.40, 30.30, 222, otc]
[4438, 127.0, 122.0, 123.00, 126.00, 1037, tse]
[4439, 102.0, 100.0, 102.00, 101.00, 50, tse]
[4440, 32.4, 31.45, 31.55, 32.05, 251, tse]
[4502, 38.0, 37.1, 37.50, 37.35, 36, otc]
[4503, 39.8, 36.05, 36.05, 38.00, 2078, otc]
[4506, 70.4, 69.0, 70.00, 70.00, 280, otc]
[4510, 10.4, 10.2, 10.25, 10.30, 1107, otc]
[4513, 21.0, 20.2, 21.00, 20.60, 1239, otc]
[4523, 47.45, 38.65, 40.75, 45.70, 1537, otc]
[4526, 14.5, 14.05, 14.10, 14.50, 467, tse]
[4527, 29.1, 28.5, 28.70, 28.95, 144, otc]
[4528, 32.0, 31.35, 31.60, 32.00, 176, otc]
[4529, 9.16, 8.77, 8.90, 9.00, 428, otc]
[4530, 7.39, 7.01, 7.01, 7.26, 36, otc]
[4532, 17.25, 16.7, 16.80, 17.20, 1786, tse]
[4533, 10.85, 10.6, 10.70, 10.70, 542, otc]
[4534, 9.09, 8.87, 8.90, 9.05, 636, otc]
[4535, 39.0, 38.3, 38.45, 38.50, 50, otc]
[4536, 182.0, 171.0, 173.50, 178.00, 4446, tse]
[4538, 19.0, 18.4, 18.80, 18.90, 42, otc]
[4540, 39.75, 38.1, 38.10, 39.60, 999, tse]
[4541, 30.9, 29.45, 29.45, 30.50, 2002, otc]
[4542, 26.5, 25.5, 25.50, 26.10, 41, otc]
[4543, 25.15, 22.9, 22.95, 24.40, 1303, otc]
[4545, 30.85, 30.0, 30.25, 30.75, 181, tse]
[4549, 85.3, 83.5, 84.00, 84.70, 174, otc]
[4550, 24.2, 23.7, 24.20, 24.10, 172, otc]
[4551, 156.0, 147.0, 147.00, 154.00, 1986, tse]
[4552, 31.45, 30.35, 30.75, 31.10, 379, tse]
[4554, 25.55, 23.1, 23.50, 24.95, 373, otc]
[4555, 50.7, 49.75, 50.50, 49.80, 91, tse]
[4556, 30.6, 30.1, 30.25, 30.45, 12, otc]
[4557, 100.0, 96.4, 97.50, 99.20, 225, tse]
[4558, 23.55, 22.9, 23.30, 23.00, 186, otc]
[4560, 39.05, 38.5, 38.60, 38.95, 158, tse]
[4561, 22.95, 21.15, 21.50, 22.70, 345, otc]
[4562, 15.3, 15.0, 15.05, 15.20, 228, tse]
[4563, 44.4, 41.4, 42.90, 41.90, 1096, otc]
[4564, 25.75, 23.95, 24.35, 25.10, 3444, tse]
[4566, 52.9, 51.8, 52.00, 52.20, 1831, tse]
[4568, 60.6, 59.5, 59.50, 60.20, 58, otc]
[4571, 74.4, 70.6, 70.60, 73.90, 59, tse]
[4572, 132.5, 124.5, 128.00, 128.00, 1526, tse]
[4576, 79.5, 73.0, 73.00, 77.80, 787, tse]
[4577, 31.9, 30.4, 31.20, 30.85, 333, otc]
[4580, 82.5, 81.4, 82.00, 81.70, 216, otc]
[4581, 35.65, 34.3, 34.80, 34.75, 30, tse]
[4583, 206.5, 197.0, 200.50, 205.00, 312, tse]
[4584, 49.5, 47.1, 48.60, 49.50, 356, otc]
[4609, 8.3, 7.75, 8.01, 8.30, 57, otc]
[4702, 12.8, 12.15, 12.25, 12.60, 596, otc]
[4706, 17.35, 17.1, 17.30, 17.30, 33, otc]
[4707, 12.3, 11.95, 12.05, 12.25, 1460, otc]
[4711, 15.35, 14.9, 15.10, 15.00, 390, otc]
[4712, 5.14, 4.91, 5.08, 5.14, 38, otc]
[4714, 10.75, 10.4, 10.50, 10.60, 527, otc]
[4716, 12.4, 12.25, 12.30, 12.30, 414, otc]
[4720, 14.5, 13.9, 13.95, 14.25, 1015, tse]
[4721, 108.0, 101.5, 102.00, 106.50, 4165, otc]
[4722, 35.3, 33.9, 34.05, 35.25, 302, tse]
[4726, 39.5, 37.5, 37.50, 38.40, 2503, otc]
[4728, 137.0, 130.0, 132.50, 135.00, 147, otc]
[4729, 15.6, 14.65, 15.00, 15.35, 436, otc]
[4735, 38.95, 38.2, 38.65, 38.60, 253, otc]
[4736, 185.0, 178.0, 181.00, 182.50, 3143, otc]
[4737, 80.0, 77.0, 77.20, 79.80, 250, tse]
[4739, 101.0, 93.2, 94.00, 99.10, 4813, tse]
[4741, 26.2, 25.5, 25.80, 26.00, 55, otc]
[4743, 270.5, 244.5, 246.00, 263.00, 45909, otc]
[4744, 29.7, 26.55, 26.90, 29.10, 4015, otc]
[4745, 26.0, 24.55, 24.75, 25.35, 188, otc]
[4746, 70.8, 64.4, 67.40, 69.60, 26101, tse]
[4747, 49.8, 44.6, 47.30, 49.45, 7579, otc]
[4754, 35.3, 34.7, 34.80, 35.05, 45, otc]
[4755, 136.0, 120.5, 121.50, 129.50, 5749, tse]
[4760, 55.4, 48.7, 48.70, 54.50, 526, otc]
[4763, 297.5, 253.5, 276.00, 260.50, 53479, tse]
[4764, 53.0, 50.6, 52.70, 52.70, 76, tse]
[4766, 137.0, 133.5, 136.00, 137.00, 424, tse]
[4767, 28.8, 27.0, 27.70, 27.20, 18, otc]
[4768, 198.5, 173.0, 176.50, 184.00, 12634, otc]
[4770, 375.0, 329.5, 353.00, 333.00, 7931, tse]
[4804, 11.4, 10.6, 10.60, 10.85, 1497, otc]
[4806, 8.44, 7.31, 8.00, 8.28, 25, otc]
[4807, 21.45, 20.05, 20.75, 20.35, 41, tse]
[4903, 13.3, 12.8, 12.80, 13.10, 445, otc]
[4904, 68.0, 66.4, 68.00, 67.50, 37945, tse]
[4905, 51.0, 50.5, 50.50, 51.00, 27, otc]
[4906, 28.2, 26.95, 27.20, 28.00, 10595, tse]
[4907, 29.9, 27.2, 27.40, 29.50, 609, otc]
[4908, 32.35, 30.65, 30.75, 31.90, 1181, otc]
[4909, 17.4, 16.35, 16.45, 16.95, 861, otc]
[4911, 56.9, 49.3, 50.00, 56.90, 729, otc]
[4912, 83.9, 76.2, 77.90, 82.00, 482, tse]
[4915, 59.8, 56.9, 57.30, 59.70, 26319, tse]
[4916, 29.0, 27.65, 27.80, 28.55, 4381, tse]
[4919, 151.5, 128.0, 130.00, 151.50, 95730, tse]
[4923, 53.8, 50.0, 50.40, 52.80, 580, otc]
[4924, 14.1, 13.5, 13.95, 13.85, 671, otc]
[4927, 60.6, 55.7, 55.70, 59.80, 5971, tse]
[4930, 29.0, 27.5, 27.70, 28.95, 1541, tse]
[4931, 46.85, 42.65, 43.10, 44.90, 22888, otc]
[4933, 32.05, 30.8, 31.30, 31.95, 217, otc]
[4934, 29.4, 27.4, 27.50, 29.00, 8809, tse]
[4935, 58.8, 54.7, 54.80, 58.30, 825, tse]
[4938, 65.8, 64.4, 65.20, 65.40, 24283, tse]
[4939, 15.85, 15.1, 15.10, 15.60, 839, otc]
[4942, 37.0, 35.75, 35.75, 36.90, 810, tse]
[4943, 14.8, 12.6, 12.60, 13.60, 1131, tse]
[4944, 13.2, 11.05, 12.70, 11.45, 83, otc]
[4945, 47.9, 45.05, 46.10, 47.05, 311, otc]
[4946, 51.1, 49.0, 50.40, 49.15, 462, otc]
[4950, 21.9, 20.05, 21.90, 20.40, 3515, otc]
[4951, 53.8, 49.9, 50.50, 53.10, 551, otc]
[4952, 51.6, 47.9, 47.90, 51.00, 2764, tse]
[4953, 92.0, 89.1, 90.10, 90.40, 1422, otc]
[4956, 16.35, 14.25, 14.30, 16.35, 3660, tse]
[4958, 114.0, 108.0, 109.50, 112.50, 17187, tse]
[4960, 10.55, 9.99, 10.00, 10.50, 12654, tse]
[4961, 148.0, 138.5, 142.00, 141.00, 35347, tse]
[4966, 988.0, 905.0, 925.00, 982.00, 5210, otc]
[4967, 34.0, 32.15, 32.30, 33.30, 1173, tse]
[4968, 138.5, 127.5, 128.50, 130.50, 24129, tse]
[4971, 57.7, 55.3, 55.30, 57.60, 328, otc]
[4972, 30.0, 29.5, 29.50, 29.85, 99, otc]
[4973, 23.05, 22.2, 22.20, 22.90, 595, otc]
[4974, 68.4, 65.4, 67.20, 67.20, 5156, otc]
[4976, 41.0, 37.1, 37.10, 40.50, 2969, tse]
[4977, 117.0, 109.0, 115.00, 112.00, 31358, tse]
[4979, 52.0, 45.05, 46.45, 47.65, 114248, otc]
[4987, 59.1, 57.6, 58.80, 58.70, 159, otc]
[4989, 28.3, 26.45, 26.75, 27.45, 1947, tse]
[4991, 39.85, 38.65, 38.80, 38.70, 177, otc]
[4994, 42.35, 40.9, 41.20, 41.90, 430, tse]
[4995, 39.5, 38.75, 38.90, 38.80, 237, otc]
[4999, 37.2, 36.6, 36.60, 37.05, 239, tse]
[5007, 53.0, 51.4, 51.50, 52.10, 457, tse]
[5009, 41.5, 36.7, 37.00, 39.45, 86484, otc]
[5011, 26.7, 25.1, 25.30, 25.80, 3513, otc]
[5013, 36.3, 35.6, 36.30, 35.95, 26, otc]
[5014, 19.3, 18.35, 18.45, 18.50, 18445, otc]
[5015, 59.1, 57.0, 57.10, 57.80, 2018, otc]
[5016, 29.9, 29.35, 29.35, 29.90, 49, otc]
[5201, 27.4, 26.3, 26.65, 26.60, 27, otc]
[5202, 14.45, 14.15, 14.30, 14.40, 138, otc]
[5203, 86.8, 83.6, 84.00, 86.20, 683, tse]
[5205, 41.45, 38.3, 39.30, 39.60, 11, otc]
[5206, 17.15, 15.85, 15.85, 16.50, 400, otc]
[5209, 81.3, 79.7, 79.70, 80.70, 121, otc]
[5210, 15.05, 14.4, 14.40, 14.70, 424, otc]
[5211, 19.1, 18.25, 18.50, 19.00, 285, otc]
[5212, 47.0, 42.5, 45.15, 45.00, 195, otc]
[5213, 22.0, 21.7, 21.70, 21.90, 265, otc]
[5215, 50.7, 45.3, 45.85, 48.50, 1077, tse]
[5220, 29.85, 28.3, 28.30, 29.55, 155, otc]
[5222, 146.0, 140.0, 145.00, 142.00, 2692, tse]
[5223, 40.9, 38.8, 38.90, 40.60, 167, otc]
[5225, 36.2, 33.5, 33.70, 35.75, 2272, tse]
[5227, 74.7, 69.2, 71.20, 74.00, 3836, otc]
[5228, 22.7, 21.25, 21.50, 21.65, 135, otc]
[5230, 23.8, 22.9, 23.10, 23.65, 274, otc]
[5234, 75.2, 68.9, 69.10, 74.80, 1164, tse]
[5236, 81.2, 71.0, 71.00, 77.60, 1494, otc]
[5243, 62.0, 58.8, 59.40, 60.80, 8039, tse]
[5244, 27.6, 27.05, 27.25, 27.40, 135, tse]
[5245, 58.0, 49.45, 49.90, 54.20, 1850, otc]
[5251, 27.8, 25.35, 25.35, 26.90, 3034, otc]
[5258, 88.8, 69.5, 70.20, 80.40, 136984, tse]
[5263, 148.5, 136.0, 148.50, 143.50, 5961, otc]
[5269, 973.0, 853.0, 870.00, 964.00, 7277, tse]
[5272, 28.3, 26.3, 26.45, 27.75, 3491, otc]
[5274, 2500.0, 1995.0, 2,010.00, 2,500.00, 3484, otc]
[5276, 14.9, 14.0, 14.10, 14.35, 26, otc]
[5278, 186.5, 180.5, 180.50, 186.00, 29, otc]
[5281, 17.75, 15.6, 17.75, 15.75, 422, otc]
[5283, 110.0, 107.5, 107.50, 110.00, 355, tse]
[5284, 82.9, 76.9, 79.10, 80.70, 11566, tse]
[5285, 80.1, 63.1, 63.10, 75.20, 10549, tse]
[5287, 197.5, 191.5, 194.50, 193.50, 191, otc]
[5288, 181.0, 169.5, 169.50, 179.50, 463, tse]
[5289, 202.5, 186.5, 189.50, 202.00, 2410, otc]
[5291, 32.4, 31.1, 31.20, 32.05, 706, otc]
[5299, 132.0, 122.5, 124.00, 129.00, 2602, otc]
[5301, 11.6, 10.2, 10.70, 11.60, 159, otc]
[5302, 8.7, 8.25, 8.36, 8.51, 730, otc]
[5306, 157.0, 148.0, 149.50, 156.50, 958, tse]
[5309, 43.45, 40.0, 40.00, 42.55, 19548, otc]
[5310, 26.45, 24.55, 25.90, 25.40, 44, otc]
[5312, 61.7, 57.7, 58.00, 60.80, 476, otc]
[5314, 17.35, 17.0, 17.35, 17.00, 14, otc]
[5315, 19.65, 18.35, 18.40, 19.35, 4704, otc]
[5321, 95.5, 83.6, 92.10, 88.70, 19364, otc]
[5324, 8.52, 8.29, 8.46, 8.36, 182, otc]
[5328, 10.45, 9.85, 9.90, 10.20, 969, otc]
[5340, 48.95, 42.4, 42.40, 48.95, 6261, otc]
[5344, 20.9, 17.0, 17.70, 20.05, 2756, otc]
[5345, 7.32, 6.52, 7.32, 6.55, 23, otc]
[5347, 101.0, 95.5, 96.60, 96.60, 74543, otc]
[5348, 9.12, 8.4, 8.95, 8.86, 111, otc]
[5351, 50.5, 42.4, 43.20, 48.00, 94391, otc]
[5353, 32.1, 29.35, 29.90, 31.00, 9550, otc]
[5355, 6.35, 6.06, 6.10, 6.32, 1111, otc]
[5356, 20.85, 20.4, 20.40, 20.85, 398, otc]
[5364, 24.45, 22.55, 22.85, 23.85, 133, otc]
[5371, 62.4, 56.6, 56.90, 60.50, 17290, otc]
[5381, 5.97, 5.5, 5.50, 5.88, 145, otc]
[5383, 25.8, 25.2, 25.60, 25.80, 110, otc]
[5386, 38.5, 36.4, 37.20, 37.35, 2855, otc]
[5388, 83.8, 79.3, 80.20, 82.70, 19531, tse]
[5392, 22.7, 20.0, 20.15, 21.90, 2625, otc]
[5398, 17.6, 16.0, 16.10, 17.20, 136, otc]
[5403, 73.3, 71.1, 71.10, 72.80, 425, otc]
[5410, 32.5, 31.0, 31.50, 31.60, 1974, otc]
[5425, 91.7, 81.6, 82.70, 89.10, 118250, otc]
[5426, 13.7, 13.15, 13.20, 13.45, 1655, otc]
[5432, 27.75, 26.4, 26.90, 26.90, 200, otc]
[5434, 170.0, 166.5, 168.50, 168.00, 2297, tse]
[5438, 18.0, 16.55, 16.60, 17.95, 421, otc]
[5439, 56.3, 49.5, 49.50, 55.70, 4672, otc]
[5443, 29.75, 28.45, 28.50, 29.50, 3495, otc]
[5450, 18.65, 17.75, 17.80, 18.30, 341, otc]
[5452, 14.85, 14.2, 14.40, 14.65, 399, otc]
[5455, NaN, NaN, NaN, NaN, 0, otc]
[5457, 54.2, 50.8, 51.00, 52.90, 3707, otc]
[5460, 10.95, 10.8, 10.85, 10.90, 133, otc]
[5464, 25.6, 24.6, 25.05, 25.45, 627, otc]
[5465, 20.15, 19.4, 19.45, 19.90, 758, otc]
[5468, 18.3, 16.8, 17.20, 18.00, 349, otc]
[5469, 33.8, 31.85, 32.00, 33.70, 5227, tse]
[5471, 54.8, 49.95, 50.20, 54.30, 4440, tse]
[5474, 81.7, 72.7, 73.40, 77.10, 553, otc]
[5475, 12.4, 11.3, 11.35, 11.80, 2811, otc]
[5478, 82.8, 80.1, 80.50, 82.40, 821, otc]
[5481, 12.4, 12.25, 12.25, 12.25, 77, otc]
[5483, 168.0, 159.0, 160.50, 165.50, 23808, otc]
[5484, 13.65, 13.05, 13.20, 13.40, 203, tse]
[5487, 28.05, 25.1, 25.60, 25.15, 289, otc]
[5488, 10.15, 9.83, 10.05, 10.05, 768, otc]
[5489, 36.75, 35.9, 36.65, 36.70, 184, otc]
[5490, 23.35, 22.25, 22.25, 22.95, 378, otc]
[5493, 51.1, 50.3, 50.30, 50.40, 67, otc]
[5498, 10.75, 10.2, 10.45, 10.60, 1168, otc]
[5508, 53.8, 52.4, 52.40, 53.10, 688, otc]
[5511, 30.9, 30.15, 30.35, 30.90, 167, otc]
[5512, 8.62, 8.49, 8.62, 8.57, 738, otc]
[5514, 18.15, 17.55, 18.00, 18.00, 17, otc]
[5515, 11.5, 11.25, 11.35, 11.45, 589, tse]
[5516, 21.6, 20.0, 20.50, 21.60, 316, otc]
[5519, 22.55, 22.15, 22.15, 22.50, 851, tse]
[5520, 56.9, 55.7, 55.70, 56.90, 15, otc]
[5521, 6.8, 6.67, 6.70, 6.80, 1974, tse]
[5522, 58.4, 57.0, 57.10, 57.90, 2605, tse]
[5523, 25.0, 24.6, 24.90, 24.85, 100, otc]
[5525, 24.5, 24.2, 24.35, 24.50, 219, tse]
[5529, 13.0, 12.5, 12.60, 12.90, 298, otc]
[5530, 39.45, 37.45, 37.50, 39.20, 1522, otc]
[5531, 9.29, 9.14, 9.16, 9.29, 1128, tse]
[5533, 17.3, 17.0, 17.10, 17.25, 475, tse]
[5534, 74.7, 73.4, 73.60, 74.00, 1550, tse]
[5536, 115.0, 106.5, 108.50, 113.50, 5277, otc]
[5538, 47.25, 42.5, 42.60, 44.80, 123, tse]
[5543, 57.0, 52.0, 52.00, 55.70, 111, otc]
[5546, 49.0, 44.6, 45.85, 44.95, 392, tse]
[5601, 38.6, 37.0, 38.30, 38.60, 14, otc]
[5603, 24.1, 21.85, 21.85, 23.45, 2969, otc]
[5604, 56.5, 55.2, 55.60, 56.20, 115, otc]
[5607, 55.9, 53.1, 53.10, 55.00, 3504, tse]
[5608, 25.8, 24.35, 24.70, 25.25, 24262, tse]
[5609, 76.6, 71.1, 73.30, 75.50, 1610, otc]
[5701, 3.05, 2.98, 3.00, 3.02, 890, otc]
[5703, 19.3, 18.0, 19.10, 19.10, 235, otc]
[5704, 53.0, 48.05, 50.10, 51.40, 1507, otc]
[5706, 64.2, 59.1, 60.80, 61.20, 6520, tse]
[5864, 10.9, 10.35, 10.50, 10.85, 571, otc]
[5871, 243.5, 225.0, 241.50, 230.00, 36849, tse]
[5876, 48.15, 46.5, 47.50, 47.20, 29015, tse]
[5878, 48.3, 48.0, 48.15, 48.30, 21, otc]
[5880, 27.4, 26.25, 27.00, 26.65, 81246, tse]
[5902, 35.8, 34.0, 34.50, 34.85, 116, otc]
[5903, 206.0, 198.5, 201.50, 201.50, 294, otc]
[5904, 547.0, 516.0, 536.00, 519.00, 2286, otc]
[5905, 12.5, 11.9, 12.45, 12.10, 5742, otc]
[5906, 33.75, 31.75, 33.75, 32.45, 42, tse]
[5907, 18.9, 17.5, 17.50, 17.85, 7323, tse]
[6005, 12.0, 11.3, 11.60, 11.95, 16384, tse]
[6015, 9.6, 8.85, 8.92, 9.45, 6125, otc]
[6016, 10.2, 9.66, 9.76, 10.15, 2558, otc]
[6020, 19.0, 18.7, 18.90, 18.80, 46, otc]
[6021, 18.8, 17.2, 18.30, 18.80, 175, otc]
[6023, 49.5, 49.0, 49.10, 49.45, 496, otc]
[6024, 38.9, 38.3, 38.50, 38.75, 829, tse]
[6026, 10.8, 10.05, 10.10, 10.70, 5724, otc]
[6101, 27.0, 25.2, 26.50, 26.30, 389, otc]
[6103, 7.74, 6.34, 6.34, 6.76, 76, otc]
[6104, 119.0, 98.0, 99.10, 118.00, 54938, otc]
[6108, 16.8, 16.5, 16.75, 16.65, 501, tse]
[6109, 17.65, 15.95, 16.10, 17.10, 7538, otc]
[6111, 68.8, 62.5, 63.50, 65.00, 11189, otc]
[6112, 36.0, 33.2, 33.20, 34.95, 854, tse]
[6113, 18.3, 17.4, 17.50, 17.80, 1535, otc]
[6114, 25.75, 23.65, 24.10, 25.20, 724, otc]
[6115, 43.4, 42.6, 42.60, 43.10, 900, tse]
[6116, 12.95, 11.4, 11.45, 12.80, 136588, tse]
[6117, 14.25, 13.85, 13.85, 14.20, 371, tse]
[6118, 43.5, 35.6, 36.25, 38.80, 52363, otc]
[6120, 9.27, 8.77, 8.77, 9.25, 4872, tse]
[6121, 299.5, 288.5, 289.00, 297.50, 2877, otc]
[6122, 19.1, 18.15, 18.40, 18.25, 5250, otc]
[6123, 59.7, 55.0, 55.20, 58.70, 1102, otc]
[6124, 27.4, 25.45, 26.00, 25.95, 922, otc]
[6125, 26.75, 25.5, 25.70, 26.40, 11741, otc]
[6126, 20.95, 20.0, 20.25, 20.60, 1256, otc]
[6127, 17.4, 16.0, 16.20, 17.00, 1286, otc]
[6128, 30.7, 29.85, 30.20, 30.35, 590, tse]
[6129, 36.8, 32.0, 32.30, 34.45, 41821, otc]
[6130, 35.3, 31.75, 31.90, 34.90, 249, otc]
[6133, 24.05, 22.7, 23.05, 23.50, 11154, tse]
[6134, 23.05, 20.0, 20.50, 22.55, 1321, otc]
[6136, 18.45, 18.1, 18.25, 18.40, 451, tse]
[6138, 149.0, 129.0, 129.50, 147.00, 17845, otc]
[6139, 43.1, 39.6, 40.10, 41.70, 9728, tse]
[6140, 17.25, 16.4, 16.45, 17.00, 313, otc]
[6141, 19.4, 19.15, 19.30, 19.30, 152, tse]
[6142, 10.5, 10.1, 10.30, 10.30, 4021, tse]
[6143, 80.9, 70.6, 71.70, 77.40, 22715, otc]
[6144, 14.95, 13.8, 14.95, 14.50, 21, otc]
[6146, 239.0, 215.0, 224.50, 232.50, 1886, otc]
[6147, 63.6, 58.1, 61.00, 63.30, 17158, otc]
[6148, 13.45, 12.8, 13.00, 13.25, 659, otc]
[6150, 82.4, 76.0, 77.50, 79.00, 20587, otc]
[6151, 26.65, 26.25, 26.65, 26.45, 137, otc]
[6152, 10.25, 9.56, 9.67, 10.25, 1888, tse]
[6153, 25.15, 23.75, 23.75, 24.70, 14614, tse]
[6154, 15.7, 15.45, 15.55, 15.65, 126, otc]
[6155, 25.7, 24.55, 25.30, 25.15, 1819, tse]
[6156, 20.0, 18.7, 18.70, 19.50, 1440, otc]
[6158, 26.7, 25.05, 25.15, 25.80, 338, otc]
[6160, 18.3, 16.9, 16.95, 17.90, 1031, otc]
[6161, 26.75, 25.9, 26.00, 26.60, 781, otc]
[6163, 16.2, 15.35, 15.60, 16.00, 3092, otc]
[6164, 10.6, 9.99, 10.00, 10.45, 1552, tse]
[6165, 31.05, 26.95, 27.25, 30.55, 2302, tse]
[6166, 60.0, 56.0, 56.50, 59.50, 986, tse]
[6167, 12.8, 11.65, 11.80, 12.60, 4225, otc]
[6168, 19.15, 18.1, 18.10, 19.10, 2203, tse]
[6169, 20.2, 18.8, 19.80, 19.40, 122, otc]
[6170, 36.6, 34.3, 34.40, 36.10, 1091, otc]
[6171, 24.0, 23.8, 24.00, 24.00, 225, otc]
[6173, 40.3, 34.35, 34.55, 39.05, 5047, otc]
[6174, 27.0, 25.55, 25.80, 26.60, 575, otc]
[6175, 37.3, 32.5, 33.50, 36.50, 6511, otc]
[6176, 104.5, 101.0, 101.00, 103.00, 11786, tse]
[6177, 30.45, 30.25, 30.40, 30.35, 1915, tse]
[6179, 25.75, 25.05, 25.50, 25.35, 175, otc]
[6180, 82.5, 74.5, 75.50, 81.90, 29147, otc]
[6182, 46.4, 42.8, 43.10, 45.55, 33737, otc]
[6183, 63.2, 60.4, 60.40, 63.00, 249, tse]
[6184, 49.0, 48.65, 49.00, 48.90, 154, tse]
[6185, 12.75, 12.5, 12.60, 12.75, 493, otc]
[6186, 36.0, 34.0, 35.50, 34.15, 2688, otc]
[6187, 68.5, 63.3, 63.30, 67.50, 3271, otc]
[6188, 45.25, 43.25, 43.55, 44.95, 12527, otc]
[6189, 39.4, 38.35, 38.35, 39.00, 1699, tse]
[6190, 32.7, 29.1, 29.40, 31.85, 11189, otc]
[6191, 29.8, 28.0, 28.00, 29.60, 6396, tse]
[6192, 72.5, 70.4, 71.10, 72.50, 496, tse]
[6194, 22.95, 22.6, 22.90, 22.85, 151, otc]
[6195, 43.35, 42.5, 42.55, 43.25, 366, otc]
[6196, 136.0, 122.5, 124.50, 130.00, 10041, tse]
[6197, 44.0, 40.8, 40.80, 42.90, 2987, tse]
[6198, 19.45, 18.85, 19.45, 19.00, 26, otc]
[6199, 19.45, 17.7, 17.95, 18.65, 336, otc]
[6201, 40.0, 39.5, 39.70, 39.80, 45, tse]
[6202, 77.5, 70.6, 71.00, 76.70, 16804, tse]
[6203, 53.4, 51.9, 51.90, 53.00, 261, otc]
[6204, 56.5, 54.0, 56.30, 54.40, 91, otc]
[6205, 87.0, 73.8, 75.00, 86.20, 22671, tse]
[6206, 70.2, 67.8, 68.00, 69.40, 1269, tse]
[6207, 27.1, 25.8, 25.95, 26.70, 634, otc]
[6208, 51.8, 50.3, 50.30, 51.60, 597, otc]
[6209, 26.35, 24.5, 24.50, 25.90, 1823, tse]
[6210, 35.0, 34.2, 35.00, 34.80, 91, otc]
[6212, 52.9, 47.8, 47.80, 50.00, 6, otc]
[6213, 83.6, 74.7, 75.60, 81.90, 21044, tse]
[6214, 75.5, 73.4, 73.40, 75.40, 1465, tse]
[6215, 24.8, 23.45, 24.00, 24.30, 3301, tse]
[6216, 26.25, 25.55, 25.65, 26.15, 665, tse]
[6217, 45.9, 43.8, 44.20, 44.65, 7018, otc]
[6218, 18.2, 17.8, 17.95, 18.15, 213, otc]
[6219, 11.05, 10.7, 10.75, 11.05, 774, otc]
[6220, 27.8, 26.5, 26.60, 27.15, 3136, otc]
[6221, 54.9, 52.7, 52.70, 54.50, 96, otc]
[6222, 14.75, 14.65, 14.75, 14.75, 4, otc]
[6223, 128.0, 118.0, 118.50, 124.50, 14362, otc]
[6224, 65.0, 59.5, 59.50, 63.80, 1130, tse]
[6225, 13.85, 12.25, 12.25, 12.95, 138, tse]
[6226, 11.5, 10.2, 10.20, 11.35, 4218, tse]
[6227, 44.75, 43.5, 43.50, 44.35, 1388, otc]
[6228, 13.5, 12.6, 12.65, 12.95, 311, otc]
[6229, 26.9, 25.15, 25.25, 26.45, 476, otc]
[6230, 119.5, 109.5, 110.00, 119.00, 237, tse]
[6231, 95.7, 91.5, 93.00, 92.20, 2271, otc]
[6233, 23.6, 21.75, 21.75, 23.25, 3091, otc]
[6234, 22.8, 21.7, 22.50, 21.80, 2574, otc]
[6235, 39.8, 37.35, 37.60, 38.30, 40509, tse]
[6236, 18.0, 17.8, 17.80, 18.00, 6, otc]
[6237, 53.3, 46.05, 46.55, 49.45, 7951, otc]
[6239, 89.2, 81.5, 82.50, 88.80, 23464, tse]
[6240, 18.85, 18.2, 18.45, 18.55, 191, otc]
[6241, 15.6, 14.6, 14.85, 15.45, 356, otc]
[6242, 55.3, 52.8, 55.30, 53.30, 366, otc]
[6243, 31.3, 28.35, 28.95, 29.95, 1873, tse]
[6244, 30.3, 28.25, 28.60, 29.95, 33928, otc]
[6245, 103.0, 90.0, 97.40, 101.00, 28571, otc]
[6246, 14.4, 13.7, 13.90, 14.10, 79, otc]
[6247, 15.45, 15.4, 15.40, 15.45, 99, otc]
[6248, 23.1, 22.3, 22.35, 22.75, 903, otc]
[6257, 52.6, 49.8, 49.85, 52.30, 12360, tse]
[6259, 24.4, 22.95, 24.40, 23.90, 276, otc]
[6261, 62.1, 59.6, 59.60, 61.70, 952, otc]
[6263, 90.0, 88.0, 90.00, 89.00, 244, otc]
[6264, 8.23, 8.01, 8.18, 8.23, 144, otc]
[6265, 9.92, 9.32, 9.32, 9.86, 1119, otc]
[6266, 25.55, 24.45, 24.60, 25.25, 2874, otc]
[6269, 104.0, 99.2, 100.00, 104.00, 5733, tse]
[6270, 22.45, 22.0, 22.20, 22.35, 390, otc]
[6271, 244.5, 212.5, 215.00, 237.50, 16748, tse]
[6274, 64.9, 59.3, 60.50, 61.40, 25480, otc]
[6275, 29.15, 26.4, 26.80, 29.15, 1690, otc]
[6276, 17.3, 16.55, 16.90, 16.85, 488, otc]
[6277, 78.3, 77.3, 77.50, 77.70, 524, tse]
[6278, 94.7, 89.3, 89.80, 93.50, 17339, tse]
[6279, 163.5, 147.0, 148.00, 160.50, 18469, otc]
[6281, 84.5, 82.5, 83.20, 84.30, 110, tse]
[6282, 38.8, 31.85, 32.60, 38.30, 242366, tse]
[6283, 33.75, 31.25, 31.50, 33.50, 1357, tse]
[6284, 59.2, 51.0, 51.20, 56.70, 8587, otc]
[6285, 85.9, 81.2, 83.20, 85.30, 26620, tse]
[6287, 24.0, 22.7, 23.10, 23.10, 28, otc]
[6288, 24.1, 22.95, 22.95, 23.50, 2824, tse]
[6290, 58.4, 54.6, 54.90, 58.10, 8764, otc]
[6291, 101.0, 98.8, 98.80, 100.00, 14, otc]
[6292, 40.95, 40.15, 40.85, 40.90, 144, otc]
[6294, 109.0, 107.0, 108.50, 108.00, 127, otc]
[6404, 20.75, 18.1, 19.05, 19.00, 67, otc]
[6405, 21.75, 21.25, 21.60, 21.45, 123, tse]
[6409, 1665.0, 1480.0, 1,630.00, 1,645.00, 1328, tse]
[6411, 109.5, 87.3, 88.00, 106.50, 14498, otc]
[6412, 78.2, 75.9, 76.20, 78.20, 1296, tse]
[6414, 232.0, 220.0, 220.50, 230.00, 5184, tse]
[6415, 606.0, 575.0, 578.00, 593.00, 21957, tse]
[6416, 95.5, 89.9, 91.00, 94.00, 735, tse]
[6417, 83.5, 82.8, 83.50, 83.50, 17, otc]
[6418, 18.3, 15.8, 16.00, 16.75, 2487, otc]
[6419, 36.05, 35.0, 35.60, 35.65, 48, otc]
[6425, 21.85, 20.55, 21.50, 20.80, 139, otc]
[6426, 66.0, 61.4, 61.40, 64.10, 776, tse]
[6431, 20.55, 19.85, 20.55, 20.05, 171, tse]
[6432, 31.85, 30.15, 30.90, 31.35, 248, otc]
[6435, 108.0, 100.0, 101.00, 106.50, 1706, otc]
[6438, 98.7, 91.0, 91.50, 96.50, 2824, tse]
[6441, 61.7, 51.0, 51.30, 60.00, 8663, otc]
[6442, 49.45, 47.05, 47.70, 47.70, 1999, tse]
[6443, 38.8, 35.25, 35.60, 37.35, 139867, tse]
[6446, 520.0, 488.5, 490.50, 516.00, 6842, otc]
[6449, 44.85, 42.45, 42.60, 44.00, 120, tse]
[6451, 89.8, 81.0, 81.20, 86.00, 3484, tse]
[6456, 85.8, 82.7, 83.40, 84.60, 8226, tse]
[6457, 64.1, 57.0, 57.00, 62.90, 1426, otc]
[6461, 32.15, 30.35, 30.45, 31.70, 2190, otc]
[6462, 73.0, 63.5, 63.50, 70.70, 1968, otc]
[6464, 98.4, 94.6, 96.50, 95.70, 114, tse]
[6465, 18.7, 17.05, 17.20, 17.95, 278, otc]
[6469, 313.0, 302.5, 306.00, 311.50, 2256, otc]
[6470, 58.3, 55.7, 56.10, 57.50, 2160, otc]
[6472, 416.0, 397.0, 410.00, 411.50, 9659, otc]
[6477, 48.25, 45.1, 45.40, 47.05, 8294, tse]
[6482, 45.0, 42.0, 45.00, 43.00, 20, otc]
[6485, 77.6, 72.3, 73.70, 75.00, 2906, otc]
[6486, 66.9, 65.5, 65.80, 66.40, 299, otc]
[6488, 547.0, 505.0, 505.00, 542.00, 15705, otc]
[6491, 473.0, 437.0, 455.00, 469.50, 4483, tse]
[6492, 62.5, 58.2, 58.80, 61.40, 1261, otc]
[6494, 83.0, 72.0, 73.20, 79.40, 4993, otc]
[6496, 28.3, 27.4, 27.40, 28.15, 35, otc]
[6499, 58.8, 56.5, 56.70, 58.10, 560, otc]
[6504, 72.3, 71.2, 71.70, 71.80, 249, tse]
[6505, 85.6, 81.7, 84.50, 82.20, 17441, tse]
[6506, 20.65, 20.25, 20.35, 20.65, 393, otc]
[6508, 37.55, 36.05, 36.10, 37.55, 1284, otc]
[6509, 43.1, 41.05, 41.10, 42.05, 5161, otc]
[6510, 563.0, 501.0, 524.00, 554.00, 1487, otc]
[6512, 24.4, 23.1, 23.55, 23.25, 76, otc]
[6514, 55.8, 50.4, 50.40, 54.30, 301, otc]
[6515, 473.0, 443.5, 452.00, 459.00, 3162, tse]
[6516, 84.0, 76.6, 76.70, 81.60, 326, otc]
[6517, 57.7, 55.0, 56.50, 56.10, 1741, otc]
[6523, 111.0, 104.0, 104.00, 106.50, 1369, otc]
[6525, 72.4, 69.1, 69.70, 71.60, 869, tse]
[6527, 58.7, 56.5, 57.70, 56.90, 597, otc]
[6530, 24.5, 23.5, 23.65, 24.05, 821, otc]
[6531, 253.5, 196.0, 202.50, 247.50, 44117, tse]
[6532, 56.9, 54.4, 55.70, 56.00, 1562, otc]
[6533, 579.0, 517.0, 560.00, 556.00, 22580, tse]
[6535, 43.7, 40.3, 40.80, 41.35, 4007, otc]
[6538, 78.6, 70.2, 70.60, 76.70, 941, otc]
[6541, 41.5, 37.3, 41.50, 38.50, 5149, tse]
[6542, 45.6, 44.35, 44.50, 44.50, 38, otc]
[6546, 88.5, 71.7, 72.00, 87.70, 12199, otc]
[6547, 75.6, 71.2, 73.00, 74.20, 8958, otc]
[6548, 35.25, 30.5, 30.55, 34.70, 10769, otc]
[6550, 105.0, 91.3, 91.70, 102.50, 35685, tse]
[6552, 32.7, 30.7, 30.70, 32.55, 586, tse]
[6556, 115.5, 98.5, 101.50, 115.50, 344, otc]
[6558, 24.15, 22.55, 22.75, 23.95, 1089, tse]
[6560, 34.85, 33.1, 33.90, 34.15, 204, otc]
[6561, 286.0, 277.0, 282.50, 285.00, 259, otc]
[6568, 181.5, 168.5, 173.50, 173.50, 2906, otc]
[6569, 101.5, 98.6, 99.90, 101.50, 86, otc]
[6570, 49.35, 47.4, 47.95, 48.85, 1416, otc]
[6573, 13.95, 13.15, 13.15, 13.60, 285, tse]
[6574, 50.4, 47.7, 49.80, 49.90, 85, otc]
[6576, 109.5, 95.0, 96.00, 105.50, 3977, otc]
[6577, 59.3, 58.7, 58.80, 59.10, 30, otc]
[6578, 16.3, 15.45, 15.90, 16.10, 1319, otc]
[6579, 92.8, 87.5, 89.60, 90.80, 387, tse]
[6581, 99.6, 97.0, 97.00, 97.30, 325, tse]
[6582, 63.0, 58.2, 58.50, 61.70, 1323, tse]
[6585, 57.7, 52.9, 55.10, 55.60, 799, tse]
[6588, 32.85, 30.55, 30.55, 31.85, 58, otc]
[6589, 122.0, 110.5, 111.00, 119.00, 19029, otc]
[6590, 59.3, 57.1, 58.50, 57.10, 60, otc]
[6591, 45.8, 44.3, 44.60, 44.65, 856, tse]
[6592, 107.5, 104.0, 104.50, 106.00, 2395, tse]
[6593, 41.6, 39.4, 41.50, 41.00, 197, otc]
[6594, 29.7, 26.2, 26.20, 29.10, 393, otc]
[6596, 45.4, 43.8, 44.90, 45.05, 141, otc]
[6598, 28.9, 27.85, 27.85, 28.70, 708, tse]
[6603, 18.0, 17.4, 17.50, 17.75, 4976, otc]
[6605, 76.3, 74.2, 75.40, 75.40, 3062, tse]
[6609, 43.5, 39.6, 41.00, 39.80, 10838, otc]
[6612, 133.0, 111.5, 114.00, 126.00, 8813, otc]
[6613, 94.0, 88.5, 89.50, 93.50, 1084, otc]
[6615, 37.65, 36.3, 37.65, 37.25, 60, otc]
[6616, 14.15, 13.7, 14.00, 14.05, 186, otc]
[6624, 43.4, 41.6, 42.45, 42.90, 151, otc]
[6625, 42.7, 40.1, 40.95, 42.20, 734, tse]
[6629, 48.9, 47.35, 48.30, 47.80, 16, otc]
[6640, 99.4, 93.0, 99.00, 96.50, 221, otc]
[6641, 54.8, 53.5, 53.90, 54.20, 33, tse]
[6642, 48.4, 44.5, 44.50, 47.25, 411, otc]
[6643, 577.0, 519.0, 540.00, 542.00, 15464, otc]
[6649, 45.8, 38.5, 39.05, 45.50, 3741, otc]
[6651, 73.6, 68.0, 68.20, 73.00, 470, otc]
[6654, 49.45, 47.3, 48.50, 48.10, 82, otc]
[6655, 131.0, 128.5, 129.50, 129.00, 42, tse]
[6661, 23.2, 22.3, 22.70, 23.20, 96, otc]
[6662, 30.55, 30.0, 30.55, 30.15, 41, otc]
[6664, 99.5, 94.8, 95.80, 98.90, 594, otc]
[6666, 87.0, 79.2, 79.20, 84.40, 2071, tse]
[6667, 65.3, 61.6, 61.60, 64.80, 1027, otc]
[6668, 41.3, 37.95, 37.95, 40.25, 960, tse]
[6669, 848.0, 750.0, 804.00, 841.00, 10586, tse]
[6670, 223.0, 216.0, 219.00, 217.00, 2281, tse]
[6671, 38.2, 36.55, 38.20, 37.85, 124, tse]
[6672, 83.5, 76.0, 76.10, 81.80, 3415, tse]
[6674, 26.5, 24.5, 24.50, 26.00, 96, tse]
[6679, 302.5, 256.0, 258.00, 288.00, 9089, otc]
[6680, 64.8, 63.5, 64.00, 64.00, 25, otc]
[6683, 218.5, 191.5, 194.00, 206.00, 1713, otc]
[6684, 54.8, 46.1, 46.95, 52.40, 749, otc]
[6689, 134.5, 121.5, 129.00, 127.00, 5315, tse]
[6690, 133.0, 115.5, 118.50, 133.00, 538, otc]
[6691, 228.5, 202.0, 203.00, 227.00, 1293, tse]
[6693, 65.1, 59.7, 59.70, 64.50, 285, otc]
[6695, 47.3, 41.5, 42.45, 45.10, 2626, tse]
[6697, 37.3, 37.0, 37.10, 37.10, 9, otc]
[6698, 31.1, 27.95, 28.10, 30.65, 485, tse]
[6703, 104.0, 99.2, 99.20, 104.00, 286, otc]
[6706, 98.4, 91.0, 91.50, 96.60, 3436, tse]
[6708, 62.4, 59.1, 61.00, 60.70, 1831, otc]
[6712, 220.0, 206.0, 209.00, 215.00, 6157, otc]
[6715, 134.0, 122.5, 123.00, 130.00, 1233, tse]
[6716, 98.5, 78.5, 79.00, 91.90, 295, otc]
[6719, 329.5, 302.5, 308.00, 306.00, 21001, tse]
[6721, 44.6, 42.75, 42.75, 44.00, 74, otc]
[6727, 69.5, 67.3, 67.50, 68.80, 331, otc]
[6728, 123.5, 119.0, 122.00, 123.50, 118, otc]
[6732, 313.5, 257.0, 260.00, 298.00, 4578, otc]
[6733, 23.75, 21.75, 21.80, 22.90, 936, otc]
[6735, 58.0, 56.0, 56.00, 57.50, 59, otc]
[6741, 117.0, 106.0, 117.00, 107.00, 7963, otc]
[6743, 41.8, 37.5, 37.50, 40.55, 1085, tse]
[6747, 201.0, 186.5, 193.50, 197.00, 650, otc]
[6751, 47.5, 45.45, 46.20, 47.50, 181, otc]
[6752, 74.8, 69.0, 73.40, 70.70, 281, otc]
[6754, 48.9, 46.65, 47.10, 48.65, 439, tse]
[6756, 228.5, 193.0, 194.00, 219.50, 5991, tse]
[6761, 93.5, 86.5, 86.50, 90.50, 196, otc]
[6762, 232.0, 224.0, 232.00, 224.50, 43, otc]
[6763, 515.0, 473.5, 515.00, 489.00, 799, otc]
[6767, 34.35, 32.3, 32.45, 33.95, 604, otc]
[6768, 74.2, 71.5, 73.10, 73.20, 2202, tse]
[6770, 35.85, 32.85, 33.20, 34.50, 163816, tse]
[6776, 40.75, 39.3, 39.80, 40.75, 319, tse]
[6781, 810.0, 730.0, 732.00, 794.00, 6038, tse]
[6782, 345.0, 319.0, 340.00, 321.00, 3589, tse]
[6788, 136.0, 122.0, 123.50, 126.50, 21302, otc]
[6789, 251.0, 228.0, 230.00, 245.00, 10589, tse]
[6790, 38.8, 36.7, 36.70, 38.15, 470, tse]
[6791, 49.3, 47.8, 48.15, 49.05, 95, otc]
[6792, 77.6, 70.2, 71.00, 76.80, 758, tse]
[6796, 100.5, 74.7, 77.00, 90.40, 3640, tse]
[6799, 136.0, 99.5, 99.50, 131.00, 6967, tse]
[6803, 263.0, 256.0, 257.00, 262.50, 116, otc]
[6804, 54.6, 53.0, 53.10, 53.60, 130, otc]
[6806, 88.8, 81.0, 84.40, 81.10, 24875, tse]
[6807, 25.7, 24.95, 25.20, 25.45, 69, tse]
[6811, 154.5, 140.0, 145.00, 150.00, 218, otc]
[6823, 103.5, 97.0, 97.00, 99.50, 86, otc]
[6829, 77.4, 72.8, 72.80, 77.20, 854, otc]
[6830, 128.0, 114.0, 117.00, 119.00, 2567, tse]
[6834, 27.25, 25.3, 25.50, 26.60, 289, tse]
[6835, 40.1, 38.8, 40.10, 39.65, 191, tse]
[6843, 49.95, 49.05, 49.20, 49.20, 382, otc]
[6854, 106.0, 99.0, 103.00, 100.00, 254, tse]
[6855, 76.0, 72.0, 72.70, 74.60, 191, otc]
[6859, 154.0, 143.0, 145.00, 149.50, 1029, otc]
[6865, 82.0, 76.2, 77.50, 80.80, 396, otc]
[6874, 58.6, 50.7, 53.00, 53.90, 1373, otc]
[7402, 37.1, 35.25, 36.20, 36.70, 34, otc]
[7556, 104.0, 99.8, 104.00, 100.50, 81, otc]
[8011, 14.7, 14.0, 14.15, 14.50, 904, tse]
[8016, 217.0, 191.0, 194.00, 210.50, 19790, tse]
[8021, 29.85, 29.1, 29.60, 29.50, 980, tse]
[8024, 21.8, 20.2, 20.40, 21.60, 928, otc]
[8027, 54.1, 50.9, 51.00, 53.10, 1320, otc]
[8028, 61.0, 57.8, 58.20, 59.50, 13261, tse]
[8032, 31.45, 30.6, 30.70, 30.85, 152, otc]
[8033, 44.1, 39.4, 39.40, 41.85, 24416, tse]
[8034, 14.95, 14.3, 14.30, 14.85, 349, otc]
[8038, 49.25, 41.5, 42.50, 47.20, 14353, otc]
[8039, 42.15, 41.1, 41.20, 42.00, 501, tse]
[8040, 55.7, 51.4, 52.00, 54.40, 4912, otc]
[8042, 35.5, 34.45, 35.35, 35.05, 97, otc]
[8043, 28.35, 26.2, 26.90, 28.10, 1655, otc]
[8044, 70.0, 64.0, 66.00, 68.50, 17042, otc]
[8046, 265.0, 239.0, 242.00, 255.00, 56373, tse]
[8047, 12.3, 11.8, 11.80, 11.90, 26, otc]
[8048, 34.5, 33.6, 34.20, 34.00, 404, otc]
[8049, 33.8, 32.3, 32.50, 32.60, 6696, otc]
[8050, 78.3, 72.8, 73.80, 77.40, 25628, otc]
[8054, 34.25, 31.25, 31.60, 33.85, 2312, otc]
[8059, 10.45, 9.6, 9.99, 10.15, 410, otc]
[8064, 18.1, 17.05, 17.35, 17.60, 2397, otc]
[8066, 28.35, 27.55, 27.65, 28.00, 98, otc]
[8067, 9.37, 8.64, 8.98, 8.79, 75, otc]
[8068, 27.8, 25.0, 25.00, 25.80, 1430, otc]
[8069, 195.0, 172.5, 180.50, 190.50, 150557, otc]
[8070, 32.85, 31.35, 31.35, 32.50, 4165, tse]
[8071, 15.0, 14.55, 14.60, 14.75, 917, otc]
[8072, 27.5, 25.55, 25.60, 27.30, 1172, tse]
[8074, 21.0, 20.05, 20.40, 20.30, 736, otc]
[8076, 29.75, 28.35, 28.55, 29.20, 5187, otc]
[8077, 6.74, 6.11, 6.52, 6.74, 43, otc]
[8080, 12.2, 10.8, 11.70, 11.10, 70, otc]
[8081, 169.5, 153.0, 154.00, 165.00, 5690, tse]
[8083, 166.5, 163.0, 164.50, 164.50, 134, otc]
[8084, 104.5, 98.5, 102.00, 99.10, 1484, otc]
[8085, 22.3, 21.2, 21.20, 22.25, 2175, otc]
[8086, 80.3, 75.2, 77.00, 75.60, 18160, otc]
[8087, 29.95, 28.7, 29.75, 29.60, 305, otc]
[8088, 25.2, 24.0, 24.25, 25.00, 3540, otc]
[8089, 23.3, 22.75, 22.75, 23.15, 235, otc]
[8091, 92.2, 88.1, 88.60, 88.70, 4863, otc]
[8092, 11.9, 11.55, 11.55, 11.80, 152, otc]
[8093, 11.7, 10.45, 10.60, 11.30, 125, otc]
[8096, 12.0, 11.6, 11.65, 11.90, 1316, otc]
[8097, 63.9, 61.2, 62.30, 62.60, 2776, otc]
[8099, 39.2, 37.95, 39.20, 38.05, 157, otc]
[8101, 6.17, 5.75, 6.17, 5.85, 282, tse]
[8103, 33.8, 32.0, 32.00, 33.60, 607, tse]
[8104, 39.1, 36.8, 37.15, 38.10, 1269, tse]
[8105, 15.0, 13.4, 13.40, 14.40, 51669, tse]
[8107, 17.8, 16.5, 16.55, 17.55, 621, otc]
[8109, 90.2, 86.0, 87.30, 89.80, 910, otc]
[8110, 12.8, 11.75, 12.15, 12.60, 8825, tse]
[8111, 16.55, 15.5, 15.80, 16.25, 1366, otc]
[8112, 38.3, 37.25, 37.35, 38.30, 6952, tse]
[8114, 119.5, 114.0, 115.50, 119.00, 2480, tse]
[8121, 26.8, 23.75, 24.40, 26.35, 13215, otc]
[8131, 40.9, 39.75, 39.75, 40.90, 2048, tse]
[8147, 66.9, 60.8, 61.20, 66.70, 1146, otc]
[8150, 36.3, 33.75, 34.05, 36.20, 23591, tse]
[8155, 124.0, 116.5, 122.00, 116.50, 7467, otc]
[8163, 40.5, 39.0, 39.00, 40.45, 2966, tse]
[8171, 61.0, 53.2, 55.00, 57.60, 32350, otc]
[8176, 9.75, 9.21, 9.68, 9.62, 258, otc]
[8182, 33.55, 31.5, 32.00, 33.10, 591, otc]
[8183, 58.0, 53.8, 54.50, 56.50, 7657, otc]
[8201, 10.65, 10.15, 10.20, 10.20, 513, tse]
[8210, 89.8, 84.0, 89.80, 86.50, 8508, tse]
[8213, 38.45, 36.7, 36.70, 38.40, 2471, tse]
[8215, 35.95, 32.2, 32.70, 35.00, 42519, tse]
[8222, 29.05, 25.75, 26.00, 27.50, 23261, tse]
[8227, 99.0, 82.3, 88.00, 94.10, 9779, otc]
[8234, 34.2, 31.85, 32.10, 34.00, 4416, otc]
[8240, 28.95, 28.0, 28.95, 28.80, 162, otc]
[8249, 29.55, 28.4, 28.50, 29.40, 1608, tse]
[8255, 181.0, 160.0, 163.00, 178.00, 11287, otc]
[8261, 117.0, 108.5, 109.00, 112.50, 25107, tse]
[8271, 44.75, 42.1, 42.10, 44.55, 2404, tse]
[8277, 8.88, 7.91, 7.91, 8.80, 1591, otc]
[8279, 164.5, 154.0, 158.00, 159.00, 189, otc]
[8284, 60.3, 57.5, 57.50, 59.10, 508, otc]
[8289, 40.7, 35.95, 35.95, 39.50, 9274, otc]
[8291, NaN, NaN, NaN, NaN, 0, otc]
[8299, 376.5, 361.0, 369.00, 368.00, 6173, otc]
[8341, 169.5, 163.0, 163.50, 165.50, 2225, tse]
[8342, 56.0, 55.0, 55.30, 56.00, 29, otc]
[8349, 60.8, 56.3, 56.30, 60.30, 1617, otc]
[8354, 14.4, 14.05, 14.20, 14.35, 135, otc]
[8358, 69.0, 61.1, 61.10, 66.20, 74825, otc]
[8367, 42.2, 39.25, 40.00, 42.20, 228, tse]
[8374, 31.0, 28.55, 31.00, 29.30, 160, tse]
[8383, 39.3, 38.65, 38.65, 39.25, 831, otc]
[8390, 38.65, 36.9, 37.25, 37.55, 1436, otc]
[8401, 21.65, 20.95, 21.05, 21.50, 1107, otc]
[8403, 34.6, 33.1, 33.20, 34.05, 2136, otc]
[8404, 27.0, 26.4, 26.80, 27.00, 437, tse]
[8409, 19.3, 18.55, 18.95, 18.95, 443, otc]
[8410, 29.55, 28.7, 29.30, 29.25, 31, otc]
[8411, 14.7, 13.4, 13.50, 14.25, 748, tse]
[8415, 38.6, 37.65, 37.70, 38.55, 1936, otc]
[8416, 117.5, 116.0, 117.00, 117.00, 39, otc]
[8418, 9.94, 9.72, 9.94, 9.77, 38, otc]
[8420, 85.0, 81.3, 84.00, 82.00, 1867, otc]
[8421, 16.45, 15.65, 16.10, 16.40, 1836, otc]
[8422, 184.5, 180.0, 180.00, 183.50, 1131, tse]
[8423, 18.45, 18.2, 18.40, 18.20, 20, otc]
[8424, 67.5, 66.5, 67.30, 67.00, 73, otc]
[8426, 29.95, 28.1, 28.50, 29.30, 182, otc]
[8429, 11.9, 10.75, 10.75, 11.15, 8463, tse]
[8431, 52.8, 50.7, 50.70, 52.40, 332, otc]
[8432, 47.8, 46.3, 47.20, 47.60, 193, otc]
[8433, 69.5, 64.8, 66.70, 68.00, 996, otc]
[8435, 61.4, 60.0, 60.00, 61.00, 60, otc]
[8436, 204.0, 177.0, 179.00, 200.00, 18245, otc]
[8437, 114.0, 102.0, 102.50, 113.50, 96, otc]
[8438, 24.8, 23.9, 24.00, 24.30, 209, tse]
[8440, 47.75, 45.0, 45.75, 45.85, 4148, otc]
[8442, 75.9, 70.9, 75.60, 72.70, 1665, tse]
[8443, 11.15, 10.55, 10.85, 11.10, 556, tse]
[8444, 49.1, 38.4, 38.40, 49.10, 241, otc]
[8446, 83.7, 82.1, 83.00, 83.10, 181, otc]
[8450, 28.95, 25.3, 26.30, 27.35, 2208, otc]
[8454, 821.0, 754.0, 801.00, 777.00, 5073, tse]
[8455, 22.85, 21.0, 21.40, 22.85, 12, otc]
[8462, 132.0, 123.0, 124.50, 128.00, 550, tse]
[8463, 25.05, 23.8, 24.70, 24.20, 686, tse]
[8464, 333.5, 308.0, 327.00, 320.00, 4282, tse]
[8466, 41.0, 40.15, 41.00, 40.45, 150, tse]
[8467, 58.9, 57.0, 57.20, 58.20, 167, tse]
[8472, 43.9, 41.6, 43.50, 43.50, 35, otc]
[8473, 27.65, 27.35, 27.40, 27.55, 192, tse]
[8476, 69.8, 59.7, 59.80, 68.00, 4908, otc]
[8477, 17.55, 16.35, 16.50, 17.15, 403, otc]
[8478, 430.5, 325.5, 415.50, 336.50, 38390, tse]
[8481, 57.9, 56.5, 56.80, 57.80, 57, tse]
[8482, 71.8, 70.2, 70.50, 71.80, 358, tse]
[8488, 16.7, 14.9, 15.20, 16.00, 78, tse]
[8489, 25.4, 24.25, 24.35, 24.60, 432, otc]
[8499, 107.5, 101.5, 102.50, 107.00, 176, tse]
[8905, 23.15, 22.65, 22.70, 23.05, 257, otc]
[8906, 20.0, 19.0, 19.40, 19.00, 63, otc]
[8908, 71.0, 68.6, 68.60, 70.40, 203, otc]
[8916, 52.7, 51.4, 52.00, 52.30, 3165, otc]
[8917, 89.9, 89.5, 89.90, 89.50, 8, otc]
[8921, 15.0, 14.6, 15.00, 14.95, 20, otc]
[8923, 22.8, 20.25, 22.80, 21.55, 314, otc]
[8924, 121.0, 116.5, 118.50, 118.50, 1329, otc]
[8926, 35.9, 33.6, 33.85, 35.45, 5265, tse]
[8927, 36.25, 35.4, 35.60, 35.75, 1006, otc]
[8928, 41.9, 40.9, 41.10, 41.75, 608, otc]
[8929, 20.85, 20.1, 20.50, 20.70, 76, otc]
[8930, 17.4, 17.1, 17.20, 17.25, 1064, otc]
[8931, 49.75, 44.3, 44.30, 49.60, 1783, otc]
[8932, 45.25, 40.1, 40.10, 43.60, 1785, otc]
[8933, 17.0, 16.0, 16.10, 16.50, 13125, otc]
[8935, 11.8, 11.3, 11.70, 11.40, 548, otc]
[8936, 23.3, 22.05, 22.15, 23.00, 5173, otc]
[8937, 15.3, 14.3, 15.30, 14.80, 67, otc]
[8938, 100.0, 96.4, 99.70, 96.60, 4566, otc]
[8940, 17.2, 16.35, 16.40, 17.00, 1091, tse]
[8941, 56.5, 54.2, 54.40, 56.00, 131, otc]
[8942, 62.8, 60.4, 60.70, 62.70, 1151, otc]
[8996, 221.5, 196.0, 211.00, 212.50, 109851, tse]
[9103, 7.97, 7.71, 7.90, 7.75, 4331, tse]
[9105, 4.35, 3.84, 3.84, 4.18, 51542, tse]
[9110, 3.04, 2.96, 3.00, 2.98, 217, tse]
[9136, 6.39, 6.21, 6.38, 6.34, 789, tse]
[9802, 141.0, 129.0, 140.50, 135.00, 15868, tse]
[9902, 12.85, 12.65, 12.75, 12.80, 464, tse]
[9904, 34.95, 33.5, 34.80, 33.95, 61853, tse]
[9905, 24.6, 24.25, 24.45, 24.45, 389, tse]
[9906, 48.1, 47.0, 47.60, 48.10, 91, tse]
[9907, 18.05, 17.25, 17.30, 18.00, 13551, tse]
[9908, 31.75, 30.95, 31.45, 31.20, 511, tse]
[9910, 211.0, 193.0, 210.50, 197.50, 10649, tse]
[9911, 64.0, 62.9, 63.50, 63.70, 532, tse]
[9912, 9.78, 9.41, 9.45, 9.58, 331, tse]
[9914, 193.0, 179.0, 187.50, 190.00, 5459, tse]
[9917, 101.0, 99.1, 101.00, 100.50, 1375, tse]
[9918, 42.4, 42.1, 42.25, 42.10, 22, tse]
[9919, 17.6, 16.95, 17.20, 17.45, 3166, tse]
[9921, 224.0, 201.0, 220.50, 211.50, 6758, tse]
[9924, 42.55, 41.9, 42.00, 42.25, 688, tse]
[9925, 40.0, 39.55, 39.55, 40.00, 721, tse]
[9926, 51.9, 51.4, 51.50, 51.80, 23, tse]
[9927, 38.45, 38.0, 38.10, 38.45, 421, tse]
[9928, 23.0, 18.9, 19.90, 21.05, 3519, tse]
[9929, 9.55, 8.63, 8.65, 9.41, 815, tse]
[9930, 47.3, 46.65, 46.65, 47.00, 357, tse]
[9931, 40.0, 39.25, 39.45, 39.85, 15, tse]
[9933, 43.8, 42.65, 42.80, 43.35, 8683, tse]
[9934, 13.45, 13.0, 13.35, 13.40, 1851, tse]
[9935, 17.8, 17.45, 17.50, 17.80, 378, tse]
[9937, 55.4, 52.1, 52.10, 54.80, 192, tse]
[9938, 59.7, 57.0, 58.00, 57.20, 9586, tse]
[9939, 91.8, 87.3, 87.30, 91.70, 8178, tse]
[9940, 27.9, 27.25, 27.25, 27.90, 1301, tse]
[9941, 173.5, 163.0, 165.00, 170.50, 6152, tse]
[9942, 115.0, 105.0, 105.00, 113.00, 2658, tse]
[9943, 64.3, 62.1, 62.60, 64.00, 292, tse]
[9944, 20.65, 20.3, 20.50, 20.60, 463, tse]
[9945, 45.65, 43.8, 44.50, 45.10, 35155, tse]
[9946, 12.1, 11.85, 12.00, 12.10, 244, tse]
[9949, 21.8, 20.5, 20.95, 20.75, 122, otc]
[9950, 11.5, 10.15, 10.65, 11.00, 35, otc]
[9951, 70.0, 66.6, 66.80, 68.50, 494, otc]
[9955, 23.25, 21.4, 21.80, 21.65, 4611, tse]
[9958, 108.0, 95.1, 96.10, 105.00, 26144, tse]
[9960, 26.15, 25.7, 25.85, 25.95, 194, otc]
[9962, 19.75, 18.7, 18.70, 19.10, 5795, otc]
