[1101, 34.7, 33.3, 33.60, 34.25, 63211]
[1102, 41.35, 40.35, 40.95, 41.35, 14757]
[1103, 17.7, 17.25, 17.30, 17.60, 407]
[1104, 22.4, 21.9, 22.05, 22.35, 958]
[1108, 11.0, 10.65, 10.75, 10.90, 612]
[1109, 15.85, 15.5, 15.55, 15.75, 337]
[1110, 18.55, 18.2, 18.45, 18.25, 442]
[1201, 19.15, 18.85, 18.90, 19.00, 772]
[1203, 35.0, 34.4, 34.50, 34.60, 44]
[1210, 45.6, 45.0, 45.55, 45.25, 2845]
[1213, 7.4, 6.83, 6.83, 7.01, 44]
[1215, 78.6, 78.0, 78.30, 78.30, 843]
[1216, 67.2, 65.7, 65.80, 66.60, 26926]
[1217, 11.05, 10.5, 10.70, 10.70, 15981]
[1218, 33.05, 32.0, 32.55, 32.40, 8409]
[1219, 19.0, 18.7, 18.70, 18.85, 1746]
[1220, 15.45, 15.2, 15.45, 15.35, 433]
[1225, 57.8, 56.1, 56.10, 56.90, 47]
[1227, 40.15, 39.55, 39.95, 40.10, 1138]
[1229, 50.4, 49.75, 50.10, 50.00, 2442]
[1231, 74.6, 73.0, 74.60, 73.60, 422]
[1232, 141.5, 140.0, 140.50, 140.50, 259]
[1233, 32.4, 32.15, 32.40, 32.20, 21]
[1234, 32.8, 32.5, 32.80, 32.60, 1724]
[1235, 68.9, 67.9, 68.20, 68.10, 17]
[1236, 22.6, 22.0, 22.45, 22.25, 451]
[1240, 44.05, 43.2, 44.05, 43.70, 39]
[1256, 272.0, 260.0, 271.50, 262.00, 36]
[1258, 22.15, 20.25, 20.65, 21.55, 635]
[1259, 75.0, 72.6, 74.90, 73.30, 69]
[1264, 257.0, 254.0, 256.50, 257.00, 30]
[1268, 133.0, 128.0, 128.00, 130.00, 437]
[1301, 88.0, 85.6, 86.20, 88.00, 19507]
[1303, 73.0, 70.1, 70.40, 72.80, 13527]
[1304, 22.35, 21.9, 22.30, 21.90, 4399]
[1305, 27.3, 25.8, 26.75, 26.50, 13376]
[1307, 20.75, 20.35, 20.50, 20.65, 226]
[1308, 28.7, 27.9, 28.35, 28.35, 2734]
[1309, 22.45, 21.95, 22.00, 22.05, 2381]
[1310, 13.55, 13.25, 13.55, 13.50, 863]
[1312, 19.65, 18.85, 18.95, 19.30, 13722]
[1313, 13.85, 13.35, 13.70, 13.55, 3064]
[1314, 10.05, 9.85, 9.90, 9.93, 17430]
[1315, 71.0, 69.8, 70.20, 70.70, 34]
[1316, 12.1, 11.65, 11.80, 11.95, 1658]
[1319, 43.9, 42.2, 43.40, 43.35, 17198]
[1321, 33.25, 32.7, 32.85, 33.05, 254]
[1323, 33.2, 32.7, 33.20, 32.95, 101]
[1324, 11.0, 10.65, 10.85, 10.85, 87]
[1325, 27.4, 26.2, 27.15, 27.00, 2173]
[1326, 71.6, 69.2, 69.90, 71.30, 8286]
[1336, 26.9, 24.8, 24.90, 25.90, 1174]
[1337, 7.19, 6.99, 7.03, 7.09, 1136]
[1338, 43.8, 41.8, 42.60, 43.55, 406]
[1339, 41.85, 41.25, 41.40, 41.85, 409]
[1340, 10.2, 9.8, 9.84, 9.85, 414]
[1341, 67.1, 65.9, 66.70, 67.10, 56]
[1342, 136.0, 119.0, 134.00, 120.50, 28133]
[1402, 32.15, 31.4, 31.70, 31.80, 17662]
[1409, 17.7, 17.25, 17.50, 17.60, 4846]
[1410, 40.8, 39.35, 40.70, 39.95, 217]
[1413, 9.54, 9.35, 9.44, 9.40, 100]
[1414, 17.8, 17.55, 17.80, 17.70, 880]
[1416, 10.6, 10.0, 10.15, 10.20, 2641]
[1417, 15.2, 14.15, 14.35, 14.30, 73758]
[1418, 14.1, 13.4, 13.85, 14.00, 46]
[1419, 40.45, 39.75, 39.90, 40.15, 131]
[1423, 20.15, 20.05, 20.15, 20.10, 128]
[1432, 12.6, 12.0, 12.00, 12.30, 1746]
[1434, 26.75, 26.4, 26.70, 26.75, 2533]
[1436, 56.6, 55.1, 56.20, 55.50, 244]
[1437, 26.1, 25.6, 26.00, 25.65, 1433]
[1438, 32.5, 31.1, 31.45, 31.75, 111]
[1439, 21.45, 20.65, 20.75, 21.25, 131]
[1440, 16.95, 16.55, 16.80, 16.80, 2128]
[1441, 8.05, 7.81, 7.87, 8.00, 147]
[1442, 36.0, 34.8, 34.80, 34.80, 2748]
[1443, 21.9, 20.9, 21.10, 21.90, 258]
[1444, 10.8, 10.1, 10.25, 10.40, 29141]
[1445, 16.5, 16.0, 16.20, 16.00, 629]
[1446, 31.8, 30.7, 30.75, 31.45, 411]
[1447, 7.84, 7.57, 7.68, 7.70, 3661]
[1449, 16.9, 15.4, 16.20, 16.10, 685]
[1451, 21.4, 20.8, 21.00, 21.20, 961]
[1452, 17.5, 17.3, 17.50, 17.45, 218]
[1453, 15.45, 14.5, 14.80, 15.00, 823]
[1454, 13.5, 12.9, 13.00, 13.35, 274]
[1455, 10.65, 10.25, 10.35, 10.60, 2450]
[1456, 15.5, 15.05, 15.30, 15.10, 183]
[1457, 18.7, 18.55, 18.55, 18.65, 658]
[1459, 8.33, 8.2, 8.22, 8.30, 138]
[1460, 7.12, 7.03, 7.03, 7.10, 1109]
[1463, 14.5, 14.1, 14.25, 14.35, 314]
[1464, 14.1, 13.8, 14.00, 14.05, 415]
[1465, 14.05, 13.7, 13.85, 13.95, 62]
[1466, 12.05, 11.6, 12.00, 11.75, 183]
[1467, 12.25, 10.95, 11.10, 11.95, 36750]
[1468, 13.5, 13.25, 13.50, 13.50, 160]
[1470, 18.6, 17.85, 18.45, 18.20, 120]
[1471, 7.7, 7.59, 7.65, 7.67, 447]
[1472, 22.95, 22.45, 22.95, 22.85, 32]
[1473, 21.35, 20.6, 21.15, 21.20, 465]
[1474, 12.1, 11.95, 12.00, 12.10, 222]
[1475, 69.2, 62.8, 63.70, 66.20, 772]
[1476, 497.5, 478.5, 491.50, 485.00, 2900]
[1477, 234.5, 222.5, 232.00, 225.50, 8415]
[1503, 68.9, 59.7, 60.40, 67.80, 10293]
[1504, 28.7, 27.1, 27.45, 28.25, 18590]
[1506, 17.5, 17.2, 17.20, 17.45, 579]
[1512, 5.02, 4.68, 5.00, 4.98, 819]
[1513, 77.4, 67.0, 67.10, 72.70, 222458]
[1514, 32.45, 29.35, 29.60, 31.15, 32842]
[1515, 30.4, 29.6, 29.95, 30.10, 1143]
[1516, 19.95, 19.75, 19.90, 19.85, 172]
[1517, 20.9, 20.05, 20.15, 20.45, 2057]
[1519, 59.5, 47.15, 48.00, 52.10, 157875]
[1521, 34.9, 34.2, 34.85, 34.70, 46]
[1522, 28.4, 27.55, 27.65, 27.75, 8102]
[1524, 25.05, 23.75, 24.90, 23.95, 10973]
[1525, 57.4, 56.3, 57.40, 57.00, 140]
[1526, 41.35, 40.2, 40.55, 41.00, 523]
[1527, 41.3, 40.65, 41.30, 41.25, 571]
[1528, 10.15, 10.0, 10.15, 10.10, 797]
[1529, 24.25, 19.9, 20.20, 22.90, 73872]
[1530, 31.2, 30.75, 31.15, 31.15, 76]
[1531, 14.0, 13.75, 13.90, 13.90, 130]
[1532, 29.15, 28.45, 28.70, 28.90, 591]
[1533, 50.1, 48.25, 48.50, 49.60, 409]
[1535, 43.1, 42.6, 42.80, 43.05, 268]
[1536, 68.1, 65.2, 67.30, 67.00, 12579]
[1537, 138.0, 136.5, 137.50, 137.50, 157]
[1538, 8.11, 8.0, 8.01, 8.00, 34]
[1539, 30.1, 28.0, 28.70, 29.30, 1164]
[1540, 15.6, 15.25, 15.30, 15.55, 247]
[1541, 33.75, 33.3, 33.40, 33.70, 26]
[1558, 119.5, 118.0, 119.00, 119.00, 146]
[1560, 109.0, 104.5, 105.50, 107.00, 7223]
[1565, 258.0, 246.5, 246.50, 252.00, 471]
[1568, 23.05, 22.45, 22.70, 22.90, 614]
[1569, 22.35, 21.8, 22.10, 22.25, 467]
[1570, 17.1, 16.65, 16.70, 16.95, 137]
[1580, 90.9, 87.5, 90.90, 88.70, 419]
[1582, 59.5, 58.6, 59.00, 58.90, 306]
[1583, 61.6, 60.1, 61.00, 61.50, 15]
[1584, 22.85, 21.5, 22.30, 21.85, 16452]
[1586, 35.0, 33.35, 33.45, 34.00, 390]
[1587, 22.0, 21.25, 21.65, 21.65, 233]
[1589, 62.2, 56.3, 56.90, 60.50, 2310]
[1590, 944.0, 869.0, 931.00, 917.00, 2835]
[1591, 17.2, 16.6, 16.60, 17.05, 193]
[1593, 70.5, 68.0, 68.50, 69.90, 69]
[1595, 38.4, 37.9, 38.20, 38.30, 53]
[1597, 70.5, 68.5, 69.90, 70.10, 141]
[1598, 42.2, 39.85, 40.70, 41.15, 381]
[1599, 39.4, 38.75, 39.05, 38.95, 157]
[1603, 26.8, 25.7, 26.00, 26.35, 1517]
[1604, 26.4, 26.0, 26.20, 26.20, 748]
[1605, 48.7, 46.0, 47.25, 47.70, 347473]
[1608, 14.1, 13.45, 13.60, 13.75, 1891]
[1609, 22.25, 20.4, 20.45, 20.80, 53836]
[1611, 13.4, 13.0, 13.20, 13.20, 1591]
[1612, 16.95, 16.15, 16.25, 16.90, 2446]
[1614, 35.8, 35.1, 35.45, 35.60, 60]
[1615, 29.0, 28.3, 28.70, 28.60, 116]
[1616, 7.49, 7.19, 7.32, 7.36, 240]
[1617, 15.05, 14.9, 15.00, 14.90, 321]
[1618, 15.95, 14.15, 14.45, 15.05, 10007]
[1626, 16.95, 16.35, 16.60, 16.50, 136]
[1701, 32.45, 29.6, 31.80, 29.70, 80443]
[1702, 45.4, 44.65, 45.40, 44.70, 511]
[1707, 171.0, 163.5, 169.50, 165.00, 3411]
[1708, 41.0, 39.8, 40.50, 40.85, 4215]
[1709, 22.65, 22.05, 22.25, 22.60, 1631]
[1710, 18.8, 18.35, 18.75, 18.50, 3063]
[1711, 18.75, 18.35, 18.65, 18.45, 2229]
[1712, 37.35, 36.25, 36.55, 37.15, 3141]
[1713, 25.0, 24.75, 24.85, 25.00, 400]
[1714, 8.8, 8.6, 8.80, 8.62, 4142]
[1717, 31.85, 31.0, 31.15, 31.60, 4221]
[1718, 8.7, 8.4, 8.61, 8.55, 11377]
[1720, 61.8, 57.5, 61.70, 57.80, 18500]
[1721, 15.1, 14.5, 14.80, 14.75, 1502]
[1722, 53.8, 52.9, 53.50, 53.30, 4824]
[1723, 106.5, 105.0, 105.50, 105.00, 476]
[1725, 20.4, 20.0, 20.40, 20.15, 47]
[1726, 70.6, 69.9, 70.30, 70.30, 121]
[1727, 25.5, 24.35, 24.50, 25.20, 643]
[1730, 57.0, 55.0, 55.40, 55.00, 51]
[1731, 19.85, 19.5, 19.85, 19.75, 831]
[1732, 33.2, 31.45, 33.00, 31.45, 1998]
[1733, 25.65, 25.2, 25.55, 25.35, 598]
[1734, 33.4, 31.75, 33.40, 31.85, 8945]
[1735, 15.3, 14.9, 15.15, 15.20, 33]
[1736, 78.2, 68.1, 69.50, 75.70, 13017]
[1737, 32.45, 32.05, 32.40, 32.35, 256]
[1742, 14.9, 14.45, 14.45, 14.45, 87]
[1752, 64.7, 59.1, 63.70, 60.30, 98700]
[1760, 181.0, 170.0, 178.50, 171.50, 32442]
[1762, 66.0, 62.7, 66.00, 62.70, 4471]
[1773, 117.5, 113.0, 114.50, 115.50, 392]
[1776, 16.6, 16.3, 16.50, 16.45, 21]
[1777, 84.8, 81.2, 84.20, 82.20, 507]
[1781, 15.15, 14.7, 15.10, 14.90, 464]
[1783, 48.45, 44.3, 47.20, 46.10, 9740]
[1784, 44.45, 42.15, 44.25, 42.50, 948]
[1785, 33.7, 31.7, 32.10, 33.10, 3601]
[1786, 55.9, 52.1, 54.20, 55.10, 3061]
[1788, 144.0, 142.5, 143.50, 142.50, 44]
[1789, 25.65, 24.95, 25.65, 25.05, 3591]
[1795, 254.0, 239.0, 249.50, 240.50, 36800]
[1796, 68.0, 66.1, 66.90, 67.00, 100]
[1799, 16.4, 16.0, 16.00, 16.00, 26]
[1802, 22.3, 20.75, 21.00, 22.15, 20493]
[1805, 10.7, 10.0, 10.55, 10.15, 347]
[1806, 8.95, 8.83, 8.95, 8.89, 756]
[1808, 71.5, 68.4, 68.50, 69.10, 1643]
[1809, 12.65, 12.25, 12.35, 12.45, 1593]
[1810, 18.85, 17.9, 18.45, 18.10, 24013]
[1813, 23.0, 22.55, 22.70, 22.75, 135]
[1815, 12.55, 11.6, 11.65, 12.35, 6152]
[1817, 39.05, 37.7, 37.85, 39.00, 449]
[1903, 50.7, 49.5, 50.00, 50.00, 172]
[1904, 27.8, 27.2, 27.40, 27.60, 3006]
[1905, 16.8, 15.9, 16.15, 16.50, 3031]
[1906, 17.35, 16.75, 16.80, 17.05, 897]
[1907, 25.1, 24.2, 24.35, 24.95, 3836]
[1909, 17.6, 16.2, 16.50, 17.25, 52545]
[2002, 30.3, 29.5, 29.85, 30.15, 69825]
[2006, 52.5, 51.6, 52.50, 52.40, 2301]
[2007, 12.8, 12.0, 12.10, 12.05, 13823]
[2008, 18.5, 17.85, 17.85, 18.15, 175]
[2009, 30.4, 29.2, 30.00, 29.50, 4563]
[2010, 16.05, 15.75, 15.95, 15.85, 916]
[2012, 24.35, 23.55, 24.05, 23.70, 216]
[2013, 59.6, 58.5, 59.00, 59.30, 539]
[2014, 27.35, 26.5, 26.80, 27.10, 35948]
[2015, 64.3, 62.9, 63.50, 63.60, 311]
[2017, 14.25, 13.75, 13.85, 14.00, 1601]
[2020, 23.45, 22.6, 22.95, 22.95, 495]
[2022, 8.42, 8.23, 8.36, 8.31, 1128]
[2023, 16.2, 15.75, 16.10, 15.90, 7918]
[2024, 18.75, 18.05, 18.60, 18.05, 152]
[2025, 5.13, 4.91, 4.92, 4.93, 581]
[2027, 42.95, 42.0, 42.50, 42.30, 19618]
[2028, 28.45, 27.05, 28.10, 27.20, 3348]
[2029, 24.5, 24.05, 24.45, 24.20, 826]
[2030, 23.55, 22.9, 23.35, 23.05, 3319]
[2031, 44.15, 42.7, 43.30, 42.95, 5241]
[2032, 20.85, 19.85, 20.30, 19.95, 2623]
[2033, 16.1, 15.1, 16.00, 15.20, 1869]
[2034, 29.55, 28.9, 28.95, 29.00, 3655]
[2035, 32.0, 31.5, 31.50, 31.85, 67]
[2038, 22.35, 21.4, 22.10, 21.50, 3411]
[2049, 186.5, 179.0, 182.50, 185.50, 2985]
[2059, 400.0, 380.0, 384.00, 388.00, 817]
[2061, 24.65, 23.8, 24.65, 24.55, 255]
[2062, 22.9, 22.4, 22.55, 22.65, 702]
[2063, 44.7, 43.4, 43.90, 44.65, 1234]
[2064, 18.5, 17.85, 18.10, 17.85, 93]
[2065, 53.1, 51.3, 51.60, 52.60, 317]
[2066, 74.5, 72.4, 73.20, 74.30, 440]
[2067, 10.75, 10.45, 10.50, 10.60, 66]
[2069, 21.85, 21.0, 21.45, 21.10, 2027]
[2070, 38.75, 37.3, 38.15, 38.00, 223]
[2101, 33.4, 32.85, 33.40, 33.05, 2469]
[2102, 20.4, 19.7, 19.90, 20.30, 1361]
[2103, 28.15, 26.8, 27.20, 27.60, 3285]
[2104, 19.9, 19.15, 19.45, 19.65, 3590]
[2105, 34.55, 33.35, 33.80, 34.40, 6472]
[2106, 30.9, 30.05, 30.30, 30.75, 1211]
[2107, 22.6, 21.5, 21.75, 22.00, 1300]
[2108, 39.9, 36.7, 37.10, 39.30, 4161]
[2109, 15.45, 14.4, 14.55, 14.70, 1136]
[2114, 97.0, 94.5, 96.70, 95.50, 80]
[2115, 31.5, 29.4, 29.65, 30.70, 146]
[2201, 67.4, 61.7, 62.10, 66.20, 104950]
[2204, 54.7, 50.6, 51.50, 53.90, 7280]
[2206, 34.45, 33.7, 33.95, 34.30, 4357]
[2207, 612.0, 574.0, 585.00, 611.00, 628]
[2208, 19.5, 18.85, 19.40, 18.85, 5557]
[2211, 52.9, 51.1, 51.70, 52.40, 10987]
[2221, 38.45, 37.9, 38.30, 38.30, 118]
[2227, 192.0, 186.5, 189.00, 191.50, 84]
[2228, 76.5, 72.1, 73.50, 75.20, 531]
[2230, 38.15, 31.7, 31.70, 37.50, 10655]
[2231, 144.5, 136.0, 138.50, 140.00, 2708]
[2233, 101.0, 99.3, 101.00, 99.60, 230]
[2235, 46.95, 45.15, 45.65, 45.75, 17]
[2236, 26.95, 25.7, 26.15, 26.25, 4343]
[2239, 60.9, 58.1, 58.40, 59.80, 257]
[2241, 31.8, 30.65, 30.90, 30.90, 77]
[2243, 16.9, 15.8, 16.00, 16.30, 2555]
[2247, 212.5, 208.0, 212.00, 212.00, 103]
[2250, 73.9, 71.2, 71.60, 72.20, 45]
[2301, 65.1, 63.7, 63.80, 64.70, 13536]
[2302, 16.9, 16.4, 16.65, 16.80, 933]
[2303, 42.4, 40.25, 40.45, 42.40, 142858]
[2305, 26.95, 25.4, 25.40, 25.95, 2579]
[2308, 288.0, 271.5, 284.00, 272.00, 25502]
[2312, 13.65, 13.35, 13.45, 13.55, 6043]
[2313, 45.75, 43.7, 44.50, 44.30, 35631]
[2314, 40.95, 38.6, 39.10, 39.45, 1772]
[2316, 27.3, 26.85, 26.90, 27.15, 218]
[2317, 99.9, 98.0, 99.90, 98.40, 147848]
[2321, 6.5, 6.01, 6.01, 6.28, 60]
[2323, 7.55, 7.24, 7.25, 7.43, 6569]
[2324, 23.3, 22.85, 23.00, 23.05, 30873]
[2327, 499.5, 446.0, 450.00, 496.00, 14348]
[2328, 39.15, 37.15, 37.45, 38.80, 10245]
[2329, 18.3, 17.4, 17.55, 18.05, 5453]
[2330, 459.5, 443.0, 446.00, 458.50, 81222]
[2331, 21.4, 20.5, 20.50, 20.85, 4253]
[2332, 15.6, 14.65, 14.95, 15.60, 8863]
[2337, 34.9, 33.5, 33.55, 34.75, 17199]
[2338, 90.7, 83.1, 84.00, 88.00, 35133]
[2340, 35.5, 33.55, 33.85, 34.50, 3445]
[2342, 38.65, 36.8, 37.25, 38.15, 1569]
[2344, 20.5, 19.35, 19.45, 20.20, 41632]
[2345, 257.5, 237.5, 238.00, 255.50, 10715]
[2347, 59.2, 58.1, 58.80, 58.70, 8515]
[2348, 66.0, 62.8, 62.80, 64.50, 135]
[2349, 7.92, 7.56, 7.60, 7.80, 3150]
[2351, 101.0, 95.8, 96.50, 97.90, 2133]
[2352, 28.25, 27.2, 28.20, 27.70, 8851]
[2353, 24.1, 23.35, 23.50, 24.10, 22999]
[2354, 52.4, 50.3, 52.20, 52.40, 9494]
[2355, 29.3, 28.4, 28.40, 29.00, 968]
[2356, 26.3, 26.0, 26.00, 26.10, 14982]
[2357, 275.0, 266.0, 267.00, 271.50, 3625]
[2358, 14.25, 13.9, 13.95, 14.10, 2013]
[2359, 28.0, 25.95, 26.20, 28.00, 19888]
[2360, 200.0, 180.0, 181.00, 193.50, 4003]
[2362, 30.85, 30.4, 30.60, 30.75, 288]
[2363, 16.75, 16.1, 16.25, 16.55, 5760]
[2364, 104.0, 97.7, 100.00, 97.70, 1515]
[2365, 10.45, 10.05, 10.30, 10.10, 888]
[2367, 18.1, 17.2, 17.25, 18.00, 10524]
[2368, 90.1, 84.7, 86.90, 87.20, 30668]
[2369, 13.3, 12.8, 12.90, 13.25, 1416]
[2371, 34.8, 33.8, 34.50, 33.95, 14304]
[2373, 77.9, 77.3, 77.90, 77.80, 219]
[2374, 20.7, 19.95, 20.30, 20.50, 1278]
[2375, 57.4, 52.9, 53.10, 57.30, 1596]
[2376, 114.5, 105.0, 105.00, 112.00, 31093]
[2377, 124.5, 119.0, 119.00, 124.00, 6075]
[2379, 307.0, 280.0, 282.00, 307.00, 9523]
[2380, 11.5, 10.55, 11.50, 10.65, 4560]
[2382, 73.2, 71.1, 71.90, 71.80, 24242]
[2383, 181.5, 169.0, 169.00, 176.50, 7520]
[2385, 86.5, 85.5, 86.20, 86.30, 3873]
[2387, 38.6, 37.6, 38.15, 38.40, 940]
[2388, 71.4, 66.8, 67.30, 69.70, 35635]
[2390, 12.3, 11.9, 12.00, 12.05, 2154]
[2392, 37.5, 36.3, 37.00, 37.10, 2243]
[2393, 37.65, 36.5, 36.80, 37.20, 1387]
[2395, 343.0, 324.0, 329.50, 338.00, 1491]
[2397, 62.6, 58.6, 58.80, 61.70, 1203]
[2399, 14.35, 13.45, 13.45, 13.80, 12123]
[2401, 23.15, 22.15, 22.20, 23.15, 3179]
[2402, 18.3, 17.45, 17.95, 17.70, 6099]
[2404, 185.5, 181.5, 183.00, 184.00, 1133]
[2405, 11.9, 11.5, 11.55, 11.75, 1902]
[2406, 19.4, 18.25, 18.45, 18.90, 5584]
[2408, 56.1, 51.0, 51.00, 55.00, 44002]
[2409, 16.05, 15.0, 15.00, 15.95, 177330]
[2412, 114.0, 111.5, 113.00, 114.00, 25435]
[2413, 26.75, 24.7, 24.90, 25.95, 3519]
[2414, 30.5, 30.2, 30.40, 30.30, 143]
[2415, 20.65, 20.0, 20.30, 20.35, 240]
[2417, 22.9, 21.95, 22.20, 22.55, 869]
[2419, 27.7, 23.85, 24.00, 25.75, 37871]
[2420, 39.6, 39.0, 39.50, 39.50, 184]
[2421, 43.3, 41.75, 42.50, 42.75, 2871]
[2423, 27.9, 27.25, 27.45, 27.80, 551]
[2424, 21.25, 20.0, 21.00, 20.00, 169]
[2425, 31.4, 29.65, 31.30, 30.35, 11730]
[2426, 17.05, 16.25, 16.60, 17.00, 728]
[2427, 12.1, 11.9, 11.90, 12.10, 392]
[2428, 125.5, 121.0, 124.00, 125.50, 946]
[2429, 10.8, 10.0, 10.80, 10.25, 126]
[2430, 44.65, 42.85, 43.80, 44.35, 565]
[2431, 10.0, 9.85, 9.91, 9.93, 405]
[2433, 48.2, 47.9, 48.00, 48.15, 54]
[2434, 28.7, 27.7, 27.85, 27.90, 149]
[2436, 43.75, 41.05, 41.10, 43.55, 2837]
[2438, 14.45, 13.9, 13.90, 14.15, 230]
[2439, 80.7, 78.6, 79.10, 79.00, 1337]
[2440, 12.2, 11.9, 12.20, 11.90, 231]
[2441, 48.4, 47.7, 48.00, 48.40, 2677]
[2442, 13.6, 13.15, 13.20, 13.35, 1386]
[2443, 2.92, 2.75, 2.81, 2.87, 266]
[2444, 17.3, 15.85, 16.55, 16.75, 7307]
[2449, 36.7, 36.0, 36.30, 36.65, 7856]
[2450, 31.15, 30.7, 30.80, 31.05, 188]
[2451, 66.8, 65.4, 66.00, 66.70, 573]
[2453, 25.75, 25.45, 25.50, 25.60, 123]
[2454, 660.0, 621.0, 623.00, 660.00, 20970]
[2455, 74.7, 68.1, 68.70, 74.40, 13389]
[2457, 41.15, 39.2, 39.45, 40.05, 8470]
[2458, 95.3, 86.0, 86.00, 94.40, 10284]
[2459, 51.6, 50.7, 51.20, 51.50, 132]
[2460, 18.5, 16.1, 16.25, 17.05, 3069]
[2461, 18.7, 18.35, 18.60, 18.65, 398]
[2462, 28.65, 27.6, 28.50, 27.65, 820]
[2464, 38.45, 37.8, 37.85, 38.00, 417]
[2465, 42.4, 38.7, 39.00, 40.30, 38703]
[2466, 33.45, 32.55, 33.25, 33.25, 246]
[2467, 44.1, 43.0, 43.20, 43.30, 198]
[2468, 26.25, 24.65, 25.85, 24.95, 2773]
[2471, 28.6, 27.75, 28.15, 28.40, 722]
[2472, 58.2, 53.2, 53.60, 57.80, 1954]
[2474, 173.0, 168.0, 168.00, 171.50, 4448]
[2476, 46.1, 44.2, 44.20, 45.80, 1534]
[2477, 20.15, 19.45, 19.50, 19.85, 113]
[2478, 43.8, 42.8, 42.80, 43.80, 171]
[2480, 85.6, 83.7, 85.10, 84.20, 836]
[2481, 61.0, 57.8, 58.00, 60.50, 5053]
[2482, 27.85, 23.85, 23.95, 27.15, 22781]
[2483, 24.35, 23.9, 24.35, 24.35, 513]
[2484, 34.8, 33.7, 34.00, 34.15, 2636]
[2485, 17.65, 16.85, 17.10, 17.20, 3199]
[2486, 22.9, 21.4, 21.40, 22.55, 6186]
[2488, 29.2, 28.65, 28.65, 29.00, 175]
[2489, 10.15, 9.89, 10.15, 10.00, 3676]
[2491, 11.7, 11.25, 11.35, 11.50, 451]
[2492, 82.7, 78.2, 78.80, 82.40, 4425]
[2493, 43.85, 43.0, 43.45, 43.85, 344]
[2495, 19.6, 18.7, 19.15, 18.70, 7745]
[2496, 47.6, 47.15, 47.60, 47.45, 22]
[2497, 74.4, 70.2, 70.50, 73.30, 4926]
[2498, 60.8, 55.3, 55.80, 58.50, 121065]
[2501, 16.1, 15.2, 15.25, 16.05, 3174]
[2504, 25.6, 25.0, 25.25, 25.60, 3776]
[2505, 18.1, 17.7, 17.85, 17.90, 386]
[2506, 9.24, 9.03, 9.06, 9.20, 1076]
[2509, 14.8, 14.5, 14.65, 14.55, 121]
[2511, 10.85, 10.45, 10.55, 10.80, 2404]
[2514, 17.05, 16.6, 16.70, 16.90, 674]
[2515, 8.22, 8.07, 8.17, 8.18, 4196]
[2516, 5.05, 4.91, 5.00, 4.99, 209]
[2520, 29.85, 29.2, 29.65, 29.75, 3081]
[2524, 32.7, 31.4, 31.40, 32.25, 27]
[2527, 20.85, 20.4, 20.65, 20.75, 241]
[2528, 16.25, 15.75, 16.10, 15.90, 1290]
[2530, 17.55, 17.05, 17.30, 17.45, 1456]
[2534, 23.1, 22.3, 22.55, 22.90, 3578]
[2535, 30.25, 29.75, 30.25, 29.90, 880]
[2536, 22.7, 22.3, 22.30, 22.45, 245]
[2537, 7.11, 7.03, 7.11, 7.09, 1107]
[2538, 13.3, 12.5, 12.55, 13.05, 2994]
[2539, 32.2, 31.75, 31.90, 32.10, 736]
[2540, 72.6, 70.4, 72.60, 71.00, 215]
[2542, 40.7, 40.1, 40.15, 40.45, 7399]
[2543, 9.38, 8.97, 9.13, 9.28, 355]
[2545, 40.4, 40.0, 40.25, 40.20, 553]
[2546, 53.5, 51.2, 51.50, 52.80, 540]
[2547, 9.1, 9.02, 9.08, 9.04, 1066]
[2548, 89.0, 88.0, 89.00, 88.50, 1064]
[2596, 18.15, 17.5, 17.70, 17.95, 179]
[2597, 127.0, 121.0, 126.00, 123.50, 410]
[2601, 8.79, 8.5, 8.77, 8.61, 5104]
[2603, 164.0, 156.0, 163.00, 159.00, 81690]
[2605, 20.15, 18.8, 20.15, 19.05, 10439]
[2606, 49.15, 45.5, 49.10, 46.30, 21152]
[2607, 27.95, 27.4, 27.95, 27.50, 6283]
[2608, 39.6, 37.45, 37.50, 39.05, 3971]
[2609, 66.1, 63.2, 65.90, 63.60, 103955]
[2610, 19.15, 18.65, 18.90, 18.95, 89559]
[2611, 13.65, 13.2, 13.65, 13.40, 1737]
[2612, 41.45, 38.05, 41.45, 38.15, 5397]
[2613, 22.7, 21.65, 22.70, 21.75, 1543]
[2614, 24.6, 22.8, 23.35, 23.65, 30333]
[2615, 81.9, 75.7, 81.80, 77.80, 72912]
[2616, 31.9, 31.5, 31.90, 31.60, 661]
[2617, 27.0, 25.65, 27.00, 25.85, 5636]
[2618, 28.65, 27.2, 27.60, 28.05, 78983]
[2630, 16.75, 16.65, 16.65, 16.65, 55]
[2633, 29.3, 28.4, 28.60, 29.00, 10657]
[2634, 35.9, 34.95, 35.75, 35.25, 31903]
[2636, 77.1, 66.2, 76.90, 66.60, 6027]
[2637, 62.6, 59.8, 61.70, 60.00, 27287]
[2640, 89.9, 88.5, 89.50, 89.30, 139]
[2641, 18.8, 17.95, 18.70, 18.05, 7547]
[2642, 56.0, 49.3, 49.60, 53.30, 7797]
[2643, 68.7, 67.1, 68.10, 67.70, 156]
[2701, 12.15, 12.0, 12.05, 12.10, 280]
[2702, 22.9, 22.35, 22.80, 22.65, 890]
[2704, 33.2, 31.7, 32.40, 32.60, 777]
[2705, 16.9, 16.4, 16.75, 16.80, 395]
[2706, 14.15, 13.95, 14.15, 14.10, 854]
[2707, 257.0, 232.5, 251.50, 233.00, 6973]
[2712, 32.55, 31.9, 32.10, 31.90, 34]
[2718, 33.5, 33.0, 33.00, 33.50, 16]
[2719, 33.6, 30.15, 33.60, 31.30, 110]
[2722, 33.35, 32.0, 33.25, 32.10, 349]
[2723, 149.5, 137.5, 149.50, 139.00, 11686]
[2724, 12.85, 12.6, 12.80, 12.60, 6]
[2726, 23.4, 22.25, 23.10, 22.70, 216]
[2727, 168.5, 161.0, 164.00, 167.00, 3639]
[2729, 216.0, 205.5, 205.50, 212.50, 546]
[2731, 109.5, 103.0, 106.00, 103.50, 6423]
[2732, 130.5, 121.5, 124.00, 124.00, 2987]
[2734, 27.85, 26.6, 27.85, 26.95, 551]
[2736, 22.9, 21.6, 22.30, 22.05, 3438]
[2739, 31.5, 29.75, 30.00, 30.20, 239]
[2740, 50.0, 47.0, 47.00, 50.00, 9]
[2743, 61.4, 59.0, 59.90, 59.80, 3581]
[2745, 40.5, 39.65, 40.40, 39.90, 193]
[2748, 65.8, 56.5, 58.60, 64.00, 30397]
[2752, 199.5, 192.0, 192.00, 199.50, 211]
[2753, 233.5, 216.5, 226.00, 221.00, 5290]
[2754, 146.0, 136.5, 138.50, 138.50, 2069]
[2755, 83.0, 80.4, 82.10, 82.70, 41]
[2756, 124.0, 107.5, 121.50, 109.50, 240]
[2801, 17.4, 17.05, 17.10, 17.40, 11286]
[2809, 34.1, 33.35, 33.60, 34.00, 4342]
[2812, 12.95, 12.75, 12.80, 12.90, 10464]
[2816, 16.0, 15.6, 15.70, 15.90, 71]
[2820, 14.7, 14.4, 14.50, 14.60, 792]
[2832, 20.5, 20.3, 20.40, 20.50, 301]
[2834, 13.0, 12.85, 12.95, 12.95, 35821]
[2836, 12.55, 12.35, 12.45, 12.50, 1094]
[2838, 16.05, 15.8, 16.00, 15.90, 1722]
[2845, 11.2, 11.0, 11.00, 11.15, 6779]
[2849, 14.75, 14.4, 14.60, 14.75, 154]
[2850, 49.7, 48.1, 48.95, 49.50, 661]
[2851, 17.1, 16.75, 17.00, 17.05, 10297]
[2852, 15.95, 15.75, 15.80, 15.90, 655]
[2855, 15.9, 15.5, 15.65, 15.85, 935]
[2867, 5.52, 5.36, 5.52, 5.47, 27743]
[2880, 22.8, 22.15, 22.45, 22.80, 26170]
[2881, 58.5, 55.3, 56.10, 58.50, 39730]
[2882, 40.8, 39.75, 40.00, 40.75, 122294]
[2883, 12.9, 12.5, 12.65, 12.85, 48659]
[2884, 24.15, 23.8, 24.00, 23.95, 55564]
[2885, 22.0, 21.4, 21.60, 21.90, 42561]
[2886, 31.1, 30.05, 30.30, 30.95, 50875]
[2887, 15.45, 14.9, 15.10, 15.35, 40113]
[2888, 8.92, 8.7, 8.75, 8.88, 65791]
[2889, 11.55, 11.25, 11.30, 11.55, 15273]
[2890, 17.0, 16.5, 16.75, 16.95, 45716]
[2891, 22.7, 21.8, 22.00, 22.60, 94951]
[2892, 26.55, 26.0, 26.40, 26.50, 48383]
[2897, 8.46, 8.33, 8.37, 8.42, 3438]
[2901, 23.75, 23.5, 23.70, 23.65, 25]
[2903, 22.0, 21.1, 21.45, 21.60, 6084]
[2904, 19.95, 19.6, 19.80, 19.80, 50]
[2905, 15.45, 15.0, 15.20, 15.35, 674]
[2906, 18.5, 17.7, 18.15, 18.30, 2536]
[2908, 19.75, 19.5, 19.65, 19.65, 238]
[2910, 30.2, 29.4, 30.20, 29.40, 58]
[2911, 7.2, 7.02, 7.06, 7.04, 851]
[2912, 273.0, 267.5, 269.00, 270.50, 2794]
[2913, 21.55, 20.9, 21.15, 21.45, 2202]
[2915, 65.3, 62.7, 65.10, 63.10, 9548]
[2916, 24.6, 23.55, 23.55, 24.20, 218]
[2923, 21.3, 20.6, 21.10, 20.85, 50]
[2924, 38.5, 31.15, 34.40, 38.25, 49]
[2926, 61.5, 58.4, 60.10, 60.40, 88]
[2929, 18.3, 16.5, 17.25, 17.50, 18737]
[2937, 36.4, 35.5, 35.50, 36.20, 13]
[2939, 33.7, 30.15, 33.70, 30.70, 378]
[2945, 44.8, 43.05, 43.70, 43.65, 53]
[2947, 92.1, 92.1, 92.10, 92.10, 10]
[3002, 11.4, 11.15, 11.25, 11.20, 172]
[3003, 71.3, 70.1, 70.30, 71.30, 698]
[3004, 82.0, 69.0, 71.00, 80.30, 5363]
[3005, 44.65, 43.65, 44.00, 44.45, 2133]
[3006, 71.8, 64.6, 64.60, 71.00, 16425]
[3008, 2195.0, 2020.0, 2,040.00, 2,180.00, 1795]
[3010, 84.6, 82.8, 83.50, 84.20, 433]
[3011, 17.75, 16.95, 17.75, 17.75, 2006]
[3013, 18.7, 17.0, 17.35, 18.15, 12366]
[3014, 75.1, 72.6, 73.90, 74.90, 2018]
[3015, 38.6, 37.65, 37.75, 38.30, 281]
[3016, 73.2, 70.0, 70.30, 72.90, 1729]
[3017, 113.5, 106.0, 111.00, 107.50, 9132]
[3019, 62.8, 60.1, 60.70, 62.50, 1923]
[3021, 20.45, 20.05, 20.05, 20.20, 127]
[3022, 75.5, 69.4, 71.80, 73.80, 5427]
[3023, 280.0, 272.5, 275.00, 275.00, 1179]
[3024, 13.7, 13.25, 13.40, 13.45, 1663]
[3025, 21.4, 19.95, 20.40, 20.70, 1733]
[3026, 91.0, 90.0, 91.00, 91.00, 333]
[3027, 38.5, 32.55, 33.20, 36.75, 70638]
[3028, 29.25, 28.85, 29.00, 29.15, 790]
[3029, 40.9, 39.95, 40.15, 40.90, 690]
[3030, 64.4, 61.9, 63.70, 62.20, 1698]
[3031, 15.6, 14.9, 14.90, 15.30, 244]
[3032, 30.3, 29.75, 29.90, 30.20, 158]
[3033, 26.4, 26.1, 26.35, 26.30, 1536]
[3034, 352.0, 312.5, 313.00, 352.00, 39544]
[3035, 152.0, 141.5, 142.00, 151.00, 40365]
[3036, 61.3, 60.6, 61.10, 61.10, 1546]
[3037, 124.0, 117.5, 119.50, 123.00, 85301]
[3038, 20.6, 20.15, 20.20, 20.35, 1526]
[3040, 30.0, 29.2, 29.20, 29.90, 76]
[3041, 20.8, 20.2, 20.50, 20.60, 1587]
[3042, 82.8, 81.3, 82.70, 82.50, 2146]
[3043, 27.45, 26.5, 27.10, 26.70, 114]
[3044, 98.4, 93.6, 94.30, 97.20, 3845]
[3045, 96.2, 93.8, 94.50, 96.20, 5722]
[3046, 51.0, 46.35, 46.55, 46.80, 6053]
[3047, 16.55, 15.1, 15.20, 16.00, 20949]
[3048, 27.1, 26.7, 26.85, 26.90, 851]
[3049, 9.26, 9.03, 9.13, 9.17, 2801]
[3050, 17.25, 16.8, 17.05, 16.80, 3527]
[3051, 17.8, 17.1, 17.30, 17.65, 1256]
[3052, 10.4, 10.3, 10.30, 10.35, 293]
[3054, 19.7, 18.8, 19.50, 19.00, 112]
[3055, 24.9, 23.85, 24.85, 24.00, 402]
[3056, 32.1, 30.95, 31.25, 32.00, 2603]
[3057, 10.05, 9.93, 10.00, 10.00, 154]
[3058, 9.95, 9.8, 9.94, 9.86, 604]
[3059, 33.9, 32.85, 33.00, 33.70, 3085]
[3060, 16.65, 15.95, 16.10, 16.50, 490]
[3062, 23.95, 22.85, 22.85, 23.65, 5986]
[3064, 13.9, 12.15, 13.10, 13.00, 110]
[3066, 26.3, 24.1, 26.30, 24.70, 647]
[3067, 37.9, 34.15, 35.65, 35.30, 8]
[3071, 25.05, 24.35, 24.60, 24.80, 229]
[3073, 32.3, 29.0, 29.50, 30.00, 148]
[3078, 28.7, 27.9, 28.15, 28.50, 659]
[3081, 109.0, 105.0, 105.50, 108.00, 3432]
[3083, 54.0, 49.2, 51.40, 49.65, 13536]
[3085, 10.7, 10.2, 10.30, 10.50, 30]
[3086, 87.1, 81.6, 84.90, 82.60, 227]
[3088, 60.1, 58.3, 58.60, 59.30, 644]
[3089, 69.1, 63.3, 63.30, 66.90, 334]
[3090, 54.1, 52.2, 52.40, 53.70, 1278]
[3092, 35.15, 32.9, 33.45, 34.75, 693]
[3093, 27.35, 26.65, 26.65, 27.25, 379]
[3094, 26.25, 23.4, 23.45, 25.95, 1803]
[3095, 36.6, 34.15, 36.60, 35.60, 39]
[3105, 155.0, 137.5, 137.50, 155.00, 16945]
[3114, 25.65, 25.3, 25.30, 25.65, 127]
[3115, 12.3, 11.2, 11.35, 12.20, 73]
[3118, 27.9, 27.3, 27.35, 27.55, 22]
[3122, 26.25, 24.5, 25.05, 25.85, 551]
[3128, 42.95, 39.65, 41.55, 41.05, 7099]
[3130, 208.0, 204.0, 205.50, 206.50, 26]
[3131, 235.0, 223.5, 227.00, 232.50, 106]
[3138, 138.0, 131.0, 131.50, 136.50, 1326]
[3141, 88.8, 76.6, 76.90, 88.60, 15711]
[3147, 53.0, 51.2, 51.60, 52.70, 189]
[3149, 18.65, 18.15, 18.45, 18.35, 1266]
[3152, 184.0, 178.0, 183.50, 181.00, 106]
[3162, 51.0, 48.05, 48.95, 48.35, 14066]
[3163, 52.2, 49.6, 50.00, 51.20, 2839]
[3164, 23.8, 23.25, 23.80, 23.40, 362]
[3167, 41.4, 40.1, 40.20, 41.20, 76]
[3169, 106.5, 99.5, 99.50, 101.50, 1816]
[3171, 16.75, 16.1, 16.25, 16.50, 148]
[3176, 33.1, 31.75, 32.25, 32.60, 892]
[3178, 65.1, 60.8, 60.80, 64.40, 201]
[3188, 12.5, 12.0, 12.35, 12.15, 505]
[3189, 107.0, 101.5, 103.50, 106.50, 23430]
[3191, 6.99, 6.6, 6.99, 6.90, 187]
[3202, 15.0, 14.05, 14.35, 14.45, 578]
[3205, 41.2, 38.2, 40.35, 39.05, 962]
[3206, 29.85, 29.05, 29.15, 29.85, 583]
[3207, 50.2, 47.8, 48.90, 48.75, 2734]
[3209, 36.95, 35.6, 35.80, 36.75, 2288]
[3211, 74.3, 72.6, 73.00, 74.00, 332]
[3213, 44.5, 43.7, 43.70, 44.45, 94]
[3217, 80.7, 78.7, 79.50, 79.80, 724]
[3218, 317.0, 291.5, 302.00, 308.00, 5024]
[3219, 61.0, 45.5, 46.05, 54.90, 767]
[3221, 26.3, 25.3, 26.05, 25.95, 977]
[3224, 41.2, 39.65, 41.10, 39.90, 346]
[3226, 58.9, 56.0, 56.50, 57.90, 4]
[3227, 100.5, 96.4, 96.40, 99.80, 1380]
[3228, 188.0, 154.5, 178.50, 175.00, 8699]
[3229, 19.5, 19.15, 19.50, 19.40, 54]
[3230, 13.15, 12.6, 12.90, 12.75, 165]
[3231, 29.6, 29.0, 29.30, 29.30, 26768]
[3232, 31.9, 29.5, 29.80, 31.50, 741]
[3234, 22.15, 20.75, 21.15, 21.35, 814]
[3236, 23.9, 22.95, 23.15, 23.65, 929]
[3252, 21.0, 19.0, 19.55, 19.75, 2389]
[3257, 44.25, 42.7, 44.25, 42.70, 100]
[3259, 19.0, 17.7, 17.70, 18.80, 134]
[3260, 61.8, 56.6, 57.00, 61.60, 6533]
[3264, 50.3, 48.85, 50.00, 50.10, 6151]
[3265, 47.4, 45.0, 45.80, 47.35, 4315]
[3266, 11.9, 11.6, 11.75, 11.85, 132]
[3268, 22.45, 21.85, 21.85, 22.25, 89]
[3272, 54.3, 43.9, 44.70, 50.50, 17316]
[3276, 12.6, 12.0, 12.05, 12.30, 250]
[3284, 15.75, 13.75, 13.90, 15.10, 2565]
[3285, 19.15, 18.7, 19.10, 18.70, 45]
[3287, 13.5, 12.95, 13.25, 13.25, 191]
[3288, 23.55, 22.05, 22.55, 23.30, 17]
[3289, 77.3, 69.8, 70.40, 75.00, 11130]
[3290, 23.2, 22.05, 22.80, 22.25, 4312]
[3293, 464.0, 428.5, 434.50, 453.00, 11543]
[3294, 17.25, 16.8, 16.95, 16.90, 363]
[3296, 16.5, 15.9, 16.05, 16.40, 1553]
[3297, 18.25, 17.35, 17.85, 18.10, 695]
[3303, 25.2, 24.75, 24.75, 25.15, 190]
[3305, 40.8, 39.4, 39.65, 40.70, 630]
[3306, 22.85, 22.3, 22.50, 22.55, 298]
[3308, 14.55, 14.1, 14.50, 14.45, 154]
[3310, 44.3, 43.05, 43.05, 43.90, 365]
[3311, 33.75, 32.9, 33.10, 33.15, 70]
[3312, 17.45, 17.15, 17.25, 17.35, 532]
[3313, 9.98, 9.88, 9.95, 9.95, 70]
[3317, 55.3, 52.8, 53.50, 54.10, 815]
[3321, 9.15, 8.9, 9.15, 8.92, 394]
[3322, 19.3, 18.4, 18.65, 19.15, 782]
[3323, 34.1, 32.95, 33.05, 33.55, 349]
[3324, 154.0, 147.5, 148.00, 149.50, 2460]
[3325, 12.75, 12.3, 12.35, 12.40, 295]
[3332, 42.0, 41.6, 41.60, 42.00, 6]
[3338, 32.1, 30.9, 31.50, 31.75, 333]
[3339, 12.9, 12.5, 12.60, 12.75, 220]
[3346, 36.15, 34.1, 35.00, 35.70, 1922]
[3349, 13.3, 12.9, 13.30, 13.20, 10]
[3354, 13.85, 13.4, 13.40, 13.50, 512]
[3356, 40.5, 38.35, 38.80, 39.00, 5495]
[3357, 82.2, 80.3, 80.50, 81.60, 86]
[3360, 13.4, 13.1, 13.35, 13.20, 226]
[3362, 73.0, 69.3, 69.30, 71.40, 3695]
[3363, 23.55, 22.6, 22.70, 23.25, 430]
[3372, 11.3, 10.95, 11.05, 11.20, 558]
[3373, 28.2, 26.1, 28.20, 26.55, 1008]
[3374, 103.0, 96.0, 96.30, 102.00, 3765]
[3376, 82.8, 80.8, 82.00, 81.90, 764]
[3379, 11.9, 11.55, 11.65, 11.90, 60]
[3380, 30.95, 28.05, 28.40, 29.50, 14463]
[3388, 75.0, 73.4, 73.40, 73.50, 143]
[3390, 18.3, 17.5, 17.70, 18.05, 612]
[3402, 46.45, 44.0, 44.10, 45.75, 777]
[3406, 369.0, 333.0, 334.50, 350.50, 11544]
[3413, 186.0, 178.5, 181.50, 185.50, 1182]
[3416, 84.3, 82.6, 83.00, 84.20, 163]
[3419, 18.95, 18.15, 18.50, 18.50, 2769]
[3426, 37.8, 37.8, 37.80, 37.80, 3]
[3430, 44.3, 42.5, 42.60, 43.75, 357]
[3432, 20.2, 18.05, 18.45, 19.40, 2403]
[3434, 25.8, 23.8, 23.85, 25.20, 481]
[3437, 17.35, 16.8, 17.10, 17.30, 358]
[3438, 55.7, 53.3, 54.10, 54.90, 772]
[3441, 40.9, 38.6, 38.60, 39.10, 1633]
[3443, 705.0, 637.0, 641.00, 650.00, 30775]
[3444, 64.0, 60.2, 63.00, 61.00, 3802]
[3447, 44.2, 39.4, 39.50, 41.20, 3531]
[3450, 37.3, 36.25, 36.80, 37.05, 378]
[3454, 207.5, 189.0, 195.00, 195.00, 34606]
[3455, 82.6, 78.9, 79.10, 82.50, 985]
[3465, 82.7, 80.3, 81.50, 82.70, 30]
[3466, 34.45, 29.9, 32.30, 30.10, 5952]
[3479, 90.0, 80.6, 81.20, 86.60, 42283]
[3481, 11.8, 11.0, 11.05, 11.75, 209389]
[3483, 54.0, 51.2, 52.40, 53.50, 457]
[3484, 43.95, 42.85, 42.90, 43.75, 166]
[3489, 10.2, 10.0, 10.00, 10.05, 39]
[3490, 24.7, 24.15, 24.35, 24.60, 384]
[3491, 138.0, 131.0, 133.50, 132.00, 2195]
[3492, 18.65, 18.15, 18.25, 18.25, 201]
[3494, 11.15, 10.4, 10.40, 10.55, 2926]
[3498, 40.65, 37.2, 37.80, 39.80, 2148]
[3499, 19.15, 17.95, 18.35, 18.35, 1622]
[3501, 50.0, 48.9, 48.90, 49.65, 240]
[3504, 84.8, 75.7, 75.80, 84.40, 7717]
[3508, 40.0, 36.8, 38.80, 37.60, 7476]
[3511, 34.65, 32.4, 32.95, 33.15, 1062]
[3512, 28.75, 28.55, 28.60, 28.65, 91]
[3515, 157.5, 143.5, 143.50, 150.00, 23456]
[3516, 16.6, 16.1, 16.60, 16.35, 31]
[3518, 19.95, 19.15, 19.50, 19.75, 390]
[3520, 19.9, 17.95, 18.25, 18.95, 2756]
[3521, 22.65, 21.5, 22.20, 22.00, 1554]
[3522, 10.3, 9.91, 10.15, 10.25, 112]
[3523, 18.9, 17.95, 18.90, 18.70, 303]
[3526, 119.0, 114.0, 116.50, 119.00, 301]
[3527, 104.5, 99.9, 100.00, 104.00, 318]
[3528, 50.7, 50.0, 50.00, 50.70, 51]
[3529, 1445.0, 1320.0, 1,320.00, 1,440.00, 2543]
[3530, 84.3, 71.5, 72.00, 79.50, 1927]
[3531, 26.7, 26.15, 26.70, 26.30, 65]
[3532, 145.5, 136.0, 136.00, 145.00, 3700]
[3533, 843.0, 766.0, 823.00, 785.00, 2925]
[3535, 22.15, 21.0, 21.05, 21.70, 1687]
[3536, 4.14, 3.74, 4.14, 3.80, 184]
[3537, 35.25, 34.7, 34.80, 34.90, 242]
[3540, 28.35, 27.55, 28.35, 27.75, 344]
[3541, 54.2, 53.2, 53.20, 54.00, 79]
[3543, 19.85, 19.5, 19.80, 19.70, 64]
[3545, 64.2, 58.6, 58.60, 63.70, 29799]
[3546, 79.8, 76.2, 78.00, 76.80, 1328]
[3548, 62.5, 59.5, 61.00, 61.50, 868]
[3550, 14.1, 13.9, 13.90, 14.05, 107]
[3551, 59.0, 57.4, 57.60, 58.00, 102]
[3552, 144.5, 134.5, 136.50, 144.50, 4341]
[3555, 28.7, 26.3, 26.30, 28.10, 14]
[3556, 56.2, 55.0, 55.00, 55.40, 323]
[3557, 49.6, 49.0, 49.10, 49.00, 79]
[3558, 209.5, 198.0, 198.50, 209.50, 5856]
[3563, 141.5, 128.5, 130.00, 139.50, 533]
[3564, 32.5, 29.25, 30.00, 29.50, 801]
[3567, 24.1, 23.5, 23.95, 23.75, 261]
[3570, 88.0, 87.0, 87.10, 87.70, 29]
[3576, 21.05, 20.45, 20.65, 20.45, 18353]
[3577, 90.0, 85.0, 85.00, 86.90, 998]
[3580, 62.9, 57.6, 59.00, 62.40, 1851]
[3581, 21.95, 21.45, 21.55, 21.75, 55]
[3583, 73.9, 71.5, 72.10, 73.50, 710]
[3587, 161.5, 152.0, 153.00, 160.50, 3954]
[3588, 57.7, 52.9, 53.00, 56.80, 1103]
[3591, 16.7, 15.2, 15.50, 16.40, 873]
[3592, 349.5, 303.5, 307.00, 346.50, 10533]
[3593, 13.35, 12.85, 13.35, 13.20, 44]
[3594, 29.9, 26.8, 27.30, 29.25, 7784]
[3596, 99.4, 95.1, 95.70, 99.00, 2491]
[3597, 24.2, 23.3, 23.40, 23.85, 74]
[3605, 32.4, 31.35, 31.90, 32.00, 432]
[3607, 11.95, 11.7, 11.85, 11.90, 239]
[3609, 51.4, 49.0, 51.00, 49.85, 173]
[3611, 196.0, 192.0, 193.00, 196.00, 88]
[3615, 16.85, 16.35, 16.50, 16.75, 174]
[3617, 98.8, 92.2, 94.00, 98.80, 1161]
[3622, 29.55, 27.0, 27.00, 28.40, 773]
[3623, 16.0, 15.45, 15.75, 15.55, 94]
[3624, 40.35, 38.8, 38.80, 40.10, 2166]
[3625, 13.15, 11.9, 12.20, 12.65, 1744]
[3628, 44.4, 42.2, 42.60, 44.00, 476]
[3629, 40.5, 40.5, 40.50, 40.50, 1]
[3630, 29.9, 27.2, 27.90, 29.20, 2077]
[3631, 41.7, 38.6, 40.80, 39.60, 126]
[3632, 10.75, 9.62, 9.91, 10.65, 34]
[3645, 32.5, 31.4, 32.00, 32.05, 585]
[3646, 23.5, 23.1, 23.35, 23.40, 13]
[3652, 22.95, 22.2, 22.20, 22.75, 120]
[3653, 385.0, 360.5, 380.00, 366.50, 3204]
[3661, 897.0, 796.0, 798.00, 837.00, 23175]
[3663, 29.1, 28.15, 28.45, 28.40, 128]
[3664, 12.0, 11.55, 11.60, 12.00, 122]
[3665, 247.5, 234.0, 236.50, 245.00, 5143]
[3666, 19.45, 18.55, 19.40, 19.00, 362]
[3669, 48.75, 45.3, 46.30, 47.65, 1680]
[3672, 27.35, 26.1, 26.10, 26.85, 12]
[3673, 30.15, 29.15, 29.30, 29.90, 1444]
[3675, 173.0, 160.5, 160.50, 168.50, 2369]
[3679, 95.9, 90.0, 91.30, 95.90, 255]
[3680, 281.5, 264.5, 264.50, 278.50, 7337]
[3682, 6.08, 6.0, 6.07, 6.02, 4529]
[3684, 56.8, 55.0, 55.50, 56.00, 60]
[3685, 20.1, 19.65, 19.70, 19.75, 143]
[3686, 16.95, 15.15, 15.15, 15.90, 4853]
[3687, 101.0, 93.0, 94.30, 93.30, 6076]
[3689, 32.8, 31.75, 32.40, 32.40, 258]
[3691, 102.5, 98.1, 99.50, 102.00, 535]
[3693, 122.0, 98.5, 113.00, 99.40, 13783]
[3694, 20.8, 19.1, 19.30, 20.40, 629]
[3701, 38.95, 36.2, 37.10, 38.15, 800]
[3702, 48.2, 47.3, 48.10, 47.60, 7351]
[3703, 28.9, 27.6, 28.05, 28.85, 3836]
[3704, 38.9, 34.05, 35.40, 36.90, 71060]
[3705, 46.1, 44.1, 46.00, 44.25, 11087]
[3706, 29.7, 29.4, 29.50, 29.50, 3428]
[3707, 89.0, 84.3, 84.60, 88.80, 9391]
[3708, 104.5, 94.7, 97.40, 97.00, 19991]
[3709, 23.05, 22.6, 22.80, 23.05, 30]
[3710, 11.6, 11.05, 11.15, 11.35, 3720]
[3711, 97.0, 92.3, 93.30, 96.80, 37087]
[3712, 30.4, 27.65, 28.00, 28.90, 13956]
[3713, 34.5, 28.6, 28.95, 30.70, 1883]
[3714, 48.15, 44.5, 44.65, 46.25, 13197]
[3715, 16.45, 16.0, 16.25, 16.45, 1409]
[4102, 35.8, 31.25, 35.70, 31.55, 12863]
[4104, 68.9, 67.2, 67.60, 67.50, 762]
[4105, 85.0, 81.6, 83.80, 81.90, 4583]
[4106, 29.9, 28.05, 29.65, 28.20, 4585]
[4107, 112.5, 110.5, 112.00, 110.50, 412]
[4108, 19.45, 18.75, 19.00, 19.00, 469]
[4109, 14.85, 14.35, 14.70, 14.55, 226]
[4111, 27.3, 26.4, 27.25, 26.45, 1515]
[4113, 11.8, 11.1, 11.75, 11.25, 2645]
[4114, 48.45, 44.55, 48.00, 44.80, 108758]
[4116, 66.5, 63.1, 63.70, 63.30, 1338]
[4119, 98.2, 94.5, 97.50, 95.00, 732]
[4120, 36.7, 35.6, 36.70, 35.70, 189]
[4121, 25.4, 23.15, 24.25, 23.30, 10195]
[4123, 47.35, 46.1, 47.30, 46.10, 2880]
[4126, 75.2, 72.7, 75.10, 73.30, 536]
[4127, 15.6, 14.35, 15.50, 14.55, 1291]
[4128, 62.9, 61.3, 62.70, 61.70, 11042]
[4129, 48.4, 44.6, 47.55, 45.75, 3626]
[4130, 32.45, 28.9, 32.00, 29.00, 23500]
[4131, 21.6, 20.0, 21.05, 20.25, 57]
[4133, 41.55, 38.3, 41.20, 38.60, 5910]
[4137, 203.0, 195.0, 195.50, 202.50, 1172]
[4138, 63.9, 62.1, 63.50, 62.60, 264]
[4139, 42.45, 41.45, 42.30, 41.50, 92]
[4142, 35.6, 34.95, 35.45, 35.05, 2574]
[4147, 71.5, 67.0, 71.00, 67.40, 3374]
[4148, 55.8, 53.2, 54.00, 54.70, 432]
[4153, 41.2, 36.95, 40.00, 38.00, 3641]
[4154, 40.6, 38.5, 38.70, 39.65, 73]
[4155, 28.95, 26.8, 27.55, 27.50, 6641]
[4157, 16.1, 15.15, 16.10, 15.25, 6305]
[4160, 27.5, 26.45, 27.30, 26.50, 102]
[4161, 28.8, 26.75, 28.80, 27.25, 649]
[4162, 134.0, 125.0, 127.00, 125.50, 34152]
[4163, 112.5, 102.5, 106.00, 109.00, 2837]
[4164, 44.5, 43.1, 43.60, 44.10, 390]
[4167, 24.7, 22.2, 24.70, 22.25, 65185]
[4168, 30.7, 29.9, 30.45, 30.70, 2940]
[4171, 72.5, 65.1, 72.50, 65.10, 32322]
[4173, 19.4, 18.45, 19.30, 18.65, 1586]
[4174, 70.8, 68.0, 69.20, 69.70, 1478]
[4175, 78.0, 76.0, 78.00, 76.30, 376]
[4183, 18.7, 18.45, 18.50, 18.70, 12]
[4188, 16.4, 15.9, 16.35, 16.10, 108]
[4190, 76.6, 74.6, 75.00, 75.30, 660]
[4192, 25.5, 24.95, 25.05, 25.50, 70]
[4198, 26.7, 25.1, 25.95, 25.50, 38]
[4205, 101.0, 99.8, 100.00, 100.00, 35]
[4207, 13.2, 12.85, 13.00, 13.10, 206]
[4303, 15.4, 15.15, 15.30, 15.30, 139]
[4304, 10.0, 9.3, 9.66, 9.53, 166]
[4305, 30.45, 30.0, 30.45, 30.05, 6]
[4306, 14.5, 14.2, 14.45, 14.45, 1171]
[4401, 26.65, 26.15, 26.65, 26.40, 83]
[4402, 11.7, 10.6, 10.95, 10.60, 2500]
[4406, 10.25, 10.1, 10.15, 10.20, 51]
[4413, 16.35, 15.8, 16.30, 15.80, 54]
[4416, 80.4, 78.3, 80.40, 79.60, 5]
[4417, 39.1, 38.2, 38.50, 38.90, 237]
[4419, 10.35, 10.35, 10.35, 10.35, 11]
[4420, 30.2, 29.4, 30.15, 30.20, 27]
[4426, 27.4, 26.2, 27.00, 26.30, 975]
[4430, 21.8, 21.5, 21.80, 21.75, 16]
[4432, 28.0, 27.1, 27.60, 27.30, 607]
[4433, 30.6, 30.0, 30.35, 30.25, 89]
[4438, 121.0, 119.0, 120.00, 120.50, 327]
[4439, 100.5, 99.2, 99.20, 99.80, 22]
[4440, 32.25, 31.9, 32.00, 32.00, 133]
[4502, 37.55, 36.75, 37.20, 36.80, 31]
[4503, 40.8, 38.4, 40.50, 38.55, 1481]
[4506, 71.4, 69.6, 70.10, 70.00, 94]
[4510, 10.3, 10.1, 10.25, 10.15, 192]
[4513, 22.55, 20.9, 22.55, 21.00, 1057]
[4523, 41.0, 39.65, 40.75, 40.05, 321]
[4526, 14.15, 13.8, 13.85, 14.00, 133]
[4527, 29.0, 28.0, 28.40, 28.90, 41]
[4528, 32.0, 31.5, 31.85, 31.85, 37]
[4529, 9.03, 8.66, 8.95, 8.79, 142]
[4530, 7.5, 6.59, 6.80, 7.22, 167]
[4532, 16.45, 15.95, 16.10, 16.40, 755]
[4533, 10.55, 10.4, 10.50, 10.45, 219]
[4534, 9.06, 8.83, 9.02, 8.86, 270]
[4535, 38.75, 38.1, 38.30, 38.40, 21]
[4536, 190.0, 180.0, 183.50, 187.50, 2462]
[4538, 18.9, 17.8, 17.95, 17.85, 101]
[4540, 37.5, 36.2, 36.40, 36.50, 70]
[4541, 31.6, 29.4, 30.10, 30.45, 3572]
[4542, 27.3, 25.8, 25.95, 26.15, 52]
[4543, 24.25, 23.05, 23.20, 23.60, 361]
[4545, 31.5, 29.55, 30.00, 31.20, 352]
[4549, 84.9, 84.0, 84.00, 84.70, 29]
[4550, 23.45, 22.95, 22.95, 23.25, 42]
[4551, 152.0, 143.0, 149.00, 145.00, 810]
[4552, 30.05, 29.65, 29.85, 29.95, 142]
[4554, 24.7, 24.1, 24.30, 24.20, 44]
[4555, 49.8, 49.1, 49.75, 49.30, 37]
[4556, NaN, NaN, NaN, NaN, 0]
[4557, 101.0, 99.1, 100.00, 99.80, 118]
[4558, 23.9, 23.1, 23.90, 23.10, 35]
[4560, 38.7, 38.15, 38.70, 38.55, 134]
[4561, 22.05, 21.5, 21.60, 21.90, 69]
[4562, 15.2, 14.95, 15.20, 15.00, 129]
[4563, 43.0, 38.85, 39.60, 40.50, 3356]
[4564, 24.8, 23.7, 24.80, 23.80, 762]
[4566, 54.2, 50.9, 51.10, 53.80, 1964]
[4568, 59.4, 59.3, 59.30, 59.40, 4]
[4571, 70.4, 69.5, 70.10, 70.00, 37]
[4572, 128.5, 119.0, 119.50, 128.50, 1427]
[4576, 71.0, 69.1, 69.70, 69.70, 102]
[4577, 31.0, 30.2, 31.00, 30.70, 60]
[4580, 80.9, 79.9, 80.50, 80.40, 273]
[4581, 36.15, 33.5, 35.70, 34.05, 61]
[4583, 185.0, 183.0, 183.00, 184.00, 48]
[4584, 45.5, 43.75, 43.80, 45.00, 71]
[4609, 8.0, 8.0, 8.00, 8.00, 2]
[4702, 12.5, 12.1, 12.20, 12.30, 235]
[4706, 17.25, 16.8, 17.00, 17.00, 19]
[4707, 11.95, 11.85, 11.95, 11.95, 678]
[4711, 15.0, 14.75, 14.90, 14.80, 75]
[4712, 5.04, 4.67, 4.80, 5.04, 83]
[4714, 10.5, 10.4, 10.45, 10.40, 346]
[4716, 13.1, 12.15, 13.10, 12.30, 1679]
[4720, 14.15, 13.7, 13.70, 13.95, 429]
[4721, 100.5, 97.5, 97.80, 99.10, 1199]
[4722, 33.95, 33.5, 33.85, 33.65, 146]
[4726, 37.55, 36.7, 37.50, 36.70, 1553]
[4728, 139.5, 134.0, 135.00, 136.50, 166]
[4729, 15.25, 14.7, 14.80, 14.85, 159]
[4735, 39.9, 38.6, 39.90, 38.95, 365]
[4736, 186.0, 179.0, 186.00, 180.00, 2791]
[4737, 77.9, 75.3, 77.10, 77.50, 99]
[4739, 94.5, 90.9, 91.50, 93.30, 1273]
[4741, 26.25, 25.1, 25.10, 26.10, 44]
[4743, 248.5, 239.0, 245.50, 241.50, 21422]
[4744, 25.3, 24.5, 24.75, 25.15, 596]
[4745, 24.85, 24.4, 24.40, 24.65, 54]
[4746, 72.9, 66.6, 72.40, 66.60, 18999]
[4747, 51.5, 48.5, 51.20, 49.00, 2550]
[4754, 35.2, 34.5, 34.85, 35.05, 37]
[4755, 124.0, 113.5, 116.00, 119.50, 2422]
[4760, 48.0, 46.6, 46.65, 47.45, 68]
[4763, 214.0, 179.0, 180.00, 213.00, 38080]
[4764, 53.5, 52.0, 52.50, 52.80, 99]
[4766, 134.0, 131.5, 133.00, 133.50, 153]
[4767, 27.2, 26.15, 26.15, 27.20, 6]
[4768, 162.0, 141.5, 143.50, 153.50, 3776]
[4770, 336.0, 311.5, 316.50, 315.00, 4207]
[4804, 11.3, 10.3, 11.10, 10.60, 888]
[4806, 7.89, 6.9, 7.42, 7.08, 36]
[4807, 21.1, 20.4, 21.05, 21.00, 20]
[4903, 14.2, 12.75, 14.10, 12.75, 503]
[4904, 67.1, 65.6, 65.80, 66.90, 8639]
[4905, 53.0, 51.0, 51.00, 52.00, 9]
[4906, 28.4, 27.2, 27.55, 27.85, 5744]
[4907, 27.6, 25.7, 25.70, 27.40, 221]
[4908, 30.9, 29.65, 29.65, 30.50, 485]
[4909, 16.5, 15.75, 15.85, 16.40, 315]
[4911, 53.4, 49.0, 53.40, 50.00, 321]
[4912, 80.5, 77.9, 78.70, 78.80, 147]
[4915, 57.4, 55.1, 55.50, 57.00, 8684]
[4916, 27.75, 26.2, 26.75, 27.30, 2501]
[4919, 119.0, 115.0, 115.00, 118.00, 11046]
[4923, 50.2, 49.0, 49.25, 49.55, 113]
[4924, 16.25, 14.1, 14.15, 15.70, 3469]
[4927, 54.4, 52.6, 53.10, 54.10, 1832]
[4930, 27.7, 27.0, 27.25, 27.55, 526]
[4931, 46.9, 43.4, 44.80, 43.85, 12006]
[4933, 31.55, 31.0, 31.50, 31.30, 65]
[4934, 27.9, 26.8, 27.50, 27.45, 2795]
[4935, 55.4, 54.2, 54.90, 54.90, 312]
[4938, 64.4, 62.8, 63.20, 64.00, 11280]
[4939, 15.6, 14.7, 14.70, 15.15, 1169]
[4942, 35.85, 35.1, 35.10, 35.80, 376]
[4943, 18.45, 15.3, 15.30, 16.65, 1813]
[4944, 12.95, 9.8, 9.80, 12.95, 88]
[4945, 46.0, 44.05, 44.25, 45.45, 108]
[4946, 54.2, 51.3, 51.50, 51.60, 386]
[4950, 22.0, 20.4, 21.75, 21.95, 5315]
[4951, 48.7, 47.9, 48.10, 48.45, 375]
[4952, 48.25, 46.0, 46.25, 48.15, 601]
[4953, 84.8, 82.4, 83.40, 83.90, 464]
[4956, 14.65, 14.15, 14.30, 14.45, 334]
[4958, 107.5, 103.0, 105.00, 104.50, 14286]
[4960, 10.15, 9.88, 9.89, 9.99, 5256]
[4961, 135.0, 116.0, 116.00, 133.00, 56300]
[4966, 889.0, 763.0, 763.00, 889.00, 4173]
[4967, 32.4, 30.35, 30.45, 31.90, 1185]
[4968, 130.5, 111.5, 111.50, 127.50, 35020]
[4971, 54.5, 52.5, 53.00, 53.40, 146]
[4972, 29.6, 29.35, 29.50, 29.45, 92]
[4973, 22.4, 21.7, 21.80, 22.15, 230]
[4974, 64.0, 57.3, 57.30, 63.10, 5161]
[4976, 38.95, 37.25, 37.60, 38.40, 714]
[4977, 107.0, 97.8, 98.50, 104.50, 22773]
[4979, 42.5, 38.85, 39.85, 39.50, 31412]
[4987, 58.0, 56.5, 57.00, 58.00, 75]
[4989, 26.0, 24.25, 24.35, 25.90, 818]
[4991, 39.0, 38.05, 38.55, 38.50, 76]
[4994, 43.2, 40.75, 40.90, 41.65, 702]
[4995, 38.25, 37.4, 37.40, 38.15, 62]
[4999, 36.95, 36.3, 36.30, 36.85, 25]
[5007, 50.9, 50.4, 50.60, 50.70, 98]
[5009, 37.3, 34.9, 37.00, 35.20, 48641]
[5011, 24.9, 24.45, 24.80, 24.70, 601]
[5013, 35.95, 35.4, 35.40, 35.60, 9]
[5014, 18.95, 18.15, 18.50, 18.50, 8606]
[5015, 59.7, 56.6, 57.30, 56.70, 2430]
[5016, 30.0, 29.0, 29.00, 29.40, 20]
[5201, 28.0, 26.85, 27.25, 27.10, 74]
[5202, 17.2, 14.45, 17.20, 14.60, 1173]
[5203, 85.2, 82.7, 83.40, 84.30, 300]
[5205, 48.55, 39.65, 48.55, 42.95, 30]
[5206, 16.4, 15.75, 16.30, 16.15, 218]
[5209, 79.0, 76.8, 79.00, 78.60, 94]
[5210, 15.1, 14.6, 15.00, 14.70, 98]
[5211, 19.35, 18.9, 18.95, 19.20, 212]
[5212, 38.2, 37.15, 38.00, 38.20, 139]
[5213, 22.15, 21.55, 22.00, 21.90, 233]
[5215, 45.6, 43.9, 43.90, 45.10, 217]
[5220, 28.8, 28.15, 28.30, 28.55, 66]
[5222, 147.0, 136.0, 140.50, 139.50, 1916]
[5223, 38.9, 38.5, 38.50, 38.80, 37]
[5225, 36.5, 35.0, 36.00, 35.40, 1441]
[5227, 71.0, 66.7, 67.30, 69.70, 2002]
[5228, 21.5, 20.8, 20.90, 21.15, 66]
[5230, 23.2, 22.8, 23.00, 23.10, 126]
[5234, 67.4, 64.6, 65.00, 66.10, 275]
[5236, 71.9, 67.0, 68.00, 71.90, 527]
[5243, 58.7, 57.2, 57.60, 57.90, 1537]
[5244, 27.0, 26.2, 26.80, 26.70, 93]
[5245, 53.3, 49.8, 50.80, 52.70, 812]
[5251, 24.7, 23.45, 23.85, 24.40, 780]
[5258, 67.9, 62.5, 63.00, 66.50, 11952]
[5263, 129.5, 124.0, 128.50, 124.00, 1340]
[5269, 772.0, 669.0, 672.00, 771.00, 4797]
[5272, 27.7, 25.6, 25.75, 26.55, 1873]
[5274, 1830.0, 1700.0, 1,700.00, 1,830.00, 1376]
[5276, 14.55, 14.55, 14.55, 14.55, 6]
[5278, 193.0, 184.0, 193.00, 186.00, 77]
[5281, 16.4, 15.8, 16.00, 15.95, 19]
[5283, 108.0, 105.5, 106.00, 107.50, 208]
[5284, 74.1, 66.5, 67.60, 70.20, 7867]
[5285, 62.0, 59.8, 60.20, 61.70, 281]
[5287, 192.0, 189.0, 190.00, 191.00, 42]
[5288, 170.5, 163.5, 164.50, 168.00, 456]
[5289, 186.5, 181.5, 184.00, 184.00, 191]
[5291, 32.05, 31.15, 31.75, 31.50, 215]
[5299, 117.5, 109.0, 110.00, 117.50, 526]
[5301, 11.2, 9.81, 11.20, 10.35, 132]
[5302, 8.48, 8.21, 8.22, 8.36, 156]
[5306, 145.5, 140.0, 140.00, 142.50, 320]
[5309, 40.55, 38.05, 38.50, 39.80, 6310]
[5310, 27.55, 26.6, 27.55, 27.35, 11]
[5312, 58.5, 57.5, 57.70, 58.20, 44]
[5314, 17.0, 15.9, 16.50, 16.50, 26]
[5315, 18.35, 18.0, 18.05, 18.30, 622]
[5321, 79.0, 61.8, 63.90, 73.00, 9517]
[5324, 8.4, 8.36, 8.40, 8.39, 45]
[5328, 10.15, 9.98, 10.00, 10.10, 265]
[5340, 36.6, 25.2, 25.25, 36.60, 2059]
[5344, 18.5, 17.3, 17.55, 17.50, 567]
[5345, 7.3, 6.46, 6.46, 7.30, 68]
[5347, 92.0, 76.9, 76.90, 90.80, 48200]
[5348, 9.25, 8.79, 8.79, 9.25, 7]
[5351, 43.3, 39.55, 39.55, 42.75, 27970]
[5353, 31.55, 27.55, 27.70, 30.10, 11145]
[5355, 6.23, 6.03, 6.17, 6.10, 191]
[5356, 20.75, 20.65, 20.65, 20.65, 39]
[5364, 24.2, 22.4, 23.30, 22.85, 65]
[5371, 58.5, 56.1, 57.00, 58.20, 8158]
[5381, 6.07, 5.9, 5.99, 5.98, 249]
[5383, 25.95, 24.95, 25.80, 25.70, 61]
[5386, 38.05, 35.2, 35.20, 35.70, 3747]
[5388, 78.5, 76.2, 76.60, 77.70, 5539]
[5392, 20.45, 19.95, 20.40, 20.05, 400]
[5398, 16.7, 16.3, 16.70, 16.30, 24]
[5403, 68.4, 68.1, 68.40, 68.30, 112]
[5410, 33.6, 31.85, 33.00, 32.00, 2146]
[5425, 78.5, 74.2, 74.20, 77.80, 26218]
[5426, 13.95, 13.1, 13.20, 13.70, 1136]
[5432, 28.75, 27.1, 27.50, 27.80, 42]
[5434, 165.0, 162.0, 164.00, 163.00, 698]
[5438, 16.75, 16.5, 16.75, 16.75, 35]
[5439, 48.5, 46.8, 46.95, 48.30, 549]
[5443, 28.6, 27.5, 27.60, 28.30, 867]
[5450, 18.4, 17.9, 18.10, 17.95, 229]
[5452, 14.5, 14.25, 14.50, 14.50, 217]
[5455, 30.6, 27.6, 30.60, 27.60, 8]
[5457, 51.7, 48.4, 48.50, 51.50, 3088]
[5460, 11.0, 10.85, 10.95, 10.95, 175]
[5464, 26.55, 26.0, 26.50, 26.05, 541]
[5465, 19.8, 19.3, 19.45, 19.65, 279]
[5468, 17.25, 16.5, 17.20, 16.85, 137]
[5469, 32.0, 31.35, 31.65, 31.95, 1632]
[5471, 51.7, 49.7, 50.10, 51.40, 1654]
[5474, 74.0, 72.0, 72.00, 72.80, 41]
[5475, 12.25, 9.95, 9.95, 12.25, 5337]
[5478, 84.2, 79.8, 80.20, 81.80, 1353]
[5481, 12.3, 12.05, 12.10, 12.30, 89]
[5483, 151.0, 139.0, 140.50, 150.50, 11888]
[5484, 13.9, 13.75, 13.75, 13.90, 39]
[5487, 25.2, 25.2, 25.20, 25.20, 5]
[5488, 10.05, 9.39, 9.50, 9.93, 844]
[5489, 36.55, 36.0, 36.15, 36.15, 140]
[5490, 22.35, 21.75, 21.95, 22.00, 187]
[5493, 51.9, 50.2, 50.50, 51.90, 47]
[5498, 11.25, 10.65, 10.90, 10.70, 1461]
[5508, 55.3, 54.3, 54.30, 54.70, 210]
[5511, 30.6, 29.85, 30.10, 30.10, 99]
[5512, 8.73, 8.58, 8.61, 8.61, 738]
[5514, 17.85, 17.2, 17.60, 17.65, 41]
[5515, 11.4, 11.1, 11.25, 11.30, 274]
[5516, 20.4, 18.15, 18.25, 19.95, 742]
[5519, 22.5, 22.2, 22.50, 22.25, 575]
[5520, 55.5, 55.1, 55.10, 55.50, 8]
[5521, 6.75, 6.65, 6.74, 6.70, 911]
[5522, 57.2, 55.9, 56.90, 56.70, 1110]
[5523, 25.0, 24.7, 24.85, 24.95, 92]
[5525, 24.8, 24.55, 24.80, 24.70, 149]
[5529, 12.85, 12.45, 12.85, 12.50, 135]
[5530, 39.6, 37.85, 39.10, 37.90, 855]
[5531, 9.29, 9.16, 9.29, 9.21, 624]
[5533, 17.5, 17.35, 17.50, 17.40, 321]
[5534, 73.8, 73.0, 73.20, 73.30, 418]
[5536, 103.5, 100.5, 101.50, 103.00, 713]
[5538, 42.85, 42.1, 42.45, 42.35, 36]
[5543, 52.5, 49.9, 52.50, 51.30, 17]
[5546, 47.3, 45.35, 46.90, 45.75, 57]
[5601, 38.65, 35.8, 36.00, 38.65, 60]
[5603, 22.55, 21.35, 21.70, 22.20, 832]
[5604, 53.8, 52.1, 52.10, 53.60, 50]
[5607, 52.5, 51.0, 52.30, 52.10, 1497]
[5608, 25.25, 24.0, 25.25, 24.20, 16357]
[5609, 71.5, 69.7, 70.80, 71.40, 501]
[5701, 2.99, 2.94, 2.94, 2.95, 1096]
[5703, 20.2, 19.15, 19.95, 19.20, 222]
[5704, 52.9, 50.0, 51.60, 50.30, 1900]
[5706, 63.1, 60.4, 61.00, 61.30, 3574]
[5864, 10.45, 10.0, 10.25, 10.00, 225]
[5871, 226.0, 213.0, 215.00, 224.00, 16523]
[5876, 45.6, 43.4, 44.00, 45.25, 15774]
[5878, 47.8, 47.4, 47.50, 47.60, 6]
[5880, 26.4, 25.65, 25.80, 26.30, 28907]
[5902, 34.75, 33.35, 34.75, 33.75, 94]
[5903, 206.5, 201.0, 203.50, 204.50, 149]
[5904, 550.0, 485.0, 501.00, 531.00, 3545]
[5905, 12.85, 11.7, 12.00, 12.50, 16163]
[5906, 30.25, 29.75, 30.20, 30.25, 5]
[5907, 18.0, 16.95, 17.25, 17.50, 2579]
[6005, 11.0, 10.7, 10.80, 10.95, 3736]
[6015, 8.83, 8.7, 8.77, 8.74, 1560]
[6016, 9.71, 9.6, 9.67, 9.64, 577]
[6020, 18.8, 18.45, 18.70, 18.65, 29]
[6021, 20.0, 18.65, 20.00, 18.65, 14]
[6023, 49.0, 48.7, 48.90, 48.85, 84]
[6024, 37.2, 36.45, 36.75, 37.05, 201]
[6026, 10.15, 9.98, 10.05, 10.05, 1223]
[6101, 26.35, 24.35, 25.35, 24.95, 151]
[6103, NaN, NaN, NaN, NaN, 0]
[6104, 98.2, 88.7, 89.00, 96.70, 21973]
[6108, 16.5, 16.35, 16.40, 16.40, 186]
[6109, 17.0, 15.1, 15.15, 16.40, 5982]
[6111, 72.0, 65.1, 65.40, 65.50, 28374]
[6112, 33.6, 32.75, 32.75, 33.25, 313]
[6113, 17.4, 16.4, 17.00, 17.15, 564]
[6114, 24.45, 23.55, 24.20, 24.25, 181]
[6115, 42.7, 42.2, 42.25, 42.55, 198]
[6116, 11.5, 11.1, 11.20, 11.50, 19985]
[6117, 14.1, 13.75, 14.05, 13.85, 202]
[6118, 39.15, 36.05, 36.50, 37.40, 48514]
[6120, 8.97, 8.75, 8.81, 8.92, 1597]
[6121, 288.0, 283.0, 285.00, 288.00, 839]
[6122, 18.25, 16.95, 17.20, 17.55, 2362]
[6123, 54.1, 53.5, 53.70, 53.80, 189]
[6124, 28.2, 25.45, 26.35, 28.20, 2468]
[6125, 25.9, 25.15, 25.30, 25.60, 2358]
[6126, 20.2, 19.9, 20.15, 20.10, 384]
[6127, 17.35, 16.05, 16.30, 17.15, 1051]
[6128, 29.8, 29.4, 29.50, 29.65, 313]
[6129, 31.4, 29.55, 29.60, 30.40, 4214]
[6130, 31.0, 29.9, 30.00, 30.05, 76]
[6133, 23.7, 22.25, 22.60, 23.45, 16230]
[6134, 21.2, 20.6, 20.90, 20.85, 461]
[6136, 18.3, 18.0, 18.00, 18.10, 338]
[6138, 120.0, 113.0, 113.00, 119.00, 2460]
[6139, 39.85, 36.6, 37.20, 39.85, 9004]
[6140, 16.7, 16.2, 16.65, 16.40, 183]
[6141, 19.15, 18.8, 19.05, 19.00, 112]
[6142, 10.35, 10.05, 10.30, 10.10, 1865]
[6143, 77.3, 63.2, 63.20, 75.70, 27243]
[6144, 15.55, 14.0, 15.55, 14.80, 16]
[6146, 227.0, 209.5, 211.50, 226.50, 792]
[6147, 59.3, 57.8, 57.90, 58.90, 3615]
[6148, 12.55, 12.4, 12.50, 12.45, 58]
[6150, 76.0, 69.2, 69.20, 73.80, 16815]
[6151, 26.8, 26.05, 26.35, 26.75, 76]
[6152, 10.15, 9.91, 10.00, 9.98, 592]
[6153, 24.7, 23.5, 23.60, 24.30, 9670]
[6154, 15.85, 15.6, 15.75, 15.85, 208]
[6155, 24.8, 23.95, 24.80, 24.10, 462]
[6156, 19.25, 18.8, 18.80, 19.15, 404]
[6158, 25.8, 25.15, 25.15, 25.80, 26]
[6160, 18.4, 16.5, 16.70, 17.90, 1224]
[6161, 25.2, 24.65, 24.70, 24.85, 178]
[6163, 15.0, 14.7, 14.85, 14.90, 570]
[6164, 10.15, 9.9, 9.96, 10.00, 700]
[6165, 27.4, 26.85, 27.00, 27.30, 214]
[6166, 55.1, 53.1, 53.60, 55.10, 247]
[6167, 12.05, 11.55, 11.85, 11.90, 1739]
[6168, 17.9, 17.5, 17.50, 17.80, 569]
[6169, 21.0, 20.0, 20.80, 20.20, 156]
[6170, 36.3, 34.35, 35.45, 35.10, 396]
[6171, 24.15, 24.0, 24.15, 24.00, 43]
[6173, 35.05, 33.7, 34.10, 34.70, 681]
[6174, 25.85, 25.1, 25.45, 25.40, 285]
[6175, 33.4, 32.5, 32.55, 33.15, 591]
[6176, 105.5, 101.0, 104.50, 101.50, 7461]
[6177, 30.55, 29.6, 29.65, 30.30, 4003]
[6179, 25.4, 24.6, 24.60, 24.95, 305]
[6180, 74.6, 68.8, 71.00, 73.00, 37744]
[6182, 42.7, 40.6, 40.80, 42.50, 8421]
[6183, 59.5, 58.5, 58.70, 59.40, 178]
[6184, 48.55, 48.0, 48.00, 48.50, 95]
[6185, 12.45, 12.15, 12.30, 12.30, 195]
[6186, 37.3, 35.6, 36.75, 36.25, 3259]
[6187, 63.8, 60.5, 60.50, 63.60, 1104]
[6188, 41.05, 39.95, 40.30, 41.05, 1448]
[6189, 37.95, 37.65, 37.90, 37.90, 517]
[6190, 30.65, 28.4, 28.60, 29.35, 3791]
[6191, 27.95, 27.25, 27.55, 27.80, 1189]
[6192, 71.4, 69.1, 69.50, 70.60, 748]
[6194, 23.3, 22.9, 23.30, 23.05, 111]
[6195, 43.5, 42.2, 42.90, 43.05, 97]
[6196, 122.5, 118.0, 120.50, 121.00, 2848]
[6197, 42.5, 39.55, 40.15, 41.65, 2404]
[6198, 19.7, 19.25, 19.50, 19.50, 18]
[6199, 18.9, 17.2, 17.65, 17.95, 373]
[6201, 39.2, 38.95, 39.00, 39.10, 22]
[6202, 70.2, 68.0, 68.10, 69.80, 4148]
[6203, 52.4, 50.4, 51.60, 52.30, 298]
[6204, 58.9, 57.5, 58.60, 57.50, 34]
[6205, 69.1, 65.5, 67.10, 67.10, 2171]
[6206, 67.8, 66.4, 66.90, 67.40, 427]
[6207, 26.25, 25.1, 25.50, 26.00, 591]
[6208, 50.6, 49.35, 49.55, 50.00, 99]
[6209, 25.2, 24.0, 24.00, 24.80, 652]
[6210, 34.9, 34.5, 34.50, 34.90, 8]
[6212, 46.0, 46.0, 46.00, 46.00, 2]
[6213, 75.5, 71.5, 72.60, 74.00, 4495]
[6214, 71.8, 69.5, 69.50, 71.00, 546]
[6215, 24.2, 19.65, 20.40, 24.20, 10954]
[6216, 25.5, 25.15, 25.20, 25.35, 349]
[6217, 43.05, 41.7, 41.75, 42.00, 1878]
[6218, 18.2, 17.95, 18.00, 18.05, 146]
[6219, 10.7, 10.45, 10.65, 10.55, 466]
[6220, 27.5, 26.0, 26.20, 27.50, 5952]
[6221, 52.4, 51.5, 51.70, 51.90, 25]
[6222, 15.15, 15.05, 15.05, 15.15, 6]
[6223, 120.0, 112.5, 113.00, 118.50, 7247]
[6224, 60.8, 56.6, 56.80, 59.30, 511]
[6225, 14.35, 12.35, 13.80, 12.35, 91]
[6226, 10.35, 10.15, 10.25, 10.35, 921]
[6227, 41.0, 40.2, 40.85, 40.55, 556]
[6228, 12.75, 12.15, 12.55, 12.25, 47]
[6229, 25.3, 24.0, 24.00, 24.70, 123]
[6230, 117.0, 113.0, 115.50, 114.50, 81]
[6231, 89.6, 82.3, 82.40, 88.50, 1875]
[6233, 23.85, 19.9, 20.20, 22.30, 8131]
[6234, 24.05, 22.2, 23.60, 22.25, 4527]
[6235, 39.2, 34.3, 34.90, 36.50, 34091]
[6236, NaN, NaN, NaN, NaN, 0]
[6237, 46.2, 44.05, 44.70, 45.30, 1571]
[6239, 80.9, 78.7, 79.10, 80.30, 4843]
[6240, 17.95, 17.4, 17.85, 17.75, 69]
[6241, 16.05, 15.4, 15.40, 15.75, 162]
[6242, 55.9, 54.1, 54.10, 54.40, 264]
[6243, 28.6, 27.0, 27.00, 28.50, 362]
[6244, 29.9, 28.05, 28.70, 28.30, 22583]
[6245, 95.8, 88.1, 92.10, 88.60, 15171]
[6246, 14.5, 14.15, 14.45, 14.45, 63]
[6247, 15.4, 15.4, 15.40, 15.40, 9]
[6248, 22.7, 22.1, 22.45, 22.30, 716]
[6257, 49.1, 48.25, 48.75, 49.05, 3159]
[6259, 23.75, 21.35, 21.40, 23.30, 118]
[6261, 58.6, 56.6, 57.10, 58.40, 292]
[6263, 92.0, 89.0, 91.00, 90.30, 114]
[6264, 8.22, 7.99, 8.06, 8.05, 80]
[6265, 9.83, 9.36, 9.43, 9.55, 730]
[6266, 24.3, 23.6, 23.85, 24.05, 1399]
[6269, 98.7, 95.7, 96.80, 96.50, 2460]
[6270, 22.1, 21.75, 22.00, 22.00, 137]
[6271, 208.0, 190.0, 190.00, 205.00, 4564]
[6274, 58.4, 51.5, 51.70, 57.60, 14571]
[6275, 26.55, 26.0, 26.20, 26.25, 214]
[6276, 20.2, 16.5, 16.50, 16.90, 4892]
[6277, 78.4, 77.3, 77.50, 77.90, 85]
[6278, 91.2, 87.8, 88.50, 88.80, 3932]
[6279, 146.0, 141.5, 144.50, 143.50, 4421]
[6281, 82.2, 81.5, 81.80, 82.10, 44]
[6282, 31.1, 29.9, 30.10, 30.30, 12480]
[6283, 32.2, 30.9, 31.90, 32.05, 882]
[6284, 52.7, 51.2, 51.80, 51.40, 1667]
[6285, 81.4, 78.0, 78.60, 81.00, 9945]
[6287, 24.7, 23.05, 23.05, 24.00, 12]
[6288, 23.55, 22.2, 22.50, 23.30, 2094]
[6290, 53.7, 52.5, 52.90, 52.70, 1760]
[6291, 99.9, 98.0, 98.50, 98.50, 17]
[6292, 41.1, 40.0, 41.10, 40.10, 105]
[6294, 111.5, 106.5, 106.50, 108.50, 66]
[6404, 18.95, 17.55, 18.55, 18.45, 18]
[6405, 22.0, 21.35, 21.50, 21.65, 173]
[6409, 1675.0, 1490.0, 1,540.00, 1,590.00, 524]
[6411, 87.2, 83.6, 85.20, 83.90, 1415]
[6412, 75.4, 73.0, 73.00, 75.40, 616]
[6414, 225.5, 203.5, 203.50, 224.00, 7839]
[6415, 485.5, 428.5, 433.50, 484.00, 6315]
[6416, 89.0, 87.2, 88.10, 88.00, 270]
[6417, 87.3, 84.9, 87.30, 85.50, 97]
[6418, 16.05, 15.35, 15.35, 15.60, 79]
[6419, 35.0, 33.8, 34.50, 34.85, 56]
[6425, 22.55, 21.35, 21.55, 21.90, 477]
[6426, 62.0, 59.1, 59.60, 60.40, 235]
[6431, 20.6, 20.0, 20.60, 20.35, 105]
[6432, 31.0, 30.05, 30.05, 30.65, 161]
[6435, 99.4, 96.7, 97.40, 98.60, 275]
[6438, 91.2, 84.9, 84.90, 89.20, 1341]
[6441, 58.8, 50.9, 51.20, 53.90, 6514]
[6442, 45.45, 43.3, 43.30, 45.00, 711]
[6443, 36.35, 34.3, 34.60, 34.95, 48682]
[6446, 498.5, 476.0, 485.00, 478.00, 4949]
[6449, 41.65, 40.7, 41.60, 40.75, 71]
[6451, 82.7, 79.3, 81.00, 80.00, 1507]
[6456, 88.3, 81.1, 87.90, 83.90, 11838]
[6457, 59.9, 58.6, 59.60, 59.20, 296]
[6461, 33.6, 32.8, 33.30, 32.85, 1576]
[6462, 64.1, 59.6, 60.50, 63.10, 506]
[6464, 100.5, 95.2, 96.50, 98.20, 1476]
[6465, 17.35, 16.85, 17.35, 16.95, 59]
[6469, 310.0, 294.5, 296.00, 305.50, 1675]
[6470, 54.6, 52.2, 53.00, 54.00, 779]
[6472, 442.0, 406.0, 418.00, 406.50, 18517]
[6477, 49.5, 45.3, 45.40, 47.70, 9846]
[6482, 44.4, 41.6, 41.60, 44.00, 20]
[6485, 68.8, 63.8, 64.10, 68.40, 1236]
[6486, 68.9, 62.4, 62.40, 65.70, 808]
[6488, 445.5, 425.5, 426.50, 445.00, 5929]
[6491, 436.5, 406.0, 427.50, 411.50, 3214]
[6492, 59.4, 57.0, 58.50, 58.10, 662]
[6494, 74.0, 71.0, 72.00, 73.20, 519]
[6496, 27.85, 27.3, 27.85, 27.40, 23]
[6499, 58.2, 57.1, 58.10, 57.20, 197]
[6504, 74.1, 71.5, 73.00, 73.40, 191]
[6505, 81.2, 79.1, 80.00, 81.20, 4735]
[6506, 19.6, 19.2, 19.35, 19.60, 62]
[6508, 36.6, 35.7, 35.85, 36.40, 423]
[6509, 41.7, 40.3, 40.90, 40.70, 2575]
[6510, 487.0, 463.5, 465.00, 482.00, 414]
[6512, 24.7, 23.6, 24.00, 24.00, 44]
[6514, 51.8, 50.0, 51.20, 50.30, 74]
[6515, 428.0, 408.0, 421.00, 414.50, 2202]
[6516, 78.8, 75.9, 78.80, 76.40, 163]
[6517, 63.1, 57.2, 58.00, 61.50, 3773]
[6523, 105.5, 101.0, 104.50, 103.00, 855]
[6525, 70.2, 68.3, 68.50, 70.20, 453]
[6527, 53.5, 51.1, 52.00, 52.20, 173]
[6530, 23.0, 22.2, 22.20, 22.80, 290]
[6531, 183.0, 165.0, 165.00, 182.00, 8427]
[6532, 55.5, 49.55, 49.60, 53.60, 1418]
[6533, 529.0, 486.0, 497.50, 502.00, 15358]
[6535, 39.5, 38.3, 39.50, 38.60, 1408]
[6538, 72.5, 68.2, 68.20, 70.60, 299]
[6541, 36.35, 35.15, 35.35, 35.50, 1081]
[6542, 45.9, 44.7, 45.90, 44.70, 4]
[6546, 73.5, 71.1, 71.10, 72.60, 846]
[6547, 75.7, 65.2, 67.30, 72.90, 18991]
[6548, 30.15, 29.35, 30.15, 29.80, 736]
[6550, 91.5, 88.0, 89.30, 91.40, 11762]
[6552, 30.5, 29.7, 29.70, 30.20, 345]
[6556, 113.5, 103.5, 113.50, 103.50, 203]
[6558, 22.7, 21.75, 21.85, 22.15, 346]
[6560, 35.7, 35.0, 35.70, 35.30, 55]
[6561, 283.0, 278.0, 281.00, 279.00, 37]
[6568, 168.5, 151.0, 152.00, 161.50, 2019]
[6569, 100.0, 97.5, 97.80, 99.50, 59]
[6570, 47.65, 46.0, 46.30, 47.00, 564]
[6573, 13.55, 13.3, 13.40, 13.55, 131]
[6574, 49.05, 48.1, 48.60, 48.80, 20]
[6576, 93.6, 91.0, 91.40, 92.00, 777]
[6577, 58.6, 58.1, 58.10, 58.60, 14]
[6578, 16.65, 15.6, 16.15, 16.10, 2530]
[6579, 91.0, 86.2, 88.20, 90.90, 351]
[6581, 96.8, 91.2, 92.50, 96.30, 320]
[6582, 60.4, 57.4, 58.10, 60.10, 657]
[6585, 60.5, 54.8, 60.30, 55.90, 761]
[6588, 31.4, 30.3, 30.55, 30.45, 16]
[6589, 124.0, 114.0, 123.00, 117.00, 27584]
[6590, 59.7, 55.4, 56.30, 58.90, 88]
[6591, 42.7, 41.1, 41.65, 42.70, 287]
[6592, 102.5, 99.3, 102.50, 101.50, 711]
[6593, 44.0, 40.65, 43.30, 41.20, 118]
[6594, 28.35, 24.85, 25.50, 28.35, 218]
[6596, 45.5, 43.5, 45.50, 43.80, 38]
[6598, 31.4, 28.85, 31.40, 28.85, 1560]
[6603, 17.5, 17.1, 17.30, 17.45, 1460]
[6605, 72.3, 70.6, 70.60, 71.30, 1001]
[6609, 36.7, 35.0, 35.40, 35.20, 1959]
[6612, 82.5, 80.5, 82.00, 82.00, 78]
[6613, 87.9, 85.9, 87.50, 87.10, 708]
[6615, 37.0, 36.15, 36.50, 36.50, 52]
[6616, 13.8, 13.55, 13.80, 13.80, 113]
[6624, 41.85, 40.7, 40.70, 41.85, 10]
[6625, 42.1, 39.2, 41.20, 40.10, 880]
[6629, 49.95, 46.5, 46.50, 49.20, 14]
[6640, 89.2, 87.6, 88.80, 89.00, 18]
[6641, 53.5, 53.1, 53.10, 53.50, 13]
[6642, 45.75, 44.6, 44.80, 45.60, 67]
[6643, 502.0, 455.0, 457.00, 468.50, 12366]
[6649, 36.0, 34.15, 36.00, 35.20, 119]
[6651, 68.6, 65.3, 67.20, 68.20, 201]
[6654, 49.95, 47.8, 48.95, 48.85, 19]
[6655, 130.5, 127.0, 130.50, 128.50, 42]
[6661, 21.9, 21.4, 21.70, 21.45, 9]
[6662, 30.2, 29.6, 30.20, 29.90, 37]
[6664, 98.6, 94.0, 98.10, 94.70, 532]
[6666, 81.4, 77.4, 78.50, 78.90, 1146]
[6667, 60.8, 58.8, 58.80, 60.10, 193]
[6668, 40.35, 37.2, 38.25, 39.40, 685]
[6669, 820.0, 718.0, 805.00, 742.00, 5499]
[6670, 213.5, 204.0, 210.00, 212.00, 2526]
[6671, 37.85, 37.15, 37.15, 37.55, 10]
[6672, 77.3, 74.2, 75.20, 77.00, 1175]
[6674, 26.85, 25.6, 25.60, 26.50, 143]
[6679, 250.0, 231.0, 236.00, 243.00, 5573]
[6680, 64.0, 61.0, 63.00, 61.50, 27]
[6683, 189.5, 176.5, 177.00, 189.50, 307]
[6684, 48.6, 43.35, 44.60, 47.55, 188]
[6689, 107.0, 82.2, 84.00, 100.00, 4203]
[6690, 122.5, 112.5, 112.50, 119.50, 159]
[6691, 205.0, 198.0, 199.00, 203.50, 511]
[6693, 61.4, 59.5, 60.50, 60.00, 119]
[6695, 42.8, 39.25, 40.40, 42.25, 904]
[6697, 37.4, 36.2, 37.35, 37.40, 13]
[6698, 28.6, 27.65, 28.00, 28.35, 107]
[6703, 102.0, 96.1, 96.10, 101.50, 252]
[6706, 91.2, 87.3, 88.00, 90.80, 1215]
[6708, 64.3, 56.5, 63.10, 56.60, 2795]
[6712, 226.5, 216.0, 224.00, 216.00, 5923]
[6715, 128.0, 122.0, 124.50, 123.00, 421]
[6716, 78.8, 76.4, 76.40, 78.20, 11]
[6719, 266.0, 236.0, 236.50, 262.50, 6269]
[6721, 43.6, 42.2, 42.70, 42.20, 25]
[6727, 69.6, 67.0, 67.00, 68.10, 213]
[6728, 122.0, 119.5, 120.00, 120.00, 65]
[6732, 233.5, 213.5, 213.50, 231.50, 277]
[6733, 21.8, 21.2, 21.70, 21.35, 349]
[6735, 55.5, 54.1, 54.50, 55.50, 22]
[6741, 122.0, 103.5, 103.50, 113.50, 22067]
[6743, 37.4, 35.8, 36.50, 37.05, 165]
[6747, 189.0, 182.0, 186.00, 183.00, 120]
[6751, 43.9, 42.9, 42.90, 43.90, 38]
[6752, 65.0, 60.5, 61.00, 61.90, 75]
[6754, 48.35, 45.5, 45.85, 48.15, 412]
[6756, 196.0, 181.5, 182.50, 190.00, 1470]
[6761, 87.7, 84.4, 84.40, 85.30, 41]
[6762, 231.0, 230.0, 230.00, 231.00, 2]
[6763, 429.0, 386.5, 387.00, 414.00, 329]
[6767, 31.95, 30.15, 31.20, 31.95, 95]
[6768, 73.4, 70.7, 71.70, 73.00, 1003]
[6770, 33.45, 31.4, 31.85, 33.45, 58101]
[6776, 39.45, 38.75, 38.80, 39.15, 84]
[6781, 719.0, 642.0, 643.00, 701.00, 3821]
[6782, 313.0, 283.0, 285.00, 294.00, 1867]
[6788, 97.4, 90.9, 91.20, 95.40, 933]
[6789, 219.0, 191.0, 194.00, 219.00, 3697]
[6790, 35.15, 34.6, 34.80, 35.00, 112]
[6791, 47.65, 44.5, 45.85, 46.10, 63]
[6792, 70.1, 65.6, 66.30, 69.90, 275]
[6796, 73.3, 71.0, 72.50, 73.00, 134]
[6799, 103.0, 91.1, 93.10, 101.00, 307]
[6803, 254.5, 246.5, 247.50, 254.50, 111]
[6804, 54.8, 53.1, 54.30, 53.60, 63]
[6806, 96.5, 84.3, 85.40, 84.50, 56462]
[6807, 24.95, 24.1, 24.70, 24.50, 53]
[6811, 143.0, 136.0, 136.50, 141.50, 235]
[6823, 95.8, 93.1, 93.20, 94.60, 19]
[6829, 74.7, 72.0, 72.70, 73.10, 414]
[6830, 107.0, 97.6, 97.70, 104.50, 620]
[6834, 25.3, 24.5, 24.50, 25.00, 83]
[6835, 39.75, 38.75, 39.45, 39.20, 152]
[6843, 49.05, 46.35, 48.60, 49.05, 268]
[6854, 100.0, 94.0, 100.00, 97.50, 246]
[6855, 70.1, 69.0, 69.80, 70.00, 51]
[6859, 140.5, 125.0, 125.00, 137.00, 399]
[6874, 50.8, 45.6, 46.40, 47.50, 503]
[7402, 36.15, 34.05, 35.80, 34.70, 77]
[7556, 100.0, 98.0, 100.00, 98.10, 18]
[8011, 14.4, 14.05, 14.10, 14.25, 450]
[8016, 191.5, 176.0, 176.00, 189.00, 8781]
[8021, 31.1, 30.3, 30.75, 30.40, 604]
[8024, 21.5, 21.0, 21.20, 21.35, 199]
[8027, 51.1, 49.85, 50.00, 50.10, 707]
[8028, 58.1, 55.9, 56.30, 56.30, 5180]
[8032, 29.75, 29.3, 29.40, 29.70, 24]
[8033, 44.75, 41.5, 42.75, 41.90, 19571]
[8034, 15.05, 14.5, 14.95, 15.00, 335]
[8038, 42.35, 37.65, 37.65, 42.20, 2458]
[8039, 41.8, 40.55, 41.20, 41.35, 257]
[8040, 54.1, 51.7, 52.50, 52.80, 1170]
[8042, 35.45, 34.55, 35.45, 34.90, 111]
[8043, 26.85, 26.0, 26.55, 26.55, 866]
[8044, 65.5, 52.9, 52.90, 65.10, 38339]
[8046, 234.0, 217.0, 224.00, 227.50, 46387]
[8047, 12.3, 12.0, 12.05, 12.30, 23]
[8048, 33.0, 32.1, 32.40, 32.60, 86]
[8049, 31.05, 29.5, 29.75, 30.00, 3107]
[8050, 79.3, 76.7, 76.80, 77.60, 10092]
[8054, 32.15, 29.85, 30.00, 31.25, 1490]
[8059, 10.0, 9.71, 10.00, 9.85, 44]
[8064, 17.5, 16.45, 16.55, 16.75, 2628]
[8066, 28.7, 27.5, 27.50, 27.75, 102]
[8067, 9.06, 8.51, 8.93, 8.83, 29]
[8068, 25.1, 24.45, 25.00, 24.85, 139]
[8069, 176.0, 161.5, 162.00, 172.00, 90998]
[8070, 30.5, 30.05, 30.30, 30.45, 786]
[8071, 15.0, 14.6, 14.75, 14.70, 416]
[8072, 26.4, 24.8, 25.50, 25.80, 649]
[8074, 19.2, 18.85, 19.05, 19.00, 50]
[8076, 28.6, 27.7, 27.95, 28.00, 2015]
[8077, NaN, NaN, NaN, NaN, 0]
[8080, 11.65, 10.6, 11.05, 11.00, 96]
[8081, 152.5, 142.0, 142.50, 152.00, 3202]
[8083, 166.0, 162.0, 165.50, 162.00, 152]
[8084, 110.0, 101.0, 102.00, 107.50, 1886]
[8085, 20.7, 19.7, 19.75, 20.25, 514]
[8086, 74.8, 68.2, 68.30, 73.10, 8239]
[8087, 25.7, 24.95, 25.40, 25.35, 77]
[8088, 24.35, 23.45, 23.45, 24.00, 960]
[8089, 23.3, 22.9, 22.90, 23.05, 141]
[8091, 88.4, 84.8, 87.00, 86.50, 1751]
[8092, 12.65, 12.0, 12.30, 12.35, 84]
[8093, 10.95, 10.6, 10.90, 10.70, 165]
[8096, 11.95, 11.6, 11.65, 11.80, 548]
[8097, 59.6, 57.5, 59.30, 58.70, 1359]
[8099, 39.5, 38.35, 39.10, 38.70, 230]
[8101, 6.08, 5.94, 6.08, 5.97, 79]
[8103, 31.4, 30.7, 30.90, 31.10, 325]
[8104, 38.35, 33.8, 34.00, 37.35, 3390]
[8105, 13.4, 12.1, 12.25, 13.10, 7058]
[8107, 16.9, 16.35, 16.90, 16.55, 374]
[8109, 87.6, 85.4, 86.60, 86.50, 303]
[8110, 11.6, 11.2, 11.40, 11.60, 2332]
[8111, 15.8, 15.0, 15.15, 15.75, 421]
[8112, 37.3, 35.55, 35.80, 37.00, 4337]
[8114, 113.5, 108.5, 108.50, 112.00, 1485]
[8121, 25.85, 23.65, 23.95, 25.15, 2085]
[8131, 38.8, 37.95, 38.00, 38.80, 487]
[8147, 63.6, 59.6, 59.60, 61.60, 501]
[8150, 33.75, 32.8, 33.25, 33.35, 6373]
[8155, 111.0, 101.5, 101.50, 111.00, 2437]
[8163, 38.3, 37.5, 37.50, 38.15, 952]
[8171, 57.7, 48.8, 49.05, 57.00, 73669]
[8176, 10.0, 9.82, 10.00, 9.96, 89]
[8182, 31.2, 30.55, 30.70, 31.20, 124]
[8183, 54.5, 52.6, 52.90, 54.20, 1543]
[8201, 10.4, 10.1, 10.20, 10.30, 143]
[8210, 75.8, 71.6, 72.40, 74.60, 641]
[8213, 37.0, 35.8, 36.00, 36.90, 545]
[8215, 32.9, 31.5, 31.85, 32.80, 3327]
[8222, 27.65, 25.2, 25.90, 26.35, 15124]
[8227, 91.3, 85.6, 87.60, 86.60, 2639]
[8234, 35.5, 32.55, 32.85, 33.90, 3772]
[8240, 28.9, 28.35, 28.80, 28.75, 100]
[8249, 28.5, 27.25, 27.45, 28.20, 783]
[8255, 166.5, 155.5, 164.00, 158.00, 3643]
[8261, 107.5, 102.5, 103.00, 105.50, 4926]
[8271, 42.35, 40.95, 41.50, 42.30, 650]
[8277, 8.25, 8.1, 8.11, 8.18, 178]
[8279, 166.5, 160.0, 161.50, 163.00, 78]
[8284, 57.2, 55.5, 56.00, 56.80, 87]
[8289, 38.0, 35.1, 35.35, 38.00, 2234]
[8291, 6.1, 6.1, 6.10, 6.10, 10]
[8299, 352.5, 312.0, 312.00, 351.00, 9163]
[8341, 178.0, 165.0, 174.00, 168.50, 4223]
[8342, 55.1, 54.8, 54.90, 55.00, 104]
[8349, 56.8, 54.4, 56.30, 55.60, 864]
[8354, 14.2, 14.1, 14.15, 14.15, 41]
[8358, 58.6, 50.0, 50.00, 57.30, 52349]
[8367, 40.2, 37.95, 37.95, 39.70, 435]
[8374, 30.45, 29.05, 29.60, 29.10, 199]
[8383, 38.4, 37.7, 37.80, 38.30, 277]
[8390, 39.1, 35.3, 36.00, 37.50, 3087]
[8401, 21.25, 20.45, 20.45, 21.15, 644]
[8403, 33.8, 32.6, 33.80, 33.10, 1854]
[8404, 26.65, 26.1, 26.55, 26.60, 187]
[8409, 20.55, 18.85, 18.95, 19.60, 544]
[8410, 29.8, 29.0, 29.00, 29.60, 15]
[8411, 13.65, 13.35, 13.35, 13.45, 490]
[8415, 38.4, 37.35, 38.00, 37.75, 1331]
[8416, 117.0, 115.0, 115.00, 116.50, 26]
[8418, 9.75, 9.69, 9.72, 9.75, 10]
[8420, 78.4, 75.0, 75.60, 78.30, 799]
[8421, 15.15, 14.75, 14.90, 14.95, 248]
[8422, 182.5, 179.5, 180.00, 180.00, 646]
[8423, 19.0, 19.0, 19.00, 19.00, 5]
[8424, 66.9, 65.2, 65.20, 66.80, 21]
[8426, 28.4, 27.55, 28.40, 28.15, 76]
[8429, 11.05, 10.65, 10.95, 10.80, 1553]
[8431, 52.6, 50.9, 52.40, 51.70, 205]
[8432, 49.0, 46.25, 48.30, 47.25, 284]
[8433, 63.0, 61.1, 61.10, 62.40, 186]
[8435, 59.5, 59.0, 59.10, 59.30, 48]
[8436, 180.5, 169.0, 171.50, 172.00, 9428]
[8437, 102.0, 99.4, 101.00, 100.50, 24]
[8438, 24.4, 23.65, 24.05, 24.20, 85]
[8440, 47.45, 42.95, 43.20, 46.50, 11145]
[8442, 80.4, 78.0, 80.10, 79.30, 451]
[8443, 11.15, 10.95, 10.95, 11.15, 126]
[8444, 39.7, 38.9, 39.10, 38.90, 36]
[8446, 84.2, 80.7, 81.20, 84.20, 148]
[8450, 28.55, 27.0, 27.80, 27.15, 694]
[8454, 765.0, 638.0, 645.00, 711.00, 5579]
[8455, 23.0, 20.6, 22.25, 22.80, 26]
[8462, 121.5, 117.5, 118.50, 119.50, 80]
[8463, 24.6, 23.7, 23.75, 23.95, 242]
[8464, 301.0, 287.5, 298.00, 297.50, 1199]
[8466, 41.3, 40.45, 40.75, 40.95, 119]
[8467, 57.5, 56.2, 56.30, 57.10, 37]
[8472, 43.05, 42.35, 42.35, 43.05, 4]
[8473, 27.75, 27.2, 27.40, 27.50, 152]
[8476, 61.8, 58.5, 58.60, 60.30, 1953]
[8477, 19.05, 17.6, 17.60, 18.05, 418]
[8478, 317.5, 289.0, 290.00, 307.50, 10538]
[8481, 57.5, 56.0, 56.50, 57.00, 27]
[8482, 71.1, 69.8, 70.00, 70.10, 17]
[8488, 15.05, 15.05, 15.05, 15.05, 2]
[8489, 22.8, 22.2, 22.45, 22.75, 61]
[8499, 101.0, 99.6, 99.80, 101.00, 50]
[8905, 22.65, 21.95, 22.00, 22.45, 149]
[8906, 21.0, 18.9, 19.70, 20.30, 873]
[8908, 67.8, 65.4, 65.40, 67.40, 136]
[8916, 52.7, 51.4, 52.20, 52.50, 2052]
[8917, 90.5, 90.0, 90.20, 90.00, 16]
[8921, 15.0, 14.8, 14.90, 14.95, 7]
[8923, 21.65, 20.1, 21.65, 20.50, 20]
[8924, 120.5, 117.5, 119.50, 120.50, 480]
[8926, 33.2, 32.2, 32.50, 33.00, 1529]
[8927, 36.05, 34.7, 36.05, 35.05, 876]
[8928, 40.75, 38.8, 39.00, 40.75, 642]
[8929, 20.75, 20.1, 20.10, 20.25, 59]
[8930, 16.85, 16.45, 16.55, 16.80, 227]
[8931, 43.95, 41.6, 41.95, 43.50, 662]
[8932, 45.2, 41.0, 44.10, 41.05, 2663]
[8933, 17.1, 16.1, 16.70, 16.10, 19009]
[8935, 13.15, 11.25, 13.05, 11.75, 1751]
[8936, 22.0, 21.25, 21.50, 21.95, 1759]
[8937, 15.15, 14.5, 14.50, 15.05, 212]
[8938, 99.5, 95.6, 95.80, 98.90, 3041]
[8940, 17.4, 16.45, 16.80, 17.00, 653]
[8941, 56.5, 55.0, 56.00, 55.60, 67]
[8942, 60.4, 58.6, 59.10, 60.20, 352]
[8996, 193.5, 178.0, 185.00, 183.50, 66499]
[9103, 8.73, 8.01, 8.58, 8.14, 5743]
[9105, 3.88, 3.77, 3.79, 3.87, 7292]
[9110, 3.02, 2.96, 2.98, 3.00, 156]
[9136, 6.32, 6.22, 6.25, 6.29, 168]
[9802, 153.0, 130.5, 151.50, 140.00, 18717]
[9902, 12.65, 12.35, 12.45, 12.65, 267]
[9904, 34.15, 33.35, 34.15, 33.65, 23954]
[9905, 24.35, 24.0, 24.30, 24.35, 125]
[9906, 47.7, 46.6, 47.50, 47.35, 120]
[9907, 17.15, 16.85, 17.00, 17.05, 5962]
[9908, 31.2, 30.85, 31.15, 30.95, 211]
[9910, 205.0, 199.5, 204.00, 201.00, 2813]
[9911, 62.8, 61.7, 62.10, 62.80, 248]
[9912, 9.5, 9.04, 9.05, 9.31, 130]
[9914, 175.0, 165.5, 166.50, 173.50, 1392]
[9917, 99.6, 97.9, 99.60, 98.90, 435]
[9918, 42.5, 42.1, 42.10, 42.50, 5]
[9919, 18.7, 17.9, 18.60, 18.00, 7762]
[9921, 205.0, 196.0, 200.50, 200.00, 2811]
[9924, 42.15, 40.9, 41.20, 41.95, 544]
[9925, 39.45, 39.1, 39.15, 39.30, 272]
[9926, 51.8, 51.8, 51.80, 51.80, 2]
[9927, 37.95, 37.5, 37.70, 37.75, 287]
[9928, 17.7, 17.0, 17.35, 17.70, 256]
[9929, 8.71, 8.48, 8.59, 8.63, 147]
[9930, 46.25, 45.85, 46.25, 46.10, 132]
[9931, 39.7, 39.15, 39.65, 39.15, 11]
[9933, 42.85, 41.4, 41.80, 42.30, 4924]
[9934, 13.15, 13.05, 13.10, 13.10, 468]
[9935, 17.65, 17.2, 17.50, 17.60, 281]
[9937, 52.4, 51.6, 52.10, 52.20, 89]
[9938, 58.4, 55.9, 56.30, 57.20, 3335]
[9939, 88.0, 85.4, 86.50, 87.40, 2540]
[9940, 27.4, 26.7, 26.90, 27.25, 525]
[9941, 161.5, 154.0, 156.00, 159.50, 3223]
[9942, 106.5, 103.0, 105.50, 105.00, 877]
[9943, 62.2, 61.5, 61.80, 62.20, 43]
[9944, 20.5, 20.15, 20.40, 20.45, 213]
[9945, 43.75, 42.35, 43.20, 43.10, 13946]
[9946, 12.25, 12.1, 12.20, 12.25, 99]
[9949, 20.85, 18.0, 20.20, 18.80, 282]
[9950, 11.0, 10.6, 10.60, 11.00, 24]
[9951, 66.0, 64.0, 64.20, 64.80, 183]
[9955, 23.25, 19.85, 19.90, 22.65, 10363]
[9958, 92.8, 88.8, 89.50, 89.80, 12981]
[9960, 26.4, 25.4, 26.20, 26.05, 290]
[9962, 17.95, 17.0, 17.20, 17.65, 3263]
