[1101, 39.2, 38.05, 38.70, 38.70, 93944, tse]
[1102, 44.65, 43.85, 44.60, 43.95, 27131, tse]
[1103, 21.7, 20.5, 20.75, 21.55, 7631, tse]
[1104, 31.9, 30.4, 30.70, 31.25, 26781, tse]
[1108, 16.8, 15.85, 16.40, 16.60, 8553, tse]
[1109, 18.9, 18.55, 18.80, 18.60, 874, tse]
[1110, 19.2, 18.75, 19.10, 19.00, 2145, tse]
[1201, 20.5, 20.2, 20.50, 20.30, 2863, tse]
[1203, 44.1, 40.6, 42.75, 44.05, 214, tse]
[1210, 53.5, 52.0, 53.50, 52.50, 7008, tse]
[1213, 7.1, 6.55, 7.10, 6.60, 236, tse]
[1215, 97.5, 92.0, 93.50, 95.00, 10026, tse]
[1216, 78.6, 75.8, 76.00, 77.20, 42474, tse]
[1217, 11.75, 11.4, 11.70, 11.75, 8497, tse]
[1218, 30.95, 29.85, 30.40, 30.70, 13143, tse]
[1219, 21.2, 20.85, 21.15, 21.15, 2571, tse]
[1220, 15.2, 14.8, 15.15, 14.85, 1284, tse]
[1225, 57.6, 56.3, 56.40, 56.90, 120, tse]
[1227, 41.35, 40.65, 41.00, 40.70, 7612, tse]
[1229, 65.0, 63.3, 63.40, 64.60, 4272, tse]
[1231, 91.7, 90.8, 91.30, 91.30, 670, tse]
[1232, 153.0, 152.0, 153.00, 152.00, 317, tse]
[1233, 36.5, 35.9, 36.45, 36.20, 208, tse]
[1234, 39.95, 39.15, 39.70, 39.55, 2366, tse]
[1235, 84.5, 82.0, 83.80, 84.10, 24, tse]
[1236, 23.7, 23.2, 23.50, 23.55, 238, tse]
[1240, 45.9, 45.35, 45.75, 45.90, 108, otc]
[1256, 320.5, 307.0, 316.00, 315.00, 79, tse]
[1259, 76.0, 75.4, 76.00, 75.80, 43, otc]
[1264, 286.0, 284.0, 284.00, 286.00, 24, otc]
[1268, 182.0, 170.5, 182.00, 171.50, 1806, otc]
[1301, 94.5, 92.5, 94.50, 92.50, 42621, tse]
[1303, 80.4, 78.7, 79.90, 80.10, 27420, tse]
[1304, 23.8, 22.95, 23.30, 23.80, 6535, tse]
[1305, 24.45, 23.7, 24.20, 24.25, 5136, tse]
[1307, 28.35, 25.05, 25.70, 26.25, 16919, tse]
[1308, 27.35, 26.05, 26.25, 27.15, 7134, tse]
[1309, 20.45, 19.95, 20.30, 20.40, 2808, tse]
[1310, 16.75, 16.1, 16.75, 16.60, 7682, tse]
[1312, 19.5, 19.15, 19.45, 19.45, 6155, tse]
[1313, 14.75, 14.2, 14.55, 14.35, 5628, tse]
[1314, 9.98, 9.81, 9.96, 9.84, 41952, tse]
[1315, 71.3, 70.2, 70.90, 71.10, 143, tse]
[1316, 12.65, 12.2, 12.65, 12.25, 5240, tse]
[1319, 55.1, 50.3, 51.30, 54.00, 38615, tse]
[1321, 34.95, 34.45, 34.60, 34.85, 498, tse]
[1323, 32.6, 32.3, 32.60, 32.50, 655, tse]
[1324, 11.95, 11.5, 11.75, 11.90, 360, tse]
[1325, 25.3, 24.3, 24.80, 24.60, 898, tse]
[1326, 69.3, 68.0, 69.30, 68.00, 14734, tse]
[1336, 24.85, 23.9, 24.10, 24.10, 1018, otc]
[1337, 8.55, 8.01, 8.46, 8.41, 6406, tse]
[1338, 46.35, 44.35, 45.15, 45.00, 598, tse]
[1339, 46.8, 44.65, 44.70, 45.60, 2095, tse]
[1340, 13.5, 13.05, 13.35, 13.35, 1682, tse]
[1341, 72.0, 71.3, 72.00, 71.90, 31, tse]
[1342, 127.5, 122.5, 126.00, 126.00, 2118, tse]
[1402, 33.3, 32.25, 32.60, 32.95, 32306, tse]
[1409, 17.45, 17.0, 17.45, 17.30, 16961, tse]
[1410, 41.5, 38.0, 40.85, 39.30, 423, tse]
[1413, 9.2, 9.03, 9.07, 9.13, 280, tse]
[1414, 17.85, 17.45, 17.80, 17.75, 682, tse]
[1416, 12.1, 11.65, 12.10, 11.70, 2282, tse]
[1417, 14.15, 13.75, 14.00, 13.80, 3026, tse]
[1418, 18.3, 17.6, 18.00, 18.00, 93, tse]
[1419, 47.8, 43.25, 47.80, 44.35, 2212, tse]
[1423, 23.7, 22.05, 23.40, 22.40, 1400, tse]
[1432, 19.55, 18.2, 19.10, 18.70, 9150, tse]
[1434, 28.2, 27.85, 28.10, 27.85, 5211, tse]
[1436, 60.5, 59.5, 60.50, 60.20, 272, tse]
[1437, 30.1, 29.05, 30.00, 29.05, 1554, tse]
[1438, 30.95, 30.35, 30.50, 30.55, 1046, tse]
[1439, 23.0, 22.0, 22.90, 22.25, 337, tse]
[1440, 16.6, 16.25, 16.60, 16.40, 5673, tse]
[1441, 8.17, 8.01, 8.17, 8.11, 406, tse]
[1442, 33.25, 31.65, 31.90, 31.85, 5566, tse]
[1443, 29.15, 28.7, 29.00, 28.85, 160, tse]
[1444, 11.05, 10.65, 11.00, 10.80, 8578, tse]
[1445, 21.4, 19.5, 20.40, 20.80, 2176, tse]
[1446, 31.45, 30.8, 31.35, 30.95, 269, tse]
[1447, 8.02, 7.83, 8.00, 7.98, 4823, tse]
[1449, 23.8, 19.65, 20.50, 21.80, 5552, tse]
[1451, 22.35, 21.65, 21.85, 22.10, 1602, tse]
[1452, 17.7, 17.5, 17.60, 17.65, 451, tse]
[1453, 14.95, 14.4, 14.80, 14.45, 928, tse]
[1454, 17.15, 16.45, 16.50, 16.75, 554, tse]
[1455, 10.5, 10.3, 10.50, 10.40, 2342, tse]
[1456, 17.65, 16.5, 17.00, 16.75, 450, tse]
[1457, 19.0, 18.65, 18.80, 18.80, 2462, tse]
[1459, 9.13, 9.02, 9.12, 9.08, 655, tse]
[1460, 9.2, 8.9, 9.20, 8.98, 9401, tse]
[1463, 14.75, 14.3, 14.55, 14.50, 1226, tse]
[1464, 15.8, 15.0, 15.05, 15.70, 2577, tse]
[1465, 14.5, 14.15, 14.45, 14.15, 605, tse]
[1466, 11.45, 11.2, 11.35, 11.35, 194, tse]
[1467, 11.6, 11.2, 11.40, 11.60, 4923, tse]
[1468, 17.45, 15.4, 15.50, 16.15, 336, tse]
[1470, 21.05, 19.85, 20.20, 20.25, 256, tse]
[1471, 10.15, 9.27, 9.41, 10.00, 10216, tse]
[1472, 42.15, 31.5, 31.60, 38.55, 2073, tse]
[1473, 25.35, 23.7, 23.70, 24.90, 1299, tse]
[1474, 13.55, 12.5, 12.60, 13.00, 2806, tse]
[1475, 61.0, 55.8, 59.00, 56.40, 463, tse]
[1476, 497.0, 477.0, 488.00, 493.00, 5001, tse]
[1477, 273.5, 225.5, 228.00, 264.00, 33004, tse]
[1503, 162.5, 142.0, 150.00, 156.00, 60147, tse]
[1504, 58.5, 51.9, 54.50, 56.80, 141762, tse]
[1506, 19.5, 18.8, 19.50, 19.00, 2043, tse]
[1512, 14.7, 14.05, 14.70, 14.30, 199, tse]
[1513, 128.0, 111.0, 114.50, 128.00, 109926, tse]
[1514, 62.6, 54.6, 57.00, 60.20, 71361, tse]
[1515, 37.6, 33.15, 33.20, 36.30, 10545, tse]
[1516, 21.35, 20.6, 21.10, 20.60, 1271, tse]
[1517, 19.15, 18.7, 19.10, 19.10, 1913, tse]
[1519, 172.0, 142.0, 149.00, 165.50, 100198, tse]
[1521, 43.3, 37.35, 38.00, 41.85, 3389, tse]
[1522, 38.8, 30.2, 30.30, 37.30, 172686, tse]
[1524, 25.5, 23.7, 24.85, 24.25, 39433, tse]
[1525, 118.0, 103.5, 112.00, 118.00, 4442, tse]
[1526, 41.85, 40.0, 41.15, 41.40, 1507, tse]
[1527, 42.45, 41.4, 41.90, 42.15, 1665, tse]
[1528, 16.1, 12.55, 13.25, 16.10, 33179, tse]
[1529, 45.1, 40.1, 43.15, 42.55, 67580, tse]
[1530, 33.9, 32.2, 32.50, 33.65, 218, tse]
[1531, 14.6, 14.4, 14.60, 14.60, 701, tse]
[1532, 37.1, 36.2, 37.10, 36.20, 2729, tse]
[1533, 64.4, 59.4, 59.70, 61.90, 23385, tse]
[1535, 55.5, 53.8, 55.40, 54.80, 726, tse]
[1536, 75.9, 72.0, 74.00, 72.70, 13053, tse]
[1537, 141.5, 139.5, 140.50, 141.50, 599, tse]
[1538, 9.7, 9.4, 9.45, 9.40, 37, tse]
[1539, 30.75, 28.0, 28.50, 29.25, 4116, tse]
[1540, 18.65, 16.95, 16.95, 17.95, 11296, tse]
[1541, 40.7, 36.15, 36.15, 38.00, 1607, tse]
[1558, 114.5, 110.5, 111.00, 113.00, 622, tse]
[1560, 135.0, 121.0, 125.00, 129.50, 45622, tse]
[1565, 236.0, 230.5, 235.50, 233.50, 1239, otc]
[1568, 28.35, 25.95, 26.65, 25.95, 13842, tse]
[1569, 24.1, 23.75, 23.85, 23.90, 640, otc]
[1570, 19.55, 18.15, 18.80, 19.15, 1237, otc]
[1580, 131.0, 124.0, 125.00, 130.00, 1335, otc]
[1582, 59.9, 59.5, 59.90, 59.70, 755, tse]
[1583, 71.9, 68.6, 68.70, 71.20, 99, tse]
[1584, 38.55, 36.05, 38.55, 37.35, 21081, otc]
[1586, 33.7, 33.1, 33.50, 33.60, 408, otc]
[1587, 22.45, 22.0, 22.00, 22.35, 280, tse]
[1589, 73.3, 69.4, 72.30, 71.70, 8776, tse]
[1590, 1070.0, 995.0, 1,010.00, 1,030.00, 4528, tse]
[1591, 36.8, 32.7, 33.90, 35.80, 4352, otc]
[1593, 80.6, 76.7, 76.70, 78.80, 103, otc]
[1595, 41.2, 39.4, 39.65, 41.05, 236, otc]
[1597, 75.5, 73.0, 73.60, 74.40, 483, tse]
[1598, 40.85, 38.5, 40.55, 39.20, 2233, tse]
[1599, 38.2, 37.6, 38.00, 37.80, 241, otc]
[1603, 31.9, 29.85, 30.85, 30.75, 7663, tse]
[1604, 27.3, 27.0, 27.15, 27.10, 1564, tse]
[1605, 47.65, 44.5, 45.50, 46.85, 250499, tse]
[1608, 24.1, 22.5, 23.30, 23.50, 25140, tse]
[1609, 40.15, 36.7, 40.00, 38.50, 306782, tse]
[1611, 20.25, 17.4, 18.00, 19.30, 68036, tse]
[1612, 26.8, 25.2, 26.75, 26.20, 23708, tse]
[1614, 40.5, 38.45, 39.55, 38.75, 1337, tse]
[1615, 39.0, 38.15, 38.75, 38.70, 348, tse]
[1616, 11.25, 10.2, 11.25, 10.80, 6055, tse]
[1617, 16.8, 16.2, 16.80, 16.20, 383, tse]
[1618, 20.4, 19.15, 20.00, 20.25, 11774, tse]
[1626, 19.1, 18.5, 19.00, 18.70, 335, tse]
[1701, 26.2, 25.75, 26.15, 25.95, 6366, tse]
[1702, 49.05, 47.85, 48.70, 47.90, 2266, tse]
[1707, 182.5, 174.5, 175.50, 175.00, 1710, tse]
[1708, 38.8, 38.0, 38.60, 38.70, 4662, tse]
[1709, 25.1, 24.5, 25.10, 24.70, 4878, tse]
[1710, 23.85, 22.4, 23.85, 23.10, 31127, tse]
[1711, 21.4, 20.5, 21.40, 20.70, 11394, tse]
[1712, 36.0, 35.45, 35.90, 35.90, 2834, tse]
[1713, 36.0, 34.65, 34.95, 35.40, 561, tse]
[1714, 9.2, 8.84, 9.20, 8.97, 16195, tse]
[1717, 33.1, 32.6, 33.00, 32.75, 5383, tse]
[1718, 8.45, 8.13, 8.45, 8.17, 12925, tse]
[1720, 73.1, 68.9, 73.00, 69.70, 6375, tse]
[1721, 16.7, 15.6, 16.70, 15.80, 7445, tse]
[1722, 62.6, 61.6, 62.30, 61.80, 5675, tse]
[1723, 118.5, 112.5, 113.50, 116.50, 3439, tse]
[1725, 23.1, 22.7, 22.85, 22.95, 141, tse]
[1726, 75.6, 74.9, 75.40, 75.50, 187, tse]
[1727, 39.95, 36.7, 39.80, 38.85, 13299, tse]
[1730, 60.2, 59.1, 60.10, 59.30, 149, tse]
[1731, 25.8, 24.4, 25.35, 24.60, 2356, tse]
[1732, 28.25, 27.65, 28.00, 27.80, 571, tse]
[1733, 29.1, 27.2, 29.10, 27.40, 4228, tse]
[1734, 40.0, 35.75, 36.70, 37.60, 25407, tse]
[1735, 16.95, 16.25, 16.70, 16.80, 198, tse]
[1736, 68.5, 65.2, 68.00, 67.80, 1942, tse]
[1737, 34.1, 33.8, 33.90, 33.85, 983, tse]
[1742, 21.25, 17.5, 17.50, 19.55, 9623, otc]
[1752, 68.8, 62.8, 68.70, 63.30, 12521, tse]
[1760, 143.5, 138.0, 143.00, 139.50, 5748, tse]
[1762, 90.0, 83.3, 90.00, 86.60, 10251, tse]
[1773, 139.0, 133.5, 138.00, 136.50, 982, tse]
[1776, 18.7, 18.15, 18.55, 18.15, 658, tse]
[1777, 90.5, 87.4, 90.50, 88.20, 508, otc]
[1781, 14.5, 14.0, 14.25, 14.15, 313, otc]
[1783, 60.3, 56.9, 58.90, 59.80, 3868, tse]
[1784, 64.1, 58.1, 63.60, 59.50, 3807, otc]
[1785, 39.95, 37.8, 38.60, 38.80, 25649, otc]
[1786, 78.6, 73.3, 77.70, 76.00, 3149, tse]
[1788, 146.0, 143.5, 144.00, 146.00, 136, otc]
[1789, 29.35, 26.75, 27.90, 28.60, 14523, tse]
[1795, 334.5, 311.0, 322.00, 323.00, 38015, tse]
[1796, 115.0, 107.5, 115.00, 110.50, 1550, otc]
[1799, 23.5, 21.45, 23.00, 22.10, 481, otc]
[1802, 20.2, 17.65, 18.10, 20.10, 122389, tse]
[1805, 10.35, 9.9, 10.10, 10.05, 263, tse]
[1806, 11.95, 9.99, 10.35, 11.15, 61911, tse]
[1808, 77.3, 75.0, 77.00, 75.90, 1239, tse]
[1809, 15.45, 14.7, 15.20, 15.15, 6388, tse]
[1810, 26.5, 23.2, 23.70, 24.50, 28456, tse]
[1813, 21.1, 20.65, 21.00, 21.00, 96, otc]
[1815, 15.2, 13.25, 14.10, 14.30, 66357, otc]
[1817, 39.5, 38.95, 39.00, 39.20, 341, tse]
[1903, 59.7, 53.7, 58.10, 54.80, 7554, tse]
[1904, 33.95, 32.05, 33.85, 32.35, 19406, tse]
[1905, 28.2, 26.4, 27.80, 27.80, 74450, tse]
[1906, 16.45, 16.2, 16.45, 16.25, 710, tse]
[1907, 37.75, 35.0, 37.75, 35.00, 60018, tse]
[1909, 17.0, 16.45, 17.00, 16.60, 8384, tse]
[2002, 29.9, 29.5, 29.75, 29.75, 71251, tse]
[2006, 58.5, 56.7, 58.00, 58.50, 7112, tse]
[2007, 10.7, 10.2, 10.70, 10.60, 3094, tse]
[2008, 19.85, 19.6, 19.75, 19.60, 145, tse]
[2009, 33.35, 32.2, 33.30, 32.70, 4579, tse]
[2010, 16.7, 16.35, 16.55, 16.65, 2743, tse]
[2012, 28.8, 27.9, 28.25, 28.00, 961, tse]
[2013, 58.7, 57.6, 58.70, 58.10, 464, tse]
[2014, 24.8, 23.15, 23.95, 24.55, 41565, tse]
[2015, 71.5, 68.6, 69.10, 69.90, 1435, tse]
[2017, 17.05, 16.1, 17.05, 16.60, 5335, tse]
[2020, 24.65, 23.45, 24.50, 23.55, 2020, tse]
[2022, 10.1, 9.5, 9.81, 9.83, 6747, tse]
[2023, 15.8, 15.2, 15.50, 15.45, 10871, tse]
[2024, 18.5, 17.95, 18.00, 18.10, 147, tse]
[2025, 5.8, 5.64, 5.70, 5.70, 2824, tse]
[2027, 48.8, 46.2, 47.40, 48.35, 51927, tse]
[2028, 26.65, 24.05, 26.65, 24.45, 3192, tse]
[2029, 25.8, 25.25, 25.30, 25.30, 2828, tse]
[2030, 23.5, 22.5, 23.00, 23.30, 6214, tse]
[2031, 48.25, 46.1, 48.20, 47.55, 14176, tse]
[2032, 18.5, 18.0, 18.35, 18.25, 658, tse]
[2033, 15.85, 14.9, 15.85, 15.10, 650, tse]
[2034, 29.35, 28.7, 28.85, 29.00, 3469, tse]
[2035, 31.3, 30.8, 31.25, 31.00, 102, otc]
[2038, 20.65, 19.85, 20.35, 20.40, 1987, tse]
[2049, 255.0, 230.5, 233.00, 250.00, 12626, tse]
[2059, 469.0, 441.0, 452.00, 459.50, 5584, tse]
[2061, 20.7, 19.6, 20.50, 19.85, 319, otc]
[2062, 23.15, 22.5, 22.70, 22.90, 893, tse]
[2063, 52.0, 47.2, 50.00, 48.95, 720, otc]
[2064, 17.95, 16.7, 16.95, 17.05, 164, otc]
[2065, 60.4, 58.3, 58.80, 59.90, 1014, otc]
[2066, 109.5, 90.6, 92.50, 102.00, 4402, otc]
[2067, 12.25, 11.7, 12.10, 12.05, 75, otc]
[2069, 19.75, 19.1, 19.60, 19.70, 842, tse]
[2070, 33.1, 32.0, 32.60, 32.40, 108, otc]
[2101, 42.8, 38.75, 38.95, 41.35, 15465, tse]
[2102, 20.15, 19.3, 20.10, 19.45, 3434, tse]
[2103, 26.9, 26.0, 26.10, 26.90, 7523, tse]
[2104, 22.4, 20.2, 20.50, 22.40, 26067, tse]
[2105, 42.05, 38.85, 38.90, 41.15, 52182, tse]
[2106, 32.15, 31.2, 31.20, 31.90, 3777, tse]
[2107, 22.35, 21.95, 22.15, 22.10, 2593, tse]
[2108, 38.3, 36.95, 38.25, 38.25, 6865, tse]
[2109, 14.85, 14.5, 14.65, 14.75, 1549, tse]
[2114, 118.5, 112.0, 112.50, 115.00, 274, tse]
[2115, 35.2, 33.9, 34.15, 34.35, 583, tse]
[2201, 89.0, 83.4, 88.40, 83.70, 45771, tse]
[2204, 101.0, 93.1, 97.60, 93.10, 30579, tse]
[2206, 99.3, 91.1, 99.00, 91.80, 111093, tse]
[2207, 839.0, 813.0, 839.00, 830.00, 1167, tse]
[2208, 24.85, 23.55, 24.85, 24.25, 19769, tse]
[2211, 69.3, 63.3, 64.10, 66.60, 12150, tse]
[2221, 42.15, 41.5, 42.00, 42.05, 271, otc]
[2227, 207.0, 202.0, 203.50, 206.00, 261, tse]
[2228, 104.0, 87.7, 88.00, 94.60, 13234, tse]
[2230, 88.5, 81.5, 83.60, 81.90, 2907, otc]
[2231, 175.0, 168.5, 172.50, 169.00, 2955, tse]
[2233, 112.5, 109.0, 109.50, 111.00, 757, tse]
[2235, 46.9, 44.85, 44.90, 46.55, 188, otc]
[2236, 55.5, 49.05, 50.60, 55.10, 5414, tse]
[2239, 84.2, 79.4, 84.20, 81.50, 1256, tse]
[2241, 36.55, 35.2, 35.95, 35.20, 331, tse]
[2243, 20.85, 19.1, 20.10, 19.15, 1235, tse]
[2247, 359.0, 303.5, 307.50, 308.00, 9231, tse]
[2250, 77.3, 71.1, 74.60, 71.80, 768, tse]
[2301, 112.0, 99.9, 101.00, 105.00, 181258, tse]
[2302, 21.75, 20.75, 21.75, 20.90, 6786, tse]
[2303, 54.6, 52.0, 52.40, 54.50, 319076, tse]
[2305, 25.95, 23.05, 23.25, 23.65, 9941, tse]
[2308, 385.0, 325.5, 327.00, 371.50, 106891, tse]
[2312, 15.5, 13.8, 14.60, 15.50, 159698, tse]
[2313, 44.4, 43.1, 44.35, 43.45, 33298, tse]
[2314, 47.5, 44.55, 46.10, 45.00, 9209, tse]
[2316, 29.2, 27.8, 29.20, 28.35, 615, tse]
[2317, 113.0, 107.5, 108.00, 111.00, 288574, tse]
[2321, 19.95, 18.6, 19.10, 18.60, 21, tse]
[2323, 13.95, 12.9, 13.30, 13.40, 213940, tse]
[2324, 30.55, 28.3, 29.00, 29.90, 199605, tse]
[2327, 514.0, 488.0, 499.00, 506.00, 13912, tse]
[2328, 42.3, 40.55, 40.95, 40.70, 29282, tse]
[2329, 24.6, 22.65, 23.30, 23.15, 45884, tse]
[2330, 594.0, 571.0, 574.00, 589.00, 188736, tse]
[2331, 31.2, 29.0, 30.50, 29.75, 55204, tse]
[2332, 22.0, 20.3, 20.60, 20.60, 55424, tse]
[2337, 34.85, 32.15, 32.25, 34.85, 108668, tse]
[2338, 83.4, 80.7, 83.40, 81.00, 11255, tse]
[2340, 38.65, 37.15, 38.10, 37.45, 12867, tse]
[2342, 41.65, 39.8, 40.65, 40.20, 5077, tse]
[2344, 29.7, 28.05, 28.30, 29.20, 178292, tse]
[2345, 385.0, 342.0, 347.50, 363.00, 22866, tse]
[2347, 60.6, 59.0, 59.40, 59.00, 21411, tse]
[2348, 73.5, 71.4, 71.90, 72.70, 498, tse]
[2349, 10.1, 9.34, 10.00, 9.44, 17228, tse]
[2351, 130.5, 122.5, 125.00, 124.00, 13047, tse]
[2352, 48.85, 45.05, 45.95, 47.95, 96569, tse]
[2353, 35.3, 33.15, 34.00, 33.35, 183160, tse]
[2354, 57.4, 54.5, 54.50, 56.00, 23881, tse]
[2355, 32.75, 31.8, 32.35, 32.05, 3662, tse]
[2356, 47.35, 36.85, 38.80, 45.50, 654944, tse]
[2357, 328.0, 313.5, 316.00, 316.50, 14484, tse]
[2358, 11.1, 10.3, 11.10, 10.70, 6145, tse]
[2359, 39.75, 32.2, 33.80, 35.05, 70350, tse]
[2360, 260.0, 226.5, 228.00, 258.00, 18415, tse]
[2362, 36.5, 33.35, 33.70, 35.10, 10161, tse]
[2363, 18.5, 17.7, 17.85, 18.35, 12431, tse]
[2364, 106.0, 102.0, 103.50, 102.00, 880, tse]
[2365, 12.05, 11.3, 11.60, 11.95, 3223, tse]
[2367, 18.25, 17.8, 18.20, 17.90, 9431, tse]
[2368, 144.0, 133.0, 139.50, 139.50, 74784, tse]
[2369, 15.6, 14.75, 15.00, 15.60, 7102, tse]
[2371, 47.85, 40.75, 41.50, 45.85, 313620, tse]
[2373, 81.4, 80.2, 80.50, 80.80, 331, tse]
[2374, 21.0, 20.1, 20.35, 20.80, 4698, tse]
[2375, 70.4, 68.7, 69.70, 69.00, 2271, tse]
[2376, 261.5, 237.5, 242.00, 254.50, 161001, tse]
[2377, 186.5, 174.0, 186.00, 178.00, 32205, tse]
[2379, 417.0, 399.0, 410.00, 401.00, 11516, tse]
[2380, 10.2, 10.0, 10.20, 10.10, 2129, tse]
[2382, 149.0, 128.0, 132.00, 149.00, 314894, tse]
[2383, 250.0, 228.5, 235.00, 244.00, 25776, tse]
[2385, 106.5, 94.5, 105.00, 95.20, 32514, tse]
[2387, 43.65, 42.05, 42.95, 43.00, 3790, tse]
[2388, 86.0, 80.3, 85.20, 84.60, 65776, tse]
[2390, 13.15, 12.4, 12.65, 12.90, 4385, tse]
[2392, 42.65, 40.7, 41.05, 41.90, 14325, tse]
[2393, 50.5, 48.3, 49.30, 48.95, 10845, tse]
[2395, 420.0, 398.0, 401.50, 416.50, 4957, tse]
[2397, 83.0, 78.2, 79.00, 81.70, 992, tse]
[2399, 24.2, 22.15, 22.95, 22.60, 59438, tse]
[2401, 32.3, 26.0, 26.50, 29.95, 98767, tse]
[2402, 32.0, 30.7, 32.00, 31.05, 34905, tse]
[2404, 239.0, 216.5, 228.00, 220.00, 13962, tse]
[2405, 14.65, 12.75, 12.90, 14.25, 47393, tse]
[2406, 18.5, 17.95, 18.20, 18.20, 6802, tse]
[2408, 78.8, 71.5, 71.70, 78.50, 76717, tse]
[2409, 18.9, 18.2, 18.35, 18.65, 190738, tse]
[2412, 126.0, 125.0, 126.00, 125.50, 32353, tse]
[2413, 31.9, 30.65, 31.90, 31.10, 5130, tse]
[2414, 36.3, 35.5, 35.85, 36.15, 714, tse]
[2415, 24.4, 23.4, 23.50, 24.25, 555, tse]
[2417, 22.7, 21.55, 21.85, 22.20, 2005, tse]
[2419, 28.25, 26.85, 27.40, 27.75, 7797, tse]
[2420, 46.6, 45.45, 46.20, 46.20, 1383, tse]
[2421, 95.2, 83.5, 91.50, 92.00, 91853, tse]
[2423, 39.15, 37.5, 38.45, 38.70, 3383, tse]
[2424, 41.25, 33.35, 33.50, 41.25, 740, tse]
[2425, 41.9, 38.8, 39.65, 40.40, 38579, tse]
[2426, 18.7, 18.35, 18.70, 18.45, 2358, tse]
[2427, 26.1, 23.1, 25.80, 24.10, 39875, tse]
[2428, 163.0, 153.0, 155.00, 159.00, 6071, tse]
[2429, 20.4, 18.5, 19.10, 20.40, 431, tse]
[2430, 44.3, 43.0, 44.30, 43.15, 803, tse]
[2431, 12.45, 11.7, 12.25, 12.30, 2725, tse]
[2432, 67.1, 48.0, 61.00, 49.00, 616, tse]
[2433, 53.8, 53.0, 53.60, 53.70, 324, tse]
[2434, 31.1, 29.3, 30.30, 30.90, 283, tse]
[2436, 60.8, 55.1, 58.90, 55.20, 31564, tse]
[2438, 25.0, 23.35, 24.40, 24.40, 934, tse]
[2439, 99.5, 92.0, 94.00, 94.20, 15689, tse]
[2440, 12.35, 11.3, 11.45, 12.00, 2156, tse]
[2441, 57.7, 56.5, 56.80, 57.20, 4167, tse]
[2442, 19.2, 18.05, 19.20, 18.15, 14601, tse]
[2443, 3.85, 3.32, 3.53, 3.60, 2573, tse]
[2444, 12.05, 11.4, 12.05, 11.70, 3282, tse]
[2449, 58.8, 53.8, 55.00, 56.50, 112555, tse]
[2450, 36.9, 36.2, 36.50, 36.60, 2797, tse]
[2451, 79.5, 76.1, 76.10, 78.80, 7092, tse]
[2453, 79.0, 66.1, 66.80, 69.00, 84440, tse]
[2454, 782.0, 751.0, 769.00, 751.00, 36062, tse]
[2455, 130.5, 117.5, 120.00, 123.00, 28381, tse]
[2457, 82.9, 78.3, 79.80, 79.10, 117072, tse]
[2458, 109.0, 102.5, 105.00, 106.00, 10908, tse]
[2459, 59.6, 58.3, 58.50, 59.40, 446, tse]
[2460, 23.7, 21.7, 22.60, 22.95, 4757, tse]
[2461, 24.6, 23.7, 24.60, 23.95, 7895, tse]
[2462, 33.5, 32.05, 32.05, 33.45, 6172, tse]
[2464, 38.2, 36.9, 37.80, 38.00, 1847, tse]
[2465, 38.95, 36.8, 38.00, 37.00, 1835, tse]
[2466, 37.0, 36.05, 36.35, 36.70, 86, tse]
[2467, 53.0, 49.0, 53.00, 49.15, 2757, tse]
[2468, 39.05, 25.55, 26.00, 39.05, 60303, tse]
[2471, 66.0, 58.1, 60.00, 61.70, 27010, tse]
[2472, 63.5, 61.8, 62.50, 63.10, 1443, tse]
[2474, 195.0, 186.5, 192.00, 186.50, 12139, tse]
[2476, 52.6, 49.9, 51.00, 50.50, 5488, tse]
[2477, 21.2, 20.8, 21.20, 20.95, 258, tse]
[2478, 48.95, 47.5, 48.30, 48.40, 1104, tse]
[2480, 126.5, 118.0, 123.50, 119.00, 9712, tse]
[2481, 71.8, 68.8, 71.60, 68.90, 12110, tse]
[2482, 78.0, 67.1, 69.80, 74.50, 91583, tse]
[2483, 28.85, 27.15, 27.45, 27.90, 2528, tse]
[2484, 36.55, 35.7, 36.15, 36.10, 4029, tse]
[2485, 20.45, 19.6, 20.00, 20.00, 7452, tse]
[2486, 46.1, 42.55, 43.95, 44.65, 44220, tse]
[2488, 32.7, 32.0, 32.00, 32.50, 1021, tse]
[2489, 14.95, 13.75, 14.30, 14.45, 40526, tse]
[2491, 16.5, 15.35, 16.30, 15.95, 1120, tse]
[2492, 97.4, 94.0, 95.70, 95.80, 12745, tse]
[2493, 69.0, 65.4, 68.80, 65.50, 2328, tse]
[2495, 24.95, 22.15, 24.85, 23.90, 28318, tse]
[2496, 53.3, 52.2, 53.00, 52.90, 76, tse]
[2497, 74.5, 72.4, 73.90, 72.40, 6506, tse]
[2498, 61.5, 59.4, 61.50, 60.50, 29444, tse]
[2501, 16.35, 16.15, 16.35, 16.20, 6244, tse]
[2504, 29.3, 28.9, 29.25, 28.90, 21773, tse]
[2505, 18.9, 18.55, 18.85, 18.65, 1236, tse]
[2506, 9.58, 9.45, 9.49, 9.49, 3073, tse]
[2509, 16.65, 15.65, 15.75, 16.30, 811, tse]
[2511, 12.05, 11.9, 12.00, 12.05, 2240, tse]
[2514, 17.15, 16.9, 17.05, 17.00, 801, tse]
[2515, 11.75, 11.1, 11.70, 11.25, 115322, tse]
[2516, 5.6, 5.25, 5.60, 5.38, 2218, tse]
[2520, 30.65, 29.85, 30.30, 29.85, 4382, tse]
[2524, 32.15, 31.4, 31.95, 31.75, 125, tse]
[2527, 25.0, 24.15, 24.20, 24.75, 802, tse]
[2528, 28.65, 27.4, 28.25, 27.40, 2809, tse]
[2530, 25.65, 24.55, 25.00, 24.90, 5173, tse]
[2534, 23.0, 22.6, 22.65, 22.80, 4322, tse]
[2535, 33.25, 33.0, 33.25, 33.05, 2095, tse]
[2536, 26.95, 26.05, 26.05, 26.20, 3070, tse]
[2537, 7.3, 7.08, 7.18, 7.25, 4228, tse]
[2538, 13.1, 12.85, 13.10, 13.00, 2532, tse]
[2539, 42.85, 39.7, 39.75, 41.40, 3829, tse]
[2540, 82.8, 78.2, 81.50, 78.40, 1772, tse]
[2542, 43.3, 42.2, 42.70, 42.25, 15702, tse]
[2543, 10.7, 9.98, 9.98, 10.15, 2585, tse]
[2545, 47.65, 46.8, 47.65, 46.90, 2173, tse]
[2546, 73.6, 70.1, 71.00, 70.80, 1475, tse]
[2547, 9.25, 9.11, 9.25, 9.12, 4968, tse]
[2548, 92.0, 91.0, 91.30, 91.00, 2879, tse]
[2596, 22.9, 22.25, 22.60, 22.55, 325, otc]
[2597, 118.5, 114.5, 117.50, 117.00, 800, tse]
[2601, 9.22, 9.02, 9.18, 9.11, 12623, tse]
[2603, 166.5, 153.0, 154.00, 166.00, 174893, tse]
[2605, 21.95, 21.1, 21.70, 21.60, 12554, tse]
[2606, 50.2, 48.6, 49.70, 49.45, 18853, tse]
[2607, 28.75, 27.8, 28.25, 28.40, 12306, tse]
[2608, 39.8, 39.1, 39.80, 39.35, 1033, tse]
[2609, 64.9, 62.1, 62.80, 64.80, 128163, tse]
[2610, 28.75, 22.0, 22.65, 27.60, 1743393, tse]
[2611, 14.5, 13.75, 14.20, 14.05, 6569, tse]
[2612, 42.15, 40.5, 41.45, 41.75, 1677, tse]
[2613, 22.05, 21.6, 21.75, 21.95, 654, tse]
[2614, 19.05, 18.35, 18.50, 18.50, 8146, tse]
[2615, 63.3, 60.8, 61.90, 62.60, 40247, tse]
[2616, 32.8, 32.45, 32.75, 32.70, 1554, tse]
[2617, 31.45, 30.1, 30.45, 31.05, 5773, tse]
[2618, 42.15, 33.8, 35.50, 40.20, 1517985, tse]
[2630, 67.4, 59.1, 62.60, 60.40, 69665, tse]
[2633, 32.9, 32.25, 32.90, 32.45, 20760, tse]
[2634, 58.3, 54.7, 57.90, 58.10, 98592, tse]
[2636, 73.9, 72.0, 73.50, 72.60, 2756, tse]
[2637, 51.4, 50.1, 51.10, 50.70, 15146, tse]
[2640, 145.0, 128.0, 145.00, 128.50, 1579, otc]
[2641, 18.2, 17.7, 18.15, 18.00, 5141, otc]
[2642, 45.4, 44.35, 45.40, 44.80, 593, tse]
[2643, 79.2, 76.0, 76.30, 79.20, 1278, otc]
[2645, 114.0, 103.0, 109.00, 111.50, 17481, tse]
[2701, 15.0, 13.95, 15.00, 14.15, 7785, tse]
[2702, 26.6, 25.1, 26.60, 25.60, 3379, tse]
[2704, 53.6, 50.0, 52.10, 53.20, 3817, tse]
[2705, 24.85, 21.4, 24.85, 23.05, 93970, tse]
[2706, 18.6, 17.55, 18.50, 18.00, 18625, tse]
[2707, 310.5, 292.0, 308.00, 303.50, 10057, tse]
[2712, 41.6, 39.5, 41.50, 40.00, 2873, tse]
[2718, 53.9, 47.85, 51.90, 48.30, 904, otc]
[2719, 108.0, 86.0, 89.90, 100.50, 3011, otc]
[2722, 89.9, 73.9, 76.50, 89.90, 14030, tse]
[2723, 162.5, 150.0, 162.50, 150.00, 4574, tse]
[2724, 13.3, 12.65, 13.20, 13.05, 21, otc]
[2726, 27.9, 26.05, 26.25, 26.40, 395, otc]
[2727, 362.5, 336.0, 362.50, 338.00, 12352, tse]
[2729, 316.5, 292.0, 316.50, 300.50, 1254, otc]
[2731, 182.0, 173.5, 182.00, 174.00, 32166, tse]
[2732, 186.0, 176.0, 181.00, 180.00, 2903, otc]
[2734, 69.0, 57.4, 61.20, 63.00, 7252, otc]
[2736, 44.95, 40.35, 43.00, 42.20, 20334, otc]
[2739, 73.8, 68.3, 72.00, 72.20, 3738, tse]
[2740, 42.0, 42.0, 42.00, 42.00, 1, otc]
[2743, 183.0, 150.0, 162.50, 159.50, 38266, otc]
[2745, 108.0, 95.0, 99.90, 101.00, 3296, otc]
[2748, 103.5, 92.1, 97.10, 99.80, 27501, tse]
[2752, 290.0, 269.0, 269.00, 281.00, 102, otc]
[2753, 199.5, 188.0, 196.50, 192.00, 5296, tse]
[2754, 213.0, 180.0, 195.00, 206.50, 5757, otc]
[2755, 167.0, 150.0, 159.50, 167.00, 735, otc]
[2756, 138.5, 134.5, 137.50, 135.50, 97, otc]
[2801, 18.8, 18.35, 18.45, 18.50, 120451, tse]
[2809, 36.2, 35.25, 35.65, 35.30, 12689, tse]
[2812, 14.95, 14.75, 14.80, 14.80, 22820, tse]
[2816, 19.2, 18.0, 18.10, 18.90, 1534, tse]
[2820, 15.55, 15.4, 15.55, 15.40, 2886, tse]
[2832, 23.3, 22.55, 22.60, 23.25, 2402, tse]
[2834, 14.4, 14.1, 14.25, 14.10, 99135, tse]
[2836, 12.45, 12.3, 12.45, 12.35, 1579, tse]
[2838, 16.95, 16.65, 16.85, 16.80, 4184, tse]
[2845, 11.7, 11.35, 11.40, 11.50, 42957, tse]
[2849, 15.55, 15.15, 15.45, 15.30, 515, tse]
[2850, 52.1, 51.1, 51.10, 51.70, 1377, tse]
[2851, 21.4, 20.75, 21.25, 20.90, 11398, tse]
[2852, 16.05, 15.9, 16.00, 16.00, 943, tse]
[2855, 18.1, 17.7, 17.90, 17.90, 6087, tse]
[2867, 5.32, 5.25, 5.29, 5.31, 33643, tse]
[2880, 22.45, 22.2, 22.25, 22.20, 40828, tse]
[2881, 62.1, 60.5, 61.30, 61.10, 79002, tse]
[2882, 44.85, 43.9, 44.70, 43.90, 100560, tse]
[2883, 13.05, 12.75, 13.00, 12.75, 161510, tse]
[2884, 26.5, 26.1, 26.50, 26.20, 77758, tse]
[2885, 24.6, 24.25, 24.55, 24.35, 117246, tse]
[2886, 38.0, 36.8, 37.65, 36.80, 114861, tse]
[2887, 19.3, 18.9, 19.15, 19.00, 100529, tse]
[2888, 9.5, 8.83, 9.22, 9.04, 654268, tse]
[2889, 12.25, 12.05, 12.20, 12.15, 17349, tse]
[2890, 17.55, 17.25, 17.40, 17.25, 94394, tse]
[2891, 25.3, 24.55, 25.20, 24.55, 166182, tse]
[2892, 28.1, 27.6, 27.95, 27.60, 67995, tse]
[2897, 10.25, 10.05, 10.25, 10.10, 21084, tse]
[2901, 30.3, 28.5, 30.30, 29.10, 319, tse]
[2903, 24.2, 23.55, 24.20, 23.60, 5440, tse]
[2904, 20.5, 20.2, 20.50, 20.35, 197, tse]
[2905, 15.6, 15.15, 15.30, 15.20, 1808, tse]
[2906, 17.9, 17.1, 17.90, 17.25, 2723, tse]
[2908, 21.3, 20.0, 21.25, 20.15, 3917, tse]
[2910, 30.7, 29.9, 30.00, 30.45, 66, tse]
[2911, 7.4, 7.2, 7.38, 7.28, 1158, tse]
[2912, 287.5, 282.5, 283.50, 284.50, 4721, tse]
[2913, 24.25, 22.95, 24.00, 23.75, 42227, tse]
[2915, 61.6, 59.4, 61.60, 59.60, 13080, tse]
[2916, 51.4, 45.9, 47.65, 49.70, 2546, otc]
[2923, 27.55, 25.55, 25.55, 26.35, 141, tse]
[2924, 25.0, 22.45, 23.00, 23.50, 70, otc]
[2926, 66.0, 62.4, 66.00, 62.80, 85, otc]
[2929, 12.8, 12.15, 12.80, 12.45, 2746, tse]
[2937, 35.4, 32.6, 33.40, 33.75, 262, otc]
[2939, 32.15, 31.2, 31.95, 31.65, 2239, tse]
[2945, 42.2, 41.6, 42.10, 42.20, 56, tse]
[2947, 92.4, 90.9, 90.90, 91.40, 21, otc]
[3002, 14.2, 13.4, 13.80, 14.20, 3004, tse]
[3003, 88.9, 83.7, 86.00, 84.30, 23949, tse]
[3004, 99.6, 93.0, 99.60, 94.90, 3733, tse]
[3005, 76.0, 69.3, 71.20, 71.50, 26216, tse]
[3006, 90.0, 85.5, 86.90, 89.50, 25048, tse]
[3008, 2315.0, 2190.0, 2,225.00, 2,195.00, 2317, tse]
[3010, 88.4, 86.9, 88.40, 87.60, 4042, tse]
[3011, 29.15, 27.2, 28.85, 27.95, 9019, tse]
[3013, 30.75, 27.45, 29.10, 27.90, 81255, tse]
[3014, 124.5, 112.5, 117.50, 122.00, 18269, tse]
[3015, 53.2, 50.5, 52.50, 52.20, 5527, tse]
[3016, 68.0, 64.1, 64.40, 65.50, 5673, tse]
[3017, 252.0, 203.5, 208.50, 247.00, 101496, tse]
[3019, 70.0, 65.0, 66.00, 68.10, 16605, tse]
[3021, 23.35, 22.55, 22.85, 23.05, 1586, tse]
[3022, 103.5, 90.2, 92.20, 91.90, 51142, tse]
[3023, 367.5, 350.5, 356.00, 366.50, 2043, tse]
[3024, 16.85, 15.2, 15.55, 16.15, 21302, tse]
[3025, 45.35, 41.15, 45.30, 43.60, 43784, tse]
[3026, 109.0, 104.5, 105.50, 107.00, 1523, tse]
[3027, 53.6, 48.8, 52.10, 50.30, 66779, tse]
[3028, 35.45, 34.75, 35.35, 35.00, 5138, tse]
[3029, 64.4, 61.1, 62.40, 62.50, 16967, tse]
[3030, 64.7, 59.5, 64.70, 60.20, 7738, tse]
[3031, 20.85, 20.05, 20.30, 20.30, 2252, tse]
[3032, 64.8, 57.8, 61.60, 59.30, 57520, tse]
[3033, 35.2, 33.05, 33.85, 33.45, 52732, tse]
[3034, 469.0, 448.0, 469.00, 458.00, 24484, tse]
[3035, 197.0, 173.5, 174.00, 193.00, 77808, tse]
[3036, 68.3, 66.8, 67.80, 67.00, 4686, tse]
[3037, 189.5, 168.0, 171.50, 189.50, 131976, tse]
[3038, 38.9, 34.65, 35.85, 36.20, 30562, tse]
[3040, 32.95, 32.0, 32.05, 32.90, 144, tse]
[3041, 20.15, 19.5, 19.95, 19.70, 3574, tse]
[3042, 94.4, 91.6, 92.80, 94.30, 6341, tse]
[3043, 44.95, 39.15, 43.00, 39.20, 5846, tse]
[3044, 126.5, 120.0, 124.00, 122.50, 19876, tse]
[3045, 103.5, 102.5, 103.00, 102.50, 22623, tse]
[3046, 105.0, 91.5, 97.60, 94.80, 64155, tse]
[3047, 16.2, 15.85, 16.20, 15.95, 9212, tse]
[3048, 28.5, 28.05, 28.15, 28.30, 1680, tse]
[3049, 10.2, 9.8, 10.00, 10.10, 9384, tse]
[3050, 16.5, 15.9, 16.10, 16.30, 2640, tse]
[3051, 20.0, 18.55, 19.10, 19.50, 5541, tse]
[3052, 12.6, 12.15, 12.25, 12.25, 3563, tse]
[3054, 23.1, 20.9, 23.10, 21.95, 1281, tse]
[3055, 44.2, 34.6, 36.15, 41.20, 45658, tse]
[3056, 49.9, 48.65, 49.05, 49.65, 12577, tse]
[3057, 12.2, 11.8, 12.20, 11.90, 632, tse]
[3058, 32.1, 28.4, 29.60, 30.65, 45551, tse]
[3059, 36.4, 34.3, 35.60, 35.95, 14529, tse]
[3060, 18.4, 17.25, 17.65, 17.90, 2142, tse]
[3062, 23.2, 21.95, 23.15, 22.35, 15918, tse]
[3064, 14.85, 13.5, 13.50, 14.10, 169, otc]
[3066, 22.5, 21.25, 21.70, 21.65, 224, otc]
[3067, NaN, NaN, NaN, NaN, 0, otc]
[3071, 35.0, 31.8, 33.70, 33.70, 14364, otc]
[3078, 86.4, 71.6, 74.60, 83.60, 200451, otc]
[3081, 104.0, 100.0, 102.50, 101.50, 4432, otc]
[3083, 48.4, 46.4, 47.80, 47.30, 1507, otc]
[3085, 21.3, 19.5, 21.20, 21.10, 39, otc]
[3086, 76.3, 73.0, 76.20, 73.00, 88, otc]
[3088, 89.9, 78.8, 81.00, 84.30, 11924, otc]
[3089, 68.5, 65.0, 68.10, 65.90, 310, otc]
[3090, 58.5, 57.8, 58.00, 58.20, 2160, tse]
[3092, 40.2, 36.4, 37.40, 37.50, 8631, tse]
[3093, 38.2, 36.95, 38.20, 37.25, 1553, otc]
[3094, 34.6, 33.35, 34.00, 34.10, 4446, tse]
[3095, 24.45, 22.0, 23.80, 23.60, 14, otc]
[3105, 184.5, 173.5, 174.50, 179.50, 29695, otc]
[3114, 27.7, 26.9, 27.10, 27.60, 403, otc]
[3115, 10.8, 10.3, 10.80, 10.40, 59, otc]
[3118, 32.15, 30.2, 31.95, 30.25, 621, otc]
[3122, 25.65, 24.75, 25.65, 25.10, 575, otc]
[3128, 45.7, 38.6, 39.20, 43.15, 19089, otc]
[3130, 214.0, 212.5, 214.00, 214.00, 81, tse]
[3131, 572.0, 509.0, 534.00, 543.00, 7815, otc]
[3138, 155.0, 149.5, 153.50, 150.50, 1037, tse]
[3141, 107.5, 97.6, 100.00, 103.50, 14221, otc]
[3147, 85.4, 66.2, 67.00, 77.60, 19157, otc]
[3149, 14.75, 14.1, 14.65, 14.40, 3476, tse]
[3152, 236.5, 223.0, 236.00, 225.00, 665, otc]
[3162, 57.5, 54.7, 56.40, 55.60, 19327, otc]
[3163, 65.5, 58.3, 62.60, 63.40, 31416, otc]
[3164, 26.1, 25.1, 26.10, 25.30, 427, tse]
[3167, 44.2, 42.05, 42.05, 43.05, 434, tse]
[3169, 131.5, 124.0, 126.00, 128.50, 3412, otc]
[3171, 18.8, 18.4, 18.60, 18.75, 166, otc]
[3176, 34.45, 33.35, 34.00, 33.70, 851, otc]
[3178, 110.0, 100.0, 100.50, 101.00, 20498, otc]
[3188, 15.15, 14.15, 14.85, 14.30, 1697, otc]
[3189, 119.0, 110.5, 112.00, 115.00, 17927, tse]
[3191, 9.0, 8.61, 8.61, 8.71, 296, otc]
[3202, 20.25, 18.9, 19.95, 19.15, 13143, otc]
[3205, 48.0, 45.6, 47.80, 46.20, 1408, otc]
[3206, 37.2, 35.5, 36.10, 37.00, 869, otc]
[3207, 79.2, 71.1, 75.30, 78.00, 18314, otc]
[3209, 42.05, 40.6, 41.80, 41.70, 6705, tse]
[3211, 81.2, 79.4, 81.20, 79.50, 1722, otc]
[3213, 60.0, 54.0, 55.70, 59.80, 2501, otc]
[3217, 139.0, 121.0, 127.50, 136.50, 30455, otc]
[3218, 424.0, 380.5, 414.50, 418.00, 4107, otc]
[3219, 50.8, 49.9, 50.10, 50.40, 53, otc]
[3221, 29.85, 29.15, 29.20, 29.55, 1507, otc]
[3224, 51.3, 48.55, 49.60, 49.50, 2161, otc]
[3226, 60.3, 58.5, 60.00, 60.30, 10, otc]
[3227, 115.5, 110.5, 111.50, 114.50, 2270, otc]
[3228, 167.5, 158.0, 158.00, 161.50, 3835, otc]
[3229, 19.5, 19.0, 19.50, 19.30, 164, tse]
[3230, 15.4, 14.85, 15.05, 14.95, 892, otc]
[3231, 83.1, 70.5, 73.70, 80.20, 764402, tse]
[3232, 28.6, 25.7, 25.85, 27.80, 12673, otc]
[3234, 22.85, 21.35, 22.05, 22.75, 1523, otc]
[3236, 28.65, 27.55, 28.25, 28.10, 2252, otc]
[3252, 25.8, 22.8, 24.45, 24.30, 13140, otc]
[3257, 68.7, 65.7, 67.20, 67.10, 2207, tse]
[3259, 23.8, 22.7, 23.45, 22.90, 568, otc]
[3260, 94.5, 84.5, 85.50, 92.10, 90818, otc]
[3264, 64.9, 58.6, 60.90, 64.00, 59012, otc]
[3265, 71.5, 67.3, 69.20, 69.80, 17460, otc]
[3266, 13.9, 13.6, 13.90, 13.75, 1156, tse]
[3268, 24.0, 22.6, 23.10, 22.75, 514, otc]
[3272, 44.2, 42.85, 44.20, 43.20, 1371, otc]
[3276, 14.7, 14.3, 14.60, 14.60, 479, otc]
[3284, 15.95, 15.65, 15.80, 15.70, 704, otc]
[3285, 21.2, 20.1, 20.40, 20.50, 168, otc]
[3287, 22.6, 17.7, 18.30, 21.85, 8706, otc]
[3288, 22.75, 21.35, 22.70, 22.40, 42, otc]
[3289, 94.8, 90.0, 93.90, 93.00, 17809, otc]
[3290, 27.65, 26.0, 26.65, 26.60, 10866, otc]
[3293, 630.0, 604.0, 617.00, 608.00, 3449, otc]
[3294, 19.7, 18.6, 18.75, 18.70, 2716, otc]
[3296, 16.75, 16.35, 16.60, 16.75, 2069, tse]
[3297, 18.3, 17.05, 17.10, 17.85, 1316, otc]
[3303, 28.05, 27.5, 27.80, 27.55, 634, otc]
[3305, 53.8, 51.1, 53.60, 53.40, 4267, tse]
[3306, 39.0, 35.15, 39.00, 35.70, 7570, otc]
[3308, 50.9, 40.15, 41.40, 44.70, 30390, tse]
[3310, 82.0, 78.8, 80.00, 80.10, 619, otc]
[3311, 35.2, 34.7, 34.75, 34.85, 161, tse]
[3312, 23.95, 22.95, 23.55, 23.50, 4435, tse]
[3313, 10.5, 10.25, 10.40, 10.30, 342, otc]
[3317, 54.7, 52.8, 53.30, 53.40, 1537, otc]
[3321, 7.1, 6.74, 7.10, 6.85, 550, tse]
[3322, 20.45, 19.55, 19.85, 20.05, 3214, otc]
[3323, 36.7, 35.35, 35.50, 35.90, 2258, otc]
[3324, 305.0, 288.0, 298.50, 291.50, 30535, otc]
[3325, 29.55, 25.6, 26.70, 29.10, 36614, otc]
[3332, 51.7, 49.65, 50.00, 50.30, 50, otc]
[3338, 51.6, 47.8, 51.40, 48.15, 4280, tse]
[3339, 14.8, 13.85, 14.40, 14.00, 764, otc]
[3346, 49.8, 46.0, 47.40, 47.20, 48198, tse]
[3349, 18.0, 17.0, 18.00, 17.00, 212, otc]
[3354, 14.7, 14.15, 14.30, 14.50, 258, otc]
[3356, 52.0, 42.5, 43.00, 46.45, 76249, tse]
[3357, 107.5, 104.0, 106.50, 104.00, 547, otc]
[3360, 15.0, 14.55, 15.00, 14.95, 2150, otc]
[3362, 109.5, 100.5, 107.00, 101.50, 21144, otc]
[3363, 48.1, 43.3, 45.00, 46.85, 41041, otc]
[3372, 13.1, 12.45, 12.70, 13.05, 1990, otc]
[3373, 22.55, 22.05, 22.05, 22.20, 224, otc]
[3374, 137.5, 126.0, 132.00, 127.00, 64570, otc]
[3376, 93.2, 91.0, 91.20, 91.00, 1634, tse]
[3379, 12.65, 12.45, 12.65, 12.55, 293, otc]
[3380, 41.6, 36.6, 38.70, 40.35, 34434, tse]
[3388, 74.3, 73.7, 73.90, 74.20, 323, otc]
[3390, 18.05, 17.7, 17.90, 17.90, 547, otc]
[3402, 52.4, 51.4, 52.00, 51.70, 808, otc]
[3406, 404.0, 394.0, 400.00, 397.50, 9237, tse]
[3413, 208.0, 197.0, 198.00, 202.50, 7132, tse]
[3416, 119.0, 110.5, 112.00, 119.00, 1287, tse]
[3419, 20.65, 19.5, 20.60, 19.50, 8689, tse]
[3426, 40.0, 39.6, 39.95, 39.90, 26, otc]
[3430, 49.7, 46.8, 46.80, 49.40, 697, otc]
[3432, 12.35, 12.0, 12.35, 12.00, 1035, tse]
[3434, 32.5, 27.75, 27.80, 30.85, 4611, otc]
[3437, 19.7, 19.1, 19.70, 19.20, 614, tse]
[3438, 73.8, 67.5, 69.40, 69.20, 3824, otc]
[3441, 44.55, 41.9, 42.80, 42.85, 4246, otc]
[3443, 1715.0, 1425.0, 1,430.00, 1,650.00, 23890, tse]
[3444, 73.0, 70.1, 72.50, 70.30, 4827, otc]
[3447, 47.15, 44.15, 45.60, 46.10, 1697, tse]
[3450, 38.8, 37.8, 38.30, 38.25, 1016, tse]
[3454, 209.0, 178.5, 182.00, 196.00, 27481, tse]
[3455, 85.2, 83.4, 85.00, 83.50, 1856, otc]
[3465, 87.5, 86.0, 86.90, 86.10, 81, otc]
[3466, 31.3, 29.65, 31.30, 29.65, 1591, otc]
[3479, 123.0, 116.0, 121.00, 116.50, 8721, otc]
[3481, 15.05, 14.3, 14.80, 14.70, 293352, tse]
[3483, 86.2, 78.3, 81.00, 80.30, 21885, otc]
[3484, 44.9, 43.9, 44.75, 44.15, 1566, otc]
[3489, 11.7, 11.5, 11.60, 11.60, 271, otc]
[3490, 26.2, 25.5, 26.15, 25.70, 546, otc]
[3491, 166.5, 157.0, 165.00, 163.50, 4919, otc]
[3492, 19.75, 19.25, 19.75, 19.60, 152, otc]
[3494, 7.98, 7.5, 7.98, 7.76, 712, tse]
[3498, 49.4, 41.0, 41.90, 48.00, 20716, otc]
[3499, 21.6, 20.35, 21.60, 20.35, 2041, otc]
[3501, 57.7, 54.8, 56.00, 57.10, 2114, tse]
[3504, 82.5, 77.7, 81.30, 77.80, 4302, tse]
[3508, 33.65, 31.8, 33.05, 32.95, 2115, otc]
[3511, 37.45, 35.55, 36.85, 36.60, 2786, otc]
[3512, 32.9, 32.4, 32.60, 32.50, 226, otc]
[3515, 231.5, 202.0, 202.50, 217.50, 40222, tse]
[3516, 18.45, 18.0, 18.10, 18.30, 301, otc]
[3518, 31.4, 29.3, 31.15, 29.55, 4675, tse]
[3520, 20.4, 18.9, 19.30, 19.65, 2812, otc]
[3521, 26.0, 22.75, 26.00, 23.00, 3174, otc]
[3522, 18.75, 17.5, 18.75, 17.55, 1521, otc]
[3523, 13.8, 13.3, 13.60, 13.30, 21, otc]
[3526, 160.0, 155.0, 157.00, 155.50, 952, otc]
[3527, 112.0, 107.0, 109.50, 110.50, 905, otc]
[3528, 63.3, 59.3, 62.00, 61.90, 2572, tse]
[3529, 2375.0, 2150.0, 2,180.00, 2,290.00, 3586, otc]
[3530, 84.8, 79.3, 79.60, 80.10, 502, tse]
[3531, 27.25, 26.65, 27.25, 27.05, 155, otc]
[3532, 170.5, 157.0, 159.00, 166.50, 11907, tse]
[3533, 900.0, 843.0, 843.00, 887.00, 8356, tse]
[3535, 20.3, 19.85, 20.20, 20.30, 1144, tse]
[3537, 40.3, 39.3, 39.60, 40.00, 1519, otc]
[3540, 53.7, 48.05, 53.70, 48.35, 8945, otc]
[3541, 56.0, 53.9, 55.90, 54.80, 927, otc]
[3543, 25.3, 21.1, 21.10, 23.95, 2750, tse]
[3545, 86.9, 81.3, 83.50, 82.30, 13850, tse]
[3546, 90.2, 87.5, 89.80, 88.70, 1902, otc]
[3548, 81.6, 73.6, 74.70, 79.60, 8363, otc]
[3550, 16.4, 16.0, 16.25, 16.10, 1136, tse]
[3551, 73.4, 67.6, 67.80, 69.50, 3376, otc]
[3552, 159.0, 150.0, 154.00, 151.50, 4642, otc]
[3555, 38.6, 32.0, 32.20, 36.90, 171, otc]
[3556, 68.2, 66.2, 66.80, 67.90, 646, otc]
[3557, 71.0, 66.0, 71.00, 70.10, 1101, tse]
[3558, 261.0, 248.0, 254.00, 252.50, 6286, otc]
[3563, 229.0, 198.5, 204.50, 221.00, 4534, tse]
[3564, 43.0, 39.5, 43.00, 41.50, 2942, otc]
[3567, 32.7, 31.3, 31.35, 31.65, 478, otc]
[3570, 144.0, 134.0, 144.00, 138.00, 618, otc]
[3576, 19.9, 18.75, 19.90, 19.55, 73444, tse]
[3577, 75.2, 71.1, 74.90, 73.50, 467, otc]
[3580, 57.4, 53.7, 54.70, 54.60, 1291, otc]
[3581, 23.2, 22.8, 23.20, 22.95, 130, otc]
[3583, 171.5, 142.0, 149.00, 161.50, 39390, tse]
[3587, 250.0, 228.5, 237.00, 232.50, 7156, otc]
[3588, 58.1, 54.1, 54.50, 55.60, 2054, tse]
[3591, 26.35, 25.25, 25.95, 25.35, 8215, tse]
[3592, 390.0, 374.5, 380.00, 378.50, 3821, tse]
[3593, 13.45, 12.5, 13.45, 12.75, 174, tse]
[3594, 61.1, 53.8, 61.10, 53.80, 9231, otc]
[3596, 119.5, 114.0, 117.50, 117.50, 11465, tse]
[3597, 26.35, 25.55, 26.30, 25.85, 125, otc]
[3605, 30.8, 29.7, 30.00, 30.00, 1051, tse]
[3607, 16.25, 15.05, 16.25, 15.05, 2830, tse]
[3609, 48.0, 44.85, 45.65, 45.25, 76, otc]
[3611, 249.5, 232.5, 234.00, 244.00, 816, otc]
[3615, 22.8, 21.6, 21.60, 22.30, 4263, otc]
[3617, 252.0, 211.0, 225.00, 216.50, 15959, tse]
[3622, 36.55, 34.4, 35.00, 35.35, 2207, tse]
[3623, 20.75, 16.9, 16.90, 18.45, 4993, otc]
[3624, 67.5, 62.8, 67.50, 63.30, 8901, otc]
[3625, 17.35, 16.7, 16.90, 17.00, 2448, otc]
[3628, 60.0, 54.5, 59.80, 55.60, 2049, otc]
[3629, 75.2, 61.5, 70.90, 62.60, 81, otc]
[3630, 39.0, 34.7, 39.00, 34.90, 10160, otc]
[3631, 34.45, 31.15, 31.65, 31.60, 102, otc]
[3632, 17.2, 16.3, 16.75, 16.45, 188, otc]
[3645, 40.1, 37.7, 38.30, 39.35, 3548, tse]
[3646, 31.4, 29.6, 30.65, 30.30, 1449, otc]
[3652, 44.55, 33.65, 33.65, 41.20, 39598, tse]
[3653, 646.0, 601.0, 618.00, 635.00, 7675, tse]
[3661, 1880.0, 1610.0, 1,610.00, 1,840.00, 20528, tse]
[3663, 33.5, 32.35, 33.50, 32.35, 1251, otc]
[3664, 33.2, 30.15, 33.00, 30.70, 1167, otc]
[3665, 293.5, 281.5, 284.00, 281.50, 9956, tse]
[3666, 23.15, 21.95, 23.10, 22.25, 576, otc]
[3669, 42.85, 41.9, 42.30, 42.20, 337, tse]
[3672, 27.6, 26.3, 27.60, 26.35, 218, otc]
[3673, 43.3, 41.4, 43.00, 41.85, 18194, tse]
[3675, 306.5, 277.5, 298.00, 295.00, 6368, otc]
[3679, 95.0, 84.8, 94.50, 85.70, 1293, tse]
[3680, 415.0, 377.5, 380.50, 400.50, 17796, otc]
[3682, 6.89, 6.67, 6.73, 6.84, 11375, tse]
[3684, 63.0, 57.6, 63.00, 60.40, 390, otc]
[3685, 26.2, 20.4, 20.80, 24.30, 8153, otc]
[3686, 15.35, 15.0, 15.30, 15.20, 1196, tse]
[3687, 90.4, 85.9, 88.60, 86.70, 931, otc]
[3689, 44.85, 42.35, 43.15, 43.45, 2870, otc]
[3691, 104.5, 99.0, 102.50, 103.50, 2076, otc]
[3693, 292.0, 241.5, 250.00, 292.00, 21773, otc]
[3694, 29.95, 27.8, 29.20, 28.00, 4008, tse]
[3701, 70.4, 66.9, 68.90, 67.40, 9888, tse]
[3702, 54.7, 53.2, 53.70, 54.70, 23614, tse]
[3703, 31.8, 31.25, 31.55, 31.45, 7787, tse]
[3704, 43.45, 41.35, 42.25, 43.00, 18029, tse]
[3705, 46.3, 45.5, 46.30, 45.80, 2709, tse]
[3706, 38.15, 31.7, 32.55, 36.45, 243525, tse]
[3707, 90.8, 82.5, 83.30, 86.10, 46148, otc]
[3708, 98.1, 94.7, 96.50, 97.00, 3064, tse]
[3709, 24.1, 22.7, 23.00, 23.60, 281, otc]
[3710, 11.7, 11.15, 11.70, 11.20, 6078, otc]
[3711, 128.0, 124.0, 127.00, 125.50, 87491, tse]
[3712, 37.35, 36.0, 36.85, 36.90, 4899, tse]
[3713, 25.2, 23.8, 24.80, 24.40, 327, otc]
[3714, 54.6, 51.5, 52.70, 52.20, 19029, tse]
[3715, 28.85, 27.35, 28.80, 28.75, 41632, tse]
[4102, 31.85, 30.7, 31.75, 31.40, 2267, otc]
[4104, 93.9, 91.2, 93.20, 92.50, 1997, tse]
[4105, 77.0, 75.2, 75.80, 76.40, 4408, otc]
[4106, 31.9, 30.65, 31.30, 31.50, 2459, tse]
[4107, 115.0, 113.0, 114.00, 114.50, 523, otc]
[4108, 22.3, 21.3, 22.25, 21.50, 2358, tse]
[4109, 15.5, 15.05, 15.45, 15.10, 626, otc]
[4111, 29.65, 28.7, 29.65, 28.95, 1706, otc]
[4113, 17.05, 16.05, 16.05, 16.65, 4386, otc]
[4114, 45.5, 44.25, 45.50, 44.40, 10112, otc]
[4116, 61.6, 59.8, 61.60, 60.30, 748, otc]
[4119, 120.5, 115.5, 117.00, 120.00, 1330, tse]
[4120, 38.85, 38.0, 38.70, 38.35, 389, otc]
[4121, 28.9, 27.65, 28.90, 28.65, 6238, otc]
[4123, 56.0, 52.2, 55.70, 53.00, 16777, otc]
[4126, 90.8, 87.9, 90.70, 88.40, 1430, otc]
[4127, 15.2, 14.8, 15.10, 14.95, 515, otc]
[4128, 62.2, 56.9, 61.10, 57.50, 12625, otc]
[4129, 81.8, 73.5, 76.60, 79.80, 15719, otc]
[4130, 30.9, 29.05, 30.90, 29.35, 4204, otc]
[4131, 28.05, 26.3, 28.05, 26.70, 94, otc]
[4133, 36.0, 34.85, 36.00, 35.20, 911, tse]
[4137, 213.5, 205.0, 212.50, 207.50, 3505, tse]
[4138, 119.5, 102.0, 108.00, 118.50, 4493, otc]
[4139, 37.1, 36.4, 36.80, 36.85, 67, otc]
[4142, 38.55, 37.1, 38.55, 37.85, 5978, tse]
[4147, 107.0, 96.4, 107.00, 96.60, 12883, otc]
[4148, 61.2, 58.7, 60.30, 58.70, 368, tse]
[4153, 41.9, 39.9, 41.15, 40.15, 1442, otc]
[4154, 29.9, 26.65, 28.70, 26.65, 136, otc]
[4155, 35.7, 34.45, 35.15, 34.95, 4490, tse]
[4157, 16.75, 15.45, 16.00, 15.85, 20812, otc]
[4160, 40.2, 37.3, 39.40, 37.95, 437, otc]
[4161, 40.8, 36.55, 40.80, 37.35, 3195, otc]
[4162, 96.6, 92.4, 96.60, 94.10, 3468, otc]
[4163, 140.5, 133.0, 135.50, 140.00, 2228, otc]
[4164, 62.5, 60.1, 62.10, 61.30, 4445, tse]
[4167, 17.5, 17.1, 17.50, 17.30, 3594, otc]
[4168, 31.65, 30.3, 30.60, 30.75, 2812, otc]
[4171, 53.0, 50.2, 53.00, 51.50, 1054, otc]
[4173, 24.85, 22.45, 24.15, 22.90, 7510, otc]
[4174, 91.5, 87.0, 91.20, 88.40, 2070, otc]
[4175, 109.0, 101.0, 108.50, 102.50, 1828, otc]
[4183, 20.95, 20.25, 20.50, 20.70, 173, otc]
[4188, 17.35, 16.5, 17.35, 16.55, 597, otc]
[4190, 91.0, 78.1, 80.30, 88.70, 5004, tse]
[4192, 18.0, 17.15, 18.00, 17.30, 413, otc]
[4198, 24.55, 23.8, 24.50, 23.95, 47, otc]
[4205, 106.0, 105.0, 106.00, 105.00, 78, otc]
[4207, 17.4, 15.95, 16.40, 16.95, 10130, otc]
[4303, 18.7, 17.85, 18.70, 17.95, 926, otc]
[4304, 10.35, 9.66, 9.66, 10.10, 271, otc]
[4305, 32.75, 32.4, 32.50, 32.70, 29, otc]
[4306, 16.2, 15.9, 16.00, 16.05, 6517, tse]
[4401, 25.8, 25.05, 25.70, 25.40, 493, otc]
[4402, 7.99, 7.5, 7.84, 7.99, 441, otc]
[4406, 10.55, 10.1, 10.20, 10.40, 147, otc]
[4413, 16.15, 15.8, 15.85, 15.90, 65, otc]
[4416, 87.0, 85.5, 87.00, 85.50, 5, otc]
[4417, 43.2, 42.1, 43.20, 42.85, 1304, otc]
[4419, 28.5, 27.7, 28.50, 28.20, 62, otc]
[4420, 29.5, 29.3, 29.45, 29.40, 44, otc]
[4426, 23.3, 22.5, 23.05, 22.90, 1040, tse]
[4430, 23.35, 23.1, 23.25, 23.15, 128, otc]
[4432, 27.15, 22.5, 24.15, 25.65, 2566, otc]
[4433, 34.15, 33.3, 33.80, 33.45, 403, otc]
[4438, 123.5, 119.5, 121.50, 123.00, 734, tse]
[4439, 133.0, 123.5, 125.00, 126.50, 316, tse]
[4440, 31.35, 30.1, 31.35, 30.45, 1113, tse]
[4502, 37.1, 36.8, 37.00, 37.00, 89, otc]
[4503, 65.6, 59.0, 65.60, 60.70, 5563, otc]
[4506, 80.7, 77.6, 79.80, 79.30, 403, otc]
[4510, 19.7, 14.75, 15.90, 17.95, 50406, otc]
[4513, 21.75, 20.2, 20.50, 20.60, 1948, otc]
[4523, 48.2, 43.0, 46.75, 46.35, 1762, otc]
[4526, 19.95, 16.15, 16.55, 19.20, 20556, tse]
[4527, 35.5, 32.9, 34.60, 33.65, 1160, otc]
[4528, 35.0, 34.5, 34.80, 34.50, 126, otc]
[4529, 10.35, 9.95, 10.35, 10.05, 475, otc]
[4530, 7.1, 6.86, 6.94, 7.00, 95, otc]
[4532, 18.25, 17.75, 18.25, 18.15, 3424, tse]
[4533, 26.45, 19.8, 19.80, 25.15, 175246, otc]
[4534, 11.9, 10.1, 10.20, 11.20, 3476, otc]
[4535, 40.1, 39.6, 40.00, 39.75, 81, otc]
[4536, 197.5, 192.0, 195.00, 192.50, 2922, tse]
[4538, 29.4, 21.5, 22.20, 29.40, 2015, otc]
[4540, 40.65, 39.95, 40.10, 40.55, 428, tse]
[4541, 43.25, 40.25, 43.15, 41.85, 8222, otc]
[4542, 27.75, 26.35, 27.20, 27.00, 183, otc]
[4543, 63.9, 56.1, 59.20, 62.90, 19060, otc]
[4545, 29.95, 29.3, 29.50, 29.80, 289, tse]
[4549, 102.5, 99.2, 99.60, 101.50, 727, otc]
[4550, 29.65, 28.9, 29.50, 29.50, 506, otc]
[4551, 147.0, 141.5, 146.50, 146.50, 3269, tse]
[4552, 34.8, 33.15, 34.80, 33.85, 3072, tse]
[4554, 30.6, 28.85, 30.10, 29.45, 307, otc]
[4555, 52.4, 50.9, 51.50, 52.30, 128, tse]
[4556, 30.35, 29.75, 30.05, 30.30, 14, otc]
[4557, 117.5, 113.0, 116.00, 114.50, 384, tse]
[4558, 31.0, 28.0, 28.20, 28.90, 742, otc]
[4560, 39.4, 38.8, 39.40, 39.25, 407, tse]
[4561, 25.1, 23.8, 25.10, 24.30, 606, otc]
[4562, 16.95, 16.15, 16.95, 16.45, 730, tse]
[4563, 43.85, 40.6, 42.65, 41.25, 1353, otc]
[4564, 31.8, 28.15, 29.60, 30.05, 26489, tse]
[4566, 63.0, 54.3, 55.30, 58.80, 13779, tse]
[4568, 58.8, 56.8, 58.80, 56.80, 35, otc]
[4571, 79.2, 76.1, 79.20, 77.30, 78, tse]
[4572, 200.0, 163.0, 171.00, 189.00, 20120, tse]
[4576, 77.8, 74.0, 74.30, 76.30, 461, tse]
[4577, 31.3, 30.8, 31.00, 31.00, 589, otc]
[4580, 97.9, 95.5, 97.80, 96.50, 500, otc]
[4581, 69.5, 61.6, 63.30, 66.40, 3242, tse]
[4583, 202.0, 194.0, 197.50, 200.00, 161, tse]
[4584, 49.15, 47.8, 48.10, 47.95, 95, otc]
[4609, 7.8, 7.4, 7.50, 7.80, 25, otc]
[4702, 14.55, 13.8, 14.20, 14.35, 1180, otc]
[4706, 21.0, 18.5, 19.00, 20.00, 1029, otc]
[4707, 13.3, 12.95, 13.25, 13.05, 2297, otc]
[4711, 17.15, 16.7, 17.15, 16.90, 362, otc]
[4712, 4.05, 3.86, 4.05, 3.99, 142, otc]
[4714, 12.75, 12.3, 12.70, 12.35, 2021, otc]
[4716, 13.0, 12.75, 12.90, 12.95, 488, otc]
[4720, 15.4, 15.0, 15.15, 15.20, 1300, tse]
[4721, 103.0, 99.0, 101.00, 99.40, 2648, otc]
[4722, 35.4, 35.0, 35.30, 35.25, 793, tse]
[4726, 43.3, 40.65, 43.00, 43.00, 6776, otc]
[4728, 220.5, 200.0, 217.00, 206.00, 1096, otc]
[4729, 18.4, 17.7, 18.00, 17.70, 507, otc]
[4735, 38.5, 37.65, 37.95, 38.00, 151, otc]
[4736, 188.5, 183.0, 183.00, 188.00, 2112, otc]
[4737, 81.0, 77.9, 79.20, 79.50, 542, tse]
[4739, 97.2, 92.6, 95.00, 92.80, 4232, tse]
[4741, 37.8, 35.2, 36.40, 35.80, 1686, otc]
[4743, 245.5, 207.5, 240.50, 216.00, 13851, otc]
[4744, 40.9, 37.2, 38.30, 40.05, 7272, otc]
[4745, 29.6, 29.0, 29.50, 29.30, 369, otc]
[4746, 90.8, 85.9, 90.80, 86.50, 10237, tse]
[4747, 92.8, 74.7, 77.10, 88.70, 5943, otc]
[4754, 52.9, 44.1, 45.40, 46.55, 1607, otc]
[4755, 151.5, 136.0, 141.00, 151.00, 8142, tse]
[4760, 80.2, 76.0, 80.20, 78.40, 363, otc]
[4763, 573.0, 506.0, 515.00, 562.00, 23251, tse]
[4764, 50.2, 49.0, 50.10, 49.00, 39, tse]
[4766, 183.0, 176.0, 179.50, 180.00, 937, tse]
[4767, 27.6, 27.05, 27.40, 27.35, 81, otc]
[4768, 204.5, 184.0, 186.00, 188.00, 4543, otc]
[4770, 328.5, 305.0, 319.50, 322.50, 6482, tse]
[4804, 5.49, 5.06, 5.30, 5.19, 293, otc]
[4807, 20.15, 19.6, 19.60, 19.75, 165, tse]
[4903, 21.7, 20.8, 21.70, 21.20, 917, otc]
[4904, 81.2, 78.1, 78.60, 79.20, 31360, tse]
[4905, 54.0, 52.8, 53.00, 53.60, 20, otc]
[4906, 32.0, 30.05, 32.00, 30.50, 44858, tse]
[4907, 35.4, 32.75, 34.75, 32.95, 675, otc]
[4908, 40.7, 38.85, 40.70, 39.40, 2218, otc]
[4909, 20.05, 19.15, 19.80, 19.55, 1221, otc]
[4911, 77.5, 74.6, 76.50, 74.60, 579, otc]
[4912, 69.5, 67.3, 69.50, 68.00, 226, tse]
[4915, 66.5, 64.8, 65.80, 65.70, 13317, tse]
[4916, 38.15, 35.35, 37.20, 37.10, 28122, tse]
[4919, 136.0, 128.0, 129.00, 131.50, 35592, tse]
[4923, 44.6, 42.35, 42.35, 43.90, 364, otc]
[4924, 13.4, 12.95, 13.40, 13.10, 298, otc]
[4927, 64.6, 61.8, 64.40, 62.30, 5458, tse]
[4930, 29.0, 26.75, 29.00, 26.85, 2726, tse]
[4931, 46.0, 44.6, 46.00, 45.60, 6065, otc]
[4933, 36.55, 35.55, 36.30, 35.95, 355, otc]
[4934, 31.5, 30.0, 31.30, 30.15, 4709, tse]
[4935, 60.0, 57.6, 58.00, 58.10, 714, tse]
[4938, 81.0, 77.4, 78.10, 79.30, 81807, tse]
[4939, 17.0, 16.75, 17.00, 16.80, 675, otc]
[4942, 41.15, 40.4, 40.40, 40.85, 857, tse]
[4943, 16.3, 14.85, 15.20, 15.35, 2558, tse]
[4944, 9.87, 9.28, 9.50, 9.42, 154, otc]
[4945, 65.6, 59.3, 60.80, 64.20, 651, otc]
[4946, 31.3, 28.6, 31.05, 29.15, 217, otc]
[4950, 19.6, 15.95, 19.05, 15.95, 24534, otc]
[4951, 87.0, 70.5, 71.90, 86.40, 7727, otc]
[4952, 59.3, 56.1, 56.40, 57.60, 2616, tse]
[4953, 118.5, 113.5, 117.00, 114.00, 4415, otc]
[4956, 16.4, 15.9, 16.40, 16.10, 792, tse]
[4958, 110.0, 106.0, 108.50, 107.00, 17065, tse]
[4960, 11.85, 11.4, 11.45, 11.75, 17326, tse]
[4961, 172.0, 159.5, 164.00, 160.00, 25370, tse]
[4966, 1235.0, 1070.0, 1,080.00, 1,205.00, 5775, otc]
[4967, 71.6, 61.7, 64.00, 71.60, 53295, tse]
[4968, 198.5, 179.5, 186.00, 184.00, 52353, tse]
[4971, 60.5, 58.1, 60.10, 59.20, 588, otc]
[4972, 29.1, 28.9, 29.05, 29.00, 222, otc]
[4973, 31.1, 28.6, 30.00, 30.30, 13653, otc]
[4974, 71.4, 65.0, 70.70, 65.20, 4700, otc]
[4976, 44.8, 42.7, 43.70, 42.95, 2988, tse]
[4977, 97.5, 88.3, 97.10, 89.60, 26695, tse]
[4979, 93.0, 75.4, 78.60, 92.10, 141507, otc]
[4987, 63.0, 62.0, 62.40, 62.80, 148, otc]
[4989, 27.8, 27.1, 27.60, 27.20, 628, tse]
[4991, 30.7, 29.5, 30.00, 30.30, 140, otc]
[4994, 48.65, 45.25, 48.65, 45.25, 1299, tse]
[4995, 48.45, 47.0, 47.50, 47.25, 643, otc]
[4999, 37.95, 37.4, 37.60, 37.55, 257, tse]
[5007, 56.1, 53.1, 53.20, 54.90, 460, tse]
[5009, 59.6, 56.2, 59.10, 58.00, 61445, otc]
[5011, 28.0, 26.7, 27.05, 26.90, 3329, otc]
[5013, 35.8, 34.05, 34.50, 35.20, 525, otc]
[5014, 15.9, 15.25, 15.90, 15.45, 3571, otc]
[5015, 53.9, 51.5, 52.90, 53.70, 733, otc]
[5016, 30.3, 30.0, 30.10, 30.00, 67, otc]
[5201, 39.45, 30.9, 30.90, 36.05, 5779, otc]
[5202, 16.4, 15.85, 16.00, 15.95, 514, otc]
[5203, 96.6, 92.8, 94.70, 95.10, 1275, tse]
[5205, 36.7, 35.05, 36.05, 35.05, 18, otc]
[5206, 20.65, 20.2, 20.65, 20.20, 583, otc]
[5209, 205.0, 175.5, 188.50, 203.00, 2370, otc]
[5210, 17.55, 16.5, 17.10, 17.05, 872, otc]
[5211, 27.55, 25.8, 27.25, 26.55, 1646, otc]
[5212, 48.45, 46.9, 47.80, 47.40, 82, otc]
[5213, 28.0, 27.15, 27.35, 27.15, 1104, otc]
[5215, 47.4, 46.5, 46.65, 46.80, 349, tse]
[5220, 30.7, 30.25, 30.50, 30.50, 117, otc]
[5222, 203.0, 193.0, 201.50, 196.00, 5556, tse]
[5223, 38.7, 37.8, 38.50, 38.15, 269, otc]
[5225, 46.85, 43.95, 45.00, 45.70, 4955, tse]
[5227, 71.8, 68.4, 71.80, 70.70, 2775, otc]
[5228, 24.0, 22.45, 22.65, 23.20, 167, otc]
[5230, 22.9, 22.5, 22.50, 22.50, 743, otc]
[5234, 106.5, 100.0, 103.00, 104.00, 2785, tse]
[5236, 117.0, 107.5, 117.00, 110.00, 2227, otc]
[5243, 87.2, 81.0, 86.00, 82.50, 21463, tse]
[5244, 31.55, 30.6, 30.80, 31.10, 256, tse]
[5245, 48.2, 46.1, 48.20, 46.70, 497, otc]
[5251, 22.45, 20.35, 20.60, 20.95, 1867, otc]
[5258, 121.5, 90.3, 90.30, 117.50, 151123, tse]
[5263, 128.5, 118.0, 122.00, 125.50, 2314, otc]
[5269, 1280.0, 1120.0, 1,125.00, 1,215.00, 3602, tse]
[5272, 28.3, 27.6, 28.30, 27.75, 488, otc]
[5274, 2840.0, 2550.0, 2,550.00, 2,805.00, 2340, otc]
[5276, 21.1, 16.4, 16.70, 18.20, 1817, otc]
[5278, 185.5, 182.5, 185.00, 182.50, 38, otc]
[5281, 17.25, 16.5, 16.55, 16.65, 184, otc]
[5283, 109.0, 107.5, 108.50, 109.00, 573, tse]
[5284, 148.5, 138.5, 141.50, 145.00, 11333, tse]
[5285, 76.5, 72.0, 72.20, 73.80, 2045, tse]
[5287, 214.0, 210.0, 213.00, 212.00, 274, otc]
[5288, 196.0, 188.0, 196.00, 189.00, 387, tse]
[5289, 336.5, 314.5, 324.00, 333.00, 6660, otc]
[5291, 34.8, 32.15, 32.70, 33.25, 717, otc]
[5299, 144.0, 131.0, 132.00, 134.50, 3139, otc]
[5301, 23.05, 19.65, 21.55, 20.15, 6122, otc]
[5302, 11.2, 10.3, 11.10, 10.85, 2416, otc]
[5306, 148.0, 142.5, 147.50, 144.00, 1910, tse]
[5309, 41.8, 40.25, 41.65, 40.35, 12277, otc]
[5310, 33.35, 27.0, 31.55, 28.75, 1101, otc]
[5312, 93.0, 85.5, 90.40, 86.30, 2238, otc]
[5314, 23.6, 22.4, 23.20, 22.90, 113, otc]
[5315, 22.35, 21.9, 22.20, 22.10, 1801, otc]
[5321, 95.7, 90.0, 90.00, 91.90, 1489, otc]
[5324, 12.45, 11.2, 11.45, 11.80, 16299, otc]
[5328, 16.05, 15.35, 16.00, 15.60, 5722, otc]
[5340, 68.0, 57.3, 68.00, 60.70, 22142, otc]
[5344, 16.7, 16.3, 16.70, 16.50, 374, otc]
[5345, 5.68, 4.42, 4.70, 5.46, 267, otc]
[5347, 94.2, 90.3, 93.40, 90.30, 19305, otc]
[5348, 10.5, 9.91, 9.94, 10.00, 246, otc]
[5351, 46.25, 43.3, 44.40, 45.60, 25410, otc]
[5353, 46.85, 40.0, 46.65, 40.05, 9910, otc]
[5355, 7.72, 7.11, 7.50, 7.60, 914, otc]
[5356, 29.15, 28.1, 29.15, 29.10, 2464, otc]
[5364, 31.7, 28.4, 31.70, 28.80, 380, otc]
[5371, 73.8, 71.1, 73.80, 71.40, 10011, otc]
[5381, 19.9, 18.5, 19.20, 19.60, 8888, otc]
[5383, 34.25, 32.9, 34.10, 34.10, 609, otc]
[5386, 65.0, 57.1, 59.30, 63.60, 21040, otc]
[5388, 97.5, 94.3, 95.80, 97.00, 14182, tse]
[5392, 22.5, 21.45, 21.65, 21.90, 1894, otc]
[5398, 15.65, 15.0, 15.65, 15.15, 361, otc]
[5403, 108.0, 102.0, 105.00, 103.50, 2530, otc]
[5410, 35.25, 31.55, 35.10, 33.35, 8186, otc]
[5425, 106.5, 96.9, 104.00, 97.00, 80454, otc]
[5426, 15.3, 13.5, 14.00, 15.30, 24623, otc]
[5432, 35.8, 33.0, 33.50, 34.30, 259, otc]
[5434, 192.0, 185.5, 188.00, 187.50, 2422, tse]
[5438, 20.85, 19.85, 20.20, 19.85, 152, otc]
[5439, 88.1, 81.9, 87.00, 83.00, 30662, otc]
[5443, 34.7, 31.5, 32.95, 33.30, 19824, otc]
[5450, 21.1, 20.0, 20.00, 20.35, 873, otc]
[5452, 21.3, 20.15, 21.30, 20.60, 1420, otc]
[5455, 28.7, 28.7, 28.70, 28.70, 2, otc]
[5457, 55.3, 51.6, 51.80, 53.70, 3264, otc]
[5460, 12.75, 11.3, 11.35, 12.40, 3323, otc]
[5464, 32.45, 30.8, 31.50, 31.95, 2073, otc]
[5465, 53.7, 46.6, 47.35, 51.40, 71702, otc]
[5468, 17.9, 17.05, 17.70, 17.45, 258, otc]
[5469, 44.3, 42.1, 43.75, 44.05, 18984, tse]
[5471, 52.1, 51.0, 51.20, 51.40, 1101, tse]
[5474, 117.0, 101.5, 114.00, 109.00, 5367, otc]
[5475, 16.8, 14.9, 16.70, 14.90, 4782, otc]
[5478, 106.0, 100.0, 106.00, 101.00, 4151, otc]
[5481, 12.85, 12.7, 12.85, 12.85, 132, otc]
[5483, 164.5, 156.5, 157.00, 164.00, 19598, otc]
[5484, 20.55, 19.35, 19.65, 20.30, 1221, tse]
[5487, 27.6, 26.3, 27.00, 26.90, 96, otc]
[5488, 12.15, 11.25, 12.00, 11.35, 2376, otc]
[5489, 41.25, 39.6, 39.70, 39.60, 486, otc]
[5490, 25.2, 24.5, 25.05, 24.70, 561, otc]
[5493, 51.0, 50.4, 50.60, 50.60, 114, otc]
[5498, 13.3, 12.4, 13.10, 13.00, 8426, otc]
[5508, 72.3, 69.8, 70.50, 71.60, 1109, otc]
[5511, 74.1, 69.0, 72.30, 69.10, 9884, otc]
[5512, 10.6, 10.1, 10.45, 10.45, 23168, otc]
[5514, 20.45, 19.8, 20.30, 20.40, 90, otc]
[5515, 14.3, 14.1, 14.30, 14.25, 1037, tse]
[5516, 30.0, 28.5, 28.80, 28.55, 723, otc]
[5519, 25.0, 24.5, 24.75, 24.90, 1591, tse]
[5520, 67.7, 61.5, 61.60, 63.20, 91, otc]
[5521, 7.67, 7.34, 7.60, 7.58, 4825, tse]
[5522, 62.9, 59.9, 62.40, 61.20, 6021, tse]
[5523, 25.2, 24.7, 25.20, 25.00, 228, otc]
[5525, 27.25, 26.85, 27.20, 26.95, 551, tse]
[5529, 12.3, 11.85, 12.10, 11.85, 507, otc]
[5530, 38.0, 37.4, 37.75, 37.65, 1720, otc]
[5531, 12.65, 11.5, 12.60, 11.90, 18994, tse]
[5533, 20.1, 19.2, 19.90, 19.40, 3713, tse]
[5534, 82.7, 81.0, 81.80, 81.00, 1995, tse]
[5536, 155.5, 149.0, 155.00, 152.50, 1943, otc]
[5538, 40.5, 39.85, 39.85, 40.10, 51, tse]
[5543, 49.9, 48.0, 48.50, 48.60, 70, otc]
[5546, 43.8, 41.6, 43.00, 43.00, 149, tse]
[5601, 40.0, 40.0, 40.00, 40.00, 27, otc]
[5603, 22.2, 21.15, 22.20, 21.20, 1681, otc]
[5604, 50.0, 49.1, 50.00, 49.50, 232, otc]
[5607, 67.5, 62.4, 63.70, 65.40, 4680, tse]
[5608, 24.0, 23.05, 23.35, 23.75, 10276, tse]
[5609, 93.0, 89.4, 91.00, 92.70, 2124, otc]
[5701, 10.0, 9.2, 10.00, 9.53, 1492, otc]
[5703, 39.85, 32.5, 34.10, 36.10, 4738, otc]
[5704, 67.5, 61.2, 63.50, 64.90, 2934, otc]
[5706, 118.5, 107.5, 116.50, 110.00, 72485, tse]
[5864, 26.2, 25.1, 25.95, 25.45, 12637, otc]
[5871, 214.0, 204.0, 213.50, 205.00, 22681, tse]
[5876, 46.9, 45.15, 46.25, 45.70, 23275, tse]
[5878, 49.75, 47.5, 49.55, 48.20, 64, otc]
[5880, 28.45, 28.0, 28.15, 28.00, 39114, tse]
[5902, 41.5, 38.35, 41.15, 39.30, 597, otc]
[5903, 216.5, 211.0, 212.50, 213.00, 198, otc]
[5904, 585.0, 536.0, 541.00, 580.00, 1810, otc]
[5905, 14.35, 13.35, 14.10, 13.75, 20246, otc]
[5906, 76.0, 64.5, 69.40, 71.50, 1607, tse]
[5907, 16.45, 15.75, 16.15, 15.95, 799, tse]
[6005, 14.9, 14.3, 14.60, 14.60, 33876, tse]
[6015, 12.1, 11.3, 11.45, 11.90, 11242, otc]
[6016, 14.5, 13.35, 13.45, 14.05, 38382, otc]
[6020, 19.1, 18.9, 19.00, 18.90, 53, otc]
[6021, 15.65, 15.45, 15.60, 15.45, 97, otc]
[6023, 52.7, 51.6, 52.20, 52.40, 638, otc]
[6024, 46.4, 45.2, 46.35, 45.40, 3541, tse]
[6026, 13.95, 12.6, 12.75, 13.55, 18780, otc]
[6101, 45.05, 37.3, 44.50, 39.40, 8949, otc]
[6103, 40.25, 35.8, 39.30, 37.80, 6, otc]
[6104, 119.5, 113.0, 114.00, 114.00, 11600, otc]
[6108, 17.75, 17.5, 17.75, 17.65, 565, tse]
[6109, 17.2, 16.55, 17.00, 16.75, 3102, otc]
[6111, 91.4, 86.4, 89.30, 86.70, 10309, otc]
[6112, 69.9, 65.6, 67.50, 67.00, 16970, tse]
[6113, 16.5, 16.1, 16.40, 16.45, 1210, otc]
[6114, 27.6, 25.0, 25.85, 27.60, 1346, otc]
[6115, 46.8, 46.35, 46.65, 46.55, 750, tse]
[6116, 13.65, 13.0, 13.05, 13.45, 85411, tse]
[6117, 18.15, 16.05, 16.05, 17.15, 4572, tse]
[6118, 32.9, 31.95, 32.65, 32.25, 3012, otc]
[6120, 13.55, 10.9, 10.95, 13.55, 17878, tse]
[6121, 328.0, 318.5, 321.50, 321.50, 3351, otc]
[6122, 47.25, 40.2, 45.45, 43.85, 94238, otc]
[6123, 72.4, 67.9, 72.20, 69.30, 1284, otc]
[6124, 38.2, 34.1, 36.85, 37.00, 1975, otc]
[6125, 48.5, 42.5, 44.65, 47.85, 118303, otc]
[6126, 28.8, 27.3, 27.45, 28.75, 7030, otc]
[6127, 25.8, 22.7, 23.50, 25.80, 8429, otc]
[6128, 35.55, 34.5, 35.20, 35.30, 1449, tse]
[6129, 34.15, 31.25, 32.10, 33.20, 13626, otc]
[6130, 31.85, 29.55, 31.45, 31.00, 105, otc]
[6133, 18.9, 18.05, 18.60, 18.10, 4804, tse]
[6134, 23.55, 22.5, 23.55, 22.70, 1272, otc]
[6136, 19.7, 19.1, 19.65, 19.65, 1553, tse]
[6138, 175.0, 162.5, 162.50, 168.00, 13684, otc]
[6139, 66.2, 56.5, 65.50, 57.80, 24026, tse]
[6140, 22.55, 20.05, 20.20, 20.90, 4514, otc]
[6141, 17.55, 17.2, 17.35, 17.50, 226, tse]
[6142, 13.35, 12.45, 13.10, 12.80, 8204, tse]
[6143, 97.3, 89.3, 90.60, 92.90, 19230, otc]
[6144, 15.3, 14.55, 14.80, 15.05, 68, otc]
[6146, 258.5, 242.0, 242.00, 254.00, 2671, otc]
[6147, 70.3, 64.2, 69.90, 64.90, 25162, otc]
[6148, 48.75, 39.85, 42.20, 48.75, 52903, otc]
[6150, 87.5, 79.0, 82.50, 79.30, 14580, otc]
[6151, 29.9, 27.65, 29.85, 27.80, 758, otc]
[6152, 10.45, 9.99, 10.25, 10.25, 2742, tse]
[6153, 24.0, 23.5, 24.00, 23.70, 5777, tse]
[6154, 17.1, 16.8, 16.85, 16.80, 179, otc]
[6155, 26.0, 25.35, 25.90, 25.65, 674, tse]
[6156, 20.3, 19.45, 19.60, 19.95, 1645, otc]
[6158, 28.4, 27.05, 27.90, 27.80, 742, otc]
[6160, 34.95, 32.05, 33.50, 34.80, 18663, otc]
[6161, 39.3, 37.9, 38.20, 38.40, 8638, otc]
[6163, 23.5, 21.0, 23.50, 21.45, 18069, otc]
[6164, 13.85, 13.2, 13.50, 13.45, 2659, tse]
[6165, 35.45, 33.2, 33.65, 33.35, 4877, tse]
[6166, 80.5, 66.7, 66.90, 72.30, 25277, tse]
[6167, 19.35, 17.8, 17.90, 18.55, 40880, otc]
[6168, 24.55, 23.8, 24.25, 24.15, 2421, tse]
[6169, 23.2, 22.2, 22.60, 22.45, 445, otc]
[6170, 39.35, 37.9, 38.95, 38.90, 509, otc]
[6171, 22.35, 21.85, 21.85, 22.20, 119, otc]
[6173, 45.8, 41.45, 42.40, 43.95, 7196, otc]
[6174, 28.6, 27.1, 28.60, 27.15, 968, otc]
[6175, 39.7, 38.0, 39.70, 38.80, 2370, otc]
[6176, 126.0, 122.0, 124.00, 124.00, 17394, tse]
[6177, 31.8, 31.3, 31.75, 31.55, 2749, tse]
[6179, 35.5, 32.35, 35.15, 32.45, 9668, otc]
[6180, 82.3, 78.8, 81.20, 80.50, 6612, otc]
[6182, 46.7, 43.65, 43.95, 46.65, 38016, otc]
[6183, 65.6, 63.7, 64.20, 65.30, 233, tse]
[6184, 54.4, 52.4, 52.70, 53.00, 424, tse]
[6185, 24.75, 21.85, 24.60, 22.00, 15424, otc]
[6186, 44.0, 42.35, 42.50, 42.95, 1352, otc]
[6187, 95.5, 88.3, 91.50, 89.00, 21300, otc]
[6188, 72.4, 66.5, 68.60, 70.20, 40315, otc]
[6189, 45.0, 43.85, 44.00, 44.25, 3319, tse]
[6190, 36.7, 34.3, 35.30, 35.75, 14692, otc]
[6191, 42.8, 41.7, 42.35, 42.35, 14621, tse]
[6192, 78.0, 74.0, 77.20, 76.00, 798, tse]
[6194, 33.95, 30.35, 30.90, 31.30, 6351, otc]
[6195, 46.8, 46.2, 46.35, 46.55, 527, otc]
[6196, 156.5, 138.0, 139.50, 146.50, 26648, tse]
[6197, 63.0, 59.1, 61.20, 62.00, 4175, tse]
[6198, 46.3, 38.3, 46.00, 39.00, 2718, otc]
[6199, 18.75, 17.9, 18.60, 18.35, 93, otc]
[6201, 45.0, 44.3, 44.60, 44.60, 282, tse]
[6202, 73.4, 70.9, 72.10, 71.70, 6370, tse]
[6203, 98.5, 91.0, 96.90, 95.60, 10110, otc]
[6204, 57.4, 56.0, 57.40, 56.50, 94, otc]
[6205, 78.8, 73.4, 74.80, 73.80, 13309, tse]
[6206, 74.0, 71.5, 71.50, 73.00, 1723, tse]
[6207, 30.65, 28.25, 28.80, 29.95, 3774, otc]
[6208, 56.2, 53.6, 56.20, 53.90, 935, otc]
[6209, 30.65, 29.35, 30.40, 29.45, 4164, tse]
[6210, 35.0, 34.35, 34.60, 34.50, 155, otc]
[6212, 50.0, 48.25, 50.00, 48.60, 28, otc]
[6213, 73.8, 70.6, 71.70, 71.70, 6669, tse]
[6214, 118.5, 100.0, 100.00, 114.00, 25943, tse]
[6215, 32.65, 30.5, 32.20, 30.50, 5506, tse]
[6216, 28.6, 27.95, 28.25, 28.15, 1147, tse]
[6217, 46.7, 44.05, 45.10, 44.85, 7608, otc]
[6218, 29.55, 26.8, 28.20, 28.20, 14520, otc]
[6219, 12.15, 11.7, 11.75, 12.10, 4878, otc]
[6220, 28.0, 27.6, 27.80, 27.95, 2867, otc]
[6221, 74.9, 69.3, 70.80, 72.10, 426, otc]
[6222, 16.5, 14.6, 16.00, 15.45, 129, otc]
[6223, 179.5, 166.0, 172.00, 169.50, 25695, otc]
[6224, 64.0, 62.3, 63.20, 63.80, 501, tse]
[6225, 10.75, 10.0, 10.50, 10.40, 70, tse]
[6226, 12.2, 11.55, 12.20, 11.60, 2270, tse]
[6227, 44.0, 43.4, 43.90, 43.80, 969, otc]
[6228, 12.9, 12.1, 12.90, 12.35, 152, otc]
[6229, 32.9, 29.8, 32.90, 29.90, 918, otc]
[6230, 173.0, 168.0, 169.50, 168.50, 248, tse]
[6231, 117.0, 112.5, 115.00, 114.50, 2236, otc]
[6233, 28.4, 27.35, 27.70, 27.65, 3221, otc]
[6234, 33.9, 31.3, 33.50, 32.50, 7519, otc]
[6235, 169.0, 132.0, 136.00, 167.50, 149312, tse]
[6236, 21.0, 21.0, 21.00, 21.00, 1, otc]
[6237, 44.3, 42.2, 43.50, 42.35, 1176, otc]
[6239, 104.5, 99.6, 101.00, 104.50, 17424, tse]
[6240, 25.4, 23.0, 23.00, 24.30, 728, otc]
[6241, 15.75, 14.4, 14.45, 14.80, 456, otc]
[6242, 75.5, 71.3, 74.00, 72.50, 651, otc]
[6243, 53.5, 50.1, 51.50, 52.10, 8847, tse]
[6244, 33.6, 32.1, 33.50, 33.40, 31036, otc]
[6245, 118.0, 108.0, 115.50, 110.50, 33438, otc]
[6246, 13.95, 13.7, 13.90, 13.80, 54, otc]
[6248, 29.25, 27.75, 28.10, 28.60, 6850, otc]
[6257, 56.2, 54.6, 55.00, 56.00, 6984, tse]
[6259, 23.0, 21.55, 23.00, 21.75, 96, otc]
[6261, 67.1, 66.3, 66.50, 67.10, 872, otc]
[6263, 127.0, 119.0, 127.00, 126.00, 1353, otc]
[6264, 8.04, 7.67, 7.90, 7.77, 228, otc]
[6265, 11.4, 10.2, 10.50, 11.40, 4569, otc]
[6266, 44.15, 42.7, 43.60, 43.80, 11567, otc]
[6269, 94.9, 92.3, 94.10, 93.00, 10092, tse]
[6270, 25.1, 23.55, 25.05, 24.15, 2238, otc]
[6271, 196.0, 180.5, 181.50, 191.50, 19378, tse]
[6274, 82.4, 76.8, 82.30, 77.30, 25034, otc]
[6275, 38.8, 35.1, 36.00, 37.90, 8284, otc]
[6276, 41.65, 32.7, 36.30, 39.00, 16545, otc]
[6277, 90.2, 85.0, 85.30, 89.90, 3030, tse]
[6278, 103.0, 98.5, 99.00, 100.50, 10661, tse]
[6279, 177.5, 164.5, 165.00, 167.00, 34594, otc]
[6281, 85.8, 85.0, 85.40, 85.30, 105, tse]
[6282, 49.4, 46.65, 48.05, 47.70, 144171, tse]
[6283, 31.8, 30.9, 31.65, 31.30, 743, tse]
[6284, 55.2, 54.0, 55.20, 54.70, 1554, otc]
[6285, 94.4, 90.3, 91.00, 94.00, 38740, tse]
[6287, 22.0, 21.0, 21.70, 21.50, 59, otc]
[6288, 37.0, 33.65, 34.50, 33.85, 101985, tse]
[6290, 59.9, 57.4, 58.60, 58.70, 11619, otc]
[6291, 300.0, 260.5, 269.00, 269.00, 806, otc]
[6292, 45.75, 45.1, 45.20, 45.40, 192, otc]
[6294, 109.5, 107.0, 107.50, 109.50, 272, otc]
[6404, 23.0, 21.5, 21.50, 22.85, 39, otc]
[6405, 23.7, 23.05, 23.10, 23.20, 471, tse]
[6409, 2005.0, 1875.0, 1,875.00, 1,970.00, 494, tse]
[6411, 119.0, 111.0, 111.00, 114.00, 8429, otc]
[6412, 94.5, 84.3, 84.80, 93.50, 6513, tse]
[6414, 280.0, 271.5, 278.00, 272.50, 5796, tse]
[6415, 366.0, 347.5, 361.50, 354.50, 22901, tse]
[6416, 104.0, 94.8, 97.10, 102.00, 3918, tse]
[6417, 137.5, 121.5, 137.50, 123.50, 5882, otc]
[6418, 18.8, 18.0, 18.70, 18.60, 539, otc]
[6419, 32.6, 30.3, 30.35, 32.00, 52, otc]
[6425, 22.2, 20.85, 21.00, 21.95, 398, otc]
[6426, 61.1, 59.7, 60.20, 60.00, 315, tse]
[6431, 20.8, 20.05, 20.40, 20.15, 226, tse]
[6432, 35.95, 34.7, 35.80, 35.50, 254, otc]
[6435, 105.0, 100.5, 103.00, 102.00, 755, otc]
[6438, 117.0, 112.0, 116.50, 114.00, 5052, tse]
[6441, 74.5, 66.3, 73.50, 66.90, 12199, otc]
[6442, 52.7, 50.0, 50.90, 51.40, 728, tse]
[6443, 36.25, 34.1, 35.30, 35.90, 34344, tse]
[6446, 351.5, 332.5, 337.00, 337.00, 8648, otc]
[6449, 52.7, 51.1, 51.20, 51.80, 143, tse]
[6451, 87.8, 85.5, 87.60, 85.80, 1080, tse]
[6456, 77.5, 74.2, 75.10, 74.40, 10608, tse]
[6457, 52.7, 51.0, 52.70, 51.10, 365, otc]
[6461, 34.9, 33.45, 34.70, 34.05, 2274, otc]
[6462, 92.8, 88.3, 89.90, 91.60, 2603, otc]
[6464, 94.3, 91.8, 94.20, 92.50, 46, tse]
[6465, 21.6, 20.6, 21.60, 20.95, 231, otc]
[6469, 363.5, 340.0, 358.50, 357.00, 3493, otc]
[6470, 71.9, 68.4, 69.60, 70.50, 12493, otc]
[6472, 757.0, 705.0, 755.00, 712.00, 8804, otc]
[6477, 50.7, 48.35, 50.60, 49.70, 6595, tse]
[6482, 43.0, 41.5, 43.00, 42.00, 27, otc]
[6485, 116.5, 109.0, 113.00, 113.50, 12127, otc]
[6486, 78.0, 76.5, 77.40, 77.10, 663, otc]
[6488, 522.0, 508.0, 514.00, 513.00, 5991, otc]
[6491, 352.5, 333.5, 347.00, 345.00, 3176, tse]
[6492, 51.3, 49.5, 51.20, 49.95, 537, otc]
[6494, 72.0, 69.3, 71.50, 71.00, 664, otc]
[6496, 32.45, 31.05, 31.65, 31.65, 97, otc]
[6499, 58.5, 56.4, 57.40, 56.80, 409, otc]
[6504, 86.0, 80.5, 85.60, 80.50, 530, tse]
[6505, 88.6, 86.2, 88.50, 86.40, 9213, tse]
[6506, 19.8, 19.45, 19.50, 19.55, 200, otc]
[6508, 38.2, 37.55, 38.20, 37.80, 687, otc]
[6509, 46.1, 44.8, 46.05, 44.80, 4342, otc]
[6510, 614.0, 566.0, 577.00, 584.00, 4755, otc]
[6512, 22.35, 21.0, 21.90, 21.30, 541, otc]
[6514, 58.4, 56.0, 58.00, 56.00, 212, otc]
[6515, 876.0, 781.0, 846.00, 785.00, 10190, tse]
[6516, 105.5, 99.3, 99.70, 103.00, 825, otc]
[6517, 132.5, 107.5, 132.50, 108.00, 14158, otc]
[6523, 133.0, 126.0, 132.00, 131.00, 1492, otc]
[6525, 80.0, 77.8, 77.80, 79.10, 968, tse]
[6527, 83.7, 79.5, 80.00, 82.80, 886, otc]
[6530, 27.8, 26.5, 27.80, 26.90, 161, otc]
[6531, 348.0, 328.5, 330.50, 331.50, 28303, tse]
[6532, 71.0, 63.2, 69.00, 66.00, 23989, otc]
[6533, 540.0, 451.0, 456.50, 527.00, 14588, tse]
[6535, 62.9, 53.9, 62.00, 55.10, 8063, otc]
[6538, 109.5, 99.8, 101.00, 105.50, 1827, otc]
[6541, 79.9, 73.8, 79.60, 74.40, 1583, tse]
[6542, 54.5, 52.2, 54.00, 53.00, 60, otc]
[6546, 92.9, 86.7, 88.90, 89.00, 7521, otc]
[6547, 62.2, 59.0, 60.80, 61.50, 8009, otc]
[6548, 42.5, 40.05, 42.40, 40.80, 8107, otc]
[6550, 91.3, 81.0, 90.30, 86.30, 26075, tse]
[6552, 38.0, 36.05, 37.95, 36.50, 651, tse]
[6556, 126.0, 107.5, 109.00, 119.50, 2324, otc]
[6558, 31.5, 29.1, 31.25, 29.25, 2256, tse]
[6560, 33.85, 33.0, 33.40, 33.30, 249, otc]
[6561, 395.5, 365.5, 365.50, 375.00, 809, otc]
[6568, 163.0, 152.5, 158.00, 157.50, 1488, otc]
[6569, 141.0, 133.0, 137.50, 139.00, 501, otc]
[6570, 72.7, 70.6, 71.30, 71.80, 2798, otc]
[6573, 18.4, 16.65, 16.95, 17.20, 2934, tse]
[6574, 60.8, 57.4, 59.40, 60.10, 221, otc]
[6576, 86.1, 82.3, 85.80, 83.20, 2048, otc]
[6577, 138.0, 114.0, 118.00, 131.50, 6248, otc]
[6578, 18.6, 18.0, 18.45, 18.10, 896, otc]
[6579, 138.5, 129.0, 136.50, 129.00, 4754, tse]
[6581, 92.5, 90.4, 91.10, 92.40, 205, tse]
[6582, 58.8, 57.5, 58.80, 57.60, 259, tse]
[6584, 72.2, 66.1, 72.10, 66.80, 1177, otc]
[6585, 65.0, 61.1, 65.00, 62.10, 658, tse]
[6588, 29.75, 28.95, 29.55, 29.05, 98, otc]
[6589, 111.5, 108.5, 110.00, 109.50, 4919, otc]
[6590, 99.9, 93.0, 99.90, 93.70, 581, otc]
[6591, 56.8, 54.4, 55.50, 55.60, 2215, tse]
[6592, 147.5, 137.0, 141.50, 146.00, 8234, tse]
[6593, 65.0, 61.3, 62.00, 63.60, 574, otc]
[6596, 75.0, 64.7, 71.00, 65.70, 15246, otc]
[6598, 27.6, 26.65, 27.05, 27.15, 469, tse]
[6603, 17.25, 16.6, 16.85, 16.95, 4583, otc]
[6605, 121.0, 105.5, 105.50, 118.50, 16230, tse]
[6606, 29.65, 28.75, 29.00, 29.35, 1001, tse]
[6609, 37.2, 35.1, 35.20, 36.65, 1983, otc]
[6612, 169.0, 161.0, 169.00, 164.00, 1067, otc]
[6613, 112.0, 108.5, 110.00, 110.00, 698, otc]
[6615, 41.8, 40.3, 41.80, 40.35, 126, otc]
[6616, 15.85, 14.35, 14.70, 15.05, 943, otc]
[6624, 48.0, 42.8, 47.00, 46.80, 818, otc]
[6625, 140.0, 127.0, 130.50, 127.00, 12023, tse]
[6629, 48.3, 47.5, 48.00, 48.30, 5, otc]
[6640, 96.9, 92.3, 96.90, 94.40, 106, otc]
[6641, 54.9, 54.1, 54.30, 54.50, 107, tse]
[6642, 54.0, 53.3, 53.40, 53.50, 67, otc]
[6643, 959.0, 856.0, 856.00, 929.00, 7894, otc]
[6649, 44.3, 41.0, 44.30, 41.35, 752, otc]
[6651, 81.6, 79.2, 80.00, 79.30, 291, otc]
[6654, 49.9, 48.5, 48.85, 48.75, 42, otc]
[6655, 126.0, 122.5, 126.00, 124.00, 36, tse]
[6657, 65.8, 58.6, 61.50, 59.60, 7840, tse]
[6661, 25.0, 23.3, 23.40, 23.80, 675, otc]
[6662, 31.05, 30.5, 30.70, 30.95, 82, otc]
[6664, 147.5, 127.5, 133.50, 144.50, 8896, otc]
[6666, 86.9, 82.0, 86.90, 83.30, 297, tse]
[6667, 84.5, 80.1, 82.00, 80.10, 2896, otc]
[6668, 44.75, 41.5, 44.70, 41.70, 3486, tse]
[6669, 1230.0, 1135.0, 1,160.00, 1,190.00, 10565, tse]
[6670, 228.0, 214.0, 214.50, 226.00, 3192, tse]
[6671, 42.8, 42.05, 42.80, 42.30, 51, tse]
[6672, 92.3, 88.2, 90.90, 88.40, 4390, tse]
[6674, 29.05, 28.1, 28.25, 28.90, 82, tse]
[6679, 354.0, 314.0, 340.00, 318.50, 4607, otc]
[6680, 117.0, 105.5, 114.50, 110.00, 505, otc]
[6683, 235.0, 217.0, 223.50, 217.00, 3111, otc]
[6684, 47.1, 45.7, 46.55, 46.50, 330, otc]
[6689, 158.0, 143.0, 149.00, 155.50, 6800, tse]
[6690, 169.5, 162.0, 167.00, 163.50, 629, otc]
[6691, 338.0, 315.0, 319.50, 323.50, 5011, tse]
[6693, 64.8, 62.0, 64.80, 62.40, 233, otc]
[6695, 45.9, 43.3, 44.40, 45.85, 1711, tse]
[6697, 74.6, 60.2, 73.60, 65.40, 3105, otc]
[6698, 38.3, 36.6, 38.20, 36.70, 1144, tse]
[6703, 227.5, 208.5, 227.50, 221.00, 1119, otc]
[6706, 84.1, 80.2, 83.00, 81.00, 1960, tse]
[6708, 54.9, 52.1, 54.90, 52.20, 240, otc]
[6712, 197.5, 190.5, 197.00, 193.00, 2112, otc]
[6715, 140.0, 132.5, 138.00, 137.50, 1088, tse]
[6716, 119.0, 108.0, 109.00, 109.00, 410, otc]
[6719, 298.5, 280.5, 284.50, 290.50, 5321, tse]
[6721, 55.4, 53.5, 55.30, 53.80, 61, otc]
[6727, 68.0, 66.2, 68.00, 66.50, 474, otc]
[6728, 151.0, 146.5, 147.50, 149.50, 161, otc]
[6732, 345.5, 325.5, 344.00, 328.50, 3265, otc]
[6733, 48.25, 43.3, 47.90, 43.65, 7015, otc]
[6735, 54.5, 52.0, 54.50, 52.30, 47, otc]
[6741, 134.5, 122.5, 134.50, 123.50, 5935, otc]
[6743, 81.8, 66.3, 72.00, 79.00, 21835, tse]
[6747, 239.5, 220.5, 232.50, 225.00, 532, otc]
[6751, 110.5, 96.0, 110.50, 98.10, 992, otc]
[6752, 160.0, 142.0, 159.00, 145.00, 1710, otc]
[6753, 119.5, 101.0, 119.50, 104.00, 6685, tse]
[6754, 58.1, 56.3, 57.50, 56.70, 405, tse]
[6756, 230.5, 215.5, 219.00, 223.50, 2579, tse]
[6761, 91.2, 88.0, 90.20, 88.30, 156, otc]
[6762, 240.0, 230.0, 234.00, 239.00, 61, otc]
[6763, 579.0, 521.0, 540.00, 543.00, 950, otc]
[6767, 50.0, 47.25, 48.00, 49.00, 932, otc]
[6768, 72.7, 71.5, 72.00, 72.20, 554, tse]
[6770, 33.1, 30.55, 30.95, 32.15, 101817, tse]
[6776, 70.4, 63.6, 69.10, 65.30, 7722, tse]
[6781, 792.0, 706.0, 716.00, 754.00, 4394, tse]
[6782, 224.5, 217.0, 222.50, 220.00, 1183, tse]
[6788, 140.5, 123.5, 128.50, 135.50, 7497, otc]
[6789, 286.5, 264.0, 276.00, 271.50, 23931, tse]
[6790, 39.45, 38.7, 39.25, 38.90, 1053, tse]
[6791, 117.0, 101.0, 110.50, 109.50, 1088, otc]
[6792, 88.1, 86.0, 87.00, 87.10, 249, tse]
[6796, 98.5, 95.0, 98.30, 96.60, 325, tse]
[6799, 167.0, 149.0, 163.50, 150.00, 5709, tse]
[6803, 318.0, 307.0, 318.00, 310.00, 243, otc]
[6804, 72.6, 69.5, 70.30, 70.40, 503, otc]
[6806, 117.5, 109.0, 114.00, 112.50, 17159, tse]
[6807, 28.3, 27.8, 28.20, 28.00, 109, tse]
[6811, 235.5, 222.0, 231.00, 227.50, 1847, otc]
[6821, 51.2, 46.5, 46.50, 47.95, 2550, otc]
[6823, 91.4, 88.7, 91.40, 89.80, 53, otc]
[6829, 133.0, 124.0, 132.50, 128.00, 3626, otc]
[6830, 193.0, 173.0, 177.00, 182.00, 7951, tse]
[6834, 27.8, 26.85, 27.65, 27.00, 234, tse]
[6835, 48.25, 45.0, 48.10, 45.40, 996, tse]
[6840, 71.6, 67.7, 71.00, 68.50, 208, otc]
[6841, 98.2, 91.2, 97.20, 92.00, 1751, otc]
[6843, 77.3, 72.3, 77.30, 73.00, 1231, otc]
[6846, 86.0, 81.6, 85.70, 82.60, 404, otc]
[6854, 108.5, 103.0, 106.00, 107.50, 633, tse]
[6855, 90.0, 82.2, 82.20, 86.90, 221, otc]
[6859, 145.0, 135.0, 137.50, 140.50, 731, otc]
[6861, 111.0, 103.5, 110.00, 104.50, 302, tse]
[6863, 192.0, 179.5, 188.50, 183.50, 2527, tse]
[6865, 83.4, 80.7, 83.30, 81.30, 163, otc]
[6869, 98.0, 89.0, 96.00, 95.20, 1206, tse]
[6873, 134.0, 126.5, 132.00, 128.00, 607, tse]
[6874, 160.0, 145.0, 158.00, 149.00, 2592, otc]
[6877, 45.3, 42.55, 43.00, 43.30, 1545, otc]
[7402, 75.0, 66.1, 73.10, 73.40, 5645, otc]
[7556, 129.5, 113.0, 116.00, 123.50, 478, otc]
[8011, 18.5, 17.35, 18.50, 17.70, 9221, tse]
[8016, 242.5, 232.5, 239.50, 238.50, 5233, tse]
[8021, 32.3, 31.0, 31.65, 31.00, 4483, tse]
[8024, 25.4, 23.8, 24.20, 25.30, 1514, otc]
[8027, 64.7, 57.3, 59.90, 61.80, 11859, otc]
[8028, 65.0, 60.2, 61.90, 62.70, 36710, tse]
[8032, 32.05, 31.2, 31.90, 31.80, 50, otc]
[8033, 73.0, 65.5, 73.00, 69.70, 16488, tse]
[8034, 23.35, 21.3, 22.20, 21.80, 28271, otc]
[8038, 59.8, 53.0, 59.70, 53.80, 11882, otc]
[8039, 44.8, 42.35, 42.50, 44.20, 1507, tse]
[8040, 49.3, 48.05, 48.35, 48.10, 947, otc]
[8042, 38.9, 38.05, 38.05, 38.15, 113, otc]
[8043, 29.7, 28.2, 29.10, 29.20, 3327, otc]
[8044, 53.3, 51.9, 52.90, 52.60, 1857, otc]
[8046, 296.5, 277.5, 285.00, 279.50, 33570, tse]
[8047, 12.5, 11.5, 11.50, 12.05, 238, otc]
[8048, 59.6, 51.5, 57.40, 56.50, 7525, otc]
[8049, 39.6, 37.75, 38.45, 38.85, 4571, otc]
[8050, 89.6, 82.1, 83.20, 85.60, 52687, otc]
[8054, 36.6, 34.2, 36.45, 34.25, 3247, otc]
[8059, 17.5, 14.7, 16.80, 16.80, 5867, otc]
[8064, 20.5, 19.6, 20.10, 20.20, 5677, otc]
[8066, 31.0, 30.35, 30.75, 30.35, 262, otc]
[8067, 15.1, 14.3, 14.30, 14.80, 48, otc]
[8068, 29.5, 28.35, 28.50, 28.90, 319, otc]
[8069, 241.0, 224.5, 226.50, 228.50, 55261, otc]
[8070, 37.2, 35.3, 37.00, 35.35, 8834, tse]
[8071, 14.65, 14.2, 14.50, 14.55, 489, otc]
[8072, 29.3, 27.1, 27.40, 27.90, 2671, tse]
[8074, 20.3, 19.8, 20.05, 19.95, 397, otc]
[8076, 41.4, 34.85, 35.60, 37.60, 86036, otc]
[8077, 37.75, 35.65, 37.00, 37.75, 6, otc]
[8080, 10.7, 10.3, 10.45, 10.60, 35, otc]
[8081, 206.0, 192.5, 196.50, 204.50, 2875, tse]
[8083, 156.5, 154.0, 155.00, 156.50, 268, otc]
[8084, 80.5, 71.2, 74.10, 76.80, 1403, otc]
[8085, 42.7, 37.8, 41.50, 42.20, 11794, otc]
[8086, 93.0, 88.5, 91.10, 90.50, 9579, otc]
[8087, 48.95, 40.5, 43.55, 48.00, 4286, otc]
[8088, 38.75, 35.05, 35.70, 37.45, 29633, otc]
[8089, 21.75, 21.3, 21.50, 21.45, 195, otc]
[8091, 103.0, 98.0, 101.00, 98.30, 4375, otc]
[8092, 15.0, 13.15, 14.30, 13.35, 3822, otc]
[8093, 15.95, 13.6, 14.10, 14.50, 3483, otc]
[8096, 11.75, 11.55, 11.60, 11.65, 1173, otc]
[8097, 60.1, 56.0, 59.90, 57.70, 4571, otc]
[8099, 62.7, 58.2, 60.10, 61.10, 4940, otc]
[8101, 4.9, 4.52, 4.70, 4.68, 385, tse]
[8103, 37.9, 37.0, 37.85, 37.30, 566, tse]
[8104, 41.1, 40.4, 40.85, 40.55, 632, tse]
[8105, 14.75, 14.2, 14.20, 14.60, 10927, tse]
[8107, 17.85, 16.8, 17.00, 17.50, 1452, otc]
[8109, 93.9, 91.1, 93.80, 92.80, 783, otc]
[8110, 14.2, 13.45, 13.80, 14.05, 6857, tse]
[8111, 22.05, 21.05, 22.05, 21.25, 2348, otc]
[8112, 50.5, 48.65, 49.50, 48.90, 22659, tse]
[8114, 133.5, 112.5, 113.00, 121.50, 20530, tse]
[8121, 29.5, 28.5, 29.35, 28.90, 2754, otc]
[8131, 44.55, 43.7, 43.70, 44.30, 2732, tse]
[8147, 80.6, 63.9, 64.90, 76.90, 9880, otc]
[8150, 40.8, 38.75, 39.60, 39.45, 16771, tse]
[8155, 154.5, 139.0, 154.00, 139.00, 7726, otc]
[8163, 48.3, 46.7, 46.90, 47.85, 4347, tse]
[8171, 50.0, 45.2, 46.10, 49.90, 6846, otc]
[8176, 11.85, 11.1, 11.85, 11.35, 1654, otc]
[8182, 30.9, 30.55, 30.75, 30.75, 257, otc]
[8183, 54.8, 52.6, 53.40, 52.60, 3484, otc]
[8201, 17.4, 13.5, 13.75, 16.10, 8737, tse]
[8210, 144.0, 113.5, 126.00, 135.50, 67868, tse]
[8213, 43.75, 42.1, 42.70, 42.50, 8102, tse]
[8215, 40.3, 38.5, 39.30, 39.20, 14022, tse]
[8222, 63.1, 55.3, 62.50, 56.60, 28971, tse]
[8227, 221.0, 191.0, 198.00, 191.00, 7368, otc]
[8234, 56.9, 49.65, 53.50, 53.30, 25850, otc]
[8240, 32.7, 31.1, 32.30, 32.00, 812, otc]
[8249, 30.25, 29.8, 30.15, 30.00, 768, tse]
[8255, 188.5, 178.0, 186.50, 178.00, 5314, otc]
[8261, 111.5, 106.5, 107.50, 107.00, 5387, tse]
[8271, 63.0, 60.1, 61.30, 62.20, 10878, tse]
[8277, 12.25, 11.0, 11.80, 12.25, 4649, otc]
[8279, 178.0, 168.0, 178.00, 173.00, 325, otc]
[8284, 65.0, 62.8, 62.90, 64.10, 405, otc]
[8289, 41.6, 39.5, 41.60, 40.35, 2669, otc]
[8291, NaN, NaN, NaN, NaN, 0, otc]
[8299, 450.0, 417.0, 420.00, 429.00, 13271, otc]
[8341, 156.5, 143.0, 151.00, 143.00, 3403, tse]
[8342, 58.0, 57.4, 57.80, 57.50, 27, otc]
[8349, 68.2, 65.1, 66.00, 67.10, 2234, otc]
[8354, 14.55, 14.45, 14.45, 14.45, 344, otc]
[8358, 63.2, 60.0, 62.80, 60.10, 32078, otc]
[8367, 46.95, 46.2, 46.40, 46.70, 107, tse]
[8374, 32.9, 31.85, 32.20, 32.15, 331, tse]
[8383, 41.6, 40.5, 41.20, 41.15, 1657, otc]
[8390, 44.5, 43.2, 44.50, 43.50, 1854, otc]
[8401, 21.65, 20.9, 21.65, 20.95, 862, otc]
[8403, 39.1, 37.6, 38.55, 38.15, 6445, otc]
[8404, 25.0, 24.4, 24.90, 24.65, 618, tse]
[8409, 23.75, 22.7, 23.75, 22.90, 432, otc]
[8410, 45.7, 43.5, 44.85, 44.00, 1081, otc]
[8411, 14.95, 14.7, 14.95, 14.85, 409, tse]
[8415, 35.7, 35.1, 35.55, 35.55, 1101, otc]
[8416, 141.5, 132.0, 141.00, 132.00, 201, otc]
[8418, 10.45, 10.0, 10.40, 10.25, 378, otc]
[8420, 104.0, 96.6, 99.00, 97.90, 5107, otc]
[8421, 15.5, 14.75, 15.50, 15.05, 1152, otc]
[8422, 211.5, 207.0, 209.00, 207.50, 1818, tse]
[8423, 21.0, 20.5, 20.80, 21.00, 35, otc]
[8424, 70.5, 68.0, 68.30, 68.60, 120, otc]
[8426, 74.0, 61.0, 74.00, 61.50, 7719, otc]
[8429, 11.0, 10.55, 11.00, 10.70, 1414, tse]
[8431, 68.8, 64.0, 68.70, 64.90, 1432, otc]
[8432, 46.15, 44.3, 46.05, 44.60, 313, otc]
[8433, 93.5, 74.6, 77.00, 87.00, 8163, otc]
[8435, 62.3, 61.5, 62.30, 61.50, 198, otc]
[8436, 182.5, 175.0, 181.00, 179.50, 3919, otc]
[8437, 104.0, 98.1, 101.00, 102.50, 88, otc]
[8438, 26.8, 25.65, 26.20, 26.55, 203, tse]
[8440, 44.2, 42.55, 44.00, 43.65, 1182, otc]
[8442, 82.8, 79.6, 82.80, 80.20, 375, tse]
[8443, 12.25, 12.0, 12.10, 12.20, 754, tse]
[8444, 45.85, 41.2, 43.00, 42.25, 107, otc]
[8446, 158.0, 123.5, 132.00, 124.00, 29497, otc]
[8450, 25.9, 25.2, 25.80, 25.35, 272, otc]
[8454, 701.0, 670.0, 681.00, 670.00, 2382, tse]
[8455, 21.8, 20.9, 21.80, 20.90, 25, otc]
[8462, 161.5, 152.5, 158.00, 158.50, 848, tse]
[8463, 28.5, 27.55, 27.75, 27.70, 351, tse]
[8464, 368.5, 348.5, 368.00, 348.50, 2461, tse]
[8466, 44.95, 44.15, 44.45, 44.35, 103, tse]
[8467, 61.9, 59.7, 61.60, 60.20, 116, tse]
[8472, 40.0, 38.75, 39.85, 38.75, 25, otc]
[8473, 29.8, 29.25, 29.35, 29.35, 237, tse]
[8476, 72.7, 71.0, 72.50, 71.60, 668, otc]
[8477, 17.8, 17.2, 17.20, 17.30, 174, otc]
[8478, 605.0, 553.0, 593.00, 581.00, 16388, tse]
[8481, 59.9, 58.3, 59.70, 58.50, 113, tse]
[8482, 76.9, 75.3, 76.60, 76.20, 82, tse]
[8488, 16.15, 15.5, 16.15, 15.60, 109, tse]
[8489, 25.8, 25.0, 25.10, 25.15, 242, otc]
[8499, 101.5, 100.0, 100.50, 101.00, 214, tse]
[8905, 33.2, 30.7, 33.20, 30.80, 4415, otc]
[8906, 16.9, 16.25, 16.90, 16.75, 66, otc]
[8908, 70.3, 69.9, 70.30, 70.20, 227, otc]
[8916, 56.9, 54.2, 54.60, 56.70, 4552, otc]
[8917, 69.0, 68.1, 68.20, 68.50, 49, otc]
[8921, 14.7, 14.7, 14.70, 14.70, 13, otc]
[8923, 21.15, 20.2, 21.15, 20.50, 31, otc]
[8924, 97.0, 92.6, 93.70, 96.00, 1902, otc]
[8926, 59.0, 50.7, 51.00, 54.90, 71660, tse]
[8927, 52.0, 49.05, 50.80, 49.20, 6687, otc]
[8928, 37.8, 36.5, 36.90, 37.50, 923, otc]
[8929, 22.25, 21.65, 21.85, 21.85, 70, otc]
[8930, 22.65, 21.75, 22.40, 22.05, 2896, otc]
[8931, 70.2, 61.6, 68.30, 65.60, 3703, otc]
[8932, 68.8, 64.9, 65.10, 68.50, 2095, otc]
[8933, 11.6, 11.2, 11.60, 11.55, 4067, otc]
[8935, 12.75, 12.25, 12.25, 12.65, 269, otc]
[8936, 29.35, 28.45, 29.25, 28.90, 10746, otc]
[8937, 22.6, 20.0, 20.25, 22.00, 1811, otc]
[8938, 79.7, 76.5, 79.70, 77.70, 3954, otc]
[8940, 34.85, 33.25, 34.60, 33.40, 5310, tse]
[8941, 58.3, 57.7, 58.30, 57.90, 51, otc]
[8942, 74.2, 72.4, 73.00, 73.90, 2150, otc]
[8996, 335.0, 288.5, 293.00, 317.00, 8633, tse]
[9103, 6.83, 6.5, 6.79, 6.50, 2702, tse]
[9105, 3.83, 3.78, 3.83, 3.82, 7756, tse]
[9110, 7.47, 6.45, 6.90, 7.30, 2271, tse]
[9136, 6.7, 6.53, 6.64, 6.56, 1703, tse]
[9802, 138.5, 128.0, 129.50, 136.50, 10088, tse]
[9902, 13.2, 12.5, 12.65, 12.95, 1463, tse]
[9904, 32.35, 31.95, 32.15, 32.15, 24653, tse]
[9905, 26.25, 25.4, 25.50, 25.80, 548, tse]
[9906, 60.2, 55.8, 56.40, 58.90, 1200, tse]
[9907, 19.9, 19.25, 19.40, 19.70, 18910, tse]
[9908, 33.1, 32.6, 32.75, 33.10, 559, tse]
[9910, 207.0, 191.5, 193.50, 200.50, 6194, tse]
[9911, 66.9, 66.4, 66.90, 66.70, 669, tse]
[9912, 10.9, 10.3, 10.80, 10.55, 442, tse]
[9914, 208.0, 195.5, 197.50, 202.00, 4168, tse]
[9917, 120.0, 116.5, 117.50, 118.50, 6132, tse]
[9918, 44.0, 42.05, 42.05, 43.50, 95, tse]
[9919, 19.4, 18.1, 18.80, 19.20, 26209, tse]
[9921, 223.0, 206.0, 207.50, 217.50, 10354, tse]
[9924, 45.75, 41.95, 44.95, 42.30, 3369, tse]
[9925, 41.8, 41.45, 41.70, 41.55, 838, tse]
[9926, 57.8, 53.9, 54.90, 55.40, 90, tse]
[9927, 45.8, 44.8, 45.60, 45.60, 660, tse]
[9928, 19.2, 18.7, 19.20, 18.80, 420, tse]
[9929, 9.25, 9.02, 9.09, 9.10, 589, tse]
[9930, 54.8, 53.5, 53.80, 54.10, 1366, tse]
[9931, 42.5, 40.6, 40.70, 41.60, 214, tse]
[9933, 42.25, 41.65, 42.20, 41.65, 5911, tse]
[9934, 13.55, 13.3, 13.45, 13.35, 3793, tse]
[9935, 19.75, 19.3, 19.45, 19.40, 524, tse]
[9937, 69.0, 65.3, 65.30, 68.30, 233, tse]
[9938, 56.7, 54.5, 55.20, 55.20, 5911, tse]
[9939, 103.5, 100.0, 102.50, 103.50, 12400, tse]
[9940, 29.2, 28.5, 29.15, 28.65, 1472, tse]
[9941, 201.0, 197.5, 200.00, 197.50, 3640, tse]
[9942, 160.0, 147.5, 160.00, 150.50, 3485, tse]
[9943, 107.5, 96.0, 101.50, 104.00, 12730, tse]
[9944, 24.15, 22.85, 24.10, 22.85, 4013, tse]
[9945, 36.95, 35.55, 36.10, 36.05, 33588, tse]
[9946, 14.9, 14.4, 14.80, 14.40, 768, tse]
[9949, 16.0, 15.2, 15.90, 15.80, 130, otc]
[9950, 15.05, 14.2, 14.30, 14.70, 666, otc]
[9951, 78.8, 72.5, 72.90, 76.70, 2270, otc]
[9955, 25.6, 24.4, 25.60, 24.40, 2328, tse]
[9958, 117.5, 108.0, 116.50, 113.00, 15174, tse]
[9960, 30.05, 29.3, 30.05, 29.85, 110, otc]
[9962, 20.3, 19.75, 20.30, 20.20, 2735, otc]
