[1101, 36.9, 35.9, 36.55, 36.00, 55993, tse]
[1102, 42.8, 42.35, 42.35, 42.65, 8622, tse]
[1103, 18.0, 17.85, 17.95, 17.95, 341, tse]
[1104, 23.4, 23.05, 23.15, 23.20, 1122, tse]
[1108, 11.15, 10.95, 11.05, 11.00, 244, tse]
[1109, 16.25, 15.95, 15.95, 16.25, 178, tse]
[1110, 18.15, 17.9, 18.15, 17.90, 154, tse]
[1201, 19.05, 18.8, 19.00, 18.95, 444, tse]
[1203, 36.15, 35.2, 35.95, 36.10, 34, tse]
[1210, 46.5, 45.65, 46.10, 45.85, 2220, tse]
[1213, 7.15, 6.78, 6.78, 7.05, 18, tse]
[1215, 78.9, 78.4, 78.40, 78.80, 475, tse]
[1216, 68.2, 67.3, 68.00, 67.90, 12613, tse]
[1217, 10.8, 10.65, 10.75, 10.80, 1686, tse]
[1218, 32.6, 31.15, 32.45, 31.35, 3942, tse]
[1219, 20.2, 18.85, 19.00, 19.65, 8247, tse]
[1220, 15.95, 15.6, 15.70, 15.70, 362, tse]
[1225, 57.3, 57.2, 57.30, 57.30, 3, tse]
[1227, 41.4, 40.0, 40.10, 40.90, 2009, tse]
[1229, 51.9, 51.3, 51.50, 51.50, 1831, tse]
[1231, 80.8, 77.8, 78.00, 79.30, 1005, tse]
[1232, 143.5, 142.5, 143.00, 143.00, 108, tse]
[1233, 32.2, 32.0, 32.20, 32.15, 19, tse]
[1234, 32.85, 32.65, 32.75, 32.80, 1086, tse]
[1235, 69.0, 68.0, 68.20, 69.00, 14, tse]
[1236, 22.55, 22.3, 22.35, 22.55, 81, tse]
[1240, 44.35, 43.75, 44.00, 44.00, 25, otc]
[1256, 280.0, 271.5, 273.00, 275.50, 36, tse]
[1258, 22.2, 21.1, 22.00, 22.10, 85, otc]
[1259, 74.3, 73.4, 73.70, 74.30, 32, otc]
[1264, 262.5, 261.0, 261.50, 261.50, 48, otc]
[1268, 129.0, 126.0, 129.00, 128.00, 135, otc]
[1301, 88.9, 88.0, 88.10, 88.60, 10427, tse]
[1303, 75.3, 74.1, 74.70, 75.00, 9808, tse]
[1304, 23.75, 23.15, 23.35, 23.45, 6087, tse]
[1305, 29.2, 27.8, 28.00, 29.10, 8327, tse]
[1307, 20.95, 20.75, 20.80, 20.85, 127, tse]
[1308, 29.75, 28.8, 29.70, 29.10, 3808, tse]
[1309, 22.6, 22.0, 22.60, 22.05, 1595, tse]
[1310, 13.85, 13.65, 13.70, 13.80, 567, tse]
[1312, 19.85, 19.4, 19.60, 19.85, 8340, tse]
[1313, 14.4, 13.9, 14.25, 14.40, 5403, tse]
[1314, 9.96, 9.89, 9.93, 9.94, 8148, tse]
[1315, 71.7, 71.4, 71.70, 71.70, 13, tse]
[1316, 11.8, 11.6, 11.80, 11.65, 827, tse]
[1319, 43.6, 42.45, 42.65, 42.90, 6198, tse]
[1321, 33.8, 33.3, 33.30, 33.60, 200, tse]
[1323, 33.25, 32.75, 32.75, 33.25, 47, tse]
[1324, 11.05, 10.85, 11.00, 11.00, 59, tse]
[1325, 25.4, 24.8, 25.00, 24.80, 663, tse]
[1326, 73.4, 72.0, 73.00, 72.60, 6561, tse]
[1336, 26.0, 23.6, 24.00, 26.00, 1536, otc]
[1337, 7.04, 6.96, 7.02, 7.00, 318, tse]
[1338, 43.15, 42.6, 43.15, 42.80, 185, tse]
[1339, 41.35, 40.7, 40.80, 41.35, 122, tse]
[1340, 10.1, 9.9, 9.96, 9.98, 130, tse]
[1341, 67.2, 66.9, 66.90, 67.10, 36, tse]
[1342, 121.5, 115.0, 118.50, 117.50, 3055, tse]
[1402, 32.8, 32.05, 32.60, 32.35, 11294, tse]
[1409, 17.85, 17.65, 17.75, 17.70, 1898, tse]
[1410, 40.85, 39.8, 40.25, 40.70, 95, tse]
[1413, 9.47, 9.3, 9.39, 9.40, 57, tse]
[1414, 18.0, 17.6, 17.95, 17.85, 559, tse]
[1416, 10.25, 10.15, 10.25, 10.25, 113, tse]
[1417, 13.95, 13.5, 13.80, 13.75, 2903, tse]
[1418, 14.1, 13.8, 13.85, 14.10, 8, tse]
[1419, 40.25, 39.9, 39.90, 40.25, 52, tse]
[1423, 20.15, 20.05, 20.10, 20.05, 207, tse]
[1432, 12.7, 12.4, 12.50, 12.65, 815, tse]
[1434, 27.0, 26.85, 26.95, 26.85, 1150, tse]
[1436, 55.4, 53.5, 53.50, 55.00, 35, tse]
[1437, 25.7, 25.4, 25.45, 25.65, 64, tse]
[1438, 32.15, 31.7, 32.10, 31.95, 34, tse]
[1439, 24.5, 21.9, 23.70, 21.90, 1692, tse]
[1440, 16.75, 16.65, 16.70, 16.70, 961, tse]
[1441, 8.0, 7.82, 8.00, 7.99, 59, tse]
[1442, 33.0, 31.65, 31.90, 33.00, 1470, tse]
[1443, 31.05, 27.6, 30.00, 27.70, 5701, tse]
[1444, 10.35, 10.25, 10.30, 10.30, 1872, tse]
[1445, 16.05, 15.9, 16.00, 16.00, 2953, tse]
[1446, 31.4, 31.15, 31.25, 31.40, 43, tse]
[1447, 7.91, 7.69, 7.72, 7.75, 1595, tse]
[1449, 15.3, 15.05, 15.10, 15.10, 100, tse]
[1451, 21.3, 21.0, 21.00, 21.10, 517, tse]
[1452, 17.6, 17.4, 17.50, 17.55, 108, tse]
[1453, 14.35, 14.0, 14.00, 14.15, 306, tse]
[1454, 13.55, 13.2, 13.55, 13.30, 103, tse]
[1455, 10.65, 10.4, 10.45, 10.50, 931, tse]
[1456, 15.4, 15.0, 15.00, 15.25, 24, tse]
[1457, 18.75, 18.55, 18.70, 18.75, 413, tse]
[1459, 8.44, 8.1, 8.38, 8.30, 78, tse]
[1460, 7.12, 7.03, 7.09, 7.10, 783, tse]
[1463, 15.8, 14.9, 15.30, 14.95, 835, tse]
[1464, 14.15, 13.95, 14.15, 14.05, 236, tse]
[1465, 13.95, 13.9, 13.95, 13.95, 9, tse]
[1466, 11.8, 11.6, 11.80, 11.75, 123, tse]
[1467, 12.2, 11.75, 11.90, 11.85, 11805, tse]
[1468, 18.0, 15.25, 18.00, 15.45, 526, tse]
[1470, 18.0, 17.9, 17.95, 18.00, 20, tse]
[1471, 7.69, 7.59, 7.61, 7.67, 377, tse]
[1472, 27.4, 25.25, 27.40, 25.25, 5, tse]
[1473, 21.4, 20.3, 21.30, 21.35, 1041, tse]
[1474, 12.1, 12.0, 12.05, 12.10, 118, tse]
[1475, 70.5, 67.2, 70.50, 68.50, 332, tse]
[1476, 502.0, 480.5, 501.00, 491.50, 1832, tse]
[1477, 237.5, 224.0, 231.50, 234.00, 4434, tse]
[1503, 62.9, 61.3, 61.70, 62.70, 799, tse]
[1504, 28.45, 28.15, 28.40, 28.20, 2688, tse]
[1506, 17.45, 17.2, 17.45, 17.30, 443, tse]
[1512, 5.01, 4.82, 5.01, 4.82, 787, tse]
[1513, 73.9, 70.2, 70.50, 73.10, 33486, tse]
[1514, 33.0, 31.65, 31.65, 32.90, 10624, tse]
[1515, 30.1, 29.65, 30.00, 29.85, 530, tse]
[1516, 20.3, 19.95, 20.10, 20.10, 367, tse]
[1517, 20.25, 20.05, 20.10, 20.05, 513, tse]
[1519, 52.7, 49.45, 50.10, 52.30, 13954, tse]
[1521, 34.8, 34.6, 34.60, 34.65, 24, tse]
[1522, 27.05, 26.55, 26.80, 26.90, 1813, tse]
[1524, 23.55, 23.15, 23.40, 23.35, 2599, tse]
[1525, 57.5, 56.2, 57.50, 56.70, 80, tse]
[1526, 40.5, 40.05, 40.10, 40.30, 171, tse]
[1527, 41.7, 41.25, 41.30, 41.70, 289, tse]
[1528, 9.95, 9.75, 9.83, 9.87, 294, tse]
[1529, 24.2, 22.45, 22.65, 24.00, 15684, tse]
[1530, 31.1, 30.85, 31.10, 31.10, 66, tse]
[1531, 13.95, 13.8, 13.90, 13.85, 83, tse]
[1532, 29.9, 29.55, 29.60, 29.65, 571, tse]
[1533, 49.0, 48.3, 49.00, 48.50, 228, tse]
[1535, 43.65, 43.3, 43.30, 43.50, 267, tse]
[1536, 68.7, 67.8, 68.70, 68.30, 1059, tse]
[1537, 138.5, 137.5, 138.00, 138.00, 63, tse]
[1538, 7.39, 7.39, 7.39, 7.39, 1, tse]
[1539, 27.8, 27.0, 27.40, 27.70, 551, tse]
[1540, 15.55, 15.4, 15.55, 15.50, 187, tse]
[1541, 33.2, 33.1, 33.10, 33.20, 5, tse]
[1558, 118.5, 117.5, 118.50, 118.50, 56, tse]
[1560, 117.5, 114.0, 115.00, 116.00, 8981, tse]
[1565, 253.5, 248.0, 248.00, 251.50, 240, otc]
[1568, 22.55, 22.3, 22.45, 22.45, 169, tse]
[1569, 22.55, 22.05, 22.15, 22.35, 166, otc]
[1570, 17.15, 16.85, 17.10, 17.05, 45, otc]
[1580, 91.4, 89.7, 90.80, 91.30, 212, otc]
[1582, 59.5, 58.8, 59.50, 59.20, 136, tse]
[1583, 62.9, 62.0, 62.90, 62.00, 7, tse]
[1584, 24.1, 23.05, 24.10, 23.05, 9435, otc]
[1586, 34.5, 33.8, 34.10, 34.50, 162, otc]
[1587, 22.0, 21.65, 21.85, 21.90, 98, tse]
[1589, 62.5, 60.8, 61.30, 61.40, 437, tse]
[1590, 1010.0, 958.0, 973.00, 999.00, 1622, tse]
[1591, 17.15, 17.0, 17.00, 17.15, 97, otc]
[1593, 71.7, 70.4, 70.50, 71.10, 24, otc]
[1595, 37.95, 37.0, 37.80, 37.95, 45, otc]
[1597, 71.1, 69.5, 69.70, 70.00, 54, tse]
[1598, 41.75, 41.15, 41.75, 41.45, 153, tse]
[1599, 39.4, 38.8, 39.40, 39.05, 78, otc]
[1603, 26.1, 25.9, 26.05, 26.00, 284, tse]
[1604, 26.55, 26.15, 26.15, 26.55, 326, tse]
[1605, 47.7, 46.65, 46.80, 47.70, 56882, tse]
[1608, 14.7, 14.3, 14.65, 14.45, 1785, tse]
[1609, 20.6, 20.2, 20.45, 20.55, 3517, tse]
[1611, 13.1, 13.0, 13.10, 13.05, 703, tse]
[1612, 18.6, 18.05, 18.55, 18.30, 4473, tse]
[1614, 36.05, 35.55, 35.55, 35.85, 267, tse]
[1615, 30.3, 29.6, 30.00, 30.05, 196, tse]
[1616, 7.38, 7.23, 7.38, 7.30, 199, tse]
[1617, 15.1, 14.85, 15.10, 14.95, 14, tse]
[1618, 15.15, 14.45, 14.95, 14.95, 1477, tse]
[1626, 17.0, 16.35, 16.70, 16.90, 234, tse]
[1701, 27.65, 26.65, 27.25, 27.25, 13113, tse]
[1702, 45.35, 45.0, 45.30, 45.35, 165, tse]
[1707, 166.5, 161.0, 162.00, 162.00, 1535, tse]
[1708, 40.8, 40.3, 40.60, 40.80, 2477, tse]
[1709, 22.65, 22.5, 22.55, 22.55, 637, tse]
[1710, 18.85, 18.4, 18.85, 18.50, 1583, tse]
[1711, 18.4, 18.3, 18.35, 18.30, 889, tse]
[1712, 37.55, 37.0, 37.00, 37.50, 1394, tse]
[1713, 25.2, 24.75, 24.95, 24.80, 76, tse]
[1714, 8.63, 8.54, 8.59, 8.55, 1376, tse]
[1717, 32.45, 31.9, 32.00, 32.00, 1848, tse]
[1718, 8.47, 8.35, 8.40, 8.38, 4788, tse]
[1720, 56.0, 54.6, 54.90, 55.50, 1862, tse]
[1721, 14.95, 14.75, 14.85, 14.75, 578, tse]
[1722, 55.0, 54.3, 54.40, 54.30, 2226, tse]
[1723, 107.5, 106.5, 106.50, 107.50, 215, tse]
[1725, 20.4, 20.15, 20.30, 20.35, 33, tse]
[1726, 71.2, 70.6, 70.90, 70.90, 25, tse]
[1727, 24.55, 24.15, 24.55, 24.25, 337, tse]
[1730, 55.3, 54.7, 55.20, 55.00, 22, tse]
[1731, 19.45, 19.25, 19.40, 19.25, 267, tse]
[1732, 29.95, 29.2, 29.95, 29.20, 590, tse]
[1733, 25.2, 24.7, 24.85, 24.85, 249, tse]
[1734, 32.0, 30.8, 30.90, 30.90, 3139, tse]
[1735, 15.75, 14.85, 15.20, 14.85, 44, tse]
[1736, 72.0, 69.4, 69.40, 70.70, 4293, tse]
[1737, 32.65, 32.3, 32.30, 32.60, 237, tse]
[1742, 14.7, 14.3, 14.70, 14.50, 78, otc]
[1752, 57.6, 54.9, 56.00, 55.20, 13038, tse]
[1760, 165.5, 159.0, 161.00, 165.00, 10563, tse]
[1762, 61.0, 59.6, 60.40, 60.70, 657, tse]
[1773, 119.0, 117.0, 119.00, 117.50, 173, tse]
[1776, 16.75, 16.5, 16.75, 16.55, 22, tse]
[1777, 82.8, 80.8, 81.20, 82.80, 96, otc]
[1781, 15.1, 14.8, 14.80, 15.00, 76, otc]
[1783, 51.9, 49.15, 51.50, 49.75, 6968, tse]
[1784, 43.5, 42.5, 42.50, 42.65, 182, otc]
[1785, 33.7, 33.2, 33.50, 33.35, 1156, otc]
[1786, 53.7, 52.2, 52.80, 52.60, 410, tse]
[1788, 142.5, 141.0, 141.00, 142.50, 26, otc]
[1789, 25.8, 25.35, 25.50, 25.40, 1363, tse]
[1795, 249.5, 228.5, 233.00, 243.50, 28561, tse]
[1796, 68.0, 64.4, 64.40, 67.00, 64, otc]
[1799, 16.0, 15.55, 15.55, 15.90, 44, otc]
[1802, 22.75, 22.1, 22.65, 22.55, 6725, tse]
[1805, 10.0, 9.84, 9.94, 9.85, 83, tse]
[1806, 9.0, 8.92, 8.95, 9.00, 262, tse]
[1808, 69.4, 68.3, 68.70, 69.40, 290, tse]
[1809, 14.1, 12.8, 13.15, 13.75, 7746, tse]
[1810, 17.6, 16.95, 17.25, 17.60, 6813, tse]
[1813, 22.8, 20.3, 22.40, 21.00, 885, otc]
[1815, 12.35, 12.15, 12.25, 12.15, 1366, otc]
[1817, 38.95, 37.6, 38.60, 38.75, 132, tse]
[1903, 48.9, 47.75, 48.15, 48.05, 216, tse]
[1904, 28.5, 28.2, 28.25, 28.50, 1431, tse]
[1905, 16.55, 16.3, 16.40, 16.45, 693, tse]
[1906, 17.3, 16.6, 17.00, 17.05, 622, tse]
[1907, 25.25, 24.85, 25.20, 25.00, 1809, tse]
[1909, 17.5, 16.75, 17.15, 17.50, 12448, tse]
[2002, 31.45, 30.85, 31.20, 31.20, 32884, tse]
[2006, 56.1, 54.8, 55.40, 56.10, 3314, tse]
[2007, 12.15, 11.85, 12.10, 12.00, 2304, tse]
[2008, 18.4, 18.15, 18.20, 18.40, 113, tse]
[2009, 32.3, 31.55, 31.85, 31.75, 6184, tse]
[2010, 16.05, 15.8, 15.80, 15.95, 716, tse]
[2012, 23.85, 23.75, 23.80, 23.80, 66, tse]
[2013, 59.8, 59.0, 59.80, 59.30, 295, tse]
[2014, 28.5, 27.75, 27.95, 28.45, 38170, tse]
[2015, 66.7, 65.5, 66.00, 66.70, 221, tse]
[2017, 14.3, 14.1, 14.15, 14.25, 709, tse]
[2020, 23.4, 23.05, 23.30, 23.15, 505, tse]
[2022, 8.46, 8.27, 8.35, 8.30, 802, tse]
[2023, 16.2, 15.9, 16.10, 16.05, 4745, tse]
[2024, 18.65, 18.0, 18.35, 18.20, 111, tse]
[2025, 5.0, 4.91, 5.00, 4.99, 157, tse]
[2027, 43.5, 42.95, 43.15, 43.50, 11172, tse]
[2028, 29.55, 28.55, 29.40, 29.40, 4366, tse]
[2029, 25.15, 24.65, 24.70, 25.05, 858, tse]
[2030, 23.15, 22.8, 23.00, 23.10, 2000, tse]
[2031, 45.45, 44.05, 45.00, 45.30, 4546, tse]
[2032, 20.85, 20.55, 20.80, 20.70, 1296, tse]
[2033, 16.15, 15.25, 15.25, 15.40, 3177, tse]
[2034, 29.7, 29.0, 29.00, 29.65, 3998, tse]
[2035, 32.2, 31.8, 32.00, 32.15, 67, otc]
[2038, 22.85, 22.1, 22.60, 22.75, 3482, tse]
[2049, 201.5, 189.0, 189.00, 201.50, 6372, tse]
[2059, 402.5, 392.0, 400.50, 400.50, 615, tse]
[2061, 27.0, 25.35, 25.50, 25.90, 432, otc]
[2062, 24.2, 23.5, 24.20, 23.65, 532, tse]
[2063, 45.2, 43.7, 44.00, 45.05, 301, otc]
[2064, 18.3, 17.9, 18.25, 17.90, 32, otc]
[2065, 54.5, 53.7, 54.30, 54.00, 243, otc]
[2066, 74.7, 73.4, 73.90, 74.30, 162, otc]
[2067, 10.6, 10.15, 10.35, 10.55, 38, otc]
[2069, 20.7, 20.3, 20.60, 20.65, 737, tse]
[2070, 38.45, 37.2, 38.20, 38.00, 167, otc]
[2101, 33.5, 33.15, 33.30, 33.40, 607, tse]
[2102, 20.5, 20.15, 20.30, 20.35, 281, tse]
[2103, 27.95, 27.25, 27.30, 27.85, 1488, tse]
[2104, 20.0, 19.45, 19.95, 19.70, 2227, tse]
[2105, 34.8, 34.3, 34.60, 34.50, 4254, tse]
[2106, 30.7, 30.35, 30.50, 30.55, 557, tse]
[2107, 22.0, 21.5, 21.85, 21.95, 778, tse]
[2108, 39.45, 38.3, 38.55, 39.10, 1163, tse]
[2109, 14.65, 14.45, 14.60, 14.50, 245, tse]
[2114, 96.1, 95.0, 95.40, 95.60, 28, tse]
[2115, 30.4, 30.0, 30.20, 30.40, 45, tse]
[2201, 71.6, 66.8, 67.40, 71.00, 77106, tse]
[2204, 57.0, 53.2, 53.20, 56.80, 4928, tse]
[2206, 34.3, 33.8, 34.20, 34.10, 2141, tse]
[2207, 633.0, 622.0, 626.00, 626.00, 402, tse]
[2208, 18.7, 18.35, 18.70, 18.45, 2238, tse]
[2211, 52.2, 51.7, 52.10, 52.00, 288, tse]
[2221, 37.95, 37.65, 37.70, 37.85, 54, otc]
[2227, 205.0, 194.5, 194.50, 195.50, 28, tse]
[2228, 75.4, 74.2, 75.10, 74.50, 127, tse]
[2230, 43.65, 41.25, 42.00, 41.25, 5986, otc]
[2231, 140.0, 138.5, 139.50, 139.00, 337, tse]
[2233, 98.6, 98.0, 98.20, 98.50, 95, tse]
[2235, 47.5, 45.45, 45.50, 46.75, 37, otc]
[2236, 31.9, 27.7, 27.80, 31.10, 3733, tse]
[2239, 60.7, 59.5, 60.00, 60.40, 70, tse]
[2241, 31.0, 30.5, 30.85, 30.80, 101, tse]
[2243, 16.3, 14.65, 15.30, 15.40, 517, tse]
[2247, 213.5, 212.0, 213.50, 213.00, 38, tse]
[2250, 71.8, 70.1, 71.80, 70.30, 46, tse]
[2301, 65.9, 64.7, 65.20, 65.70, 8676, tse]
[2302, 15.85, 15.45, 15.75, 15.80, 440, tse]
[2303, 46.0, 44.6, 45.25, 45.95, 192044, tse]
[2305, 25.65, 24.85, 24.95, 25.40, 589, tse]
[2308, 287.5, 280.0, 281.00, 286.00, 11452, tse]
[2312, 13.2, 12.95, 13.10, 13.10, 7353, tse]
[2313, 44.25, 43.1, 43.50, 44.25, 12858, tse]
[2314, 38.6, 37.95, 38.35, 38.35, 747, tse]
[2316, 27.45, 27.3, 27.40, 27.40, 115, tse]
[2317, 99.2, 98.1, 98.60, 98.10, 61546, tse]
[2321, 6.17, 5.82, 6.17, 6.02, 58, tse]
[2323, 7.43, 7.36, 7.43, 7.36, 2521, tse]
[2324, 22.9, 22.65, 22.80, 22.85, 13614, tse]
[2327, 522.0, 511.0, 516.00, 519.00, 5086, tse]
[2328, 36.35, 35.8, 36.10, 36.00, 2303, tse]
[2329, 17.95, 17.65, 17.90, 17.85, 1264, tse]
[2330, 508.0, 499.5, 506.00, 503.00, 68224, tse]
[2331, 20.65, 20.35, 20.55, 20.50, 1207, tse]
[2332, 15.25, 14.9, 15.05, 15.05, 3343, tse]
[2337, 34.65, 34.3, 34.45, 34.60, 6713, tse]
[2338, 92.5, 88.2, 92.00, 88.20, 22573, tse]
[2340, 35.4, 34.3, 34.30, 35.30, 1907, tse]
[2342, 38.7, 37.95, 38.20, 38.50, 865, tse]
[2344, 21.0, 20.7, 20.70, 21.00, 14236, tse]
[2345, 253.0, 244.0, 246.00, 252.50, 3786, tse]
[2347, 60.5, 59.6, 60.00, 60.20, 4077, tse]
[2348, 66.1, 64.8, 65.00, 66.00, 115, tse]
[2349, 7.99, 7.85, 7.89, 7.93, 1581, tse]
[2351, 98.5, 96.4, 98.30, 96.50, 1563, tse]
[2352, 28.0, 27.7, 27.80, 27.80, 4466, tse]
[2353, 24.5, 24.0, 24.05, 24.50, 13018, tse]
[2354, 53.1, 52.0, 53.10, 52.20, 2617, tse]
[2355, 29.2, 28.75, 29.00, 29.20, 520, tse]
[2356, 26.2, 25.7, 26.00, 25.70, 9052, tse]
[2357, 271.0, 268.0, 269.00, 268.00, 2383, tse]
[2358, 16.75, 15.9, 16.60, 15.90, 15327, tse]
[2359, 25.9, 25.45, 25.70, 25.90, 2047, tse]
[2360, 186.5, 178.5, 186.50, 181.00, 2118, tse]
[2362, 30.7, 30.55, 30.65, 30.60, 173, tse]
[2363, 16.7, 16.4, 16.50, 16.70, 1715, tse]
[2364, 92.9, 89.5, 90.70, 89.90, 752, tse]
[2365, 10.9, 9.93, 10.00, 10.45, 4014, tse]
[2367, 17.8, 17.4, 17.50, 17.65, 4518, tse]
[2368, 89.8, 87.2, 89.20, 88.00, 9868, tse]
[2369, 13.25, 13.0, 13.20, 13.05, 794, tse]
[2371, 33.35, 32.8, 32.90, 33.15, 4412, tse]
[2373, 77.8, 76.9, 77.80, 77.20, 275, tse]
[2374, 20.45, 20.2, 20.40, 20.30, 495, tse]
[2375, 58.6, 57.3, 58.20, 57.50, 388, tse]
[2376, 115.0, 113.0, 114.50, 114.00, 9330, tse]
[2377, 128.5, 124.5, 126.00, 127.50, 5067, tse]
[2379, 324.0, 315.0, 321.00, 316.50, 3712, tse]
[2380, 10.45, 10.3, 10.35, 10.45, 748, tse]
[2382, 75.1, 73.8, 74.10, 75.00, 10852, tse]
[2383, 179.5, 169.5, 176.50, 178.50, 7374, tse]
[2385, 86.2, 84.9, 85.70, 86.00, 1432, tse]
[2387, 38.05, 37.6, 37.80, 37.90, 340, tse]
[2388, 67.5, 66.3, 67.40, 66.60, 6916, tse]
[2390, 12.45, 12.2, 12.40, 12.25, 600, tse]
[2392, 37.0, 36.6, 36.85, 36.85, 667, tse]
[2393, 37.15, 36.6, 36.85, 37.00, 612, tse]
[2395, 349.5, 337.0, 340.00, 338.00, 1420, tse]
[2397, 61.1, 60.5, 60.70, 60.90, 86, tse]
[2399, 14.15, 13.7, 13.90, 13.80, 4368, tse]
[2401, 22.8, 22.5, 22.75, 22.80, 1600, tse]
[2402, 17.75, 17.35, 17.70, 17.50, 2430, tse]
[2404, 199.5, 195.5, 197.50, 197.50, 1223, tse]
[2405, 11.8, 11.55, 11.75, 11.55, 1542, tse]
[2406, 18.75, 18.3, 18.55, 18.70, 1249, tse]
[2408, 57.8, 56.2, 56.80, 57.70, 16622, tse]
[2409, 16.05, 15.8, 15.95, 15.85, 35041, tse]
[2412, 115.0, 113.5, 114.00, 114.00, 17719, tse]
[2413, 26.45, 25.8, 26.10, 26.15, 1312, tse]
[2414, 31.05, 30.9, 30.90, 31.05, 87, tse]
[2415, 21.45, 20.95, 21.25, 21.00, 129, tse]
[2417, 22.5, 22.1, 22.15, 22.20, 482, tse]
[2419, 25.3, 24.95, 25.15, 25.10, 2158, tse]
[2420, 39.65, 39.4, 39.50, 39.60, 90, tse]
[2421, 41.8, 41.1, 41.15, 41.35, 958, tse]
[2423, 28.1, 27.65, 27.65, 28.05, 178, tse]
[2424, 20.45, 19.7, 20.45, 19.75, 43, tse]
[2425, 30.25, 29.3, 29.45, 29.65, 2169, tse]
[2426, 16.85, 16.55, 16.85, 16.70, 443, tse]
[2427, 12.0, 11.85, 12.00, 11.90, 242, tse]
[2428, 144.0, 138.0, 144.00, 139.50, 1793, tse]
[2429, 10.05, 9.65, 9.65, 9.74, 70, tse]
[2430, 44.7, 43.95, 44.70, 44.45, 157, tse]
[2431, 9.88, 9.7, 9.85, 9.86, 391, tse]
[2433, 48.5, 48.4, 48.50, 48.45, 25, tse]
[2434, 29.3, 27.8, 28.90, 27.80, 115, tse]
[2436, 46.6, 45.5, 46.45, 45.50, 1697, tse]
[2438, 14.95, 14.0, 14.00, 14.15, 1488, tse]
[2439, 80.3, 78.7, 80.30, 79.20, 715, tse]
[2440, 11.9, 11.7, 11.80, 11.90, 76, tse]
[2441, 49.05, 48.65, 48.75, 48.80, 1174, tse]
[2442, 13.15, 12.7, 12.70, 13.05, 855, tse]
[2443, 2.9, 2.8, 2.83, 2.90, 137, tse]
[2444, 18.25, 17.7, 17.90, 17.90, 5282, tse]
[2449, 37.35, 36.95, 37.00, 37.15, 4884, tse]
[2450, 31.85, 31.45, 31.70, 31.50, 130, tse]
[2451, 67.5, 67.0, 67.20, 67.40, 386, tse]
[2453, 26.35, 25.8, 25.80, 25.90, 201, tse]
[2454, 712.0, 693.0, 707.00, 693.00, 10060, tse]
[2455, 80.5, 77.4, 78.50, 79.60, 5171, tse]
[2457, 38.35, 37.7, 38.30, 38.00, 3104, tse]
[2458, 91.9, 90.3, 91.40, 91.00, 1295, tse]
[2459, 53.0, 52.4, 52.50, 52.90, 66, tse]
[2460, 17.2, 16.8, 16.90, 17.00, 251, tse]
[2461, 19.6, 18.8, 19.60, 18.90, 1733, tse]
[2462, 28.9, 27.4, 27.40, 28.50, 1184, tse]
[2464, 38.65, 38.2, 38.65, 38.35, 255, tse]
[2465, 42.9, 40.8, 42.00, 41.00, 15556, tse]
[2466, 33.95, 33.6, 33.70, 33.75, 136, tse]
[2467, 44.4, 43.65, 43.80, 44.00, 82, tse]
[2468, 29.65, 27.4, 29.00, 27.40, 6840, tse]
[2471, 28.35, 27.95, 27.95, 28.20, 237, tse]
[2472, 56.3, 55.3, 55.30, 55.90, 409, tse]
[2474, 177.5, 174.0, 177.00, 175.00, 2817, tse]
[2476, 47.05, 45.85, 46.35, 46.65, 758, tse]
[2477, 20.5, 20.25, 20.50, 20.25, 25, tse]
[2478, 43.4, 42.6, 42.85, 43.30, 112, tse]
[2480, 85.2, 83.9, 84.00, 85.20, 294, tse]
[2481, 63.0, 61.8, 62.00, 62.80, 2688, tse]
[2482, 27.8, 26.0, 26.65, 27.45, 7472, tse]
[2483, 24.3, 24.05, 24.25, 24.10, 156, tse]
[2484, 33.7, 33.15, 33.15, 33.30, 907, tse]
[2485, 17.2, 16.95, 16.95, 17.15, 925, tse]
[2486, 21.85, 21.35, 21.70, 21.35, 1847, tse]
[2488, 29.05, 28.7, 28.80, 29.00, 141, tse]
[2489, 9.94, 9.76, 9.94, 9.81, 1713, tse]
[2491, 11.5, 11.3, 11.30, 11.30, 208, tse]
[2492, 85.8, 83.2, 84.90, 84.00, 1820, tse]
[2493, 47.0, 46.0, 46.00, 46.55, 459, tse]
[2495, 17.5, 17.0, 17.25, 17.00, 2485, tse]
[2496, 48.3, 47.5, 47.50, 48.00, 16, tse]
[2497, 71.7, 70.0, 70.90, 71.30, 1003, tse]
[2498, 57.9, 56.9, 57.70, 57.20, 19661, tse]
[2501, 16.1, 16.0, 16.10, 16.05, 744, tse]
[2504, 25.6, 25.1, 25.25, 25.60, 2256, tse]
[2505, 18.3, 18.1, 18.15, 18.20, 387, tse]
[2506, 9.2, 9.08, 9.11, 9.14, 323, tse]
[2509, 14.6, 14.4, 14.45, 14.55, 58, tse]
[2511, 11.1, 10.9, 11.10, 10.95, 1117, tse]
[2514, 16.9, 16.7, 16.85, 16.75, 252, tse]
[2515, 8.3, 8.2, 8.28, 8.23, 2804, tse]
[2516, 5.05, 4.9, 5.05, 4.99, 250, tse]
[2520, 29.0, 28.65, 29.00, 28.70, 1260, tse]
[2524, 33.65, 33.35, 33.60, 33.35, 4, tse]
[2527, 21.0, 20.6, 20.75, 20.85, 320, tse]
[2528, 16.4, 16.0, 16.15, 16.25, 1131, tse]
[2530, 17.3, 17.15, 17.20, 17.25, 492, tse]
[2534, 23.1, 22.85, 22.90, 23.10, 1080, tse]
[2535, 30.25, 30.0, 30.10, 30.05, 357, tse]
[2536, 22.5, 22.4, 22.45, 22.45, 384, tse]
[2537, 7.01, 6.93, 6.95, 6.97, 547, tse]
[2538, 12.7, 12.55, 12.70, 12.65, 455, tse]
[2539, 33.3, 32.25, 32.30, 32.90, 748, tse]
[2540, 85.2, 73.3, 73.50, 85.20, 1971, tse]
[2542, 41.0, 40.5, 40.85, 40.70, 5161, tse]
[2543, 9.03, 8.91, 8.97, 8.91, 103, tse]
[2545, 41.8, 40.25, 40.50, 41.70, 488, tse]
[2546, 54.0, 53.0, 54.00, 53.50, 137, tse]
[2547, 9.07, 9.01, 9.06, 9.02, 460, tse]
[2548, 88.8, 88.2, 88.20, 88.80, 447, tse]
[2596, 18.0, 17.6, 17.75, 18.00, 71, otc]
[2597, 124.0, 122.5, 122.50, 123.50, 127, tse]
[2601, 8.65, 8.47, 8.55, 8.48, 2579, tse]
[2603, 155.5, 149.5, 153.00, 152.50, 34401, tse]
[2605, 19.4, 19.0, 19.35, 19.20, 2695, tse]
[2606, 50.0, 48.5, 49.80, 49.80, 8805, tse]
[2607, 26.75, 26.35, 26.60, 26.55, 3732, tse]
[2608, 39.0, 38.45, 38.45, 38.80, 467, tse]
[2609, 62.3, 60.7, 62.10, 62.00, 43949, tse]
[2610, 19.35, 18.9, 19.30, 18.95, 51660, tse]
[2611, 13.45, 13.05, 13.45, 13.10, 888, tse]
[2612, 38.4, 37.4, 38.20, 38.40, 780, tse]
[2613, 21.8, 21.25, 21.70, 21.55, 448, tse]
[2614, 24.3, 23.6, 24.00, 23.65, 11445, tse]
[2615, 75.2, 72.6, 74.60, 73.60, 26640, tse]
[2616, 31.1, 30.6, 31.05, 30.70, 733, tse]
[2617, 26.4, 25.85, 26.00, 26.15, 1514, tse]
[2618, 28.8, 28.15, 28.70, 28.40, 58577, tse]
[2630, 16.75, 16.55, 16.55, 16.65, 40, tse]
[2633, 29.1, 28.8, 29.00, 29.10, 6192, tse]
[2634, 34.9, 34.15, 34.90, 34.15, 8119, tse]
[2636, 64.5, 62.6, 64.50, 63.50, 1084, tse]
[2637, 59.8, 57.8, 58.90, 59.80, 6089, tse]
[2640, 91.5, 87.7, 88.50, 90.10, 105, otc]
[2641, 18.05, 17.6, 17.80, 17.90, 1944, otc]
[2642, 51.0, 49.0, 49.95, 49.70, 880, tse]
[2643, 68.2, 67.8, 67.90, 68.00, 61, otc]
[2701, 12.1, 11.95, 12.05, 12.00, 577, tse]
[2702, 22.9, 22.55, 22.90, 22.60, 488, tse]
[2704, 32.75, 32.3, 32.35, 32.60, 165, tse]
[2705, 17.0, 16.6, 16.95, 16.95, 677, tse]
[2706, 14.15, 14.05, 14.15, 14.05, 201, tse]
[2707, 257.0, 246.0, 254.50, 255.00, 2783, tse]
[2712, 33.1, 32.1, 33.00, 32.10, 16, tse]
[2718, 33.4, 33.3, 33.30, 33.40, 5, otc]
[2719, 29.9, 28.2, 29.90, 29.20, 23, otc]
[2722, 32.8, 32.35, 32.60, 32.65, 42, tse]
[2723, 148.5, 143.0, 147.50, 144.50, 1744, tse]
[2724, 13.5, 13.0, 13.50, 13.00, 4, otc]
[2726, 23.0, 22.5, 22.80, 22.50, 39, otc]
[2727, 172.5, 167.5, 172.50, 169.50, 1479, tse]
[2729, 214.0, 209.0, 214.00, 211.50, 144, otc]
[2731, 106.0, 102.0, 104.50, 104.50, 1600, tse]
[2732, 150.0, 135.5, 145.50, 144.00, 8503, otc]
[2734, 26.8, 26.5, 26.80, 26.60, 185, otc]
[2736, 22.6, 21.75, 22.45, 22.05, 1490, otc]
[2739, 31.2, 30.5, 31.20, 30.55, 91, tse]
[2740, NaN, NaN, NaN, NaN, 0, otc]
[2743, 59.0, 56.1, 57.40, 57.60, 1306, otc]
[2745, 40.0, 38.8, 38.80, 39.20, 76, otc]
[2748, 66.5, 60.7, 62.50, 65.00, 12314, tse]
[2752, 221.5, 215.0, 219.00, 217.50, 146, otc]
[2753, 233.0, 222.0, 231.00, 227.50, 1905, tse]
[2754, 153.0, 140.0, 152.50, 142.50, 2240, otc]
[2755, 85.0, 84.0, 84.00, 84.50, 12, otc]
[2756, 112.5, 109.0, 112.00, 112.00, 56, otc]
[2801, 17.6, 17.5, 17.50, 17.60, 11894, tse]
[2809, 34.95, 34.4, 34.40, 34.95, 3625, tse]
[2812, 13.1, 13.0, 13.05, 13.05, 13042, tse]
[2816, 16.2, 16.1, 16.10, 16.15, 111, tse]
[2820, 15.05, 14.85, 14.95, 14.95, 708, tse]
[2832, 20.7, 20.55, 20.65, 20.70, 230, tse]
[2834, 13.5, 13.35, 13.35, 13.45, 45571, tse]
[2836, 12.7, 12.6, 12.70, 12.70, 467, tse]
[2838, 16.05, 15.9, 15.90, 16.00, 1008, tse]
[2845, 11.65, 11.5, 11.55, 11.55, 6417, tse]
[2849, 14.9, 14.7, 14.80, 14.80, 66, tse]
[2850, 50.5, 49.8, 50.00, 50.40, 245, tse]
[2851, 18.0, 17.45, 17.55, 17.90, 7045, tse]
[2852, 16.3, 16.15, 16.20, 16.25, 506, tse]
[2855, 16.15, 15.9, 16.00, 16.05, 856, tse]
[2867, 5.45, 5.4, 5.45, 5.43, 11156, tse]
[2880, 23.25, 22.85, 22.85, 22.95, 23355, tse]
[2881, 60.0, 59.1, 59.20, 59.80, 32111, tse]
[2882, 42.1, 41.6, 42.00, 42.00, 54371, tse]
[2883, 13.1, 12.95, 13.00, 13.05, 52968, tse]
[2884, 24.6, 24.15, 24.50, 24.15, 56736, tse]
[2885, 22.8, 22.5, 22.60, 22.70, 38052, tse]
[2886, 32.0, 31.8, 31.90, 32.00, 24267, tse]
[2887, 15.85, 15.7, 15.75, 15.80, 26957, tse]
[2888, 8.98, 8.88, 8.91, 8.97, 52004, tse]
[2889, 12.45, 12.15, 12.30, 12.20, 21910, tse]
[2890, 17.75, 17.3, 17.40, 17.75, 44066, tse]
[2891, 23.25, 22.9, 22.95, 23.20, 54915, tse]
[2892, 26.85, 26.5, 26.55, 26.75, 30368, tse]
[2897, 9.14, 9.04, 9.13, 9.10, 6739, tse]
[2901, 23.7, 23.55, 23.70, 23.65, 14, tse]
[2903, 21.8, 21.45, 21.70, 21.70, 1783, tse]
[2904, 20.0, 19.9, 19.90, 19.95, 50, tse]
[2905, 15.4, 15.2, 15.35, 15.40, 275, tse]
[2906, 18.0, 17.6, 17.80, 17.80, 635, tse]
[2908, 19.9, 19.75, 19.85, 19.85, 247, tse]
[2910, 29.45, 29.0, 29.25, 29.40, 19, tse]
[2911, 7.0, 6.9, 7.00, 6.93, 300, tse]
[2912, 274.5, 270.5, 272.50, 271.50, 2079, tse]
[2913, 21.45, 21.1, 21.15, 21.20, 897, tse]
[2915, 64.4, 63.3, 64.40, 63.70, 4920, tse]
[2916, 28.2, 27.4, 28.10, 27.65, 594, otc]
[2923, 21.8, 21.2, 21.20, 21.55, 22, tse]
[2924, 33.0, 32.0, 32.10, 32.00, 7, otc]
[2926, 59.5, 58.7, 59.00, 59.50, 17, otc]
[2929, 17.75, 16.55, 16.85, 17.25, 6099, tse]
[2937, 36.5, 35.95, 36.50, 36.00, 82, otc]
[2939, 31.15, 30.05, 30.05, 31.15, 41, tse]
[2945, 42.6, 42.25, 42.25, 42.60, 10, tse]
[2947, 93.0, 92.6, 93.00, 92.80, 5, otc]
[3002, 11.45, 11.2, 11.45, 11.25, 78, tse]
[3003, 68.6, 67.5, 68.40, 68.00, 596, tse]
[3004, 78.9, 75.5, 76.10, 78.10, 373, tse]
[3005, 45.2, 44.4, 44.40, 45.15, 1821, tse]
[3006, 72.7, 70.9, 71.10, 72.50, 3880, tse]
[3008, 2090.0, 2005.0, 2,015.00, 2,075.00, 1491, tse]
[3010, 86.0, 84.8, 86.00, 85.30, 307, tse]
[3011, 17.25, 16.75, 17.20, 17.00, 860, tse]
[3013, 19.05, 18.1, 18.35, 18.45, 11541, tse]
[3014, 75.8, 74.2, 75.80, 74.70, 742, tse]
[3015, 38.75, 38.3, 38.75, 38.45, 80, tse]
[3016, 72.7, 71.2, 72.00, 72.00, 535, tse]
[3017, 108.5, 106.0, 108.00, 108.50, 3746, tse]
[3019, 61.7, 61.0, 61.30, 61.50, 545, tse]
[3021, 20.35, 20.15, 20.20, 20.30, 50, tse]
[3022, 74.4, 69.3, 69.30, 73.10, 3508, tse]
[3023, 285.5, 281.0, 281.00, 284.00, 625, tse]
[3024, 13.2, 13.0, 13.20, 13.00, 838, tse]
[3025, 19.85, 19.5, 19.80, 19.85, 380, tse]
[3026, 90.6, 90.0, 90.40, 90.30, 172, tse]
[3027, 37.15, 33.95, 34.50, 36.40, 16231, tse]
[3028, 30.0, 29.75, 29.90, 30.00, 451, tse]
[3029, 41.45, 40.8, 40.80, 41.30, 298, tse]
[3030, 63.2, 62.7, 62.90, 63.10, 292, tse]
[3031, 15.3, 15.05, 15.15, 15.25, 133, tse]
[3032, 30.45, 29.8, 29.85, 30.10, 21, tse]
[3033, 27.0, 26.7, 26.75, 26.95, 1208, tse]
[3034, 351.0, 343.0, 350.00, 348.00, 6806, tse]
[3035, 161.0, 157.5, 158.50, 160.00, 9711, tse]
[3036, 63.6, 63.0, 63.30, 63.40, 1263, tse]
[3037, 131.0, 126.0, 126.00, 127.00, 44310, tse]
[3038, 20.3, 20.1, 20.15, 20.30, 567, tse]
[3040, 29.9, 29.25, 29.70, 29.30, 51, tse]
[3041, 20.45, 20.15, 20.25, 20.20, 572, tse]
[3042, 83.8, 82.3, 83.30, 82.50, 1170, tse]
[3043, 25.95, 25.55, 25.55, 25.60, 103, tse]
[3044, 99.4, 98.3, 98.50, 98.30, 1152, tse]
[3045, 96.5, 95.2, 95.70, 95.20, 4859, tse]
[3046, 45.15, 44.5, 44.55, 44.55, 740, tse]
[3047, 15.6, 15.35, 15.55, 15.45, 3311, tse]
[3048, 27.0, 26.65, 26.90, 26.85, 891, tse]
[3049, 9.17, 9.11, 9.12, 9.13, 1400, tse]
[3050, 17.45, 17.2, 17.45, 17.25, 456, tse]
[3051, 17.2, 16.8, 17.10, 17.00, 611, tse]
[3052, 10.45, 10.25, 10.45, 10.30, 217, tse]
[3054, 19.2, 18.7, 19.20, 18.70, 32, tse]
[3055, 24.2, 23.6, 24.20, 24.00, 1240, tse]
[3056, 30.65, 30.15, 30.20, 30.60, 838, tse]
[3057, 10.05, 9.88, 10.05, 10.00, 137, tse]
[3058, 9.9, 9.66, 9.72, 9.72, 273, tse]
[3059, 32.35, 31.8, 31.90, 32.25, 1602, tse]
[3060, 16.6, 16.3, 16.40, 16.45, 211, tse]
[3062, 23.45, 23.0, 23.05, 23.10, 1964, tse]
[3064, 14.9, 14.3, 14.55, 14.45, 32, otc]
[3066, 24.25, 23.3, 23.70, 23.85, 132, otc]
[3067, 36.15, 35.95, 36.15, 35.95, 2, otc]
[3071, 24.95, 24.35, 24.95, 24.50, 132, otc]
[3073, 30.2, 28.55, 29.50, 30.20, 23, otc]
[3078, 28.95, 28.55, 28.55, 28.65, 279, otc]
[3081, 117.0, 113.5, 114.00, 115.00, 1512, otc]
[3083, 48.0, 47.0, 47.10, 47.35, 898, otc]
[3085, 11.3, 10.1, 10.40, 10.95, 27, otc]
[3086, 80.6, 78.4, 79.10, 80.00, 45, otc]
[3088, 60.7, 60.1, 60.20, 60.20, 310, otc]
[3089, 66.4, 65.0, 65.90, 66.40, 101, otc]
[3090, 53.2, 52.6, 53.00, 53.00, 338, tse]
[3092, 34.7, 34.0, 34.60, 34.10, 249, tse]
[3093, 28.05, 27.4, 27.95, 27.75, 1011, otc]
[3094, 25.0, 24.5, 25.00, 24.65, 343, tse]
[3095, 37.15, 34.8, 37.15, 35.25, 10, otc]
[3105, 180.0, 169.0, 170.50, 180.00, 16257, otc]
[3114, 25.45, 25.05, 25.45, 25.40, 65, otc]
[3115, 11.3, 11.05, 11.20, 11.30, 8, otc]
[3118, 28.85, 28.0, 28.85, 28.15, 31, otc]
[3122, 25.35, 24.3, 25.00, 24.40, 366, otc]
[3128, 40.65, 38.4, 38.75, 39.80, 3532, otc]
[3130, 205.5, 198.5, 204.50, 199.50, 118, tse]
[3131, 234.0, 229.0, 230.50, 230.50, 65, otc]
[3138, 139.0, 133.5, 135.50, 136.50, 314, tse]
[3141, 90.5, 88.0, 88.70, 89.00, 2936, otc]
[3147, 51.8, 51.0, 51.10, 51.70, 114, otc]
[3149, 18.4, 18.05, 18.40, 18.05, 497, tse]
[3152, 187.0, 183.0, 187.00, 187.00, 71, otc]
[3162, 48.65, 46.7, 46.70, 47.75, 1463, otc]
[3163, 53.2, 51.3, 51.80, 52.60, 1867, otc]
[3164, 23.6, 23.0, 23.05, 23.20, 133, tse]
[3167, 41.4, 40.95, 41.40, 41.30, 31, tse]
[3169, 106.0, 101.5, 102.50, 106.00, 483, otc]
[3171, 16.8, 16.2, 16.50, 16.70, 67, otc]
[3176, 31.9, 31.35, 31.35, 31.50, 206, otc]
[3178, 68.9, 66.7, 66.80, 67.80, 214, otc]
[3188, 12.3, 12.05, 12.15, 12.25, 168, otc]
[3189, 108.5, 106.0, 106.00, 108.00, 8735, tse]
[3191, 7.0, 6.9, 6.98, 6.90, 46, otc]
[3202, 14.45, 14.2, 14.20, 14.35, 134, otc]
[3205, 40.15, 37.5, 37.90, 38.55, 676, otc]
[3206, 28.85, 28.4, 28.85, 28.80, 214, otc]
[3207, 51.6, 50.6, 50.70, 51.60, 1866, otc]
[3209, 38.0, 37.3, 37.50, 38.00, 1776, tse]
[3211, 75.8, 74.3, 75.00, 75.30, 329, otc]
[3213, 44.9, 44.0, 44.00, 44.90, 49, otc]
[3217, 81.8, 80.6, 81.10, 80.80, 149, otc]
[3218, 336.5, 305.0, 308.00, 324.00, 3800, otc]
[3219, 65.0, 53.9, 54.90, 65.00, 609, otc]
[3221, 25.95, 25.7, 25.90, 25.70, 311, otc]
[3224, 41.35, 39.9, 41.35, 39.95, 164, otc]
[3226, 55.5, 55.5, 55.50, 55.50, 1, otc]
[3227, 99.0, 97.6, 99.00, 97.90, 291, otc]
[3228, 190.0, 180.5, 181.00, 187.50, 3244, otc]
[3229, 19.55, 19.35, 19.35, 19.55, 17, tse]
[3230, 12.65, 12.3, 12.40, 12.30, 155, otc]
[3231, 30.3, 29.95, 30.20, 30.20, 12752, tse]
[3232, 30.55, 29.45, 29.70, 30.25, 180, otc]
[3234, 21.85, 20.95, 20.95, 21.25, 893, otc]
[3236, 23.8, 22.95, 23.05, 23.75, 419, otc]
[3252, 19.3, 18.25, 18.50, 19.10, 504, otc]
[3257, 43.0, 42.3, 42.50, 43.00, 67, tse]
[3259, 18.8, 17.45, 18.80, 18.40, 100, otc]
[3260, 62.8, 60.7, 61.90, 62.20, 2328, otc]
[3264, 51.5, 50.4, 50.80, 51.10, 5145, otc]
[3265, 48.05, 46.4, 46.60, 48.05, 1926, otc]
[3266, 11.8, 11.7, 11.75, 11.75, 101, tse]
[3268, 22.1, 21.7, 22.05, 21.80, 59, otc]
[3272, 42.3, 40.5, 41.30, 41.75, 1249, otc]
[3276, 12.25, 11.95, 11.95, 12.10, 50, otc]
[3284, 14.5, 13.95, 14.40, 14.35, 183, otc]
[3285, 19.4, 18.75, 19.25, 19.40, 55, otc]
[3287, 13.35, 13.1, 13.20, 13.20, 22, otc]
[3288, 22.45, 21.8, 22.20, 22.45, 10, otc]
[3289, 77.2, 74.5, 75.40, 76.70, 2135, otc]
[3290, 21.65, 21.0, 21.65, 21.05, 692, otc]
[3293, 482.5, 468.0, 468.00, 481.00, 3266, otc]
[3294, 17.2, 16.85, 17.20, 16.90, 145, otc]
[3296, 17.15, 16.6, 16.90, 16.60, 833, tse]
[3297, 17.7, 16.95, 17.10, 17.25, 223, otc]
[3303, 25.4, 25.1, 25.30, 25.35, 106, otc]
[3305, 41.5, 40.45, 40.50, 41.10, 501, tse]
[3306, 22.0, 21.75, 21.95, 21.95, 69, otc]
[3308, 14.25, 13.8, 14.10, 13.95, 84, tse]
[3310, 44.0, 43.6, 44.00, 43.85, 53, otc]
[3311, 33.4, 32.9, 32.95, 33.15, 39, tse]
[3312, 17.65, 17.4, 17.50, 17.60, 262, tse]
[3313, 9.97, 9.85, 9.97, 9.85, 24, otc]
[3317, 54.0, 53.3, 53.80, 53.30, 357, otc]
[3321, 9.08, 8.71, 8.82, 8.92, 156, tse]
[3322, 18.75, 18.4, 18.50, 18.65, 326, otc]
[3323, 33.0, 32.7, 33.00, 32.80, 166, otc]
[3324, 150.5, 148.0, 148.50, 149.50, 527, otc]
[3325, 12.6, 12.45, 12.45, 12.60, 114, otc]
[3332, 40.95, 39.1, 40.95, 40.35, 35, otc]
[3338, 32.3, 31.75, 32.00, 32.20, 93, tse]
[3339, 13.0, 12.65, 12.80, 12.70, 144, otc]
[3346, 35.7, 34.75, 35.35, 35.55, 714, tse]
[3349, 13.2, 12.8, 13.20, 13.10, 9, otc]
[3354, 13.3, 13.05, 13.20, 13.15, 84, otc]
[3356, 38.35, 37.3, 37.50, 37.60, 1673, tse]
[3357, 88.3, 82.5, 82.90, 87.70, 519, otc]
[3360, 13.35, 13.25, 13.25, 13.35, 84, otc]
[3362, 69.6, 68.2, 68.30, 69.00, 880, otc]
[3363, 23.1, 22.8, 22.80, 23.00, 119, otc]
[3372, 11.3, 11.0, 11.05, 11.05, 352, otc]
[3373, 26.2, 25.5, 26.20, 25.80, 99, otc]
[3374, 105.0, 102.5, 103.00, 104.50, 2916, otc]
[3376, 83.1, 81.7, 81.80, 82.70, 302, tse]
[3379, 12.0, 11.6, 11.75, 12.00, 72, otc]
[3380, 29.9, 29.25, 29.50, 29.80, 1238, tse]
[3388, 73.3, 72.8, 73.00, 73.30, 34, otc]
[3390, 17.7, 17.5, 17.65, 17.70, 159, otc]
[3402, 45.2, 44.3, 44.60, 45.10, 163, otc]
[3406, 350.0, 340.0, 340.00, 345.00, 3496, tse]
[3413, 186.0, 184.0, 185.50, 186.00, 298, tse]
[3416, 84.4, 83.6, 84.00, 84.20, 63, tse]
[3419, 17.25, 16.9, 17.20, 17.25, 1307, tse]
[3426, 38.0, 37.7, 37.75, 38.00, 3, otc]
[3430, 45.4, 44.7, 45.40, 45.15, 290, otc]
[3432, 18.45, 18.15, 18.35, 18.30, 289, tse]
[3434, 24.8, 24.2, 24.80, 24.20, 105, otc]
[3437, 17.2, 17.05, 17.20, 17.05, 276, tse]
[3438, 54.8, 53.5, 53.80, 54.10, 161, otc]
[3441, 37.4, 36.3, 36.55, 36.75, 655, otc]
[3443, 728.0, 685.0, 695.00, 722.00, 11313, tse]
[3444, 62.4, 60.5, 61.30, 60.70, 2027, otc]
[3447, 44.0, 41.4, 41.40, 42.90, 1665, tse]
[3450, 37.75, 36.9, 36.90, 37.20, 293, tse]
[3454, 212.0, 193.5, 197.00, 202.00, 16376, tse]
[3455, 87.2, 85.1, 85.40, 85.80, 903, otc]
[3465, 110.5, 92.0, 92.00, 108.00, 196, otc]
[3466, 31.4, 30.2, 30.25, 30.75, 781, otc]
[3479, 80.0, 77.5, 78.10, 79.50, 3931, otc]
[3481, 11.65, 11.3, 11.55, 11.45, 52230, tse]
[3483, 53.0, 51.8, 53.00, 51.90, 249, otc]
[3484, 43.85, 43.5, 43.55, 43.50, 121, otc]
[3489, 10.05, 9.97, 10.05, 9.97, 36, otc]
[3490, 24.25, 23.8, 24.15, 23.95, 150, otc]
[3491, 134.5, 131.0, 131.50, 134.00, 646, otc]
[3492, 18.45, 18.35, 18.40, 18.45, 15, otc]
[3494, 10.55, 10.0, 10.55, 10.15, 1316, tse]
[3498, 36.6, 35.1, 36.50, 35.10, 374, otc]
[3499, 18.1, 17.7, 18.10, 17.85, 465, otc]
[3501, 49.0, 48.45, 48.90, 48.80, 165, tse]
[3504, 82.7, 81.6, 82.10, 82.10, 824, tse]
[3508, 36.1, 35.35, 36.00, 35.80, 908, otc]
[3511, 32.5, 31.85, 32.20, 32.45, 264, otc]
[3512, 28.75, 28.2, 28.65, 28.30, 63, otc]
[3515, 151.0, 145.5, 149.00, 145.50, 3079, tse]
[3516, 16.1, 15.6, 15.70, 16.10, 7, otc]
[3518, 20.15, 19.8, 19.90, 20.05, 182, tse]
[3520, 18.7, 18.3, 18.50, 18.55, 453, otc]
[3521, 23.1, 21.0, 21.00, 22.80, 4241, otc]
[3522, 10.85, 10.5, 10.80, 10.55, 58, otc]
[3523, 18.8, 18.05, 18.40, 18.70, 35, otc]
[3526, 125.0, 120.5, 120.50, 123.50, 641, otc]
[3527, 105.0, 102.5, 103.00, 104.50, 129, otc]
[3528, 50.9, 50.2, 50.60, 50.20, 118, tse]
[3529, 1545.0, 1485.0, 1,525.00, 1,500.00, 1073, otc]
[3530, 77.4, 75.5, 77.00, 76.00, 193, tse]
[3531, 27.0, 26.25, 26.65, 26.75, 93, otc]
[3532, 150.0, 147.5, 149.50, 149.50, 1331, tse]
[3533, 790.0, 761.0, 790.00, 774.00, 1355, tse]
[3535, 22.35, 21.95, 21.95, 22.05, 794, tse]
[3536, 3.81, 3.72, 3.81, 3.72, 15, tse]
[3537, 36.35, 35.95, 36.10, 36.35, 179, otc]
[3540, 26.95, 25.95, 26.85, 26.30, 290, otc]
[3541, 54.3, 54.0, 54.20, 54.00, 40, otc]
[3543, 19.45, 19.25, 19.30, 19.45, 42, tse]
[3545, 63.4, 62.3, 62.40, 62.60, 1943, tse]
[3546, 74.4, 72.6, 74.20, 73.90, 483, otc]
[3548, 61.4, 59.8, 60.30, 61.00, 271, otc]
[3550, 13.8, 13.65, 13.75, 13.65, 104, tse]
[3551, 58.0, 57.4, 57.60, 57.50, 87, otc]
[3552, 140.5, 136.5, 139.00, 138.50, 1019, otc]
[3555, 28.35, 26.7, 28.35, 28.00, 14, otc]
[3556, 55.8, 55.0, 55.30, 55.50, 70, otc]
[3557, 50.2, 49.5, 49.80, 49.95, 93, tse]
[3558, 211.5, 200.5, 203.00, 207.50, 3521, otc]
[3563, 141.0, 139.0, 140.00, 140.00, 91, tse]
[3564, 29.0, 28.85, 28.90, 28.95, 86, otc]
[3567, 25.2, 24.0, 24.35, 24.80, 140, otc]
[3570, 94.2, 90.5, 90.50, 92.80, 69, otc]
[3576, 20.65, 20.2, 20.25, 20.65, 10064, tse]
[3577, 80.3, 78.7, 78.70, 79.20, 85, otc]
[3580, 59.5, 57.9, 58.50, 59.10, 308, otc]
[3581, 22.15, 20.8, 21.35, 21.25, 52, otc]
[3583, 73.1, 72.0, 72.60, 72.80, 319, tse]
[3587, 162.5, 155.5, 155.50, 159.50, 1274, otc]
[3588, 56.7, 55.0, 56.70, 55.40, 205, tse]
[3591, 17.35, 16.55, 16.55, 17.25, 1353, tse]
[3592, 341.5, 335.0, 340.00, 338.00, 807, tse]
[3593, 13.1, 12.8, 13.10, 13.00, 26, tse]
[3594, 29.0, 27.65, 28.10, 28.35, 1306, otc]
[3596, 100.5, 98.4, 98.70, 100.00, 781, tse]
[3597, 23.65, 23.55, 23.55, 23.60, 10, otc]
[3605, 31.5, 30.9, 31.30, 31.15, 351, tse]
[3607, 12.0, 11.75, 11.85, 12.00, 118, tse]
[3609, 48.1, 45.8, 46.70, 46.00, 144, otc]
[3611, 196.5, 195.0, 195.00, 196.00, 18, otc]
[3615, 16.8, 16.45, 16.65, 16.75, 60, otc]
[3617, 101.0, 97.7, 101.00, 98.40, 382, tse]
[3622, 27.95, 27.55, 27.75, 27.60, 124, tse]
[3623, 15.9, 15.4, 15.50, 15.65, 44, otc]
[3624, 45.1, 43.6, 44.10, 44.70, 6200, otc]
[3625, 12.35, 12.1, 12.20, 12.25, 244, otc]
[3628, 40.95, 40.05, 40.05, 40.75, 53, otc]
[3629, 39.0, 38.5, 38.55, 39.00, 3, otc]
[3630, 28.1, 27.45, 27.90, 27.70, 350, otc]
[3631, 37.65, 36.0, 36.60, 37.35, 68, otc]
[3632, 10.6, 10.4, 10.40, 10.60, 11, otc]
[3645, 31.85, 31.35, 31.60, 31.70, 211, tse]
[3646, 23.55, 23.1, 23.55, 23.45, 23, otc]
[3652, 22.55, 22.25, 22.50, 22.45, 37, tse]
[3653, 388.0, 379.0, 380.00, 386.50, 811, tse]
[3661, 868.0, 837.0, 848.00, 846.00, 5719, tse]
[3663, 28.1, 27.8, 28.00, 28.00, 66, otc]
[3664, 13.0, 12.4, 12.50, 12.60, 600, otc]
[3665, 253.0, 247.5, 247.50, 251.00, 2572, tse]
[3666, 18.55, 18.25, 18.50, 18.25, 125, otc]
[3669, 45.85, 44.8, 45.05, 45.00, 209, tse]
[3672, 27.55, 27.1, 27.30, 27.10, 10, otc]
[3673, 29.7, 29.45, 29.55, 29.45, 646, tse]
[3675, 196.5, 187.5, 192.00, 191.50, 8521, otc]
[3679, 94.6, 92.3, 92.30, 94.60, 57, tse]
[3680, 288.5, 274.0, 287.00, 278.50, 6191, otc]
[3682, 6.04, 5.98, 6.03, 6.02, 2099, tse]
[3684, 55.8, 55.4, 55.80, 55.40, 7, otc]
[3685, 19.9, 19.4, 19.70, 19.65, 158, otc]
[3686, 15.2, 14.7, 15.20, 15.00, 283, tse]
[3687, 94.8, 92.2, 93.10, 92.70, 905, otc]
[3689, 32.85, 32.2, 32.85, 32.25, 185, otc]
[3691, 103.0, 99.5, 101.00, 102.00, 313, otc]
[3693, 145.5, 122.5, 124.00, 136.50, 44648, otc]
[3694, 19.9, 19.35, 19.80, 19.70, 132, tse]
[3701, 39.3, 38.55, 39.15, 38.85, 378, tse]
[3702, 47.5, 47.1, 47.25, 47.50, 3768, tse]
[3703, 28.75, 28.45, 28.70, 28.65, 1350, tse]
[3704, 35.6, 34.8, 35.50, 35.00, 8580, tse]
[3705, 42.6, 41.8, 42.10, 41.80, 1464, tse]
[3706, 30.2, 29.9, 30.20, 30.00, 2248, tse]
[3707, 90.1, 87.2, 88.00, 89.50, 3929, otc]
[3708, 102.0, 97.7, 99.10, 101.50, 2615, tse]
[3709, 22.7, 22.6, 22.60, 22.70, 25, otc]
[3710, 11.2, 11.0, 11.20, 11.10, 1589, otc]
[3711, 101.5, 100.5, 101.50, 101.50, 14253, tse]
[3712, 28.25, 27.15, 27.55, 27.90, 583, tse]
[3713, 30.95, 29.0, 29.05, 30.45, 220, otc]
[3714, 49.1, 48.3, 49.00, 48.75, 3228, tse]
[3715, 16.85, 16.55, 16.65, 16.65, 941, tse]
[4102, 29.55, 28.55, 29.10, 28.80, 2009, otc]
[4104, 70.5, 68.7, 68.80, 70.00, 1197, tse]
[4105, 78.9, 77.9, 78.70, 77.90, 1680, otc]
[4106, 29.85, 28.95, 29.05, 29.20, 1504, tse]
[4107, 113.5, 112.0, 112.00, 113.00, 108, otc]
[4108, 19.1, 18.55, 18.70, 19.00, 319, tse]
[4109, 14.4, 14.1, 14.30, 14.35, 130, otc]
[4111, 27.55, 26.9, 26.90, 27.15, 768, otc]
[4113, 11.5, 10.8, 10.80, 11.50, 4208, otc]
[4114, 45.5, 43.35, 44.00, 44.80, 22201, otc]
[4116, 64.0, 62.2, 62.80, 62.60, 378, otc]
[4119, 99.5, 95.4, 95.70, 98.10, 1278, tse]
[4120, 36.45, 35.65, 35.85, 35.90, 107, otc]
[4121, 23.95, 23.3, 23.35, 23.55, 1487, otc]
[4123, 46.1, 45.4, 45.80, 46.00, 863, otc]
[4126, 72.9, 72.3, 72.90, 72.70, 152, otc]
[4127, 14.65, 14.45, 14.50, 14.55, 165, otc]
[4128, 63.1, 60.0, 60.60, 62.50, 9031, otc]
[4129, 46.35, 44.85, 45.10, 46.30, 1034, otc]
[4130, 28.8, 27.25, 27.90, 28.10, 4199, otc]
[4131, 21.35, 20.55, 20.55, 20.65, 15, otc]
[4133, 38.6, 37.8, 37.95, 38.00, 641, tse]
[4137, 207.0, 200.0, 207.00, 202.00, 380, tse]
[4138, 65.2, 64.1, 64.20, 64.80, 105, otc]
[4139, 39.85, 39.45, 39.70, 39.75, 26, otc]
[4142, 35.7, 35.1, 35.10, 35.25, 1088, tse]
[4147, 66.5, 65.0, 65.30, 66.00, 800, otc]
[4148, 56.7, 55.7, 56.50, 55.90, 159, tse]
[4153, 40.5, 33.65, 33.65, 38.60, 3880, otc]
[4154, 39.75, 37.0, 38.70, 39.70, 57, otc]
[4155, 28.35, 27.75, 27.85, 28.10, 3652, tse]
[4157, 15.25, 14.9, 15.10, 15.00, 1780, otc]
[4160, 26.7, 26.2, 26.35, 26.70, 77, otc]
[4161, 27.3, 26.55, 26.80, 26.55, 129, otc]
[4162, 117.5, 111.0, 117.50, 112.00, 14773, otc]
[4163, 118.0, 112.5, 115.00, 113.00, 1850, otc]
[4164, 47.1, 45.6, 45.80, 45.90, 1812, tse]
[4167, 22.0, 20.85, 21.40, 21.40, 11639, otc]
[4168, 30.65, 29.9, 30.25, 30.30, 1032, otc]
[4171, 60.7, 57.4, 58.10, 59.40, 1244, otc]
[4173, 18.3, 18.05, 18.10, 18.20, 209, otc]
[4174, 70.3, 68.5, 68.50, 69.40, 604, otc]
[4175, 77.4, 75.8, 77.20, 76.10, 211, otc]
[4183, NaN, NaN, NaN, NaN, 0, otc]
[4188, 16.4, 15.7, 16.40, 16.00, 34, otc]
[4190, 74.3, 71.4, 72.20, 74.20, 395, tse]
[4192, 24.95, 24.2, 24.95, 24.90, 69, otc]
[4198, 26.7, 25.05, 25.05, 26.70, 5, otc]
[4205, 102.5, 101.0, 101.50, 102.50, 42, otc]
[4207, 13.5, 13.05, 13.15, 13.15, 287, otc]
[4303, 15.2, 14.9, 15.15, 15.00, 59, otc]
[4304, 9.85, 9.6, 9.85, 9.69, 77, otc]
[4305, 31.0, 30.15, 30.50, 30.30, 14, otc]
[4306, 14.55, 14.4, 14.55, 14.40, 730, tse]
[4401, 26.5, 26.2, 26.40, 26.35, 38, otc]
[4402, 10.55, 10.25, 10.35, 10.30, 265, otc]
[4406, 10.15, 10.05, 10.15, 10.15, 46, otc]
[4413, 16.25, 15.85, 16.25, 16.20, 19, otc]
[4416, 80.2, 79.0, 80.20, 79.30, 4, otc]
[4417, 37.15, 36.95, 37.00, 37.00, 123, otc]
[4419, 10.0, 10.0, 10.00, 10.00, 4, otc]
[4420, 30.15, 29.75, 30.15, 29.95, 15, otc]
[4426, 27.95, 27.0, 27.55, 27.55, 824, tse]
[4430, 21.95, 21.7, 21.95, 21.90, 5, otc]
[4432, 24.55, 23.8, 24.45, 23.90, 386, otc]
[4433, 29.75, 29.6, 29.75, 29.65, 28, otc]
[4438, 124.0, 121.5, 121.50, 123.00, 197, tse]
[4439, 101.5, 99.4, 99.90, 100.00, 19, tse]
[4440, 31.6, 31.4, 31.50, 31.50, 41, tse]
[4502, 37.5, 36.45, 36.70, 37.25, 30, otc]
[4503, 36.75, 35.65, 36.60, 35.90, 348, otc]
[4506, 69.9, 69.0, 69.50, 69.50, 95, otc]
[4510, 10.2, 10.15, 10.15, 10.20, 83, otc]
[4513, 20.95, 20.1, 20.65, 20.95, 387, otc]
[4523, 41.2, 39.3, 39.50, 39.50, 146, otc]
[4526, 14.2, 14.0, 14.10, 14.05, 211, tse]
[4527, 28.9, 28.3, 28.45, 28.70, 22, otc]
[4528, 31.9, 31.5, 31.85, 31.60, 75, otc]
[4529, 9.03, 8.76, 8.90, 8.96, 57, otc]
[4530, 7.17, 7.0, 7.17, 7.17, 26, otc]
[4532, 16.7, 16.3, 16.40, 16.70, 670, tse]
[4533, 10.65, 10.55, 10.60, 10.60, 85, otc]
[4534, 8.91, 8.76, 8.80, 8.88, 120, otc]
[4535, NaN, NaN, NaN, NaN, 0, otc]
[4536, 174.0, 170.0, 171.00, 172.00, 1151, tse]
[4538, 19.25, 18.25, 18.85, 18.50, 106, otc]
[4540, 38.2, 36.5, 36.50, 37.95, 239, tse]
[4541, 29.5, 28.9, 28.90, 29.15, 242, otc]
[4542, 25.9, 25.5, 25.90, 25.50, 3, otc]
[4543, 23.0, 22.6, 23.00, 22.60, 171, otc]
[4545, 30.3, 29.75, 30.10, 30.25, 146, tse]
[4549, 84.4, 83.9, 83.90, 84.00, 45, otc]
[4550, 24.15, 23.85, 24.10, 24.00, 78, otc]
[4551, 145.5, 142.5, 145.50, 143.00, 258, tse]
[4552, 31.0, 30.6, 30.75, 30.75, 121, tse]
[4554, 23.6, 23.05, 23.55, 23.50, 49, otc]
[4555, 50.4, 49.8, 50.40, 50.10, 12, tse]
[4556, 30.5, 29.7, 29.70, 30.30, 11, otc]
[4557, 97.0, 95.2, 95.20, 96.30, 75, tse]
[4558, 23.3, 22.9, 22.95, 23.30, 6, otc]
[4560, 38.6, 38.4, 38.60, 38.60, 54, tse]
[4561, 21.5, 21.45, 21.50, 21.50, 6, otc]
[4562, 15.25, 14.7, 15.15, 15.05, 152, tse]
[4563, 42.9, 39.75, 40.05, 42.00, 619, otc]
[4564, 24.5, 24.05, 24.20, 24.30, 242, tse]
[4566, 51.6, 50.0, 50.80, 51.50, 699, tse]
[4568, 59.6, 59.0, 59.00, 59.50, 8, otc]
[4571, 70.9, 69.4, 69.50, 70.50, 14, tse]
[4572, 125.5, 121.5, 123.50, 125.00, 294, tse]
[4576, 72.4, 69.5, 69.50, 71.60, 136, tse]
[4577, 31.2, 29.9, 30.40, 31.20, 48, otc]
[4580, 81.6, 80.7, 80.80, 81.60, 70, otc]
[4581, 34.9, 33.65, 34.15, 34.80, 9, tse]
[4583, 200.0, 197.0, 199.00, 198.50, 26, tse]
[4584, 48.5, 47.0, 48.30, 47.80, 92, otc]
[4609, 8.3, 7.56, 7.61, 8.01, 38, otc]
[4702, 12.35, 12.1, 12.20, 12.10, 131, otc]
[4706, 17.1, 17.0, 17.10, 17.00, 3, otc]
[4707, 12.0, 11.9, 11.95, 12.00, 402, otc]
[4711, 15.3, 14.75, 15.00, 14.90, 150, otc]
[4712, 5.0, 5.0, 5.00, 5.00, 19, otc]
[4714, 10.5, 10.35, 10.50, 10.45, 202, otc]
[4716, 12.4, 12.05, 12.20, 12.30, 154, otc]
[4720, 14.05, 13.8, 13.90, 13.85, 356, tse]
[4721, 100.0, 98.3, 100.00, 99.10, 444, otc]
[4722, 33.95, 33.55, 33.55, 33.90, 100, tse]
[4726, 37.55, 35.9, 36.10, 37.30, 821, otc]
[4728, 134.5, 130.5, 132.50, 131.50, 57, otc]
[4729, 15.0, 14.55, 15.00, 14.75, 88, otc]
[4735, 38.9, 38.5, 38.70, 38.80, 37, otc]
[4736, 180.5, 178.0, 178.50, 179.50, 602, otc]
[4737, 79.8, 76.3, 77.00, 77.20, 104, tse]
[4739, 92.3, 91.4, 92.30, 91.60, 587, tse]
[4741, 26.2, 26.2, 26.20, 26.20, 2, otc]
[4743, 246.0, 230.5, 232.50, 244.50, 15981, otc]
[4744, 27.1, 26.15, 26.15, 26.80, 493, otc]
[4745, 24.8, 24.25, 24.80, 24.45, 26, otc]
[4746, 67.7, 63.5, 64.20, 67.20, 8131, tse]
[4747, 50.0, 44.6, 45.80, 47.30, 5656, otc]
[4754, 35.0, 34.65, 35.00, 34.75, 7, otc]
[4755, 120.5, 118.0, 120.50, 119.00, 283, tse]
[4760, 48.8, 47.6, 48.00, 48.70, 94, otc]
[4763, 283.5, 251.0, 251.50, 276.00, 39829, tse]
[4764, 52.5, 52.0, 52.30, 52.50, 18, tse]
[4766, 135.5, 133.0, 133.50, 134.50, 107, tse]
[4767, 27.9, 26.95, 26.95, 27.90, 3, otc]
[4768, 169.5, 162.0, 166.50, 169.00, 1521, otc]
[4770, 353.5, 340.5, 350.50, 345.50, 2843, tse]
[4804, 10.85, 10.4, 10.55, 10.40, 289, otc]
[4806, 7.49, 7.39, 7.39, 7.49, 4, otc]
[4807, 21.4, 20.75, 20.80, 20.75, 9, tse]
[4903, 13.05, 12.6, 12.70, 12.80, 162, otc]
[4904, 67.0, 66.4, 66.60, 66.70, 7029, tse]
[4905, 50.5, 50.5, 50.50, 50.50, 4, otc]
[4906, 27.05, 26.7, 26.90, 26.85, 2006, tse]
[4907, 27.25, 26.9, 27.25, 27.20, 55, otc]
[4908, 30.85, 30.2, 30.30, 30.30, 210, otc]
[4909, 16.55, 16.25, 16.55, 16.40, 104, otc]
[4911, 50.0, 49.3, 49.70, 49.95, 48, otc]
[4912, 77.0, 75.0, 76.50, 75.20, 79, tse]
[4915, 56.9, 56.0, 56.40, 56.40, 3025, tse]
[4916, 27.9, 27.1, 27.25, 27.50, 818, tse]
[4919, 126.5, 123.5, 125.00, 126.00, 7009, tse]
[4923, 49.7, 49.0, 49.25, 49.65, 30, otc]
[4924, 13.9, 13.4, 13.70, 13.70, 207, otc]
[4927, 55.3, 54.3, 55.00, 55.00, 607, tse]
[4930, 27.55, 27.15, 27.15, 27.55, 197, tse]
[4931, 42.6, 41.3, 41.50, 42.30, 3871, otc]
[4933, 31.7, 30.5, 31.50, 31.00, 112, otc]
[4934, 27.65, 27.0, 27.35, 27.35, 2754, tse]
[4935, 55.7, 53.5, 55.70, 54.10, 306, tse]
[4938, 65.0, 64.2, 64.80, 64.70, 6109, tse]
[4939, 15.15, 14.75, 14.80, 15.15, 123, otc]
[4942, 36.05, 35.6, 36.00, 35.70, 178, tse]
[4943, 14.0, 12.6, 13.65, 12.60, 752, tse]
[4944, 12.8, 12.15, 12.15, 12.70, 8, otc]
[4945, 46.1, 44.5, 44.75, 45.20, 32, otc]
[4946, 50.8, 48.0, 49.45, 50.80, 125, otc]
[4950, 23.0, 20.5, 23.00, 20.50, 2149, otc]
[4951, 49.85, 48.65, 48.70, 49.80, 78, otc]
[4952, 47.6, 46.55, 46.80, 47.55, 287, tse]
[4953, 90.6, 87.6, 87.90, 89.40, 668, otc]
[4956, 14.45, 14.2, 14.35, 14.20, 167, tse]
[4958, 108.0, 106.0, 107.00, 107.00, 3778, tse]
[4960, 10.0, 9.94, 10.00, 9.96, 1299, tse]
[4961, 141.5, 134.0, 141.00, 135.50, 10810, tse]
[4966, 916.0, 886.0, 909.00, 893.00, 1324, otc]
[4967, 32.0, 31.75, 31.80, 31.95, 242, tse]
[4968, 129.0, 124.0, 128.00, 124.50, 4631, tse]
[4971, 55.2, 54.0, 54.00, 54.60, 69, otc]
[4972, 29.75, 29.45, 29.75, 29.50, 23, otc]
[4973, 22.2, 21.85, 22.10, 22.20, 117, otc]
[4974, 67.8, 63.8, 63.80, 66.40, 4074, otc]
[4976, 37.4, 36.75, 37.40, 36.90, 450, tse]
[4977, 114.0, 102.0, 103.00, 111.50, 13085, tse]
[4979, 46.0, 41.5, 42.10, 44.45, 35493, otc]
[4987, 59.1, 57.8, 57.80, 58.80, 26, otc]
[4989, 27.15, 26.35, 26.55, 26.40, 441, tse]
[4991, 39.4, 38.6, 38.60, 39.10, 41, otc]
[4994, 41.75, 40.35, 40.35, 41.15, 100, tse]
[4995, 38.75, 38.15, 38.35, 38.65, 31, otc]
[4999, 36.9, 36.5, 36.55, 36.60, 39, tse]
[5007, 51.6, 50.9, 51.60, 51.10, 84, tse]
[5009, 37.1, 36.2, 36.85, 36.65, 16625, otc]
[5011, 25.85, 24.9, 25.85, 25.00, 610, otc]
[5013, 36.5, 35.6, 35.60, 36.30, 36, otc]
[5014, 18.5, 18.2, 18.35, 18.25, 3208, otc]
[5015, 57.2, 56.4, 56.70, 56.70, 348, otc]
[5016, 30.0, 29.05, 30.00, 29.35, 6, otc]
[5201, 27.45, 26.55, 27.45, 26.80, 14, otc]
[5202, 14.35, 14.2, 14.25, 14.30, 41, otc]
[5203, 83.7, 82.5, 83.10, 83.50, 175, tse]
[5205, 41.4, 37.6, 40.45, 39.45, 15, otc]
[5206, 16.2, 15.6, 16.20, 15.85, 73, otc]
[5209, 79.7, 79.4, 79.50, 79.40, 51, otc]
[5210, 14.7, 14.3, 14.70, 14.40, 81, otc]
[5211, 18.55, 18.25, 18.40, 18.25, 95, otc]
[5212, 42.9, 38.9, 40.30, 42.00, 40, otc]
[5213, 21.8, 21.6, 21.65, 21.65, 98, otc]
[5215, 46.05, 45.05, 45.35, 45.10, 136, tse]
[5220, 28.45, 28.1, 28.20, 28.35, 25, otc]
[5222, 144.5, 137.0, 139.00, 142.50, 695, tse]
[5223, 38.8, 38.15, 38.50, 38.80, 43, otc]
[5225, 33.45, 32.3, 32.70, 33.25, 535, tse]
[5227, 69.9, 67.3, 68.00, 69.00, 563, otc]
[5228, 21.6, 20.9, 21.00, 21.60, 49, otc]
[5230, 23.1, 22.7, 22.90, 22.95, 62, otc]
[5234, 69.0, 67.9, 69.00, 68.80, 138, tse]
[5236, 71.0, 70.0, 70.00, 70.60, 87, otc]
[5243, 57.4, 56.5, 57.20, 57.40, 937, tse]
[5244, 27.4, 27.0, 27.00, 27.20, 39, tse]
[5245, 52.0, 49.35, 51.80, 49.35, 625, otc]
[5251, 25.6, 24.85, 25.30, 25.10, 457, otc]
[5258, 69.8, 65.9, 66.00, 68.90, 9628, tse]
[5263, 148.5, 139.5, 142.00, 147.00, 5083, otc]
[5269, 814.0, 781.0, 782.00, 808.00, 1594, tse]
[5272, 26.15, 25.3, 25.60, 26.00, 209, otc]
[5274, 1975.0, 1915.0, 1,960.00, 1,960.00, 449, otc]
[5276, 14.4, 14.25, 14.25, 14.25, 37, otc]
[5278, 180.5, 178.5, 178.50, 178.50, 8, otc]
[5281, 17.2, 16.35, 16.95, 16.60, 147, otc]
[5283, 108.0, 107.0, 108.00, 107.50, 85, tse]
[5284, 78.6, 70.8, 71.50, 77.50, 9966, tse]
[5285, 62.5, 61.8, 62.00, 62.20, 130, tse]
[5287, 192.5, 191.5, 192.00, 192.50, 28, otc]
[5288, 169.5, 166.0, 166.00, 168.00, 113, tse]
[5289, 187.0, 184.5, 186.50, 187.00, 193, otc]
[5291, 30.9, 30.35, 30.50, 30.90, 150, otc]
[5299, 121.0, 118.0, 119.50, 120.00, 337, otc]
[5301, 10.5, 10.15, 10.50, 10.30, 40, otc]
[5302, 8.48, 8.23, 8.23, 8.28, 126, otc]
[5306, 148.5, 145.0, 145.00, 147.50, 242, tse]
[5309, 39.95, 39.05, 39.65, 39.35, 1370, otc]
[5310, 26.7, 25.35, 25.35, 25.90, 64, otc]
[5312, 58.0, 57.6, 58.00, 57.70, 164, otc]
[5314, 16.5, 15.75, 15.75, 16.50, 16, otc]
[5315, 18.4, 18.3, 18.35, 18.35, 243, otc]
[5321, 93.3, 84.6, 87.00, 91.10, 16775, otc]
[5324, 8.37, 8.26, 8.35, 8.37, 49, otc]
[5328, 10.0, 9.8, 9.91, 9.88, 167, otc]
[5340, 41.95, 40.35, 40.35, 41.80, 1344, otc]
[5344, 16.9, 16.7, 16.70, 16.75, 120, otc]
[5345, 6.83, 6.65, 6.83, 6.79, 7, otc]
[5347, 92.4, 87.8, 87.90, 92.00, 16430, otc]
[5348, 9.5, 8.6, 9.47, 8.65, 22, otc]
[5351, 42.65, 41.4, 42.45, 41.55, 3858, otc]
[5353, 29.6, 28.8, 29.10, 29.15, 758, otc]
[5355, 6.25, 6.1, 6.14, 6.10, 194, otc]
[5356, 20.6, 20.35, 20.45, 20.45, 66, otc]
[5364, 22.95, 22.25, 22.95, 22.75, 13, otc]
[5371, 56.5, 55.6, 56.50, 56.30, 1427, otc]
[5381, 5.96, 5.77, 5.92, 5.80, 335, otc]
[5383, 25.8, 25.05, 25.80, 25.30, 40, otc]
[5386, 37.9, 36.05, 36.95, 36.10, 1257, otc]
[5388, 79.2, 78.0, 78.00, 79.00, 2293, tse]
[5392, 20.15, 19.95, 20.00, 20.00, 95, otc]
[5398, 16.3, 16.0, 16.30, 16.00, 85, otc]
[5403, 72.2, 71.4, 71.40, 71.80, 73, otc]
[5410, 31.8, 30.75, 30.75, 31.40, 725, otc]
[5425, 79.8, 77.9, 78.50, 79.30, 7184, otc]
[5426, 13.2, 13.0, 13.10, 13.10, 456, otc]
[5432, 28.0, 26.75, 26.90, 27.35, 33, otc]
[5434, 166.5, 164.0, 164.50, 165.50, 344, tse]
[5438, 16.7, 16.4, 16.55, 16.70, 32, otc]
[5439, 49.1, 48.5, 48.80, 48.50, 273, otc]
[5443, 28.4, 27.85, 28.10, 28.25, 756, otc]
[5450, 17.95, 17.75, 17.80, 17.75, 43, otc]
[5452, 14.4, 14.15, 14.20, 14.15, 137, otc]
[5455, 28.7, 28.25, 28.70, 28.25, 2, otc]
[5457, 51.0, 49.55, 49.60, 50.70, 702, otc]
[5460, 10.95, 10.85, 10.95, 10.90, 24, otc]
[5464, 25.0, 24.35, 24.85, 24.95, 176, otc]
[5465, 19.45, 19.0, 19.00, 19.40, 314, otc]
[5468, 17.1, 16.7, 17.00, 17.05, 38, otc]
[5469, 31.85, 31.5, 31.80, 31.60, 934, tse]
[5471, 50.3, 49.7, 49.85, 49.95, 423, tse]
[5474, 73.0, 72.3, 72.40, 73.00, 36, otc]
[5475, 11.95, 11.25, 11.95, 11.25, 656, otc]
[5478, 81.0, 79.6, 80.10, 80.70, 209, otc]
[5481, 12.25, 12.05, 12.15, 12.25, 39, otc]
[5483, 157.5, 154.0, 156.00, 156.00, 3894, otc]
[5484, 13.3, 13.05, 13.25, 13.20, 33, tse]
[5487, 25.4, 25.4, 25.40, 25.40, 3, otc]
[5488, 10.2, 9.55, 9.55, 10.05, 955, otc]
[5489, 36.05, 35.75, 35.90, 35.95, 37, otc]
[5490, 22.45, 22.0, 22.15, 22.20, 51, otc]
[5493, 50.4, 50.0, 50.20, 50.30, 23, otc]
[5498, 10.5, 10.2, 10.50, 10.25, 303, otc]
[5508, 52.5, 50.1, 50.50, 51.90, 434, otc]
[5511, 30.4, 30.15, 30.15, 30.35, 34, otc]
[5512, 8.62, 8.46, 8.62, 8.52, 617, otc]
[5514, 18.05, 17.45, 17.55, 18.00, 11, otc]
[5515, 11.35, 11.1, 11.35, 11.25, 136, tse]
[5516, 20.15, 19.65, 20.00, 20.00, 207, otc]
[5519, 22.15, 21.9, 22.00, 22.15, 182, tse]
[5520, 55.6, 55.6, 55.60, 55.60, 1, otc]
[5521, 6.7, 6.62, 6.65, 6.63, 346, tse]
[5522, 57.2, 56.3, 56.70, 56.90, 713, tse]
[5523, 25.0, 24.55, 24.95, 24.95, 60, otc]
[5525, 24.65, 24.0, 24.40, 24.20, 123, tse]
[5529, 12.65, 12.45, 12.45, 12.50, 21, otc]
[5530, 37.7, 37.35, 37.70, 37.40, 318, otc]
[5531, 9.22, 9.13, 9.15, 9.18, 398, tse]
[5533, 17.05, 16.9, 16.90, 17.05, 185, tse]
[5534, 73.5, 73.1, 73.30, 73.50, 236, tse]
[5536, 107.0, 104.5, 105.50, 107.00, 600, otc]
[5538, 43.65, 42.2, 43.65, 42.50, 95, tse]
[5543, 52.0, 51.7, 51.90, 52.00, 8, otc]
[5546, 46.0, 44.8, 45.30, 45.75, 82, tse]
[5601, 39.0, 38.0, 38.40, 38.00, 84, otc]
[5603, 22.1, 21.6, 22.05, 21.85, 643, otc]
[5604, 55.5, 54.2, 54.30, 55.40, 43, otc]
[5607, 53.0, 51.7, 52.90, 52.50, 583, tse]
[5608, 24.85, 23.8, 24.10, 24.65, 7106, tse]
[5609, 72.3, 70.5, 71.00, 71.80, 536, otc]
[5701, 3.02, 2.99, 3.02, 2.99, 520, otc]
[5703, 19.3, 18.85, 19.30, 19.10, 47, otc]
[5704, 51.4, 49.2, 50.40, 49.65, 703, otc]
[5706, 60.8, 58.7, 59.40, 59.70, 1210, tse]
[5864, 10.35, 10.15, 10.35, 10.35, 65, otc]
[5871, 233.0, 224.5, 225.00, 230.00, 8982, tse]
[5876, 47.1, 46.35, 46.50, 47.10, 7531, tse]
[5878, 48.35, 47.8, 47.80, 48.35, 12, otc]
[5880, 26.95, 26.6, 26.60, 26.70, 20598, tse]
[5902, 35.05, 34.2, 35.05, 34.50, 26, otc]
[5903, 202.0, 200.0, 202.00, 201.50, 61, otc]
[5904, 561.0, 526.0, 527.00, 529.00, 1362, otc]
[5905, 12.7, 12.25, 12.40, 12.45, 2794, otc]
[5906, 34.45, 33.0, 34.15, 33.00, 49, tse]
[5907, 17.4, 16.7, 16.70, 17.15, 455, tse]
[6005, 11.4, 11.25, 11.25, 11.25, 1763, tse]
[6015, 8.94, 8.49, 8.77, 8.81, 4246, otc]
[6016, 9.7, 9.65, 9.70, 9.69, 450, otc]
[6020, 18.7, 18.5, 18.50, 18.60, 27, otc]
[6021, 18.7, 18.2, 18.70, 18.30, 21, otc]
[6023, 49.1, 48.9, 49.05, 49.10, 111, otc]
[6024, 38.5, 38.25, 38.25, 38.30, 203, tse]
[6026, 10.1, 9.99, 10.05, 10.05, 857, otc]
[6101, 26.5, 23.75, 25.30, 26.50, 263, otc]
[6103, 5.8, 5.8, 5.80, 5.80, 1, otc]
[6104, 98.0, 94.8, 96.00, 96.80, 5694, otc]
[6108, 16.55, 16.4, 16.50, 16.50, 102, tse]
[6109, 16.2, 15.4, 15.60, 15.90, 1610, otc]
[6111, 63.4, 61.7, 63.00, 62.90, 2523, otc]
[6112, 33.6, 33.0, 33.60, 33.05, 155, tse]
[6113, 17.45, 17.15, 17.40, 17.15, 267, otc]
[6114, 24.35, 23.4, 23.70, 24.05, 153, otc]
[6115, 42.7, 42.45, 42.70, 42.50, 143, tse]
[6116, 11.45, 11.25, 11.40, 11.25, 5906, tse]
[6117, 13.9, 13.5, 13.75, 13.65, 150, tse]
[6118, 36.15, 35.25, 35.75, 35.25, 2722, otc]
[6120, 8.85, 8.61, 8.85, 8.71, 1985, tse]
[6121, 287.0, 283.0, 286.50, 286.00, 633, otc]
[6122, 18.4, 17.85, 18.25, 17.90, 1595, otc]
[6123, 55.3, 54.6, 55.00, 55.00, 159, otc]
[6124, 26.15, 25.45, 25.55, 25.65, 221, otc]
[6125, 25.35, 25.1, 25.15, 25.15, 1201, otc]
[6126, 20.15, 19.9, 20.00, 20.10, 224, otc]
[6127, 16.3, 15.9, 16.30, 15.95, 236, otc]
[6128, 30.5, 30.0, 30.50, 30.10, 137, tse]
[6129, 31.65, 30.9, 31.25, 31.50, 1618, otc]
[6130, 32.5, 30.45, 31.35, 31.75, 42, otc]
[6133, 22.75, 22.3, 22.75, 22.50, 2603, tse]
[6134, 20.9, 20.2, 20.40, 20.20, 147, otc]
[6136, 18.15, 18.0, 18.10, 18.05, 125, tse]
[6138, 128.0, 124.0, 124.00, 126.50, 1380, otc]
[6139, 40.7, 39.05, 40.70, 39.15, 3430, tse]
[6140, 16.55, 16.25, 16.55, 16.30, 26, otc]
[6141, 19.4, 18.65, 18.85, 19.40, 79, tse]
[6142, 10.3, 9.81, 9.98, 10.10, 1551, tse]
[6143, 71.5, 68.7, 69.80, 70.80, 2083, otc]
[6144, 14.8, 14.1, 14.30, 14.80, 6, otc]
[6146, 227.5, 218.0, 225.50, 223.50, 445, otc]
[6147, 60.9, 60.2, 60.90, 60.70, 1711, otc]
[6148, 12.9, 12.65, 12.70, 12.90, 251, otc]
[6150, 76.6, 73.6, 76.00, 75.00, 7217, otc]
[6151, 26.8, 26.35, 26.80, 26.50, 96, otc]
[6152, 10.0, 9.51, 10.00, 9.57, 850, tse]
[6153, 23.95, 23.35, 23.95, 23.45, 3951, tse]
[6154, 15.7, 15.4, 15.60, 15.55, 39, otc]
[6155, 26.65, 24.65, 24.80, 25.15, 4001, tse]
[6156, 18.75, 18.35, 18.70, 18.50, 241, otc]
[6158, 25.85, 25.2, 25.25, 25.30, 26, otc]
[6160, 17.0, 16.7, 16.70, 16.80, 129, otc]
[6161, 26.2, 25.75, 25.90, 25.90, 120, otc]
[6163, 15.75, 14.95, 15.00, 15.50, 3630, otc]
[6164, 9.99, 9.89, 9.94, 9.94, 190, tse]
[6165, 27.6, 27.0, 27.10, 27.25, 248, tse]
[6166, 56.9, 55.7, 55.90, 56.50, 99, tse]
[6167, 11.85, 11.5, 11.80, 11.55, 1011, otc]
[6168, 17.95, 17.6, 17.65, 17.95, 436, tse]
[6169, 20.0, 19.35, 19.40, 20.00, 38, otc]
[6170, 35.0, 34.2, 34.70, 34.25, 111, otc]
[6171, 23.95, 23.75, 23.90, 23.95, 33, otc]
[6173, 34.6, 34.05, 34.35, 34.05, 273, otc]
[6174, 25.5, 25.3, 25.30, 25.45, 80, otc]
[6175, 33.3, 31.8, 33.30, 31.95, 364, otc]
[6176, 100.5, 98.3, 98.40, 100.50, 2681, tse]
[6177, 30.3, 30.05, 30.15, 30.30, 525, tse]
[6179, 25.8, 25.0, 25.25, 25.50, 156, otc]
[6180, 74.0, 71.2, 72.10, 73.80, 6039, otc]
[6182, 42.35, 41.75, 41.90, 42.10, 3913, otc]
[6183, 60.4, 59.7, 59.80, 60.40, 98, tse]
[6184, 48.9, 48.55, 48.55, 48.65, 53, tse]
[6185, 12.55, 12.4, 12.45, 12.45, 95, otc]
[6186, 35.75, 35.1, 35.10, 35.30, 571, otc]
[6187, 63.0, 62.2, 62.30, 62.30, 294, otc]
[6188, 43.25, 42.85, 43.05, 43.05, 2540, otc]
[6189, 38.4, 37.75, 37.85, 38.30, 636, tse]
[6190, 29.05, 28.6, 28.70, 29.00, 647, otc]
[6191, 27.85, 27.5, 27.65, 27.70, 801, tse]
[6192, 71.5, 70.8, 71.40, 71.10, 191, tse]
[6194, 22.95, 22.7, 22.95, 22.90, 14, otc]
[6195, 42.8, 41.95, 42.80, 42.50, 181, otc]
[6196, 121.0, 119.5, 120.00, 120.50, 515, tse]
[6197, 41.0, 39.85, 40.30, 40.80, 430, tse]
[6198, 19.45, 19.35, 19.35, 19.45, 6, otc]
[6199, 18.0, 17.7, 17.95, 17.70, 18, otc]
[6201, 39.5, 39.4, 39.40, 39.45, 18, tse]
[6202, 70.4, 69.0, 69.00, 70.20, 1030, tse]
[6203, 52.0, 50.9, 51.50, 51.50, 78, otc]
[6204, 56.5, 54.0, 55.20, 56.50, 18, otc]
[6205, 72.9, 67.0, 67.00, 72.70, 3123, tse]
[6206, 67.5, 66.9, 66.90, 67.30, 367, tse]
[6207, 26.2, 25.85, 25.90, 25.85, 62, otc]
[6208, 50.4, 49.7, 50.40, 50.30, 122, otc]
[6209, 24.6, 24.1, 24.25, 24.50, 286, tse]
[6210, 35.0, 34.75, 35.00, 35.00, 25, otc]
[6212, 52.6, 50.9, 52.60, 50.90, 3, otc]
[6213, 76.9, 72.9, 74.20, 74.20, 4005, tse]
[6214, 73.3, 72.2, 72.20, 73.00, 386, tse]
[6215, 24.6, 22.4, 22.70, 23.65, 2352, tse]
[6216, 25.8, 25.45, 25.55, 25.55, 138, tse]
[6217, 43.6, 42.2, 42.35, 43.35, 1781, otc]
[6218, 17.95, 17.75, 17.90, 17.95, 48, otc]
[6219, 10.75, 10.55, 10.60, 10.75, 553, otc]
[6220, 26.65, 26.15, 26.50, 26.45, 618, otc]
[6221, 53.5, 51.9, 51.90, 52.60, 28, otc]
[6222, 14.75, 14.1, 14.30, 14.75, 19, otc]
[6223, 117.0, 112.5, 114.00, 116.50, 2099, otc]
[6224, 60.2, 59.1, 59.70, 59.40, 104, tse]
[6225, 12.8, 11.9, 11.90, 12.50, 21, tse]
[6226, 10.25, 10.1, 10.25, 10.15, 365, tse]
[6227, 43.65, 42.5, 42.70, 43.25, 1140, otc]
[6228, 12.5, 11.8, 11.85, 12.30, 28, otc]
[6229, 25.2, 24.55, 24.90, 25.20, 79, otc]
[6230, 112.0, 109.0, 109.50, 109.50, 76, tse]
[6231, 95.8, 90.6, 91.90, 91.20, 2106, otc]
[6233, 21.8, 21.05, 21.80, 21.25, 443, otc]
[6234, 22.1, 20.8, 20.80, 21.70, 1143, otc]
[6235, 36.4, 35.55, 35.85, 36.10, 2100, tse]
[6236, NaN, NaN, NaN, NaN, 0, otc]
[6237, 47.2, 45.7, 46.90, 45.85, 648, otc]
[6239, 80.8, 80.0, 80.10, 80.50, 1862, tse]
[6240, 18.95, 18.2, 18.50, 18.45, 108, otc]
[6241, 15.1, 14.65, 15.10, 14.80, 89, otc]
[6242, 54.5, 53.8, 54.50, 54.20, 46, otc]
[6243, 28.4, 27.9, 28.20, 27.90, 116, tse]
[6244, 28.4, 27.45, 27.75, 28.40, 4407, otc]
[6245, 96.7, 91.0, 94.90, 95.50, 12302, otc]
[6246, 13.9, 13.35, 13.65, 13.90, 77, otc]
[6247, 15.4, 15.4, 15.40, 15.40, 9, otc]
[6248, 22.65, 22.2, 22.45, 22.20, 274, otc]
[6257, 49.55, 49.0, 49.15, 49.50, 1228, tse]
[6259, 23.75, 21.6, 22.45, 23.75, 201, otc]
[6261, 59.5, 59.0, 59.30, 59.30, 156, otc]
[6263, 89.9, 88.6, 89.30, 89.40, 96, otc]
[6264, 8.15, 8.05, 8.10, 8.12, 89, otc]
[6265, 9.46, 9.24, 9.34, 9.27, 229, otc]
[6266, 24.35, 23.85, 24.00, 24.35, 1046, otc]
[6269, 101.0, 98.8, 99.50, 99.10, 913, tse]
[6270, 22.1, 21.9, 22.05, 22.10, 52, otc]
[6271, 211.0, 206.5, 210.00, 209.50, 1381, tse]
[6274, 60.9, 57.8, 58.00, 59.40, 12213, otc]
[6275, 26.7, 26.2, 26.70, 26.30, 247, otc]
[6276, 16.8, 16.35, 16.75, 16.55, 168, otc]
[6277, 77.7, 77.3, 77.70, 77.50, 62, tse]
[6278, 88.9, 88.0, 88.90, 88.50, 1490, tse]
[6279, 143.5, 141.0, 142.50, 143.50, 1017, otc]
[6281, 83.0, 82.6, 82.60, 82.80, 15, tse]
[6282, 29.75, 29.1, 29.75, 29.65, 3658, tse]
[6283, 31.5, 31.0, 31.20, 31.20, 255, tse]
[6284, 51.6, 49.65, 49.95, 50.30, 440, otc]
[6285, 82.1, 81.1, 81.10, 81.60, 2048, tse]
[6287, 23.2, 22.8, 22.80, 23.15, 7, otc]
[6288, 22.8, 22.25, 22.40, 22.80, 401, tse]
[6290, 55.7, 53.7, 53.90, 54.10, 1444, otc]
[6291, 97.9, 96.9, 96.90, 97.90, 5, otc]
[6292, 40.55, 40.0, 40.50, 40.40, 31, otc]
[6294, 109.0, 105.5, 105.50, 108.50, 44, otc]
[6404, 19.15, 18.4, 18.60, 19.15, 8, otc]
[6405, 21.65, 21.5, 21.65, 21.60, 9, tse]
[6409, 1585.0, 1505.0, 1,535.00, 1,525.00, 280, tse]
[6411, 87.2, 86.3, 87.10, 86.50, 250, otc]
[6412, 75.8, 74.6, 75.00, 75.50, 306, tse]
[6414, 220.0, 216.0, 217.50, 217.50, 813, tse]
[6415, 528.0, 510.0, 510.00, 526.00, 4340, tse]
[6416, 91.2, 88.8, 90.00, 89.80, 249, tse]
[6417, 83.7, 83.0, 83.70, 83.50, 162, otc]
[6418, 15.8, 15.7, 15.80, 15.80, 11, otc]
[6419, 35.0, 34.45, 34.80, 35.00, 14, otc]
[6425, 21.8, 21.1, 21.50, 21.50, 23, otc]
[6426, 62.3, 60.9, 61.30, 61.40, 172, tse]
[6431, 20.55, 20.0, 20.55, 20.20, 33, tse]
[6432, 31.0, 30.1, 31.00, 30.20, 97, otc]
[6435, 100.5, 99.0, 100.00, 99.50, 104, otc]
[6438, 90.8, 90.1, 90.50, 90.10, 253, tse]
[6441, 52.1, 50.2, 50.40, 51.30, 454, otc]
[6442, 47.0, 44.35, 44.60, 46.65, 552, tse]
[6443, 35.4, 34.35, 34.80, 35.20, 12836, tse]
[6446, 487.0, 473.0, 479.00, 476.50, 2023, otc]
[6449, 42.9, 42.15, 42.90, 42.60, 24, tse]
[6451, 80.7, 79.1, 79.70, 80.30, 253, tse]
[6456, 82.5, 81.1, 81.60, 82.10, 1352, tse]
[6457, 56.5, 56.0, 56.50, 56.20, 84, otc]
[6461, 30.5, 29.75, 30.30, 30.25, 777, otc]
[6462, 63.3, 62.6, 63.10, 63.10, 140, otc]
[6464, 98.1, 96.3, 98.10, 96.50, 283, tse]
[6465, 18.0, 16.95, 17.65, 17.10, 95, otc]
[6469, 305.0, 295.5, 299.00, 303.50, 686, otc]
[6470, 55.6, 53.3, 53.40, 55.40, 540, otc]
[6472, 409.0, 381.5, 385.50, 402.00, 5666, otc]
[6477, 45.0, 44.2, 44.80, 44.75, 1401, tse]
[6482, 45.0, 42.5, 42.80, 45.00, 12, otc]
[6485, 72.2, 70.2, 70.50, 71.70, 341, otc]
[6486, 65.5, 64.4, 65.50, 65.00, 85, otc]
[6488, 494.5, 485.0, 485.00, 493.00, 4788, otc]
[6491, 464.0, 441.5, 445.00, 446.00, 3144, tse]
[6492, 58.5, 56.2, 56.20, 58.10, 346, otc]
[6494, 72.0, 70.5, 71.20, 71.40, 143, otc]
[6496, 27.45, 27.35, 27.45, 27.40, 13, otc]
[6499, 57.2, 56.0, 57.00, 56.20, 129, otc]
[6504, 72.2, 71.4, 71.90, 71.70, 83, tse]
[6505, 84.0, 82.6, 82.70, 83.10, 5246, tse]
[6506, 20.05, 19.6, 19.60, 20.00, 151, otc]
[6508, 36.0, 35.75, 35.75, 35.85, 246, otc]
[6509, 40.9, 40.3, 40.80, 40.40, 624, otc]
[6510, 505.0, 490.5, 490.50, 493.00, 250, otc]
[6512, 23.8, 23.15, 23.80, 23.65, 22, otc]
[6514, 51.3, 49.6, 51.30, 50.40, 62, otc]
[6515, 434.5, 419.5, 426.50, 431.00, 633, tse]
[6516, 76.7, 76.2, 76.70, 76.40, 49, otc]
[6517, 54.7, 53.6, 54.10, 54.70, 342, otc]
[6523, 104.5, 102.5, 102.50, 104.00, 200, otc]
[6525, 69.3, 68.5, 69.20, 68.90, 238, tse]
[6527, 57.5, 53.8, 53.90, 56.80, 415, otc]
[6530, 23.65, 23.2, 23.55, 23.65, 111, otc]
[6531, 191.0, 184.0, 185.00, 187.50, 3610, tse]
[6532, 54.4, 52.8, 53.80, 54.10, 411, otc]
[6533, 535.0, 516.0, 522.00, 535.00, 5798, tse]
[6535, 40.75, 39.0, 39.20, 40.20, 789, otc]
[6538, 71.4, 69.7, 69.80, 70.30, 94, otc]
[6541, 38.4, 36.7, 36.90, 37.85, 1080, tse]
[6542, 45.15, 45.15, 45.15, 45.15, 1, otc]
[6546, 71.3, 70.3, 70.50, 71.00, 332, otc]
[6547, 73.9, 71.1, 71.90, 71.20, 3608, otc]
[6548, 30.7, 29.95, 30.55, 30.30, 569, otc]
[6550, 91.2, 89.5, 90.00, 90.00, 3660, tse]
[6552, 30.3, 29.75, 30.30, 30.10, 66, tse]
[6556, 100.5, 93.8, 93.80, 98.90, 54, otc]
[6558, 22.7, 22.2, 22.70, 22.55, 170, tse]
[6560, 34.8, 33.75, 34.80, 33.80, 37, otc]
[6561, 283.5, 277.0, 279.00, 278.50, 84, otc]
[6568, 171.5, 160.5, 160.50, 169.50, 998, otc]
[6569, 98.9, 96.7, 97.00, 98.90, 6, otc]
[6570, 47.6, 46.75, 46.90, 47.30, 319, otc]
[6573, 13.35, 13.0, 13.10, 13.15, 90, tse]
[6574, 50.4, 49.8, 49.95, 50.40, 3, otc]
[6576, 96.5, 92.8, 92.80, 94.70, 582, otc]
[6577, 58.8, 58.8, 58.80, 58.80, 3, otc]
[6578, 15.9, 15.4, 15.85, 15.40, 355, otc]
[6579, 88.0, 87.2, 87.50, 87.90, 58, tse]
[6581, 97.0, 95.6, 96.70, 96.10, 65, tse]
[6582, 58.6, 57.5, 58.60, 58.10, 153, tse]
[6585, 54.2, 53.0, 53.30, 54.00, 170, tse]
[6588, 31.95, 30.05, 30.05, 30.45, 15, otc]
[6589, 112.0, 107.5, 109.50, 109.00, 4375, otc]
[6590, 58.5, 58.5, 58.50, 58.50, 2, otc]
[6591, 44.6, 43.45, 43.60, 43.70, 372, tse]
[6592, 105.0, 104.0, 104.00, 104.00, 517, tse]
[6593, 40.15, 38.95, 39.60, 40.15, 56, otc]
[6594, 27.1, 25.8, 25.90, 26.15, 113, otc]
[6596, 45.65, 44.0, 45.65, 44.90, 54, otc]
[6598, 28.3, 27.65, 28.00, 27.80, 199, tse]
[6603, 17.65, 17.15, 17.20, 17.30, 943, otc]
[6605, 74.6, 73.4, 74.30, 74.40, 672, tse]
[6609, 41.2, 37.85, 38.45, 40.85, 5323, otc]
[6612, 109.0, 91.0, 91.00, 109.00, 2368, otc]
[6613, 91.0, 89.7, 90.70, 90.30, 309, otc]
[6615, 37.5, 37.0, 37.00, 37.50, 17, otc]
[6616, 13.8, 13.7, 13.80, 13.80, 13, otc]
[6624, 43.0, 41.5, 43.00, 42.40, 25, otc]
[6625, 43.65, 40.9, 42.90, 40.90, 419, tse]
[6629, 46.7, 45.0, 45.70, 46.70, 6, otc]
[6640, 96.5, 90.0, 90.40, 96.50, 69, otc]
[6641, 53.5, 53.3, 53.50, 53.50, 3, tse]
[6642, 45.2, 43.5, 45.20, 44.40, 120, otc]
[6643, 523.0, 499.0, 502.00, 518.00, 5032, otc]
[6649, 38.9, 36.1, 36.10, 38.40, 939, otc]
[6651, 67.5, 66.6, 67.10, 67.00, 26, otc]
[6654, 48.6, 47.5, 47.50, 48.45, 12, otc]
[6655, 130.5, 129.5, 130.00, 129.50, 24, tse]
[6661, 22.3, 21.95, 22.15, 22.30, 25, otc]
[6662, 30.15, 30.0, 30.05, 30.10, 9, otc]
[6664, 94.5, 92.0, 92.50, 92.90, 264, otc]
[6666, 79.5, 76.7, 76.80, 78.40, 328, tse]
[6667, 61.8, 60.2, 60.20, 61.10, 115, otc]
[6668, 38.4, 37.55, 37.85, 37.75, 188, tse]
[6669, 798.0, 778.0, 783.00, 785.00, 1220, tse]
[6670, 219.0, 212.0, 216.50, 216.50, 793, tse]
[6671, 38.25, 38.2, 38.20, 38.20, 3, tse]
[6672, 76.0, 74.6, 75.80, 75.50, 396, tse]
[6674, 25.9, 24.2, 25.90, 24.75, 50, tse]
[6679, 251.5, 241.5, 246.50, 249.50, 982, otc]
[6680, 64.0, 64.0, 64.00, 64.00, 1, otc]
[6683, 191.0, 187.0, 187.00, 188.50, 153, otc]
[6684, 46.1, 44.2, 44.50, 45.50, 60, otc]
[6689, 127.0, 113.0, 119.00, 127.00, 2480, tse]
[6690, 119.0, 117.0, 118.50, 117.00, 39, otc]
[6691, 200.5, 198.5, 200.00, 199.00, 80, tse]
[6693, 59.9, 59.0, 59.90, 59.70, 36, otc]
[6695, 41.9, 39.65, 39.85, 41.20, 379, tse]
[6697, 37.1, 36.75, 37.10, 36.75, 6, otc]
[6698, 28.5, 27.95, 28.15, 27.95, 52, tse]
[6703, 101.0, 99.0, 99.50, 99.50, 81, otc]
[6706, 90.8, 89.6, 89.90, 90.00, 357, tse]
[6708, 61.5, 54.7, 55.40, 59.90, 922, otc]
[6712, 208.5, 204.0, 207.00, 206.00, 1354, otc]
[6715, 124.5, 119.5, 124.00, 121.00, 369, tse]
[6716, 80.0, 78.3, 80.00, 78.40, 9, otc]
[6719, 292.0, 276.0, 277.50, 290.50, 5602, tse]
[6721, 43.0, 42.55, 43.00, 42.65, 17, otc]
[6727, 67.0, 65.8, 66.10, 67.00, 93, otc]
[6728, 121.0, 118.0, 118.00, 120.00, 21, otc]
[6732, 244.0, 225.0, 225.50, 237.00, 255, otc]
[6733, 21.8, 21.15, 21.50, 21.70, 180, otc]
[6735, 56.0, 54.5, 54.50, 56.00, 14, otc]
[6741, 123.0, 114.0, 121.00, 114.00, 7726, otc]
[6743, 37.25, 36.4, 36.90, 36.90, 129, tse]
[6747, 191.0, 184.0, 184.00, 188.00, 195, otc]
[6751, 46.5, 45.45, 46.50, 46.00, 53, otc]
[6752, 74.9, 71.5, 71.70, 73.10, 121, otc]
[6754, 46.6, 46.15, 46.40, 46.45, 71, tse]
[6756, 189.5, 186.0, 187.00, 188.50, 361, tse]
[6761, 85.4, 83.7, 83.70, 85.40, 56, otc]
[6762, 230.0, 230.0, 230.00, 230.00, 1, otc]
[6763, 493.5, 469.5, 469.50, 489.00, 703, otc]
[6767, 32.2, 31.4, 32.00, 32.20, 97, otc]
[6768, 73.3, 72.2, 73.10, 72.30, 222, tse]
[6770, 33.65, 32.05, 33.65, 32.30, 52303, tse]
[6776, 39.4, 39.15, 39.20, 39.25, 73, tse]
[6781, 741.0, 712.0, 726.00, 717.00, 1374, tse]
[6782, 342.0, 294.0, 296.50, 333.00, 2608, tse]
[6788, 116.0, 103.5, 106.50, 116.00, 5085, otc]
[6789, 224.0, 216.5, 219.50, 221.50, 1609, tse]
[6790, 36.8, 35.75, 35.80, 36.65, 203, tse]
[6791, 48.25, 47.4, 47.40, 47.95, 33, otc]
[6792, 70.3, 69.0, 69.30, 69.50, 122, tse]
[6796, 75.0, 73.0, 73.20, 74.90, 96, tse]
[6799, 98.0, 96.4, 97.30, 97.80, 65, tse]
[6803, 257.5, 253.5, 257.50, 255.50, 30, otc]
[6804, 54.4, 53.5, 53.50, 53.60, 13, otc]
[6806, 83.5, 79.4, 80.10, 82.90, 4388, tse]
[6807, 25.1, 24.8, 24.80, 25.00, 36, tse]
[6811, 145.0, 142.5, 144.00, 143.50, 27, otc]
[6823, 96.7, 94.2, 94.20, 96.00, 9, otc]
[6829, 73.2, 71.5, 72.50, 72.50, 149, otc]
[6830, 112.0, 101.5, 102.00, 112.00, 878, tse]
[6834, 25.5, 24.75, 25.00, 25.20, 83, tse]
[6835, 40.65, 40.0, 40.45, 40.00, 167, tse]
[6843, 49.2, 48.25, 48.25, 49.20, 101, otc]
[6854, 106.0, 100.0, 100.00, 102.00, 44, tse]
[6855, 72.0, 71.1, 71.10, 72.00, 22, otc]
[6859, 148.0, 140.0, 144.50, 141.50, 234, otc]
[6865, 76.0, 74.2, 75.20, 75.50, 144, otc]
[6874, 53.0, 47.2, 47.60, 53.00, 889, otc]
[7402, 36.4, 36.1, 36.40, 36.20, 3, otc]
[7556, 103.0, 99.5, 101.00, 100.50, 13, otc]
[8011, 14.1, 14.0, 14.00, 14.00, 205, tse]
[8016, 187.0, 183.5, 184.00, 186.50, 821, tse]
[8021, 29.05, 28.8, 29.05, 28.90, 250, tse]
[8024, 20.8, 20.05, 20.60, 20.25, 333, otc]
[8027, 50.5, 49.95, 50.30, 50.50, 204, otc]
[8028, 57.6, 56.6, 57.60, 57.00, 1676, tse]
[8032, 30.8, 30.45, 30.45, 30.65, 36, otc]
[8033, 40.0, 38.4, 39.00, 39.10, 4155, tse]
[8034, 14.85, 14.55, 14.60, 14.60, 66, otc]
[8038, 42.65, 41.0, 41.75, 42.30, 2136, otc]
[8039, 41.25, 40.9, 41.10, 41.10, 342, tse]
[8040, 53.3, 50.9, 53.00, 51.40, 976, otc]
[8042, 34.95, 34.25, 34.25, 34.65, 34, otc]
[8043, 27.8, 26.65, 26.90, 26.65, 344, otc]
[8044, 65.3, 63.2, 63.50, 64.10, 7598, otc]
[8046, 235.5, 230.5, 232.50, 234.50, 11662, tse]
[8047, 11.9, 11.2, 11.90, 11.80, 54, otc]
[8048, 33.9, 33.0, 33.50, 33.90, 127, otc]
[8049, 31.95, 31.2, 31.85, 31.95, 1554, otc]
[8050, 73.4, 70.7, 71.60, 73.10, 6443, otc]
[8054, 31.1, 30.8, 30.85, 30.85, 183, otc]
[8059, 9.85, 9.02, 9.81, 9.66, 46, otc]
[8064, 17.0, 16.75, 16.90, 17.00, 439, otc]
[8066, 27.6, 27.25, 27.40, 27.55, 17, otc]
[8067, 8.91, 8.48, 8.91, 8.82, 51, otc]
[8068, 25.55, 24.85, 25.50, 25.00, 112, otc]
[8069, 178.0, 173.0, 175.00, 176.00, 36810, otc]
[8070, 31.55, 31.15, 31.15, 31.35, 488, tse]
[8071, 14.9, 14.3, 14.35, 14.60, 728, otc]
[8072, 26.2, 25.1, 25.15, 25.50, 263, tse]
[8074, 21.05, 19.1, 19.20, 20.40, 1322, otc]
[8076, 28.55, 27.7, 27.75, 28.30, 1207, otc]
[8077, 7.57, 7.0, 7.57, 7.00, 28, otc]
[8080, 12.1, 11.1, 11.55, 11.35, 10, otc]
[8081, 152.0, 149.5, 151.50, 151.00, 611, tse]
[8083, 163.5, 162.5, 163.50, 163.00, 25, otc]
[8084, 100.0, 97.5, 99.10, 99.70, 583, otc]
[8085, 21.35, 20.6, 20.65, 21.20, 1272, otc]
[8086, 74.2, 69.9, 70.90, 74.20, 7127, otc]
[8087, 30.15, 28.5, 28.80, 29.80, 402, otc]
[8088, 23.9, 23.25, 23.25, 23.90, 644, otc]
[8089, 22.85, 22.5, 22.80, 22.75, 46, otc]
[8091, 88.5, 84.8, 84.80, 87.70, 934, otc]
[8092, 12.0, 11.45, 11.95, 11.50, 142, otc]
[8093, 10.9, 10.55, 10.60, 10.60, 51, otc]
[8096, 11.65, 11.5, 11.60, 11.55, 219, otc]
[8097, 62.0, 60.5, 61.00, 61.30, 858, otc]
[8099, 39.45, 38.85, 39.35, 39.00, 17, otc]
[8101, 6.19, 5.86, 5.94, 6.19, 46, tse]
[8103, 31.5, 30.65, 31.20, 31.50, 143, tse]
[8104, 37.4, 36.6, 37.40, 36.60, 173, tse]
[8105, 13.45, 13.25, 13.40, 13.30, 2622, tse]
[8107, 16.6, 16.45, 16.60, 16.45, 65, otc]
[8109, 87.2, 86.1, 87.20, 86.30, 105, otc]
[8110, 12.0, 11.4, 11.45, 12.00, 3378, tse]
[8111, 15.6, 15.4, 15.60, 15.60, 231, otc]
[8112, 37.15, 36.5, 36.60, 37.10, 1248, tse]
[8114, 114.5, 110.5, 110.50, 114.00, 571, tse]
[8121, 24.35, 23.7, 23.90, 24.10, 646, otc]
[8131, 39.6, 39.35, 39.45, 39.50, 274, tse]
[8147, 62.3, 60.5, 61.50, 60.90, 249, otc]
[8150, 33.8, 33.1, 33.15, 33.65, 3027, tse]
[8155, 121.0, 105.5, 107.00, 118.00, 7104, otc]
[8163, 38.95, 38.55, 38.80, 38.90, 529, tse]
[8171, 55.9, 52.1, 53.80, 54.00, 8434, otc]
[8176, 9.81, 9.41, 9.81, 9.42, 126, otc]
[8182, 31.45, 31.0, 31.35, 31.40, 80, otc]
[8183, 53.0, 51.7, 52.40, 52.80, 797, otc]
[8201, 10.2, 10.05, 10.20, 10.10, 105, tse]
[8210, 87.2, 79.2, 80.60, 85.20, 5222, tse]
[8213, 36.8, 36.4, 36.40, 36.65, 276, tse]
[8215, 32.35, 31.75, 31.85, 32.10, 1092, tse]
[8222, 25.75, 24.55, 25.15, 25.45, 2629, tse]
[8227, 86.0, 79.4, 80.30, 85.50, 1313, otc]
[8234, 31.85, 31.1, 31.45, 31.85, 684, otc]
[8240, 28.15, 27.9, 28.15, 28.00, 43, otc]
[8249, 28.95, 27.75, 28.40, 28.10, 802, tse]
[8255, 158.0, 153.0, 156.00, 157.00, 1269, otc]
[8261, 105.0, 103.0, 104.00, 105.00, 1764, tse]
[8271, 42.45, 41.85, 42.30, 42.05, 176, tse]
[8277, 7.92, 7.88, 7.88, 7.91, 229, otc]
[8279, 158.0, 155.5, 155.50, 158.00, 21, otc]
[8284, 57.5, 56.4, 56.90, 57.30, 86, otc]
[8289, 35.65, 35.25, 35.65, 35.30, 574, otc]
[8291, NaN, NaN, NaN, NaN, 0, otc]
[8299, 358.0, 352.5, 353.50, 356.50, 1480, otc]
[8341, 165.0, 161.5, 162.00, 163.50, 569, tse]
[8342, 54.8, 54.8, 54.80, 54.80, 2, otc]
[8349, 55.4, 54.7, 55.10, 55.10, 248, otc]
[8354, 14.25, 14.2, 14.20, 14.20, 18, otc]
[8358, 60.9, 58.5, 58.70, 59.90, 24534, otc]
[8367, 40.4, 39.05, 39.70, 40.00, 101, tse]
[8374, 28.75, 28.25, 28.40, 28.60, 36, tse]
[8383, 38.85, 38.4, 38.60, 38.65, 188, otc]
[8390, 38.3, 36.6, 36.60, 37.10, 1265, otc]
[8401, 20.9, 20.45, 20.60, 20.75, 321, otc]
[8403, 33.55, 32.05, 32.25, 33.00, 1860, otc]
[8404, 26.65, 26.3, 26.65, 26.50, 75, tse]
[8409, 19.2, 18.7, 18.80, 18.70, 71, otc]
[8410, 29.1, 29.1, 29.10, 29.10, 1, otc]
[8411, 13.55, 13.35, 13.45, 13.55, 112, tse]
[8415, 37.7, 37.4, 37.45, 37.55, 337, otc]
[8416, 117.0, 115.0, 115.50, 117.00, 14, otc]
[8418, 9.94, 9.7, 9.85, 9.85, 16, otc]
[8420, 87.0, 81.3, 86.00, 82.90, 2965, otc]
[8421, 16.65, 15.65, 16.00, 15.90, 3994, otc]
[8422, 179.5, 177.5, 178.50, 179.50, 148, tse]
[8423, NaN, NaN, NaN, NaN, 0, otc]
[8424, 67.0, 66.8, 66.80, 67.00, 3, otc]
[8426, 29.45, 28.1, 28.10, 28.30, 58, otc]
[8429, 10.7, 10.45, 10.45, 10.60, 333, tse]
[8431, 51.0, 49.35, 49.55, 50.70, 206, otc]
[8432, 47.7, 46.8, 47.15, 47.15, 68, otc]
[8433, 65.3, 63.3, 64.60, 65.20, 266, otc]
[8435, 59.8, 59.4, 59.50, 59.80, 22, otc]
[8436, 180.0, 172.5, 173.00, 175.00, 3622, otc]
[8437, 101.5, 101.0, 101.50, 101.50, 12, otc]
[8438, 24.05, 23.9, 24.00, 23.95, 76, tse]
[8440, 46.4, 44.3, 44.30, 44.95, 2312, otc]
[8442, 76.2, 74.1, 75.00, 75.50, 140, tse]
[8443, 10.95, 10.65, 10.95, 10.80, 132, tse]
[8444, 38.5, 38.0, 38.00, 38.50, 8, otc]
[8446, 82.9, 81.3, 82.00, 82.00, 72, otc]
[8450, 26.25, 25.7, 26.00, 25.90, 134, otc]
[8454, 825.0, 773.0, 792.00, 798.00, 3121, tse]
[8455, 22.35, 20.7, 21.60, 20.70, 21, otc]
[8462, 123.0, 120.0, 122.00, 122.50, 108, tse]
[8463, 24.8, 23.9, 24.05, 24.70, 156, tse]
[8464, 332.5, 315.0, 320.50, 321.00, 1040, tse]
[8466, 40.5, 39.95, 40.45, 40.50, 64, tse]
[8467, 57.1, 56.9, 57.10, 57.00, 21, tse]
[8472, 43.1, 42.0, 42.00, 42.20, 8, otc]
[8473, 27.7, 27.0, 27.55, 27.20, 86, tse]
[8476, 60.4, 59.0, 59.40, 59.70, 439, otc]
[8477, 17.7, 16.3, 17.45, 16.45, 308, otc]
[8478, 378.0, 312.0, 312.00, 378.00, 21050, tse]
[8481, 57.6, 55.7, 56.70, 56.80, 24, tse]
[8482, 70.4, 69.9, 70.10, 70.40, 14, tse]
[8488, 15.1, 15.05, 15.10, 15.05, 51, tse]
[8489, 25.5, 23.05, 23.35, 24.35, 462, otc]
[8499, 101.5, 100.5, 101.50, 101.00, 55, tse]
[8905, 22.8, 22.55, 22.60, 22.65, 61, otc]
[8906, 19.35, 18.85, 19.00, 19.20, 94, otc]
[8908, 68.6, 67.5, 67.70, 68.50, 53, otc]
[8916, 52.2, 51.6, 52.10, 51.70, 939, otc]
[8917, 90.0, 89.8, 89.80, 89.90, 9, otc]
[8921, 15.0, 14.95, 14.95, 15.00, 2, otc]
[8923, 23.85, 22.1, 22.30, 22.80, 126, otc]
[8924, 118.0, 115.0, 116.50, 118.00, 300, otc]
[8926, 33.95, 33.5, 33.95, 33.65, 766, tse]
[8927, 36.15, 35.5, 35.85, 35.50, 615, otc]
[8928, 41.45, 40.9, 41.35, 40.95, 237, otc]
[8929, 20.45, 20.05, 20.15, 20.30, 28, otc]
[8930, 17.15, 17.0, 17.10, 17.10, 162, otc]
[8931, 44.65, 42.6, 42.60, 44.15, 408, otc]
[8932, 41.85, 39.0, 40.50, 39.80, 1000, otc]
[8933, 16.45, 15.95, 16.35, 16.00, 6158, otc]
[8935, 11.7, 11.3, 11.65, 11.70, 78, otc]
[8936, 21.8, 21.6, 21.60, 21.80, 499, otc]
[8937, 14.95, 14.7, 14.85, 14.95, 17, otc]
[8938, 99.3, 97.6, 98.60, 98.20, 842, otc]
[8940, 16.45, 16.15, 16.30, 16.35, 195, tse]
[8941, 55.8, 54.0, 55.10, 55.00, 49, otc]
[8942, 60.3, 60.0, 60.20, 60.30, 80, otc]
[8996, 205.5, 174.5, 181.00, 205.50, 46513, tse]
[9103, 7.97, 7.71, 7.80, 7.88, 1636, tse]
[9105, 3.84, 3.8, 3.81, 3.81, 2360, tse]
[9110, 2.99, 2.95, 2.97, 2.99, 33, tse]
[9136, 6.42, 6.23, 6.29, 6.25, 192, tse]
[9802, 142.5, 136.5, 141.50, 137.50, 1961, tse]
[9902, 12.65, 12.4, 12.50, 12.65, 94, tse]
[9904, 34.35, 33.75, 34.20, 34.30, 12686, tse]
[9905, 24.4, 24.25, 24.25, 24.35, 68, tse]
[9906, 47.45, 46.75, 46.75, 47.30, 30, tse]
[9907, 17.3, 17.0, 17.25, 17.15, 2614, tse]
[9908, 31.2, 31.0, 31.05, 31.10, 146, tse]
[9910, 210.0, 204.0, 206.50, 207.00, 1790, tse]
[9911, 63.5, 62.8, 62.80, 63.40, 143, tse]
[9912, 9.79, 9.42, 9.79, 9.47, 347, tse]
[9914, 190.5, 179.0, 181.50, 185.50, 2727, tse]
[9917, 100.0, 99.3, 99.90, 99.60, 412, tse]
[9918, 42.2, 42.0, 42.15, 42.00, 13, tse]
[9919, 17.5, 16.9, 17.50, 17.00, 1946, tse]
[9921, 215.5, 208.0, 211.50, 213.00, 1716, tse]
[9924, 42.05, 41.65, 41.75, 42.00, 166, tse]
[9925, 39.65, 39.5, 39.55, 39.60, 202, tse]
[9926, 51.6, 51.3, 51.60, 51.30, 6, tse]
[9927, 37.95, 37.75, 37.75, 37.90, 144, tse]
[9928, 20.6, 19.2, 20.30, 19.80, 446, tse]
[9929, 8.58, 8.37, 8.54, 8.37, 43, tse]
[9930, 46.6, 46.25, 46.30, 46.50, 128, tse]
[9931, NaN, NaN, NaN, NaN, 0, tse]
[9933, 42.95, 42.4, 42.40, 42.45, 2274, tse]
[9934, 13.25, 13.1, 13.20, 13.20, 527, tse]
[9935, 17.55, 17.35, 17.50, 17.55, 127, tse]
[9937, 52.5, 52.0, 52.30, 52.10, 22, tse]
[9938, 59.5, 57.0, 59.50, 57.50, 3971, tse]
[9939, 88.0, 85.7, 85.70, 87.00, 1407, tse]
[9940, 27.25, 26.9, 26.95, 27.25, 388, tse]
[9941, 164.5, 162.0, 163.50, 163.00, 1823, tse]
[9942, 104.5, 102.5, 104.50, 104.50, 265, tse]
[9943, 64.3, 62.3, 62.30, 62.50, 122, tse]
[9944, 20.55, 20.3, 20.50, 20.55, 121, tse]
[9945, 43.9, 43.4, 43.80, 43.90, 8441, tse]
[9946, 12.05, 11.9, 12.05, 11.95, 63, tse]
[9949, 21.45, 20.3, 20.90, 20.95, 246, otc]
[9950, 11.0, 10.5, 10.50, 10.60, 35, otc]
[9951, 67.4, 65.8, 67.40, 66.00, 119, otc]
[9955, 23.15, 21.2, 21.35, 21.35, 5033, tse]
[9958, 95.4, 90.2, 92.10, 95.00, 6474, tse]
[9960, 25.8, 25.4, 25.40, 25.80, 10, otc]
[9962, 18.65, 18.25, 18.65, 18.50, 1192, otc]
