[1101, 40.25, 38.9, 39.00, 39.30, 139502, tse]
[1102, 44.45, 43.95, 44.00, 44.25, 12242, tse]
[1103, 20.75, 19.9, 20.10, 20.15, 2911, tse]
[1104, 30.4, 28.05, 28.60, 29.65, 29441, tse]
[1108, 16.9, 16.0, 16.30, 16.75, 8461, tse]
[1109, 18.0, 17.6, 17.80, 17.90, 645, tse]
[1110, 19.0, 18.1, 18.25, 18.70, 1610, tse]
[1201, 20.2, 20.0, 20.05, 20.10, 951, tse]
[1203, 38.1, 37.3, 37.95, 37.80, 34, tse]
[1210, 52.9, 51.0, 51.50, 52.80, 12772, tse]
[1213, 7.07, 6.56, 7.07, 6.76, 69, tse]
[1215, 103.0, 91.0, 91.00, 99.10, 16152, tse]
[1216, 74.3, 73.1, 73.70, 73.90, 17185, tse]
[1217, 11.3, 11.0, 11.00, 11.25, 2860, tse]
[1218, 30.4, 29.35, 29.45, 29.80, 5736, tse]
[1219, 21.75, 21.25, 21.30, 21.50, 3144, tse]
[1220, 16.2, 15.8, 16.10, 16.00, 980, tse]
[1225, 60.5, 58.3, 59.20, 60.00, 1384, tse]
[1227, 40.95, 40.35, 40.40, 40.95, 4713, tse]
[1229, 62.8, 60.9, 60.90, 61.90, 5804, tse]
[1231, 96.0, 90.8, 91.00, 95.20, 1397, tse]
[1232, 152.0, 149.5, 150.00, 152.00, 212, tse]
[1233, 34.9, 33.95, 34.00, 34.00, 122, tse]
[1234, 36.8, 36.25, 36.35, 36.75, 1059, tse]
[1235, 69.6, 69.5, 69.50, 69.60, 7, tse]
[1236, 23.75, 23.5, 23.55, 23.65, 146, tse]
[1240, 47.2, 45.0, 45.00, 46.40, 132, otc]
[1256, 313.5, 306.0, 308.50, 311.00, 22, tse]
[1258, 27.1, 26.8, 26.85, 26.80, 610, otc]
[1259, 73.5, 73.0, 73.00, 73.40, 17, otc]
[1264, 291.0, 273.0, 273.00, 285.00, 158, otc]
[1268, 149.0, 144.0, 145.50, 148.00, 453, otc]
[1301, 94.2, 93.1, 93.70, 93.80, 16811, tse]
[1303, 78.1, 77.0, 78.00, 77.50, 12662, tse]
[1304, 25.5, 24.3, 25.35, 24.45, 5066, tse]
[1305, 25.35, 24.0, 25.00, 24.15, 7682, tse]
[1307, 22.95, 20.8, 21.05, 22.60, 5984, tse]
[1308, 27.65, 26.35, 27.60, 26.60, 6365, tse]
[1309, 21.05, 20.0, 21.05, 20.05, 2025, tse]
[1310, 17.6, 16.5, 16.80, 16.80, 28495, tse]
[1312, 20.25, 19.6, 20.25, 19.70, 8607, tse]
[1313, 14.9, 14.35, 14.85, 14.55, 3587, tse]
[1314, 10.15, 9.99, 10.10, 10.00, 38360, tse]
[1315, 70.5, 69.8, 70.00, 70.00, 37, tse]
[1316, 13.8, 13.35, 13.50, 13.65, 5909, tse]
[1319, 51.5, 47.75, 48.40, 50.80, 31319, tse]
[1321, 34.5, 33.95, 34.35, 34.00, 507, tse]
[1323, 33.1, 32.75, 33.00, 33.00, 336, tse]
[1324, 12.4, 11.35, 11.45, 11.70, 499, tse]
[1325, 24.35, 23.9, 24.15, 24.10, 619, tse]
[1326, 69.3, 68.6, 68.90, 69.00, 4977, tse]
[1336, 27.4, 26.25, 26.25, 27.10, 1109, otc]
[1337, 7.42, 7.09, 7.15, 7.29, 2710, tse]
[1338, 45.0, 44.15, 44.25, 44.60, 111, tse]
[1339, 43.9, 43.05, 43.90, 43.75, 282, tse]
[1340, 12.7, 11.25, 11.30, 12.50, 2565, tse]
[1341, 69.9, 69.4, 69.80, 69.40, 31, tse]
[1342, 151.5, 139.0, 151.00, 139.50, 4109, tse]
[1402, 32.45, 31.95, 32.00, 32.35, 17565, tse]
[1409, 17.65, 17.45, 17.60, 17.60, 5304, tse]
[1410, 38.95, 38.25, 38.80, 38.65, 57, tse]
[1413, 9.39, 9.23, 9.39, 9.29, 179, tse]
[1414, 17.5, 16.3, 17.50, 16.85, 885, tse]
[1416, 11.95, 11.7, 11.70, 11.85, 1622, tse]
[1417, 14.8, 14.1, 14.60, 14.10, 4340, tse]
[1418, 15.7, 15.2, 15.55, 15.30, 100, tse]
[1419, 40.7, 40.2, 40.50, 40.65, 150, tse]
[1423, 23.5, 21.35, 21.40, 23.20, 1689, tse]
[1432, 15.55, 14.95, 15.55, 15.15, 831, tse]
[1434, 28.4, 28.1, 28.30, 28.15, 2618, tse]
[1436, 57.5, 56.7, 57.10, 57.10, 117, tse]
[1437, 28.6, 28.1, 28.60, 28.15, 698, tse]
[1438, 32.25, 31.4, 31.55, 31.70, 735, tse]
[1439, 22.35, 21.75, 22.10, 21.90, 74, tse]
[1440, 17.0, 16.75, 16.90, 16.90, 2576, tse]
[1441, 8.3, 8.06, 8.28, 8.24, 257, tse]
[1442, 32.9, 31.8, 32.80, 32.00, 2353, tse]
[1443, 29.1, 28.15, 28.90, 28.65, 79, tse]
[1444, 10.95, 10.75, 10.80, 10.75, 4759, tse]
[1445, 21.0, 19.85, 19.95, 20.00, 1173, tse]
[1446, 30.95, 30.2, 30.80, 30.35, 111, tse]
[1447, 8.3, 8.07, 8.12, 8.19, 5216, tse]
[1449, 15.25, 15.0, 15.05, 15.00, 210, tse]
[1451, 23.55, 22.85, 23.05, 23.10, 1209, tse]
[1452, 17.65, 17.5, 17.60, 17.55, 229, tse]
[1453, 15.3, 14.9, 15.20, 15.00, 586, tse]
[1454, 13.65, 13.2, 13.35, 13.60, 261, tse]
[1455, 10.45, 10.3, 10.35, 10.40, 1220, tse]
[1456, 16.65, 15.8, 15.80, 16.55, 382, tse]
[1457, 18.7, 18.45, 18.70, 18.70, 706, tse]
[1459, 9.1, 8.5, 8.98, 9.02, 229, tse]
[1460, 8.3, 7.95, 7.96, 8.11, 10178, tse]
[1463, 14.4, 14.25, 14.25, 14.35, 228, tse]
[1464, 15.4, 15.2, 15.35, 15.30, 1587, tse]
[1465, 14.3, 14.2, 14.25, 14.25, 43, tse]
[1466, 11.7, 11.55, 11.60, 11.65, 239, tse]
[1467, 11.8, 11.4, 11.55, 11.80, 4137, tse]
[1468, 14.2, 13.75, 13.80, 14.20, 147, tse]
[1470, 20.75, 18.85, 19.05, 19.50, 404, tse]
[1471, 10.25, 9.38, 9.84, 9.43, 10260, tse]
[1472, 28.4, 26.7, 28.40, 26.75, 146, tse]
[1473, 24.0, 22.35, 22.85, 23.20, 837, tse]
[1474, 12.8, 12.5, 12.60, 12.80, 369, tse]
[1475, 53.9, 51.8, 51.80, 53.30, 86, tse]
[1476, 505.0, 483.5, 487.00, 491.00, 2363, tse]
[1477, 234.0, 222.0, 222.50, 226.50, 5325, tse]
[1503, 116.0, 101.0, 102.50, 113.00, 99900, tse]
[1504, 46.9, 44.45, 44.50, 45.65, 121754, tse]
[1506, 20.8, 20.25, 20.80, 20.55, 665, tse]
[1512, 13.65, 13.1, 13.20, 13.10, 237, tse]
[1513, 110.0, 102.5, 102.50, 108.00, 104002, tse]
[1514, 53.4, 47.55, 49.10, 49.30, 94252, tse]
[1515, 31.55, 29.65, 29.65, 30.40, 4590, tse]
[1516, 21.4, 20.2, 21.00, 21.05, 1415, tse]
[1517, 19.7, 18.8, 19.00, 19.15, 2189, tse]
[1519, 104.0, 95.7, 95.80, 99.10, 86982, tse]
[1521, 38.5, 37.5, 38.50, 38.30, 73, tse]
[1522, 30.0, 29.2, 29.80, 29.60, 4616, tse]
[1524, 24.0, 23.15, 23.70, 23.50, 7344, tse]
[1525, 72.6, 69.2, 71.20, 70.10, 457, tse]
[1526, 40.55, 39.9, 40.00, 40.00, 559, tse]
[1527, 42.3, 41.75, 42.30, 42.00, 462, tse]
[1528, 13.15, 12.05, 12.70, 12.35, 15981, tse]
[1529, 46.0, 41.0, 42.70, 41.05, 37855, tse]
[1530, 34.05, 32.8, 32.80, 33.70, 116, tse]
[1531, 14.55, 14.4, 14.40, 14.45, 206, tse]
[1532, 34.6, 34.05, 34.50, 34.20, 920, tse]
[1533, 57.6, 54.5, 57.00, 56.50, 3409, tse]
[1535, 55.3, 53.4, 53.50, 54.30, 597, tse]
[1536, 71.5, 69.8, 70.60, 70.30, 1541, tse]
[1537, 144.5, 139.5, 144.00, 141.50, 478, tse]
[1538, 10.0, 9.64, 9.64, 9.64, 31, tse]
[1539, 29.5, 28.75, 29.15, 28.80, 717, tse]
[1540, 16.85, 16.6, 16.75, 16.70, 310, tse]
[1541, 34.75, 33.9, 33.90, 34.10, 47, tse]
[1558, 113.0, 111.5, 111.50, 113.00, 203, tse]
[1560, 111.5, 107.5, 111.00, 110.50, 3816, tse]
[1565, 251.0, 245.5, 249.00, 245.50, 303, otc]
[1568, 23.65, 23.15, 23.50, 23.35, 484, tse]
[1569, 24.2, 23.85, 23.90, 23.90, 505, otc]
[1570, 19.35, 18.0, 18.00, 18.55, 938, otc]
[1580, 106.0, 104.0, 105.00, 105.50, 231, otc]
[1582, 60.2, 59.1, 59.70, 59.70, 356, tse]
[1583, 66.9, 66.0, 66.70, 66.30, 26, tse]
[1584, 42.55, 40.0, 42.50, 40.50, 10250, otc]
[1586, 36.9, 33.7, 34.00, 35.00, 1851, otc]
[1587, 23.05, 22.7, 22.70, 22.90, 89, tse]
[1589, 85.5, 79.3, 79.50, 83.00, 14978, tse]
[1590, 1125.0, 1045.0, 1,105.00, 1,070.00, 2705, tse]
[1591, 28.95, 26.5, 26.50, 28.30, 1296, otc]
[1593, 81.0, 77.8, 77.80, 79.40, 166, otc]
[1595, 39.35, 38.7, 39.30, 38.90, 23, otc]
[1597, 78.0, 76.0, 76.10, 76.20, 124, tse]
[1598, 42.95, 41.55, 42.20, 41.85, 378, tse]
[1599, 38.1, 37.55, 38.00, 37.75, 237, otc]
[1603, 27.05, 26.5, 26.50, 26.85, 988, tse]
[1604, 26.55, 26.0, 26.30, 26.50, 1300, tse]
[1605, 51.3, 49.55, 50.30, 50.10, 76392, tse]
[1608, 17.55, 16.45, 16.45, 16.75, 11603, tse]
[1609, 32.25, 27.85, 27.90, 31.30, 304282, tse]
[1611, 18.65, 17.7, 17.95, 18.00, 15044, tse]
[1612, 21.4, 20.8, 21.00, 21.00, 3783, tse]
[1614, 37.0, 36.5, 37.00, 36.70, 109, tse]
[1615, 38.8, 36.9, 38.75, 37.35, 551, tse]
[1616, 9.8, 9.01, 9.07, 9.58, 3164, tse]
[1617, 15.5, 15.15, 15.45, 15.30, 91, tse]
[1618, 19.5, 18.45, 18.90, 18.80, 8058, tse]
[1626, 18.7, 18.15, 18.65, 18.65, 122, tse]
[1701, 28.0, 26.9, 27.70, 27.35, 23119, tse]
[1702, 51.2, 48.05, 48.15, 50.70, 4444, tse]
[1707, 187.0, 181.0, 183.00, 186.00, 1532, tse]
[1708, 41.65, 41.0, 41.35, 41.25, 3380, tse]
[1709, 27.35, 26.65, 26.90, 26.70, 13119, tse]
[1710, 22.55, 21.25, 21.35, 21.50, 29859, tse]
[1711, 22.65, 21.45, 22.00, 21.50, 41237, tse]
[1712, 37.15, 36.7, 37.15, 36.90, 2411, tse]
[1713, 29.5, 29.3, 29.40, 29.50, 293, tse]
[1714, 9.52, 9.26, 9.32, 9.42, 7917, tse]
[1717, 32.75, 32.0, 32.40, 32.20, 5195, tse]
[1718, 8.47, 8.34, 8.42, 8.36, 5478, tse]
[1720, 78.1, 73.0, 77.00, 74.70, 21340, tse]
[1721, 18.1, 16.65, 17.70, 16.75, 25439, tse]
[1722, 59.6, 58.5, 59.10, 59.20, 5528, tse]
[1723, 115.5, 114.0, 115.00, 114.00, 622, tse]
[1725, 25.7, 23.35, 25.20, 23.80, 854, tse]
[1726, 75.0, 73.9, 74.30, 74.30, 43, tse]
[1727, 43.0, 39.7, 40.35, 41.45, 12321, tse]
[1730, 58.4, 57.7, 57.70, 58.30, 68, tse]
[1731, 22.95, 21.4, 21.60, 22.40, 5452, tse]
[1732, 28.2, 27.55, 28.10, 27.65, 441, tse]
[1733, 28.4, 27.5, 28.00, 28.15, 2705, tse]
[1734, 34.8, 32.55, 32.90, 33.75, 17257, tse]
[1735, 17.6, 16.5, 17.45, 16.55, 802, tse]
[1736, 68.0, 66.6, 67.00, 66.60, 917, tse]
[1737, 33.9, 33.45, 33.50, 33.80, 567, tse]
[1742, 14.9, 14.55, 14.85, 14.60, 70, otc]
[1752, 83.0, 77.9, 80.80, 77.90, 21513, tse]
[1760, 170.0, 162.5, 162.50, 165.50, 11683, tse]
[1762, 101.0, 94.1, 97.50, 98.60, 12981, tse]
[1773, 131.0, 127.5, 129.00, 128.00, 672, tse]
[1776, 23.95, 21.6, 22.80, 22.40, 12936, tse]
[1777, 99.2, 94.0, 96.80, 96.00, 2232, otc]
[1781, 15.0, 14.5, 14.60, 14.95, 193, otc]
[1783, 75.0, 63.0, 64.20, 71.50, 27251, tse]
[1784, 70.9, 61.5, 63.80, 70.00, 15663, otc]
[1785, 37.7, 36.15, 36.35, 37.10, 7984, otc]
[1786, 78.5, 71.0, 74.00, 73.90, 3929, tse]
[1788, 146.5, 143.5, 144.00, 145.00, 143, otc]
[1789, 29.15, 28.05, 28.40, 28.15, 6932, tse]
[1795, 286.0, 263.0, 264.00, 281.50, 54046, tse]
[1796, 145.0, 119.0, 119.00, 139.00, 4609, otc]
[1799, 20.75, 19.45, 19.65, 20.10, 83, otc]
[1802, 20.3, 19.05, 20.30, 19.20, 27647, tse]
[1805, 10.4, 9.84, 10.25, 10.20, 50, tse]
[1806, 9.33, 9.07, 9.33, 9.09, 1482, tse]
[1808, 75.2, 73.7, 75.10, 73.90, 642, tse]
[1809, 16.3, 15.1, 16.25, 15.35, 20047, tse]
[1810, 28.25, 26.6, 28.10, 26.95, 14128, tse]
[1813, 22.6, 22.2, 22.25, 22.45, 149, otc]
[1815, 12.1, 11.8, 11.80, 12.00, 1622, otc]
[1817, 39.65, 38.4, 38.40, 38.85, 1010, tse]
[1903, 44.7, 43.3, 43.30, 44.15, 975, tse]
[1904, 34.1, 31.2, 31.50, 33.10, 45826, tse]
[1905, 27.0, 24.55, 24.70, 25.15, 176648, tse]
[1906, 16.65, 16.25, 16.40, 16.35, 1427, tse]
[1907, 32.3, 30.5, 30.90, 31.50, 34953, tse]
[1909, 17.5, 17.0, 17.35, 17.25, 10525, tse]
[2002, 29.4, 28.9, 29.10, 29.10, 68305, tse]
[2006, 57.6, 56.6, 57.20, 57.00, 2299, tse]
[2007, 10.75, 10.4, 10.60, 10.60, 1357, tse]
[2008, 19.9, 19.5, 19.80, 19.55, 168, tse]
[2009, 34.45, 31.45, 32.15, 33.50, 12103, tse]
[2010, 16.35, 16.1, 16.25, 16.25, 1172, tse]
[2012, 27.6, 27.0, 27.50, 27.25, 280, tse]
[2013, 58.2, 57.2, 57.60, 57.90, 226, tse]
[2014, 24.6, 24.05, 24.45, 24.45, 18425, tse]
[2015, 68.0, 67.0, 68.00, 67.20, 1036, tse]
[2017, 17.85, 17.2, 17.70, 17.40, 1839, tse]
[2020, 23.3, 23.0, 23.30, 23.00, 352, tse]
[2022, 10.65, 9.8, 9.85, 10.25, 23306, tse]
[2023, 15.35, 14.8, 15.20, 15.20, 8344, tse]
[2024, 19.0, 18.5, 18.95, 18.70, 82, tse]
[2025, 5.58, 5.21, 5.35, 5.30, 682, tse]
[2027, 45.05, 44.3, 44.45, 45.00, 15873, tse]
[2028, 26.3, 25.6, 26.00, 25.80, 683, tse]
[2029, 25.95, 24.9, 25.75, 25.20, 856, tse]
[2030, 22.25, 22.0, 22.20, 22.15, 1565, tse]
[2031, 48.7, 46.7, 48.70, 47.05, 10768, tse]
[2032, 18.6, 18.3, 18.40, 18.55, 270, tse]
[2033, 15.6, 15.1, 15.60, 15.20, 354, tse]
[2034, 29.45, 29.05, 29.20, 29.25, 1403, tse]
[2035, 31.4, 30.95, 31.10, 31.35, 51, otc]
[2038, 20.55, 20.0, 20.50, 20.25, 820, tse]
[2049, 236.5, 226.5, 235.00, 233.00, 5126, tse]
[2059, 417.5, 399.0, 415.00, 402.00, 1567, tse]
[2061, 21.55, 19.85, 21.55, 20.50, 412, otc]
[2062, 22.45, 22.05, 22.40, 22.20, 674, tse]
[2063, 43.0, 41.5, 41.90, 42.75, 291, otc]
[2064, 18.5, 17.15, 17.15, 18.00, 144, otc]
[2065, 61.4, 58.0, 60.80, 58.90, 1057, otc]
[2066, 96.9, 93.6, 94.30, 96.90, 810, otc]
[2067, 13.15, 12.6, 13.15, 12.80, 56, otc]
[2069, 20.0, 19.65, 19.65, 19.85, 463, tse]
[2070, 33.45, 32.3, 32.45, 32.85, 146, otc]
[2101, 39.5, 38.2, 38.40, 39.25, 1770, tse]
[2102, 21.0, 20.2, 20.30, 20.75, 1331, tse]
[2103, 28.45, 27.15, 27.75, 27.15, 4735, tse]
[2104, 20.4, 19.8, 20.00, 20.30, 9519, tse]
[2105, 39.2, 37.6, 37.90, 38.40, 22970, tse]
[2106, 31.9, 31.1, 31.20, 31.65, 1977, tse]
[2107, 22.1, 21.75, 21.75, 21.95, 714, tse]
[2108, 40.15, 39.1, 39.55, 39.35, 1340, tse]
[2109, 14.45, 14.25, 14.35, 14.40, 527, tse]
[2114, 101.0, 99.8, 99.90, 100.00, 63, tse]
[2115, 31.55, 30.8, 31.50, 30.80, 116, tse]
[2201, 81.5, 76.2, 80.80, 77.40, 37610, tse]
[2204, 80.6, 76.3, 79.80, 76.40, 16285, tse]
[2206, 61.4, 54.6, 55.00, 59.20, 129153, tse]
[2207, 665.0, 652.0, 652.00, 665.00, 327, tse]
[2208, 26.65, 24.35, 26.25, 24.45, 39872, tse]
[2211, 61.6, 58.8, 59.50, 60.40, 5475, tse]
[2221, 43.15, 41.8, 42.85, 41.90, 441, otc]
[2227, 195.0, 192.5, 195.00, 194.00, 62, tse]
[2228, 82.9, 80.6, 82.90, 81.20, 379, tse]
[2230, 91.6, 80.5, 83.90, 81.50, 8805, otc]
[2231, 180.5, 173.0, 175.50, 173.50, 1795, tse]
[2233, 123.0, 114.5, 117.50, 115.00, 3233, tse]
[2235, 46.1, 45.3, 45.80, 45.30, 38, otc]
[2236, 41.8, 39.0, 40.40, 39.70, 2067, tse]
[2239, 73.3, 70.8, 72.00, 72.50, 404, tse]
[2241, 34.7, 33.9, 34.20, 34.10, 194, tse]
[2243, 21.5, 19.3, 21.15, 19.65, 1866, tse]
[2247, 302.5, 285.5, 298.00, 289.50, 1487, tse]
[2250, 73.1, 72.3, 72.80, 72.50, 61, tse]
[2301, 76.6, 73.6, 73.60, 76.20, 25031, tse]
[2302, 20.8, 19.7, 20.60, 19.90, 3058, tse]
[2303, 50.2, 49.25, 49.50, 49.60, 108709, tse]
[2305, 22.75, 21.75, 22.75, 22.15, 960, tse]
[2308, 305.5, 295.0, 302.00, 303.00, 22930, tse]
[2312, 13.3, 13.05, 13.15, 13.15, 8640, tse]
[2313, 43.5, 42.8, 43.35, 43.15, 21758, tse]
[2314, 49.5, 44.9, 47.80, 48.50, 11243, tse]
[2316, 28.85, 28.2, 28.40, 28.50, 254, tse]
[2317, 106.0, 104.0, 104.50, 105.00, 102764, tse]
[2321, 23.7, 19.3, 23.70, 19.60, 150, tse]
[2323, 8.1, 7.95, 8.05, 7.96, 4893, tse]
[2324, 24.45, 23.9, 24.05, 24.15, 47859, tse]
[2327, 509.0, 489.0, 499.00, 506.00, 6497, tse]
[2328, 38.25, 37.2, 37.90, 37.40, 4870, tse]
[2329, 19.8, 19.1, 19.80, 19.60, 6937, tse]
[2330, 502.0, 495.0, 500.00, 500.00, 51433, tse]
[2331, 26.75, 24.6, 24.65, 25.95, 37394, tse]
[2332, 18.2, 17.6, 17.80, 18.00, 5811, tse]
[2337, 32.95, 32.05, 32.45, 32.50, 30454, tse]
[2338, 82.0, 78.5, 80.00, 80.60, 8677, tse]
[2340, 35.55, 34.75, 34.90, 35.50, 2815, tse]
[2342, 42.1, 40.7, 41.75, 40.70, 3715, tse]
[2344, 26.05, 24.3, 26.05, 24.65, 93929, tse]
[2345, 304.5, 285.5, 304.50, 288.50, 13069, tse]
[2347, 62.7, 61.0, 61.80, 62.40, 8983, tse]
[2348, 67.7, 66.9, 67.70, 67.50, 219, tse]
[2349, 9.1, 8.94, 9.06, 8.98, 2626, tse]
[2351, 124.5, 118.0, 120.50, 121.50, 6087, tse]
[2352, 35.9, 34.1, 35.00, 34.20, 53153, tse]
[2353, 30.8, 28.05, 30.25, 28.20, 85399, tse]
[2354, 54.3, 53.4, 53.90, 53.80, 4376, tse]
[2355, 32.35, 31.5, 32.15, 31.65, 1377, tse]
[2356, 33.2, 31.75, 33.10, 32.10, 29226, tse]
[2357, 292.0, 282.0, 283.00, 289.00, 7670, tse]
[2358, 13.35, 9.59, 10.70, 12.70, 10002, tse]
[2359, 34.9, 32.7, 34.00, 34.45, 21135, tse]
[2360, 194.0, 182.5, 194.00, 190.00, 9128, tse]
[2362, 30.65, 30.35, 30.50, 30.45, 2282, tse]
[2363, 17.65, 17.35, 17.50, 17.35, 2706, tse]
[2364, 107.0, 103.0, 104.00, 104.00, 807, tse]
[2365, 10.85, 10.55, 10.60, 10.60, 882, tse]
[2367, 18.25, 17.55, 18.00, 17.95, 10359, tse]
[2368, 99.7, 95.3, 99.00, 98.10, 23948, tse]
[2369, 14.3, 14.0, 14.25, 14.20, 1681, tse]
[2371, 33.9, 32.75, 32.90, 33.40, 26610, tse]
[2373, 82.1, 80.0, 80.00, 80.80, 200, tse]
[2374, 20.8, 20.2, 20.35, 20.60, 1533, tse]
[2375, 71.8, 67.3, 69.30, 70.30, 2964, tse]
[2376, 138.0, 131.0, 133.00, 137.00, 29005, tse]
[2377, 147.0, 141.0, 145.00, 142.50, 13092, tse]
[2379, 375.5, 353.0, 358.50, 366.00, 8077, tse]
[2380, 10.15, 10.0, 10.15, 10.05, 1364, tse]
[2382, 90.2, 86.7, 86.80, 89.60, 88394, tse]
[2383, 170.5, 159.0, 164.00, 170.00, 10370, tse]
[2385, 99.0, 97.1, 97.50, 98.00, 7280, tse]
[2387, 45.95, 44.4, 44.50, 45.45, 6522, tse]
[2388, 75.6, 73.8, 74.20, 74.80, 10611, tse]
[2390, 12.65, 12.25, 12.35, 12.50, 1264, tse]
[2392, 42.55, 41.4, 42.05, 41.40, 3878, tse]
[2393, 40.4, 39.85, 40.00, 40.10, 1576, tse]
[2395, 384.0, 367.0, 372.50, 380.00, 3949, tse]
[2397, 71.0, 67.1, 68.20, 68.40, 408, tse]
[2399, 15.65, 15.1, 15.40, 15.20, 2309, tse]
[2401, 24.1, 23.7, 23.75, 23.90, 2909, tse]
[2402, 29.15, 27.1, 28.70, 27.55, 31562, tse]
[2404, 227.5, 215.5, 216.50, 223.50, 4120, tse]
[2405, 12.95, 12.65, 12.75, 12.75, 3004, tse]
[2406, 19.4, 18.85, 19.20, 18.90, 3792, tse]
[2408, 68.0, 66.2, 67.80, 66.70, 32174, tse]
[2409, 17.45, 16.9, 17.20, 17.30, 101172, tse]
[2412, 127.0, 124.5, 126.50, 126.50, 20581, tse]
[2413, 40.0, 36.2, 39.20, 37.30, 21334, tse]
[2414, 34.85, 34.3, 34.35, 34.85, 408, tse]
[2415, 25.25, 23.6, 23.85, 24.55, 449, tse]
[2417, 25.45, 22.5, 25.45, 22.65, 25575, tse]
[2419, 26.6, 25.85, 26.25, 26.35, 7825, tse]
[2420, 44.95, 44.6, 44.65, 44.65, 713, tse]
[2421, 61.6, 52.1, 53.40, 61.60, 31904, tse]
[2423, 36.1, 34.7, 35.75, 35.25, 2660, tse]
[2424, 34.7, 26.1, 26.10, 34.70, 1570, tse]
[2425, 31.25, 29.65, 31.25, 29.80, 2181, tse]
[2426, 18.55, 17.8, 18.15, 18.40, 1932, tse]
[2427, 15.45, 14.9, 15.25, 15.00, 6225, tse]
[2428, 160.0, 146.0, 147.00, 157.00, 5495, tse]
[2429, 23.2, 21.05, 23.20, 21.70, 1130, tse]
[2430, 42.3, 41.65, 41.80, 42.15, 550, tse]
[2431, 11.7, 11.5, 11.55, 11.60, 1045, tse]
[2433, 53.3, 52.9, 53.20, 53.20, 88, tse]
[2434, 30.0, 29.3, 29.50, 30.00, 28, tse]
[2436, 48.85, 47.35, 48.15, 48.60, 2001, tse]
[2438, 26.9, 24.3, 26.90, 25.25, 2011, tse]
[2439, 86.5, 84.8, 86.40, 86.00, 1547, tse]
[2440, 11.85, 11.3, 11.30, 11.60, 874, tse]
[2441, 54.1, 53.0, 53.90, 53.30, 1917, tse]
[2442, 16.5, 15.85, 16.40, 16.05, 5313, tse]
[2443, 4.12, 3.25, 4.12, 3.50, 2102, tse]
[2444, 17.1, 16.0, 16.50, 16.05, 3158, tse]
[2449, 47.1, 46.1, 47.05, 46.75, 17081, tse]
[2450, 35.7, 35.0, 35.20, 35.50, 688, tse]
[2451, 71.7, 71.0, 71.30, 71.20, 693, tse]
[2453, 74.3, 66.7, 73.80, 67.20, 36496, tse]
[2454, 680.0, 654.0, 654.00, 675.00, 22288, tse]
[2455, 100.0, 92.9, 97.00, 98.80, 17042, tse]
[2457, 77.5, 70.7, 73.60, 71.20, 127755, tse]
[2458, 101.0, 93.3, 94.30, 95.80, 5711, tse]
[2459, 57.2, 56.0, 57.10, 57.00, 175, tse]
[2460, 23.9, 22.25, 23.70, 22.70, 2267, tse]
[2461, 24.1, 22.85, 24.10, 23.15, 6966, tse]
[2462, 34.6, 32.6, 34.10, 32.60, 4578, tse]
[2464, 38.15, 37.75, 37.95, 38.15, 519, tse]
[2465, 37.7, 36.1, 37.10, 36.30, 731, tse]
[2466, 35.1, 34.75, 34.80, 35.05, 36, tse]
[2467, 47.95, 47.15, 47.70, 47.65, 202, tse]
[2468, 26.65, 24.3, 24.80, 26.15, 4544, tse]
[2471, 71.4, 64.5, 71.30, 66.30, 69414, tse]
[2472, 66.7, 64.5, 65.00, 65.60, 2568, tse]
[2474, 183.5, 180.0, 181.00, 182.00, 4151, tse]
[2476, 53.9, 52.5, 52.80, 53.30, 4321, tse]
[2477, 20.95, 20.5, 20.50, 20.70, 106, tse]
[2478, 50.4, 47.0, 48.00, 48.55, 1119, tse]
[2480, 118.0, 104.0, 104.00, 109.50, 15368, tse]
[2481, 67.7, 65.4, 65.50, 66.60, 5279, tse]
[2482, 73.2, 65.4, 72.80, 65.40, 43215, tse]
[2483, 27.45, 26.95, 27.10, 27.10, 778, tse]
[2484, 37.85, 35.75, 37.75, 35.80, 8370, tse]
[2485, 19.5, 18.7, 19.40, 18.90, 2989, tse]
[2486, 30.1, 27.95, 29.65, 27.95, 9563, tse]
[2488, 30.85, 30.35, 30.40, 30.85, 353, tse]
[2489, 12.4, 11.3, 11.55, 12.40, 29492, tse]
[2491, 12.2, 11.85, 11.90, 11.90, 134, tse]
[2492, 102.5, 93.6, 95.70, 102.00, 16435, tse]
[2493, 53.9, 53.0, 53.60, 53.80, 393, tse]
[2495, 28.2, 25.35, 27.90, 25.60, 36555, tse]
[2496, 50.1, 49.0, 49.95, 49.85, 93, tse]
[2497, 73.4, 71.0, 72.70, 71.90, 2405, tse]
[2498, 57.8, 56.1, 57.00, 57.30, 20413, tse]
[2501, 16.9, 16.35, 16.90, 16.60, 3944, tse]
[2504, 29.2, 27.95, 28.00, 28.85, 19396, tse]
[2505, 18.5, 18.15, 18.30, 18.25, 689, tse]
[2506, 9.37, 9.29, 9.36, 9.32, 564, tse]
[2509, 15.85, 15.2, 15.20, 15.55, 226, tse]
[2511, 12.3, 11.95, 12.00, 12.25, 2298, tse]
[2514, 17.35, 16.85, 17.30, 17.00, 353, tse]
[2515, 10.65, 10.25, 10.50, 10.50, 41968, tse]
[2516, 4.98, 4.81, 4.96, 4.93, 579, tse]
[2520, 29.95, 29.4, 29.75, 29.70, 1459, tse]
[2524, 32.2, 31.55, 31.95, 31.80, 55, tse]
[2527, 22.45, 22.15, 22.30, 22.35, 233, tse]
[2528, 24.8, 23.0, 24.55, 23.80, 1378, tse]
[2530, 23.65, 21.7, 22.30, 21.95, 10568, tse]
[2534, 22.85, 22.55, 22.85, 22.70, 2869, tse]
[2535, 32.4, 30.95, 31.00, 32.40, 4695, tse]
[2536, 24.5, 24.3, 24.50, 24.45, 385, tse]
[2537, 7.02, 6.94, 6.95, 6.94, 1179, tse]
[2538, 13.6, 12.7, 13.50, 12.75, 5949, tse]
[2539, 38.7, 37.4, 37.50, 37.80, 1111, tse]
[2540, 77.2, 75.6, 77.20, 76.10, 330, tse]
[2542, 43.2, 42.05, 42.05, 42.90, 9308, tse]
[2543, 9.59, 9.36, 9.40, 9.38, 177, tse]
[2545, 46.95, 46.4, 46.50, 46.80, 1021, tse]
[2546, 72.4, 70.3, 71.00, 71.40, 514, tse]
[2547, 9.43, 9.11, 9.20, 9.35, 2566, tse]
[2548, 96.7, 94.4, 94.70, 96.60, 4723, tse]
[2596, 22.65, 22.25, 22.45, 22.35, 319, otc]
[2597, 120.0, 118.0, 120.00, 119.50, 236, tse]
[2601, 9.23, 9.05, 9.21, 9.08, 6688, tse]
[2603, 160.5, 149.5, 160.00, 151.50, 127159, tse]
[2605, 22.5, 21.45, 22.50, 21.65, 9885, tse]
[2606, 54.3, 51.5, 53.80, 51.90, 22025, tse]
[2607, 27.25, 26.8, 27.15, 26.90, 4215, tse]
[2608, 38.65, 38.1, 38.35, 38.55, 430, tse]
[2609, 62.8, 60.3, 62.70, 61.20, 91919, tse]
[2610, 19.1, 18.8, 19.00, 18.90, 44616, tse]
[2611, 13.15, 12.8, 13.05, 13.00, 1193, tse]
[2612, 40.65, 39.05, 40.65, 39.05, 1118, tse]
[2613, 22.95, 22.0, 22.40, 22.45, 538, tse]
[2614, 20.0, 18.95, 19.10, 19.85, 7115, tse]
[2615, 65.1, 59.3, 65.10, 59.50, 38123, tse]
[2616, 33.2, 32.25, 32.40, 33.00, 3178, tse]
[2617, 32.0, 30.15, 31.95, 30.15, 4491, tse]
[2618, 27.2, 26.8, 26.95, 27.05, 60797, tse]
[2630, 34.6, 30.0, 31.35, 33.50, 21176, tse]
[2633, 31.25, 30.9, 30.95, 31.00, 11752, tse]
[2634, 60.0, 55.3, 59.00, 56.40, 228928, tse]
[2636, 77.4, 75.3, 77.00, 76.90, 1205, tse]
[2637, 64.2, 60.9, 64.20, 61.10, 11564, tse]
[2640, 139.0, 121.0, 123.00, 134.00, 2969, otc]
[2641, 19.0, 18.6, 18.95, 18.85, 3696, otc]
[2642, 46.65, 45.5, 46.15, 46.55, 262, tse]
[2643, 72.9, 69.3, 70.30, 71.70, 350, otc]
[2645, 117.0, 103.5, 115.50, 105.50, 12721, tse]
[2701, 12.7, 12.55, 12.60, 12.70, 479, tse]
[2702, 23.9, 23.15, 23.25, 23.60, 573, tse]
[2704, 41.8, 38.2, 38.20, 41.45, 2330, tse]
[2705, 18.7, 18.15, 18.25, 18.45, 2744, tse]
[2706, 15.25, 14.9, 15.00, 15.20, 1539, tse]
[2707, 298.0, 274.5, 277.00, 292.50, 4380, tse]
[2712, 34.7, 34.0, 34.60, 34.45, 63, tse]
[2718, 48.9, 47.0, 48.70, 48.40, 40, otc]
[2719, 44.55, 42.3, 44.00, 42.90, 104, otc]
[2722, 51.6, 48.8, 50.70, 49.40, 1194, tse]
[2723, 161.0, 154.0, 156.00, 158.50, 4854, tse]
[2724, 14.35, 12.4, 12.40, 14.35, 13, otc]
[2726, 27.05, 26.05, 26.05, 26.60, 103, otc]
[2727, 336.0, 314.5, 320.00, 327.50, 10755, tse]
[2729, 243.0, 229.0, 232.00, 239.50, 290, otc]
[2731, 184.0, 168.5, 178.50, 182.50, 13149, tse]
[2732, 198.5, 168.5, 169.00, 192.00, 10168, otc]
[2734, 33.7, 32.45, 33.05, 33.15, 484, otc]
[2736, 23.5, 21.4, 21.80, 22.80, 2465, otc]
[2739, 66.7, 60.8, 63.00, 65.50, 1857, tse]
[2740, 46.5, 45.0, 46.00, 46.45, 13, otc]
[2743, 61.5, 58.5, 60.60, 60.50, 1019, otc]
[2745, 43.0, 40.45, 40.45, 42.00, 766, otc]
[2748, 84.4, 79.5, 83.80, 82.30, 6978, tse]
[2752, 255.0, 245.0, 249.00, 252.50, 51, otc]
[2753, 183.0, 176.5, 180.00, 176.50, 1801, tse]
[2754, 175.0, 160.5, 161.50, 168.50, 3422, otc]
[2755, 153.5, 145.0, 147.50, 151.00, 210, otc]
[2756, 145.5, 141.5, 144.00, 145.50, 95, otc]
[2801, 18.05, 17.75, 17.85, 18.05, 147368, tse]
[2809, 35.85, 35.15, 35.40, 35.30, 3148, tse]
[2812, 14.65, 14.15, 14.15, 14.65, 33599, tse]
[2816, 16.65, 15.9, 15.90, 16.45, 661, tse]
[2820, 15.2, 15.0, 15.05, 15.10, 2274, tse]
[2832, 21.65, 21.35, 21.35, 21.55, 1214, tse]
[2834, 14.1, 13.9, 13.95, 14.05, 47253, tse]
[2836, 12.35, 12.2, 12.30, 12.30, 1937, tse]
[2838, 16.3, 16.0, 16.00, 16.20, 2287, tse]
[2845, 11.25, 11.15, 11.20, 11.20, 8757, tse]
[2849, 15.1, 15.0, 15.05, 15.05, 185, tse]
[2850, 51.7, 50.4, 51.10, 50.60, 608, tse]
[2851, 18.75, 18.15, 18.25, 18.65, 6724, tse]
[2852, 15.75, 15.5, 15.65, 15.70, 1025, tse]
[2855, 16.7, 16.4, 16.65, 16.50, 2085, tse]
[2867, 5.26, 5.07, 5.26, 5.12, 43217, tse]
[2880, 22.05, 21.75, 21.90, 22.00, 44146, tse]
[2881, 59.3, 58.3, 59.30, 59.10, 31460, tse]
[2882, 42.65, 41.9, 42.45, 42.65, 43898, tse]
[2883, 13.35, 13.0, 13.10, 13.30, 76179, tse]
[2884, 24.95, 24.5, 24.85, 24.95, 79647, tse]
[2885, 22.9, 22.55, 22.60, 22.85, 29698, tse]
[2886, 34.5, 33.9, 34.00, 34.25, 32917, tse]
[2887, 17.6, 17.25, 17.25, 17.55, 34663, tse]
[2888, 8.44, 8.35, 8.39, 8.44, 69343, tse]
[2889, 12.35, 12.2, 12.35, 12.30, 7811, tse]
[2890, 17.1, 16.75, 16.75, 17.05, 64619, tse]
[2891, 23.15, 22.7, 22.80, 23.05, 99878, tse]
[2892, 27.25, 26.85, 27.10, 27.10, 61945, tse]
[2897, 10.4, 9.96, 10.20, 9.96, 28136, tse]
[2901, 25.1, 24.9, 25.00, 25.00, 79, tse]
[2903, 22.95, 22.3, 22.50, 22.85, 7071, tse]
[2904, 21.05, 20.3, 20.30, 20.40, 159, tse]
[2905, 15.25, 15.05, 15.15, 15.15, 881, tse]
[2906, 17.25, 16.95, 17.20, 17.25, 1342, tse]
[2908, 20.85, 20.65, 20.85, 20.70, 915, tse]
[2910, 30.0, 29.5, 29.55, 30.00, 13, tse]
[2911, 7.17, 7.07, 7.10, 7.07, 649, tse]
[2912, 285.5, 270.5, 271.50, 284.50, 8132, tse]
[2913, 25.2, 22.65, 23.05, 23.55, 83767, tse]
[2915, 58.6, 57.3, 58.00, 58.00, 6017, tse]
[2916, 38.3, 34.7, 34.70, 38.10, 1379, otc]
[2923, 23.2, 22.65, 22.65, 23.15, 28, tse]
[2924, 36.7, 31.5, 31.70, 32.00, 33, otc]
[2926, 67.3, 64.7, 65.00, 66.00, 40, otc]
[2929, 13.65, 13.1, 13.40, 13.10, 1507, tse]
[2937, 34.3, 33.9, 34.20, 33.90, 27, otc]
[2939, 34.35, 32.55, 34.30, 32.95, 276, tse]
[2945, 45.95, 42.2, 42.95, 44.20, 233, tse]
[2947, 92.9, 92.2, 92.50, 92.20, 35, otc]
[3002, 13.4, 12.35, 12.35, 12.90, 997, tse]
[3003, 77.7, 76.0, 76.00, 77.10, 3195, tse]
[3004, 114.5, 98.5, 108.50, 98.50, 13471, tse]
[3005, 63.6, 59.1, 59.60, 62.90, 40446, tse]
[3006, 81.5, 74.8, 81.50, 75.00, 27362, tse]
[3008, 2025.0, 1965.0, 2,015.00, 1,975.00, 2084, tse]
[3010, 87.7, 86.1, 87.20, 87.60, 1222, tse]
[3011, 30.45, 28.65, 30.45, 29.90, 9669, tse]
[3013, 24.3, 22.6, 22.70, 23.20, 24176, tse]
[3014, 97.7, 88.3, 88.30, 96.00, 6795, tse]
[3015, 50.7, 48.1, 49.90, 49.10, 2043, tse]
[3016, 65.0, 62.3, 63.00, 64.00, 1846, tse]
[3017, 183.0, 157.5, 157.50, 181.00, 111294, tse]
[3019, 65.0, 63.0, 64.10, 63.30, 1746, tse]
[3021, 22.25, 21.6, 21.70, 22.25, 332, tse]
[3022, 80.9, 78.2, 79.00, 80.80, 3200, tse]
[3023, 359.5, 335.0, 340.00, 348.00, 3142, tse]
[3024, 15.3, 14.75, 14.90, 15.10, 4220, tse]
[3025, 33.05, 30.55, 33.00, 31.20, 15929, tse]
[3026, 103.5, 100.5, 100.50, 102.50, 703, tse]
[3027, 44.85, 42.7, 43.10, 43.70, 10945, tse]
[3028, 32.9, 32.25, 32.25, 32.70, 1343, tse]
[3029, 63.9, 59.0, 60.20, 60.20, 68422, tse]
[3030, 65.2, 61.6, 64.20, 62.70, 2620, tse]
[3031, 19.3, 18.5, 18.60, 18.95, 928, tse]
[3032, 53.2, 45.35, 51.30, 47.80, 27364, tse]
[3033, 31.25, 29.95, 30.50, 30.85, 18773, tse]
[3034, 429.0, 418.5, 425.00, 428.00, 8860, tse]
[3035, 171.0, 162.5, 164.00, 170.00, 36010, tse]
[3036, 67.5, 64.9, 66.40, 65.40, 3027, tse]
[3037, 153.0, 141.5, 144.00, 152.50, 145067, tse]
[3038, 30.85, 28.45, 30.05, 30.15, 20606, tse]
[3040, 32.4, 31.8, 31.85, 32.00, 49, tse]
[3041, 20.0, 19.25, 20.00, 19.55, 1931, tse]
[3042, 86.4, 85.0, 85.20, 86.00, 2290, tse]
[3043, 49.8, 42.3, 42.30, 48.70, 1320, tse]
[3044, 117.5, 115.0, 116.00, 116.50, 2659, tse]
[3045, 105.0, 102.5, 104.00, 104.50, 12035, tse]
[3046, 78.5, 71.7, 72.80, 73.40, 13788, tse]
[3047, 16.2, 15.7, 16.10, 15.75, 7000, tse]
[3048, 28.1, 27.6, 27.65, 27.80, 1414, tse]
[3049, 10.1, 9.93, 10.10, 9.94, 5272, tse]
[3050, 15.7, 15.25, 15.30, 15.45, 1245, tse]
[3051, 18.3, 17.85, 18.30, 18.10, 1670, tse]
[3052, 11.6, 11.2, 11.25, 11.50, 1638, tse]
[3054, 19.45, 18.9, 18.90, 19.15, 29, tse]
[3055, 28.3, 27.4, 28.00, 28.05, 119, tse]
[3056, 50.0, 48.3, 49.90, 48.90, 8669, tse]
[3057, 12.8, 12.15, 12.65, 12.20, 1003, tse]
[3058, 26.2, 24.0, 24.20, 26.00, 22334, tse]
[3059, 33.45, 32.8, 33.40, 32.90, 3120, tse]
[3060, 19.25, 17.3, 17.35, 17.80, 7750, tse]
[3062, 23.0, 22.35, 22.80, 22.40, 4615, tse]
[3064, 13.5, 13.5, 13.50, 13.50, 1, otc]
[3066, 23.3, 21.8, 23.05, 22.75, 425, otc]
[3067, 33.7, 33.5, 33.65, 33.60, 12, otc]
[3071, 35.85, 32.65, 33.50, 34.00, 27042, otc]
[3078, 58.2, 53.7, 54.50, 54.30, 55806, otc]
[3081, 104.5, 100.0, 101.00, 103.50, 5805, otc]
[3083, 46.7, 44.8, 44.95, 46.10, 2464, otc]
[3085, 21.95, 20.35, 21.50, 21.30, 41, otc]
[3086, 77.0, 71.0, 73.00, 74.50, 61, otc]
[3088, 76.3, 74.2, 75.20, 76.00, 1636, otc]
[3089, 71.6, 65.0, 68.00, 71.60, 657, otc]
[3090, 58.4, 56.9, 57.10, 57.60, 2006, tse]
[3092, 39.15, 36.95, 37.75, 37.05, 2027, tse]
[3093, 38.2, 36.0, 38.20, 36.70, 2335, otc]
[3094, 35.0, 33.2, 34.00, 33.20, 5146, tse]
[3095, 24.2, 21.3, 22.00, 22.30, 102, otc]
[3105, 169.5, 162.5, 164.00, 165.00, 9113, otc]
[3114, 27.2, 26.9, 27.00, 27.05, 196, otc]
[3115, 10.65, 10.2, 10.45, 10.60, 54, otc]
[3118, 33.15, 32.0, 32.35, 32.50, 335, otc]
[3122, 25.9, 25.0, 25.00, 25.70, 307, otc]
[3128, 41.95, 37.5, 37.80, 40.20, 4479, otc]
[3130, 213.0, 211.0, 211.00, 213.00, 26, tse]
[3131, 350.5, 333.0, 338.00, 346.50, 893, otc]
[3138, 158.0, 151.0, 155.50, 152.50, 1183, tse]
[3141, 111.5, 100.5, 104.00, 102.50, 17510, otc]
[3147, 77.8, 68.2, 69.20, 71.10, 13161, otc]
[3149, 18.6, 18.2, 18.60, 18.45, 1361, tse]
[3152, 214.0, 203.0, 208.50, 210.50, 387, otc]
[3162, 53.4, 51.4, 52.30, 51.40, 3748, otc]
[3163, 55.2, 53.9, 54.50, 54.30, 1557, otc]
[3164, 25.35, 24.85, 24.95, 25.25, 222, tse]
[3167, 42.8, 41.45, 42.20, 41.55, 471, tse]
[3169, 129.0, 123.5, 127.00, 125.00, 1525, otc]
[3171, 17.65, 17.4, 17.45, 17.65, 99, otc]
[3176, 35.2, 34.1, 34.65, 35.00, 811, otc]
[3178, 87.6, 79.5, 86.80, 80.50, 2149, otc]
[3188, 15.05, 14.15, 14.15, 14.75, 1170, otc]
[3189, 110.5, 104.5, 109.50, 109.50, 21177, tse]
[3191, 8.15, 7.03, 8.10, 7.59, 390, otc]
[3202, 19.9, 17.85, 18.00, 18.50, 22279, otc]
[3205, 48.3, 44.25, 45.00, 45.40, 3767, otc]
[3206, 36.0, 32.8, 33.15, 34.90, 2550, otc]
[3207, 78.7, 73.7, 76.00, 76.70, 7793, otc]
[3209, 42.9, 41.65, 42.00, 42.60, 4562, tse]
[3211, 77.8, 76.0, 76.20, 77.00, 665, otc]
[3213, 52.6, 51.9, 51.90, 52.10, 298, otc]
[3217, 107.0, 100.5, 103.00, 104.50, 2115, otc]
[3218, 414.0, 398.0, 400.50, 409.00, 1123, otc]
[3219, 52.6, 49.65, 51.80, 51.40, 49, otc]
[3221, 29.3, 28.55, 28.95, 29.10, 1643, otc]
[3224, 55.8, 53.3, 54.50, 54.40, 5084, otc]
[3226, 59.0, 57.5, 58.20, 57.50, 8, otc]
[3227, 105.5, 102.5, 103.50, 103.50, 892, otc]
[3228, 171.5, 162.0, 169.00, 171.00, 2280, otc]
[3229, 20.4, 19.55, 19.70, 19.60, 55, tse]
[3230, 15.15, 13.7, 13.80, 14.75, 2140, otc]
[3231, 50.2, 46.85, 47.00, 49.15, 236518, tse]
[3232, 30.65, 29.5, 30.35, 29.55, 1010, otc]
[3234, 23.6, 22.5, 23.30, 22.65, 1074, otc]
[3236, 31.75, 28.05, 28.70, 30.10, 9555, otc]
[3252, 18.25, 17.8, 18.10, 18.20, 213, otc]
[3257, 62.3, 58.7, 58.70, 60.50, 1365, tse]
[3259, 19.2, 18.8, 19.15, 19.20, 91, otc]
[3260, 76.0, 72.5, 75.10, 73.70, 8063, otc]
[3264, 54.3, 53.0, 53.70, 53.90, 6935, otc]
[3265, 58.0, 55.5, 57.70, 57.20, 7762, otc]
[3266, 12.9, 12.7, 12.80, 12.80, 97, tse]
[3268, 22.25, 22.0, 22.10, 22.05, 153, otc]
[3272, 44.2, 42.6, 43.50, 43.30, 1318, otc]
[3276, 15.95, 14.25, 14.25, 15.25, 3594, otc]
[3284, 16.45, 15.6, 16.25, 16.10, 740, otc]
[3285, 20.1, 19.7, 20.10, 19.80, 40, otc]
[3287, 15.1, 14.0, 14.25, 14.65, 608, otc]
[3288, 23.75, 21.6, 22.40, 23.75, 76, otc]
[3289, 86.6, 83.9, 84.20, 85.70, 7054, otc]
[3290, 28.15, 27.1, 27.60, 27.55, 2527, otc]
[3293, 552.0, 528.0, 543.00, 540.00, 2689, otc]
[3294, 19.35, 18.3, 19.15, 18.40, 1743, otc]
[3296, 18.05, 16.9, 18.05, 17.70, 1807, tse]
[3297, 18.85, 17.25, 17.45, 17.60, 960, otc]
[3303, 27.9, 27.3, 27.70, 27.50, 793, otc]
[3305, 51.8, 47.35, 47.90, 50.50, 5697, tse]
[3306, 26.55, 25.45, 25.90, 25.85, 523, otc]
[3308, 36.85, 31.0, 31.20, 36.85, 3899, tse]
[3310, 67.9, 66.1, 67.30, 67.50, 120, otc]
[3311, 34.5, 34.0, 34.35, 34.10, 131, tse]
[3312, 21.75, 21.2, 21.30, 21.60, 1649, tse]
[3313, 10.4, 10.15, 10.30, 10.30, 252, otc]
[3317, 55.5, 53.7, 55.10, 54.50, 799, otc]
[3321, 6.56, 6.27, 6.40, 6.44, 512, tse]
[3322, 22.3, 21.5, 21.80, 21.80, 2771, otc]
[3323, 34.25, 33.0, 33.85, 33.65, 697, otc]
[3324, 254.0, 233.0, 249.00, 240.50, 38186, otc]
[3325, 20.0, 18.35, 18.95, 19.45, 6435, otc]
[3332, 48.55, 47.6, 48.30, 47.60, 51, otc]
[3338, 52.5, 47.0, 47.80, 49.25, 16370, tse]
[3339, 13.6, 13.05, 13.40, 13.15, 170, otc]
[3346, 38.95, 37.4, 38.95, 38.20, 1425, tse]
[3349, 14.3, 13.8, 14.05, 14.10, 58, otc]
[3354, 14.55, 14.1, 14.50, 14.35, 203, otc]
[3356, 41.45, 37.05, 37.30, 39.95, 14479, tse]
[3357, 104.0, 100.0, 103.00, 103.00, 504, otc]
[3360, 13.95, 13.7, 13.80, 13.80, 440, otc]
[3362, 96.8, 91.2, 92.50, 92.20, 11967, otc]
[3363, 39.8, 32.7, 38.25, 34.40, 71064, otc]
[3372, 13.1, 12.25, 12.35, 12.70, 2157, otc]
[3373, 22.95, 22.4, 22.85, 22.80, 137, otc]
[3374, 101.0, 97.7, 98.70, 99.90, 1929, otc]
[3376, 87.8, 86.2, 87.40, 86.50, 676, tse]
[3379, 12.6, 12.4, 12.40, 12.45, 216, otc]
[3380, 36.15, 34.1, 35.60, 35.00, 8317, tse]
[3388, 74.2, 73.3, 73.90, 74.10, 163, otc]
[3390, 18.2, 17.75, 18.10, 18.15, 428, otc]
[3402, 52.6, 51.7, 52.60, 52.40, 525, otc]
[3406, 385.0, 370.5, 371.00, 381.50, 3842, tse]
[3413, 188.5, 186.0, 187.50, 187.00, 937, tse]
[3416, 125.0, 108.0, 112.00, 119.00, 4539, tse]
[3419, 23.75, 20.3, 20.75, 21.90, 65564, tse]
[3426, 40.0, 39.45, 39.50, 39.90, 23, otc]
[3430, 51.2, 49.55, 51.20, 49.55, 842, otc]
[3432, 13.7, 13.3, 13.50, 13.50, 1022, tse]
[3434, 30.15, 28.45, 28.70, 28.55, 704, otc]
[3437, 19.4, 18.9, 19.00, 19.15, 425, tse]
[3438, 61.5, 58.7, 60.20, 59.70, 1637, otc]
[3441, 44.35, 42.45, 42.45, 42.60, 2058, otc]
[3443, 1155.0, 997.0, 1,010.00, 1,140.00, 25102, tse]
[3444, 64.4, 62.2, 63.90, 62.70, 1238, otc]
[3447, 52.6, 48.5, 50.80, 51.00, 2134, tse]
[3450, 37.05, 36.5, 36.90, 36.90, 475, tse]
[3454, 206.5, 195.5, 205.50, 199.50, 8262, tse]
[3455, 89.3, 88.1, 88.70, 89.30, 1342, otc]
[3465, 98.0, 94.5, 96.20, 95.00, 482, otc]
[3466, 34.95, 31.8, 34.00, 32.35, 1915, otc]
[3479, 121.0, 107.0, 111.50, 117.00, 48329, otc]
[3481, 14.0, 13.2, 13.60, 13.65, 220990, tse]
[3483, 73.2, 67.9, 69.50, 70.30, 4792, otc]
[3484, 48.0, 45.1, 47.50, 45.10, 2923, otc]
[3489, 11.15, 10.95, 11.00, 11.10, 258, otc]
[3490, 27.5, 26.75, 26.75, 27.10, 299, otc]
[3491, 169.5, 159.0, 169.50, 164.00, 5090, otc]
[3492, 21.35, 20.7, 20.70, 20.80, 329, otc]
[3494, 7.27, 6.52, 7.27, 6.61, 1429, tse]
[3498, 33.7, 33.0, 33.10, 33.35, 168, otc]
[3499, 23.15, 21.3, 23.00, 21.30, 2893, otc]
[3501, 57.3, 55.5, 56.00, 56.90, 2086, tse]
[3504, 78.5, 76.3, 76.60, 77.50, 1358, tse]
[3508, 33.5, 31.6, 33.00, 31.60, 746, otc]
[3511, 34.25, 33.1, 33.45, 33.60, 622, otc]
[3512, 33.6, 32.85, 33.25, 33.50, 240, otc]
[3515, 138.0, 131.0, 134.00, 132.00, 1191, tse]
[3516, 18.8, 17.7, 17.95, 18.40, 324, otc]
[3518, 35.95, 31.65, 32.20, 32.20, 12185, tse]
[3520, 22.55, 20.65, 22.15, 21.55, 3309, otc]
[3521, 24.3, 23.0, 23.50, 23.85, 986, otc]
[3522, 17.4, 14.5, 14.50, 16.50, 4347, otc]
[3523, 18.5, 17.1, 18.50, 17.45, 36, otc]
[3526, 137.5, 133.5, 134.00, 135.00, 372, otc]
[3527, 114.5, 111.5, 113.00, 112.00, 363, otc]
[3528, 71.5, 66.0, 66.00, 69.30, 1084, tse]
[3529, 1920.0, 1810.0, 1,850.00, 1,895.00, 1480, otc]
[3530, 80.1, 77.1, 79.10, 77.60, 285, tse]
[3531, 28.05, 27.3, 27.80, 27.95, 73, otc]
[3532, 151.5, 146.5, 149.00, 150.00, 3420, tse]
[3533, 947.0, 884.0, 884.00, 935.00, 2956, tse]
[3535, 21.05, 20.7, 21.00, 20.80, 598, tse]
[3537, 39.55, 37.6, 37.70, 38.70, 1510, otc]
[3540, 42.8, 39.0, 41.60, 39.90, 3994, otc]
[3541, 61.0, 59.8, 60.10, 60.20, 145, otc]
[3543, 22.15, 21.1, 21.55, 21.85, 170, tse]
[3545, 81.4, 77.8, 79.40, 80.50, 8948, tse]
[3546, 83.5, 80.4, 81.00, 82.60, 904, otc]
[3548, 71.4, 67.9, 71.40, 68.30, 1942, otc]
[3550, 16.25, 15.6, 16.10, 15.75, 353, tse]
[3551, 62.4, 58.7, 59.30, 61.20, 301, otc]
[3552, 145.0, 139.0, 141.00, 144.00, 1687, otc]
[3555, 27.35, 26.5, 26.55, 26.85, 18, otc]
[3556, 65.7, 63.8, 65.30, 64.30, 394, otc]
[3557, 67.7, 66.5, 67.10, 66.70, 236, tse]
[3558, 304.0, 277.5, 288.00, 284.00, 9903, otc]
[3563, 200.5, 188.5, 190.00, 198.00, 1510, tse]
[3564, 37.8, 34.1, 36.35, 34.90, 1245, otc]
[3567, 30.55, 29.8, 30.05, 29.90, 239, otc]
[3570, 172.0, 158.0, 169.50, 163.00, 1585, otc]
[3576, 21.4, 20.75, 20.85, 20.75, 23908, tse]
[3577, 81.3, 79.5, 80.40, 80.00, 262, otc]
[3580, 56.8, 55.5, 56.20, 56.20, 501, otc]
[3581, 23.55, 22.65, 22.70, 23.50, 167, otc]
[3583, 92.3, 89.2, 90.20, 91.00, 1724, tse]
[3587, 198.0, 188.0, 194.00, 192.50, 1964, otc]
[3588, 58.4, 55.9, 57.30, 56.00, 894, tse]
[3591, 25.4, 22.7, 23.20, 25.05, 10949, tse]
[3592, 385.5, 372.0, 380.00, 375.50, 2034, tse]
[3593, 12.5, 12.1, 12.40, 12.50, 91, tse]
[3594, 52.0, 48.2, 51.80, 48.90, 4167, otc]
[3596, 109.5, 100.0, 101.00, 108.00, 7617, tse]
[3597, 27.0, 25.65, 25.70, 26.35, 234, otc]
[3605, 30.6, 29.8, 30.20, 30.10, 550, tse]
[3607, 14.25, 13.9, 14.05, 14.05, 411, tse]
[3609, 42.45, 40.4, 42.45, 41.20, 66, otc]
[3611, 240.5, 231.0, 233.00, 240.00, 312, otc]
[3615, 18.0, 17.4, 17.95, 17.60, 285, otc]
[3617, 128.0, 118.5, 125.00, 125.50, 1605, tse]
[3622, 32.3, 30.3, 30.50, 31.35, 627, tse]
[3623, 16.45, 15.9, 16.30, 16.00, 64, otc]
[3624, 75.2, 70.7, 74.50, 71.10, 11415, otc]
[3625, 14.1, 13.65, 13.80, 13.90, 590, otc]
[3628, 52.5, 49.9, 50.00, 51.00, 718, otc]
[3629, 99.0, 89.0, 89.00, 98.00, 215, otc]
[3630, 29.5, 28.6, 28.80, 29.00, 516, otc]
[3631, 35.2, 33.25, 35.20, 33.40, 60, otc]
[3632, 15.65, 13.7, 14.75, 14.90, 357, otc]
[3645, 34.3, 33.1, 33.50, 34.00, 483, tse]
[3646, 30.9, 28.1, 28.90, 30.10, 1952, otc]
[3652, 31.65, 30.1, 31.00, 30.70, 2350, tse]
[3653, 482.5, 455.0, 455.50, 472.00, 4367, tse]
[3661, 1290.0, 1190.0, 1,200.00, 1,260.00, 13742, tse]
[3663, 38.25, 34.7, 36.05, 37.60, 3655, otc]
[3664, 43.55, 30.8, 33.90, 41.90, 7849, otc]
[3665, 265.5, 254.5, 263.50, 258.00, 1806, tse]
[3666, 23.0, 22.05, 22.75, 22.20, 292, otc]
[3669, 46.4, 43.2, 43.55, 43.40, 996, tse]
[3672, 29.45, 28.3, 29.00, 29.00, 275, otc]
[3673, 39.35, 37.05, 37.50, 38.30, 18309, tse]
[3675, 312.0, 297.0, 303.00, 297.00, 4840, otc]
[3679, 92.3, 89.2, 90.30, 90.30, 379, tse]
[3680, 354.0, 338.0, 354.00, 341.50, 3817, otc]
[3682, 6.71, 6.52, 6.71, 6.63, 5730, tse]
[3684, 65.4, 62.4, 62.40, 65.00, 213, otc]
[3685, 21.15, 20.75, 21.00, 20.95, 140, otc]
[3686, 15.75, 15.2, 15.40, 15.30, 1015, tse]
[3687, 93.0, 82.2, 83.50, 90.50, 5170, otc]
[3689, 39.35, 38.0, 38.00, 38.45, 1734, otc]
[3691, 109.0, 105.5, 105.50, 106.50, 816, otc]
[3693, 190.0, 172.0, 178.50, 180.00, 7863, otc]
[3694, 24.8, 22.95, 23.50, 24.15, 1652, tse]
[3701, 65.4, 58.5, 60.00, 59.60, 13914, tse]
[3702, 50.6, 50.0, 50.00, 50.30, 13145, tse]
[3703, 32.85, 31.2, 31.20, 32.35, 9138, tse]
[3704, 41.7, 40.2, 41.25, 40.35, 11966, tse]
[3705, 46.6, 45.4, 46.35, 45.70, 2709, tse]
[3706, 28.45, 28.1, 28.45, 28.15, 5790, tse]
[3707, 79.5, 77.5, 78.20, 77.80, 5526, otc]
[3708, 105.0, 101.0, 101.00, 103.00, 2139, tse]
[3709, 21.55, 21.2, 21.35, 21.30, 125, otc]
[3710, 11.85, 11.5, 11.75, 11.60, 2759, otc]
[3711, 104.0, 99.5, 101.00, 103.00, 38750, tse]
[3712, 41.8, 38.5, 38.75, 39.30, 43849, tse]
[3713, 28.65, 27.8, 28.65, 28.15, 223, otc]
[3714, 50.4, 49.0, 50.20, 49.05, 6905, tse]
[3715, 26.3, 24.3, 24.60, 25.75, 64612, tse]
[4102, 32.95, 30.85, 32.60, 31.25, 4367, otc]
[4104, 97.1, 87.8, 88.10, 93.50, 6714, tse]
[4105, 77.7, 76.2, 77.10, 77.10, 2086, otc]
[4106, 33.2, 31.95, 32.10, 32.45, 3322, tse]
[4107, 118.0, 113.0, 114.00, 116.00, 724, otc]
[4108, 24.35, 20.45, 21.20, 22.75, 11340, tse]
[4109, 16.5, 15.5, 16.05, 15.80, 1960, otc]
[4111, 36.85, 30.0, 36.10, 30.25, 20478, otc]
[4113, 16.35, 16.15, 16.20, 16.30, 919, otc]
[4114, 50.4, 47.4, 48.25, 48.15, 46783, otc]
[4116, 67.3, 62.7, 63.30, 64.80, 2690, otc]
[4119, 131.0, 125.5, 126.50, 128.50, 1965, tse]
[4120, 37.9, 36.75, 36.75, 37.10, 150, otc]
[4121, 36.85, 32.9, 36.80, 34.75, 74993, otc]
[4123, 53.8, 50.4, 51.00, 52.40, 19605, otc]
[4126, 91.1, 86.1, 86.60, 88.70, 2708, otc]
[4127, 16.8, 15.5, 16.00, 15.60, 3050, otc]
[4128, 64.3, 62.5, 62.70, 62.50, 6656, otc]
[4129, 66.2, 61.3, 62.80, 61.60, 12290, otc]
[4130, 31.0, 29.55, 30.80, 29.85, 10039, otc]
[4131, 28.3, 27.55, 28.30, 27.55, 25, otc]
[4133, 37.5, 35.85, 35.85, 37.00, 810, tse]
[4137, 233.5, 218.5, 220.00, 230.00, 1106, tse]
[4138, 97.0, 81.0, 81.20, 92.10, 1877, otc]
[4139, 37.8, 37.45, 37.65, 37.60, 40, otc]
[4142, 40.9, 39.8, 39.80, 40.50, 4614, tse]
[4147, 135.0, 119.0, 119.00, 130.50, 15804, otc]
[4148, 65.8, 63.5, 63.80, 63.60, 615, tse]
[4153, 49.5, 46.25, 46.90, 47.70, 2336, otc]
[4154, 30.8, 30.0, 30.80, 30.50, 6, otc]
[4155, 34.3, 33.15, 34.20, 33.90, 3237, tse]
[4157, 15.95, 15.45, 15.55, 15.75, 5556, otc]
[4160, 44.8, 36.2, 36.50, 44.40, 3046, otc]
[4161, 39.1, 31.35, 31.50, 37.40, 11828, otc]
[4162, 104.5, 98.8, 99.30, 101.50, 6357, otc]
[4163, 134.0, 131.0, 132.50, 132.50, 1243, otc]
[4164, 75.6, 68.7, 69.00, 72.60, 25977, tse]
[4167, 18.7, 18.2, 18.45, 18.25, 4201, otc]
[4168, 33.45, 31.45, 31.75, 32.75, 7057, otc]
[4171, 59.4, 57.9, 57.90, 58.60, 633, otc]
[4173, 23.8, 20.0, 20.00, 23.60, 19461, otc]
[4174, 88.5, 85.1, 85.20, 87.50, 2006, otc]
[4175, 129.5, 111.5, 115.00, 129.50, 5176, otc]
[4183, 20.55, 19.45, 19.60, 20.30, 182, otc]
[4188, 17.3, 16.4, 16.65, 16.90, 334, otc]
[4190, 98.0, 90.9, 93.50, 96.70, 2515, tse]
[4192, 19.95, 19.25, 19.45, 19.50, 93, otc]
[4198, 25.7, 25.0, 25.70, 25.00, 34, otc]
[4205, 106.5, 104.0, 105.50, 106.00, 55, otc]
[4207, 15.35, 15.05, 15.15, 15.15, 2594, otc]
[4303, 17.45, 16.95, 17.15, 17.30, 125, otc]
[4304, 10.1, 9.92, 10.10, 9.99, 165, otc]
[4305, 32.2, 31.35, 32.10, 31.50, 73, otc]
[4306, 17.45, 16.75, 17.30, 16.90, 7987, tse]
[4401, 28.45, 27.75, 28.45, 28.05, 130, otc]
[4402, 10.7, 9.95, 10.15, 10.15, 635, otc]
[4406, 10.5, 10.1, 10.40, 10.30, 82, otc]
[4413, 15.15, 14.5, 15.05, 14.75, 41, otc]
[4416, 86.7, 85.1, 86.70, 86.00, 8, otc]
[4417, 42.75, 40.55, 40.75, 42.45, 1350, otc]
[4419, 23.0, 22.5, 22.80, 23.00, 45, otc]
[4420, 29.8, 29.5, 29.75, 29.80, 7, otc]
[4426, 24.7, 24.05, 24.65, 24.55, 618, tse]
[4430, 22.8, 22.45, 22.55, 22.75, 133, otc]
[4432, 22.6, 21.9, 22.10, 22.15, 295, otc]
[4433, 36.8, 35.05, 36.80, 35.35, 530, otc]
[4438, 116.5, 114.5, 115.00, 115.00, 172, tse]
[4439, 133.5, 121.0, 122.50, 127.00, 1417, tse]
[4440, 35.0, 34.0, 34.50, 34.25, 281, tse]
[4502, 37.0, 36.8, 36.80, 37.00, 50, otc]
[4503, 55.9, 51.7, 53.00, 52.50, 2828, otc]
[4506, 75.2, 73.9, 74.10, 75.10, 149, otc]
[4510, 15.8, 14.55, 14.80, 14.70, 18041, otc]
[4513, 22.4, 21.35, 21.35, 21.95, 3797, otc]
[4523, 36.95, 36.7, 36.95, 36.80, 5, otc]
[4526, 17.75, 17.25, 17.35, 17.35, 1324, tse]
[4527, 32.6, 31.8, 31.90, 32.25, 359, otc]
[4528, 35.1, 34.1, 34.70, 34.75, 211, otc]
[4529, 10.5, 10.0, 10.10, 10.30, 514, otc]
[4530, 6.99, 6.83, 6.83, 6.91, 39, otc]
[4532, 18.15, 17.85, 17.85, 18.00, 1075, tse]
[4533, 12.0, 11.65, 11.70, 11.90, 1581, otc]
[4534, 9.9, 9.5, 9.70, 9.82, 258, otc]
[4535, 39.9, 38.3, 39.80, 39.40, 31, otc]
[4536, 206.5, 199.0, 203.50, 204.50, 1971, tse]
[4538, 21.2, 20.9, 20.90, 20.90, 9, otc]
[4540, 43.35, 41.55, 41.80, 43.20, 572, tse]
[4541, 51.2, 44.15, 49.55, 46.80, 89625, otc]
[4542, 27.95, 27.2, 27.95, 27.20, 5, otc]
[4543, 28.1, 27.15, 28.10, 27.30, 582, otc]
[4545, 33.4, 32.2, 32.50, 32.55, 585, tse]
[4549, 97.6, 95.6, 95.70, 96.70, 327, otc]
[4550, 33.95, 32.0, 33.00, 33.15, 1091, otc]
[4551, 141.5, 138.0, 140.50, 138.50, 438, tse]
[4552, 34.4, 32.55, 32.55, 34.40, 2151, tse]
[4554, 31.75, 29.85, 30.50, 31.50, 453, otc]
[4555, 49.1, 48.2, 48.30, 49.05, 334, tse]
[4556, 31.2, 30.6, 30.90, 31.00, 31, otc]
[4557, 117.5, 111.5, 111.50, 117.50, 553, tse]
[4558, 29.3, 26.8, 27.65, 28.90, 108, otc]
[4560, 39.4, 39.05, 39.40, 39.25, 134, tse]
[4561, 25.15, 24.05, 25.00, 24.30, 243, otc]
[4562, 17.4, 16.15, 16.20, 16.80, 499, tse]
[4563, 40.15, 39.1, 39.15, 39.60, 291, otc]
[4564, 24.9, 23.95, 24.25, 24.60, 2528, tse]
[4566, 66.9, 62.8, 66.50, 64.20, 18968, tse]
[4568, 61.4, 59.5, 60.60, 61.00, 34, otc]
[4571, 81.1, 80.2, 80.90, 81.10, 79, tse]
[4572, 185.0, 166.0, 184.00, 171.00, 13995, tse]
[4576, 76.6, 75.0, 75.80, 75.10, 128, tse]
[4577, 31.1, 30.35, 31.05, 30.60, 108, otc]
[4580, 96.4, 94.0, 96.40, 95.50, 286, otc]
[4581, 64.0, 55.2, 60.50, 56.20, 2044, tse]
[4583, 217.0, 211.0, 217.00, 211.00, 101, tse]
[4584, 51.5, 50.0, 50.80, 50.50, 106, otc]
[4609, 8.0, 7.99, 7.99, 8.00, 2, otc]
[4702, 14.45, 13.9, 14.20, 14.15, 514, otc]
[4706, 17.65, 17.3, 17.45, 17.40, 366, otc]
[4707, 13.0, 12.85, 12.90, 12.95, 1626, otc]
[4711, 18.75, 16.15, 16.40, 17.20, 5135, otc]
[4712, 4.27, 4.18, 4.23, 4.25, 28, otc]
[4714, 12.55, 12.1, 12.50, 12.15, 1644, otc]
[4716, 12.85, 12.55, 12.75, 12.55, 519, otc]
[4720, 15.65, 15.1, 15.30, 15.25, 1637, tse]
[4721, 102.0, 100.5, 101.50, 100.50, 993, otc]
[4722, 39.8, 36.1, 36.15, 37.70, 2134, tse]
[4726, 40.75, 38.45, 38.45, 39.15, 3189, otc]
[4728, 288.0, 268.0, 275.00, 288.00, 582, otc]
[4729, 16.85, 16.2, 16.40, 16.55, 167, otc]
[4735, 37.95, 37.35, 37.80, 37.75, 97, otc]
[4736, 185.5, 182.5, 184.00, 185.00, 637, otc]
[4737, 75.9, 74.8, 75.90, 75.50, 71, tse]
[4739, 93.6, 92.0, 93.50, 92.90, 930, tse]
[4741, 42.5, 37.5, 40.45, 38.55, 1725, otc]
[4743, 251.5, 241.5, 241.50, 245.00, 12867, otc]
[4744, 39.75, 35.25, 35.50, 39.55, 28904, otc]
[4745, 28.75, 27.65, 28.75, 28.30, 172, otc]
[4746, 100.0, 83.5, 87.70, 92.20, 61071, tse]
[4747, 66.0, 58.5, 58.60, 61.50, 9984, otc]
[4754, 41.35, 40.6, 41.10, 40.90, 162, otc]
[4755, 138.5, 133.5, 136.50, 134.00, 2640, tse]
[4760, 82.0, 74.2, 74.20, 81.00, 1121, otc]
[4763, 557.0, 479.0, 479.00, 548.00, 35955, tse]
[4764, 51.7, 50.2, 51.00, 51.00, 77, tse]
[4766, 148.0, 146.0, 147.50, 147.00, 100, tse]
[4767, 35.4, 31.3, 32.70, 33.00, 653, otc]
[4768, 177.5, 171.0, 172.50, 174.50, 796, otc]
[4770, 288.5, 281.0, 284.00, 283.50, 1012, tse]
[4804, 6.64, 6.08, 6.59, 6.19, 313, otc]
[4807, 21.5, 21.1, 21.15, 21.30, 18, tse]
[4903, 22.4, 20.05, 20.25, 22.40, 1874, otc]
[4904, 79.0, 76.3, 78.50, 78.50, 17648, tse]
[4905, 51.0, 50.5, 51.00, 50.90, 8, otc]
[4906, 31.3, 29.15, 31.10, 29.40, 19769, tse]
[4907, 36.4, 35.5, 36.00, 36.15, 183, otc]
[4908, 36.4, 35.15, 36.15, 35.20, 1438, otc]
[4909, 22.4, 18.25, 18.25, 21.45, 17397, otc]
[4911, 83.5, 75.8, 77.10, 77.70, 2679, otc]
[4912, 71.1, 68.2, 69.50, 70.90, 151, tse]
[4915, 63.9, 59.7, 60.00, 62.50, 20463, tse]
[4916, 36.8, 35.1, 35.80, 35.70, 25257, tse]
[4919, 135.0, 128.5, 132.00, 133.50, 20049, tse]
[4923, 60.4, 53.5, 60.30, 53.50, 1120, otc]
[4924, 13.2, 13.0, 13.05, 13.05, 172, otc]
[4927, 55.6, 54.0, 55.50, 54.50, 2003, tse]
[4930, 26.1, 25.65, 25.65, 26.05, 256, tse]
[4931, 45.55, 44.6, 45.00, 44.75, 2514, otc]
[4933, 35.2, 34.6, 35.00, 34.80, 121, otc]
[4934, 32.5, 31.25, 31.35, 31.90, 5460, tse]
[4935, 56.2, 55.4, 55.70, 55.60, 260, tse]
[4938, 70.6, 69.7, 70.00, 70.10, 8012, tse]
[4939, 16.45, 16.1, 16.30, 16.40, 287, otc]
[4942, 39.65, 37.3, 37.45, 39.00, 935, tse]
[4943, 15.4, 14.6, 15.20, 14.70, 146, tse]
[4944, 13.1, 9.7, 13.10, 10.00, 570, otc]
[4945, 51.9, 50.7, 51.20, 50.80, 70, otc]
[4946, 27.65, 26.25, 27.55, 27.10, 166, otc]
[4950, 20.0, 19.15, 19.20, 19.65, 8476, otc]
[4951, 74.3, 69.5, 70.90, 71.90, 1214, otc]
[4952, 56.4, 55.0, 56.00, 55.40, 454, tse]
[4953, 136.0, 121.5, 124.50, 125.00, 18299, otc]
[4956, 16.25, 15.95, 16.00, 16.10, 355, tse]
[4958, 113.5, 110.5, 111.50, 113.50, 7690, tse]
[4960, 12.05, 11.55, 11.95, 11.70, 7340, tse]
[4961, 161.5, 149.5, 159.00, 152.00, 17392, tse]
[4966, 996.0, 943.0, 954.00, 971.00, 3730, otc]
[4967, 75.9, 67.2, 68.30, 75.20, 34392, tse]
[4968, 190.5, 169.0, 174.00, 171.00, 69167, tse]
[4971, 66.5, 63.3, 66.10, 63.40, 1103, otc]
[4972, 29.35, 28.8, 29.10, 29.05, 332, otc]
[4973, 26.2, 25.2, 25.75, 26.10, 995, otc]
[4974, 69.0, 67.4, 68.10, 68.70, 707, otc]
[4976, 47.35, 44.3, 47.30, 44.30, 3549, tse]
[4977, 108.0, 100.5, 107.00, 104.50, 11766, tse]
[4979, 53.6, 50.3, 51.00, 51.10, 49776, otc]
[4987, 61.5, 60.6, 61.40, 61.40, 44, otc]
[4989, 27.0, 25.95, 26.00, 26.35, 403, tse]
[4991, 33.5, 31.7, 33.35, 31.70, 258, otc]
[4994, 47.6, 45.0, 45.75, 46.35, 330, tse]
[4995, 52.2, 50.2, 50.60, 50.50, 847, otc]
[4999, 38.0, 37.4, 37.90, 37.45, 251, tse]
[5007, 52.8, 51.8, 52.80, 52.80, 1305, tse]
[5009, 60.2, 57.5, 59.90, 58.00, 104594, otc]
[5011, 28.5, 27.0, 27.05, 28.00, 2283, otc]
[5013, 35.65, 34.9, 35.65, 34.95, 15, otc]
[5014, 16.4, 16.05, 16.40, 16.10, 669, otc]
[5015, 54.4, 53.7, 53.80, 54.30, 339, otc]
[5016, 31.5, 29.95, 31.50, 30.10, 100, otc]
[5201, 27.85, 27.0, 27.15, 27.55, 61, otc]
[5202, 15.7, 15.45, 15.55, 15.60, 166, otc]
[5203, 96.5, 92.6, 96.40, 94.70, 1973, tse]
[5205, 38.1, 37.5, 37.80, 37.95, 16, otc]
[5206, 22.5, 20.4, 20.45, 22.15, 1997, otc]
[5209, 172.5, 156.5, 160.50, 166.00, 1485, otc]
[5210, 17.35, 16.75, 17.20, 17.05, 577, otc]
[5211, 33.65, 31.5, 33.45, 31.65, 4769, otc]
[5212, 51.0, 46.85, 47.55, 49.00, 254, otc]
[5213, 27.55, 26.6, 27.50, 27.10, 959, otc]
[5215, 48.7, 47.5, 48.00, 47.60, 82, tse]
[5220, 30.6, 30.3, 30.60, 30.30, 61, otc]
[5222, 223.5, 202.0, 202.00, 215.00, 48627, tse]
[5223, 40.3, 39.8, 40.00, 40.10, 53, otc]
[5225, 41.6, 38.7, 39.20, 40.80, 3296, tse]
[5227, 73.5, 68.8, 69.80, 72.70, 6626, otc]
[5228, 22.7, 22.1, 22.30, 22.15, 140, otc]
[5230, 22.45, 22.05, 22.25, 22.35, 313, otc]
[5234, 91.1, 88.1, 90.00, 88.70, 818, tse]
[5236, 91.3, 87.0, 87.50, 89.80, 327, otc]
[5243, 66.8, 65.1, 65.90, 66.40, 3580, tse]
[5244, 31.4, 30.85, 30.90, 31.05, 130, tse]
[5245, 46.95, 45.45, 46.25, 46.75, 271, otc]
[5251, 22.6, 21.0, 22.00, 21.45, 1067, otc]
[5258, 83.6, 81.2, 81.90, 83.10, 7990, tse]
[5263, 123.5, 118.5, 119.50, 122.50, 460, otc]
[5269, 1190.0, 1080.0, 1,140.00, 1,140.00, 3193, tse]
[5272, 29.75, 28.05, 29.10, 28.70, 577, otc]
[5274, 2865.0, 2635.0, 2,645.00, 2,765.00, 1807, otc]
[5276, 15.3, 15.0, 15.30, 15.00, 32, otc]
[5278, 178.5, 175.0, 175.50, 175.50, 28, otc]
[5281, 16.65, 15.9, 16.65, 16.10, 105, otc]
[5283, 109.0, 107.5, 108.50, 108.00, 238, tse]
[5284, 128.0, 115.0, 127.50, 124.00, 10231, tse]
[5285, 79.3, 76.5, 78.40, 77.60, 677, tse]
[5287, 208.0, 203.0, 205.00, 207.00, 128, otc]
[5288, 179.5, 176.0, 179.50, 177.00, 121, tse]
[5289, 302.0, 288.5, 299.00, 288.50, 2738, otc]
[5291, 34.15, 33.75, 34.10, 33.90, 399, otc]
[5299, 129.0, 126.0, 128.00, 127.00, 322, otc]
[5301, 12.4, 11.85, 12.05, 12.00, 218, otc]
[5302, 9.99, 9.36, 9.75, 9.78, 1432, otc]
[5306, 146.5, 144.0, 145.00, 145.00, 339, tse]
[5309, 45.8, 42.25, 43.30, 44.50, 20337, otc]
[5310, 25.0, 24.3, 24.50, 24.85, 24, otc]
[5312, 68.5, 64.8, 65.50, 67.40, 376, otc]
[5314, 25.3, 23.0, 24.00, 24.20, 338, otc]
[5315, 23.65, 23.15, 23.20, 23.25, 2165, otc]
[5321, 116.5, 94.6, 96.00, 110.00, 29262, otc]
[5324, 9.15, 9.0, 9.15, 9.08, 222, otc]
[5328, 14.5, 13.0, 13.35, 14.40, 3950, otc]
[5340, 43.85, 40.5, 43.60, 40.55, 981, otc]
[5344, 16.2, 15.75, 16.20, 15.85, 187, otc]
[5345, 5.45, 5.1, 5.45, 5.29, 104, otc]
[5347, 90.5, 85.3, 86.80, 89.70, 19032, otc]
[5348, 9.87, 9.2, 9.60, 9.44, 92, otc]
[5351, 43.6, 40.45, 43.10, 40.55, 11662, otc]
[5353, 52.4, 47.4, 48.00, 49.50, 9067, otc]
[5355, 8.88, 8.11, 8.15, 8.49, 2242, otc]
[5356, 28.25, 21.35, 21.60, 27.25, 8422, otc]
[5364, 25.35, 23.8, 24.40, 24.65, 28, otc]
[5371, 78.2, 74.6, 76.40, 75.80, 16805, otc]
[5381, 23.15, 18.15, 18.15, 21.80, 10374, otc]
[5383, 31.05, 30.3, 30.70, 30.45, 124, otc]
[5386, 39.6, 38.05, 38.35, 38.85, 234, otc]
[5388, 85.8, 82.0, 82.10, 84.80, 7795, tse]
[5392, 21.45, 20.8, 20.95, 21.30, 534, otc]
[5398, 16.5, 16.1, 16.30, 16.20, 144, otc]
[5403, 109.0, 99.6, 100.50, 100.50, 6515, otc]
[5410, 36.7, 35.45, 35.50, 35.95, 1285, otc]
[5425, 97.1, 91.8, 91.80, 93.10, 27506, otc]
[5426, 12.7, 12.2, 12.60, 12.35, 1454, otc]
[5432, 30.0, 27.25, 27.75, 28.90, 436, otc]
[5434, 188.0, 184.0, 186.00, 185.00, 829, tse]
[5438, 23.0, 19.25, 19.25, 22.10, 1897, otc]
[5439, 70.3, 65.5, 66.30, 69.50, 10269, otc]
[5443, 28.6, 28.15, 28.45, 28.35, 385, otc]
[5450, 23.0, 21.95, 22.10, 22.35, 539, otc]
[5452, 22.05, 20.55, 21.95, 20.95, 3092, otc]
[5455, 28.2, 28.0, 28.00, 28.20, 4, otc]
[5457, 54.1, 52.4, 53.10, 53.30, 1423, otc]
[5460, 11.3, 11.15, 11.25, 11.20, 131, otc]
[5464, 32.45, 29.55, 29.55, 31.65, 2704, otc]
[5465, 42.0, 37.05, 38.90, 37.05, 23344, otc]
[5468, 16.6, 15.8, 16.60, 16.10, 107, otc]
[5469, 39.4, 37.2, 38.00, 38.45, 11905, tse]
[5471, 50.7, 49.4, 49.70, 50.60, 481, tse]
[5474, 86.9, 84.2, 84.20, 85.40, 120, otc]
[5475, 16.25, 14.7, 14.70, 15.75, 7064, otc]
[5478, 97.8, 92.5, 94.10, 96.30, 2208, otc]
[5481, 13.0, 12.6, 12.90, 12.70, 421, otc]
[5483, 151.0, 144.0, 147.50, 148.00, 7668, otc]
[5484, 17.2, 16.65, 16.80, 16.65, 155, tse]
[5487, 25.5, 24.7, 25.00, 25.50, 22, otc]
[5488, 14.35, 13.15, 14.00, 13.30, 3337, otc]
[5489, 45.4, 39.9, 40.00, 42.50, 3315, otc]
[5490, 26.95, 24.95, 25.95, 25.10, 1318, otc]
[5493, 51.2, 50.8, 51.20, 50.80, 48, otc]
[5498, 11.75, 11.1, 11.20, 11.15, 4807, otc]
[5508, 65.0, 64.4, 64.40, 64.80, 336, otc]
[5511, 42.7, 36.5, 36.50, 42.55, 4849, otc]
[5512, 9.73, 9.54, 9.58, 9.69, 3693, otc]
[5514, 18.15, 17.8, 18.15, 18.00, 8, otc]
[5515, 13.25, 12.95, 12.95, 13.10, 552, tse]
[5516, 25.95, 25.6, 25.95, 25.65, 183, otc]
[5519, 24.8, 24.4, 24.40, 24.70, 1047, tse]
[5520, 56.0, 55.5, 56.00, 55.50, 59, otc]
[5521, 7.94, 7.75, 7.94, 7.78, 2376, tse]
[5522, 61.7, 61.0, 61.40, 61.30, 1663, tse]
[5523, 25.8, 24.4, 24.70, 25.00, 261, otc]
[5525, 27.15, 26.5, 26.85, 26.90, 330, tse]
[5529, 11.95, 11.6, 11.60, 11.85, 202, otc]
[5530, 37.9, 37.25, 37.55, 37.65, 665, otc]
[5531, 10.2, 9.68, 9.73, 9.86, 1720, tse]
[5533, 18.9, 18.6, 18.60, 18.65, 772, tse]
[5534, 80.2, 79.5, 80.20, 80.20, 813, tse]
[5536, 137.5, 134.0, 137.00, 137.50, 933, otc]
[5538, 42.8, 41.35, 42.40, 42.00, 22, tse]
[5543, 50.6, 47.8, 50.60, 48.20, 69, otc]
[5546, 41.0, 38.6, 40.50, 39.00, 154, tse]
[5601, 43.85, 41.1, 41.30, 43.35, 41, otc]
[5603, 22.0, 21.2, 21.25, 21.20, 687, otc]
[5604, 50.0, 49.0, 50.00, 49.20, 102, otc]
[5607, 73.8, 70.5, 71.60, 72.60, 2137, tse]
[5608, 25.3, 24.25, 25.30, 24.40, 5264, tse]
[5609, 87.8, 86.0, 87.00, 86.80, 643, otc]
[5701, 8.16, 7.8, 8.16, 7.86, 587, otc]
[5703, 21.4, 20.6, 21.40, 20.70, 88, otc]
[5704, 55.0, 52.8, 54.00, 54.10, 360, otc]
[5706, 63.6, 61.1, 63.00, 62.30, 1535, tse]
[5864, 16.7, 15.55, 15.70, 16.15, 3016, otc]
[5871, 226.5, 218.5, 224.50, 220.50, 8056, tse]
[5876, 46.5, 45.2, 46.50, 46.20, 23674, tse]
[5878, 49.35, 48.9, 49.35, 49.20, 12, otc]
[5880, 27.2, 26.8, 26.80, 27.20, 35008, tse]
[5902, 39.75, 38.0, 38.00, 39.00, 222, otc]
[5903, 216.5, 208.0, 209.00, 216.50, 251, otc]
[5904, 583.0, 570.0, 576.00, 570.00, 776, otc]
[5905, 12.15, 11.65, 11.65, 12.10, 2076, otc]
[5906, 45.3, 36.2, 37.00, 44.00, 1234, tse]
[5907, 15.8, 15.2, 15.50, 15.50, 686, tse]
[6005, 14.15, 13.65, 13.80, 13.85, 17245, tse]
[6015, 9.93, 9.67, 9.68, 9.81, 1338, otc]
[6016, 11.15, 10.95, 11.05, 11.00, 2466, otc]
[6020, 18.6, 18.45, 18.60, 18.50, 33, otc]
[6021, 17.3, 16.7, 17.10, 16.70, 24, otc]
[6023, 52.0, 50.7, 51.40, 51.90, 321, otc]
[6024, 44.5, 43.4, 43.50, 44.50, 1128, tse]
[6026, 12.35, 11.65, 11.75, 12.20, 6594, otc]
[6101, 48.45, 45.2, 48.45, 45.80, 1444, otc]
[6103, 38.65, 34.3, 34.30, 38.25, 13, otc]
[6104, 111.0, 106.5, 108.00, 110.00, 7372, otc]
[6108, 17.65, 17.35, 17.40, 17.40, 405, tse]
[6109, 17.4, 16.45, 16.95, 17.00, 3681, otc]
[6111, 95.9, 75.0, 75.00, 93.40, 76494, otc]
[6112, 57.6, 51.2, 51.30, 56.30, 49193, tse]
[6113, 17.8, 17.15, 17.60, 17.35, 450, otc]
[6114, 25.95, 25.05, 25.95, 25.25, 1272, otc]
[6115, 46.15, 45.7, 46.00, 45.95, 273, tse]
[6116, 12.5, 12.05, 12.30, 12.15, 19698, tse]
[6117, 15.3, 14.9, 15.10, 14.90, 321, tse]
[6118, 33.95, 32.3, 33.10, 32.30, 1546, otc]
[6120, 10.35, 10.1, 10.30, 10.25, 3573, tse]
[6121, 317.0, 307.0, 309.50, 314.50, 1373, otc]
[6122, 32.1, 29.85, 31.05, 31.95, 9269, otc]
[6123, 71.7, 69.6, 70.40, 70.80, 517, otc]
[6124, 28.1, 26.95, 27.00, 27.55, 236, otc]
[6125, 32.8, 31.25, 32.00, 32.60, 13686, otc]
[6126, 23.3, 22.0, 22.90, 22.80, 1250, otc]
[6127, 24.8, 22.4, 22.75, 24.35, 10166, otc]
[6128, 33.95, 33.15, 33.65, 33.50, 440, tse]
[6129, 36.8, 33.0, 35.50, 33.55, 17293, otc]
[6130, 34.65, 32.05, 33.20, 33.40, 57, otc]
[6133, 20.8, 19.55, 20.80, 20.00, 3942, tse]
[6134, 25.45, 23.75, 25.00, 23.75, 1511, otc]
[6136, 19.55, 19.1, 19.10, 19.40, 362, tse]
[6138, 174.0, 166.0, 170.00, 170.50, 4917, otc]
[6139, 46.95, 45.45, 45.45, 46.15, 3486, tse]
[6140, 23.45, 22.15, 23.30, 22.15, 5202, otc]
[6141, 18.4, 18.05, 18.25, 18.20, 196, tse]
[6142, 14.05, 13.6, 13.95, 13.75, 6890, tse]
[6143, 96.1, 90.6, 94.00, 92.50, 8439, otc]
[6144, 14.8, 14.0, 14.25, 14.40, 218, otc]
[6146, 265.5, 255.5, 261.00, 262.50, 1298, otc]
[6147, 66.3, 64.9, 66.00, 66.00, 8425, otc]
[6148, 45.0, 35.05, 36.85, 41.55, 111122, otc]
[6150, 73.5, 70.9, 72.80, 71.90, 901, otc]
[6151, 30.35, 28.6, 28.60, 30.35, 460, otc]
[6152, 12.35, 11.85, 11.95, 12.25, 3082, tse]
[6153, 23.4, 22.3, 23.20, 22.70, 5960, tse]
[6154, 16.7, 16.4, 16.40, 16.70, 102, otc]
[6155, 27.15, 25.2, 25.50, 26.55, 1389, tse]
[6156, 21.85, 21.05, 21.05, 21.30, 1422, otc]
[6158, 26.85, 25.05, 26.20, 26.15, 453, otc]
[6160, 37.1, 30.45, 31.60, 35.05, 48934, otc]
[6161, 35.6, 34.05, 35.60, 34.75, 2383, otc]
[6163, 25.8, 24.2, 24.70, 24.40, 23295, otc]
[6164, 11.85, 11.5, 11.60, 11.65, 1096, tse]
[6165, 32.25, 30.9, 31.30, 31.20, 924, tse]
[6166, 61.2, 59.8, 59.90, 60.10, 310, tse]
[6167, 20.35, 18.2, 19.70, 18.25, 79352, otc]
[6168, 25.95, 25.3, 25.60, 25.35, 2038, tse]
[6169, 23.8, 19.5, 19.80, 22.20, 1955, otc]
[6170, 39.8, 37.65, 37.65, 39.30, 687, otc]
[6171, 21.8, 21.4, 21.70, 21.70, 104, otc]
[6173, 42.0, 37.95, 38.65, 42.00, 2378, otc]
[6174, 29.75, 28.95, 29.50, 29.35, 325, otc]
[6175, 40.45, 37.95, 39.55, 38.30, 2876, otc]
[6176, 114.5, 112.0, 113.50, 114.00, 5882, tse]
[6177, 31.95, 31.35, 31.60, 31.95, 1075, tse]
[6179, 34.3, 31.55, 32.70, 32.85, 13098, otc]
[6180, 75.4, 73.0, 74.00, 75.00, 5707, otc]
[6182, 44.35, 43.25, 43.50, 43.95, 8716, otc]
[6183, 64.5, 61.9, 61.90, 63.00, 136, tse]
[6184, 50.7, 50.0, 50.70, 50.20, 375, tse]
[6185, 20.8, 18.95, 20.80, 19.55, 7680, otc]
[6186, 45.85, 43.4, 43.85, 44.80, 1123, otc]
[6187, 62.1, 60.7, 61.90, 61.60, 582, otc]
[6188, 55.8, 53.5, 55.00, 53.60, 5373, otc]
[6189, 41.9, 41.1, 41.50, 41.85, 691, tse]
[6190, 34.5, 32.5, 32.75, 32.60, 7898, otc]
[6191, 37.9, 33.65, 33.70, 36.45, 36789, tse]
[6192, 71.7, 71.0, 71.60, 71.00, 339, tse]
[6194, 27.15, 26.05, 26.65, 26.10, 530, otc]
[6195, 47.0, 46.15, 46.15, 46.75, 132, otc]
[6196, 131.0, 128.0, 129.50, 130.50, 1039, tse]
[6197, 53.9, 51.7, 53.40, 52.30, 2173, tse]
[6198, 22.6, 21.15, 22.00, 21.70, 108, otc]
[6199, 18.85, 18.1, 18.25, 18.60, 55, otc]
[6201, 43.9, 43.05, 43.50, 43.30, 58, tse]
[6202, 69.8, 66.8, 69.80, 68.40, 2675, tse]
[6203, 76.3, 70.0, 70.60, 74.70, 2039, otc]
[6204, 57.8, 56.6, 57.50, 56.60, 112, otc]
[6205, 75.5, 72.8, 74.20, 74.00, 3490, tse]
[6206, 71.8, 70.5, 70.70, 71.00, 580, tse]
[6207, 27.95, 27.5, 27.60, 27.75, 267, otc]
[6208, 54.9, 54.0, 54.90, 54.50, 247, otc]
[6209, 33.15, 30.35, 31.80, 30.75, 14179, tse]
[6210, 35.8, 35.35, 35.60, 35.70, 36, otc]
[6212, 48.5, 48.0, 48.35, 48.00, 3, otc]
[6213, 71.5, 69.1, 69.90, 70.40, 2461, tse]
[6214, 87.7, 82.0, 82.50, 86.70, 6078, tse]
[6215, 30.0, 28.3, 29.85, 29.00, 1363, tse]
[6216, 26.55, 26.25, 26.55, 26.40, 804, tse]
[6217, 44.4, 43.0, 43.40, 43.15, 2353, otc]
[6218, 28.8, 24.5, 24.60, 27.00, 20079, otc]
[6219, 11.25, 10.95, 11.05, 11.20, 1727, otc]
[6220, 28.65, 27.9, 28.50, 28.05, 2199, otc]
[6221, 65.5, 63.0, 64.80, 64.30, 144, otc]
[6222, 15.75, 14.8, 15.75, 15.00, 92, otc]
[6223, 135.5, 128.0, 129.00, 134.50, 5500, otc]
[6224, 62.9, 61.0, 62.70, 62.40, 509, tse]
[6225, 11.9, 11.15, 11.65, 11.70, 41, tse]
[6226, 12.95, 12.1, 12.20, 12.60, 2539, tse]
[6227, 49.65, 48.05, 48.40, 49.45, 501, otc]
[6228, 13.05, 12.45, 12.70, 12.70, 123, otc]
[6229, 28.15, 27.55, 27.65, 27.85, 248, otc]
[6230, 174.5, 157.5, 161.00, 167.50, 743, tse]
[6231, 129.5, 121.0, 126.00, 122.00, 3097, otc]
[6233, 26.8, 25.65, 26.10, 26.05, 1602, otc]
[6234, 41.5, 35.45, 40.65, 38.45, 79684, otc]
[6235, 97.0, 93.0, 96.30, 95.50, 11235, tse]
[6236, 24.4, 22.5, 22.50, 23.90, 12, otc]
[6237, 45.3, 43.45, 44.10, 43.45, 952, otc]
[6239, 94.8, 91.6, 92.00, 94.30, 7975, tse]
[6240, 23.8, 22.55, 23.80, 22.90, 148, otc]
[6241, 16.95, 14.0, 14.05, 16.60, 2249, otc]
[6242, 82.0, 76.1, 78.70, 79.50, 1406, otc]
[6243, 37.35, 35.5, 36.00, 37.10, 830, tse]
[6244, 41.35, 38.1, 38.30, 38.50, 90102, otc]
[6245, 117.5, 103.5, 104.00, 115.50, 23881, otc]
[6246, 14.0, 13.8, 13.85, 13.90, 41, otc]
[6248, 34.2, 32.15, 34.00, 33.70, 5958, otc]
[6257, 53.4, 51.6, 52.00, 53.20, 3736, tse]
[6259, 22.75, 21.35, 22.40, 22.60, 54, otc]
[6261, 65.5, 64.6, 64.70, 65.00, 335, otc]
[6263, 128.5, 124.0, 128.50, 128.00, 546, otc]
[6264, 7.72, 7.46, 7.52, 7.49, 237, otc]
[6265, 10.5, 10.25, 10.25, 10.45, 557, otc]
[6266, 42.8, 40.45, 41.65, 41.75, 18158, otc]
[6269, 94.3, 92.2, 94.30, 92.60, 7305, tse]
[6270, 22.8, 22.55, 22.60, 22.70, 312, otc]
[6271, 173.0, 167.5, 169.00, 172.50, 5016, tse]
[6274, 70.0, 62.0, 66.40, 69.00, 17646, otc]
[6275, 38.35, 34.7, 34.95, 36.75, 6000, otc]
[6276, 24.65, 21.9, 22.20, 24.65, 1218, otc]
[6277, 86.9, 85.4, 85.80, 85.70, 787, tse]
[6278, 98.8, 94.8, 98.70, 97.60, 4407, tse]
[6279, 141.0, 136.0, 137.00, 139.50, 1936, otc]
[6281, 84.3, 83.5, 84.30, 83.90, 63, tse]
[6282, 43.45, 41.2, 43.15, 41.70, 78293, tse]
[6283, 32.55, 31.85, 32.20, 32.10, 343, tse]
[6284, 58.8, 55.2, 56.60, 57.00, 2446, otc]
[6285, 96.3, 92.6, 92.90, 95.30, 19623, tse]
[6287, 23.0, 21.5, 21.50, 23.00, 30, otc]
[6288, 34.0, 31.6, 33.95, 31.95, 28237, tse]
[6290, 63.2, 59.9, 61.40, 60.70, 7958, otc]
[6291, 179.5, 149.0, 176.00, 168.50, 903, otc]
[6292, 45.8, 44.05, 44.05, 45.40, 168, otc]
[6294, 109.5, 108.0, 109.50, 109.00, 109, otc]
[6404, 22.9, 21.05, 21.10, 21.60, 28, otc]
[6405, 22.7, 22.0, 22.45, 22.25, 273, tse]
[6409, 1810.0, 1725.0, 1,770.00, 1,800.00, 527, tse]
[6411, 111.5, 105.5, 106.50, 108.00, 4478, otc]
[6412, 86.5, 77.1, 86.50, 78.70, 5485, tse]
[6414, 258.0, 251.0, 251.00, 256.50, 1557, tse]
[6415, 498.5, 461.0, 498.50, 466.50, 5042, tse]
[6416, 104.5, 98.5, 100.00, 102.00, 2084, tse]
[6417, 167.0, 155.5, 166.50, 165.50, 5205, otc]
[6418, 20.65, 18.65, 19.00, 19.95, 1387, otc]
[6419, 34.95, 31.5, 34.95, 32.45, 54, otc]
[6425, 22.6, 20.95, 20.95, 21.50, 553, otc]
[6426, 61.9, 60.6, 60.80, 61.20, 173, tse]
[6431, 22.15, 21.05, 21.45, 21.05, 233, tse]
[6432, 38.75, 34.0, 34.20, 38.10, 1037, otc]
[6435, 106.0, 104.0, 105.50, 105.50, 272, otc]
[6438, 120.5, 112.0, 112.50, 116.00, 6380, tse]
[6441, 56.6, 53.7, 53.70, 54.60, 897, otc]
[6442, 55.6, 49.9, 50.00, 55.30, 2322, tse]
[6443, 37.8, 36.5, 37.40, 36.50, 38147, tse]
[6446, 392.0, 372.0, 372.00, 385.00, 14346, otc]
[6449, 52.8, 50.2, 50.50, 50.90, 106, tse]
[6451, 83.6, 80.8, 81.10, 82.00, 795, tse]
[6456, 80.2, 77.0, 79.50, 77.10, 6430, tse]
[6457, 55.0, 53.4, 54.40, 54.10, 130, otc]
[6461, 37.5, 35.0, 37.00, 35.15, 3387, otc]
[6462, 85.6, 82.3, 85.40, 83.50, 331, otc]
[6464, 90.2, 89.8, 89.80, 89.80, 22, tse]
[6465, 25.55, 22.85, 24.40, 24.50, 1097, otc]
[6469, 425.0, 405.0, 408.00, 418.00, 1672, otc]
[6470, 66.9, 64.0, 64.90, 65.10, 7182, otc]
[6472, 850.0, 733.0, 733.00, 832.00, 17459, otc]
[6477, 58.0, 54.9, 55.70, 55.20, 24072, tse]
[6482, 48.5, 43.6, 43.70, 46.45, 184, otc]
[6485, 101.5, 97.5, 99.10, 100.00, 2443, otc]
[6486, 72.6, 69.5, 69.50, 72.10, 262, otc]
[6488, 492.0, 471.0, 478.50, 479.00, 6905, otc]
[6491, 435.0, 406.0, 434.50, 407.00, 2797, tse]
[6492, 53.6, 50.8, 52.60, 52.40, 534, otc]
[6494, 70.8, 69.6, 70.00, 70.00, 240, otc]
[6496, 36.15, 32.35, 32.35, 35.95, 1025, otc]
[6499, 63.9, 57.0, 57.70, 59.60, 2227, otc]
[6504, 82.6, 80.8, 81.80, 82.20, 245, tse]
[6505, 86.8, 84.2, 86.80, 85.10, 2533, tse]
[6506, 19.85, 19.45, 19.75, 19.65, 172, otc]
[6508, 39.3, 38.8, 39.00, 38.95, 422, otc]
[6509, 45.35, 44.05, 44.60, 44.50, 2986, otc]
[6510, 490.0, 468.0, 489.00, 473.50, 616, otc]
[6512, 21.0, 19.4, 20.75, 20.85, 83, otc]
[6514, 57.9, 55.2, 55.20, 56.00, 109, otc]
[6515, 733.0, 659.0, 720.00, 659.00, 2986, tse]
[6516, 104.5, 94.7, 94.80, 99.20, 1349, otc]
[6517, 155.5, 131.0, 154.00, 143.50, 11208, otc]
[6523, 158.0, 143.5, 146.50, 144.00, 8659, otc]
[6525, 73.2, 72.2, 72.80, 72.70, 193, tse]
[6527, 102.5, 79.7, 80.00, 99.00, 5145, otc]
[6530, 28.4, 26.6, 28.40, 27.00, 565, otc]
[6531, 291.5, 271.0, 278.00, 283.00, 18474, tse]
[6532, 60.4, 58.4, 59.60, 59.70, 1724, otc]
[6533, 467.5, 431.5, 458.00, 447.00, 7084, tse]
[6535, 46.65, 43.3, 45.15, 44.65, 8570, otc]
[6538, 117.5, 108.5, 109.00, 109.00, 6880, otc]
[6541, 79.7, 75.6, 75.60, 78.20, 1021, tse]
[6542, 47.4, 44.4, 44.50, 44.85, 54, otc]
[6546, 83.4, 80.4, 82.00, 83.00, 921, otc]
[6547, 66.6, 62.2, 66.20, 65.50, 9407, otc]
[6548, 42.6, 40.6, 42.60, 40.85, 5638, otc]
[6550, 101.0, 94.7, 94.70, 98.90, 19828, tse]
[6552, 35.35, 34.5, 35.10, 34.70, 175, tse]
[6556, 136.5, 127.0, 132.50, 129.50, 443, otc]
[6558, 29.95, 27.25, 29.15, 28.40, 1936, tse]
[6560, 35.9, 35.4, 35.90, 35.45, 66, otc]
[6561, 384.0, 375.0, 376.50, 382.50, 247, otc]
[6568, 187.5, 165.0, 167.00, 178.00, 5500, otc]
[6569, 109.5, 107.0, 107.50, 109.00, 86, otc]
[6570, 64.4, 62.2, 63.00, 62.50, 973, otc]
[6573, 16.85, 15.2, 15.80, 15.95, 1857, tse]
[6574, 67.8, 59.0, 59.50, 65.30, 209, otc]
[6576, 94.5, 90.5, 92.10, 91.40, 1592, otc]
[6577, 69.6, 65.4, 65.40, 66.60, 295, otc]
[6578, 19.15, 18.0, 18.45, 18.05, 1533, otc]
[6579, 92.1, 90.9, 90.90, 91.70, 95, tse]
[6581, 91.0, 89.0, 89.70, 90.90, 207, tse]
[6582, 61.1, 59.1, 60.30, 59.10, 331, tse]
[6585, 66.0, 62.2, 62.20, 64.50, 376, tse]
[6588, 31.75, 29.5, 30.15, 30.15, 32, otc]
[6589, 129.0, 111.5, 112.00, 127.50, 44124, otc]
[6590, 108.5, 93.3, 100.50, 96.30, 2553, otc]
[6591, 53.3, 50.9, 51.10, 52.00, 942, tse]
[6592, 135.5, 128.0, 133.00, 129.50, 8102, tse]
[6593, 57.0, 54.5, 57.00, 55.30, 161, otc]
[6596, 54.1, 47.65, 47.65, 50.00, 2395, otc]
[6598, 27.95, 26.9, 27.60, 27.80, 199, tse]
[6603, 17.35, 17.0, 17.10, 17.05, 2657, otc]
[6605, 99.8, 97.4, 97.50, 98.70, 1551, tse]
[6606, 29.3, 28.9, 29.30, 29.00, 526, tse]
[6609, 38.7, 37.8, 37.80, 37.85, 481, otc]
[6612, 198.5, 158.0, 160.50, 185.00, 9435, otc]
[6613, 100.5, 98.9, 100.00, 99.70, 154, otc]
[6615, 38.8, 38.1, 38.10, 38.80, 55, otc]
[6616, 14.8, 13.8, 14.30, 14.35, 436, otc]
[6624, 43.0, 42.15, 42.60, 43.00, 48, otc]
[6625, 97.5, 84.6, 86.40, 86.00, 28999, tse]
[6629, 45.8, 44.5, 45.00, 44.95, 17, otc]
[6640, 88.0, 86.5, 86.60, 87.60, 20, otc]
[6641, 56.8, 55.9, 56.10, 56.60, 68, tse]
[6642, 53.3, 51.8, 52.60, 52.90, 94, otc]
[6643, 633.0, 556.0, 562.00, 630.00, 7552, otc]
[6649, 42.1, 40.35, 40.60, 40.60, 278, otc]
[6651, 83.5, 81.4, 82.50, 82.30, 134, otc]
[6654, 50.0, 47.5, 48.00, 50.00, 72, otc]
[6655, 129.0, 126.5, 128.50, 128.00, 121, tse]
[6661, 23.2, 22.5, 22.50, 23.20, 9, otc]
[6662, 31.5, 30.8, 30.90, 31.00, 48, otc]
[6664, 113.5, 111.0, 112.50, 113.00, 393, otc]
[6666, 90.4, 85.7, 88.60, 87.30, 478, tse]
[6667, 71.4, 69.8, 69.80, 70.30, 300, otc]
[6668, 41.0, 40.0, 41.00, 40.70, 291, tse]
[6669, 1220.0, 1130.0, 1,165.00, 1,130.00, 5935, tse]
[6670, 216.5, 213.0, 216.00, 215.00, 626, tse]
[6671, 41.85, 41.1, 41.20, 41.50, 37, tse]
[6672, 86.0, 78.7, 82.40, 81.50, 4325, tse]
[6674, 28.45, 27.4, 28.45, 27.60, 88, tse]
[6679, 299.5, 284.5, 296.00, 287.50, 1422, otc]
[6680, 79.0, 75.5, 78.10, 77.00, 42, otc]
[6683, 195.0, 189.5, 192.00, 192.00, 260, otc]
[6684, 47.8, 44.95, 45.60, 45.70, 360, otc]
[6689, 153.0, 135.0, 137.50, 135.50, 12443, tse]
[6690, 203.0, 190.0, 200.00, 190.50, 2462, otc]
[6691, 297.0, 284.0, 285.00, 294.50, 1243, tse]
[6693, 67.3, 65.1, 66.70, 66.80, 234, otc]
[6695, 43.2, 41.3, 42.50, 42.70, 858, tse]
[6697, 45.3, 42.1, 42.10, 44.10, 649, otc]
[6698, 38.7, 36.05, 36.20, 36.40, 1530, tse]
[6703, 193.5, 182.0, 189.00, 192.00, 1224, otc]
[6706, 87.0, 84.8, 87.00, 86.30, 650, tse]
[6708, 49.5, 48.0, 48.50, 48.70, 81, otc]
[6712, 225.5, 213.5, 215.00, 222.00, 6551, otc]
[6715, 146.0, 140.0, 145.00, 145.00, 922, tse]
[6716, 103.0, 100.5, 101.00, 100.50, 20, otc]
[6719, 323.0, 307.0, 316.50, 308.50, 4836, tse]
[6721, 52.0, 51.2, 51.80, 51.20, 20, otc]
[6727, 67.1, 65.8, 66.90, 66.30, 271, otc]
[6728, 160.0, 142.0, 158.00, 150.00, 439, otc]
[6732, 343.0, 313.5, 337.50, 335.00, 4967, otc]
[6733, 42.0, 37.1, 38.30, 41.00, 8050, otc]
[6735, 55.2, 54.0, 55.00, 54.90, 67, otc]
[6741, 161.0, 143.5, 149.50, 152.00, 57104, otc]
[6743, 61.4, 58.0, 59.00, 60.40, 696, tse]
[6747, 250.0, 237.0, 245.00, 240.00, 975, otc]
[6751, 138.0, 123.5, 133.50, 123.50, 2154, otc]
[6752, 198.0, 171.0, 176.50, 183.00, 19398, otc]
[6753, 138.0, 122.5, 136.00, 125.50, 7783, tse]
[6754, 58.3, 54.5, 54.80, 56.40, 589, tse]
[6756, 210.0, 203.5, 203.50, 207.50, 987, tse]
[6761, 94.4, 91.9, 93.80, 93.00, 95, otc]
[6762, 251.0, 239.0, 243.50, 249.50, 19, otc]
[6763, 580.0, 478.5, 487.50, 580.00, 1696, otc]
[6767, 45.4, 41.2, 41.20, 44.20, 971, otc]
[6768, 70.2, 69.1, 69.50, 69.90, 430, tse]
[6770, 31.2, 29.75, 29.85, 30.65, 50272, tse]
[6776, 55.2, 52.4, 54.00, 53.50, 1316, tse]
[6781, 695.0, 641.0, 687.00, 645.00, 2176, tse]
[6782, 315.0, 286.0, 292.00, 295.00, 2453, tse]
[6788, 140.5, 135.5, 135.50, 139.50, 1435, otc]
[6789, 226.5, 214.5, 216.50, 222.00, 1598, tse]
[6790, 39.75, 38.5, 38.85, 39.50, 2662, tse]
[6791, 130.5, 120.5, 130.00, 122.50, 610, otc]
[6792, 87.6, 84.1, 84.10, 85.90, 231, tse]
[6796, 103.5, 97.8, 97.80, 100.00, 479, tse]
[6799, 164.5, 152.0, 157.00, 156.50, 11329, tse]
[6803, 309.0, 296.5, 299.00, 306.50, 250, otc]
[6804, 66.8, 63.3, 63.30, 66.50, 558, otc]
[6806, 122.0, 113.0, 114.00, 117.00, 47953, tse]
[6807, 31.1, 29.85, 29.85, 30.40, 167, tse]
[6811, 303.5, 272.5, 298.00, 276.50, 8089, otc]
[6823, 92.5, 90.6, 90.60, 92.00, 20, otc]
[6829, 156.0, 140.0, 150.50, 140.50, 20561, otc]
[6830, 156.0, 149.0, 149.50, 150.50, 1628, tse]
[6834, 28.05, 27.0, 27.75, 27.20, 286, tse]
[6835, 46.75, 41.9, 41.90, 43.15, 1839, tse]
[6840, 82.4, 81.3, 82.00, 81.70, 102, otc]
[6841, 109.0, 102.0, 103.00, 105.00, 3373, otc]
[6843, 74.0, 70.5, 72.10, 72.30, 253, otc]
[6854, 101.5, 98.9, 98.90, 101.50, 236, tse]
[6855, 87.5, 84.2, 84.20, 87.00, 58, otc]
[6859, 140.0, 137.0, 138.50, 138.50, 171, otc]
[6861, 118.5, 112.0, 117.50, 114.00, 428, tse]
[6863, 195.0, 185.0, 192.00, 185.00, 1685, tse]
[6865, 105.0, 99.0, 99.60, 100.00, 522, otc]
[6869, 97.0, 87.3, 89.00, 97.00, 1006, tse]
[6873, 150.0, 139.0, 139.00, 145.50, 1014, tse]
[6874, 172.5, 161.0, 164.00, 165.00, 761, otc]
[7402, 77.7, 68.8, 74.90, 69.20, 6608, otc]
[7556, 102.5, 99.5, 99.50, 100.50, 51, otc]
[8011, 15.9, 15.25, 15.70, 15.30, 3796, tse]
[8016, 230.5, 220.5, 225.50, 223.50, 2390, tse]
[8021, 29.9, 29.05, 29.20, 29.60, 631, tse]
[8024, 24.5, 23.5, 24.50, 24.10, 431, otc]
[8027, 51.0, 49.65, 51.00, 50.30, 1342, otc]
[8028, 58.5, 57.2, 57.20, 57.90, 2680, tse]
[8032, 31.95, 30.95, 31.95, 31.10, 48, otc]
[8033, 80.0, 75.0, 77.00, 78.00, 7084, tse]
[8034, 16.35, 15.7, 16.10, 16.35, 557, otc]
[8038, 55.9, 50.2, 51.40, 53.70, 9380, otc]
[8039, 42.7, 41.0, 42.00, 42.05, 885, tse]
[8040, 47.0, 45.65, 46.10, 45.65, 630, otc]
[8042, 42.0, 37.75, 37.85, 40.05, 291, otc]
[8043, 29.95, 26.8, 27.25, 28.80, 2671, otc]
[8044, 57.3, 54.0, 57.30, 55.10, 3382, otc]
[8046, 281.5, 265.0, 273.00, 277.50, 33771, tse]
[8047, 11.85, 11.55, 11.70, 11.75, 101, otc]
[8048, 41.95, 39.9, 40.50, 40.00, 1252, otc]
[8049, 38.5, 38.1, 38.35, 38.40, 1396, otc]
[8050, 79.3, 75.5, 75.60, 79.00, 6607, otc]
[8054, 33.3, 31.7, 31.80, 31.80, 994, otc]
[8059, 13.85, 13.25, 13.75, 13.45, 510, otc]
[8064, 19.85, 19.45, 19.55, 19.60, 1526, otc]
[8066, 28.0, 27.5, 27.55, 27.80, 372, otc]
[8067, 15.35, 14.35, 14.60, 14.50, 89, otc]
[8068, 34.9, 29.6, 29.70, 31.75, 2669, otc]
[8069, 203.0, 187.0, 192.00, 198.00, 105319, otc]
[8070, 34.9, 33.25, 33.30, 34.85, 2787, tse]
[8071, 15.3, 14.7, 14.80, 15.00, 587, otc]
[8072, 29.4, 26.75, 26.75, 28.15, 2506, tse]
[8074, 22.2, 21.15, 22.20, 21.30, 462, otc]
[8076, 29.6, 28.7, 28.85, 29.40, 3653, otc]
[8077, 39.5, 38.5, 39.50, 38.50, 2, otc]
[8080, 11.05, 10.8, 10.95, 10.90, 16, otc]
[8081, 182.0, 174.5, 181.00, 176.00, 1181, tse]
[8083, 147.5, 144.5, 146.00, 146.50, 228, otc]
[8084, 111.5, 101.5, 111.00, 107.50, 2609, otc]
[8085, 33.65, 27.1, 28.40, 33.65, 24537, otc]
[8086, 87.6, 80.0, 83.10, 80.10, 9190, otc]
[8087, 34.35, 32.5, 33.50, 33.85, 207, otc]
[8088, 34.75, 32.5, 34.60, 32.60, 7437, otc]
[8089, 22.9, 22.55, 22.60, 22.90, 87, otc]
[8091, 107.0, 100.5, 107.00, 100.50, 4167, otc]
[8092, 12.0, 11.7, 11.95, 11.90, 307, otc]
[8093, 19.95, 17.65, 19.00, 18.90, 7287, otc]
[8096, 11.5, 11.3, 11.40, 11.45, 836, otc]
[8097, 50.4, 46.5, 50.10, 47.95, 3047, otc]
[8099, 56.5, 45.25, 47.20, 54.40, 13380, otc]
[8101, 5.17, 5.02, 5.07, 5.08, 245, tse]
[8103, 38.05, 36.7, 37.10, 37.50, 664, tse]
[8104, 42.45, 40.0, 41.70, 40.50, 1065, tse]
[8105, 13.85, 13.05, 13.65, 13.15, 6896, tse]
[8107, 17.3, 16.95, 17.20, 17.20, 199, otc]
[8109, 89.5, 87.5, 88.80, 87.70, 283, otc]
[8110, 13.6, 13.2, 13.60, 13.30, 3356, tse]
[8111, 23.25, 22.2, 22.85, 22.20, 2132, otc]
[8112, 44.8, 43.2, 43.35, 44.65, 7379, tse]
[8114, 107.0, 105.5, 106.50, 106.00, 579, tse]
[8121, 33.45, 30.2, 32.40, 31.65, 31937, otc]
[8131, 43.4, 41.95, 43.35, 42.40, 1516, tse]
[8147, 63.7, 62.4, 63.60, 63.10, 223, otc]
[8150, 38.25, 36.95, 37.25, 38.10, 5716, tse]
[8155, 162.5, 147.5, 158.00, 148.00, 7129, otc]
[8163, 44.7, 43.8, 43.90, 44.20, 1868, tse]
[8171, 58.2, 55.6, 56.60, 55.70, 2853, otc]
[8176, 11.25, 11.0, 11.00, 11.10, 504, otc]
[8182, 31.5, 30.1, 30.85, 30.25, 163, otc]
[8183, 55.8, 53.3, 54.50, 54.30, 2208, otc]
[8201, 13.8, 13.0, 13.20, 13.60, 818, tse]
[8210, 84.9, 81.3, 83.20, 83.10, 2146, tse]
[8213, 40.55, 39.7, 40.40, 40.20, 1943, tse]
[8215, 39.15, 34.65, 38.50, 34.65, 26621, tse]
[8222, 69.6, 61.6, 66.50, 62.70, 107827, tse]
[8227, 198.0, 177.0, 195.50, 179.00, 6266, otc]
[8234, 39.7, 38.15, 39.20, 38.75, 1287, otc]
[8240, 31.2, 29.95, 31.00, 29.95, 850, otc]
[8249, 31.05, 29.95, 30.10, 30.20, 514, tse]
[8255, 184.5, 172.5, 180.50, 173.50, 3053, otc]
[8261, 105.5, 102.5, 104.50, 103.50, 2506, tse]
[8271, 51.9, 50.0, 51.50, 50.20, 2790, tse]
[8277, 10.15, 9.81, 10.00, 9.85, 394, otc]
[8279, 191.0, 178.0, 190.50, 182.00, 379, otc]
[8284, 70.0, 66.5, 66.50, 68.80, 422, otc]
[8289, 44.0, 42.5, 43.55, 43.25, 1594, otc]
[8291, NaN, NaN, NaN, NaN, 0, otc]
[8299, 397.0, 376.0, 390.00, 382.50, 3445, otc]
[8341, 161.5, 158.0, 158.50, 160.50, 529, tse]
[8342, 59.0, 57.0, 57.80, 57.60, 23, otc]
[8349, 67.5, 63.9, 65.40, 64.30, 1655, otc]
[8354, 14.3, 14.25, 14.30, 14.30, 202, otc]
[8358, 55.9, 53.2, 55.00, 55.50, 8776, otc]
[8367, 50.1, 48.6, 50.00, 49.15, 153, tse]
[8374, 33.0, 31.3, 32.35, 31.50, 302, tse]
[8383, 46.3, 43.75, 45.35, 44.00, 3546, otc]
[8390, 47.3, 41.5, 41.90, 47.15, 12386, otc]
[8401, 21.85, 21.3, 21.30, 21.45, 563, otc]
[8403, 45.35, 39.6, 43.40, 45.00, 52422, otc]
[8404, 26.2, 25.45, 25.75, 25.60, 278, tse]
[8409, 24.7, 23.5, 24.45, 23.60, 612, otc]
[8410, 31.7, 29.4, 29.70, 30.60, 112, otc]
[8411, 15.25, 14.9, 14.90, 14.95, 330, tse]
[8415, 35.95, 35.4, 35.75, 35.65, 545, otc]
[8416, 158.0, 143.0, 152.50, 143.50, 356, otc]
[8418, 9.9, 9.75, 9.90, 9.80, 86, otc]
[8420, 91.3, 87.6, 89.00, 91.30, 1097, otc]
[8421, 16.2, 15.55, 15.60, 15.85, 505, otc]
[8422, 195.5, 188.5, 188.50, 194.00, 1373, tse]
[8423, 21.75, 20.1, 21.70, 20.10, 25, otc]
[8424, 70.8, 70.0, 70.00, 70.60, 47, otc]
[8426, 50.5, 46.05, 47.50, 48.05, 2961, otc]
[8429, 10.6, 10.4, 10.45, 10.55, 490, tse]
[8431, 62.2, 59.8, 61.10, 60.70, 485, otc]
[8432, 46.7, 45.3, 45.75, 46.30, 127, otc]
[8433, 71.5, 69.1, 70.70, 71.00, 244, otc]
[8435, 62.5, 61.0, 61.70, 61.90, 61, otc]
[8436, 215.5, 204.5, 207.50, 214.00, 5430, otc]
[8437, 110.5, 108.5, 110.00, 109.50, 27, otc]
[8438, 24.85, 24.5, 24.85, 24.65, 94, tse]
[8440, 47.0, 44.7, 45.60, 44.95, 2380, otc]
[8442, 78.8, 77.2, 78.10, 77.30, 193, tse]
[8443, 11.8, 11.55, 11.70, 11.80, 368, tse]
[8444, 56.5, 54.0, 55.00, 54.00, 21, otc]
[8446, 93.5, 90.4, 90.50, 92.50, 652, otc]
[8450, 26.35, 25.25, 25.40, 25.65, 259, otc]
[8454, 850.0, 732.0, 832.00, 732.00, 4812, tse]
[8455, 22.55, 21.1, 21.80, 21.80, 40, otc]
[8462, 158.5, 150.5, 151.00, 155.50, 566, tse]
[8463, 27.85, 24.75, 24.75, 27.20, 1543, tse]
[8464, 354.0, 338.5, 342.00, 346.50, 1433, tse]
[8466, 43.35, 42.8, 43.00, 43.00, 56, tse]
[8467, 61.2, 59.0, 60.60, 59.10, 173, tse]
[8472, 43.0, 42.05, 42.05, 43.00, 10, otc]
[8473, 30.4, 29.85, 30.00, 30.15, 199, tse]
[8476, 74.9, 65.2, 65.20, 73.00, 5263, otc]
[8477, 17.7, 17.1, 17.55, 17.35, 88, otc]
[8478, 536.0, 470.5, 478.00, 499.00, 22014, tse]
[8481, 58.0, 57.4, 57.50, 57.40, 27, tse]
[8482, 77.2, 76.5, 77.00, 76.60, 15, tse]
[8488, 15.9, 15.45, 15.60, 15.65, 140, tse]
[8489, 23.7, 23.3, 23.60, 23.60, 100, otc]
[8499, 108.0, 105.0, 106.00, 106.50, 101, tse]
[8905, 25.65, 25.1, 25.35, 25.35, 339, otc]
[8906, 18.3, 17.8, 18.10, 17.80, 65, otc]
[8908, 71.5, 70.4, 70.50, 71.20, 120, otc]
[8916, 54.3, 52.5, 53.50, 53.50, 1496, otc]
[8917, 70.0, 66.9, 70.00, 67.00, 114, otc]
[8921, 15.4, 14.85, 14.90, 15.20, 6, otc]
[8923, 20.9, 20.35, 20.50, 20.35, 45, otc]
[8924, 120.5, 116.0, 119.50, 116.50, 1565, otc]
[8926, 50.5, 48.25, 48.75, 49.35, 10241, tse]
[8927, 45.3, 43.6, 44.10, 44.65, 3677, otc]
[8928, 38.45, 37.15, 37.70, 38.20, 423, otc]
[8929, 22.95, 21.8, 22.00, 22.10, 62, otc]
[8930, 18.95, 16.95, 17.00, 18.95, 6846, otc]
[8931, 75.6, 72.8, 74.10, 74.60, 965, otc]
[8932, 58.0, 49.0, 49.20, 52.20, 3933, otc]
[8933, 12.35, 11.85, 12.15, 11.90, 2638, otc]
[8935, 12.3, 11.95, 12.10, 12.20, 181, otc]
[8936, 29.0, 27.5, 28.10, 28.80, 12746, otc]
[8937, 17.45, 15.8, 16.30, 17.40, 1158, otc]
[8938, 90.5, 88.5, 90.50, 88.90, 1956, otc]
[8940, 25.2, 23.6, 24.05, 24.65, 1414, tse]
[8941, 58.8, 58.1, 58.30, 58.30, 39, otc]
[8942, 68.0, 66.9, 67.00, 67.70, 474, otc]
[8996, 210.5, 194.5, 200.50, 198.00, 13247, tse]
[9103, 6.93, 6.85, 6.90, 6.87, 1358, tse]
[9105, 3.94, 3.86, 3.90, 3.91, 8539, tse]
[9110, 5.49, 4.73, 4.73, 5.22, 1696, tse]
[9136, 6.37, 6.25, 6.32, 6.32, 827, tse]
[9802, 123.5, 119.0, 123.00, 119.00, 3642, tse]
[9902, 13.55, 12.55, 13.20, 12.55, 2634, tse]
[9904, 32.0, 31.3, 31.50, 31.85, 14863, tse]
[9905, 25.35, 25.15, 25.30, 25.25, 180, tse]
[9906, 50.4, 49.6, 50.10, 49.60, 57, tse]
[9907, 21.0, 20.4, 20.80, 20.70, 13090, tse]
[9908, 31.95, 31.65, 31.70, 31.90, 242, tse]
[9910, 199.0, 189.0, 191.00, 197.50, 4429, tse]
[9911, 64.8, 63.8, 64.40, 64.60, 405, tse]
[9912, 10.25, 10.05, 10.20, 10.10, 245, tse]
[9914, 173.0, 167.0, 171.50, 170.00, 1172, tse]
[9917, 110.0, 108.0, 108.50, 109.50, 2232, tse]
[9918, 41.7, 41.1, 41.40, 41.20, 57, tse]
[9919, 19.1, 17.65, 18.20, 18.10, 26847, tse]
[9921, 185.5, 178.0, 184.00, 183.00, 3696, tse]
[9924, 44.0, 43.45, 43.60, 43.85, 189, tse]
[9925, 41.75, 41.05, 41.15, 41.45, 506, tse]
[9926, 52.2, 51.9, 52.00, 52.20, 27, tse]
[9927, 45.8, 44.7, 45.00, 45.00, 1156, tse]
[9928, 18.95, 18.35, 18.40, 18.65, 413, tse]
[9929, 9.26, 8.91, 9.11, 8.94, 260, tse]
[9930, 52.8, 50.0, 50.00, 51.00, 1762, tse]
[9931, 41.5, 40.0, 40.00, 40.20, 36, tse]
[9933, 42.85, 42.4, 42.50, 42.60, 4453, tse]
[9934, 14.9, 14.2, 14.50, 14.30, 4768, tse]
[9935, 20.3, 19.65, 19.70, 20.00, 684, tse]
[9937, 60.5, 58.4, 59.60, 60.50, 46, tse]
[9938, 57.4, 55.5, 55.80, 56.50, 1486, tse]
[9939, 101.0, 99.4, 100.00, 100.50, 4407, tse]
[9940, 29.3, 29.05, 29.05, 29.20, 437, tse]
[9941, 191.5, 184.5, 185.50, 190.00, 3438, tse]
[9942, 154.0, 140.0, 140.00, 149.50, 7053, tse]
[9943, 68.2, 67.5, 67.90, 68.00, 160, tse]
[9944, 20.45, 20.25, 20.40, 20.45, 239, tse]
[9945, 35.9, 35.3, 35.85, 35.60, 12408, tse]
[9946, 14.6, 14.3, 14.45, 14.50, 855, tse]
[9949, 18.7, 16.7, 18.40, 17.25, 958, otc]
[9950, 12.05, 11.6, 11.60, 12.00, 40, otc]
[9951, 72.5, 71.3, 71.60, 72.40, 228, otc]
[9955, 29.55, 26.2, 27.35, 29.55, 28662, tse]
[9958, 118.5, 110.0, 111.50, 114.00, 17408, tse]
[9960, 30.3, 29.4, 29.80, 30.30, 147, otc]
[9962, 20.45, 18.95, 19.15, 20.30, 4039, otc]
