[1101, 37.1, 36.05, 37.00, 36.40, 89812, tse]
[1102, 43.4, 42.85, 43.00, 43.30, 18983, tse]
[1103, 19.25, 18.7, 19.25, 18.95, 892, tse]
[1104, 26.6, 25.55, 25.70, 26.50, 11412, tse]
[1108, 14.3, 13.85, 14.20, 14.15, 6098, tse]
[1109, 17.15, 16.9, 17.00, 17.05, 633, tse]
[1110, 17.75, 17.5, 17.70, 17.55, 324, tse]
[1201, 20.1, 19.9, 20.05, 20.00, 1608, tse]
[1203, 38.95, 38.1, 38.25, 38.75, 159, tse]
[1210, 51.1, 49.8, 50.00, 51.10, 6278, tse]
[1213, 7.21, 6.95, 7.21, 7.00, 199, tse]
[1215, 83.3, 82.2, 82.20, 83.10, 2146, tse]
[1216, 72.2, 70.4, 70.50, 71.90, 42684, tse]
[1217, 11.8, 11.45, 11.50, 11.60, 6978, tse]
[1218, 29.45, 28.65, 29.20, 28.90, 4983, tse]
[1219, 21.6, 20.85, 21.05, 21.50, 5395, tse]
[1220, 16.95, 16.05, 16.90, 16.35, 4405, tse]
[1225, 59.0, 57.3, 58.30, 59.00, 730, tse]
[1227, 41.1, 40.4, 40.50, 40.85, 1902, tse]
[1229, 56.4, 53.9, 56.40, 56.00, 6273, tse]
[1231, 90.2, 87.8, 89.50, 89.90, 1115, tse]
[1232, 149.0, 146.5, 147.50, 148.50, 230, tse]
[1233, 34.65, 33.85, 34.00, 34.20, 69, tse]
[1234, 36.1, 35.5, 36.00, 35.90, 981, tse]
[1235, 70.2, 69.5, 69.70, 70.00, 15, tse]
[1236, 24.4, 24.0, 24.10, 24.25, 973, tse]
[1240, 45.8, 44.4, 45.15, 45.20, 163, otc]
[1256, 345.0, 320.0, 341.00, 332.50, 153, tse]
[1258, 26.7, 26.65, 26.65, 26.70, 427, otc]
[1259, 74.8, 73.9, 74.40, 74.40, 57, otc]
[1264, 275.0, 264.0, 275.00, 269.00, 113, otc]
[1268, 137.5, 131.5, 134.50, 136.50, 829, otc]
[1301, 92.6, 91.4, 91.40, 91.80, 22195, tse]
[1303, 78.1, 76.6, 76.80, 77.50, 22469, tse]
[1304, 26.85, 25.6, 25.90, 26.50, 11775, tse]
[1305, 26.4, 25.85, 26.20, 26.30, 5340, tse]
[1307, 21.2, 20.9, 21.10, 20.95, 347, tse]
[1308, 29.15, 28.5, 28.65, 28.85, 4623, tse]
[1309, 21.4, 21.0, 21.10, 21.20, 2480, tse]
[1310, 14.1, 13.8, 13.80, 13.85, 1770, tse]
[1312, 20.15, 19.65, 19.70, 20.00, 10768, tse]
[1313, 14.55, 14.3, 14.50, 14.40, 3593, tse]
[1314, 9.99, 9.85, 9.97, 9.85, 24834, tse]
[1315, 71.6, 71.0, 71.60, 71.20, 162, tse]
[1316, 13.6, 13.15, 13.55, 13.20, 6833, tse]
[1319, 47.1, 45.2, 47.00, 46.20, 19112, tse]
[1321, 37.35, 36.9, 37.30, 37.10, 655, tse]
[1323, 33.2, 32.7, 33.20, 33.20, 404, tse]
[1324, 11.35, 11.15, 11.25, 11.35, 57, tse]
[1325, 24.2, 23.6, 23.60, 23.65, 836, tse]
[1326, 69.9, 68.7, 68.80, 69.10, 10636, tse]
[1336, 28.95, 26.0, 28.10, 26.70, 1923, otc]
[1337, 7.04, 6.9, 6.98, 6.98, 826, tse]
[1338, 47.2, 45.15, 47.00, 45.45, 635, tse]
[1339, 46.65, 45.35, 46.55, 45.90, 1136, tse]
[1340, 10.75, 10.5, 10.55, 10.60, 371, tse]
[1341, 71.0, 69.1, 69.30, 70.00, 73, tse]
[1342, 168.5, 151.0, 155.00, 155.00, 36003, tse]
[1402, 31.5, 31.05, 31.15, 31.30, 24995, tse]
[1409, 18.05, 17.85, 18.00, 18.00, 6161, tse]
[1410, 39.1, 38.45, 38.95, 38.70, 153, tse]
[1413, 9.55, 9.44, 9.45, 9.54, 256, tse]
[1414, 17.9, 17.65, 17.85, 17.85, 373, tse]
[1416, 11.45, 10.8, 11.15, 10.90, 3431, tse]
[1417, 14.0, 13.2, 13.35, 13.30, 6856, tse]
[1418, 14.25, 14.05, 14.20, 14.15, 76, tse]
[1419, 41.55, 41.2, 41.25, 41.40, 335, tse]
[1423, 20.95, 20.7, 20.90, 20.75, 680, tse]
[1432, 17.4, 16.15, 17.10, 16.50, 4251, tse]
[1434, 28.3, 27.85, 27.85, 28.10, 5149, tse]
[1435, 35.0, 28.9, 32.25, 29.95, 209, tse]
[1436, 57.0, 56.2, 56.90, 56.50, 79, tse]
[1437, 29.25, 27.8, 28.00, 28.45, 3931, tse]
[1438, 33.8, 31.5, 31.65, 32.10, 1116, tse]
[1439, 23.55, 22.4, 23.55, 22.60, 76, tse]
[1440, 16.95, 16.7, 16.90, 16.85, 3474, tse]
[1441, 8.14, 8.03, 8.12, 8.08, 225, tse]
[1442, 33.3, 31.7, 33.25, 32.40, 4758, tse]
[1443, 30.9, 28.9, 30.90, 29.30, 419, tse]
[1444, 10.4, 10.3, 10.30, 10.35, 3727, tse]
[1445, 16.4, 16.15, 16.35, 16.40, 407, tse]
[1446, 31.9, 31.4, 31.50, 31.45, 292, tse]
[1447, 8.0, 7.92, 7.99, 7.97, 2286, tse]
[1449, 15.4, 15.1, 15.30, 15.25, 232, tse]
[1451, 23.15, 22.9, 22.90, 23.05, 1061, tse]
[1452, 17.9, 17.75, 17.90, 17.90, 338, tse]
[1453, 17.1, 15.7, 16.90, 16.45, 2199, tse]
[1454, 13.5, 12.45, 12.55, 13.15, 486, tse]
[1455, 11.0, 10.65, 10.75, 10.75, 2454, tse]
[1456, 15.35, 15.05, 15.10, 15.10, 136, tse]
[1457, 18.85, 18.5, 18.60, 18.80, 822, tse]
[1459, 8.9, 8.74, 8.89, 8.85, 136, tse]
[1460, 7.68, 7.38, 7.40, 7.64, 3951, tse]
[1463, 14.55, 14.15, 14.40, 14.25, 388, tse]
[1464, 15.05, 14.6, 14.80, 14.90, 1282, tse]
[1465, 14.4, 14.1, 14.30, 14.35, 958, tse]
[1466, 11.8, 11.55, 11.80, 11.65, 158, tse]
[1467, 11.75, 11.55, 11.70, 11.60, 8345, tse]
[1468, 15.7, 15.0, 15.00, 15.60, 216, tse]
[1470, 19.85, 19.0, 19.50, 19.05, 186, tse]
[1471, 8.16, 7.75, 8.11, 7.88, 3325, tse]
[1472, 33.8, 31.5, 32.25, 33.25, 76, tse]
[1473, 24.8, 23.55, 23.70, 24.40, 1837, tse]
[1474, 12.35, 12.15, 12.30, 12.35, 407, tse]
[1475, 58.2, 55.8, 58.20, 56.70, 299, tse]
[1476, 500.0, 474.0, 474.00, 495.00, 5476, tse]
[1477, 238.0, 216.0, 233.00, 216.00, 17161, tse]
[1503, 83.9, 79.9, 82.50, 80.00, 7814, tse]
[1504, 44.6, 40.4, 44.00, 42.50, 265142, tse]
[1506, 21.2, 20.7, 21.20, 21.00, 1241, tse]
[1512, 13.9, 13.2, 13.90, 13.40, 376, tse]
[1513, 97.0, 93.6, 96.00, 94.60, 54680, tse]
[1514, 39.8, 38.0, 39.45, 38.05, 10209, tse]
[1515, 29.55, 28.8, 29.45, 29.05, 1622, tse]
[1516, 20.75, 20.2, 20.75, 20.50, 769, tse]
[1517, 20.1, 19.6, 19.95, 19.75, 2272, tse]
[1519, 72.5, 67.6, 71.60, 69.30, 22829, tse]
[1521, 41.1, 38.7, 41.00, 39.00, 297, tse]
[1522, 30.6, 29.1, 30.55, 30.00, 9031, tse]
[1524, 26.85, 25.45, 26.50, 26.05, 22797, tse]
[1525, 65.5, 63.5, 63.50, 63.60, 302, tse]
[1526, 42.2, 41.0, 42.20, 41.60, 948, tse]
[1527, 43.15, 42.25, 43.00, 43.05, 966, tse]
[1528, 11.15, 10.55, 10.60, 11.00, 3859, tse]
[1529, 29.85, 27.3, 29.00, 28.10, 22483, tse]
[1530, 32.8, 31.95, 32.75, 32.40, 62, tse]
[1531, 14.6, 14.45, 14.45, 14.55, 729, tse]
[1532, 35.85, 35.05, 35.85, 35.50, 3492, tse]
[1533, 51.6, 50.5, 50.90, 50.80, 711, tse]
[1535, 49.55, 48.4, 48.75, 48.90, 663, tse]
[1536, 73.0, 71.2, 73.00, 71.90, 3035, tse]
[1537, 144.0, 142.0, 142.00, 143.00, 278, tse]
[1538, 9.6, 8.53, 8.68, 9.10, 74, tse]
[1539, 32.75, 30.95, 31.85, 32.05, 4233, tse]
[1540, 17.95, 16.65, 17.80, 16.80, 2474, tse]
[1541, 34.45, 33.7, 34.45, 33.80, 143, tse]
[1558, 114.0, 112.0, 112.00, 113.50, 388, tse]
[1560, 119.0, 114.5, 117.50, 118.50, 8633, tse]
[1565, 262.5, 257.0, 262.50, 259.00, 382, otc]
[1568, 24.8, 23.7, 24.80, 24.50, 1053, tse]
[1569, 26.1, 25.1, 25.65, 25.40, 2972, otc]
[1570, 18.25, 17.45, 18.10, 17.90, 660, otc]
[1580, 102.0, 100.5, 101.00, 101.50, 483, otc]
[1582, 60.4, 59.4, 60.40, 59.80, 491, tse]
[1583, 69.4, 67.2, 68.10, 67.70, 84, tse]
[1584, 33.3, 30.5, 30.60, 31.05, 99378, otc]
[1586, 33.4, 32.8, 33.25, 33.25, 361, otc]
[1587, 23.3, 22.85, 23.15, 23.00, 341, tse]
[1589, 82.9, 77.3, 81.80, 78.30, 11713, tse]
[1590, 1220.0, 1140.0, 1,150.00, 1,185.00, 3906, tse]
[1591, 31.8, 25.55, 30.90, 27.40, 6551, otc]
[1593, 76.5, 74.0, 76.00, 74.80, 136, otc]
[1595, 39.7, 39.05, 39.70, 39.30, 147, otc]
[1597, 78.6, 75.4, 77.90, 77.80, 416, tse]
[1598, 47.25, 44.4, 46.20, 44.90, 1462, tse]
[1599, 39.15, 38.35, 39.15, 38.80, 213, otc]
[1603, 30.25, 27.25, 30.25, 27.25, 6375, tse]
[1604, 27.8, 27.15, 27.15, 27.50, 1196, tse]
[1605, 52.8, 48.65, 52.70, 48.75, 263511, tse]
[1608, 15.2, 14.6, 14.90, 14.75, 2728, tse]
[1609, 27.6, 25.35, 26.70, 25.85, 153647, tse]
[1611, 16.8, 15.45, 16.00, 16.70, 16665, tse]
[1612, 20.4, 19.3, 19.60, 19.75, 8684, tse]
[1614, 36.8, 36.4, 36.65, 36.55, 197, tse]
[1615, 34.6, 33.3, 33.30, 34.20, 682, tse]
[1616, 8.99, 8.6, 8.97, 8.77, 786, tse]
[1617, 15.1, 14.9, 15.10, 15.05, 120, tse]
[1618, 17.55, 15.4, 15.50, 16.95, 35096, tse]
[1626, 19.1, 18.5, 18.95, 18.75, 267, tse]
[1701, 26.7, 25.95, 26.15, 26.00, 8775, tse]
[1702, 48.0, 46.7, 47.00, 47.15, 879, tse]
[1707, 182.5, 173.0, 175.00, 180.00, 2224, tse]
[1708, 43.8, 41.7, 41.95, 42.55, 20471, tse]
[1709, 25.45, 25.0, 25.40, 25.20, 4818, tse]
[1710, 20.05, 19.0, 19.15, 19.90, 8070, tse]
[1711, 19.1, 18.55, 18.65, 18.80, 3352, tse]
[1712, 37.85, 36.35, 36.85, 37.80, 8176, tse]
[1713, 28.4, 27.9, 28.40, 28.15, 378, tse]
[1714, 9.02, 8.88, 8.98, 8.97, 5200, tse]
[1717, 32.5, 31.1, 32.35, 31.35, 6904, tse]
[1718, 8.35, 8.19, 8.30, 8.32, 10203, tse]
[1720, 55.7, 54.0, 54.70, 55.30, 4254, tse]
[1721, 14.4, 14.1, 14.30, 14.15, 1450, tse]
[1722, 56.9, 55.9, 56.60, 56.00, 5781, tse]
[1723, 116.5, 113.0, 113.50, 115.50, 1479, tse]
[1725, 21.7, 20.9, 21.25, 21.10, 106, tse]
[1726, 73.2, 72.3, 72.30, 72.80, 67, tse]
[1727, 26.85, 25.35, 26.55, 25.60, 1049, tse]
[1730, 56.6, 56.1, 56.30, 56.60, 93, tse]
[1731, 19.75, 19.55, 19.70, 19.65, 456, tse]
[1732, 28.4, 27.4, 28.35, 27.70, 619, tse]
[1733, 26.2, 25.4, 26.15, 25.80, 978, tse]
[1734, 31.1, 30.45, 30.70, 30.95, 1783, tse]
[1735, 15.5, 14.9, 15.10, 15.40, 52, tse]
[1736, 69.0, 66.1, 66.60, 66.70, 1888, tse]
[1737, 33.45, 33.15, 33.35, 33.45, 517, tse]
[1742, 15.2, 14.7, 15.05, 15.00, 943, otc]
[1752, 61.8, 56.0, 57.70, 60.00, 12802, tse]
[1760, 175.5, 163.0, 166.50, 165.00, 34689, tse]
[1762, 83.6, 73.5, 73.60, 78.70, 32929, tse]
[1773, 125.0, 120.5, 122.00, 123.50, 1159, tse]
[1776, 17.25, 16.7, 16.80, 16.85, 94, tse]
[1777, 83.8, 82.0, 82.10, 83.10, 266, otc]
[1781, 15.6, 15.0, 15.40, 15.20, 212, otc]
[1783, 56.6, 54.1, 55.70, 55.70, 3434, tse]
[1784, 48.2, 44.95, 46.10, 46.95, 7953, otc]
[1785, 37.5, 36.2, 37.50, 36.55, 4299, otc]
[1786, 68.0, 64.7, 64.70, 65.80, 1325, tse]
[1788, 145.5, 143.5, 144.00, 144.50, 96, otc]
[1789, 26.45, 26.0, 26.25, 26.00, 2796, tse]
[1795, 264.5, 244.5, 253.00, 251.00, 48810, tse]
[1796, 94.8, 85.3, 89.10, 93.80, 666, otc]
[1799, 22.45, 18.2, 20.50, 19.95, 1411, otc]
[1802, 21.2, 20.35, 20.55, 20.55, 16637, tse]
[1805, 10.25, 10.0, 10.15, 10.15, 32, tse]
[1806, 9.39, 8.95, 9.05, 9.17, 2528, tse]
[1808, 70.3, 68.3, 70.10, 70.20, 927, tse]
[1809, 14.2, 13.65, 13.80, 13.80, 2058, tse]
[1810, 19.3, 18.0, 18.00, 18.05, 20901, tse]
[1813, 23.05, 21.55, 22.95, 22.55, 236, otc]
[1815, 12.25, 12.05, 12.20, 12.15, 2474, otc]
[1817, 39.35, 38.55, 39.05, 39.05, 488, tse]
[1903, 44.7, 42.55, 44.60, 43.65, 2111, tse]
[1904, 28.4, 27.95, 28.10, 28.25, 2646, tse]
[1905, 16.55, 16.05, 16.40, 16.15, 2783, tse]
[1906, 16.85, 16.6, 16.80, 16.75, 325, tse]
[1907, 27.2, 25.95, 25.95, 26.55, 10153, tse]
[1909, 17.1, 16.8, 17.05, 16.95, 6413, tse]
[2002, 31.3, 30.7, 31.10, 30.90, 68828, tse]
[2006, 62.5, 56.0, 62.50, 56.00, 18724, tse]
[2007, 11.45, 11.15, 11.35, 11.30, 1925, tse]
[2008, 19.95, 19.65, 19.95, 19.80, 143, tse]
[2009, 34.5, 33.25, 34.15, 33.90, 4389, tse]
[2010, 16.1, 15.9, 16.00, 16.00, 1205, tse]
[2012, 24.85, 24.35, 24.50, 24.70, 1444, tse]
[2013, 61.5, 58.7, 60.10, 58.80, 2276, tse]
[2014, 27.05, 26.05, 26.75, 26.40, 26509, tse]
[2015, 72.8, 68.0, 72.80, 68.10, 3038, tse]
[2017, 18.75, 18.0, 18.45, 18.30, 3882, tse]
[2020, 23.7, 23.25, 23.70, 23.60, 426, tse]
[2022, 8.37, 8.13, 8.25, 8.29, 3296, tse]
[2023, 15.85, 15.5, 15.65, 15.70, 5605, tse]
[2024, 19.6, 19.15, 19.30, 19.50, 142, tse]
[2025, 5.78, 5.43, 5.56, 5.62, 1820, tse]
[2027, 46.0, 45.2, 45.20, 45.50, 25286, tse]
[2028, 28.05, 27.4, 27.75, 27.60, 922, tse]
[2029, 26.25, 25.55, 25.55, 26.05, 1551, tse]
[2030, 23.75, 23.3, 23.55, 23.50, 2658, tse]
[2031, 48.25, 46.6, 48.15, 47.95, 9255, tse]
[2032, 19.9, 19.3, 19.90, 19.50, 751, tse]
[2033, 16.25, 15.7, 16.05, 16.25, 940, tse]
[2034, 29.5, 29.1, 29.25, 29.50, 2673, tse]
[2035, 31.1, 30.4, 30.70, 31.10, 62, otc]
[2038, 22.25, 21.55, 22.05, 21.70, 2095, tse]
[2049, 253.0, 239.5, 252.50, 250.50, 8317, tse]
[2059, 385.5, 379.5, 381.00, 384.50, 1376, tse]
[2061, 24.25, 22.0, 24.10, 22.35, 636, otc]
[2062, 23.35, 22.75, 22.85, 23.15, 819, tse]
[2063, 45.4, 43.3, 45.30, 45.00, 531, otc]
[2064, 19.4, 18.85, 18.85, 19.25, 90, otc]
[2065, 63.7, 60.2, 62.30, 63.50, 2854, otc]
[2066, 89.4, 85.5, 87.60, 87.60, 879, otc]
[2067, 11.1, 10.95, 11.10, 11.05, 30, otc]
[2069, 20.35, 20.0, 20.05, 20.15, 823, tse]
[2070, 37.35, 35.9, 36.90, 37.35, 84, otc]
[2101, 39.15, 38.3, 38.85, 39.00, 2577, tse]
[2102, 22.1, 21.5, 21.85, 21.75, 2697, tse]
[2103, 28.5, 27.8, 27.85, 28.20, 3934, tse]
[2104, 20.45, 19.65, 20.30, 19.75, 11141, tse]
[2105, 37.8, 35.8, 37.65, 36.55, 36458, tse]
[2106, 32.1, 31.05, 31.85, 31.40, 3438, tse]
[2107, 22.35, 21.95, 22.25, 22.15, 798, tse]
[2108, 43.25, 39.8, 42.50, 40.00, 7451, tse]
[2109, 14.75, 14.55, 14.75, 14.55, 393, tse]
[2114, 101.0, 98.7, 99.20, 99.80, 101, tse]
[2115, 33.4, 32.0, 32.00, 32.55, 225, tse]
[2201, 78.8, 74.1, 78.80, 75.20, 39658, tse]
[2204, 64.7, 62.3, 64.50, 63.90, 14181, tse]
[2206, 40.25, 38.3, 39.20, 39.00, 19076, tse]
[2207, 650.0, 622.0, 625.00, 642.00, 1052, tse]
[2208, 23.9, 22.75, 22.75, 23.35, 33729, tse]
[2211, 56.4, 55.5, 55.90, 55.80, 4539, tse]
[2221, 44.45, 42.0, 43.35, 43.75, 1357, otc]
[2227, 196.5, 193.0, 196.00, 196.50, 163, tse]
[2228, 84.8, 82.3, 84.20, 84.70, 802, tse]
[2230, 79.4, 71.5, 78.00, 76.20, 5458, otc]
[2231, 187.0, 176.0, 177.00, 182.00, 9500, tse]
[2233, 117.0, 104.5, 107.50, 115.00, 2975, tse]
[2235, 47.2, 45.6, 45.80, 46.10, 167, otc]
[2236, 39.8, 37.95, 39.40, 38.55, 815, tse]
[2239, 75.5, 71.7, 74.00, 72.90, 1389, tse]
[2241, 40.05, 36.1, 36.60, 37.20, 2008, tse]
[2243, 23.25, 21.1, 22.65, 21.70, 5964, tse]
[2247, 265.5, 242.5, 245.00, 259.00, 2214, tse]
[2250, 74.0, 71.8, 72.50, 72.30, 52, tse]
[2301, 73.8, 71.9, 71.90, 73.30, 34725, tse]
[2302, 23.5, 20.8, 22.00, 22.85, 37528, tse]
[2303, 53.1, 51.1, 52.80, 52.90, 224254, tse]
[2305, 26.15, 24.7, 26.15, 24.80, 1232, tse]
[2308, 304.0, 294.0, 300.00, 301.00, 30142, tse]
[2312, 13.35, 13.0, 13.15, 13.10, 12919, tse]
[2313, 46.8, 45.45, 45.80, 46.35, 41329, tse]
[2314, 43.8, 41.95, 43.50, 42.80, 3533, tse]
[2316, 29.55, 28.05, 29.55, 28.70, 1349, tse]
[2317, 105.5, 103.0, 105.00, 104.00, 121441, tse]
[2321, 21.75, 19.0, 19.00, 21.70, 104, tse]
[2323, 8.05, 7.82, 7.94, 7.91, 12613, tse]
[2324, 25.5, 24.55, 24.80, 25.25, 76955, tse]
[2327, 537.0, 518.0, 529.00, 529.00, 11131, tse]
[2328, 39.85, 38.35, 39.20, 39.25, 15489, tse]
[2329, 21.2, 20.0, 20.10, 20.55, 37864, tse]
[2330, 538.0, 524.0, 533.00, 533.00, 97821, tse]
[2331, 24.3, 22.6, 23.35, 22.75, 34024, tse]
[2332, 19.2, 18.1, 18.45, 18.20, 31256, tse]
[2337, 36.0, 33.6, 34.70, 35.05, 57314, tse]
[2338, 97.4, 90.6, 96.00, 92.50, 18932, tse]
[2340, 42.35, 38.35, 39.35, 38.80, 41728, tse]
[2342, 49.2, 43.1, 43.15, 47.30, 90317, tse]
[2344, 27.35, 24.35, 25.75, 26.50, 263251, tse]
[2345, 319.0, 301.5, 317.00, 319.00, 19971, tse]
[2347, 61.9, 60.7, 61.80, 61.30, 11135, tse]
[2348, 68.7, 67.5, 67.50, 68.40, 262, tse]
[2349, 9.23, 8.8, 8.82, 8.94, 15320, tse]
[2351, 135.0, 125.5, 132.50, 132.00, 10452, tse]
[2352, 31.8, 30.6, 30.95, 31.70, 39260, tse]
[2353, 28.6, 27.5, 28.00, 28.15, 49835, tse]
[2354, 56.3, 53.4, 54.70, 55.90, 20932, tse]
[2355, 32.9, 31.1, 31.75, 32.50, 7916, tse]
[2356, 32.05, 30.45, 30.50, 31.95, 70572, tse]
[2357, 275.0, 267.5, 270.50, 272.50, 6413, tse]
[2358, 15.1, 14.6, 14.90, 14.80, 2648, tse]
[2359, 34.3, 31.4, 32.50, 31.80, 32542, tse]
[2360, 183.5, 176.0, 181.50, 177.50, 9570, tse]
[2362, 30.7, 30.2, 30.40, 30.45, 3545, tse]
[2363, 19.0, 18.4, 18.95, 18.80, 5370, tse]
[2364, 106.5, 102.5, 104.00, 103.50, 1189, tse]
[2365, 10.8, 10.45, 10.70, 10.70, 1775, tse]
[2367, 19.1, 18.75, 18.80, 19.00, 15730, tse]
[2368, 99.8, 93.7, 94.30, 97.30, 55150, tse]
[2369, 15.4, 14.9, 15.25, 15.15, 3135, tse]
[2371, 34.65, 32.9, 33.05, 33.00, 60748, tse]
[2373, 80.2, 79.4, 79.70, 79.50, 155, tse]
[2374, 20.6, 20.05, 20.45, 20.20, 2532, tse]
[2375, 78.7, 72.1, 78.10, 74.00, 7359, tse]
[2376, 134.5, 125.5, 129.50, 133.50, 28610, tse]
[2377, 147.0, 141.5, 144.00, 144.00, 11179, tse]
[2379, 398.0, 376.5, 396.00, 387.50, 12272, tse]
[2380, 10.55, 10.25, 10.50, 10.40, 2201, tse]
[2382, 89.9, 86.9, 87.50, 89.10, 48366, tse]
[2383, 184.5, 174.5, 178.50, 182.00, 7578, tse]
[2385, 95.9, 92.9, 93.40, 95.30, 11401, tse]
[2387, 44.75, 43.1, 44.10, 44.30, 7018, tse]
[2388, 91.4, 81.9, 90.20, 86.00, 75854, tse]
[2390, 12.9, 12.45, 12.65, 12.45, 1973, tse]
[2392, 43.4, 41.1, 43.25, 41.35, 11658, tse]
[2393, 41.6, 39.6, 40.70, 40.05, 8819, tse]
[2395, 382.0, 368.5, 378.50, 371.00, 4412, tse]
[2397, 72.1, 67.6, 71.80, 69.40, 616, tse]
[2399, 17.15, 15.9, 17.05, 15.95, 8798, tse]
[2401, 25.45, 24.05, 25.05, 24.90, 10330, tse]
[2402, 28.3, 25.9, 28.00, 26.65, 80522, tse]
[2404, 212.5, 201.0, 205.00, 211.50, 15527, tse]
[2405, 12.65, 12.0, 12.50, 12.25, 4835, tse]
[2406, 20.9, 19.9, 20.65, 20.00, 7010, tse]
[2408, 67.0, 60.8, 63.20, 66.50, 103010, tse]
[2409, 18.75, 18.05, 18.55, 18.40, 137371, tse]
[2412, 120.5, 119.0, 120.00, 119.50, 28781, tse]
[2413, 36.55, 33.1, 35.40, 34.40, 28409, tse]
[2414, 34.25, 33.5, 34.00, 33.95, 526, tse]
[2415, 25.25, 24.4, 25.25, 24.40, 302, tse]
[2417, 24.15, 23.2, 23.95, 23.35, 922, tse]
[2419, 28.6, 27.15, 27.65, 27.80, 14320, tse]
[2420, 44.05, 43.4, 43.80, 43.85, 1129, tse]
[2421, 53.9, 50.6, 52.00, 52.40, 25110, tse]
[2423, 32.2, 31.45, 32.00, 32.00, 1013, tse]
[2424, 23.0, 22.25, 22.85, 22.70, 177, tse]
[2425, 32.6, 31.2, 32.05, 31.90, 6147, tse]
[2426, 19.95, 18.05, 18.60, 18.65, 11019, tse]
[2427, 15.7, 14.7, 15.40, 15.15, 15726, tse]
[2428, 160.0, 140.5, 140.50, 153.00, 12877, tse]
[2429, 19.9, 14.75, 15.05, 19.55, 2435, tse]
[2430, 44.85, 42.35, 44.55, 42.55, 2545, tse]
[2431, 11.35, 10.6, 10.65, 10.75, 2883, tse]
[2433, 52.3, 51.9, 51.90, 51.90, 107, tse]
[2434, 32.2, 28.75, 28.75, 30.15, 173, tse]
[2436, 53.0, 49.5, 53.00, 51.10, 5967, tse]
[2438, 22.6, 19.25, 19.25, 22.20, 14680, tse]
[2439, 89.7, 86.9, 89.10, 88.20, 2846, tse]
[2440, 11.75, 11.35, 11.55, 11.40, 996, tse]
[2441, 54.5, 52.4, 54.50, 53.30, 5417, tse]
[2442, 15.45, 14.85, 15.00, 15.45, 7216, tse]
[2443, 3.24, 2.92, 2.93, 3.23, 930, tse]
[2444, 17.1, 16.3, 16.90, 16.65, 2932, tse]
[2449, 49.3, 47.5, 48.85, 48.50, 36418, tse]
[2450, 35.3, 34.65, 34.70, 35.10, 1051, tse]
[2451, 73.7, 72.1, 73.50, 73.10, 1896, tse]
[2453, 70.9, 65.5, 69.50, 68.30, 59298, tse]
[2454, 790.0, 765.0, 789.00, 787.00, 18299, tse]
[2455, 99.5, 89.0, 90.30, 92.30, 39684, tse]
[2457, 63.8, 58.2, 60.20, 60.30, 143113, tse]
[2458, 105.0, 99.3, 105.00, 99.80, 5155, tse]
[2459, 57.0, 56.5, 57.00, 56.80, 131, tse]
[2460, 19.15, 18.3, 19.00, 18.45, 659, tse]
[2461, 22.95, 21.7, 22.60, 22.20, 13495, tse]
[2462, 32.55, 29.7, 32.55, 30.50, 3818, tse]
[2464, 38.35, 37.6, 38.30, 38.05, 830, tse]
[2465, 41.7, 39.3, 41.10, 39.40, 2888, tse]
[2466, 37.5, 33.85, 34.15, 35.30, 216, tse]
[2467, 49.5, 47.9, 49.50, 48.35, 597, tse]
[2468, 26.15, 24.25, 25.80, 24.90, 2852, tse]
[2471, 52.6, 48.35, 50.40, 49.60, 31286, tse]
[2472, 67.4, 64.1, 67.40, 65.60, 3906, tse]
[2474, 191.5, 188.0, 189.50, 190.00, 7117, tse]
[2476, 59.4, 54.8, 58.50, 56.90, 24052, tse]
[2477, 21.3, 20.85, 21.15, 21.15, 172, tse]
[2478, 47.4, 45.7, 47.05, 46.55, 1230, tse]
[2480, 97.3, 94.8, 97.30, 96.40, 783, tse]
[2481, 73.2, 69.8, 70.20, 71.30, 38433, tse]
[2482, 64.9, 60.1, 61.50, 62.50, 59249, tse]
[2483, 26.85, 25.4, 26.85, 25.55, 940, tse]
[2484, 37.9, 36.7, 37.60, 37.40, 5133, tse]
[2485, 20.35, 19.65, 19.65, 20.10, 9131, tse]
[2486, 29.55, 27.45, 29.25, 28.35, 16181, tse]
[2488, 31.35, 30.8, 31.20, 31.00, 490, tse]
[2489, 10.35, 10.1, 10.30, 10.15, 3778, tse]
[2491, 12.3, 11.4, 12.30, 11.50, 356, tse]
[2492, 99.0, 93.3, 98.00, 96.70, 8109, tse]
[2493, 54.5, 51.9, 53.70, 53.50, 1095, tse]
[2495, 22.85, 21.15, 22.25, 22.40, 15730, tse]
[2496, 53.2, 51.7, 52.40, 53.00, 374, tse]
[2497, 78.5, 75.1, 77.70, 77.80, 6576, tse]
[2498, 64.8, 61.2, 63.70, 62.60, 68008, tse]
[2501, 17.2, 16.9, 17.20, 17.10, 1460, tse]
[2504, 28.1, 27.65, 27.80, 27.90, 8887, tse]
[2505, 18.65, 18.1, 18.50, 18.30, 1195, tse]
[2506, 9.28, 9.2, 9.24, 9.24, 496, tse]
[2509, 15.2, 14.8, 15.20, 15.00, 222, tse]
[2511, 11.75, 11.5, 11.70, 11.70, 1742, tse]
[2514, 17.5, 17.2, 17.30, 17.30, 311, tse]
[2515, 9.27, 9.08, 9.11, 9.26, 20881, tse]
[2516, 4.95, 4.81, 4.91, 4.90, 638, tse]
[2520, 30.65, 29.55, 29.55, 30.00, 4429, tse]
[2524, 32.25, 31.7, 32.10, 31.75, 201, tse]
[2527, 22.3, 21.85, 22.00, 22.20, 758, tse]
[2528, 21.0, 19.6, 19.80, 20.90, 858, tse]
[2530, 18.65, 17.85, 17.85, 18.30, 4576, tse]
[2534, 24.1, 22.35, 24.10, 22.95, 16998, tse]
[2535, 34.15, 32.9, 33.70, 33.40, 6628, tse]
[2536, 24.85, 23.9, 23.90, 24.50, 1797, tse]
[2537, 6.86, 6.76, 6.86, 6.85, 1989, tse]
[2538, 12.7, 12.5, 12.70, 12.65, 2014, tse]
[2539, 37.25, 36.3, 36.30, 37.25, 1193, tse]
[2540, 78.0, 74.5, 75.80, 74.50, 1908, tse]
[2542, 41.2, 40.6, 40.75, 41.15, 8625, tse]
[2543, 9.44, 9.27, 9.30, 9.33, 357, tse]
[2545, 45.6, 44.35, 44.60, 45.40, 3018, tse]
[2546, 68.7, 65.8, 67.70, 67.90, 956, tse]
[2547, 9.19, 9.1, 9.19, 9.11, 1519, tse]
[2548, 93.6, 92.5, 93.00, 93.00, 2415, tse]
[2596, 22.0, 20.55, 21.95, 21.30, 764, otc]
[2597, 128.0, 123.0, 123.00, 124.50, 535, tse]
[2601, 9.21, 8.98, 9.10, 9.14, 9801, tse]
[2603, 162.5, 157.5, 158.00, 158.50, 70975, tse]
[2605, 25.2, 23.95, 24.10, 24.75, 24832, tse]
[2606, 56.5, 53.0, 54.50, 55.80, 28143, tse]
[2607, 28.15, 27.4, 27.65, 27.70, 7104, tse]
[2608, 38.25, 37.9, 38.20, 37.95, 522, tse]
[2609, 65.1, 63.3, 64.10, 64.30, 89726, tse]
[2610, 19.95, 19.1, 19.30, 19.50, 127818, tse]
[2611, 13.8, 13.45, 13.65, 13.55, 2999, tse]
[2612, 40.05, 39.05, 39.20, 39.45, 1817, tse]
[2613, 22.75, 21.9, 22.30, 22.25, 871, tse]
[2614, 19.45, 18.75, 19.30, 18.80, 8645, tse]
[2615, 70.8, 68.5, 70.60, 68.50, 23534, tse]
[2616, 33.25, 32.4, 32.90, 32.45, 1153, tse]
[2617, 31.7, 30.65, 30.90, 31.05, 5482, tse]
[2618, 27.45, 26.25, 26.40, 26.85, 104633, tse]
[2630, 19.9, 18.5, 18.95, 18.80, 4277, tse]
[2633, 30.25, 29.8, 30.05, 30.25, 15062, tse]
[2634, 44.85, 41.0, 42.90, 41.65, 112737, tse]
[2636, 79.0, 74.6, 74.60, 78.20, 3402, tse]
[2637, 66.6, 63.1, 64.30, 64.20, 26006, tse]
[2640, 118.5, 113.0, 114.50, 115.00, 1372, otc]
[2641, 21.35, 19.35, 21.00, 19.50, 11385, otc]
[2642, 48.0, 47.15, 47.50, 47.35, 281, tse]
[2643, 75.4, 73.9, 74.10, 75.40, 323, otc]
[2645, 99.6, 90.6, 90.80, 97.80, 19433, tse]
[2701, 12.6, 12.45, 12.50, 12.55, 921, tse]
[2702, 24.05, 23.15, 23.70, 23.40, 1572, tse]
[2704, 36.2, 35.05, 35.15, 35.15, 735, tse]
[2705, 17.85, 16.95, 17.55, 17.10, 3059, tse]
[2706, 14.7, 14.45, 14.55, 14.70, 1096, tse]
[2707, 283.0, 270.5, 279.50, 279.00, 6851, tse]
[2712, 36.4, 34.0, 34.50, 35.55, 474, tse]
[2718, 51.4, 44.6, 46.90, 48.50, 209, otc]
[2719, 53.0, 49.55, 50.10, 51.10, 380, otc]
[2722, 54.3, 49.85, 51.80, 51.20, 4567, tse]
[2723, 147.5, 135.5, 143.00, 145.00, 29287, tse]
[2724, 15.95, 15.85, 15.95, 15.85, 2, otc]
[2726, 31.65, 27.3, 30.80, 29.35, 2486, otc]
[2727, 322.5, 292.5, 308.00, 311.50, 33140, tse]
[2729, 257.0, 232.5, 253.00, 234.50, 1369, otc]
[2731, 151.0, 127.0, 129.00, 151.00, 62724, tse]
[2732, 189.0, 174.0, 179.00, 178.50, 5843, otc]
[2734, 35.8, 32.7, 32.90, 33.50, 3379, otc]
[2736, 25.2, 23.65, 24.20, 23.95, 5025, otc]
[2739, 59.5, 55.0, 59.00, 57.70, 2919, tse]
[2740, 46.6, 46.3, 46.60, 46.40, 10, otc]
[2743, 64.3, 59.8, 60.30, 59.90, 5100, otc]
[2745, 42.0, 40.05, 40.80, 40.40, 663, otc]
[2748, 94.5, 85.9, 88.00, 91.60, 23803, tse]
[2752, 270.0, 256.5, 263.00, 262.50, 76, otc]
[2753, 219.0, 180.0, 218.50, 185.00, 14394, tse]
[2754, 158.0, 147.5, 156.50, 157.00, 1882, otc]
[2755, 160.5, 137.5, 152.00, 139.50, 815, otc]
[2756, 149.5, 142.5, 146.00, 145.00, 417, otc]
[2801, 17.45, 17.15, 17.20, 17.35, 21090, tse]
[2809, 35.35, 34.4, 34.40, 35.25, 5275, tse]
[2812, 13.9, 13.7, 13.85, 13.85, 18057, tse]
[2816, 15.4, 15.0, 15.15, 15.25, 305, tse]
[2820, 15.05, 14.85, 14.95, 15.00, 1483, tse]
[2832, 20.8, 20.65, 20.70, 20.75, 512, tse]
[2834, 13.45, 13.05, 13.20, 13.45, 91638, tse]
[2836, 12.35, 12.2, 12.35, 12.30, 1670, tse]
[2838, 15.85, 15.35, 15.70, 15.85, 6218, tse]
[2845, 11.15, 11.0, 11.10, 11.10, 20990, tse]
[2849, 14.9, 14.6, 14.60, 14.80, 137, tse]
[2850, 49.9, 48.9, 49.60, 49.90, 1001, tse]
[2851, 17.7, 17.35, 17.60, 17.70, 4261, tse]
[2852, 15.65, 15.35, 15.50, 15.60, 1010, tse]
[2855, 16.3, 15.95, 16.15, 16.10, 1936, tse]
[2867, 5.09, 5.01, 5.09, 5.03, 107905, tse]
[2880, 22.5, 22.05, 22.10, 22.35, 28975, tse]
[2881, 57.1, 56.0, 56.20, 56.50, 37526, tse]
[2882, 41.95, 41.05, 41.25, 41.80, 67709, tse]
[2883, 12.65, 12.35, 12.40, 12.55, 104114, tse]
[2884, 25.3, 24.6, 24.70, 25.30, 95890, tse]
[2885, 22.45, 22.05, 22.20, 22.35, 53622, tse]
[2886, 33.25, 32.65, 33.25, 33.00, 49009, tse]
[2887, 16.6, 16.3, 16.50, 16.60, 65054, tse]
[2888, 8.48, 8.24, 8.30, 8.42, 154841, tse]
[2889, 13.5, 12.25, 13.20, 12.35, 67379, tse]
[2890, 16.8, 16.5, 16.55, 16.60, 95142, tse]
[2891, 21.9, 21.4, 21.55, 21.85, 112044, tse]
[2892, 26.55, 26.25, 26.30, 26.45, 43962, tse]
[2897, 9.69, 9.51, 9.57, 9.68, 15026, tse]
[2901, 24.85, 24.7, 24.70, 24.80, 49, tse]
[2903, 22.8, 22.55, 22.65, 22.75, 4440, tse]
[2904, 21.2, 20.6, 21.20, 20.85, 505, tse]
[2905, 15.8, 15.25, 15.70, 15.35, 1401, tse]
[2906, 17.65, 17.2, 17.40, 17.35, 2060, tse]
[2908, 21.05, 20.75, 21.00, 20.95, 1070, tse]
[2910, 30.7, 30.3, 30.40, 30.55, 51, tse]
[2911, 7.3, 7.1, 7.30, 7.14, 696, tse]
[2912, 274.5, 269.0, 271.50, 269.50, 4974, tse]
[2913, 21.75, 21.0, 21.50, 21.35, 11008, tse]
[2915, 57.6, 56.2, 57.10, 56.50, 12139, tse]
[2916, 33.3, 31.75, 32.65, 32.70, 986, otc]
[2923, 23.3, 22.7, 22.70, 22.85, 37, tse]
[2924, 38.8, 36.4, 36.40, 36.50, 8, otc]
[2926, 65.0, 62.7, 62.90, 63.50, 71, otc]
[2929, 14.35, 13.5, 13.85, 13.85, 4635, tse]
[2937, 35.45, 33.8, 33.80, 34.85, 70, otc]
[2939, 34.8, 32.5, 32.50, 34.60, 1115, tse]
[2945, 42.5, 41.0, 42.00, 42.50, 120, tse]
[2947, 92.3, 91.5, 92.00, 91.80, 34, otc]
[3002, 12.15, 11.85, 12.00, 12.05, 1236, tse]
[3003, 72.2, 70.0, 72.00, 71.50, 1304, tse]
[3004, 87.8, 84.6, 85.40, 86.20, 704, tse]
[3005, 57.0, 52.4, 57.00, 53.50, 38079, tse]
[3006, 87.3, 77.6, 81.90, 83.30, 39793, tse]
[3008, 2315.0, 2170.0, 2,315.00, 2,175.00, 2529, tse]
[3010, 88.7, 87.0, 88.00, 87.60, 897, tse]
[3011, 25.05, 22.0, 24.35, 23.05, 20208, tse]
[3013, 23.15, 21.85, 22.15, 22.25, 31421, tse]
[3014, 90.0, 86.5, 88.60, 89.80, 2290, tse]
[3015, 46.4, 45.0, 46.20, 46.30, 1180, tse]
[3016, 73.5, 70.2, 73.30, 71.10, 2143, tse]
[3017, 152.0, 138.0, 144.00, 141.00, 96269, tse]
[3019, 66.6, 65.1, 66.20, 66.00, 4145, tse]
[3021, 21.9, 21.05, 21.80, 21.70, 521, tse]
[3022, 86.6, 81.9, 83.50, 85.30, 17554, tse]
[3023, 351.0, 311.5, 314.00, 342.00, 4516, tse]
[3024, 15.25, 14.5, 15.05, 14.90, 9028, tse]
[3025, 29.05, 26.05, 26.50, 27.70, 60457, tse]
[3026, 101.0, 99.2, 100.00, 100.50, 689, tse]
[3027, 46.9, 44.65, 46.30, 46.00, 21645, tse]
[3028, 32.7, 31.85, 32.25, 32.60, 3653, tse]
[3029, 58.3, 54.2, 57.00, 55.10, 16660, tse]
[3030, 64.6, 63.5, 63.70, 63.50, 1946, tse]
[3031, 18.85, 18.1, 18.30, 18.40, 1259, tse]
[3032, 45.85, 37.65, 38.00, 45.85, 14245, tse]
[3033, 30.2, 29.4, 30.15, 29.95, 6951, tse]
[3034, 437.5, 409.0, 437.00, 431.50, 28740, tse]
[3035, 217.5, 188.0, 217.00, 196.50, 112336, tse]
[3036, 67.9, 65.8, 66.30, 67.60, 4234, tse]
[3037, 151.0, 138.0, 149.00, 147.50, 167255, tse]
[3038, 26.1, 24.0, 24.55, 26.05, 16827, tse]
[3040, 33.15, 31.95, 32.00, 32.80, 137, tse]
[3041, 22.0, 20.95, 21.80, 21.60, 3346, tse]
[3042, 89.6, 87.5, 88.30, 89.00, 6736, tse]
[3043, 39.1, 34.0, 34.50, 38.10, 1216, tse]
[3044, 113.5, 110.5, 111.50, 112.00, 6337, tse]
[3045, 101.5, 99.8, 100.50, 101.00, 11375, tse]
[3046, 74.5, 65.9, 70.70, 70.50, 38066, tse]
[3047, 17.7, 16.65, 17.00, 16.75, 48647, tse]
[3048, 28.75, 28.1, 28.70, 28.55, 2230, tse]
[3049, 10.1, 9.78, 10.00, 9.87, 6409, tse]
[3050, 15.95, 15.2, 15.20, 15.70, 4220, tse]
[3051, 20.05, 19.0, 19.60, 19.45, 4754, tse]
[3052, 11.1, 11.0, 11.05, 11.05, 1439, tse]
[3054, 20.0, 18.65, 18.65, 20.00, 618, tse]
[3055, 30.0, 28.65, 30.00, 29.70, 426, tse]
[3056, 46.45, 42.85, 43.95, 46.00, 35987, tse]
[3057, 11.35, 11.15, 11.20, 11.25, 324, tse]
[3058, 15.9, 14.5, 15.15, 15.65, 5914, tse]
[3059, 36.35, 34.7, 36.20, 35.75, 8069, tse]
[3060, 17.85, 17.0, 17.80, 17.50, 770, tse]
[3062, 23.8, 23.0, 23.60, 23.20, 8621, tse]
[3064, 14.0, 13.3, 13.65, 14.00, 15, otc]
[3066, 25.7, 24.2, 25.10, 25.10, 330, otc]
[3067, NaN, NaN, NaN, NaN, 0, otc]
[3071, 27.9, 26.95, 27.25, 27.20, 3291, otc]
[3078, 44.65, 39.0, 39.00, 44.30, 22242, otc]
[3081, 141.5, 132.0, 139.50, 132.50, 25289, otc]
[3083, 45.45, 43.7, 44.50, 43.80, 661, otc]
[3085, 22.0, 20.9, 22.00, 21.95, 28, otc]
[3086, 79.7, 74.0, 79.70, 74.30, 70, otc]
[3088, 84.3, 75.5, 78.30, 76.80, 16980, otc]
[3089, 56.5, 53.5, 55.90, 55.80, 75, otc]
[3090, 59.8, 59.0, 59.10, 59.40, 2772, tse]
[3092, 36.85, 34.55, 36.40, 34.70, 2062, tse]
[3093, 40.5, 37.75, 40.00, 39.70, 6598, otc]
[3094, 35.05, 32.5, 35.00, 33.35, 6333, tse]
[3095, 30.75, 28.95, 30.00, 29.35, 88, otc]
[3105, 188.5, 176.0, 180.50, 182.50, 49008, otc]
[3114, 27.75, 27.0, 27.75, 27.15, 784, otc]
[3115, 11.4, 11.2, 11.35, 11.20, 35, otc]
[3118, 30.5, 30.15, 30.40, 30.35, 95, otc]
[3122, 28.9, 27.05, 28.55, 27.40, 898, otc]
[3128, 43.05, 40.6, 42.20, 41.70, 2728, otc]
[3130, 209.5, 207.0, 209.00, 208.50, 57, tse]
[3131, 320.0, 294.0, 311.50, 308.50, 1358, otc]
[3138, 168.0, 155.5, 162.50, 159.50, 3178, tse]
[3141, 112.0, 104.0, 110.50, 105.50, 7825, otc]
[3147, 65.7, 61.5, 63.40, 62.30, 2207, otc]
[3149, 18.6, 18.15, 18.50, 18.25, 1305, tse]
[3152, 245.5, 228.0, 229.00, 234.50, 2651, otc]
[3162, 61.3, 57.1, 60.30, 60.50, 16338, otc]
[3163, 57.7, 56.1, 56.60, 56.50, 4614, otc]
[3164, 24.7, 24.05, 24.25, 24.50, 395, tse]
[3167, 44.1, 43.2, 44.10, 43.60, 198, tse]
[3169, 131.5, 124.0, 126.50, 124.50, 6415, otc]
[3171, 18.35, 17.7, 18.20, 18.05, 107, otc]
[3176, 33.55, 32.2, 32.75, 32.55, 742, otc]
[3178, 81.2, 76.1, 79.60, 78.70, 2861, otc]
[3188, 13.05, 12.8, 13.00, 12.95, 988, otc]
[3189, 118.5, 113.0, 117.50, 116.00, 20825, tse]
[3191, 8.47, 8.0, 8.12, 8.10, 110, otc]
[3202, 15.8, 15.2, 15.35, 15.50, 2403, otc]
[3205, 42.0, 39.55, 42.00, 39.80, 1024, otc]
[3206, 31.7, 31.05, 31.05, 31.45, 287, otc]
[3207, 77.9, 71.5, 77.20, 73.90, 11916, otc]
[3209, 41.2, 40.0, 40.30, 41.10, 5676, tse]
[3211, 83.4, 81.5, 82.20, 82.70, 3373, otc]
[3213, 54.0, 51.0, 51.40, 52.80, 658, otc]
[3217, 114.0, 109.0, 111.50, 111.50, 12301, otc]
[3218, 425.0, 350.5, 353.00, 395.50, 11987, otc]
[3219, 56.1, 54.7, 55.30, 55.10, 60, otc]
[3221, 30.05, 29.25, 30.00, 29.65, 3023, otc]
[3224, 51.9, 48.05, 48.40, 48.70, 20518, otc]
[3226, 56.8, 51.0, 52.50, 52.90, 39, otc]
[3227, 110.0, 105.0, 110.00, 108.00, 2094, otc]
[3228, 206.0, 188.5, 198.50, 194.50, 6216, otc]
[3229, 20.3, 19.7, 20.05, 20.00, 82, tse]
[3230, 13.55, 11.95, 12.20, 12.70, 2802, otc]
[3231, 41.95, 38.75, 40.00, 41.85, 338675, tse]
[3232, 30.15, 29.25, 30.15, 29.40, 319, otc]
[3234, 25.8, 24.6, 25.20, 25.15, 3360, otc]
[3236, 30.55, 29.1, 30.35, 29.70, 5663, otc]
[3252, 19.45, 18.35, 18.90, 18.55, 1432, otc]
[3257, 54.3, 50.0, 51.50, 52.60, 1035, tse]
[3259, 20.5, 19.25, 19.90, 20.15, 229, otc]
[3260, 81.7, 73.0, 79.00, 79.50, 39854, otc]
[3264, 58.3, 55.6, 58.00, 57.50, 28466, otc]
[3265, 59.5, 56.9, 58.50, 58.30, 4351, otc]
[3266, 12.85, 12.45, 12.55, 12.85, 650, tse]
[3268, 24.0, 22.85, 24.00, 23.15, 252, otc]
[3272, 54.7, 44.5, 45.40, 53.00, 27032, otc]
[3276, 14.8, 14.35, 14.65, 14.40, 639, otc]
[3284, 15.25, 14.95, 15.25, 14.95, 365, otc]
[3285, 21.5, 19.85, 21.50, 20.05, 249, otc]
[3287, 14.1, 13.6, 13.95, 13.80, 381, otc]
[3288, 22.7, 21.85, 22.35, 22.60, 9, otc]
[3289, 94.9, 88.5, 90.90, 89.20, 12463, otc]
[3290, 30.95, 28.2, 29.00, 30.30, 24186, otc]
[3293, 580.0, 556.0, 566.00, 572.00, 5158, otc]
[3294, 20.45, 18.75, 19.90, 19.20, 4758, otc]
[3296, 18.2, 17.4, 18.00, 17.50, 2941, tse]
[3297, 20.5, 18.8, 20.00, 19.05, 977, otc]
[3303, 27.5, 27.05, 27.40, 27.20, 472, otc]
[3305, 48.5, 46.7, 48.50, 48.05, 1650, tse]
[3306, 26.85, 25.3, 26.15, 26.50, 2199, otc]
[3308, 18.9, 16.4, 17.05, 18.30, 1718, tse]
[3310, 68.3, 66.0, 67.20, 67.50, 582, otc]
[3311, 34.55, 34.0, 34.20, 34.45, 169, tse]
[3312, 21.9, 19.45, 19.60, 21.50, 14632, tse]
[3313, 10.25, 10.0, 10.20, 10.00, 561, otc]
[3317, 58.3, 56.5, 57.60, 57.40, 1103, otc]
[3321, 6.69, 6.42, 6.51, 6.66, 599, tse]
[3322, 24.0, 21.85, 23.60, 23.55, 25074, otc]
[3323, 34.7, 33.4, 34.40, 34.05, 585, otc]
[3324, 229.5, 196.0, 200.50, 220.50, 43267, otc]
[3325, 14.75, 13.85, 14.50, 14.00, 562, otc]
[3332, 44.2, 43.0, 44.20, 43.35, 93, otc]
[3338, 49.7, 43.35, 43.80, 47.50, 26869, tse]
[3339, 15.6, 13.9, 15.10, 14.25, 6649, otc]
[3346, 45.15, 42.7, 44.60, 42.90, 8647, tse]
[3349, 14.5, 14.0, 14.30, 14.25, 74, otc]
[3354, 15.5, 13.95, 13.95, 14.55, 2998, otc]
[3356, 44.1, 41.7, 43.70, 42.70, 4606, tse]
[3357, 116.0, 111.0, 116.00, 113.00, 501, otc]
[3360, 14.15, 13.8, 13.90, 14.00, 503, otc]
[3362, 118.5, 100.5, 118.50, 103.50, 32300, otc]
[3363, 26.5, 25.2, 26.50, 25.95, 2373, otc]
[3372, 12.65, 12.05, 12.20, 12.20, 1945, otc]
[3373, 24.85, 24.05, 24.85, 24.10, 144, otc]
[3374, 111.0, 107.0, 110.50, 108.00, 6573, otc]
[3376, 87.4, 85.4, 87.00, 87.00, 1141, tse]
[3379, 12.8, 12.25, 12.50, 12.50, 654, otc]
[3380, 35.15, 34.2, 34.55, 34.85, 8978, tse]
[3388, 74.5, 73.7, 73.70, 74.40, 133, otc]
[3390, 19.85, 18.75, 19.15, 18.75, 1238, otc]
[3402, 52.9, 50.5, 51.00, 52.70, 2994, otc]
[3406, 398.0, 383.5, 398.00, 385.50, 8253, tse]
[3413, 200.0, 194.0, 200.00, 198.00, 1363, tse]
[3416, 105.5, 100.0, 105.50, 103.00, 1376, tse]
[3419, 20.1, 19.05, 19.80, 19.20, 4083, tse]
[3426, 40.2, 38.8, 38.80, 40.10, 43, otc]
[3430, 54.5, 48.4, 49.90, 54.50, 2872, otc]
[3432, 19.35, 18.0, 19.25, 19.05, 8850, tse]
[3434, 30.6, 29.15, 30.30, 29.30, 1583, otc]
[3437, 21.5, 20.2, 21.30, 20.65, 1769, tse]
[3438, 68.9, 62.5, 68.60, 63.10, 2963, otc]
[3441, 48.5, 43.65, 47.05, 43.75, 7016, otc]
[3443, 1185.0, 1000.0, 1,160.00, 1,085.00, 30117, tse]
[3444, 62.5, 61.0, 62.40, 61.80, 1145, otc]
[3447, 65.0, 46.8, 47.00, 62.30, 21643, tse]
[3450, 41.95, 40.1, 41.25, 40.15, 1033, tse]
[3454, 279.5, 251.5, 279.50, 260.50, 10423, tse]
[3455, 96.7, 92.8, 95.20, 93.40, 3001, otc]
[3465, 97.0, 92.0, 92.50, 93.40, 107, otc]
[3466, 32.45, 30.35, 31.95, 32.00, 2255, otc]
[3479, 98.7, 88.0, 95.00, 95.30, 37407, otc]
[3481, 14.75, 14.15, 14.60, 14.50, 184036, tse]
[3483, 75.3, 68.8, 70.40, 71.70, 18695, otc]
[3484, 44.25, 41.75, 44.00, 44.00, 3369, otc]
[3489, 11.05, 10.55, 10.60, 10.80, 393, otc]
[3490, 27.8, 25.45, 25.75, 27.70, 1850, otc]
[3491, 189.5, 164.0, 173.50, 175.00, 36443, otc]
[3492, 22.0, 19.25, 20.45, 19.40, 2353, otc]
[3494, 10.95, 10.4, 10.90, 10.70, 4133, tse]
[3498, 36.6, 34.75, 35.80, 35.35, 619, otc]
[3499, 23.3, 20.9, 22.50, 21.35, 14256, otc]
[3501, 54.4, 52.8, 53.70, 53.20, 1590, tse]
[3504, 90.6, 85.1, 87.90, 87.90, 5329, tse]
[3508, 37.15, 35.3, 36.70, 35.85, 2229, otc]
[3511, 38.0, 36.6, 37.90, 37.00, 1225, otc]
[3512, 31.75, 30.7, 31.10, 31.55, 343, otc]
[3515, 143.0, 137.5, 141.50, 141.00, 2599, tse]
[3516, 19.0, 16.8, 17.15, 18.30, 1048, otc]
[3518, 25.4, 22.15, 22.75, 25.35, 4252, tse]
[3520, 22.5, 20.7, 21.90, 21.05, 4637, otc]
[3521, 24.2, 21.8, 22.15, 23.65, 5531, otc]
[3522, 13.1, 11.1, 11.20, 12.85, 815, otc]
[3523, 20.5, 18.4, 20.50, 19.70, 391, otc]
[3526, 143.5, 137.0, 143.00, 141.00, 880, otc]
[3527, 123.5, 118.5, 122.50, 121.00, 1294, otc]
[3528, 59.0, 57.8, 58.90, 58.10, 354, tse]
[3529, 2020.0, 1825.0, 1,970.00, 1,860.00, 3200, otc]
[3530, 85.9, 83.1, 85.10, 84.90, 346, tse]
[3531, 29.0, 27.85, 28.40, 28.30, 102, otc]
[3532, 171.0, 162.0, 170.50, 166.00, 7720, tse]
[3533, 956.0, 894.0, 903.00, 918.00, 5963, tse]
[3535, 22.8, 22.1, 22.70, 22.30, 1689, tse]
[3536, 4.11, 3.92, 3.92, 3.95, 190, tse]
[3537, 37.35, 36.9, 37.30, 37.10, 245, otc]
[3540, 39.3, 33.9, 34.60, 38.00, 13055, otc]
[3541, 59.2, 58.0, 58.70, 58.40, 470, otc]
[3543, 21.2, 20.2, 20.35, 20.70, 289, tse]
[3545, 80.1, 76.9, 79.60, 77.50, 11889, tse]
[3546, 80.6, 78.0, 79.90, 80.00, 1084, otc]
[3548, 68.4, 66.5, 67.20, 67.10, 916, otc]
[3550, 15.35, 14.95, 14.95, 15.10, 653, tse]
[3551, 62.5, 60.6, 60.90, 62.10, 265, otc]
[3552, 159.5, 150.0, 157.50, 152.00, 14112, otc]
[3555, 28.7, 26.45, 28.70, 28.00, 48, otc]
[3556, 66.0, 63.2, 63.90, 65.90, 687, otc]
[3557, 69.6, 64.1, 64.10, 66.00, 2483, tse]
[3558, 379.5, 332.5, 361.00, 342.00, 23176, otc]
[3563, 198.5, 187.0, 197.50, 190.00, 1309, tse]
[3564, 40.55, 37.8, 40.50, 40.05, 1443, otc]
[3567, 29.05, 28.55, 28.95, 28.85, 225, otc]
[3570, 118.5, 112.0, 114.00, 115.50, 524, otc]
[3576, 21.5, 20.8, 21.35, 20.95, 33414, tse]
[3577, 82.3, 78.0, 79.30, 80.00, 547, otc]
[3580, 62.3, 59.0, 61.00, 60.00, 2088, otc]
[3581, 22.35, 21.75, 22.30, 22.05, 66, otc]
[3583, 85.5, 80.3, 84.10, 84.50, 3877, tse]
[3587, 199.0, 186.0, 188.50, 187.50, 5187, otc]
[3588, 63.8, 59.9, 63.60, 61.00, 1604, tse]
[3591, 23.65, 21.35, 23.10, 22.65, 9528, tse]
[3592, 429.0, 408.5, 425.50, 414.00, 4073, tse]
[3593, 13.0, 12.35, 12.70, 12.95, 121, tse]
[3594, 53.9, 47.1, 50.10, 48.40, 24890, otc]
[3596, 108.5, 103.0, 105.50, 106.50, 6916, tse]
[3597, 26.05, 24.85, 25.70, 25.20, 111, otc]
[3605, 32.5, 31.15, 32.50, 31.40, 3012, tse]
[3607, 14.6, 12.9, 12.90, 13.50, 7575, tse]
[3609, 44.55, 43.55, 44.30, 43.80, 35, otc]
[3611, 246.0, 235.0, 243.00, 246.00, 669, otc]
[3615, 17.65, 17.1, 17.65, 17.40, 600, otc]
[3617, 129.0, 116.0, 116.50, 128.00, 5246, tse]
[3622, 31.65, 29.0, 29.55, 30.50, 1724, tse]
[3623, 16.95, 16.2, 16.60, 16.35, 87, otc]
[3624, 74.3, 66.6, 66.90, 69.80, 67078, otc]
[3625, 14.55, 13.65, 14.50, 13.75, 1796, otc]
[3628, 50.7, 47.85, 50.10, 48.95, 1753, otc]
[3629, 60.7, 47.0, 53.80, 48.75, 586, otc]
[3630, 31.5, 29.35, 31.00, 29.65, 2122, otc]
[3631, 37.25, 35.7, 35.85, 36.10, 68, otc]
[3632, 13.05, 11.9, 12.00, 12.25, 230, otc]
[3645, 35.0, 33.5, 34.80, 34.10, 1118, tse]
[3646, 27.9, 27.3, 27.65, 27.55, 338, otc]
[3652, 35.85, 32.1, 32.30, 32.75, 15107, tse]
[3653, 499.5, 445.5, 449.00, 476.50, 24309, tse]
[3661, 1280.0, 1140.0, 1,255.00, 1,240.00, 18494, tse]
[3663, 30.8, 29.85, 30.65, 30.60, 509, otc]
[3664, 22.85, 17.1, 20.00, 22.85, 12570, otc]
[3665, 289.0, 269.0, 279.00, 279.00, 8840, tse]
[3666, 24.8, 23.55, 24.05, 23.75, 1284, otc]
[3669, 45.5, 43.6, 45.50, 44.00, 600, tse]
[3672, 27.5, 26.6, 27.00, 27.00, 73, otc]
[3673, 35.55, 34.05, 35.20, 34.25, 6050, tse]
[3675, 317.0, 296.0, 304.00, 317.00, 12731, otc]
[3679, 94.0, 91.5, 93.10, 91.80, 243, tse]
[3680, 379.0, 355.0, 362.50, 374.00, 14084, otc]
[3682, 6.53, 6.25, 6.27, 6.47, 20469, tse]
[3684, 67.8, 65.1, 67.80, 66.50, 148, otc]
[3685, 22.1, 20.55, 21.50, 20.85, 679, otc]
[3686, 16.0, 15.15, 15.60, 15.30, 1804, tse]
[3687, 89.7, 84.2, 88.70, 85.60, 643, otc]
[3689, 38.2, 36.8, 37.90, 37.65, 1882, otc]
[3691, 122.0, 113.5, 120.00, 114.50, 2768, otc]
[3693, 134.0, 119.0, 124.00, 128.50, 11380, otc]
[3694, 24.0, 22.6, 23.60, 23.45, 4571, tse]
[3701, 52.8, 48.0, 50.70, 50.90, 8902, tse]
[3702, 50.4, 48.3, 48.70, 50.20, 17169, tse]
[3703, 31.85, 30.65, 31.50, 30.80, 11381, tse]
[3704, 37.85, 36.4, 37.10, 37.15, 13951, tse]
[3705, 44.1, 43.05, 43.30, 43.95, 2307, tse]
[3706, 28.8, 27.3, 28.75, 27.30, 23263, tse]
[3707, 92.5, 89.8, 91.10, 90.70, 16887, otc]
[3708, 104.5, 101.5, 104.00, 102.50, 2060, tse]
[3709, 22.8, 22.45, 22.75, 22.50, 55, otc]
[3710, 12.65, 12.2, 12.60, 12.25, 7724, otc]
[3711, 114.5, 108.5, 111.00, 112.50, 74370, tse]
[3712, 37.8, 35.6, 37.50, 37.05, 7380, tse]
[3713, 29.55, 28.25, 29.40, 29.40, 416, otc]
[3714, 57.2, 52.8, 56.50, 53.20, 48521, tse]
[3715, 24.05, 20.5, 21.70, 22.95, 175706, tse]
[4102, 29.8, 28.5, 29.80, 28.60, 1515, otc]
[4104, 81.6, 79.0, 81.50, 79.70, 2052, tse]
[4105, 80.6, 76.2, 79.00, 76.20, 7116, otc]
[4106, 29.7, 28.45, 29.40, 28.80, 833, tse]
[4107, 116.5, 111.0, 115.00, 112.50, 1380, otc]
[4108, 19.1, 18.65, 18.90, 18.85, 497, tse]
[4109, 14.85, 14.6, 14.70, 14.70, 289, otc]
[4111, 29.2, 27.35, 27.35, 28.60, 2424, otc]
[4113, 15.85, 15.05, 15.05, 15.65, 5034, otc]
[4114, 46.5, 44.05, 44.50, 45.75, 27014, otc]
[4116, 63.5, 60.3, 63.00, 60.40, 756, otc]
[4119, 123.0, 114.0, 114.00, 118.50, 4427, tse]
[4120, 37.9, 36.3, 36.30, 36.85, 384, otc]
[4121, 24.25, 23.55, 23.80, 23.85, 1576, otc]
[4123, 47.0, 45.5, 46.30, 46.15, 6233, otc]
[4126, 85.6, 83.2, 83.80, 84.40, 935, otc]
[4127, 16.4, 15.3, 15.30, 16.20, 3104, otc]
[4128, 67.9, 65.1, 66.20, 66.60, 20392, otc]
[4129, 54.9, 52.1, 54.80, 54.00, 3177, otc]
[4130, 27.95, 26.05, 27.50, 26.10, 2691, otc]
[4131, 25.55, 24.85, 25.50, 25.05, 70, otc]
[4133, 37.6, 36.5, 37.60, 36.50, 837, tse]
[4137, 219.0, 211.5, 212.00, 213.00, 793, tse]
[4138, 74.5, 72.8, 73.50, 74.10, 197, otc]
[4139, 37.8, 37.0, 37.80, 37.45, 72, otc]
[4142, 40.0, 39.1, 39.60, 39.45, 4190, tse]
[4147, 98.6, 88.3, 96.30, 92.10, 40755, otc]
[4148, 67.1, 64.1, 65.20, 65.90, 1161, tse]
[4153, 47.9, 41.0, 41.05, 46.55, 4740, otc]
[4154, 36.35, 34.0, 36.00, 34.10, 588, otc]
[4155, 38.45, 35.9, 36.65, 37.05, 8632, tse]
[4157, 16.15, 14.95, 15.65, 15.00, 7252, otc]
[4160, 29.35, 27.9, 28.20, 28.90, 299, otc]
[4161, 30.05, 28.45, 30.00, 29.35, 767, otc]
[4162, 114.5, 106.5, 113.50, 108.00, 13833, otc]
[4163, 126.5, 121.5, 125.50, 126.00, 1489, otc]
[4164, 69.7, 62.6, 66.20, 69.00, 19479, tse]
[4167, 19.2, 18.55, 19.00, 18.90, 5739, otc]
[4168, 31.8, 30.7, 31.50, 31.15, 2034, otc]
[4171, 62.9, 60.3, 60.40, 60.60, 2040, otc]
[4173, 20.4, 18.9, 19.25, 19.40, 1668, otc]
[4174, 83.9, 80.5, 82.90, 81.40, 2377, otc]
[4175, 94.8, 86.9, 89.50, 93.90, 2220, otc]
[4183, 19.4, 18.85, 19.05, 19.10, 86, otc]
[4188, 16.2, 15.6, 16.20, 15.90, 112, otc]
[4190, 97.0, 89.0, 94.20, 93.60, 5263, tse]
[4192, 20.0, 19.4, 19.50, 19.75, 175, otc]
[4198, 26.65, 24.2, 25.45, 26.65, 270, otc]
[4205, 107.5, 105.5, 107.50, 106.00, 41, otc]
[4207, 14.35, 13.95, 14.15, 14.25, 1647, otc]
[4303, 17.9, 17.35, 17.35, 17.70, 344, otc]
[4304, 10.2, 9.75, 10.00, 9.90, 123, otc]
[4305, 31.7, 31.5, 31.70, 31.50, 25, otc]
[4306, 16.55, 16.1, 16.25, 16.40, 10939, tse]
[4401, 27.0, 26.5, 26.85, 26.65, 143, otc]
[4402, 11.15, 10.8, 11.05, 10.95, 1478, otc]
[4406, 10.8, 10.5, 10.50, 10.50, 176, otc]
[4413, 15.95, 15.5, 15.90, 15.75, 32, otc]
[4416, 88.8, 85.6, 87.70, 87.90, 26, otc]
[4417, 40.9, 40.0, 40.00, 40.60, 1199, otc]
[4419, 22.2, 18.65, 18.65, 21.50, 66, otc]
[4420, 30.9, 28.7, 30.85, 29.55, 149, otc]
[4426, 27.45, 25.7, 27.20, 25.80, 1701, tse]
[4430, 23.35, 22.7, 22.80, 23.00, 43, otc]
[4432, 24.45, 22.8, 24.00, 23.10, 2925, otc]
[4433, 34.05, 32.9, 34.05, 32.95, 451, otc]
[4438, 118.0, 113.0, 118.00, 113.50, 577, tse]
[4439, 110.0, 108.5, 109.50, 109.50, 59, tse]
[4440, 35.1, 34.55, 35.05, 34.90, 716, tse]
[4502, 37.5, 36.7, 37.25, 37.00, 68, otc]
[4503, 49.3, 45.75, 48.20, 48.65, 2743, otc]
[4506, 75.5, 73.5, 75.50, 74.10, 536, otc]
[4510, 11.7, 11.35, 11.65, 11.45, 880, otc]
[4513, 19.35, 18.5, 19.35, 18.70, 1122, otc]
[4523, 40.6, 37.45, 37.90, 40.40, 258, otc]
[4526, 17.0, 16.65, 16.90, 16.90, 1136, tse]
[4527, 31.0, 30.55, 30.55, 30.90, 286, otc]
[4528, 33.9, 32.7, 32.95, 33.45, 341, otc]
[4529, 10.6, 10.0, 10.00, 10.05, 401, otc]
[4530, 6.99, 6.55, 6.64, 6.68, 79, otc]
[4532, 19.15, 18.45, 18.95, 18.90, 6541, tse]
[4533, 11.65, 11.25, 11.60, 11.45, 998, otc]
[4534, 10.0, 9.82, 10.00, 9.84, 544, otc]
[4535, 38.5, 37.8, 37.80, 38.50, 62, otc]
[4536, 220.0, 207.0, 214.00, 209.50, 8253, tse]
[4538, 21.65, 21.05, 21.45, 21.20, 76, otc]
[4540, 42.35, 40.0, 41.10, 41.85, 605, tse]
[4541, 36.3, 33.05, 33.85, 33.60, 12564, otc]
[4542, 29.35, 26.35, 26.35, 28.60, 283, otc]
[4543, 29.6, 27.55, 29.50, 28.55, 2559, otc]
[4545, 32.0, 30.95, 31.70, 31.30, 371, tse]
[4549, 92.6, 90.8, 92.60, 92.00, 258, otc]
[4550, 31.8, 30.3, 31.75, 31.80, 1448, otc]
[4551, 150.5, 142.0, 149.50, 144.50, 3572, tse]
[4552, 31.3, 30.0, 30.10, 31.10, 906, tse]
[4554, 28.3, 27.0, 28.20, 27.25, 453, otc]
[4555, 48.8, 47.5, 48.00, 48.75, 433, tse]
[4556, 31.3, 30.55, 30.75, 31.00, 36, otc]
[4557, 111.0, 107.0, 109.00, 108.50, 250, tse]
[4558, 32.35, 29.6, 32.00, 30.00, 568, otc]
[4560, 39.5, 39.0, 39.35, 39.30, 280, tse]
[4561, 22.6, 22.1, 22.35, 22.50, 123, otc]
[4562, 16.4, 15.9, 16.00, 16.20, 507, tse]
[4563, 39.5, 37.6, 39.50, 38.35, 429, otc]
[4564, 24.7, 23.9, 24.50, 24.25, 3081, tse]
[4566, 56.6, 51.2, 53.20, 56.20, 4337, tse]
[4568, 66.0, 61.5, 66.00, 63.10, 120, otc]
[4571, 81.8, 75.9, 76.50, 78.40, 454, tse]
[4572, 147.0, 137.5, 138.00, 139.00, 2202, tse]
[4576, 78.3, 76.2, 77.20, 77.80, 232, tse]
[4577, 31.1, 30.65, 30.85, 31.00, 380, otc]
[4580, 93.4, 89.1, 92.30, 90.70, 1130, otc]
[4581, 44.9, 42.3, 43.00, 44.35, 344, tse]
[4583, 213.0, 204.5, 210.00, 209.00, 277, tse]
[4584, 51.9, 49.75, 51.90, 51.30, 43, otc]
[4609, 8.12, 7.48, 7.75, 7.80, 41, otc]
[4702, 15.55, 13.8, 14.15, 14.75, 3525, otc]
[4706, 17.35, 17.1, 17.35, 17.20, 81, otc]
[4707, 12.95, 12.8, 12.85, 12.85, 1630, otc]
[4711, 15.35, 14.8, 15.00, 15.05, 476, otc]
[4712, 4.79, 4.6, 4.60, 4.79, 34, otc]
[4714, 11.4, 11.05, 11.20, 11.30, 1036, otc]
[4716, 12.8, 12.3, 12.55, 12.80, 1077, otc]
[4720, 14.55, 14.0, 14.35, 14.30, 603, tse]
[4721, 110.0, 105.5, 110.00, 106.50, 1889, otc]
[4722, 36.1, 35.2, 35.40, 36.00, 337, tse]
[4726, 40.0, 38.55, 39.70, 39.20, 2083, otc]
[4728, 148.0, 140.5, 147.50, 141.00, 261, otc]
[4729, 16.8, 16.15, 16.80, 16.60, 575, otc]
[4735, 39.45, 38.45, 39.45, 38.55, 101, otc]
[4736, 190.0, 184.5, 189.00, 185.00, 2077, otc]
[4737, 77.7, 76.5, 77.00, 76.60, 239, tse]
[4739, 101.5, 97.2, 101.50, 98.00, 2581, tse]
[4741, 27.85, 27.1, 27.70, 27.15, 44, otc]
[4743, 275.0, 261.0, 269.00, 267.00, 29594, otc]
[4744, 34.05, 31.1, 31.80, 33.55, 3802, otc]
[4745, 26.8, 26.1, 26.45, 26.35, 184, otc]
[4746, 77.2, 69.6, 70.10, 76.70, 22306, tse]
[4747, 54.8, 51.2, 54.80, 51.90, 1495, otc]
[4754, 39.45, 38.45, 38.45, 39.10, 87, otc]
[4755, 135.0, 126.5, 130.00, 130.00, 2997, tse]
[4760, 62.9, 60.3, 62.30, 60.80, 223, otc]
[4763, 350.0, 307.0, 309.50, 348.00, 13288, tse]
[4764, 55.0, 53.5, 53.50, 54.00, 57, tse]
[4766, 150.0, 140.5, 141.00, 144.50, 1567, tse]
[4767, 27.2, 26.5, 26.50, 26.85, 44, otc]
[4768, 185.5, 174.5, 182.00, 179.00, 2733, otc]
[4770, 305.5, 289.5, 299.00, 302.00, 4527, tse]
[4804, 10.65, 10.1, 10.65, 10.10, 1049, otc]
[4806, 6.36, 6.1, 6.36, 6.35, 19, otc]
[4807, 20.6, 20.25, 20.45, 20.25, 18, tse]
[4903, 21.95, 19.75, 21.80, 21.65, 3844, otc]
[4904, 76.0, 73.3, 73.70, 75.20, 22120, tse]
[4905, 51.5, 50.7, 51.20, 51.00, 16, otc]
[4906, 31.2, 29.9, 30.05, 30.90, 23048, tse]
[4907, 37.35, 28.95, 36.20, 31.45, 3044, otc]
[4908, 33.05, 31.6, 32.00, 32.45, 1745, otc]
[4909, 18.1, 17.25, 18.05, 17.60, 1183, otc]
[4911, 63.7, 60.4, 61.60, 63.50, 692, otc]
[4912, 78.1, 75.2, 78.10, 75.80, 264, tse]
[4915, 62.2, 60.2, 61.60, 60.40, 11814, tse]
[4916, 36.15, 31.2, 33.10, 33.15, 26665, tse]
[4919, 157.5, 141.5, 156.50, 149.50, 38696, tse]
[4923, 64.4, 62.6, 64.20, 63.90, 462, otc]
[4924, 13.85, 13.0, 13.70, 13.20, 340, otc]
[4927, 61.0, 58.4, 60.00, 59.20, 3110, tse]
[4930, 29.3, 26.65, 29.15, 26.85, 1298, tse]
[4931, 47.55, 45.2, 46.30, 46.90, 8192, otc]
[4933, 35.25, 34.5, 35.15, 35.00, 134, otc]
[4934, 32.4, 30.2, 31.90, 30.90, 11358, tse]
[4935, 59.7, 58.4, 59.60, 58.90, 376, tse]
[4938, 70.2, 69.2, 69.80, 69.70, 23835, tse]
[4939, 16.6, 16.2, 16.60, 16.30, 276, otc]
[4942, 38.1, 37.6, 38.00, 38.05, 531, tse]
[4943, 13.2, 11.0, 13.20, 11.50, 828, tse]
[4944, 12.5, 11.65, 12.00, 12.30, 63, otc]
[4945, 50.8, 49.05, 50.70, 50.00, 99, otc]
[4946, 44.0, 41.6, 44.00, 42.75, 159, otc]
[4950, 18.55, 15.05, 17.35, 18.40, 6888, otc]
[4951, 59.7, 56.0, 56.90, 59.40, 792, otc]
[4952, 57.8, 56.0, 57.80, 57.60, 1387, tse]
[4953, 123.0, 114.0, 121.50, 117.00, 14945, otc]
[4956, 17.5, 16.6, 17.20, 16.65, 2497, tse]
[4958, 115.0, 110.0, 111.00, 114.00, 18087, tse]
[4960, 12.9, 12.5, 12.75, 12.55, 21608, tse]
[4961, 178.0, 163.5, 177.50, 168.50, 9454, tse]
[4966, 1120.0, 1010.0, 1,115.00, 1,050.00, 5813, otc]
[4967, 70.3, 63.1, 69.10, 68.40, 72965, tse]
[4968, 130.0, 118.5, 129.00, 125.50, 12125, tse]
[4971, 72.6, 62.2, 62.50, 70.70, 10234, otc]
[4972, 29.6, 29.3, 29.30, 29.60, 125, otc]
[4973, 29.5, 27.4, 29.10, 29.05, 10311, otc]
[4974, 71.4, 69.2, 71.10, 70.70, 1469, otc]
[4976, 50.3, 48.1, 50.10, 49.05, 6641, tse]
[4977, 118.5, 111.5, 117.00, 116.00, 22213, tse]
[4979, 52.4, 47.6, 47.60, 51.50, 80526, otc]
[4987, 60.9, 59.6, 60.30, 60.30, 78, otc]
[4989, 29.5, 28.2, 29.50, 28.60, 1733, tse]
[4991, 36.3, 34.7, 35.70, 35.65, 217, otc]
[4994, 48.5, 47.0, 47.85, 47.45, 615, tse]
[4995, 55.4, 52.1, 54.60, 53.40, 1761, otc]
[4999, 38.1, 37.1, 37.45, 37.90, 138, tse]
[5007, 54.0, 50.7, 53.80, 51.70, 1044, tse]
[5009, 52.7, 49.9, 50.30, 51.40, 58495, otc]
[5011, 29.35, 26.3, 26.30, 27.55, 13395, otc]
[5013, 36.8, 35.2, 35.60, 35.90, 84, otc]
[5014, 17.65, 16.95, 17.55, 17.10, 3031, otc]
[5015, 58.0, 56.7, 57.70, 57.30, 1063, otc]
[5016, 30.7, 30.1, 30.30, 30.10, 28, otc]
[5201, 27.45, 26.85, 27.00, 27.25, 72, otc]
[5202, 15.25, 14.5, 14.70, 15.25, 1051, otc]
[5203, 118.5, 102.0, 117.50, 104.00, 10944, tse]
[5205, 39.2, 36.05, 36.45, 37.10, 39, otc]
[5206, 18.0, 17.7, 17.95, 17.75, 729, otc]
[5209, 116.0, 104.5, 116.00, 113.00, 391, otc]
[5210, 18.45, 16.95, 18.45, 17.65, 1673, otc]
[5211, 34.5, 29.15, 29.30, 29.70, 13439, otc]
[5212, 51.9, 49.0, 51.00, 49.00, 100, otc]
[5213, 27.4, 24.0, 24.10, 26.90, 3933, otc]
[5215, 50.5, 48.1, 50.30, 48.45, 441, tse]
[5220, 31.1, 30.6, 30.65, 31.10, 63, otc]
[5222, 208.0, 180.0, 185.00, 183.50, 29367, tse]
[5223, 40.75, 40.3, 40.60, 40.60, 113, otc]
[5225, 44.25, 38.95, 40.85, 40.05, 13457, tse]
[5227, 66.9, 64.4, 66.20, 65.00, 964, otc]
[5228, 23.35, 22.8, 23.10, 22.80, 213, otc]
[5230, 23.15, 22.65, 23.10, 22.80, 838, otc]
[5234, 84.8, 82.1, 84.50, 83.40, 295, tse]
[5236, 93.4, 89.0, 93.40, 91.50, 1046, otc]
[5243, 68.5, 63.0, 64.50, 65.80, 35259, tse]
[5244, 33.95, 31.5, 33.45, 32.00, 949, tse]
[5245, 52.7, 50.0, 52.40, 50.70, 451, otc]
[5251, 24.9, 23.6, 24.05, 23.90, 810, otc]
[5258, 93.0, 83.5, 92.00, 86.40, 47877, tse]
[5263, 136.5, 124.5, 135.00, 127.50, 1985, otc]
[5269, 1220.0, 1095.0, 1,215.00, 1,145.00, 3593, tse]
[5272, 33.8, 31.45, 33.60, 31.80, 1461, otc]
[5274, 2935.0, 2600.0, 2,935.00, 2,635.00, 2333, otc]
[5276, 15.95, 15.3, 15.90, 15.40, 20, otc]
[5278, 181.5, 178.0, 179.50, 178.00, 42, otc]
[5281, 21.45, 18.4, 19.40, 18.50, 962, otc]
[5283, 112.0, 107.0, 108.00, 110.00, 433, tse]
[5284, 115.5, 100.0, 102.00, 112.50, 34136, tse]
[5285, 92.6, 84.0, 88.20, 88.70, 7855, tse]
[5287, 209.0, 199.5, 207.50, 202.00, 285, otc]
[5288, 184.5, 179.5, 182.00, 180.00, 494, tse]
[5289, 333.0, 286.0, 309.50, 314.00, 24551, otc]
[5291, 36.5, 34.9, 35.70, 35.40, 628, otc]
[5299, 133.5, 128.0, 131.00, 131.50, 1044, otc]
[5301, 12.8, 11.25, 11.30, 12.80, 1146, otc]
[5302, 9.46, 9.05, 9.19, 9.24, 909, otc]
[5306, 145.5, 139.5, 143.50, 143.00, 1041, tse]
[5309, 46.85, 42.25, 42.90, 46.35, 74464, otc]
[5310, 27.0, 23.8, 25.25, 24.25, 250, otc]
[5312, 64.7, 63.6, 63.60, 64.50, 356, otc]
[5314, 19.45, 18.6, 19.45, 19.15, 61, otc]
[5315, 23.9, 22.5, 23.55, 22.70, 6453, otc]
[5321, 90.8, 84.6, 88.90, 85.60, 2876, otc]
[5324, 9.04, 8.81, 8.98, 9.01, 128, otc]
[5328, 11.8, 11.3, 11.70, 11.75, 1651, otc]
[5340, 51.9, 46.0, 50.70, 47.50, 2188, otc]
[5344, 18.05, 17.3, 17.80, 17.50, 329, otc]
[5345, 5.79, 5.46, 5.71, 5.76, 11, otc]
[5347, 100.5, 95.6, 100.00, 96.90, 29193, otc]
[5348, 10.05, 8.81, 10.05, 9.67, 65, otc]
[5351, 48.7, 44.7, 47.90, 47.40, 41253, otc]
[5353, 47.8, 42.7, 43.15, 46.35, 33326, otc]
[5355, 7.2, 6.85, 7.01, 7.05, 1208, otc]
[5356, 22.0, 21.45, 21.60, 22.00, 257, otc]
[5364, 27.5, 26.55, 26.60, 27.15, 94, otc]
[5371, 69.1, 66.6, 67.80, 67.80, 8751, otc]
[5381, 16.05, 11.9, 12.80, 15.70, 10319, otc]
[5383, 30.0, 27.2, 27.70, 29.05, 679, otc]
[5386, 40.3, 37.75, 38.00, 39.70, 1603, otc]
[5388, 96.4, 90.4, 91.30, 94.80, 24524, tse]
[5392, 22.0, 21.3, 22.00, 21.55, 1512, otc]
[5398, 16.75, 16.2, 16.50, 16.25, 78, otc]
[5403, 87.4, 84.5, 86.30, 85.90, 765, otc]
[5410, 35.75, 34.5, 35.50, 35.10, 1690, otc]
[5425, 114.0, 99.9, 112.50, 104.00, 69872, otc]
[5426, 13.0, 12.5, 12.95, 12.80, 2126, otc]
[5432, 27.9, 27.15, 27.80, 27.20, 115, otc]
[5434, 191.5, 186.5, 189.00, 189.00, 1694, tse]
[5438, 18.9, 18.0, 18.20, 18.60, 196, otc]
[5439, 69.9, 64.0, 67.70, 66.80, 11332, otc]
[5443, 29.65, 28.8, 29.60, 29.00, 1272, otc]
[5450, 25.4, 22.65, 23.15, 23.10, 6613, otc]
[5452, 21.25, 19.7, 21.15, 20.10, 4763, otc]
[5455, NaN, NaN, NaN, NaN, 0, otc]
[5457, 57.4, 54.9, 57.10, 56.70, 3620, otc]
[5460, 11.3, 11.15, 11.30, 11.25, 151, otc]
[5464, 30.45, 29.1, 30.35, 29.30, 1558, otc]
[5465, 28.25, 25.3, 25.55, 27.10, 11432, otc]
[5468, 17.3, 16.9, 17.30, 17.00, 117, otc]
[5469, 35.85, 35.0, 35.85, 35.55, 4608, tse]
[5471, 54.6, 53.1, 54.60, 53.80, 1086, tse]
[5474, 96.1, 90.0, 90.00, 91.40, 1085, otc]
[5475, 16.8, 13.8, 14.50, 15.75, 18297, otc]
[5478, 93.0, 91.0, 92.60, 92.60, 1033, otc]
[5481, 12.7, 12.4, 12.70, 12.60, 363, otc]
[5483, 158.5, 153.0, 157.00, 156.00, 13053, otc]
[5484, 16.0, 15.3, 15.70, 15.55, 1008, tse]
[5487, 25.0, 24.7, 24.70, 25.00, 12, otc]
[5488, 11.1, 10.45, 10.90, 10.85, 2985, otc]
[5489, 37.9, 37.75, 37.85, 37.85, 455, otc]
[5490, 26.95, 23.4, 23.40, 25.70, 3387, otc]
[5493, 57.0, 52.2, 54.40, 52.80, 103, otc]
[5498, 11.15, 10.7, 10.90, 10.80, 978, otc]
[5508, 61.1, 60.1, 60.70, 60.80, 513, otc]
[5511, 33.75, 32.7, 33.70, 33.35, 655, otc]
[5512, 10.15, 9.85, 10.10, 9.89, 9187, otc]
[5514, 18.3, 17.65, 18.00, 17.90, 33, otc]
[5515, 12.95, 12.6, 12.60, 12.80, 1868, tse]
[5516, 27.05, 22.6, 26.70, 24.20, 1971, otc]
[5519, 24.15, 23.65, 24.15, 24.00, 1699, tse]
[5520, 58.5, 57.4, 57.40, 57.60, 31, otc]
[5521, 7.71, 7.02, 7.03, 7.59, 13820, tse]
[5522, 57.6, 56.5, 57.30, 56.70, 2380, tse]
[5523, 25.8, 24.75, 24.90, 25.55, 116, otc]
[5525, 27.0, 26.15, 27.00, 26.85, 502, tse]
[5529, 12.05, 11.4, 12.00, 11.75, 352, otc]
[5530, 39.85, 39.0, 39.70, 39.25, 918, otc]
[5531, 9.15, 9.05, 9.07, 9.10, 1010, tse]
[5533, 17.95, 17.75, 17.75, 17.90, 730, tse]
[5534, 78.8, 77.1, 78.00, 78.40, 1854, tse]
[5536, 138.5, 131.0, 132.00, 138.00, 3244, otc]
[5538, 42.55, 41.6, 41.90, 42.00, 34, tse]
[5543, 53.0, 50.9, 53.00, 51.00, 35, otc]
[5546, 41.95, 40.5, 41.65, 41.20, 150, tse]
[5601, 42.6, 41.3, 41.60, 42.50, 153, otc]
[5603, 21.7, 21.05, 21.60, 21.15, 722, otc]
[5604, 49.8, 49.0, 49.20, 49.60, 50, otc]
[5607, 67.6, 65.5, 67.30, 66.20, 3047, tse]
[5608, 27.2, 26.2, 26.45, 26.30, 18089, tse]
[5609, 86.2, 84.0, 84.40, 85.30, 2271, otc]
[5701, 4.0, 3.81, 3.92, 3.90, 1503, otc]
[5703, 21.95, 21.0, 21.25, 21.35, 171, otc]
[5704, 65.2, 60.5, 62.20, 60.50, 1564, otc]
[5706, 66.5, 62.8, 63.90, 64.30, 9001, tse]
[5864, 14.15, 13.75, 14.10, 14.10, 1520, otc]
[5871, 234.5, 220.0, 231.00, 223.50, 18105, tse]
[5876, 47.2, 46.05, 46.45, 46.95, 16854, tse]
[5878, 48.9, 47.85, 48.10, 48.90, 12, otc]
[5880, 26.4, 26.05, 26.15, 26.10, 34154, tse]
[5902, 36.25, 35.65, 36.15, 36.00, 100, otc]
[5903, 219.5, 215.5, 218.00, 218.50, 142, otc]
[5904, 576.0, 556.0, 559.00, 570.00, 2019, otc]
[5905, 12.2, 11.9, 12.10, 11.95, 2596, otc]
[5906, 36.5, 34.6, 35.45, 35.50, 37, tse]
[5907, 15.65, 14.55, 15.65, 14.95, 3554, tse]
[6005, 12.15, 11.95, 12.15, 12.00, 8639, tse]
[6015, 10.3, 9.87, 9.99, 9.90, 5694, otc]
[6016, 11.2, 10.7, 10.75, 11.10, 4996, otc]
[6020, 18.9, 18.7, 18.80, 18.75, 36, otc]
[6021, 18.1, 17.25, 18.10, 17.80, 45, otc]
[6023, 50.4, 50.0, 50.00, 50.20, 314, otc]
[6024, 42.75, 41.65, 42.00, 42.70, 1299, tse]
[6026, 10.7, 10.35, 10.45, 10.60, 4726, otc]
[6101, 46.9, 38.6, 39.70, 45.90, 2971, otc]
[6103, 42.7, 36.25, 42.70, 38.10, 16, otc]
[6104, 128.5, 118.5, 127.50, 122.50, 12216, otc]
[6108, 17.9, 17.25, 17.30, 17.30, 815, tse]
[6109, 19.7, 18.35, 19.60, 18.70, 8874, otc]
[6111, 63.2, 59.5, 61.10, 62.40, 8505, otc]
[6112, 41.65, 39.9, 40.60, 40.25, 2847, tse]
[6113, 19.1, 17.7, 19.05, 18.00, 2950, otc]
[6114, 24.3, 23.5, 24.20, 23.65, 381, otc]
[6115, 45.15, 44.6, 44.70, 44.85, 780, tse]
[6116, 13.2, 12.5, 13.10, 12.75, 44822, tse]
[6117, 15.25, 14.85, 15.00, 14.95, 659, tse]
[6118, 37.45, 35.05, 37.20, 36.80, 5767, otc]
[6120, 10.75, 10.35, 10.60, 10.65, 6452, tse]
[6121, 321.0, 295.5, 296.00, 303.00, 7924, otc]
[6122, 31.1, 27.5, 27.80, 29.85, 55223, otc]
[6123, 72.2, 67.5, 72.00, 68.50, 1166, otc]
[6124, 28.95, 26.75, 26.90, 27.20, 826, otc]
[6125, 29.7, 28.6, 29.45, 29.05, 18093, otc]
[6126, 22.45, 22.0, 22.40, 22.25, 1011, otc]
[6127, 18.85, 18.35, 18.65, 18.60, 1124, otc]
[6128, 36.5, 32.2, 32.55, 36.10, 5206, tse]
[6129, 36.5, 34.0, 36.15, 34.70, 13150, otc]
[6130, 36.55, 34.7, 35.45, 35.45, 197, otc]
[6133, 25.9, 22.6, 23.20, 24.90, 61276, tse]
[6134, 27.35, 22.55, 25.20, 26.20, 18926, otc]
[6136, 19.1, 18.6, 19.10, 18.95, 657, tse]
[6138, 167.5, 150.5, 152.50, 157.00, 35589, otc]
[6139, 48.9, 45.9, 47.80, 48.45, 10868, tse]
[6140, 23.0, 20.15, 21.35, 20.35, 11389, otc]
[6141, 19.15, 18.7, 19.05, 18.95, 170, tse]
[6142, 13.25, 12.35, 12.80, 12.70, 12420, tse]
[6143, 111.5, 99.3, 106.50, 102.00, 25717, otc]
[6144, 14.55, 14.25, 14.40, 14.55, 6, otc]
[6146, 271.0, 258.5, 267.00, 270.00, 2356, otc]
[6147, 70.8, 68.2, 70.30, 69.30, 15663, otc]
[6148, 21.5, 18.8, 19.90, 20.15, 11539, otc]
[6150, 78.5, 74.3, 77.50, 76.90, 2955, otc]
[6151, 29.05, 28.65, 28.85, 28.90, 118, otc]
[6152, 11.55, 10.5, 10.55, 11.10, 14818, tse]
[6153, 24.55, 23.9, 24.15, 24.10, 7977, tse]
[6154, 17.75, 16.1, 16.20, 17.05, 941, otc]
[6155, 27.75, 26.3, 27.35, 26.90, 850, tse]
[6156, 20.8, 19.95, 20.05, 20.30, 3020, otc]
[6158, 26.4, 25.5, 26.00, 25.80, 238, otc]
[6160, 28.85, 27.35, 28.55, 28.15, 14729, otc]
[6161, 35.2, 32.8, 34.25, 33.40, 11238, otc]
[6163, 22.0, 19.75, 20.20, 21.40, 38778, otc]
[6164, 12.25, 11.45, 11.90, 11.80, 3212, tse]
[6165, 30.95, 29.4, 29.75, 30.30, 758, tse]
[6166, 64.2, 62.1, 64.20, 62.80, 639, tse]
[6167, 14.25, 13.55, 13.85, 13.85, 4910, otc]
[6168, 27.5, 24.65, 25.60, 25.85, 31237, tse]
[6169, 19.5, 18.8, 19.05, 19.15, 85, otc]
[6170, 40.9, 39.4, 39.90, 40.25, 1212, otc]
[6171, 23.2, 22.7, 23.10, 23.00, 418, otc]
[6173, 40.4, 38.25, 38.80, 39.45, 1270, otc]
[6174, 30.3, 29.6, 30.25, 29.65, 455, otc]
[6175, 39.0, 37.1, 38.50, 37.75, 1166, otc]
[6176, 111.0, 108.0, 108.50, 110.50, 9226, tse]
[6177, 32.3, 31.5, 32.25, 31.85, 3745, tse]
[6179, 30.5, 27.5, 28.45, 29.30, 2506, otc]
[6180, 74.4, 72.2, 74.40, 73.20, 7677, otc]
[6182, 49.6, 47.65, 49.45, 48.50, 28450, otc]
[6183, 66.2, 64.0, 64.80, 65.40, 122, tse]
[6184, 50.8, 50.0, 50.80, 50.30, 98, tse]
[6185, 15.8, 15.05, 15.10, 15.35, 3853, otc]
[6186, 41.1, 39.8, 39.80, 40.70, 2419, otc]
[6187, 68.7, 66.5, 68.60, 68.30, 1086, otc]
[6188, 59.6, 56.6, 58.90, 57.90, 14667, otc]
[6189, 41.95, 41.2, 41.60, 41.80, 1927, tse]
[6190, 32.95, 31.65, 32.75, 31.85, 3580, otc]
[6191, 34.1, 32.5, 33.55, 33.85, 15089, tse]
[6192, 76.6, 74.4, 74.50, 75.90, 842, tse]
[6194, 26.95, 23.5, 23.85, 26.95, 3825, otc]
[6195, 47.2, 45.2, 45.20, 46.90, 534, otc]
[6196, 135.5, 130.5, 135.50, 133.50, 3092, tse]
[6197, 48.05, 44.75, 47.30, 47.35, 4461, tse]
[6198, 21.25, 20.1, 20.50, 20.95, 87, otc]
[6199, 18.9, 18.3, 18.55, 18.60, 31, otc]
[6201, 43.2, 42.75, 43.10, 43.10, 112, tse]
[6202, 75.6, 72.8, 75.60, 73.90, 4858, tse]
[6203, 64.4, 58.0, 58.40, 63.50, 2223, otc]
[6204, 62.0, 52.9, 52.90, 56.40, 1203, otc]
[6205, 85.7, 80.2, 85.30, 80.80, 6989, tse]
[6206, 74.1, 72.1, 72.80, 73.30, 1381, tse]
[6207, 28.45, 27.6, 27.70, 27.95, 695, otc]
[6208, 54.1, 53.2, 53.70, 53.90, 445, otc]
[6209, 27.6, 26.1, 27.20, 26.75, 1807, tse]
[6210, 36.4, 35.3, 35.95, 35.95, 51, otc]
[6212, 52.3, 49.0, 52.30, 49.00, 10, otc]
[6213, 79.0, 75.5, 78.30, 78.30, 9617, tse]
[6214, 79.8, 78.0, 78.50, 78.80, 1179, tse]
[6215, 27.35, 26.45, 27.30, 26.95, 975, tse]
[6216, 28.05, 27.05, 27.95, 27.20, 1189, tse]
[6217, 46.55, 44.55, 46.45, 45.25, 3540, otc]
[6218, 18.85, 18.25, 18.80, 18.55, 225, otc]
[6219, 11.45, 11.05, 11.40, 11.15, 1186, otc]
[6220, 29.1, 26.4, 28.20, 27.80, 16823, otc]
[6221, 63.5, 59.8, 61.60, 61.50, 284, otc]
[6222, 16.9, 15.2, 16.60, 15.40, 241, otc]
[6223, 145.5, 133.0, 145.50, 135.00, 19823, otc]
[6224, 68.9, 66.9, 67.50, 67.10, 961, tse]
[6225, 11.0, 10.3, 10.50, 10.45, 76, tse]
[6226, 13.5, 12.2, 12.55, 12.60, 22788, tse]
[6227, 49.5, 47.85, 49.50, 49.00, 726, otc]
[6228, 14.1, 12.95, 13.50, 14.10, 691, otc]
[6229, 29.2, 28.0, 29.20, 28.05, 706, otc]
[6230, 156.0, 141.5, 142.00, 149.50, 2808, tse]
[6231, 142.0, 128.5, 139.00, 129.50, 9348, otc]
[6233, 28.4, 26.15, 27.75, 27.50, 10139, otc]
[6234, 25.9, 24.1, 24.55, 24.45, 5516, otc]
[6235, 77.3, 67.9, 68.00, 77.30, 163601, tse]
[6236, 23.0, 22.0, 23.00, 22.00, 17, otc]
[6237, 49.2, 46.2, 48.55, 48.05, 1957, otc]
[6239, 92.0, 89.3, 90.40, 91.00, 10747, tse]
[6240, 26.05, 22.7, 22.70, 23.40, 2318, otc]
[6241, 14.55, 13.9, 14.45, 14.10, 709, otc]
[6242, 62.5, 60.9, 61.80, 61.80, 295, otc]
[6243, 37.65, 35.25, 37.30, 36.60, 2964, tse]
[6244, 38.35, 35.3, 37.00, 36.65, 94571, otc]
[6245, 125.0, 117.0, 124.00, 121.50, 30329, otc]
[6246, 14.25, 13.65, 13.95, 13.80, 82, otc]
[6248, 26.9, 25.95, 26.50, 26.60, 4264, otc]
[6257, 56.1, 54.9, 55.70, 55.90, 9131, tse]
[6259, 23.1, 22.2, 23.00, 22.35, 74, otc]
[6261, 68.2, 66.8, 67.90, 67.60, 1102, otc]
[6263, 112.5, 107.5, 110.00, 111.50, 757, otc]
[6264, 8.19, 8.04, 8.16, 8.17, 195, otc]
[6265, 11.1, 9.98, 10.05, 10.60, 3968, otc]
[6266, 36.1, 34.1, 35.20, 35.85, 12046, otc]
[6269, 100.5, 98.1, 99.20, 99.00, 5424, tse]
[6270, 25.35, 23.1, 25.00, 23.10, 2533, otc]
[6271, 204.5, 195.0, 201.50, 198.50, 7232, tse]
[6274, 73.0, 69.3, 69.70, 71.20, 28837, otc]
[6275, 34.4, 32.55, 34.00, 32.70, 4210, otc]
[6276, 23.15, 20.0, 20.50, 21.45, 5114, otc]
[6277, 84.4, 82.3, 83.50, 82.90, 762, tse]
[6278, 98.4, 94.3, 95.80, 97.20, 10072, tse]
[6279, 146.5, 140.5, 145.00, 142.50, 10573, otc]
[6281, 87.8, 83.2, 87.20, 83.80, 743, tse]
[6282, 39.95, 38.0, 39.35, 38.55, 34710, tse]
[6283, 35.65, 33.55, 35.20, 33.95, 891, tse]
[6284, 57.8, 54.9, 55.80, 57.80, 2293, otc]
[6285, 104.5, 89.7, 90.00, 103.50, 94601, tse]
[6287, 24.0, 22.9, 23.85, 23.60, 29, otc]
[6288, 33.75, 29.5, 33.50, 31.65, 89708, tse]
[6290, 70.0, 66.8, 69.50, 68.60, 16016, otc]
[6291, 152.5, 135.5, 148.00, 139.00, 260, otc]
[6292, 44.6, 43.9, 44.50, 44.15, 122, otc]
[6294, 119.5, 115.5, 115.50, 118.00, 355, otc]
[6404, 23.0, 20.0, 21.40, 23.00, 22, otc]
[6405, 21.6, 21.0, 21.55, 21.35, 155, tse]
[6409, 1800.0, 1665.0, 1,725.00, 1,730.00, 1031, tse]
[6411, 126.5, 120.0, 124.50, 123.00, 5489, otc]
[6412, 83.4, 75.7, 82.90, 81.00, 7389, tse]
[6414, 277.5, 252.5, 257.50, 265.00, 18056, tse]
[6415, 525.0, 466.0, 514.00, 479.50, 11804, tse]
[6416, 117.0, 110.0, 113.00, 114.00, 11963, tse]
[6417, 153.5, 116.5, 130.00, 151.50, 9354, otc]
[6418, 17.35, 16.8, 17.05, 17.20, 377, otc]
[6419, 39.0, 37.0, 37.85, 39.00, 52, otc]
[6425, 20.65, 20.2, 20.35, 20.40, 117, otc]
[6426, 68.2, 65.1, 67.30, 65.60, 385, tse]
[6431, 22.75, 20.1, 20.10, 21.05, 1066, tse]
[6432, 37.75, 35.5, 35.55, 37.70, 1682, otc]
[6435, 105.5, 102.5, 104.50, 104.00, 524, otc]
[6438, 107.0, 97.7, 99.50, 105.00, 3924, tse]
[6441, 64.9, 58.8, 61.00, 63.40, 4230, otc]
[6442, 54.6, 52.0, 54.40, 53.90, 1933, tse]
[6443, 39.9, 38.0, 39.30, 38.40, 73493, tse]
[6446, 457.0, 415.5, 443.00, 428.00, 10336, otc]
[6449, 57.1, 55.8, 56.30, 55.80, 886, tse]
[6451, 83.2, 81.0, 82.70, 81.90, 548, tse]
[6456, 83.4, 81.7, 83.40, 82.00, 2938, tse]
[6457, 63.0, 59.8, 62.10, 60.90, 274, otc]
[6461, 31.2, 29.5, 31.20, 29.50, 969, otc]
[6462, 90.9, 85.0, 90.70, 87.90, 3089, otc]
[6464, 89.8, 89.3, 89.50, 89.50, 54, tse]
[6465, 18.9, 18.1, 18.25, 18.20, 113, otc]
[6469, 376.5, 356.0, 372.50, 363.00, 2127, otc]
[6470, 67.6, 62.5, 65.70, 67.00, 6197, otc]
[6472, 839.0, 688.0, 705.00, 740.00, 31791, otc]
[6477, 50.2, 47.3, 49.45, 48.80, 9414, tse]
[6482, 46.05, 44.5, 45.60, 45.50, 27, otc]
[6485, 109.0, 88.8, 90.80, 106.50, 51913, otc]
[6486, 70.2, 68.7, 69.70, 69.60, 158, otc]
[6488, 532.0, 507.0, 525.00, 518.00, 7920, otc]
[6491, 422.5, 403.5, 418.00, 409.50, 2360, tse]
[6492, 57.4, 53.6, 57.20, 54.20, 740, otc]
[6494, 79.1, 76.5, 78.50, 77.70, 813, otc]
[6496, 30.85, 29.35, 30.10, 29.50, 121, otc]
[6499, 61.5, 58.6, 61.00, 60.50, 713, otc]
[6504, 79.8, 77.3, 77.40, 79.30, 286, tse]
[6505, 85.5, 83.2, 83.30, 85.00, 6042, tse]
[6506, 19.8, 19.55, 19.55, 19.80, 194, otc]
[6508, 40.3, 39.05, 39.50, 39.80, 1129, otc]
[6509, 46.8, 45.0, 46.80, 45.20, 4247, otc]
[6510, 609.0, 568.0, 609.00, 569.00, 1622, otc]
[6512, 21.2, 20.9, 21.00, 21.10, 105, otc]
[6514, 61.9, 56.5, 58.50, 61.80, 647, otc]
[6515, 761.0, 716.0, 752.00, 719.00, 5130, tse]
[6516, 88.4, 83.2, 88.40, 83.80, 206, otc]
[6517, 133.0, 99.7, 99.80, 133.00, 10547, otc]
[6523, 110.5, 105.0, 109.50, 108.00, 778, otc]
[6525, 77.3, 75.6, 77.10, 76.80, 729, tse]
[6527, 77.7, 74.0, 77.20, 74.10, 1036, otc]
[6530, 27.8, 25.3, 25.60, 26.50, 1564, otc]
[6531, 334.5, 303.0, 327.00, 324.00, 32695, tse]
[6532, 54.7, 52.5, 54.10, 53.90, 758, otc]
[6533, 574.0, 512.0, 568.00, 519.00, 10216, tse]
[6535, 42.3, 40.9, 42.30, 41.15, 918, otc]
[6538, 87.0, 81.6, 83.30, 85.10, 948, otc]
[6541, 94.1, 80.6, 94.10, 80.60, 866, tse]
[6542, 46.0, 45.15, 45.90, 45.60, 10, otc]
[6546, 92.5, 88.1, 91.80, 88.90, 8061, otc]
[6547, 59.5, 56.8, 58.00, 57.90, 7793, otc]
[6548, 44.85, 39.25, 40.60, 44.85, 26427, otc]
[6550, 102.0, 95.2, 96.10, 97.10, 15352, tse]
[6552, 36.7, 35.2, 36.50, 35.65, 351, tse]
[6556, 173.5, 155.0, 173.00, 159.00, 947, otc]
[6558, 28.2, 26.1, 27.45, 27.00, 1688, tse]
[6560, 39.2, 36.5, 37.40, 37.70, 224, otc]
[6561, 388.0, 360.0, 385.00, 385.00, 1040, otc]
[6568, 170.5, 156.5, 166.00, 164.50, 1684, otc]
[6569, 113.0, 108.5, 112.00, 112.00, 230, otc]
[6570, 61.6, 58.4, 61.20, 60.60, 2992, otc]
[6573, 17.4, 15.7, 15.90, 16.35, 3127, tse]
[6574, 54.4, 48.5, 48.65, 52.20, 282, otc]
[6576, 125.0, 116.0, 120.50, 121.00, 3682, otc]
[6577, 64.6, 64.1, 64.40, 64.30, 37, otc]
[6578, 17.8, 17.1, 17.60, 17.35, 1149, otc]
[6579, 98.5, 92.6, 96.90, 96.90, 1555, tse]
[6581, 101.0, 94.0, 100.50, 94.20, 707, tse]
[6582, 61.4, 59.3, 61.40, 60.20, 329, tse]
[6585, 64.5, 62.2, 64.00, 62.70, 317, tse]
[6588, 32.1, 29.8, 32.10, 30.05, 175, otc]
[6589, 120.5, 113.5, 116.00, 116.50, 12378, otc]
[6590, 74.0, 66.5, 73.00, 69.30, 312, otc]
[6591, 51.6, 49.4, 49.85, 51.30, 1742, tse]
[6592, 122.5, 118.0, 119.00, 120.50, 4069, tse]
[6593, 65.3, 60.7, 64.00, 62.20, 796, otc]
[6596, 46.2, 44.8, 46.15, 45.50, 93, otc]
[6598, 30.4, 28.5, 29.40, 29.00, 1397, tse]
[6603, 18.25, 17.5, 17.65, 17.90, 5060, otc]
[6605, 93.4, 90.5, 93.10, 90.90, 3329, tse]
[6606, 29.55, 28.0, 28.80, 28.90, 5172, tse]
[6609, 39.75, 38.55, 39.70, 39.70, 1414, otc]
[6612, 133.0, 125.0, 128.50, 129.50, 992, otc]
[6613, 105.0, 99.7, 100.50, 104.00, 699, otc]
[6615, 38.45, 37.5, 38.30, 38.45, 115, otc]
[6616, 15.35, 14.35, 14.75, 14.80, 335, otc]
[6624, 42.85, 41.95, 42.15, 42.10, 27, otc]
[6625, 50.6, 47.0, 49.45, 49.10, 1391, tse]
[6629, 47.8, 46.2, 46.60, 47.50, 6, otc]
[6640, 91.0, 88.0, 90.00, 89.50, 37, otc]
[6641, 58.0, 57.2, 57.40, 57.80, 87, tse]
[6642, 53.5, 51.9, 52.30, 52.60, 109, otc]
[6643, 666.0, 587.0, 620.00, 666.00, 14245, otc]
[6649, 43.8, 42.3, 43.60, 42.60, 382, otc]
[6651, 91.7, 77.4, 78.90, 84.50, 5121, otc]
[6654, 53.9, 52.2, 52.30, 53.50, 40, otc]
[6655, 131.5, 128.0, 131.50, 128.00, 100, tse]
[6661, 24.5, 23.15, 23.20, 24.00, 94, otc]
[6662, 31.95, 31.0, 31.20, 31.55, 186, otc]
[6664, 117.0, 107.0, 111.50, 114.00, 2023, otc]
[6666, 83.5, 80.4, 83.10, 81.70, 320, tse]
[6667, 70.3, 68.0, 70.00, 69.60, 829, otc]
[6668, 44.8, 41.5, 44.50, 42.40, 1286, tse]
[6669, 1165.0, 1065.0, 1,105.00, 1,125.00, 10190, tse]
[6670, 241.5, 227.0, 241.00, 227.00, 3407, tse]
[6671, 39.85, 38.9, 39.40, 39.80, 89, tse]
[6672, 86.4, 80.5, 83.90, 85.10, 2685, tse]
[6674, 28.95, 27.2, 27.20, 28.75, 44, tse]
[6679, 309.5, 293.5, 299.00, 303.50, 2036, otc]
[6680, 81.0, 76.5, 79.00, 78.50, 112, otc]
[6683, 215.0, 201.5, 213.00, 208.00, 1056, otc]
[6684, 57.5, 53.5, 57.20, 56.80, 644, otc]
[6689, 141.5, 127.0, 139.00, 129.50, 2267, tse]
[6690, 186.0, 172.0, 183.50, 176.50, 765, otc]
[6691, 283.5, 272.5, 281.00, 275.00, 1660, tse]
[6693, 69.5, 65.0, 69.30, 66.90, 451, otc]
[6695, 45.5, 43.4, 44.65, 43.55, 613, tse]
[6697, 42.9, 39.3, 41.60, 39.80, 309, otc]
[6698, 41.9, 35.05, 36.70, 38.70, 18962, tse]
[6703, 135.0, 120.0, 131.00, 130.00, 1033, otc]
[6706, 101.0, 95.3, 100.00, 98.20, 2959, tse]
[6708, 57.0, 55.0, 57.00, 55.50, 311, otc]
[6712, 223.0, 206.0, 218.00, 216.50, 10125, otc]
[6715, 174.0, 157.5, 165.50, 165.50, 11114, tse]
[6716, 106.0, 99.0, 106.00, 100.00, 63, otc]
[6719, 331.5, 306.0, 330.50, 310.50, 10749, tse]
[6721, 52.0, 50.5, 51.00, 51.80, 121, otc]
[6727, 71.5, 70.0, 71.20, 71.10, 595, otc]
[6728, 160.0, 149.0, 155.50, 151.00, 198, otc]
[6732, 372.0, 343.0, 370.00, 354.00, 3453, otc]
[6733, 36.5, 32.0, 34.55, 33.55, 12992, otc]
[6735, 64.8, 59.1, 64.10, 61.00, 99, otc]
[6741, 117.5, 109.0, 116.50, 109.00, 3833, otc]
[6743, 57.8, 54.2, 56.30, 55.20, 1510, tse]
[6747, 265.0, 242.0, 256.00, 261.00, 1988, otc]
[6751, 98.0, 89.0, 93.40, 95.00, 1305, otc]
[6752, 141.5, 129.0, 135.00, 134.00, 1186, otc]
[6753, 117.0, 86.4, 86.40, 116.00, 24989, tse]
[6754, 53.8, 50.5, 51.40, 53.50, 691, tse]
[6756, 247.0, 226.5, 247.00, 229.50, 3703, tse]
[6761, 102.0, 97.5, 102.00, 99.40, 216, otc]
[6762, 255.5, 248.5, 252.00, 251.00, 27, otc]
[6763, 482.5, 461.0, 482.50, 466.50, 167, otc]
[6767, 39.5, 36.65, 37.60, 38.75, 1044, otc]
[6768, 70.9, 70.0, 70.90, 70.40, 525, tse]
[6770, 34.25, 32.85, 34.20, 33.10, 70949, tse]
[6776, 54.9, 49.4, 49.50, 51.60, 4053, tse]
[6781, 811.0, 702.0, 810.00, 718.00, 3614, tse]
[6782, 287.0, 261.0, 278.00, 267.50, 2388, tse]
[6788, 153.0, 144.0, 149.50, 147.50, 6514, otc]
[6789, 235.5, 224.0, 234.00, 228.00, 2493, tse]
[6790, 37.75, 37.2, 37.60, 37.40, 1640, tse]
[6791, 85.8, 77.6, 81.80, 78.60, 1195, otc]
[6792, 83.1, 79.2, 81.70, 82.30, 319, tse]
[6796, 109.0, 101.0, 102.00, 102.00, 2003, tse]
[6799, 171.0, 150.0, 158.00, 159.00, 17910, tse]
[6803, 272.0, 268.0, 271.50, 270.50, 201, otc]
[6804, 58.5, 57.2, 58.40, 58.30, 289, otc]
[6806, 92.2, 86.0, 89.50, 88.20, 21678, tse]
[6807, 29.4, 27.35, 28.95, 27.90, 521, tse]
[6811, 245.5, 216.0, 229.50, 222.50, 2960, otc]
[6823, 100.5, 97.3, 100.50, 97.50, 65, otc]
[6829, 94.9, 81.4, 83.90, 90.50, 4733, otc]
[6830, 138.5, 130.0, 131.50, 138.50, 1304, tse]
[6834, 29.6, 28.1, 29.25, 29.50, 348, tse]
[6835, 44.5, 41.8, 43.20, 43.35, 1115, tse]
[6840, 92.9, 85.5, 89.00, 89.50, 1532, otc]
[6841, 127.0, 115.0, 122.00, 120.50, 7182, otc]
[6843, 79.8, 72.8, 75.00, 79.40, 1324, otc]
[6854, 101.0, 98.0, 101.00, 100.00, 116, tse]
[6855, 85.1, 82.1, 83.00, 84.90, 70, otc]
[6859, 167.5, 153.0, 167.50, 165.00, 1153, otc]
[6861, 134.0, 120.0, 120.00, 130.00, 3850, tse]
[6863, 203.5, 172.0, 198.50, 184.50, 5984, tse]
[6865, 102.5, 97.0, 100.00, 100.00, 487, otc]
[6869, 94.8, 88.0, 94.00, 92.40, 530, tse]
[6873, 150.0, 132.5, 149.50, 135.00, 1428, tse]
[6874, 148.0, 133.0, 143.00, 138.00, 1171, otc]
[7402, 82.2, 70.4, 79.10, 75.20, 17104, otc]
[7556, 104.0, 99.2, 99.30, 102.00, 119, otc]
[8011, 14.9, 14.45, 14.70, 14.75, 759, tse]
[8016, 249.5, 231.5, 242.00, 237.50, 10964, tse]
[8021, 30.1, 29.3, 30.10, 29.50, 804, tse]
[8024, 25.3, 23.8, 24.60, 24.85, 2392, otc]
[8027, 54.6, 52.9, 53.40, 53.60, 1489, otc]
[8028, 61.8, 57.1, 59.40, 61.80, 21255, tse]
[8032, 32.2, 31.7, 32.10, 32.10, 85, otc]
[8033, 64.9, 55.2, 61.40, 58.20, 28405, tse]
[8034, 15.0, 14.4, 14.70, 14.70, 697, otc]
[8038, 44.5, 41.55, 41.60, 42.45, 3180, otc]
[8039, 43.15, 42.3, 42.90, 42.60, 380, tse]
[8040, 51.5, 49.95, 50.90, 50.70, 1723, otc]
[8042, 37.4, 36.8, 37.00, 37.20, 113, otc]
[8043, 28.5, 27.8, 28.40, 28.15, 791, otc]
[8044, 64.5, 61.2, 62.80, 62.30, 2352, otc]
[8046, 289.0, 271.0, 287.00, 283.00, 47883, tse]
[8047, 11.9, 11.6, 11.80, 11.75, 345, otc]
[8048, 38.9, 37.3, 38.25, 38.35, 991, otc]
[8049, 40.0, 38.5, 38.70, 39.65, 3385, otc]
[8050, 89.8, 82.3, 84.60, 86.20, 49932, otc]
[8054, 35.85, 33.75, 35.65, 33.95, 1803, otc]
[8059, 12.5, 12.0, 12.50, 12.20, 663, otc]
[8064, 20.55, 19.55, 19.70, 20.25, 6616, otc]
[8066, 28.35, 27.7, 27.85, 28.10, 93, otc]
[8067, 16.4, 14.85, 16.05, 15.75, 66, otc]
[8068, 26.3, 24.1, 24.65, 26.30, 421, otc]
[8069, 186.0, 179.5, 184.00, 184.50, 41798, otc]
[8070, 37.5, 34.45, 35.50, 37.00, 9925, tse]
[8071, 14.9, 14.75, 14.85, 14.85, 1195, otc]
[8072, 28.55, 26.1, 28.00, 27.35, 1360, tse]
[8074, 21.6, 20.7, 20.95, 21.30, 1052, otc]
[8076, 29.15, 28.3, 29.05, 28.75, 1590, otc]
[8077, 43.8, 36.35, 43.80, 36.35, 11, otc]
[8080, 12.4, 10.5, 10.70, 11.80, 299, otc]
[8081, 184.0, 175.5, 182.50, 180.50, 2505, tse]
[8083, 158.0, 151.0, 156.00, 152.00, 285, otc]
[8084, 114.0, 97.3, 113.00, 101.50, 3413, otc]
[8085, 20.25, 19.8, 20.15, 20.10, 218, otc]
[8086, 90.5, 79.3, 81.90, 87.20, 46687, otc]
[8087, 34.9, 30.6, 31.50, 34.25, 478, otc]
[8088, 33.35, 30.0, 31.45, 31.25, 53703, otc]
[8089, 23.3, 22.6, 22.70, 23.10, 300, otc]
[8091, 90.8, 89.0, 90.10, 90.30, 1747, otc]
[8092, 11.6, 11.0, 11.00, 11.45, 203, otc]
[8093, 13.7, 12.35, 12.60, 13.10, 615, otc]
[8096, 11.6, 11.35, 11.55, 11.45, 887, otc]
[8097, 49.9, 47.45, 49.00, 47.45, 3738, otc]
[8099, 40.8, 39.25, 40.70, 39.85, 439, otc]
[8101, 5.89, 5.71, 5.73, 5.88, 164, tse]
[8103, 36.7, 35.45, 36.45, 36.25, 1716, tse]
[8104, 42.45, 40.05, 41.45, 41.10, 1587, tse]
[8105, 14.55, 13.95, 14.45, 14.20, 10045, tse]
[8107, 18.05, 17.0, 18.00, 17.00, 602, otc]
[8109, 91.5, 89.5, 91.00, 91.30, 749, otc]
[8110, 14.05, 12.65, 13.30, 13.75, 16155, tse]
[8111, 22.85, 21.35, 22.80, 21.95, 3188, otc]
[8112, 44.55, 43.6, 43.80, 44.55, 11837, tse]
[8114, 115.0, 110.5, 112.50, 112.00, 2087, tse]
[8121, 28.95, 26.9, 28.00, 27.05, 14504, otc]
[8131, 45.3, 44.0, 44.60, 44.50, 1915, tse]
[8147, 75.8, 65.1, 66.10, 69.90, 4842, otc]
[8150, 38.9, 36.65, 37.05, 38.35, 11636, tse]
[8155, 136.0, 124.5, 132.00, 132.00, 12022, otc]
[8163, 44.4, 43.55, 44.10, 44.10, 2566, tse]
[8171, 66.5, 63.3, 65.20, 63.70, 14888, otc]
[8176, 12.95, 11.7, 12.15, 11.95, 2064, otc]
[8182, 32.8, 31.6, 32.80, 31.90, 533, otc]
[8183, 55.2, 53.2, 55.20, 53.90, 1763, otc]
[8201, 14.5, 12.35, 14.15, 12.55, 2189, tse]
[8210, 85.0, 80.1, 81.80, 83.60, 5051, tse]
[8213, 41.5, 40.7, 40.70, 41.40, 2706, tse]
[8215, 37.85, 36.1, 37.30, 36.25, 5907, tse]
[8222, 43.25, 37.9, 39.60, 38.65, 93682, tse]
[8227, 227.0, 188.0, 223.00, 215.00, 10191, otc]
[8234, 46.2, 44.1, 45.55, 45.20, 9393, otc]
[8240, 29.0, 28.75, 29.00, 29.00, 126, otc]
[8249, 32.05, 29.6, 30.90, 29.95, 6525, tse]
[8255, 200.0, 176.0, 177.00, 195.00, 40153, otc]
[8261, 107.5, 102.0, 107.00, 104.00, 4822, tse]
[8271, 53.8, 49.8, 51.50, 51.60, 7439, tse]
[8277, 11.5, 9.91, 10.40, 11.00, 8319, otc]
[8279, 167.0, 162.0, 166.00, 164.00, 171, otc]
[8284, 64.7, 62.2, 63.20, 64.70, 300, otc]
[8289, 52.3, 44.7, 50.60, 47.55, 26603, otc]
[8291, 6.0, 5.71, 6.00, 5.81, 9, otc]
[8299, 403.5, 361.5, 386.00, 392.00, 16109, otc]
[8341, 167.5, 163.0, 166.00, 165.00, 732, tse]
[8342, 57.0, 56.3, 56.40, 56.70, 63, otc]
[8349, 66.5, 63.7, 64.80, 65.10, 1426, otc]
[8354, 14.3, 14.2, 14.30, 14.25, 137, otc]
[8358, 61.4, 58.7, 61.10, 60.10, 13662, otc]
[8367, 49.2, 47.75, 47.75, 48.30, 160, tse]
[8374, 31.75, 31.0, 31.75, 31.20, 288, tse]
[8383, 44.65, 42.05, 43.60, 43.50, 4926, otc]
[8390, 39.45, 38.05, 39.25, 39.20, 2283, otc]
[8401, 24.65, 21.85, 24.10, 21.95, 4934, otc]
[8403, 33.7, 32.85, 33.65, 33.50, 2584, otc]
[8404, 27.55, 27.0, 27.00, 27.20, 266, tse]
[8409, 23.15, 20.7, 20.95, 23.10, 1813, otc]
[8410, 30.25, 29.2, 30.00, 29.90, 45, otc]
[8411, 15.1, 14.7, 14.70, 14.90, 715, tse]
[8415, 37.1, 35.9, 37.00, 36.05, 2504, otc]
[8416, 128.0, 124.5, 128.00, 125.50, 55, otc]
[8418, 9.93, 9.81, 9.89, 9.83, 19, otc]
[8420, 95.5, 87.6, 94.00, 88.60, 2779, otc]
[8421, 18.2, 17.05, 17.40, 17.25, 1434, otc]
[8422, 189.0, 186.0, 187.50, 188.00, 803, tse]
[8423, 20.1, 19.2, 19.20, 19.75, 36, otc]
[8424, 69.7, 68.9, 69.30, 69.10, 24, otc]
[8426, 40.0, 38.5, 39.00, 39.00, 233, otc]
[8429, 10.5, 10.2, 10.40, 10.45, 734, tse]
[8431, 68.3, 63.8, 65.00, 64.90, 2695, otc]
[8432, 47.0, 46.1, 46.75, 46.55, 155, otc]
[8433, 73.0, 69.4, 71.40, 70.50, 470, otc]
[8435, 63.8, 62.5, 62.80, 63.60, 212, otc]
[8436, 207.5, 196.5, 202.00, 202.00, 7102, otc]
[8437, 119.0, 115.0, 119.00, 116.50, 37, otc]
[8438, 25.05, 24.7, 24.80, 24.90, 97, tse]
[8440, 48.2, 45.55, 46.65, 46.70, 4337, otc]
[8442, 89.3, 84.1, 87.00, 84.70, 1048, tse]
[8443, 11.45, 11.3, 11.45, 11.45, 222, tse]
[8444, 51.5, 50.0, 50.30, 50.70, 50, otc]
[8446, 89.0, 87.2, 88.20, 88.90, 237, otc]
[8450, 25.85, 25.1, 25.60, 25.30, 248, otc]
[8454, 948.0, 879.0, 891.00, 903.00, 4535, tse]
[8455, 22.0, 21.5, 22.00, 21.50, 3, otc]
[8462, 150.0, 137.0, 143.50, 148.00, 821, tse]
[8463, 23.35, 23.0, 23.05, 23.35, 106, tse]
[8464, 333.5, 322.0, 333.50, 327.00, 1982, tse]
[8466, 41.65, 40.8, 40.90, 41.65, 103, tse]
[8467, 61.4, 59.2, 59.40, 59.60, 200, tse]
[8472, 46.0, 42.7, 44.85, 46.00, 18, otc]
[8473, 30.9, 29.6, 30.90, 29.80, 377, tse]
[8476, 68.6, 64.4, 67.50, 65.10, 876, otc]
[8477, 18.45, 17.7, 17.70, 18.05, 222, otc]
[8478, 569.0, 484.0, 484.00, 515.00, 13041, tse]
[8481, 58.6, 57.1, 58.60, 57.50, 111, tse]
[8482, 77.9, 74.3, 74.40, 77.50, 331, tse]
[8488, 15.6, 15.25, 15.55, 15.45, 39, tse]
[8489, 25.8, 24.55, 25.45, 24.55, 165, otc]
[8499, 106.0, 100.5, 104.00, 102.50, 671, tse]
[8905, 25.35, 23.9, 24.20, 25.25, 1094, otc]
[8906, 18.45, 17.9, 18.40, 18.20, 17, otc]
[8908, 72.4, 70.3, 72.00, 72.00, 281, otc]
[8916, 56.0, 54.5, 55.10, 54.70, 2182, otc]
[8917, 81.0, 71.5, 80.30, 74.20, 293, otc]
[8921, 15.1, 15.05, 15.10, 15.10, 11, otc]
[8923, 22.75, 20.85, 20.85, 22.35, 195, otc]
[8924, 135.5, 133.0, 135.00, 135.00, 1742, otc]
[8926, 44.7, 42.4, 43.70, 42.55, 21026, tse]
[8927, 43.2, 41.0, 42.55, 41.00, 3047, otc]
[8928, 39.95, 38.85, 39.95, 39.35, 430, otc]
[8929, 21.65, 21.15, 21.15, 21.40, 32, otc]
[8930, 18.35, 17.1, 18.20, 17.15, 2304, otc]
[8931, 82.5, 69.9, 70.10, 77.90, 8144, otc]
[8932, 47.0, 43.05, 44.00, 46.90, 984, otc]
[8933, 13.4, 12.8, 13.40, 12.80, 4207, otc]
[8935, 12.4, 12.0, 12.20, 12.40, 444, otc]
[8936, 28.8, 27.15, 28.05, 28.20, 18329, otc]
[8937, 15.5, 14.9, 15.50, 15.10, 378, otc]
[8938, 111.0, 98.0, 110.50, 99.40, 10106, otc]
[8940, 24.8, 23.25, 23.70, 24.05, 1890, tse]
[8941, 59.0, 57.3, 58.00, 58.20, 163, otc]
[8942, 66.8, 66.0, 66.50, 66.50, 395, otc]
[8996, 234.0, 214.5, 214.50, 234.00, 12392, tse]
[9103, 7.09, 6.77, 7.09, 6.80, 1961, tse]
[9105, 3.95, 3.87, 3.95, 3.89, 5802, tse]
[9110, 3.45, 3.3, 3.40, 3.42, 264, tse]
[9136, 6.45, 6.34, 6.45, 6.36, 744, tse]
[9802, 133.5, 130.0, 131.50, 133.50, 2960, tse]
[9902, 12.65, 12.4, 12.50, 12.50, 746, tse]
[9904, 31.6, 30.8, 30.80, 31.20, 25037, tse]
[9905, 25.35, 24.95, 25.30, 25.30, 195, tse]
[9906, 55.3, 50.9, 54.10, 52.20, 286, tse]
[9907, 19.45, 19.0, 19.10, 19.30, 16739, tse]
[9908, 31.7, 31.45, 31.50, 31.60, 233, tse]
[9910, 195.0, 189.5, 191.00, 193.00, 2889, tse]
[9911, 64.0, 63.4, 63.80, 63.80, 445, tse]
[9912, 10.35, 9.7, 10.10, 10.05, 277, tse]
[9914, 171.0, 165.0, 167.00, 168.50, 2734, tse]
[9917, 106.5, 102.5, 103.00, 105.50, 2270, tse]
[9918, 41.75, 41.1, 41.10, 41.50, 31, tse]
[9919, 17.95, 17.2, 17.20, 17.55, 14094, tse]
[9921, 179.5, 170.0, 176.00, 176.00, 13946, tse]
[9924, 44.0, 43.7, 43.90, 43.95, 449, tse]
[9925, 40.75, 40.6, 40.65, 40.75, 489, tse]
[9926, 51.9, 51.0, 51.80, 51.80, 81, tse]
[9927, 43.0, 42.4, 42.60, 42.90, 1144, tse]
[9928, 19.0, 18.4, 18.45, 18.60, 442, tse]
[9929, 9.22, 9.03, 9.03, 9.15, 134, tse]
[9930, 48.85, 48.35, 48.50, 48.45, 287, tse]
[9931, 39.9, 39.3, 39.30, 39.60, 37, tse]
[9933, 42.75, 41.9, 42.55, 41.90, 8477, tse]
[9934, 13.4, 12.8, 12.85, 13.35, 6585, tse]
[9935, 18.9, 18.4, 18.40, 18.80, 961, tse]
[9937, 63.2, 61.5, 62.30, 61.80, 218, tse]
[9938, 60.3, 58.5, 59.80, 59.00, 2349, tse]
[9939, 98.4, 95.5, 97.00, 97.20, 5794, tse]
[9940, 28.9, 28.65, 28.70, 28.80, 522, tse]
[9941, 181.0, 175.5, 176.50, 179.50, 4555, tse]
[9942, 122.0, 113.0, 117.00, 121.00, 2198, tse]
[9943, 68.7, 67.6, 67.90, 68.40, 404, tse]
[9944, 20.45, 20.25, 20.40, 20.40, 403, tse]
[9945, 35.9, 34.75, 35.70, 35.35, 38165, tse]
[9946, 12.05, 11.85, 11.90, 12.00, 474, tse]
[9949, 24.0, 21.85, 22.00, 23.20, 356, otc]
[9950, 12.4, 12.0, 12.40, 12.40, 40, otc]
[9951, 71.9, 69.4, 71.90, 70.60, 274, otc]
[9955, 26.2, 24.75, 26.15, 25.60, 7511, tse]
[9958, 99.8, 91.4, 99.70, 94.60, 12941, tse]
[9960, 31.0, 29.6, 29.95, 30.95, 354, otc]
[9962, 21.7, 21.05, 21.30, 21.45, 4511, otc]
