[1101, 39.8, 37.6, 39.55, 37.80, 129999, tse]
[1102, 44.5, 43.5, 44.40, 43.95, 17603, tse]
[1103, 20.5, 19.7, 20.40, 19.80, 2432, tse]
[1104, 30.25, 28.9, 30.00, 29.85, 15593, tse]
[1108, 17.05, 15.15, 16.80, 15.50, 13849, tse]
[1109, 17.95, 17.25, 17.95, 17.70, 1158, tse]
[1110, 19.0, 18.5, 18.60, 18.80, 1822, tse]
[1201, 20.2, 19.95, 20.20, 20.10, 1297, tse]
[1203, 38.4, 37.6, 38.00, 37.80, 539, tse]
[1210, 54.2, 51.7, 53.90, 52.50, 18707, tse]
[1213, 7.55, 6.77, 7.25, 7.00, 24, tse]
[1215, 100.5, 91.2, 100.00, 92.40, 13202, tse]
[1216, 75.0, 73.6, 74.10, 74.60, 21779, tse]
[1217, 11.3, 10.95, 11.30, 11.10, 3913, tse]
[1218, 32.8, 29.35, 32.70, 30.60, 56870, tse]
[1219, 22.05, 20.5, 21.55, 20.85, 8224, tse]
[1220, 16.05, 14.7, 16.05, 15.00, 2306, tse]
[1225, 60.7, 59.3, 59.30, 60.10, 269, tse]
[1227, 41.05, 40.35, 41.00, 40.45, 4944, tse]
[1229, 62.3, 60.0, 62.00, 61.10, 5178, tse]
[1231, 95.7, 89.7, 95.20, 90.80, 1564, tse]
[1232, 153.0, 149.5, 152.50, 150.50, 245, tse]
[1233, 34.2, 33.8, 34.20, 34.00, 92, tse]
[1234, 37.45, 36.55, 36.85, 36.75, 1604, tse]
[1235, 71.5, 69.5, 70.90, 69.60, 13, tse]
[1236, 24.1, 22.1, 23.65, 23.55, 1536, tse]
[1240, 46.4, 44.8, 46.40, 45.10, 141, otc]
[1256, 338.0, 310.0, 333.00, 310.50, 185, tse]
[1258, 26.85, 26.8, 26.80, 26.85, 295, otc]
[1259, 75.6, 73.0, 73.50, 75.10, 102, otc]
[1264, 286.0, 277.0, 285.00, 281.50, 141, otc]
[1268, 161.5, 146.5, 150.00, 161.00, 2703, otc]
[1301, 94.1, 91.8, 94.10, 92.50, 24417, tse]
[1303, 78.5, 76.7, 77.70, 77.30, 18135, tse]
[1304, 24.6, 23.2, 24.55, 23.45, 4802, tse]
[1305, 24.2, 23.05, 24.15, 23.50, 6269, tse]
[1307, 24.3, 21.45, 23.90, 21.95, 7430, tse]
[1308, 26.7, 25.7, 26.70, 25.95, 5786, tse]
[1309, 20.25, 19.3, 20.25, 19.60, 2010, tse]
[1310, 17.15, 15.35, 17.05, 16.15, 16283, tse]
[1312, 19.9, 18.55, 19.75, 18.90, 11469, tse]
[1313, 14.75, 13.95, 14.75, 14.05, 3619, tse]
[1314, 10.05, 9.62, 10.05, 9.71, 51251, tse]
[1315, 70.2, 69.6, 69.90, 70.20, 48, tse]
[1316, 13.95, 13.1, 13.85, 13.30, 9119, tse]
[1319, 51.2, 46.7, 51.10, 47.50, 19381, tse]
[1321, 34.0, 33.45, 34.00, 33.55, 751, tse]
[1323, 33.2, 32.7, 33.10, 32.95, 347, tse]
[1324, 11.8, 11.0, 11.75, 11.20, 385, tse]
[1325, 24.35, 23.55, 24.25, 23.55, 504, tse]
[1326, 69.4, 67.2, 69.20, 67.40, 11878, tse]
[1336, 27.85, 24.8, 27.10, 24.95, 1690, otc]
[1337, 8.3, 7.29, 7.37, 7.73, 19925, tse]
[1338, 45.5, 43.0, 45.50, 43.10, 618, tse]
[1339, 44.45, 43.2, 43.75, 43.80, 472, tse]
[1340, 13.75, 12.4, 12.70, 12.95, 5727, tse]
[1341, 70.5, 69.1, 69.70, 69.80, 42, tse]
[1342, 141.5, 126.5, 140.50, 129.50, 4860, tse]
[1402, 32.7, 31.6, 32.40, 32.10, 21447, tse]
[1409, 17.6, 16.65, 17.60, 16.90, 12172, tse]
[1410, 38.95, 37.85, 38.35, 38.00, 128, tse]
[1413, 9.41, 9.07, 9.29, 9.24, 220, tse]
[1414, 17.0, 16.45, 17.00, 16.60, 387, tse]
[1416, 11.9, 11.45, 11.90, 11.60, 1642, tse]
[1417, 14.2, 13.1, 14.20, 13.10, 4040, tse]
[1418, 15.35, 14.8, 15.35, 15.00, 121, tse]
[1419, 40.85, 40.4, 40.65, 40.60, 181, tse]
[1423, 23.95, 22.0, 23.50, 23.05, 4738, tse]
[1432, 16.45, 15.0, 15.05, 15.95, 2974, tse]
[1434, 28.0, 27.4, 28.00, 27.55, 7168, tse]
[1436, 57.9, 56.8, 57.10, 57.10, 201, tse]
[1437, 29.2, 27.8, 28.40, 28.05, 1527, tse]
[1438, 31.95, 29.8, 31.95, 30.60, 939, tse]
[1439, 23.95, 21.7, 22.00, 22.20, 397, tse]
[1440, 16.95, 15.95, 16.95, 16.00, 5966, tse]
[1441, 8.35, 8.13, 8.24, 8.19, 336, tse]
[1442, 32.5, 31.05, 32.50, 31.60, 3203, tse]
[1443, 28.95, 28.5, 28.65, 28.75, 103, tse]
[1444, 10.85, 10.35, 10.80, 10.45, 6418, tse]
[1445, 20.35, 19.3, 20.15, 19.55, 972, tse]
[1446, 30.6, 29.9, 30.40, 30.20, 377, tse]
[1447, 8.24, 7.73, 8.24, 7.78, 7059, tse]
[1449, 15.7, 14.7, 15.05, 14.75, 647, tse]
[1451, 22.4, 20.7, 22.20, 20.85, 7080, tse]
[1452, 17.8, 17.4, 17.55, 17.45, 460, tse]
[1453, 15.1, 14.55, 15.10, 14.95, 850, tse]
[1454, 16.1, 13.6, 13.60, 15.60, 2425, tse]
[1455, 10.4, 10.1, 10.40, 10.10, 1939, tse]
[1456, 17.05, 16.15, 16.60, 16.50, 672, tse]
[1457, 18.7, 18.35, 18.70, 18.45, 964, tse]
[1459, 9.15, 8.91, 9.14, 9.04, 504, tse]
[1460, 8.18, 7.67, 8.18, 7.83, 6351, tse]
[1463, 14.4, 14.2, 14.40, 14.25, 224, tse]
[1464, 15.3, 14.8, 15.25, 14.85, 2061, tse]
[1465, 14.6, 14.15, 14.45, 14.45, 403, tse]
[1466, 11.7, 11.4, 11.70, 11.45, 208, tse]
[1467, 12.0, 11.45, 11.90, 11.45, 2931, tse]
[1468, 15.15, 13.9, 14.45, 14.55, 166, tse]
[1470, 20.85, 19.0, 20.50, 19.45, 361, tse]
[1471, 9.68, 8.9, 9.52, 9.20, 6708, tse]
[1472, 29.45, 26.75, 27.15, 28.50, 261, tse]
[1473, 24.5, 22.8, 23.45, 23.55, 1854, tse]
[1474, 12.8, 12.15, 12.80, 12.30, 536, tse]
[1475, 58.9, 53.0, 53.30, 56.40, 1036, tse]
[1476, 498.5, 469.5, 498.50, 482.00, 1756, tse]
[1477, 231.5, 224.0, 228.50, 229.50, 4624, tse]
[1503, 123.0, 110.0, 116.00, 117.00, 104464, tse]
[1504, 49.55, 44.5, 46.10, 45.50, 175443, tse]
[1506, 20.55, 19.4, 20.55, 19.60, 1690, tse]
[1512, 13.75, 13.0, 13.60, 13.50, 265, tse]
[1513, 112.0, 101.0, 109.00, 104.50, 130531, tse]
[1514, 52.2, 46.6, 49.95, 48.35, 84709, tse]
[1515, 30.7, 28.9, 30.30, 29.05, 1738, tse]
[1516, 21.7, 20.25, 21.05, 20.65, 1682, tse]
[1517, 19.3, 18.2, 19.30, 18.35, 1923, tse]
[1519, 113.5, 94.7, 100.50, 101.50, 161874, tse]
[1521, 38.15, 37.3, 37.70, 37.60, 105, tse]
[1522, 30.15, 27.85, 29.95, 28.45, 9614, tse]
[1524, 23.8, 21.8, 23.75, 22.15, 9060, tse]
[1525, 81.4, 71.0, 73.00, 78.70, 4445, tse]
[1526, 40.25, 39.35, 40.15, 39.90, 684, tse]
[1527, 42.15, 41.15, 42.00, 41.35, 953, tse]
[1528, 12.5, 11.2, 12.50, 11.50, 8563, tse]
[1529, 42.2, 34.5, 41.35, 37.10, 60276, tse]
[1530, 34.05, 32.75, 33.70, 33.00, 190, tse]
[1531, 14.55, 14.05, 14.50, 14.30, 413, tse]
[1532, 34.2, 33.25, 34.20, 33.50, 1949, tse]
[1533, 57.4, 52.4, 56.50, 53.80, 2751, tse]
[1535, 54.5, 51.7, 54.00, 52.30, 624, tse]
[1536, 72.0, 69.0, 71.00, 69.70, 2514, tse]
[1537, 142.0, 139.0, 141.50, 139.50, 614, tse]
[1538, 9.69, 8.75, 9.64, 9.13, 35, tse]
[1539, 29.15, 27.15, 28.85, 27.65, 1497, tse]
[1540, 16.75, 16.4, 16.70, 16.65, 634, tse]
[1541, 36.25, 33.45, 34.05, 33.80, 203, tse]
[1558, 113.0, 108.0, 113.00, 109.00, 797, tse]
[1560, 112.0, 108.5, 111.00, 110.00, 3563, tse]
[1565, 246.0, 234.0, 245.50, 239.00, 677, otc]
[1568, 23.9, 23.0, 23.45, 23.35, 791, tse]
[1569, 24.05, 21.8, 24.00, 22.50, 1694, otc]
[1570, 18.85, 18.0, 18.65, 18.40, 616, otc]
[1580, 122.5, 106.5, 106.50, 119.50, 5479, otc]
[1582, 60.1, 58.5, 60.10, 58.90, 654, tse]
[1583, 66.5, 65.6, 66.50, 65.60, 29, tse]
[1584, 41.0, 35.35, 40.90, 36.20, 42855, otc]
[1586, 35.1, 33.5, 35.00, 34.40, 1249, otc]
[1587, 23.0, 22.45, 23.00, 22.50, 268, tse]
[1589, 85.4, 76.8, 83.90, 76.90, 15580, tse]
[1590, 1085.0, 974.0, 1,080.00, 1,010.00, 3521, tse]
[1591, 28.95, 26.6, 28.00, 27.75, 2072, otc]
[1593, 80.5, 74.7, 79.10, 74.70, 221, otc]
[1595, 39.3, 38.4, 38.90, 38.85, 94, otc]
[1597, 77.6, 72.4, 77.60, 73.70, 336, tse]
[1598, 42.45, 39.5, 41.65, 40.35, 2229, tse]
[1599, 38.1, 37.05, 38.10, 37.50, 245, otc]
[1603, 27.05, 26.2, 27.05, 26.45, 1317, tse]
[1604, 26.75, 26.2, 26.70, 26.25, 1144, tse]
[1605, 49.7, 45.25, 49.30, 45.90, 176560, tse]
[1608, 17.5, 16.0, 16.85, 17.30, 16482, tse]
[1609, 32.3, 28.4, 31.60, 29.55, 283053, tse]
[1611, 18.8, 16.9, 18.10, 17.40, 22591, tse]
[1612, 23.0, 20.5, 22.00, 21.40, 17393, tse]
[1614, 37.0, 36.1, 36.55, 36.50, 112, tse]
[1615, 37.4, 35.95, 37.35, 36.80, 612, tse]
[1616, 10.4, 9.11, 9.70, 9.25, 4563, tse]
[1617, 15.2, 15.0, 15.20, 15.15, 90, tse]
[1618, 19.55, 18.45, 19.10, 19.30, 9833, tse]
[1626, 19.7, 18.2, 18.40, 19.00, 859, tse]
[1701, 27.75, 25.3, 27.60, 25.65, 14517, tse]
[1702, 51.5, 50.1, 50.70, 51.00, 3746, tse]
[1707, 187.5, 174.0, 186.00, 175.00, 2045, tse]
[1708, 41.1, 36.15, 41.10, 36.40, 17448, tse]
[1709, 27.0, 25.9, 27.00, 26.55, 9489, tse]
[1710, 21.75, 20.5, 21.65, 20.85, 14796, tse]
[1711, 21.75, 19.85, 21.60, 20.15, 20093, tse]
[1712, 37.3, 34.9, 37.00, 35.10, 6467, tse]
[1713, 30.4, 29.35, 29.50, 29.45, 567, tse]
[1714, 9.46, 8.95, 9.45, 9.08, 9249, tse]
[1717, 32.85, 31.75, 32.30, 32.00, 6017, tse]
[1718, 8.45, 8.02, 8.38, 8.05, 12215, tse]
[1720, 76.3, 66.8, 75.50, 67.80, 18661, tse]
[1721, 17.0, 15.05, 17.00, 15.35, 15577, tse]
[1722, 61.4, 59.4, 60.00, 59.60, 12316, tse]
[1723, 115.0, 112.5, 114.50, 112.50, 857, tse]
[1725, 23.95, 21.3, 23.95, 22.30, 517, tse]
[1726, 74.9, 74.3, 74.40, 74.40, 21, tse]
[1727, 42.6, 35.5, 42.30, 37.30, 10898, tse]
[1730, 59.0, 58.2, 58.50, 58.60, 86, tse]
[1731, 23.2, 21.7, 22.80, 22.75, 6624, tse]
[1732, 27.9, 26.7, 27.90, 26.70, 674, tse]
[1733, 28.5, 26.8, 28.50, 26.95, 1760, tse]
[1734, 34.05, 31.7, 33.80, 32.25, 9547, tse]
[1735, 16.85, 15.65, 16.85, 15.75, 406, tse]
[1736, 66.6, 56.7, 66.60, 56.70, 5013, tse]
[1737, 34.65, 33.35, 33.95, 33.50, 1354, tse]
[1742, 17.8, 14.6, 14.70, 17.60, 8953, otc]
[1752, 78.7, 66.6, 78.40, 69.00, 18034, tse]
[1760, 168.0, 141.0, 167.00, 143.00, 17574, tse]
[1762, 102.5, 90.2, 100.50, 93.80, 31055, tse]
[1773, 129.0, 121.0, 129.00, 122.00, 844, tse]
[1776, 22.7, 18.15, 22.70, 18.50, 4591, tse]
[1777, 94.8, 84.8, 94.60, 87.00, 1605, otc]
[1781, 15.2, 13.55, 15.00, 14.40, 234, otc]
[1783, 73.2, 62.2, 72.80, 62.90, 14898, tse]
[1784, 74.5, 64.3, 70.00, 65.00, 21230, otc]
[1785, 37.2, 35.35, 37.15, 35.55, 4890, otc]
[1786, 76.7, 69.0, 74.40, 71.80, 5480, tse]
[1788, 146.0, 144.0, 145.00, 144.00, 120, otc]
[1789, 28.35, 26.05, 28.30, 26.20, 6598, tse]
[1795, 296.0, 273.0, 283.50, 289.00, 67590, tse]
[1796, 152.0, 137.5, 145.00, 146.50, 6776, otc]
[1799, 22.1, 19.6, 20.10, 20.00, 438, otc]
[1802, 19.4, 18.25, 19.30, 18.75, 22814, tse]
[1805, 10.55, 9.96, 10.15, 10.25, 115, tse]
[1806, 9.11, 8.86, 9.11, 9.03, 1357, tse]
[1808, 75.6, 72.4, 74.00, 73.50, 1340, tse]
[1809, 15.5, 14.15, 15.45, 14.35, 6452, tse]
[1810, 27.7, 23.25, 27.20, 23.75, 39849, tse]
[1813, 22.65, 22.25, 22.50, 22.55, 157, otc]
[1815, 12.15, 11.6, 12.15, 11.75, 2216, otc]
[1817, 39.2, 38.15, 39.20, 38.65, 717, tse]
[1903, 44.5, 42.8, 44.25, 42.90, 1405, tse]
[1904, 34.7, 31.45, 33.80, 32.05, 32066, tse]
[1905, 27.3, 23.15, 25.20, 24.05, 163553, tse]
[1906, 16.45, 15.7, 16.30, 15.80, 1756, tse]
[1907, 33.25, 30.5, 31.55, 30.90, 36858, tse]
[1909, 17.6, 16.6, 17.30, 16.80, 12667, tse]
[2002, 29.4, 28.95, 29.15, 29.00, 68684, tse]
[2006, 57.7, 56.3, 57.00, 57.20, 3486, tse]
[2007, 10.8, 10.05, 10.70, 10.25, 2011, tse]
[2008, 19.65, 19.3, 19.55, 19.50, 234, tse]
[2009, 33.8, 31.15, 33.60, 31.70, 5548, tse]
[2010, 16.35, 15.85, 16.25, 16.10, 1860, tse]
[2012, 27.7, 26.15, 27.50, 26.35, 453, tse]
[2013, 57.9, 56.1, 57.90, 56.50, 324, tse]
[2014, 24.8, 22.6, 24.80, 23.00, 27012, tse]
[2015, 67.7, 66.3, 67.20, 66.60, 1081, tse]
[2017, 17.75, 16.8, 17.60, 17.20, 3849, tse]
[2020, 23.45, 23.0, 23.10, 23.20, 385, tse]
[2022, 11.15, 10.0, 10.30, 11.05, 28049, tse]
[2023, 15.35, 14.95, 15.30, 15.20, 12308, tse]
[2024, 18.7, 17.5, 18.70, 17.80, 89, tse]
[2025, 5.27, 5.0, 5.21, 5.20, 1072, tse]
[2027, 45.7, 43.7, 45.05, 43.90, 34761, tse]
[2028, 26.1, 24.45, 25.90, 25.15, 886, tse]
[2029, 25.55, 24.7, 25.55, 25.00, 912, tse]
[2030, 22.7, 22.05, 22.20, 22.50, 3404, tse]
[2031, 47.35, 44.6, 47.35, 45.10, 12255, tse]
[2032, 18.8, 17.9, 18.60, 18.15, 441, tse]
[2033, 15.4, 14.8, 15.30, 14.90, 528, tse]
[2034, 29.35, 28.55, 29.25, 28.85, 3111, tse]
[2035, 31.45, 30.7, 31.40, 31.15, 93, otc]
[2038, 20.5, 19.5, 20.30, 19.70, 1606, tse]
[2049, 239.0, 226.5, 232.50, 228.00, 6940, tse]
[2059, 420.0, 395.0, 403.50, 403.50, 2405, tse]
[2061, 22.25, 19.5, 20.50, 21.10, 741, otc]
[2062, 22.3, 21.3, 22.20, 21.30, 1102, tse]
[2063, 45.5, 43.7, 44.10, 44.60, 658, otc]
[2064, 17.8, 17.4, 17.75, 17.45, 37, otc]
[2065, 58.9, 57.6, 58.90, 58.60, 588, otc]
[2066, 97.3, 85.4, 97.20, 90.30, 2006, otc]
[2067, 12.8, 11.7, 12.55, 12.20, 134, otc]
[2069, 19.85, 19.15, 19.85, 19.30, 787, tse]
[2070, 33.25, 31.4, 33.25, 31.70, 181, otc]
[2101, 39.4, 38.45, 39.40, 38.70, 1721, tse]
[2102, 21.0, 20.15, 20.95, 20.50, 1725, tse]
[2103, 27.2, 26.05, 27.15, 26.30, 7630, tse]
[2104, 20.75, 19.65, 20.45, 19.75, 19824, tse]
[2105, 38.85, 38.15, 38.65, 38.50, 15386, tse]
[2106, 31.85, 30.05, 31.75, 30.25, 4278, tse]
[2107, 22.0, 21.5, 21.95, 21.65, 1020, tse]
[2108, 39.75, 38.2, 39.35, 38.55, 1606, tse]
[2109, 14.8, 14.35, 14.45, 14.65, 1355, tse]
[2114, 101.5, 99.4, 100.00, 99.90, 150, tse]
[2115, 33.2, 30.5, 30.85, 32.70, 494, tse]
[2201, 79.4, 75.4, 78.00, 78.30, 47211, tse]
[2204, 81.6, 76.6, 77.20, 77.50, 23831, tse]
[2206, 60.6, 57.0, 59.40, 59.50, 100343, tse]
[2207, 720.0, 661.0, 668.00, 700.00, 1097, tse]
[2208, 24.95, 23.1, 24.85, 23.45, 32088, tse]
[2211, 61.8, 59.7, 61.20, 60.70, 4570, tse]
[2221, 42.3, 39.8, 42.20, 40.20, 657, otc]
[2227, 195.0, 190.5, 193.00, 191.00, 119, tse]
[2228, 83.8, 80.7, 82.10, 81.50, 776, tse]
[2230, 83.5, 77.0, 83.00, 80.30, 4108, otc]
[2231, 176.5, 161.5, 175.50, 165.00, 3272, tse]
[2233, 114.5, 107.5, 113.50, 109.50, 1558, tse]
[2235, 45.4, 43.75, 45.35, 44.35, 96, otc]
[2236, 40.65, 36.0, 39.85, 37.00, 1805, tse]
[2239, 74.2, 70.7, 73.20, 72.40, 345, tse]
[2241, 34.45, 33.9, 34.25, 34.00, 111, tse]
[2243, 19.95, 18.25, 19.90, 18.25, 1217, tse]
[2247, 293.5, 280.0, 290.00, 290.00, 1791, tse]
[2250, 72.9, 70.8, 72.60, 71.00, 112, tse]
[2301, 77.3, 75.1, 76.20, 76.10, 24923, tse]
[2302, 20.1, 19.05, 20.10, 19.55, 3598, tse]
[2303, 50.6, 48.5, 50.10, 48.70, 141065, tse]
[2305, 22.35, 20.65, 22.20, 21.10, 1254, tse]
[2308, 307.0, 293.0, 304.00, 297.50, 19274, tse]
[2312, 13.2, 12.65, 13.20, 12.80, 17469, tse]
[2313, 44.0, 41.65, 43.45, 42.05, 34233, tse]
[2314, 49.95, 46.1, 48.60, 48.60, 8379, tse]
[2316, 28.55, 27.9, 28.50, 28.35, 788, tse]
[2317, 107.0, 102.0, 105.50, 102.50, 162941, tse]
[2321, 20.0, 18.35, 20.00, 19.50, 45, tse]
[2323, 8.03, 7.7, 8.02, 7.74, 9221, tse]
[2324, 25.95, 24.2, 24.30, 25.85, 122939, tse]
[2327, 512.0, 486.0, 512.00, 496.00, 9200, tse]
[2328, 37.85, 36.4, 37.80, 36.75, 7040, tse]
[2329, 19.9, 18.55, 19.75, 18.80, 7078, tse]
[2330, 510.0, 495.0, 509.00, 496.00, 84405, tse]
[2331, 26.3, 24.25, 26.15, 25.60, 31523, tse]
[2332, 18.6, 17.4, 18.05, 18.55, 13115, tse]
[2337, 33.4, 31.85, 32.70, 31.90, 37010, tse]
[2338, 82.0, 75.5, 81.60, 76.90, 11258, tse]
[2340, 35.9, 33.7, 35.90, 34.30, 5233, tse]
[2342, 41.1, 38.4, 41.10, 39.25, 4822, tse]
[2344, 24.95, 23.6, 24.90, 23.90, 77754, tse]
[2345, 297.0, 279.5, 290.50, 288.00, 11174, tse]
[2347, 62.9, 61.8, 62.70, 62.80, 11624, tse]
[2348, 67.6, 65.5, 67.50, 65.80, 384, tse]
[2349, 9.01, 8.7, 9.00, 8.77, 3756, tse]
[2351, 123.5, 115.0, 123.50, 117.50, 3875, tse]
[2352, 36.5, 33.9, 33.90, 35.90, 75634, tse]
[2353, 30.35, 28.45, 28.50, 30.20, 91436, tse]
[2354, 54.0, 51.7, 53.40, 52.20, 8499, tse]
[2355, 32.1, 29.75, 31.80, 30.20, 4088, tse]
[2356, 33.3, 31.5, 32.50, 32.75, 53252, tse]
[2357, 293.0, 280.5, 289.00, 281.50, 7668, tse]
[2358, 13.1, 11.95, 12.80, 12.40, 8332, tse]
[2359, 36.0, 30.0, 35.25, 30.90, 34497, tse]
[2360, 193.0, 183.5, 191.50, 188.50, 5548, tse]
[2362, 32.3, 30.45, 30.50, 31.80, 5394, tse]
[2363, 17.5, 16.9, 17.45, 17.15, 3726, tse]
[2364, 107.5, 100.5, 105.50, 102.50, 1165, tse]
[2365, 10.65, 10.3, 10.60, 10.45, 1514, tse]
[2367, 18.05, 17.3, 18.05, 17.60, 10120, tse]
[2368, 99.8, 91.5, 99.10, 95.50, 32621, tse]
[2369, 14.35, 13.45, 14.35, 13.70, 2485, tse]
[2371, 37.4, 33.1, 33.55, 37.40, 154157, tse]
[2373, 81.0, 79.9, 80.80, 80.50, 313, tse]
[2374, 20.65, 19.6, 20.60, 19.80, 2515, tse]
[2375, 70.8, 67.0, 70.30, 68.00, 2134, tse]
[2376, 142.0, 134.5, 137.50, 139.00, 43674, tse]
[2377, 148.0, 142.5, 143.50, 147.50, 12937, tse]
[2379, 377.0, 359.0, 373.00, 369.00, 11189, tse]
[2380, 10.25, 9.91, 10.20, 9.94, 1642, tse]
[2382, 101.5, 89.0, 90.00, 101.50, 132238, tse]
[2383, 173.5, 161.5, 172.00, 161.50, 8356, tse]
[2385, 98.9, 97.3, 98.90, 98.60, 8100, tse]
[2387, 47.6, 39.65, 45.80, 40.80, 22933, tse]
[2388, 76.5, 70.6, 75.30, 73.50, 31434, tse]
[2390, 12.65, 11.65, 12.60, 11.80, 2497, tse]
[2392, 42.2, 40.35, 41.65, 40.80, 3648, tse]
[2393, 42.0, 39.85, 40.10, 42.00, 8036, tse]
[2395, 392.0, 378.0, 381.00, 389.50, 4193, tse]
[2397, 69.4, 67.4, 68.40, 69.00, 433, tse]
[2399, 15.45, 14.6, 15.25, 15.05, 2936, tse]
[2401, 24.05, 22.9, 24.00, 23.40, 4168, tse]
[2402, 29.8, 27.35, 27.95, 28.90, 72943, tse]
[2404, 228.0, 221.0, 225.00, 227.00, 4009, tse]
[2405, 12.85, 11.8, 12.85, 12.05, 5500, tse]
[2406, 19.05, 18.0, 19.05, 18.20, 7099, tse]
[2408, 67.0, 62.6, 66.70, 63.80, 29429, tse]
[2409, 17.95, 16.9, 17.50, 16.95, 147478, tse]
[2412, 127.0, 124.5, 126.50, 125.00, 30671, tse]
[2413, 38.0, 32.7, 38.00, 33.65, 14925, tse]
[2414, 34.9, 34.25, 34.85, 34.85, 510, tse]
[2415, 24.8, 23.0, 24.55, 23.85, 261, tse]
[2417, 23.0, 20.7, 22.80, 21.00, 5509, tse]
[2419, 26.75, 25.5, 26.55, 25.75, 6051, tse]
[2420, 45.75, 44.1, 44.80, 44.85, 2513, tse]
[2421, 69.5, 61.3, 62.10, 65.00, 170732, tse]
[2423, 37.8, 33.9, 35.70, 34.90, 4584, tse]
[2424, 36.8, 27.2, 34.70, 29.90, 985, tse]
[2425, 30.3, 28.35, 29.90, 28.55, 4483, tse]
[2426, 18.5, 17.65, 18.45, 17.85, 2030, tse]
[2427, 15.5, 13.75, 15.20, 14.15, 6732, tse]
[2428, 162.0, 151.5, 160.00, 152.00, 3156, tse]
[2429, 22.2, 20.6, 21.60, 21.40, 777, tse]
[2430, 42.7, 41.95, 42.20, 42.05, 928, tse]
[2431, 11.65, 10.35, 11.65, 10.50, 1978, tse]
[2433, 53.4, 52.8, 53.20, 53.20, 112, tse]
[2434, 30.9, 29.1, 30.00, 30.45, 171, tse]
[2436, 49.05, 46.05, 49.00, 46.80, 3352, tse]
[2438, 25.3, 22.9, 25.25, 23.10, 1396, tse]
[2439, 87.4, 85.5, 86.40, 86.70, 1522, tse]
[2440, 11.8, 11.3, 11.75, 11.50, 928, tse]
[2441, 54.3, 52.8, 53.50, 53.30, 1939, tse]
[2442, 16.1, 15.7, 16.05, 16.10, 4582, tse]
[2443, 3.8, 3.06, 3.60, 3.20, 1672, tse]
[2444, 16.45, 15.0, 16.25, 15.15, 3160, tse]
[2449, 47.05, 45.15, 47.00, 45.65, 27723, tse]
[2450, 36.45, 35.6, 35.60, 35.75, 1193, tse]
[2451, 71.7, 69.8, 71.10, 71.30, 1497, tse]
[2453, 70.4, 63.6, 68.20, 68.60, 30425, tse]
[2454, 684.0, 661.0, 681.00, 673.00, 17803, tse]
[2455, 100.0, 93.6, 99.50, 97.70, 10113, tse]
[2457, 75.3, 67.3, 72.40, 73.20, 175547, tse]
[2458, 96.6, 91.3, 96.40, 95.90, 7051, tse]
[2459, 57.3, 56.3, 57.10, 57.10, 194, tse]
[2460, 23.2, 19.65, 23.10, 19.95, 2499, tse]
[2461, 23.25, 22.0, 23.25, 22.30, 4629, tse]
[2462, 32.8, 29.7, 32.80, 30.20, 3608, tse]
[2464, 38.15, 37.15, 38.15, 37.35, 1008, tse]
[2465, 37.15, 33.2, 37.15, 33.80, 1308, tse]
[2466, 35.25, 34.65, 35.05, 35.25, 44, tse]
[2467, 47.9, 44.85, 47.70, 45.75, 594, tse]
[2468, 28.8, 25.0, 26.45, 25.35, 19307, tse]
[2471, 69.1, 60.7, 67.50, 64.20, 50068, tse]
[2472, 66.2, 60.9, 66.20, 62.10, 2583, tse]
[2474, 186.0, 181.5, 182.00, 184.50, 6101, tse]
[2476, 52.4, 48.2, 52.40, 49.95, 7094, tse]
[2477, 20.8, 20.0, 20.70, 20.25, 155, tse]
[2478, 49.3, 46.1, 48.75, 46.40, 947, tse]
[2480, 113.5, 105.5, 111.00, 109.00, 6209, tse]
[2481, 67.4, 64.8, 67.30, 65.80, 9420, tse]
[2482, 70.6, 61.2, 66.10, 66.60, 52060, tse]
[2483, 27.25, 25.8, 27.25, 26.85, 1037, tse]
[2484, 36.15, 33.7, 36.10, 34.35, 6362, tse]
[2485, 19.15, 18.1, 19.00, 18.70, 4473, tse]
[2486, 28.2, 27.1, 28.20, 27.80, 6740, tse]
[2488, 31.1, 30.45, 30.95, 30.95, 590, tse]
[2489, 13.4, 12.2, 12.50, 12.65, 40282, tse]
[2491, 12.6, 11.5, 11.85, 12.15, 362, tse]
[2492, 104.0, 94.7, 102.50, 95.70, 22502, tse]
[2493, 58.4, 53.0, 54.10, 57.30, 2771, tse]
[2495, 26.2, 23.0, 25.95, 23.50, 20952, tse]
[2496, 51.1, 49.55, 50.00, 51.10, 109, tse]
[2497, 73.0, 68.0, 72.80, 69.10, 3440, tse]
[2498, 58.3, 55.5, 57.70, 57.20, 29135, tse]
[2501, 16.6, 16.15, 16.60, 16.25, 3765, tse]
[2504, 29.1, 28.15, 29.05, 28.60, 21465, tse]
[2505, 18.5, 18.1, 18.25, 18.30, 1032, tse]
[2506, 9.37, 9.22, 9.32, 9.26, 996, tse]
[2509, 16.0, 15.2, 15.55, 15.60, 338, tse]
[2511, 12.5, 11.85, 12.25, 12.00, 2740, tse]
[2514, 17.4, 16.55, 17.30, 16.65, 813, tse]
[2515, 10.6, 10.05, 10.55, 10.25, 48377, tse]
[2516, 5.1, 4.9, 4.93, 5.06, 1018, tse]
[2520, 30.1, 29.15, 30.10, 29.35, 1546, tse]
[2524, 32.0, 30.8, 31.85, 31.40, 377, tse]
[2527, 22.6, 22.15, 22.35, 22.40, 647, tse]
[2528, 24.35, 23.05, 23.95, 24.15, 823, tse]
[2530, 22.65, 21.65, 21.90, 22.05, 5215, tse]
[2534, 22.85, 22.35, 22.80, 22.45, 3568, tse]
[2535, 32.8, 31.95, 32.45, 32.20, 3303, tse]
[2536, 25.6, 24.4, 24.45, 25.45, 1555, tse]
[2537, 6.99, 6.83, 6.95, 6.92, 2144, tse]
[2538, 12.9, 12.65, 12.90, 12.75, 3043, tse]
[2539, 38.35, 37.2, 37.80, 37.45, 2289, tse]
[2540, 77.3, 75.8, 76.10, 76.00, 204, tse]
[2542, 43.5, 41.2, 43.00, 41.95, 40392, tse]
[2543, 9.84, 9.33, 9.41, 9.56, 513, tse]
[2545, 47.0, 45.3, 46.85, 45.50, 1477, tse]
[2546, 73.3, 64.4, 72.00, 66.80, 1985, tse]
[2547, 9.4, 9.23, 9.40, 9.30, 2539, tse]
[2548, 97.5, 96.0, 97.20, 97.10, 5330, tse]
[2596, 22.45, 21.65, 22.45, 22.00, 535, otc]
[2597, 120.0, 114.0, 120.00, 114.00, 375, tse]
[2601, 9.12, 8.74, 9.12, 8.88, 11683, tse]
[2603, 155.5, 149.5, 151.50, 152.50, 66993, tse]
[2605, 22.7, 21.35, 21.80, 21.95, 19741, tse]
[2606, 55.9, 51.7, 52.30, 54.30, 19492, tse]
[2607, 26.95, 26.3, 26.95, 26.60, 7324, tse]
[2608, 38.55, 38.0, 38.55, 38.25, 458, tse]
[2609, 61.6, 60.0, 61.20, 60.20, 83062, tse]
[2610, 19.95, 18.75, 19.05, 19.00, 169338, tse]
[2611, 13.05, 12.5, 13.05, 12.55, 1736, tse]
[2612, 40.55, 38.8, 39.15, 39.30, 1393, tse]
[2613, 22.8, 21.75, 22.80, 22.00, 894, tse]
[2614, 20.1, 18.95, 20.05, 19.05, 5585, tse]
[2615, 62.0, 58.7, 59.60, 59.20, 38259, tse]
[2616, 33.15, 32.3, 33.00, 32.50, 2357, tse]
[2617, 30.5, 29.5, 30.45, 30.00, 3637, tse]
[2618, 28.8, 27.05, 27.20, 28.00, 319313, tse]
[2630, 34.2, 28.4, 34.20, 31.55, 43981, tse]
[2633, 31.25, 30.7, 31.20, 30.90, 13134, tse]
[2634, 57.7, 52.6, 57.50, 54.40, 166924, tse]
[2636, 77.9, 74.5, 77.10, 75.60, 2312, tse]
[2637, 62.9, 60.4, 61.10, 62.20, 11026, tse]
[2640, 142.0, 125.0, 138.00, 132.00, 3007, otc]
[2641, 18.95, 18.0, 18.95, 18.15, 5444, otc]
[2642, 46.75, 44.05, 46.55, 44.50, 341, tse]
[2643, 72.1, 69.5, 72.10, 70.40, 242, otc]
[2645, 107.5, 99.1, 106.50, 105.00, 10834, tse]
[2701, 12.9, 12.5, 12.75, 12.50, 1482, tse]
[2702, 23.9, 22.95, 23.90, 23.20, 1291, tse]
[2704, 43.25, 41.35, 41.55, 43.05, 2638, tse]
[2705, 18.7, 18.1, 18.45, 18.45, 2937, tse]
[2706, 15.45, 14.75, 15.25, 15.00, 3156, tse]
[2707, 297.0, 275.0, 293.00, 283.50, 4470, tse]
[2712, 34.7, 34.05, 34.45, 34.50, 80, tse]
[2718, 48.9, 47.0, 48.90, 47.85, 83, otc]
[2719, 48.5, 42.6, 42.85, 45.40, 233, otc]
[2722, 50.3, 48.45, 50.00, 49.95, 699, tse]
[2723, 163.5, 151.0, 158.50, 163.50, 8654, tse]
[2724, 15.05, 12.65, 14.80, 13.55, 30, otc]
[2726, 27.2, 25.65, 26.60, 26.05, 161, otc]
[2727, 342.0, 313.0, 330.00, 326.50, 17865, tse]
[2729, 283.0, 239.5, 239.50, 276.00, 5423, otc]
[2731, 192.5, 163.0, 185.00, 189.50, 38937, tse]
[2732, 201.5, 172.5, 196.50, 180.00, 9375, otc]
[2734, 34.7, 31.8, 33.25, 33.70, 1755, otc]
[2736, 25.65, 22.4, 23.15, 25.50, 15799, otc]
[2739, 65.9, 58.2, 65.50, 59.80, 1981, tse]
[2740, 46.0, 45.85, 46.00, 45.85, 2, otc]
[2743, 73.7, 58.0, 61.00, 73.70, 20282, otc]
[2745, 48.95, 41.0, 42.90, 48.95, 3249, otc]
[2748, 83.4, 78.4, 82.80, 80.50, 8009, tse]
[2752, 268.5, 254.0, 254.50, 260.00, 171, otc]
[2753, 179.0, 170.0, 178.00, 174.00, 2111, tse]
[2754, 175.0, 162.0, 169.00, 166.00, 4184, otc]
[2755, 156.0, 138.5, 149.00, 142.50, 394, otc]
[2756, 146.5, 134.0, 145.00, 138.00, 247, otc]
[2801, 18.15, 17.85, 18.05, 17.90, 66010, tse]
[2809, 35.9, 35.0, 35.35, 35.10, 3687, tse]
[2812, 14.75, 14.4, 14.65, 14.55, 32064, tse]
[2816, 17.05, 16.45, 16.55, 16.85, 595, tse]
[2820, 15.2, 15.05, 15.10, 15.15, 3377, tse]
[2832, 22.05, 21.55, 21.65, 21.80, 2027, tse]
[2834, 14.2, 13.8, 14.15, 13.85, 59066, tse]
[2836, 12.45, 12.15, 12.35, 12.25, 1533, tse]
[2838, 16.25, 16.0, 16.20, 16.05, 2011, tse]
[2845, 11.3, 11.15, 11.20, 11.15, 16633, tse]
[2849, 15.1, 14.9, 15.05, 15.00, 455, tse]
[2850, 51.3, 50.3, 50.60, 50.50, 578, tse]
[2851, 20.5, 19.3, 19.60, 19.50, 27809, tse]
[2852, 15.9, 15.65, 15.70, 15.80, 1081, tse]
[2855, 16.85, 16.3, 16.60, 16.40, 3183, tse]
[2867, 5.26, 5.08, 5.12, 5.14, 50675, tse]
[2880, 22.25, 21.9, 22.00, 21.90, 43874, tse]
[2881, 59.8, 58.7, 59.40, 59.00, 55924, tse]
[2882, 43.7, 42.65, 42.80, 42.65, 106213, tse]
[2883, 12.95, 12.55, 12.80, 12.65, 221857, tse]
[2884, 25.6, 24.9, 25.00, 25.25, 106756, tse]
[2885, 23.1, 22.6, 22.90, 22.65, 48624, tse]
[2886, 35.05, 34.2, 34.30, 34.30, 58625, tse]
[2887, 18.35, 17.85, 18.00, 18.25, 122570, tse]
[2888, 8.54, 8.15, 8.45, 8.20, 159786, tse]
[2889, 12.3, 12.0, 12.30, 12.05, 12800, tse]
[2890, 17.3, 16.8, 17.10, 16.90, 92573, tse]
[2891, 23.4, 23.1, 23.15, 23.10, 106342, tse]
[2892, 27.6, 27.15, 27.20, 27.25, 51508, tse]
[2897, 10.0, 9.87, 10.00, 9.94, 17972, tse]
[2901, 25.15, 24.7, 25.05, 25.00, 41, tse]
[2903, 23.4, 22.7, 22.85, 23.25, 13533, tse]
[2904, 20.55, 20.15, 20.55, 20.50, 181, tse]
[2905, 15.15, 14.7, 15.15, 14.90, 1388, tse]
[2906, 17.35, 16.2, 17.25, 16.55, 2975, tse]
[2908, 20.85, 20.35, 20.80, 20.50, 1464, tse]
[2910, 30.45, 29.2, 29.80, 29.20, 37, tse]
[2911, 7.17, 7.05, 7.16, 7.08, 684, tse]
[2912, 289.5, 280.5, 285.00, 287.50, 5980, tse]
[2913, 24.55, 21.9, 23.70, 22.15, 50276, tse]
[2915, 59.0, 56.3, 58.20, 56.50, 10958, tse]
[2916, 42.95, 37.85, 38.35, 42.30, 3091, otc]
[2923, 23.25, 22.4, 22.90, 22.40, 39, tse]
[2924, 33.65, 31.0, 32.00, 31.20, 144, otc]
[2926, 65.3, 63.9, 65.10, 64.60, 70, otc]
[2929, 13.4, 12.1, 13.20, 12.50, 3309, tse]
[2937, 36.55, 32.1, 33.90, 33.25, 193, otc]
[2939, 33.05, 31.05, 33.00, 32.60, 170, tse]
[2945, 44.0, 41.7, 44.00, 41.80, 116, tse]
[2947, 93.0, 92.0, 92.30, 92.50, 51, otc]
[3002, 13.05, 11.85, 12.95, 12.20, 1153, tse]
[3003, 78.0, 71.6, 77.40, 72.60, 3392, tse]
[3004, 102.5, 92.0, 100.50, 96.20, 6284, tse]
[3005, 64.1, 60.3, 63.50, 61.60, 43039, tse]
[3006, 80.4, 74.6, 75.80, 78.90, 54653, tse]
[3008, 2095.0, 1985.0, 2,005.00, 2,095.00, 2858, tse]
[3010, 88.0, 85.8, 87.90, 86.40, 1796, tse]
[3011, 30.6, 26.45, 30.00, 28.10, 17519, tse]
[3013, 24.4, 19.9, 23.65, 20.50, 49254, tse]
[3014, 102.0, 96.3, 97.50, 102.00, 19400, tse]
[3015, 49.5, 47.05, 49.10, 48.25, 1447, tse]
[3016, 65.0, 61.5, 64.60, 62.20, 1735, tse]
[3017, 185.5, 170.0, 183.00, 177.50, 82139, tse]
[3019, 64.1, 61.5, 63.50, 62.00, 2519, tse]
[3021, 22.65, 21.05, 22.25, 21.25, 596, tse]
[3022, 83.8, 81.3, 82.60, 83.80, 7710, tse]
[3023, 352.5, 342.5, 350.50, 351.00, 1636, tse]
[3024, 15.15, 13.65, 15.10, 13.90, 6399, tse]
[3025, 32.75, 26.95, 31.55, 29.45, 22548, tse]
[3026, 102.5, 100.0, 102.50, 102.00, 805, tse]
[3027, 48.15, 41.0, 44.00, 42.20, 32164, tse]
[3028, 32.8, 32.0, 32.65, 32.50, 2058, tse]
[3029, 63.2, 58.1, 61.50, 61.20, 52116, tse]
[3030, 63.3, 62.6, 63.30, 63.00, 1113, tse]
[3031, 18.95, 17.8, 18.95, 18.05, 582, tse]
[3032, 51.1, 44.0, 48.45, 47.30, 26363, tse]
[3033, 30.9, 30.0, 30.90, 30.40, 9031, tse]
[3034, 444.0, 407.0, 434.00, 411.00, 32240, tse]
[3035, 174.0, 164.0, 172.00, 167.00, 32266, tse]
[3036, 65.4, 63.8, 65.20, 64.50, 3603, tse]
[3037, 162.0, 154.0, 158.00, 160.00, 170248, tse]
[3038, 31.2, 28.35, 30.15, 29.15, 30457, tse]
[3040, 32.5, 31.5, 32.50, 31.60, 44, tse]
[3041, 19.75, 18.2, 19.70, 18.50, 3974, tse]
[3042, 87.4, 84.5, 86.20, 85.40, 4182, tse]
[3043, 49.7, 37.7, 48.70, 37.70, 1397, tse]
[3044, 117.5, 105.0, 117.00, 108.50, 8575, tse]
[3045, 104.5, 102.5, 104.50, 103.00, 12139, tse]
[3046, 87.5, 75.0, 78.00, 83.20, 91989, tse]
[3047, 15.95, 14.75, 15.90, 15.10, 11318, tse]
[3048, 27.9, 27.0, 27.75, 27.20, 2230, tse]
[3049, 9.99, 9.47, 9.96, 9.52, 8399, tse]
[3050, 16.05, 15.1, 15.50, 15.25, 4269, tse]
[3051, 18.5, 17.0, 18.05, 17.35, 12542, tse]
[3052, 11.8, 11.3, 11.60, 11.75, 2228, tse]
[3054, 19.45, 18.15, 18.95, 18.90, 105, tse]
[3055, 29.15, 27.75, 27.95, 28.50, 234, tse]
[3056, 49.8, 47.05, 49.40, 49.05, 16480, tse]
[3057, 12.3, 11.5, 12.30, 11.60, 696, tse]
[3058, 29.4, 23.45, 26.35, 25.70, 46226, tse]
[3059, 33.9, 32.55, 33.90, 33.20, 4548, tse]
[3060, 18.0, 16.7, 18.00, 16.95, 1948, tse]
[3062, 22.6, 20.75, 22.55, 21.35, 10177, tse]
[3064, 13.7, 13.7, 13.70, 13.70, 1, otc]
[3066, 23.0, 21.95, 22.70, 22.10, 133, otc]
[3067, 38.25, 33.45, 33.55, 37.60, 19, otc]
[3071, 38.15, 29.5, 34.50, 30.20, 40869, otc]
[3078, 56.4, 51.3, 55.20, 55.00, 49933, otc]
[3081, 103.0, 96.0, 103.00, 99.20, 7348, otc]
[3083, 46.5, 44.0, 46.30, 45.05, 938, otc]
[3085, 22.0, 21.0, 21.50, 21.90, 14, otc]
[3086, 76.4, 72.0, 74.80, 73.40, 14, otc]
[3088, 76.7, 72.0, 76.40, 74.90, 3344, otc]
[3089, 75.0, 67.0, 72.50, 72.40, 698, otc]
[3090, 57.6, 55.9, 57.50, 56.60, 1734, tse]
[3092, 37.95, 33.45, 37.65, 34.15, 2900, tse]
[3093, 37.0, 34.05, 36.70, 35.10, 2650, otc]
[3094, 34.85, 31.55, 34.75, 32.00, 5316, tse]
[3095, 22.9, 20.75, 22.90, 20.90, 33, otc]
[3105, 168.5, 156.0, 168.00, 159.00, 9836, otc]
[3114, 27.2, 25.9, 27.10, 26.40, 511, otc]
[3115, 10.5, 10.4, 10.50, 10.40, 3, otc]
[3118, 33.0, 30.7, 32.50, 31.60, 405, otc]
[3122, 26.15, 24.15, 25.90, 24.40, 430, otc]
[3128, 41.2, 37.1, 40.40, 37.90, 2188, otc]
[3130, 217.5, 212.5, 214.00, 213.50, 50, tse]
[3131, 382.0, 333.0, 347.50, 374.00, 3030, otc]
[3138, 155.0, 142.5, 154.50, 147.00, 1411, tse]
[3141, 104.0, 95.4, 103.50, 97.60, 5843, otc]
[3147, 74.3, 62.4, 70.00, 64.00, 6847, otc]
[3149, 17.8, 14.0, 17.80, 14.30, 11437, tse]
[3152, 213.0, 197.5, 210.50, 205.50, 262, otc]
[3162, 53.2, 50.0, 51.70, 51.30, 7836, otc]
[3163, 54.9, 52.0, 54.80, 53.00, 2253, otc]
[3164, 25.5, 24.3, 25.40, 24.60, 214, tse]
[3167, 41.95, 40.8, 41.50, 40.80, 182, tse]
[3169, 129.0, 114.5, 127.00, 116.50, 2625, otc]
[3171, 18.0, 17.45, 17.85, 17.60, 99, otc]
[3176, 35.15, 32.8, 35.15, 33.10, 778, otc]
[3178, 81.6, 74.4, 81.40, 76.40, 1582, otc]
[3188, 15.0, 14.0, 15.00, 14.25, 874, otc]
[3189, 113.5, 108.0, 111.00, 109.00, 19767, tse]
[3191, 9.3, 7.23, 7.23, 8.66, 1070, otc]
[3202, 20.75, 18.15, 18.60, 19.85, 58462, otc]
[3205, 47.5, 40.5, 46.30, 41.05, 2316, otc]
[3206, 36.15, 34.45, 34.90, 34.90, 2075, otc]
[3207, 79.9, 73.7, 77.10, 77.00, 9737, otc]
[3209, 42.9, 39.05, 42.85, 41.05, 12264, tse]
[3211, 77.5, 74.4, 77.00, 75.90, 1165, otc]
[3213, 52.5, 51.0, 51.60, 51.70, 305, otc]
[3217, 107.0, 99.6, 106.00, 103.00, 2933, otc]
[3218, 425.0, 388.0, 412.50, 390.00, 2650, otc]
[3219, 56.5, 49.6, 50.80, 54.50, 183, otc]
[3221, 29.4, 27.65, 29.30, 27.90, 2253, otc]
[3224, 60.2, 51.7, 54.40, 59.10, 18099, otc]
[3226, 59.0, 54.3, 57.50, 58.50, 28, otc]
[3227, 109.5, 102.5, 104.00, 108.00, 3279, otc]
[3228, 174.5, 161.0, 174.00, 164.50, 1780, otc]
[3229, 20.25, 19.55, 19.60, 19.80, 63, tse]
[3230, 15.65, 14.35, 14.80, 15.00, 2451, otc]
[3231, 51.4, 44.95, 49.90, 50.10, 387125, tse]
[3232, 31.3, 26.95, 30.35, 29.50, 3951, otc]
[3234, 22.85, 21.3, 22.65, 21.60, 1215, otc]
[3236, 30.9, 27.85, 30.45, 28.55, 3637, otc]
[3252, 18.65, 17.7, 18.20, 18.40, 564, otc]
[3257, 64.8, 59.9, 62.10, 61.30, 1343, tse]
[3259, 19.3, 17.8, 19.20, 17.85, 261, otc]
[3260, 74.6, 70.2, 74.30, 72.80, 7240, otc]
[3264, 54.7, 52.8, 54.30, 53.10, 13175, otc]
[3265, 57.9, 55.3, 57.70, 57.30, 7464, otc]
[3266, 12.95, 12.35, 12.85, 12.45, 920, tse]
[3268, 22.3, 21.2, 22.10, 21.35, 191, otc]
[3272, 44.95, 41.2, 43.50, 42.70, 2540, otc]
[3276, 15.55, 13.8, 15.35, 14.10, 1661, otc]
[3284, 16.45, 15.7, 16.30, 16.00, 596, otc]
[3285, 20.35, 19.65, 19.95, 20.05, 188, otc]
[3287, 15.75, 14.3, 14.75, 15.25, 1291, otc]
[3288, 26.1, 21.0, 23.70, 22.10, 404, otc]
[3289, 87.0, 80.0, 86.40, 81.00, 7168, otc]
[3290, 29.45, 26.8, 27.70, 28.60, 12830, otc]
[3293, 569.0, 545.0, 548.00, 564.00, 4453, otc]
[3294, 18.65, 17.7, 18.65, 17.80, 2137, otc]
[3296, 18.2, 15.55, 17.80, 16.40, 7247, tse]
[3297, 17.75, 16.2, 17.70, 16.85, 514, otc]
[3303, 27.65, 26.2, 27.65, 26.50, 1408, otc]
[3305, 51.0, 46.65, 50.50, 47.15, 2696, tse]
[3306, 25.85, 24.0, 25.85, 24.85, 723, otc]
[3308, 40.5, 34.3, 37.15, 36.85, 8997, tse]
[3310, 67.5, 65.2, 67.50, 66.60, 114, otc]
[3311, 34.4, 33.45, 34.15, 33.85, 240, tse]
[3312, 21.7, 20.65, 21.70, 21.10, 2609, tse]
[3313, 10.45, 10.05, 10.45, 10.25, 340, otc]
[3317, 54.8, 50.1, 54.70, 51.40, 1879, otc]
[3321, 6.49, 6.19, 6.49, 6.27, 347, tse]
[3322, 22.25, 18.7, 22.15, 19.15, 9767, otc]
[3323, 33.65, 31.35, 33.65, 31.90, 1088, otc]
[3324, 256.0, 234.5, 235.50, 248.50, 44264, otc]
[3325, 22.3, 19.35, 19.95, 20.30, 13708, otc]
[3332, 47.95, 44.05, 47.70, 46.60, 87, otc]
[3338, 50.3, 43.6, 49.50, 45.00, 12054, tse]
[3339, 13.25, 12.6, 13.15, 13.10, 340, otc]
[3346, 39.95, 37.4, 38.25, 38.95, 4739, tse]
[3349, 15.35, 13.7, 13.75, 14.15, 128, otc]
[3354, 14.5, 13.55, 14.40, 13.95, 270, otc]
[3356, 40.7, 37.55, 40.00, 38.55, 6323, tse]
[3357, 105.0, 99.1, 105.00, 102.00, 678, otc]
[3360, 13.85, 13.35, 13.85, 13.45, 973, otc]
[3362, 93.6, 87.1, 93.60, 89.70, 7432, otc]
[3363, 36.2, 29.65, 35.05, 33.15, 38203, otc]
[3372, 13.0, 11.6, 12.75, 11.65, 1707, otc]
[3373, 23.1, 22.0, 22.80, 22.30, 163, otc]
[3374, 101.0, 95.8, 101.00, 98.00, 2760, otc]
[3376, 92.9, 86.6, 87.00, 91.50, 5531, tse]
[3379, 12.6, 12.4, 12.40, 12.50, 358, otc]
[3380, 35.8, 33.55, 35.80, 34.30, 7419, tse]
[3388, 74.5, 73.4, 74.20, 74.00, 176, otc]
[3390, 18.25, 17.25, 18.15, 17.30, 923, otc]
[3402, 52.8, 49.7, 52.80, 50.20, 1500, otc]
[3406, 387.0, 374.5, 385.00, 381.00, 4137, tse]
[3413, 192.5, 183.5, 187.50, 185.50, 1962, tse]
[3416, 123.5, 116.0, 122.50, 118.00, 3124, tse]
[3419, 22.25, 19.65, 22.20, 20.15, 13172, tse]
[3426, 39.9, 39.0, 39.65, 39.70, 27, otc]
[3430, 49.9, 45.2, 49.90, 45.70, 1110, otc]
[3432, 13.5, 12.9, 13.30, 13.00, 1359, tse]
[3434, 29.0, 26.35, 29.00, 27.50, 602, otc]
[3437, 19.25, 18.2, 19.20, 18.40, 812, tse]
[3438, 60.5, 55.4, 60.30, 56.80, 564, otc]
[3441, 43.1, 40.05, 42.75, 40.90, 1488, otc]
[3443, 1180.0, 1085.0, 1,155.00, 1,170.00, 26540, tse]
[3444, 63.8, 62.2, 62.60, 63.50, 860, otc]
[3447, 52.0, 46.1, 51.80, 47.00, 2027, tse]
[3450, 37.1, 34.6, 37.00, 35.40, 1011, tse]
[3454, 204.5, 187.0, 201.50, 192.50, 11267, tse]
[3455, 89.8, 81.9, 89.50, 83.10, 2571, otc]
[3465, 95.5, 90.0, 95.00, 90.50, 291, otc]
[3466, 33.1, 30.8, 32.35, 31.50, 1919, otc]
[3479, 124.5, 115.0, 118.50, 124.00, 43193, otc]
[3481, 13.8, 13.05, 13.75, 13.10, 250039, tse]
[3483, 80.9, 70.3, 73.40, 72.30, 44996, otc]
[3484, 51.1, 43.85, 46.50, 45.25, 14265, otc]
[3489, 11.35, 11.0, 11.15, 11.15, 374, otc]
[3490, 27.4, 25.2, 27.25, 25.30, 464, otc]
[3491, 167.0, 157.0, 164.00, 161.50, 4073, otc]
[3492, 21.2, 19.1, 20.80, 19.70, 491, otc]
[3494, 7.15, 6.61, 6.61, 6.92, 1021, tse]
[3498, 33.7, 31.35, 33.30, 31.70, 529, otc]
[3499, 21.9, 19.2, 21.60, 19.45, 2963, otc]
[3501, 57.4, 54.2, 57.30, 54.90, 1784, tse]
[3504, 78.2, 73.4, 78.00, 76.00, 1870, tse]
[3508, 31.9, 30.0, 31.90, 30.65, 1077, otc]
[3511, 33.7, 31.35, 33.65, 32.25, 1336, otc]
[3512, 33.8, 31.5, 33.70, 31.70, 574, otc]
[3515, 135.0, 130.0, 133.00, 133.00, 1321, tse]
[3516, 18.8, 17.4, 18.25, 17.70, 392, otc]
[3518, 32.7, 29.8, 32.40, 30.65, 3441, tse]
[3520, 22.05, 19.65, 22.05, 20.10, 4129, otc]
[3521, 24.0, 21.6, 23.70, 23.30, 1528, otc]
[3522, 17.5, 15.7, 16.45, 16.65, 1530, otc]
[3523, 18.0, 16.65, 17.95, 17.55, 8, otc]
[3526, 136.0, 130.0, 135.50, 134.00, 488, otc]
[3527, 115.0, 102.0, 113.50, 104.50, 753, otc]
[3528, 70.0, 58.5, 69.90, 60.10, 1771, tse]
[3529, 1960.0, 1785.0, 1,940.00, 1,805.00, 2098, otc]
[3530, 78.2, 76.0, 78.00, 77.70, 244, tse]
[3531, 28.2, 26.8, 28.20, 26.90, 168, otc]
[3532, 152.5, 143.0, 151.50, 145.50, 4119, tse]
[3533, 950.0, 880.0, 950.00, 898.00, 3315, tse]
[3535, 20.9, 19.1, 20.85, 19.30, 2179, tse]
[3537, 38.95, 37.55, 38.90, 37.85, 847, otc]
[3540, 43.75, 39.5, 41.10, 43.75, 12893, otc]
[3541, 61.2, 58.1, 61.10, 58.80, 709, otc]
[3543, 22.3, 21.25, 21.85, 21.45, 453, tse]
[3545, 80.0, 73.5, 80.00, 74.20, 23131, tse]
[3546, 84.2, 79.8, 83.40, 81.60, 844, otc]
[3548, 76.7, 69.1, 69.50, 76.70, 8972, otc]
[3550, 16.0, 15.3, 15.75, 15.80, 983, tse]
[3551, 62.4, 60.4, 60.80, 61.20, 275, otc]
[3552, 145.5, 137.5, 145.50, 143.50, 1801, otc]
[3555, 26.95, 26.0, 26.95, 26.70, 11, otc]
[3556, 64.7, 62.7, 64.50, 63.80, 531, otc]
[3557, 69.8, 65.7, 68.70, 67.10, 913, tse]
[3558, 293.0, 264.5, 286.00, 274.50, 10771, otc]
[3563, 201.0, 187.5, 198.00, 192.00, 749, tse]
[3564, 35.1, 32.65, 35.10, 33.50, 809, otc]
[3567, 30.2, 29.4, 30.15, 29.70, 247, otc]
[3570, 172.0, 139.5, 164.00, 147.00, 2431, otc]
[3576, 20.85, 19.8, 20.85, 20.00, 42448, tse]
[3577, 79.7, 73.4, 79.60, 76.30, 677, otc]
[3580, 57.3, 51.3, 56.40, 53.60, 1447, otc]
[3581, 23.9, 22.6, 23.60, 23.45, 209, otc]
[3583, 91.5, 86.0, 91.00, 87.70, 3008, tse]
[3587, 194.0, 178.0, 194.00, 180.00, 4312, otc]
[3588, 59.3, 52.7, 57.40, 53.90, 1669, tse]
[3591, 26.1, 22.85, 25.10, 23.10, 19637, tse]
[3592, 385.0, 334.0, 379.00, 336.50, 6318, tse]
[3593, 13.6, 12.25, 12.65, 13.10, 262, tse]
[3594, 50.8, 45.75, 49.10, 46.55, 6799, otc]
[3596, 114.5, 108.5, 110.00, 112.50, 19246, tse]
[3597, 26.35, 25.0, 25.90, 26.35, 85, otc]
[3605, 30.2, 27.85, 30.20, 28.15, 2177, tse]
[3607, 14.45, 13.7, 14.05, 14.00, 1274, tse]
[3609, 48.25, 41.2, 41.20, 47.00, 379, otc]
[3611, 243.0, 232.0, 240.00, 239.50, 383, otc]
[3615, 18.0, 17.05, 17.60, 17.80, 352, otc]
[3617, 135.0, 123.5, 128.00, 133.00, 5922, tse]
[3622, 32.6, 30.5, 31.55, 30.85, 1486, tse]
[3623, 15.95, 14.95, 15.90, 15.20, 169, otc]
[3624, 71.8, 61.6, 71.70, 63.40, 18440, otc]
[3625, 14.0, 13.4, 13.95, 13.70, 476, otc]
[3628, 52.0, 47.2, 52.00, 48.30, 886, otc]
[3629, 101.0, 83.5, 99.50, 91.70, 298, otc]
[3630, 29.35, 27.95, 29.35, 28.30, 684, otc]
[3631, 33.9, 32.05, 33.40, 32.50, 93, otc]
[3632, 16.35, 14.9, 15.20, 15.10, 653, otc]
[3645, 34.25, 32.55, 34.25, 32.80, 764, tse]
[3646, 30.7, 29.0, 30.10, 30.45, 1976, otc]
[3652, 30.95, 27.8, 30.75, 28.60, 2483, tse]
[3653, 488.5, 457.0, 473.00, 464.50, 4604, tse]
[3661, 1360.0, 1245.0, 1,275.00, 1,355.00, 24394, tse]
[3663, 37.3, 30.8, 37.25, 31.85, 3038, otc]
[3664, 45.6, 36.5, 42.00, 38.00, 4439, otc]
[3665, 261.5, 255.0, 259.50, 258.50, 2406, tse]
[3666, 24.4, 21.2, 22.60, 22.25, 2145, otc]
[3669, 43.6, 41.3, 43.55, 41.65, 348, tse]
[3672, 29.8, 26.9, 29.00, 27.05, 647, otc]
[3673, 39.8, 37.6, 38.65, 38.10, 21433, tse]
[3675, 304.5, 292.5, 300.00, 304.00, 4006, otc]
[3679, 91.9, 89.5, 90.30, 91.70, 265, tse]
[3680, 348.0, 325.5, 346.50, 337.00, 6769, otc]
[3682, 6.67, 6.58, 6.63, 6.60, 6480, tse]
[3684, 66.0, 59.0, 66.00, 60.00, 281, otc]
[3685, 21.6, 20.05, 21.00, 20.45, 426, otc]
[3686, 15.5, 14.7, 15.50, 15.00, 1046, tse]
[3687, 95.2, 87.9, 92.90, 88.80, 4146, otc]
[3689, 40.3, 37.8, 38.85, 39.00, 3812, otc]
[3691, 106.5, 99.0, 106.50, 100.00, 1625, otc]
[3693, 198.0, 170.0, 185.00, 184.00, 18366, otc]
[3694, 25.65, 23.95, 24.25, 24.55, 3187, tse]
[3701, 63.0, 58.0, 60.50, 58.50, 10891, tse]
[3702, 50.5, 49.6, 50.40, 49.65, 14761, tse]
[3703, 31.8, 30.15, 31.80, 30.45, 20052, tse]
[3704, 41.8, 39.25, 41.25, 41.35, 35099, tse]
[3705, 46.15, 44.45, 46.10, 44.90, 2850, tse]
[3706, 28.3, 27.7, 28.30, 27.85, 6455, tse]
[3707, 79.2, 73.7, 78.30, 75.50, 9927, otc]
[3708, 103.5, 93.1, 103.50, 95.30, 6184, tse]
[3709, 21.65, 20.95, 21.55, 21.25, 240, otc]
[3710, 11.75, 11.2, 11.75, 11.25, 4578, otc]
[3711, 105.0, 102.0, 103.50, 103.00, 37681, tse]
[3712, 40.3, 38.25, 39.85, 38.95, 15879, tse]
[3713, 28.1, 26.35, 28.00, 26.90, 175, otc]
[3714, 49.2, 46.35, 49.10, 47.05, 14165, tse]
[3715, 28.3, 24.4, 26.30, 26.25, 127912, tse]
[4102, 31.6, 28.75, 31.25, 29.45, 4550, otc]
[4104, 95.7, 89.4, 93.80, 91.50, 3952, tse]
[4105, 77.4, 74.6, 77.40, 74.90, 2570, otc]
[4106, 32.9, 29.35, 32.90, 30.10, 1855, tse]
[4107, 117.0, 113.0, 116.50, 114.00, 788, otc]
[4108, 22.95, 20.65, 22.50, 21.30, 4495, tse]
[4109, 16.4, 15.3, 15.90, 15.65, 2340, otc]
[4111, 30.65, 28.6, 30.55, 29.50, 6451, otc]
[4113, 16.4, 15.8, 16.30, 16.25, 2320, otc]
[4114, 48.4, 43.65, 48.35, 44.85, 33476, otc]
[4116, 64.7, 58.3, 64.50, 59.20, 1760, otc]
[4119, 131.0, 123.5, 129.50, 125.00, 2364, tse]
[4120, 37.5, 36.2, 37.05, 36.55, 163, otc]
[4121, 35.8, 28.55, 34.70, 29.45, 30988, otc]
[4123, 53.1, 48.5, 53.00, 52.00, 23712, otc]
[4126, 88.7, 83.7, 88.70, 85.50, 2117, otc]
[4127, 15.95, 14.7, 15.70, 15.50, 1392, otc]
[4128, 63.1, 59.0, 63.10, 59.80, 9554, otc]
[4129, 62.2, 58.0, 61.80, 61.10, 7425, otc]
[4130, 30.7, 27.35, 30.00, 27.75, 9137, otc]
[4131, 29.9, 28.6, 29.10, 29.40, 54, otc]
[4133, 37.25, 34.45, 37.05, 34.75, 1089, tse]
[4137, 246.5, 226.5, 234.00, 240.00, 4022, tse]
[4138, 110.5, 92.1, 95.10, 107.00, 8543, otc]
[4139, 37.8, 37.15, 37.65, 37.45, 72, otc]
[4142, 40.65, 37.0, 40.65, 37.50, 7524, tse]
[4147, 134.5, 102.5, 131.50, 105.00, 34496, otc]
[4148, 64.3, 58.6, 63.70, 59.00, 1644, tse]
[4153, 49.35, 42.8, 47.80, 44.10, 2077, otc]
[4154, 31.0, 28.8, 30.45, 30.50, 25, otc]
[4155, 34.9, 33.55, 33.90, 34.25, 3488, tse]
[4157, 15.9, 14.85, 15.85, 15.05, 5162, otc]
[4160, 54.9, 43.9, 44.30, 48.10, 5078, otc]
[4161, 39.8, 33.15, 37.40, 34.80, 10268, otc]
[4162, 102.5, 94.3, 101.50, 94.70, 6476, otc]
[4163, 138.0, 126.5, 133.50, 136.00, 3167, otc]
[4164, 74.3, 66.1, 72.80, 68.10, 14754, tse]
[4167, 18.35, 16.8, 18.35, 17.05, 7207, otc]
[4168, 32.8, 30.25, 32.75, 30.70, 3266, otc]
[4171, 59.0, 51.1, 59.00, 52.40, 1509, otc]
[4173, 25.0, 21.15, 23.90, 21.90, 18600, otc]
[4174, 89.5, 81.1, 89.50, 83.00, 2530, otc]
[4175, 158.5, 126.0, 132.00, 129.00, 23827, otc]
[4183, 20.9, 19.2, 20.30, 19.40, 135, otc]
[4188, 16.8, 16.05, 16.75, 16.20, 153, otc]
[4190, 98.6, 80.3, 97.30, 82.30, 4257, tse]
[4192, 19.3, 18.3, 19.20, 18.50, 274, otc]
[4198, 25.1, 24.65, 24.70, 25.10, 11, otc]
[4205, 106.0, 104.0, 105.50, 104.50, 50, otc]
[4207, 15.1, 14.6, 15.05, 14.75, 2331, otc]
[4303, 19.1, 17.2, 17.40, 18.90, 2850, otc]
[4304, 10.25, 9.68, 9.93, 9.70, 140, otc]
[4305, 31.65, 31.1, 31.50, 31.25, 30, otc]
[4306, 17.15, 16.55, 17.00, 16.70, 8421, tse]
[4401, 29.0, 26.55, 28.25, 27.15, 174, otc]
[4402, 10.5, 9.98, 10.10, 9.98, 994, otc]
[4406, 10.4, 10.0, 10.40, 10.05, 57, otc]
[4413, 15.0, 14.6, 14.75, 15.00, 35, otc]
[4416, 87.8, 85.3, 86.50, 86.00, 14, otc]
[4417, 44.05, 42.6, 42.75, 43.15, 2157, otc]
[4419, 27.0, 23.0, 23.00, 26.00, 155, otc]
[4420, 29.95, 28.9, 29.80, 29.90, 20, otc]
[4426, 24.6, 21.0, 24.60, 21.55, 3446, tse]
[4430, 23.3, 22.4, 22.70, 22.40, 90, otc]
[4432, 23.5, 21.2, 22.30, 21.95, 894, otc]
[4433, 35.85, 33.3, 35.40, 34.05, 751, otc]
[4438, 119.5, 114.0, 115.00, 117.00, 564, tse]
[4439, 129.5, 116.5, 128.50, 120.00, 642, tse]
[4440, 34.75, 32.35, 34.25, 32.50, 775, tse]
[4502, 37.0, 36.8, 36.90, 37.00, 80, otc]
[4503, 72.3, 52.4, 52.60, 59.60, 59821, otc]
[4506, 75.8, 74.7, 75.10, 75.40, 213, otc]
[4510, 15.05, 12.95, 14.90, 13.55, 6404, otc]
[4513, 21.95, 20.4, 21.95, 20.65, 1557, otc]
[4523, 37.0, 33.0, 36.45, 34.20, 147, otc]
[4526, 17.45, 16.35, 17.45, 16.65, 1299, tse]
[4527, 32.5, 31.8, 32.50, 31.80, 357, otc]
[4528, 35.0, 34.35, 34.75, 34.80, 290, otc]
[4529, 10.45, 10.0, 10.30, 10.05, 632, otc]
[4530, 7.15, 6.76, 7.15, 6.86, 63, otc]
[4532, 18.2, 17.5, 18.00, 17.85, 1028, tse]
[4533, 12.95, 11.95, 12.05, 12.90, 6376, otc]
[4534, 9.93, 9.5, 9.82, 9.52, 366, otc]
[4535, 39.7, 39.1, 39.70, 39.40, 34, otc]
[4536, 208.0, 195.0, 206.00, 199.50, 3525, tse]
[4538, 21.65, 19.4, 20.90, 20.25, 195, otc]
[4540, 43.5, 39.3, 43.20, 40.40, 647, tse]
[4541, 51.0, 41.95, 48.80, 43.05, 56257, otc]
[4542, 27.6, 26.0, 27.00, 26.60, 41, otc]
[4543, 29.2, 25.7, 27.80, 26.60, 1959, otc]
[4545, 30.75, 29.3, 29.50, 29.75, 929, tse]
[4549, 100.5, 95.8, 97.40, 98.50, 780, otc]
[4550, 33.8, 27.8, 33.15, 28.50, 3028, otc]
[4551, 140.5, 128.0, 140.50, 129.50, 2282, tse]
[4552, 34.9, 33.2, 34.65, 33.95, 1504, tse]
[4554, 32.0, 28.1, 31.40, 28.70, 631, otc]
[4555, 49.15, 47.65, 49.15, 48.30, 609, tse]
[4556, 31.2, 30.15, 31.20, 30.60, 49, otc]
[4557, 121.0, 113.5, 118.00, 116.00, 985, tse]
[4558, 31.25, 28.35, 28.90, 29.15, 291, otc]
[4560, 39.7, 38.9, 39.40, 39.70, 190, tse]
[4561, 24.6, 22.8, 24.60, 23.15, 243, otc]
[4562, 16.85, 16.4, 16.80, 16.65, 410, tse]
[4563, 40.7, 37.5, 40.50, 38.00, 427, otc]
[4564, 24.75, 22.9, 24.60, 22.90, 3885, tse]
[4566, 64.7, 55.4, 64.50, 56.70, 9840, tse]
[4568, 60.5, 56.1, 59.30, 56.10, 67, otc]
[4571, 82.1, 80.4, 81.10, 80.50, 121, tse]
[4572, 177.0, 158.5, 174.00, 165.50, 9255, tse]
[4576, 75.7, 73.0, 75.10, 74.30, 163, tse]
[4577, 30.8, 30.0, 30.60, 30.55, 170, otc]
[4580, 96.5, 92.9, 96.00, 94.90, 445, otc]
[4581, 63.0, 54.5, 57.30, 58.20, 2535, tse]
[4583, 211.0, 195.0, 211.00, 197.50, 197, tse]
[4584, 50.4, 48.5, 50.00, 49.45, 133, otc]
[4609, 8.19, 7.51, 7.80, 8.15, 41, otc]
[4702, 14.35, 13.4, 14.25, 13.75, 619, otc]
[4706, 17.55, 17.45, 17.45, 17.45, 140, otc]
[4707, 12.95, 12.6, 12.95, 12.75, 1930, otc]
[4711, 18.3, 16.4, 17.35, 16.65, 2173, otc]
[4712, 4.22, 3.8, 4.22, 4.09, 136, otc]
[4714, 12.25, 11.8, 12.15, 12.05, 1571, otc]
[4716, 12.65, 12.45, 12.65, 12.60, 811, otc]
[4720, 15.3, 14.3, 15.30, 14.55, 1451, tse]
[4721, 102.0, 93.3, 101.50, 94.70, 2811, otc]
[4722, 37.95, 35.2, 37.95, 35.60, 539, tse]
[4726, 39.7, 37.9, 39.25, 38.30, 2268, otc]
[4728, 300.0, 241.0, 286.00, 241.50, 3347, otc]
[4729, 19.8, 16.6, 16.60, 17.85, 6226, otc]
[4735, 38.05, 37.2, 37.80, 37.95, 101, otc]
[4736, 186.0, 176.0, 186.00, 178.50, 1528, otc]
[4737, 78.3, 74.0, 75.60, 75.50, 146, tse]
[4739, 93.2, 84.5, 93.00, 86.60, 4217, tse]
[4741, 39.4, 32.0, 38.85, 33.30, 1559, otc]
[4743, 247.5, 221.0, 247.00, 224.00, 20413, otc]
[4744, 44.8, 39.6, 40.30, 41.65, 69843, otc]
[4745, 29.0, 27.3, 28.30, 28.15, 309, otc]
[4746, 94.1, 86.2, 92.50, 88.40, 19188, tse]
[4747, 62.2, 55.3, 62.10, 56.40, 4036, otc]
[4754, 41.9, 40.4, 40.70, 40.95, 189, otc]
[4755, 133.0, 126.5, 132.50, 129.00, 2818, tse]
[4760, 84.9, 76.6, 81.00, 79.30, 991, otc]
[4763, 549.0, 511.0, 536.00, 546.00, 37160, tse]
[4764, 52.3, 48.05, 51.00, 49.50, 285, tse]
[4766, 161.0, 143.5, 147.00, 158.50, 1245, tse]
[4767, 33.9, 26.65, 32.80, 27.20, 425, otc]
[4768, 175.0, 165.0, 175.00, 174.00, 2034, otc]
[4770, 293.0, 272.5, 286.50, 277.00, 2502, tse]
[4804, 6.25, 5.89, 6.19, 6.10, 524, otc]
[4807, 21.3, 20.45, 21.30, 20.85, 59, tse]
[4903, 22.4, 19.9, 22.40, 20.30, 2378, otc]
[4904, 78.9, 77.6, 78.90, 77.90, 15787, tse]
[4905, 50.9, 50.0, 50.90, 50.60, 32, otc]
[4906, 30.9, 29.25, 29.50, 30.15, 16675, tse]
[4907, 36.25, 35.4, 36.00, 36.00, 202, otc]
[4908, 37.2, 33.9, 35.30, 36.90, 4415, otc]
[4909, 21.7, 18.9, 21.55, 19.55, 4378, otc]
[4911, 79.5, 69.0, 78.50, 70.90, 2227, otc]
[4912, 73.1, 68.8, 71.30, 69.10, 144, tse]
[4915, 63.0, 60.7, 62.70, 61.80, 14259, tse]
[4916, 36.25, 31.35, 36.20, 32.65, 16255, tse]
[4919, 138.0, 122.5, 135.00, 125.50, 37021, tse]
[4923, 53.5, 47.45, 53.50, 47.95, 794, otc]
[4924, 13.05, 12.4, 13.05, 12.95, 437, otc]
[4927, 56.2, 53.2, 53.70, 55.50, 3149, tse]
[4930, 25.9, 25.0, 25.85, 25.10, 364, tse]
[4931, 47.95, 43.85, 44.90, 45.75, 12351, otc]
[4933, 35.05, 33.7, 34.80, 34.50, 149, otc]
[4934, 32.25, 28.85, 32.20, 29.40, 7547, tse]
[4935, 59.4, 54.2, 56.30, 54.90, 1076, tse]
[4938, 71.2, 69.0, 70.50, 69.70, 11016, tse]
[4939, 19.0, 16.35, 16.50, 17.25, 8075, otc]
[4942, 39.25, 37.6, 39.15, 38.15, 859, tse]
[4943, 14.7, 13.3, 14.70, 13.70, 298, tse]
[4944, 9.99, 9.5, 9.72, 9.56, 158, otc]
[4945, 51.1, 48.85, 50.80, 48.90, 167, otc]
[4946, 28.55, 25.15, 27.90, 26.00, 126, otc]
[4950, 20.0, 18.7, 19.75, 19.85, 14839, otc]
[4951, 72.4, 63.0, 72.00, 68.70, 1935, otc]
[4952, 56.5, 52.8, 56.50, 54.10, 1082, tse]
[4953, 129.0, 117.5, 126.50, 121.00, 9340, otc]
[4956, 16.2, 15.25, 16.20, 15.45, 628, tse]
[4958, 116.0, 104.0, 114.00, 105.00, 27172, tse]
[4960, 11.85, 11.2, 11.70, 11.25, 7765, tse]
[4961, 158.5, 151.5, 156.00, 155.50, 15427, tse]
[4966, 986.0, 910.0, 984.00, 920.00, 4937, otc]
[4967, 76.7, 55.4, 76.00, 58.60, 64231, tse]
[4968, 179.5, 166.0, 174.00, 172.00, 44755, tse]
[4971, 64.4, 54.5, 64.20, 55.40, 1215, otc]
[4972, 29.6, 29.05, 29.15, 29.05, 105, otc]
[4973, 26.3, 24.5, 26.30, 25.50, 1462, otc]
[4974, 69.2, 66.5, 68.70, 67.60, 854, otc]
[4976, 45.0, 41.4, 45.00, 42.55, 3230, tse]
[4977, 106.5, 98.5, 105.50, 100.00, 11038, tse]
[4979, 53.5, 44.2, 51.90, 44.70, 57257, otc]
[4987, 62.6, 60.9, 61.40, 62.40, 188, otc]
[4989, 26.4, 25.4, 26.40, 25.95, 460, tse]
[4991, 32.0, 27.25, 31.50, 28.45, 612, otc]
[4994, 48.5, 46.25, 48.00, 48.50, 475, tse]
[4995, 51.4, 48.2, 50.70, 48.60, 719, otc]
[4999, 37.8, 37.05, 37.45, 37.30, 171, tse]
[5007, 53.0, 52.0, 52.20, 52.40, 1757, tse]
[5009, 58.9, 53.8, 58.50, 55.50, 84531, otc]
[5011, 29.3, 26.5, 28.60, 27.05, 4939, otc]
[5013, 34.8, 33.15, 34.80, 33.35, 112, otc]
[5014, 16.4, 15.4, 16.25, 15.60, 2190, otc]
[5015, 54.5, 49.0, 54.50, 50.50, 1589, otc]
[5016, 30.2, 29.1, 29.10, 29.60, 55, otc]
[5201, 30.5, 27.45, 27.65, 28.70, 2133, otc]
[5202, 15.7, 14.95, 15.65, 15.05, 285, otc]
[5203, 95.2, 91.1, 94.80, 94.00, 1683, tse]
[5205, 39.75, 36.0, 37.90, 37.50, 45, otc]
[5206, 23.0, 20.3, 22.30, 21.30, 2418, otc]
[5209, 197.5, 164.5, 177.00, 195.00, 7767, otc]
[5210, 17.45, 16.25, 17.45, 16.45, 649, otc]
[5211, 34.8, 27.55, 32.20, 29.00, 12389, otc]
[5212, 49.9, 46.5, 49.90, 49.30, 24, otc]
[5213, 27.25, 26.3, 27.15, 26.60, 1103, otc]
[5215, 48.1, 46.7, 47.90, 47.00, 148, tse]
[5220, 30.4, 29.7, 30.20, 29.85, 132, otc]
[5222, 217.0, 190.0, 217.00, 192.50, 17787, tse]
[5223, 40.4, 39.05, 40.10, 39.25, 83, otc]
[5225, 42.45, 40.0, 40.85, 40.40, 3322, tse]
[5227, 77.9, 72.0, 73.30, 77.80, 11070, otc]
[5228, 22.5, 21.45, 22.15, 21.50, 120, otc]
[5230, 22.55, 21.5, 22.40, 21.60, 800, otc]
[5234, 92.5, 87.6, 88.80, 91.30, 1353, tse]
[5236, 91.2, 85.6, 90.30, 88.20, 351, otc]
[5243, 67.3, 64.4, 67.30, 65.80, 5424, tse]
[5244, 31.05, 29.9, 31.05, 31.00, 220, tse]
[5245, 49.4, 45.25, 46.70, 49.15, 1338, otc]
[5251, 22.0, 20.0, 22.00, 20.25, 591, otc]
[5258, 88.9, 80.6, 84.10, 88.90, 45854, tse]
[5263, 123.5, 113.5, 123.50, 116.00, 1050, otc]
[5269, 1185.0, 1065.0, 1,165.00, 1,170.00, 4846, tse]
[5272, 29.0, 26.2, 28.70, 27.25, 692, otc]
[5274, 2890.0, 2625.0, 2,820.00, 2,715.00, 2785, otc]
[5276, 15.05, 13.5, 15.05, 13.50, 39, otc]
[5278, 189.5, 175.0, 175.00, 186.00, 141, otc]
[5281, 17.15, 16.0, 16.00, 16.15, 39, otc]
[5283, 109.0, 107.0, 108.50, 108.00, 163, tse]
[5284, 147.0, 125.5, 126.00, 147.00, 52180, tse]
[5285, 78.6, 72.0, 78.40, 73.70, 1726, tse]
[5287, 212.0, 205.5, 207.00, 208.50, 202, otc]
[5288, 186.0, 176.5, 177.00, 185.00, 796, tse]
[5289, 302.5, 274.5, 290.50, 290.50, 5089, otc]
[5291, 33.9, 31.5, 33.90, 32.00, 588, otc]
[5299, 132.0, 124.0, 130.00, 127.50, 675, otc]
[5301, 13.0, 11.85, 11.95, 12.10, 1976, otc]
[5302, 9.89, 9.32, 9.78, 9.39, 764, otc]
[5306, 146.0, 142.0, 144.50, 144.50, 595, tse]
[5309, 45.15, 41.05, 44.90, 42.10, 15214, otc]
[5310, 27.75, 23.9, 24.05, 24.65, 1210, otc]
[5312, 74.3, 67.5, 68.00, 71.00, 1166, otc]
[5314, 24.0, 22.2, 24.00, 22.40, 243, otc]
[5315, 22.95, 20.9, 22.95, 21.20, 6374, otc]
[5321, 119.5, 107.5, 110.00, 111.00, 21192, otc]
[5324, 9.14, 8.99, 9.06, 9.07, 77, otc]
[5328, 14.5, 12.55, 14.20, 12.80, 4265, otc]
[5340, 42.75, 39.5, 41.35, 41.40, 1815, otc]
[5344, 16.2, 15.5, 15.85, 15.80, 195, otc]
[5345, 5.0, 4.77, 4.77, 4.90, 88, otc]
[5347, 90.5, 88.6, 90.20, 90.00, 12351, otc]
[5348, 10.35, 9.51, 9.58, 10.15, 117, otc]
[5351, 41.75, 39.6, 41.10, 40.95, 12389, otc]
[5353, 50.5, 40.6, 50.00, 41.50, 11289, otc]
[5355, 8.6, 7.7, 8.50, 7.87, 3110, otc]
[5356, 28.2, 26.7, 27.40, 27.60, 7700, otc]
[5364, 25.45, 24.15, 24.70, 25.25, 111, otc]
[5371, 78.0, 71.6, 78.00, 73.50, 15135, otc]
[5381, 21.85, 16.25, 21.85, 18.35, 10628, otc]
[5383, 30.9, 29.35, 30.45, 29.35, 133, otc]
[5386, 39.15, 36.55, 38.85, 37.05, 249, otc]
[5388, 88.9, 84.1, 86.30, 84.40, 15546, tse]
[5392, 21.5, 20.5, 21.50, 20.60, 660, otc]
[5398, 16.2, 15.5, 16.20, 15.85, 260, otc]
[5403, 103.5, 97.0, 101.00, 99.70, 3175, otc]
[5410, 37.8, 34.25, 36.15, 34.70, 4486, otc]
[5425, 94.3, 90.0, 94.30, 91.40, 24726, otc]
[5426, 12.4, 11.4, 12.40, 11.65, 2105, otc]
[5432, 35.55, 28.45, 29.00, 32.05, 1609, otc]
[5434, 188.5, 184.5, 187.50, 185.50, 890, tse]
[5438, 22.4, 19.5, 22.10, 20.00, 420, otc]
[5439, 74.5, 69.5, 70.40, 73.50, 25740, otc]
[5443, 28.7, 27.6, 28.70, 27.80, 1126, otc]
[5450, 23.15, 20.25, 22.60, 20.50, 1340, otc]
[5452, 21.5, 18.7, 20.95, 19.85, 17901, otc]
[5455, 28.5, 28.0, 28.20, 28.00, 7, otc]
[5457, 54.0, 48.2, 53.90, 49.45, 3764, otc]
[5460, 11.3, 11.2, 11.20, 11.20, 121, otc]
[5464, 32.8, 29.4, 31.70, 29.80, 13164, otc]
[5465, 38.8, 34.0, 38.15, 35.25, 15168, otc]
[5468, 16.35, 15.75, 16.35, 16.10, 151, otc]
[5469, 39.5, 38.25, 38.95, 39.50, 13480, tse]
[5471, 51.1, 48.9, 51.00, 49.40, 894, tse]
[5474, 88.5, 82.9, 85.80, 83.80, 360, otc]
[5475, 16.1, 14.65, 15.75, 14.85, 3521, otc]
[5478, 99.0, 93.0, 97.80, 99.00, 2660, otc]
[5481, 13.1, 12.75, 12.80, 12.95, 446, otc]
[5483, 155.5, 145.5, 152.50, 147.00, 19586, otc]
[5484, 20.05, 16.65, 16.65, 19.20, 2259, tse]
[5487, 33.0, 25.3, 25.30, 26.50, 3324, otc]
[5488, 13.6, 11.45, 13.30, 11.75, 3353, otc]
[5489, 42.9, 39.3, 42.90, 39.75, 766, otc]
[5490, 25.05, 24.4, 25.00, 24.50, 382, otc]
[5493, 51.7, 50.7, 51.30, 51.20, 46, otc]
[5498, 12.8, 11.45, 12.05, 11.90, 27786, otc]
[5508, 65.4, 63.8, 64.80, 64.70, 400, otc]
[5511, 50.1, 42.65, 43.70, 49.75, 10125, otc]
[5512, 9.79, 9.35, 9.79, 9.45, 6601, otc]
[5514, 20.75, 17.95, 17.95, 20.15, 193, otc]
[5515, 13.5, 13.1, 13.15, 13.25, 1147, tse]
[5516, 26.55, 25.45, 26.00, 26.40, 514, otc]
[5519, 24.8, 23.95, 24.80, 24.15, 1823, tse]
[5520, 61.3, 55.9, 57.20, 57.60, 156, otc]
[5521, 7.91, 7.6, 7.82, 7.69, 3703, tse]
[5522, 61.9, 59.7, 61.30, 60.00, 1818, tse]
[5523, 25.6, 25.0, 25.50, 25.15, 241, otc]
[5525, 27.1, 26.6, 27.05, 26.75, 258, tse]
[5529, 12.2, 11.55, 11.90, 12.00, 229, otc]
[5530, 37.85, 37.0, 37.80, 37.10, 837, otc]
[5531, 10.75, 9.77, 9.95, 10.50, 15983, tse]
[5533, 19.05, 18.35, 18.70, 19.00, 1392, tse]
[5534, 81.2, 78.9, 80.60, 79.00, 2081, tse]
[5536, 141.0, 136.0, 138.00, 140.50, 1647, otc]
[5538, 42.35, 40.6, 42.35, 41.30, 116, tse]
[5543, 49.5, 47.0, 48.20, 47.75, 65, otc]
[5546, 41.4, 37.1, 39.00, 40.75, 256, tse]
[5601, 44.85, 40.45, 44.85, 41.90, 122, otc]
[5603, 21.3, 20.05, 21.30, 20.45, 926, otc]
[5604, 49.6, 49.1, 49.20, 49.50, 38, otc]
[5607, 72.7, 66.2, 72.60, 67.50, 3675, tse]
[5608, 24.15, 23.3, 24.15, 23.75, 13442, tse]
[5609, 86.9, 82.8, 86.80, 84.20, 1354, otc]
[5701, 8.0, 7.68, 7.86, 7.77, 466, otc]
[5703, 21.2, 20.25, 20.90, 21.20, 158, otc]
[5704, 55.3, 51.8, 54.10, 53.60, 473, otc]
[5706, 63.5, 59.2, 62.70, 62.90, 10045, tse]
[5864, 18.75, 17.5, 17.75, 17.95, 10100, otc]
[5871, 227.5, 221.5, 222.50, 222.00, 11277, tse]
[5876, 46.65, 45.8, 46.25, 46.20, 17318, tse]
[5878, 49.5, 48.7, 48.70, 49.10, 13, otc]
[5880, 27.4, 27.1, 27.25, 27.15, 29185, tse]
[5902, 39.45, 38.35, 39.00, 39.20, 287, otc]
[5903, 220.5, 209.5, 217.50, 210.50, 265, otc]
[5904, 580.0, 560.0, 572.00, 564.00, 984, otc]
[5905, 12.2, 11.8, 12.15, 12.00, 2742, otc]
[5906, 53.8, 44.0, 45.00, 53.80, 2470, tse]
[5907, 15.7, 14.85, 15.50, 14.90, 792, tse]
[6005, 14.15, 13.1, 13.85, 13.30, 29668, tse]
[6015, 9.9, 9.34, 9.90, 9.42, 2829, otc]
[6016, 11.3, 10.4, 11.05, 10.50, 6613, otc]
[6020, 18.7, 18.5, 18.50, 18.60, 32, otc]
[6021, 16.8, 16.6, 16.80, 16.70, 24, otc]
[6023, 52.5, 51.8, 52.00, 52.10, 488, otc]
[6024, 45.05, 43.0, 44.60, 43.30, 2472, tse]
[6026, 12.35, 11.4, 12.30, 11.50, 9562, otc]
[6101, 46.0, 36.5, 45.80, 37.20, 2635, otc]
[6103, 39.55, 31.1, 39.55, 31.10, 5, otc]
[6104, 113.0, 103.5, 111.50, 107.50, 7727, otc]
[6108, 17.5, 17.2, 17.40, 17.40, 233, tse]
[6109, 17.25, 15.6, 17.05, 16.40, 3730, otc]
[6111, 95.8, 84.8, 95.30, 88.10, 24954, otc]
[6112, 65.9, 57.2, 57.30, 63.90, 90273, tse]
[6113, 17.45, 16.25, 17.45, 16.50, 900, otc]
[6114, 25.65, 23.1, 25.40, 23.65, 631, otc]
[6115, 45.95, 45.0, 45.95, 45.30, 633, tse]
[6116, 12.3, 11.8, 12.25, 11.85, 27826, tse]
[6117, 15.1, 14.2, 14.95, 14.45, 308, tse]
[6118, 33.1, 31.0, 32.45, 32.20, 2820, otc]
[6120, 10.35, 9.95, 10.35, 10.05, 3735, tse]
[6121, 319.5, 306.0, 314.50, 307.00, 2981, otc]
[6122, 36.3, 30.5, 32.65, 36.30, 89971, otc]
[6123, 71.0, 67.5, 71.00, 68.60, 987, otc]
[6124, 28.0, 26.7, 27.70, 27.05, 425, otc]
[6125, 31.95, 28.15, 31.95, 28.60, 34691, otc]
[6126, 26.05, 22.65, 22.85, 24.60, 9342, otc]
[6127, 25.45, 21.5, 24.60, 22.20, 9749, otc]
[6128, 33.8, 31.65, 33.55, 33.00, 1783, tse]
[6129, 33.9, 32.3, 33.85, 32.90, 7083, otc]
[6130, 34.05, 31.95, 33.45, 32.35, 173, otc]
[6133, 20.2, 18.6, 20.10, 18.70, 4948, tse]
[6134, 24.1, 22.0, 24.05, 22.35, 3208, otc]
[6136, 20.3, 19.3, 19.35, 19.35, 1576, tse]
[6138, 175.5, 145.5, 173.00, 150.00, 11290, otc]
[6139, 59.8, 47.5, 48.60, 57.80, 84181, tse]
[6140, 22.9, 19.8, 22.35, 20.75, 3771, otc]
[6141, 18.2, 18.0, 18.20, 18.00, 103, tse]
[6142, 13.9, 12.25, 13.85, 12.60, 10816, tse]
[6143, 93.4, 84.6, 93.00, 89.00, 7534, otc]
[6144, 14.6, 13.95, 14.30, 14.60, 45, otc]
[6146, 261.0, 242.5, 260.50, 248.50, 2133, otc]
[6147, 66.5, 64.6, 66.00, 65.00, 12761, otc]
[6148, 42.45, 35.0, 41.10, 38.20, 10777, otc]
[6150, 72.8, 66.0, 72.80, 68.40, 1127, otc]
[6151, 32.9, 29.15, 31.90, 29.45, 941, otc]
[6152, 12.35, 10.2, 12.35, 10.75, 5009, tse]
[6153, 24.05, 22.95, 23.05, 23.15, 11904, tse]
[6154, 16.7, 16.4, 16.65, 16.40, 112, otc]
[6155, 27.0, 25.15, 27.00, 25.35, 723, tse]
[6156, 21.6, 19.25, 21.55, 19.50, 2818, otc]
[6158, 26.35, 25.35, 26.00, 25.55, 215, otc]
[6160, 35.65, 30.1, 35.35, 31.80, 49858, otc]
[6161, 34.4, 31.5, 34.40, 32.45, 2647, otc]
[6163, 25.65, 22.9, 24.70, 24.15, 28201, otc]
[6164, 11.95, 11.15, 11.80, 11.45, 1206, tse]
[6165, 31.65, 28.9, 31.50, 29.60, 1094, tse]
[6166, 60.4, 58.7, 60.30, 59.30, 306, tse]
[6167, 18.8, 16.0, 18.50, 16.10, 27485, otc]
[6168, 25.55, 22.9, 25.50, 23.35, 3936, tse]
[6169, 23.7, 21.35, 22.95, 22.45, 789, otc]
[6170, 40.7, 36.8, 39.30, 37.55, 1099, otc]
[6171, 21.85, 21.1, 21.75, 21.40, 195, otc]
[6173, 45.6, 40.95, 45.50, 41.60, 12626, otc]
[6174, 29.95, 27.55, 29.60, 27.95, 625, otc]
[6175, 38.9, 37.2, 38.90, 38.30, 1753, otc]
[6176, 114.5, 113.0, 114.00, 114.50, 6246, tse]
[6177, 32.0, 31.2, 32.00, 31.55, 1869, tse]
[6179, 37.9, 31.2, 33.30, 32.50, 32975, otc]
[6180, 76.0, 72.0, 75.80, 72.90, 6012, otc]
[6182, 44.3, 41.8, 44.30, 42.40, 10892, otc]
[6183, 63.3, 62.5, 63.10, 62.90, 117, tse]
[6184, 50.8, 50.0, 50.20, 50.40, 202, tse]
[6185, 22.5, 19.75, 19.75, 21.60, 26262, otc]
[6186, 45.0, 43.1, 45.00, 44.15, 1412, otc]
[6187, 62.0, 60.4, 62.00, 60.60, 682, otc]
[6188, 54.8, 51.3, 53.70, 53.10, 9089, otc]
[6189, 42.0, 41.25, 41.95, 41.75, 1111, tse]
[6190, 33.05, 31.5, 32.95, 31.85, 4074, otc]
[6191, 37.8, 36.15, 37.00, 37.65, 32581, tse]
[6192, 74.7, 70.2, 71.20, 73.40, 1321, tse]
[6194, 27.05, 24.7, 25.80, 26.55, 1553, otc]
[6195, 46.75, 45.6, 46.75, 46.00, 146, otc]
[6196, 132.0, 124.5, 131.00, 126.50, 1327, tse]
[6197, 56.2, 51.1, 53.10, 54.70, 8756, tse]
[6198, 26.0, 21.1, 21.70, 26.00, 836, otc]
[6199, 18.6, 18.1, 18.50, 18.40, 45, otc]
[6201, 43.7, 42.75, 43.40, 43.30, 75, tse]
[6202, 68.7, 66.7, 68.50, 67.40, 2516, tse]
[6203, 80.3, 73.5, 74.80, 80.00, 6365, otc]
[6204, 56.8, 55.5, 56.70, 56.20, 79, otc]
[6205, 73.0, 68.5, 73.00, 69.20, 5232, tse]
[6206, 71.4, 68.7, 71.30, 69.20, 1152, tse]
[6207, 27.85, 26.95, 27.75, 27.45, 331, otc]
[6208, 54.8, 52.5, 52.80, 54.10, 659, otc]
[6209, 30.9, 28.5, 30.80, 29.30, 5095, tse]
[6210, 36.5, 35.2, 35.55, 35.20, 48, otc]
[6212, 48.8, 47.65, 47.70, 48.10, 16, otc]
[6213, 71.5, 62.5, 70.80, 64.50, 9987, tse]
[6214, 92.0, 87.7, 87.70, 90.40, 12971, tse]
[6215, 29.25, 26.0, 29.00, 27.00, 1837, tse]
[6216, 26.55, 26.2, 26.40, 26.35, 794, tse]
[6217, 43.5, 40.4, 43.30, 41.30, 2882, otc]
[6218, 28.95, 23.75, 27.50, 27.80, 31290, otc]
[6219, 11.35, 11.1, 11.20, 11.25, 3078, otc]
[6220, 28.15, 26.7, 28.05, 27.15, 3762, otc]
[6221, 65.0, 61.2, 64.70, 63.40, 233, otc]
[6222, 14.5, 13.35, 14.50, 13.70, 56, otc]
[6223, 140.5, 133.0, 136.50, 136.00, 12356, otc]
[6224, 62.8, 58.1, 62.50, 59.80, 1103, tse]
[6225, 11.55, 10.3, 11.30, 10.70, 57, tse]
[6226, 12.7, 11.05, 12.70, 11.40, 4495, tse]
[6227, 49.8, 41.4, 49.80, 42.35, 2927, otc]
[6228, 13.2, 12.5, 13.00, 12.60, 115, otc]
[6229, 29.05, 26.0, 27.95, 29.00, 707, otc]
[6230, 190.0, 170.0, 170.00, 185.50, 1866, tse]
[6231, 127.0, 113.0, 123.00, 115.50, 4526, otc]
[6233, 26.85, 24.5, 26.30, 25.40, 2642, otc]
[6234, 40.35, 36.1, 39.25, 36.80, 53452, otc]
[6235, 99.0, 89.3, 96.50, 97.30, 96828, tse]
[6236, 21.7, 21.5, 21.70, 21.50, 13, otc]
[6237, 44.1, 41.3, 43.95, 41.90, 1127, otc]
[6239, 95.4, 93.6, 95.00, 94.70, 9783, tse]
[6240, 24.35, 22.0, 23.70, 23.15, 318, otc]
[6241, 16.9, 14.0, 16.60, 14.80, 1320, otc]
[6242, 81.5, 74.8, 79.50, 77.00, 868, otc]
[6243, 44.9, 38.65, 40.00, 40.15, 21483, tse]
[6244, 38.85, 33.5, 38.85, 34.10, 65526, otc]
[6245, 120.5, 113.5, 118.50, 120.50, 40410, otc]
[6246, 14.0, 13.5, 13.90, 14.00, 105, otc]
[6248, 32.65, 28.7, 31.85, 29.45, 14147, otc]
[6257, 53.6, 52.4, 53.60, 52.90, 4929, tse]
[6259, 22.2, 21.15, 22.20, 21.15, 28, otc]
[6261, 65.5, 63.0, 65.20, 63.90, 900, otc]
[6263, 131.5, 108.5, 128.00, 115.00, 2534, otc]
[6264, 7.75, 7.45, 7.75, 7.52, 203, otc]
[6265, 10.55, 10.05, 10.40, 10.35, 648, otc]
[6266, 44.3, 41.5, 41.80, 43.30, 17393, otc]
[6269, 96.1, 93.6, 93.90, 94.60, 5906, tse]
[6270, 24.45, 22.5, 22.70, 23.70, 3946, otc]
[6271, 175.0, 166.0, 174.50, 170.00, 5218, tse]
[6274, 69.8, 59.6, 69.80, 62.90, 23406, otc]
[6275, 41.35, 34.2, 37.10, 35.20, 22506, otc]
[6276, 34.2, 27.1, 27.10, 34.20, 22181, otc]
[6277, 86.2, 83.9, 86.00, 84.80, 854, tse]
[6278, 98.1, 94.4, 98.00, 95.10, 4182, tse]
[6279, 144.0, 138.5, 141.00, 141.00, 4066, otc]
[6281, 84.0, 83.1, 84.00, 83.80, 59, tse]
[6282, 42.9, 38.6, 42.00, 39.55, 75146, tse]
[6283, 32.15, 30.15, 32.10, 30.75, 573, tse]
[6284, 57.8, 53.4, 57.50, 54.00, 1650, otc]
[6285, 97.5, 81.9, 95.60, 84.10, 67913, tse]
[6287, 23.25, 22.0, 23.25, 22.30, 55, otc]
[6288, 32.65, 29.7, 32.25, 31.85, 27613, tse]
[6290, 62.0, 57.3, 61.50, 58.60, 12156, otc]
[6291, 182.5, 160.5, 168.00, 164.50, 547, otc]
[6292, 45.4, 43.4, 45.40, 44.20, 372, otc]
[6294, 109.5, 105.5, 109.50, 106.50, 277, otc]
[6404, 23.05, 21.2, 22.80, 21.20, 38, otc]
[6405, 22.5, 21.8, 22.25, 22.50, 263, tse]
[6409, 1810.0, 1670.0, 1,800.00, 1,670.00, 681, tse]
[6411, 110.0, 102.0, 110.00, 104.00, 3213, otc]
[6412, 79.8, 77.6, 78.80, 79.10, 1605, tse]
[6414, 277.0, 253.0, 260.00, 271.00, 7130, tse]
[6415, 484.0, 420.0, 476.00, 433.50, 9581, tse]
[6416, 101.5, 94.7, 100.50, 96.50, 1935, tse]
[6417, 168.0, 139.0, 165.50, 150.00, 5412, otc]
[6418, 20.45, 18.4, 20.45, 18.75, 736, otc]
[6419, 33.8, 31.5, 33.40, 32.00, 51, otc]
[6425, 22.0, 20.35, 21.70, 20.95, 280, otc]
[6426, 62.1, 58.9, 61.40, 59.30, 356, tse]
[6431, 22.4, 21.05, 21.35, 21.20, 198, tse]
[6432, 38.9, 36.05, 38.80, 36.60, 2897, otc]
[6435, 106.5, 99.5, 106.00, 100.50, 638, otc]
[6438, 123.0, 113.5, 118.00, 116.00, 8431, tse]
[6441, 58.0, 54.0, 56.60, 54.50, 2298, otc]
[6442, 56.5, 46.7, 56.50, 47.75, 1821, tse]
[6443, 36.8, 33.3, 36.80, 34.35, 69794, tse]
[6446, 377.0, 340.5, 371.00, 344.50, 13659, otc]
[6449, 52.6, 51.2, 52.00, 52.50, 66, tse]
[6451, 82.3, 79.0, 81.90, 80.50, 619, tse]
[6456, 77.6, 74.1, 77.00, 74.40, 9195, tse]
[6457, 54.2, 46.55, 54.20, 50.00, 684, otc]
[6461, 35.7, 34.05, 35.05, 34.55, 2089, otc]
[6462, 84.1, 80.2, 83.70, 82.00, 525, otc]
[6464, 91.0, 89.6, 89.90, 90.40, 27, tse]
[6465, 23.8, 20.2, 23.00, 21.00, 875, otc]
[6469, 438.5, 361.0, 420.00, 366.50, 6359, otc]
[6470, 65.7, 58.2, 65.60, 59.50, 4426, otc]
[6472, 842.0, 721.0, 840.00, 777.00, 20511, otc]
[6477, 55.7, 48.05, 55.50, 49.50, 18228, tse]
[6482, 48.5, 44.5, 47.00, 45.70, 94, otc]
[6485, 106.0, 93.3, 100.50, 97.50, 4507, otc]
[6486, 73.0, 70.5, 72.30, 70.90, 259, otc]
[6488, 484.0, 463.0, 483.00, 464.00, 5394, otc]
[6491, 410.0, 352.5, 409.50, 357.00, 5220, tse]
[6492, 52.5, 48.5, 52.50, 49.15, 434, otc]
[6494, 71.3, 64.7, 70.30, 65.80, 734, otc]
[6496, 36.3, 31.2, 36.10, 32.35, 535, otc]
[6499, 60.8, 57.9, 59.60, 58.70, 679, otc]
[6504, 86.0, 82.3, 82.30, 82.60, 447, tse]
[6505, 86.5, 84.4, 85.10, 84.50, 3844, tse]
[6506, 19.6, 19.35, 19.60, 19.40, 148, otc]
[6508, 39.1, 36.2, 39.00, 37.00, 1374, otc]
[6509, 45.15, 42.05, 44.90, 42.65, 2662, otc]
[6510, 485.5, 451.5, 477.50, 472.50, 498, otc]
[6512, 20.85, 18.8, 20.85, 20.20, 371, otc]
[6514, 58.4, 56.3, 58.20, 58.10, 153, otc]
[6515, 700.0, 621.0, 665.00, 688.00, 6349, tse]
[6516, 98.4, 90.3, 97.10, 91.80, 944, otc]
[6517, 159.5, 130.0, 147.00, 144.50, 12341, otc]
[6523, 148.0, 123.0, 146.00, 127.50, 5591, otc]
[6525, 73.8, 71.6, 72.80, 72.00, 305, tse]
[6527, 99.1, 76.8, 96.50, 80.00, 5238, otc]
[6530, 27.0, 25.5, 27.00, 26.20, 272, otc]
[6531, 293.0, 273.0, 288.00, 286.00, 19523, tse]
[6532, 55.4, 50.6, 55.20, 52.30, 4121, otc]
[6533, 454.0, 430.5, 450.00, 433.00, 5661, tse]
[6535, 45.8, 43.4, 44.70, 44.20, 2043, otc]
[6538, 124.0, 99.8, 110.00, 105.00, 14872, otc]
[6541, 89.8, 78.3, 78.30, 85.00, 1129, tse]
[6542, 54.4, 43.0, 44.85, 50.00, 430, otc]
[6546, 90.0, 81.1, 83.30, 82.40, 3313, otc]
[6547, 66.7, 58.5, 65.80, 60.00, 11252, otc]
[6548, 42.0, 38.85, 41.90, 39.90, 5861, otc]
[6550, 100.5, 92.2, 99.80, 93.80, 16334, tse]
[6552, 36.0, 34.15, 35.40, 34.35, 250, tse]
[6556, 138.0, 121.0, 133.00, 125.00, 609, otc]
[6558, 29.35, 26.4, 28.45, 27.10, 2646, tse]
[6560, 35.8, 33.85, 35.45, 34.05, 117, otc]
[6561, 383.0, 366.0, 381.50, 372.00, 533, otc]
[6568, 182.0, 162.0, 180.50, 164.50, 1775, otc]
[6569, 110.0, 105.5, 110.00, 108.00, 87, otc]
[6570, 76.1, 62.6, 63.00, 65.70, 28422, otc]
[6573, 16.3, 15.0, 16.25, 15.40, 566, tse]
[6574, 67.1, 60.2, 65.30, 62.50, 154, otc]
[6576, 93.3, 82.9, 92.90, 85.00, 2969, otc]
[6577, 75.5, 66.6, 67.40, 72.90, 1376, otc]
[6578, 18.55, 17.3, 18.40, 17.85, 1201, otc]
[6579, 98.0, 90.7, 91.70, 97.10, 776, tse]
[6581, 91.0, 88.0, 90.90, 89.10, 248, tse]
[6582, 59.6, 54.8, 59.60, 56.00, 652, tse]
[6585, 64.6, 57.3, 64.60, 58.50, 1229, tse]
[6588, 30.9, 30.0, 30.90, 30.50, 55, otc]
[6589, 129.5, 110.0, 128.50, 114.00, 27550, otc]
[6590, 104.5, 86.0, 95.90, 91.00, 1936, otc]
[6591, 53.9, 49.6, 52.70, 50.30, 1163, tse]
[6592, 130.5, 124.0, 128.00, 125.50, 6143, tse]
[6593, 56.0, 50.0, 56.00, 52.40, 303, otc]
[6596, 51.7, 47.65, 51.50, 50.80, 1030, otc]
[6598, 28.2, 27.0, 27.85, 27.00, 301, tse]
[6603, 17.25, 16.8, 17.05, 16.95, 2655, otc]
[6605, 106.0, 95.5, 98.70, 96.20, 8780, tse]
[6606, 29.0, 28.6, 29.00, 28.80, 740, tse]
[6609, 38.15, 33.7, 37.90, 34.90, 2051, otc]
[6612, 195.0, 165.5, 185.50, 169.50, 6617, otc]
[6613, 102.0, 98.5, 99.70, 101.50, 495, otc]
[6615, 50.0, 39.5, 39.50, 42.00, 1833, otc]
[6616, 14.6, 13.8, 14.45, 13.95, 145, otc]
[6624, 43.7, 41.85, 43.10, 43.60, 63, otc]
[6625, 92.8, 81.5, 89.00, 86.00, 15625, tse]
[6629, 48.7, 44.95, 44.95, 47.00, 37, otc]
[6640, 88.7, 87.0, 88.00, 88.30, 23, otc]
[6641, 57.7, 55.0, 57.40, 55.00, 245, tse]
[6642, 52.8, 50.3, 52.80, 51.20, 90, otc]
[6643, 645.0, 603.0, 644.00, 623.00, 6333, otc]
[6649, 43.25, 38.3, 41.00, 42.45, 699, otc]
[6651, 86.0, 77.3, 82.20, 80.50, 339, otc]
[6654, 54.9, 48.65, 50.00, 50.80, 623, otc]
[6655, 130.0, 128.0, 128.50, 130.00, 181, tse]
[6661, 23.55, 22.4, 22.70, 22.40, 15, otc]
[6662, 31.45, 30.6, 30.70, 30.90, 55, otc]
[6664, 119.5, 106.0, 113.50, 107.50, 1847, otc]
[6666, 89.7, 79.7, 88.00, 81.30, 988, tse]
[6667, 74.7, 70.4, 70.80, 71.30, 905, otc]
[6668, 40.75, 37.25, 40.75, 38.50, 555, tse]
[6669, 1165.0, 992.0, 1,150.00, 1,035.00, 11959, tse]
[6670, 217.0, 208.0, 215.00, 210.50, 1214, tse]
[6671, 41.95, 40.85, 41.50, 41.50, 97, tse]
[6672, 83.3, 79.4, 82.00, 81.40, 2462, tse]
[6674, 28.0, 26.8, 27.40, 27.75, 62, tse]
[6679, 297.0, 268.0, 292.50, 278.00, 1797, otc]
[6680, 77.0, 72.5, 75.10, 75.40, 50, otc]
[6683, 197.5, 187.0, 192.00, 192.00, 595, otc]
[6684, 46.9, 44.05, 46.45, 44.30, 278, otc]
[6689, 164.0, 137.5, 138.00, 145.50, 41083, tse]
[6690, 216.0, 183.0, 194.00, 189.00, 4799, otc]
[6691, 298.0, 286.0, 298.00, 297.50, 1806, tse]
[6693, 68.7, 65.5, 66.10, 65.60, 454, otc]
[6695, 43.3, 41.05, 42.70, 41.65, 599, tse]
[6697, 45.2, 40.4, 45.00, 42.00, 564, otc]
[6698, 36.45, 34.25, 36.40, 35.10, 783, tse]
[6703, 237.0, 188.0, 195.00, 207.50, 6543, otc]
[6706, 85.9, 79.4, 85.90, 80.70, 1955, tse]
[6708, 49.45, 48.2, 49.00, 48.95, 92, otc]
[6712, 228.0, 213.0, 223.00, 216.50, 9776, otc]
[6715, 146.0, 135.0, 145.50, 137.50, 1065, tse]
[6716, 113.5, 102.5, 102.50, 110.00, 146, otc]
[6719, 321.0, 278.5, 315.00, 301.00, 11538, tse]
[6721, 53.1, 50.8, 50.90, 52.90, 161, otc]
[6727, 66.8, 62.9, 66.80, 63.30, 564, otc]
[6728, 148.0, 140.5, 148.00, 141.50, 419, otc]
[6732, 343.5, 322.0, 343.00, 332.00, 3197, otc]
[6733, 40.45, 37.6, 40.40, 38.15, 6797, otc]
[6735, 55.0, 50.0, 54.90, 51.30, 110, otc]
[6741, 159.5, 139.5, 154.00, 145.00, 26164, otc]
[6743, 62.3, 53.0, 62.30, 53.40, 1733, tse]
[6747, 241.0, 217.5, 240.00, 223.00, 1361, otc]
[6751, 131.5, 118.5, 124.00, 121.50, 1784, otc]
[6752, 184.0, 161.0, 183.00, 174.00, 1428, otc]
[6753, 128.0, 113.0, 126.00, 118.00, 5086, tse]
[6754, 58.0, 52.5, 56.40, 54.50, 536, tse]
[6756, 213.5, 191.0, 212.00, 200.00, 1625, tse]
[6761, 94.2, 84.1, 93.00, 85.10, 490, otc]
[6762, 247.0, 223.0, 244.00, 223.00, 87, otc]
[6763, 630.0, 553.0, 595.00, 559.00, 3686, otc]
[6767, 44.9, 40.6, 44.50, 41.30, 1308, otc]
[6768, 71.0, 68.1, 70.00, 68.40, 773, tse]
[6770, 30.9, 29.7, 30.90, 29.85, 38098, tse]
[6776, 55.7, 52.7, 53.30, 54.10, 1952, tse]
[6781, 658.0, 621.0, 653.00, 630.00, 2503, tse]
[6782, 299.5, 228.0, 297.00, 235.00, 5819, tse]
[6788, 144.0, 117.5, 141.00, 120.00, 4999, otc]
[6789, 225.5, 200.5, 224.50, 206.50, 3101, tse]
[6790, 40.2, 36.9, 39.50, 37.40, 5720, tse]
[6791, 150.5, 124.0, 124.00, 146.00, 3443, otc]
[6792, 86.5, 80.6, 86.40, 81.60, 277, tse]
[6796, 104.0, 94.8, 100.50, 97.20, 663, tse]
[6799, 160.0, 136.5, 159.00, 144.00, 8040, tse]
[6803, 326.5, 306.5, 307.00, 320.00, 583, otc]
[6804, 71.8, 65.7, 66.80, 69.90, 1196, otc]
[6806, 123.5, 108.0, 120.00, 112.00, 56937, tse]
[6807, 30.65, 26.15, 30.45, 26.95, 415, tse]
[6811, 296.5, 264.0, 285.00, 277.00, 6489, otc]
[6823, 92.0, 84.0, 91.60, 84.50, 104, otc]
[6829, 142.5, 126.0, 142.00, 130.00, 13443, otc]
[6830, 152.0, 138.0, 152.00, 144.00, 2138, tse]
[6834, 27.2, 25.5, 27.10, 25.70, 210, tse]
[6835, 43.25, 41.15, 43.20, 41.65, 412, tse]
[6840, 81.7, 68.6, 81.70, 71.90, 764, otc]
[6841, 106.0, 94.2, 105.00, 97.90, 4044, otc]
[6843, 72.7, 69.6, 72.30, 72.60, 529, otc]
[6854, 104.5, 99.6, 101.00, 100.00, 196, tse]
[6855, 87.5, 81.0, 87.00, 82.50, 186, otc]
[6859, 146.5, 136.5, 141.00, 138.00, 388, otc]
[6861, 115.5, 99.1, 115.00, 105.00, 577, tse]
[6863, 187.0, 162.0, 186.00, 171.00, 2363, tse]
[6865, 104.0, 86.0, 100.00, 89.80, 830, otc]
[6869, 99.0, 94.0, 97.00, 98.90, 2887, tse]
[6873, 150.5, 137.0, 146.00, 139.00, 1142, tse]
[6874, 172.5, 158.0, 165.00, 170.00, 839, otc]
[7402, 73.8, 60.8, 71.70, 62.50, 4330, otc]
[7556, 100.5, 98.3, 100.50, 99.80, 49, otc]
[8011, 16.55, 14.95, 15.40, 16.55, 14711, tse]
[8016, 227.5, 216.0, 224.00, 220.00, 3321, tse]
[8021, 30.55, 28.8, 29.25, 29.15, 2407, tse]
[8024, 24.4, 22.05, 24.20, 22.95, 642, otc]
[8027, 49.7, 41.85, 49.70, 44.00, 4357, otc]
[8028, 58.4, 55.6, 57.90, 56.50, 3021, tse]
[8032, 31.3, 29.6, 31.15, 30.40, 137, otc]
[8033, 82.0, 66.7, 80.20, 68.30, 73402, tse]
[8034, 17.1, 15.1, 16.60, 15.35, 1375, otc]
[8038, 61.8, 52.4, 54.20, 60.00, 19354, otc]
[8039, 42.75, 41.45, 42.50, 42.10, 832, tse]
[8040, 46.2, 41.1, 45.90, 42.60, 1404, otc]
[8042, 41.45, 39.0, 40.30, 39.65, 166, otc]
[8043, 28.9, 26.8, 28.90, 27.45, 599, otc]
[8044, 58.8, 50.6, 55.90, 52.20, 6403, otc]
[8046, 288.0, 277.0, 283.00, 287.00, 42963, tse]
[8047, 12.05, 11.4, 11.85, 11.50, 65, otc]
[8048, 45.4, 38.65, 41.30, 45.30, 7795, otc]
[8049, 38.6, 35.45, 38.60, 36.55, 5653, otc]
[8050, 80.4, 77.0, 79.70, 79.00, 13284, otc]
[8054, 32.7, 30.8, 32.40, 31.40, 1000, otc]
[8059, 13.85, 12.45, 13.35, 13.65, 2889, otc]
[8064, 19.85, 19.0, 19.85, 19.40, 1870, otc]
[8066, 28.0, 26.5, 27.70, 26.65, 150, otc]
[8067, 15.3, 14.45, 14.95, 14.60, 54, otc]
[8068, 33.15, 28.3, 31.80, 29.60, 1255, otc]
[8069, 200.5, 186.5, 199.00, 193.00, 50337, otc]
[8070, 35.2, 33.35, 34.95, 33.80, 2332, tse]
[8071, 15.1, 14.3, 15.10, 14.75, 514, otc]
[8072, 28.75, 26.3, 28.15, 27.10, 1629, tse]
[8074, 21.75, 20.6, 21.25, 21.00, 733, otc]
[8076, 31.3, 29.0, 29.60, 30.40, 15558, otc]
[8077, 38.8, 37.0, 38.00, 37.60, 14, otc]
[8080, 11.15, 10.55, 10.90, 11.00, 34, otc]
[8081, 192.5, 174.5, 177.50, 191.50, 4094, tse]
[8083, 146.5, 144.0, 146.00, 145.00, 212, otc]
[8084, 110.0, 95.0, 108.50, 97.80, 3084, otc]
[8085, 38.2, 33.9, 36.50, 37.70, 36086, otc]
[8086, 81.7, 78.0, 80.90, 79.30, 6371, otc]
[8087, 37.0, 33.3, 33.30, 35.95, 419, otc]
[8088, 33.25, 29.7, 32.95, 31.60, 10984, otc]
[8089, 22.9, 20.95, 22.90, 21.20, 440, otc]
[8091, 108.0, 90.6, 101.50, 92.00, 10644, otc]
[8092, 11.9, 11.25, 11.90, 11.30, 261, otc]
[8093, 19.1, 14.55, 18.90, 15.90, 4771, otc]
[8096, 11.55, 11.2, 11.50, 11.45, 1346, otc]
[8097, 57.5, 48.0, 48.00, 56.60, 27729, otc]
[8099, 55.7, 47.1, 54.50, 50.10, 14922, otc]
[8101, 5.38, 5.03, 5.38, 5.07, 250, tse]
[8103, 37.8, 35.8, 37.60, 36.25, 855, tse]
[8104, 41.25, 39.15, 40.65, 39.50, 784, tse]
[8105, 13.5, 12.95, 13.25, 13.20, 10415, tse]
[8107, 17.25, 16.45, 17.10, 16.95, 374, otc]
[8109, 88.2, 85.8, 87.80, 86.50, 363, otc]
[8110, 13.4, 12.5, 13.40, 12.70, 3881, tse]
[8111, 22.4, 20.4, 22.40, 20.75, 2474, otc]
[8112, 45.0, 44.05, 44.70, 44.95, 11507, tse]
[8114, 109.5, 101.5, 107.00, 102.50, 1752, tse]
[8121, 32.45, 28.05, 31.70, 28.65, 7359, otc]
[8131, 42.4, 41.55, 42.40, 41.85, 1992, tse]
[8147, 63.1, 59.7, 63.10, 60.40, 546, otc]
[8150, 39.0, 37.35, 38.40, 37.75, 10416, tse]
[8155, 152.5, 136.5, 151.00, 141.00, 4113, otc]
[8163, 44.95, 43.9, 44.25, 44.75, 2582, tse]
[8171, 56.9, 51.9, 56.90, 52.90, 3899, otc]
[8176, 12.5, 10.45, 11.05, 12.20, 3825, otc]
[8182, 30.45, 29.15, 30.45, 29.70, 220, otc]
[8183, 55.1, 52.4, 54.70, 53.10, 2692, otc]
[8201, 13.6, 12.0, 13.50, 12.40, 800, tse]
[8210, 88.8, 81.1, 84.10, 85.70, 9043, tse]
[8213, 40.55, 39.4, 40.20, 39.90, 1256, tse]
[8215, 34.95, 33.05, 34.95, 33.70, 15378, tse]
[8222, 61.5, 54.0, 58.10, 54.90, 74953, tse]
[8227, 181.0, 170.5, 181.00, 179.50, 779, otc]
[8234, 39.4, 35.35, 39.00, 38.85, 6621, otc]
[8240, 30.25, 29.0, 30.25, 29.25, 446, otc]
[8249, 30.8, 28.65, 30.20, 29.25, 1087, tse]
[8255, 176.5, 165.0, 174.50, 168.00, 2840, otc]
[8261, 104.5, 98.0, 104.50, 100.50, 3773, tse]
[8271, 50.0, 47.3, 50.00, 48.10, 3757, tse]
[8277, 10.1, 9.56, 9.85, 9.59, 565, otc]
[8279, 186.0, 174.0, 185.00, 178.50, 251, otc]
[8284, 69.6, 59.1, 68.80, 60.80, 744, otc]
[8289, 43.5, 39.0, 43.50, 40.00, 3331, otc]
[8291, 5.91, 5.91, 5.91, 5.91, 2, otc]
[8299, 397.5, 372.0, 386.00, 378.50, 6585, otc]
[8341, 160.0, 154.5, 159.50, 155.50, 976, tse]
[8342, 58.0, 57.0, 57.50, 57.50, 31, otc]
[8349, 66.0, 61.4, 63.80, 62.30, 1550, otc]
[8354, 14.3, 14.2, 14.25, 14.20, 146, otc]
[8358, 56.5, 52.6, 55.70, 54.10, 13727, otc]
[8367, 49.2, 44.65, 49.20, 44.75, 742, tse]
[8374, 32.1, 30.1, 31.50, 31.10, 169, tse]
[8383, 44.2, 40.8, 44.00, 41.65, 3267, otc]
[8390, 46.1, 43.1, 46.10, 44.25, 12018, otc]
[8401, 21.7, 20.9, 21.45, 21.20, 717, otc]
[8403, 46.3, 36.65, 45.55, 37.35, 35744, otc]
[8404, 25.75, 24.4, 25.70, 24.45, 939, tse]
[8409, 24.25, 21.75, 23.90, 22.10, 738, otc]
[8410, 37.0, 30.2, 30.20, 34.65, 2604, otc]
[8411, 14.95, 14.7, 14.95, 14.85, 247, tse]
[8415, 35.95, 34.9, 35.40, 35.40, 957, otc]
[8416, 153.0, 139.5, 145.00, 149.50, 365, otc]
[8418, 9.9, 9.77, 9.89, 9.78, 50, otc]
[8420, 97.5, 91.6, 92.70, 95.40, 4086, otc]
[8421, 16.1, 14.0, 15.95, 14.35, 2068, otc]
[8422, 201.0, 193.0, 195.00, 200.00, 1634, tse]
[8423, 20.95, 19.4, 20.00, 19.95, 51, otc]
[8424, 70.9, 70.3, 70.50, 70.70, 37, otc]
[8426, 49.1, 42.4, 48.90, 49.10, 3272, otc]
[8429, 10.7, 10.2, 10.60, 10.30, 1142, tse]
[8431, 66.7, 59.6, 60.70, 64.50, 1748, otc]
[8432, 46.65, 44.45, 46.65, 44.70, 191, otc]
[8433, 72.4, 66.0, 71.00, 67.30, 574, otc]
[8435, 61.9, 60.9, 61.90, 61.80, 98, otc]
[8436, 214.0, 177.0, 214.00, 182.00, 14111, otc]
[8437, 109.5, 104.0, 109.00, 106.00, 101, otc]
[8438, 24.9, 24.35, 24.60, 24.50, 134, tse]
[8440, 45.7, 41.3, 45.05, 42.55, 1859, otc]
[8442, 83.0, 76.5, 77.30, 82.40, 854, tse]
[8443, 11.9, 11.7, 11.80, 11.75, 372, tse]
[8444, 58.0, 54.0, 54.00, 54.30, 20, otc]
[8446, 105.5, 90.3, 91.90, 103.50, 4102, otc]
[8450, 25.8, 24.2, 25.80, 24.50, 321, otc]
[8454, 746.0, 715.0, 741.00, 720.00, 2961, tse]
[8455, 22.35, 21.1, 21.60, 21.25, 26, otc]
[8462, 157.0, 142.0, 155.50, 144.00, 729, tse]
[8463, 29.0, 24.65, 28.95, 25.30, 1724, tse]
[8464, 352.0, 339.0, 346.50, 340.50, 928, tse]
[8466, 46.65, 42.7, 43.30, 43.80, 405, tse]
[8467, 59.3, 54.8, 59.10, 55.50, 232, tse]
[8472, 43.35, 40.0, 42.10, 43.00, 40, otc]
[8473, 30.85, 29.2, 30.50, 29.55, 223, tse]
[8476, 76.8, 70.2, 73.50, 72.30, 3531, otc]
[8477, 17.6, 16.5, 17.60, 16.60, 183, otc]
[8478, 543.0, 481.0, 502.00, 513.00, 29320, tse]
[8481, 59.9, 56.9, 57.90, 57.30, 104, tse]
[8482, 77.2, 72.0, 77.10, 73.30, 108, tse]
[8488, 15.7, 15.45, 15.50, 15.65, 14, tse]
[8489, 23.95, 23.3, 23.95, 23.50, 125, otc]
[8499, 107.0, 102.0, 107.00, 102.00, 256, tse]
[8905, 28.5, 25.35, 25.35, 27.30, 2704, otc]
[8906, 18.4, 17.4, 17.80, 17.40, 56, otc]
[8908, 72.8, 71.2, 71.30, 71.50, 268, otc]
[8916, 53.9, 51.9, 53.50, 52.60, 1719, otc]
[8917, 68.0, 67.5, 67.50, 68.00, 9, otc]
[8921, 15.35, 15.0, 15.30, 15.00, 4, otc]
[8923, 20.8, 20.2, 20.30, 20.80, 24, otc]
[8924, 117.0, 103.5, 117.00, 108.00, 4525, otc]
[8926, 52.8, 48.65, 50.00, 49.60, 27485, tse]
[8927, 45.95, 42.6, 45.00, 45.30, 6519, otc]
[8928, 38.5, 34.8, 38.30, 35.35, 1048, otc]
[8929, 22.8, 21.45, 22.80, 21.50, 63, otc]
[8930, 20.5, 18.95, 19.40, 19.50, 9882, otc]
[8931, 77.8, 66.6, 74.60, 67.80, 3634, otc]
[8932, 59.2, 50.8, 51.50, 57.40, 2748, otc]
[8933, 12.1, 11.15, 12.00, 11.75, 6354, otc]
[8935, 12.3, 11.95, 12.30, 12.30, 232, otc]
[8936, 28.5, 25.8, 28.50, 26.05, 18781, otc]
[8937, 19.0, 17.0, 17.40, 17.75, 1939, otc]
[8938, 89.4, 78.1, 89.40, 78.60, 6795, otc]
[8940, 27.5, 24.7, 25.05, 27.10, 8779, tse]
[8941, 58.5, 55.4, 58.00, 56.20, 176, otc]
[8942, 71.5, 68.8, 70.00, 69.80, 2133, otc]
[8996, 216.0, 203.0, 206.50, 215.50, 28996, tse]
[9103, 6.89, 6.43, 6.86, 6.46, 2673, tse]
[9105, 3.95, 3.8, 3.92, 3.83, 8239, tse]
[9110, 5.53, 5.01, 5.50, 5.47, 1696, tse]
[9136, 6.34, 6.23, 6.33, 6.28, 615, tse]
[9802, 124.5, 115.5, 120.50, 119.00, 5722, tse]
[9902, 12.8, 11.8, 12.75, 12.05, 2247, tse]
[9904, 32.05, 31.05, 31.95, 31.70, 18253, tse]
[9905, 25.65, 25.2, 25.30, 25.45, 468, tse]
[9906, 51.2, 49.1, 49.60, 49.70, 153, tse]
[9907, 20.75, 18.6, 20.70, 18.65, 41852, tse]
[9908, 32.0, 31.75, 31.90, 31.80, 230, tse]
[9910, 200.5, 192.5, 197.00, 193.50, 4180, tse]
[9911, 64.8, 63.4, 64.70, 64.00, 734, tse]
[9912, 10.2, 9.7, 10.20, 9.98, 213, tse]
[9914, 179.0, 168.0, 170.50, 177.50, 3825, tse]
[9917, 112.5, 109.0, 109.50, 110.50, 2469, tse]
[9918, 41.7, 41.2, 41.30, 41.45, 47, tse]
[9919, 18.45, 17.15, 18.15, 17.35, 23094, tse]
[9921, 202.0, 181.0, 185.00, 201.00, 14321, tse]
[9924, 43.75, 43.4, 43.55, 43.70, 450, tse]
[9925, 41.8, 41.3, 41.45, 41.45, 480, tse]
[9926, 52.5, 52.2, 52.20, 52.20, 16, tse]
[9927, 45.4, 43.75, 45.00, 44.70, 1506, tse]
[9928, 18.75, 18.2, 18.65, 18.60, 321, tse]
[9929, 9.25, 8.84, 8.91, 8.86, 338, tse]
[9930, 54.7, 50.9, 51.00, 51.90, 3338, tse]
[9931, 42.0, 40.0, 40.15, 40.20, 96, tse]
[9933, 42.25, 40.1, 42.15, 40.80, 17878, tse]
[9934, 14.3, 13.65, 14.30, 13.75, 2784, tse]
[9935, 20.05, 19.55, 20.00, 19.80, 570, tse]
[9937, 60.1, 58.3, 59.50, 59.20, 57, tse]
[9938, 58.0, 54.6, 56.80, 55.10, 2122, tse]
[9939, 106.0, 94.2, 101.00, 98.70, 19433, tse]
[9940, 29.35, 28.8, 29.25, 28.85, 653, tse]
[9941, 196.0, 187.0, 191.50, 191.50, 6262, tse]
[9942, 152.0, 143.5, 150.00, 149.50, 4202, tse]
[9943, 78.0, 67.8, 68.00, 76.50, 8366, tse]
[9944, 22.0, 20.2, 20.45, 20.95, 2229, tse]
[9945, 36.05, 34.7, 35.60, 34.85, 21363, tse]
[9946, 14.5, 13.8, 14.50, 14.00, 1007, tse]
[9949, 17.25, 15.15, 17.25, 15.65, 749, otc]
[9950, 12.7, 12.2, 12.20, 12.30, 70, otc]
[9951, 73.5, 69.7, 73.50, 70.80, 404, otc]
[9955, 29.25, 26.1, 29.20, 26.45, 19040, tse]
[9958, 115.0, 97.9, 115.00, 100.00, 25523, tse]
[9960, 31.65, 30.0, 30.30, 30.45, 398, otc]
[9962, 21.2, 19.7, 20.60, 20.00, 7877, otc]
