[1101, 37.7, 36.5, 36.50, 37.60, 67716, tse]
[1102, 43.1, 42.4, 42.70, 43.00, 16086, tse]
[1103, 19.35, 18.55, 18.70, 19.25, 1372, tse]
[1104, 25.85, 25.1, 25.55, 25.50, 6735, tse]
[1108, 14.45, 13.8, 13.85, 14.05, 12016, tse]
[1109, 17.15, 16.9, 17.10, 17.10, 1054, tse]
[1110, 17.9, 17.6, 17.80, 17.70, 475, tse]
[1201, 20.2, 19.9, 20.10, 20.05, 1578, tse]
[1203, 38.9, 37.5, 37.85, 38.25, 154, tse]
[1210, 50.6, 49.55, 50.10, 49.90, 5566, tse]
[1213, 7.4, 6.83, 7.10, 7.05, 277, tse]
[1215, 83.3, 81.4, 82.30, 82.20, 2516, tse]
[1216, 70.5, 68.9, 69.20, 70.40, 30037, tse]
[1217, 11.55, 11.35, 11.45, 11.40, 5356, tse]
[1218, 29.4, 28.35, 28.40, 29.30, 7154, tse]
[1219, 21.3, 20.35, 20.75, 20.90, 4411, tse]
[1220, 17.85, 16.5, 17.20, 16.90, 3617, tse]
[1225, 58.5, 57.4, 57.40, 58.20, 1001, tse]
[1227, 40.65, 40.0, 40.15, 40.55, 1975, tse]
[1229, 56.9, 54.4, 54.60, 56.20, 4866, tse]
[1231, 90.4, 88.0, 88.00, 88.90, 1058, tse]
[1232, 147.5, 146.0, 147.00, 147.50, 212, tse]
[1233, 34.5, 33.5, 33.60, 34.30, 63, tse]
[1234, 36.1, 35.45, 35.45, 36.05, 1168, tse]
[1235, 70.0, 68.4, 68.80, 69.40, 46, tse]
[1236, 24.35, 23.45, 23.80, 24.10, 722, tse]
[1240, 45.7, 44.8, 45.00, 45.10, 154, otc]
[1256, 350.0, 333.0, 333.00, 340.00, 146, tse]
[1258, 26.7, 26.65, 26.65, 26.65, 378, otc]
[1259, 74.9, 74.1, 74.20, 74.40, 46, otc]
[1264, 274.0, 267.5, 267.50, 270.00, 47, otc]
[1268, 139.0, 129.0, 130.00, 135.50, 1239, otc]
[1301, 91.5, 89.8, 90.50, 91.40, 20972, tse]
[1303, 77.0, 75.2, 76.40, 76.80, 16553, tse]
[1304, 27.4, 25.7, 26.85, 25.75, 22605, tse]
[1305, 27.35, 25.95, 26.90, 26.35, 10804, tse]
[1307, 21.3, 20.85, 20.90, 21.10, 691, tse]
[1308, 29.45, 28.55, 29.00, 28.60, 5616, tse]
[1309, 21.9, 21.0, 21.40, 21.15, 4072, tse]
[1310, 13.9, 13.65, 13.65, 13.85, 1965, tse]
[1312, 19.8, 19.3, 19.70, 19.60, 8270, tse]
[1313, 14.75, 14.35, 14.75, 14.50, 4345, tse]
[1314, 10.1, 9.95, 9.95, 9.97, 28531, tse]
[1315, 71.8, 70.6, 70.60, 71.70, 78, tse]
[1316, 14.1, 13.2, 13.50, 13.55, 17150, tse]
[1319, 47.6, 43.95, 44.45, 46.70, 35102, tse]
[1321, 37.45, 36.8, 36.85, 37.10, 1099, tse]
[1323, 33.3, 32.9, 33.10, 33.20, 229, tse]
[1324, 11.4, 11.05, 11.10, 11.15, 172, tse]
[1325, 24.1, 23.45, 23.50, 23.90, 642, tse]
[1326, 69.7, 67.8, 68.50, 68.80, 11135, tse]
[1336, 28.45, 26.65, 27.45, 27.65, 1583, otc]
[1337, 7.11, 6.92, 6.98, 6.98, 956, tse]
[1338, 47.1, 45.1, 45.10, 47.05, 695, tse]
[1339, 47.45, 44.5, 44.75, 46.40, 1861, tse]
[1340, 10.85, 10.4, 10.40, 10.55, 343, tse]
[1341, 70.1, 69.0, 69.50, 69.30, 72, tse]
[1342, 157.0, 142.5, 143.50, 154.00, 9978, tse]
[1402, 31.25, 30.65, 31.25, 31.10, 35207, tse]
[1409, 18.0, 17.6, 17.70, 17.95, 7823, tse]
[1410, 39.65, 38.15, 39.60, 38.95, 265, tse]
[1413, 9.69, 9.47, 9.48, 9.62, 262, tse]
[1414, 17.9, 17.65, 17.75, 17.85, 487, tse]
[1416, 11.2, 10.8, 10.90, 11.05, 1032, tse]
[1417, 13.65, 13.15, 13.35, 13.35, 2555, tse]
[1418, 14.25, 14.05, 14.10, 14.20, 89, tse]
[1419, 41.4, 40.8, 41.20, 41.35, 276, tse]
[1423, 21.0, 20.5, 20.70, 20.90, 603, tse]
[1432, 18.1, 16.6, 17.05, 17.10, 6069, tse]
[1434, 27.95, 27.45, 27.60, 27.85, 5558, tse]
[1435, 44.2, 32.25, 40.10, 32.25, 369, tse]
[1436, 57.6, 56.5, 57.30, 56.90, 221, tse]
[1437, 28.5, 27.6, 28.40, 27.90, 1736, tse]
[1438, 33.45, 31.35, 33.10, 31.55, 971, tse]
[1439, 23.95, 22.45, 22.60, 23.55, 135, tse]
[1440, 16.95, 16.6, 16.60, 16.85, 3190, tse]
[1441, 8.28, 8.07, 8.15, 8.18, 97, tse]
[1442, 35.4, 32.85, 33.15, 33.15, 11605, tse]
[1443, 29.75, 29.0, 29.15, 29.10, 253, tse]
[1444, 10.45, 10.2, 10.25, 10.35, 5422, tse]
[1445, 16.6, 16.1, 16.45, 16.40, 517, tse]
[1446, 31.9, 31.2, 31.20, 31.70, 154, tse]
[1447, 8.04, 7.9, 7.99, 7.99, 3395, tse]
[1449, 15.4, 14.95, 15.20, 15.25, 470, tse]
[1451, 23.1, 22.7, 22.95, 22.90, 2035, tse]
[1452, 17.95, 17.85, 17.95, 17.85, 283, tse]
[1453, 17.5, 14.8, 15.00, 16.85, 8209, tse]
[1454, 12.8, 12.5, 12.65, 12.70, 113, tse]
[1455, 10.8, 10.65, 10.70, 10.75, 2747, tse]
[1456, 15.35, 15.05, 15.10, 15.10, 200, tse]
[1457, 18.8, 18.5, 18.60, 18.65, 994, tse]
[1459, 9.04, 8.75, 9.04, 8.89, 256, tse]
[1460, 7.54, 7.37, 7.45, 7.40, 2034, tse]
[1463, 14.5, 14.15, 14.20, 14.40, 351, tse]
[1464, 14.9, 14.55, 14.70, 14.80, 994, tse]
[1465, 14.5, 14.05, 14.15, 14.30, 450, tse]
[1466, 11.9, 11.55, 11.70, 11.80, 196, tse]
[1467, 12.2, 11.6, 11.60, 11.75, 21929, tse]
[1468, 17.35, 14.6, 14.65, 15.20, 653, tse]
[1470, 19.65, 19.05, 19.65, 19.50, 186, tse]
[1471, 8.25, 7.74, 7.79, 8.07, 2741, tse]
[1472, 33.45, 30.7, 30.70, 31.20, 49, tse]
[1473, 24.75, 23.0, 23.70, 23.70, 1580, tse]
[1474, 12.3, 12.15, 12.20, 12.25, 252, tse]
[1475, 60.5, 56.9, 57.30, 58.60, 358, tse]
[1476, 478.0, 452.0, 455.00, 474.00, 4401, tse]
[1477, 235.0, 220.0, 221.00, 231.50, 10088, tse]
[1503, 84.5, 79.7, 80.20, 82.80, 14693, tse]
[1504, 44.0, 35.25, 35.50, 44.00, 254023, tse]
[1506, 21.4, 20.45, 20.85, 20.80, 1710, tse]
[1512, 14.9, 13.5, 14.90, 13.75, 540, tse]
[1513, 101.5, 95.2, 95.70, 95.90, 99215, tse]
[1514, 41.4, 37.95, 38.00, 39.40, 28177, tse]
[1515, 29.7, 28.95, 29.05, 29.35, 1694, tse]
[1516, 20.95, 20.15, 20.15, 20.75, 1891, tse]
[1517, 20.4, 19.65, 19.75, 20.00, 2155, tse]
[1519, 73.5, 67.0, 67.60, 71.60, 58297, tse]
[1521, 40.3, 36.75, 37.00, 39.70, 283, tse]
[1522, 30.55, 28.5, 29.00, 30.30, 25132, tse]
[1524, 28.15, 25.2, 25.70, 26.35, 86449, tse]
[1525, 64.9, 62.2, 62.90, 64.20, 326, tse]
[1526, 43.65, 41.8, 41.80, 42.15, 1496, tse]
[1527, 43.25, 42.45, 42.50, 43.00, 1127, tse]
[1528, 10.8, 10.2, 10.25, 10.60, 2782, tse]
[1529, 32.4, 24.7, 25.10, 29.30, 78009, tse]
[1530, 32.5, 31.7, 32.00, 32.40, 202, tse]
[1531, 14.55, 14.05, 14.05, 14.45, 618, tse]
[1532, 35.85, 34.85, 35.05, 35.65, 5573, tse]
[1533, 52.2, 50.6, 51.70, 51.40, 1024, tse]
[1535, 50.5, 48.35, 49.00, 48.50, 2230, tse]
[1536, 73.8, 70.5, 70.60, 73.00, 3569, tse]
[1537, 142.0, 140.0, 140.50, 142.00, 202, tse]
[1538, 9.08, 8.5, 8.50, 8.68, 53, tse]
[1539, 33.85, 30.1, 30.10, 31.90, 8952, tse]
[1540, 18.1, 17.2, 17.40, 17.85, 2111, tse]
[1541, 34.7, 33.9, 33.90, 34.45, 91, tse]
[1558, 113.5, 111.5, 112.00, 112.00, 459, tse]
[1560, 120.0, 111.0, 111.50, 117.50, 11515, tse]
[1565, 269.5, 259.0, 259.00, 260.00, 667, otc]
[1568, 25.3, 23.2, 23.25, 24.35, 3290, tse]
[1569, 26.0, 24.75, 24.75, 25.75, 2757, otc]
[1570, 18.3, 17.8, 17.80, 18.00, 545, otc]
[1580, 102.0, 99.3, 100.50, 100.50, 417, otc]
[1582, 60.7, 59.1, 59.30, 60.30, 466, tse]
[1583, 68.3, 64.6, 65.60, 67.70, 103, tse]
[1584, 32.1, 29.4, 29.80, 30.30, 40733, otc]
[1586, 33.7, 32.9, 33.40, 33.25, 362, otc]
[1587, 23.75, 22.8, 23.00, 23.20, 409, tse]
[1589, 82.5, 68.4, 69.60, 81.40, 42791, tse]
[1590, 1165.0, 1100.0, 1,130.00, 1,150.00, 3254, tse]
[1591, 31.85, 26.9, 27.35, 30.85, 5683, otc]
[1593, 79.8, 75.4, 77.50, 76.50, 235, otc]
[1595, 40.9, 39.3, 39.30, 39.75, 214, otc]
[1597, 79.8, 74.1, 78.10, 78.50, 537, tse]
[1598, 47.35, 45.15, 46.60, 46.10, 1425, tse]
[1599, 39.4, 38.7, 38.90, 38.90, 285, otc]
[1603, 32.55, 28.85, 28.85, 30.15, 18867, tse]
[1604, 27.3, 26.8, 27.00, 27.15, 1483, tse]
[1605, 53.5, 51.4, 52.80, 53.10, 161935, tse]
[1608, 15.25, 14.55, 14.55, 14.85, 3960, tse]
[1609, 27.15, 24.55, 25.05, 26.15, 90769, tse]
[1611, 16.85, 15.65, 15.75, 15.90, 23894, tse]
[1612, 19.3, 18.4, 18.50, 19.15, 2904, tse]
[1614, 36.8, 36.3, 36.45, 36.65, 161, tse]
[1615, 33.3, 32.1, 32.35, 33.00, 213, tse]
[1616, 9.3, 8.3, 8.34, 8.82, 1957, tse]
[1617, 15.1, 14.85, 15.10, 15.00, 124, tse]
[1618, 15.35, 14.55, 14.55, 15.15, 2614, tse]
[1626, 19.5, 18.25, 18.45, 18.90, 378, tse]
[1701, 26.35, 25.6, 25.85, 26.15, 8399, tse]
[1702, 47.25, 45.9, 46.40, 47.00, 982, tse]
[1707, 181.0, 171.5, 173.50, 175.00, 2279, tse]
[1708, 42.65, 41.8, 42.10, 41.95, 7919, tse]
[1709, 25.6, 24.8, 24.95, 25.40, 11738, tse]
[1710, 19.2, 18.85, 19.00, 19.15, 3568, tse]
[1711, 18.85, 18.25, 18.30, 18.70, 2194, tse]
[1712, 37.65, 35.9, 37.05, 36.85, 10872, tse]
[1713, 28.8, 27.8, 27.95, 28.20, 886, tse]
[1714, 8.98, 8.74, 8.74, 8.95, 5001, tse]
[1717, 32.4, 31.55, 31.65, 32.15, 4934, tse]
[1718, 8.44, 8.3, 8.35, 8.30, 11678, tse]
[1720, 54.9, 53.1, 54.00, 54.50, 4009, tse]
[1721, 14.55, 14.0, 14.05, 14.25, 1806, tse]
[1722, 56.9, 55.6, 56.10, 56.40, 5947, tse]
[1723, 114.0, 111.0, 111.00, 113.50, 783, tse]
[1725, 21.6, 20.8, 20.80, 21.35, 206, tse]
[1726, 72.9, 72.1, 72.10, 72.90, 57, tse]
[1727, 26.6, 25.5, 25.95, 26.45, 921, tse]
[1730, 56.9, 56.1, 56.10, 56.30, 83, tse]
[1731, 19.7, 19.55, 19.60, 19.70, 480, tse]
[1732, 28.9, 27.5, 27.60, 28.35, 602, tse]
[1733, 26.2, 25.45, 25.45, 26.15, 975, tse]
[1734, 30.8, 30.0, 30.15, 30.70, 1709, tse]
[1735, 15.45, 15.0, 15.00, 15.15, 94, tse]
[1736, 67.8, 65.8, 65.80, 66.90, 2024, tse]
[1737, 33.55, 33.2, 33.20, 33.35, 692, tse]
[1742, 15.55, 15.15, 15.50, 15.15, 350, otc]
[1752, 57.6, 55.5, 56.30, 57.40, 3815, tse]
[1760, 167.5, 158.0, 161.50, 166.00, 9730, tse]
[1762, 73.9, 70.4, 71.50, 73.40, 8106, tse]
[1773, 126.5, 116.0, 116.00, 121.50, 1481, tse]
[1776, 16.9, 16.65, 16.85, 16.80, 76, tse]
[1777, 83.2, 81.1, 81.30, 81.90, 343, otc]
[1781, 15.5, 14.9, 15.10, 15.40, 292, otc]
[1783, 56.8, 52.7, 54.00, 55.80, 6044, tse]
[1784, 45.85, 44.5, 44.95, 45.55, 1868, otc]
[1785, 37.6, 35.95, 36.10, 37.05, 12564, otc]
[1786, 69.1, 63.4, 69.10, 64.70, 2635, tse]
[1788, 145.0, 143.0, 145.00, 144.00, 92, otc]
[1789, 26.3, 25.5, 25.75, 26.20, 2120, tse]
[1795, 254.0, 242.0, 248.50, 252.50, 26090, tse]
[1796, 94.9, 87.3, 88.60, 89.10, 1015, otc]
[1799, 20.7, 18.5, 20.50, 20.10, 1009, otc]
[1802, 20.8, 20.15, 20.45, 20.50, 12792, tse]
[1805, 10.45, 10.0, 10.10, 10.20, 220, tse]
[1806, 9.06, 8.97, 8.99, 9.05, 738, tse]
[1808, 70.7, 67.2, 68.10, 69.80, 1820, tse]
[1809, 13.95, 13.5, 13.50, 13.85, 1597, tse]
[1810, 18.35, 17.4, 17.50, 17.90, 10533, tse]
[1813, 23.25, 22.2, 22.35, 22.95, 403, otc]
[1815, 12.35, 11.7, 11.85, 12.20, 5928, otc]
[1817, 39.5, 37.3, 37.30, 38.95, 679, tse]
[1903, 46.0, 42.45, 45.15, 44.60, 6832, tse]
[1904, 28.2, 27.2, 27.20, 28.00, 4201, tse]
[1905, 16.45, 16.05, 16.25, 16.35, 2805, tse]
[1906, 16.9, 16.5, 16.60, 16.75, 414, tse]
[1907, 26.8, 25.8, 26.25, 25.90, 7798, tse]
[1909, 17.05, 16.6, 16.95, 17.05, 7521, tse]
[2002, 31.5, 31.0, 31.50, 31.10, 62646, tse]
[2006, 62.9, 60.9, 62.90, 61.40, 7557, tse]
[2007, 11.65, 11.3, 11.65, 11.30, 2234, tse]
[2008, 19.75, 19.3, 19.55, 19.65, 146, tse]
[2009, 35.3, 33.7, 34.85, 33.95, 7636, tse]
[2010, 16.15, 15.7, 15.70, 15.95, 1963, tse]
[2012, 24.8, 24.3, 24.35, 24.50, 538, tse]
[2013, 60.1, 58.1, 58.10, 59.70, 707, tse]
[2014, 27.3, 26.15, 27.10, 26.55, 43551, tse]
[2015, 73.7, 72.2, 73.70, 72.90, 1002, tse]
[2017, 19.7, 17.35, 17.55, 18.45, 14545, tse]
[2020, 23.6, 23.3, 23.40, 23.40, 513, tse]
[2022, 8.3, 7.92, 7.93, 8.25, 3276, tse]
[2023, 15.9, 15.55, 15.70, 15.60, 7298, tse]
[2024, 19.8, 19.35, 19.55, 19.50, 123, tse]
[2025, 5.75, 5.56, 5.73, 5.57, 1233, tse]
[2027, 45.7, 45.0, 45.45, 45.15, 34903, tse]
[2028, 28.25, 27.4, 28.15, 27.75, 1498, tse]
[2029, 25.7, 24.8, 24.80, 25.65, 998, tse]
[2030, 23.75, 23.3, 23.30, 23.45, 3817, tse]
[2031, 48.7, 45.4, 46.00, 48.00, 18877, tse]
[2032, 20.2, 19.65, 19.75, 19.75, 908, tse]
[2033, 15.75, 15.2, 15.35, 15.70, 780, tse]
[2034, 29.55, 29.0, 29.45, 29.20, 3988, tse]
[2035, 31.95, 30.5, 31.60, 30.90, 207, otc]
[2038, 22.55, 21.85, 22.30, 21.90, 2297, tse]
[2049, 257.5, 246.0, 253.50, 250.00, 8859, tse]
[2059, 386.0, 363.5, 367.50, 379.50, 2396, tse]
[2061, 25.1, 24.1, 24.35, 24.30, 250, otc]
[2062, 23.05, 22.6, 22.60, 22.85, 572, tse]
[2063, 45.6, 44.6, 44.65, 45.20, 290, otc]
[2064, 19.15, 18.4, 18.55, 18.85, 122, otc]
[2065, 63.2, 60.3, 61.00, 62.10, 1099, otc]
[2066, 89.4, 84.5, 84.50, 88.70, 674, otc]
[2067, 11.65, 10.7, 11.20, 11.05, 251, otc]
[2069, 20.3, 20.0, 20.25, 20.10, 1071, tse]
[2070, 37.0, 35.6, 36.45, 36.95, 77, otc]
[2101, 39.4, 36.6, 36.60, 38.95, 6955, tse]
[2102, 21.95, 20.45, 20.45, 21.65, 3810, tse]
[2103, 28.1, 27.4, 28.10, 27.75, 5222, tse]
[2104, 20.4, 19.65, 19.70, 20.35, 10628, tse]
[2105, 38.4, 34.0, 34.25, 37.65, 43585, tse]
[2106, 32.7, 30.2, 30.35, 31.85, 7359, tse]
[2107, 22.3, 21.7, 21.75, 22.20, 1590, tse]
[2108, 43.6, 41.1, 43.20, 42.20, 5249, tse]
[2109, 14.8, 14.45, 14.55, 14.65, 554, tse]
[2114, 100.5, 99.0, 99.50, 99.40, 70, tse]
[2115, 32.45, 31.35, 31.90, 31.95, 160, tse]
[2201, 79.0, 74.7, 76.00, 78.80, 59423, tse]
[2204, 65.0, 57.8, 58.50, 64.60, 33519, tse]
[2206, 39.4, 38.5, 39.00, 38.85, 14440, tse]
[2207, 626.0, 593.0, 603.00, 626.00, 928, tse]
[2208, 22.8, 21.45, 21.60, 22.75, 14495, tse]
[2211, 56.5, 55.6, 56.30, 55.70, 4960, tse]
[2221, 45.7, 42.25, 42.25, 43.80, 3913, otc]
[2227, 195.0, 192.5, 193.50, 195.00, 243, tse]
[2228, 86.6, 81.6, 81.60, 84.50, 1432, tse]
[2230, 86.7, 77.2, 78.80, 77.50, 11890, otc]
[2231, 177.5, 163.5, 166.00, 177.50, 6122, tse]
[2233, 110.5, 105.5, 106.00, 108.00, 598, tse]
[2235, 47.4, 46.0, 47.40, 47.05, 82, otc]
[2236, 40.0, 37.8, 38.05, 39.10, 758, tse]
[2239, 74.2, 66.9, 66.90, 73.60, 1618, tse]
[2241, 38.4, 34.8, 35.55, 36.40, 515, tse]
[2243, 24.95, 22.6, 24.65, 22.70, 12754, tse]
[2247, 245.0, 237.0, 237.00, 239.50, 467, tse]
[2250, 73.0, 71.6, 71.90, 72.30, 76, tse]
[2301, 72.7, 69.4, 70.70, 72.30, 22355, tse]
[2302, 23.45, 19.25, 19.25, 22.30, 58134, tse]
[2303, 53.7, 52.6, 53.40, 53.10, 259715, tse]
[2305, 26.5, 24.0, 24.35, 25.95, 4600, tse]
[2308, 301.5, 285.5, 287.50, 300.50, 22659, tse]
[2312, 13.3, 12.9, 12.90, 13.10, 16300, tse]
[2313, 45.95, 43.35, 43.35, 45.65, 41611, tse]
[2314, 43.85, 42.1, 42.40, 43.70, 3927, tse]
[2316, 30.5, 28.0, 28.00, 29.15, 2340, tse]
[2317, 106.0, 102.5, 103.50, 105.50, 168385, tse]
[2321, 19.0, 18.3, 18.50, 18.65, 37, tse]
[2323, 7.93, 7.76, 7.82, 7.90, 17294, tse]
[2324, 25.0, 23.95, 24.20, 24.70, 74538, tse]
[2327, 530.0, 495.0, 497.50, 527.00, 13048, tse]
[2328, 39.1, 37.8, 38.00, 39.05, 10590, tse]
[2329, 20.6, 19.6, 19.80, 20.20, 12229, tse]
[2330, 539.0, 510.0, 517.00, 539.00, 128529, tse]
[2331, 23.65, 22.9, 23.10, 23.25, 12781, tse]
[2332, 18.6, 16.35, 16.50, 18.15, 23772, tse]
[2337, 34.8, 33.9, 34.10, 34.70, 20379, tse]
[2338, 98.7, 89.3, 90.00, 96.00, 48000, tse]
[2340, 39.35, 36.9, 37.10, 38.95, 9938, tse]
[2342, 45.0, 40.8, 41.20, 43.40, 20152, tse]
[2344, 25.75, 24.0, 24.10, 25.55, 144335, tse]
[2345, 319.0, 291.5, 297.50, 315.50, 18290, tse]
[2347, 62.4, 61.1, 61.80, 61.80, 10403, tse]
[2348, 67.8, 66.1, 67.00, 67.40, 195, tse]
[2349, 8.84, 8.13, 8.13, 8.78, 8618, tse]
[2351, 142.0, 121.5, 122.50, 133.50, 24975, tse]
[2352, 30.95, 30.05, 30.45, 30.90, 23844, tse]
[2353, 28.05, 26.55, 27.00, 28.00, 55571, tse]
[2354, 55.0, 52.1, 52.20, 54.70, 10523, tse]
[2355, 31.7, 29.5, 29.65, 31.35, 8093, tse]
[2356, 31.35, 28.1, 28.25, 30.75, 93496, tse]
[2357, 271.0, 265.0, 270.00, 270.00, 8481, tse]
[2358, 15.1, 14.5, 14.55, 14.85, 2834, tse]
[2359, 33.75, 30.7, 31.40, 32.50, 41103, tse]
[2360, 183.0, 163.5, 164.50, 181.50, 13440, tse]
[2362, 30.45, 29.9, 30.35, 30.30, 7681, tse]
[2363, 19.15, 18.6, 18.70, 18.90, 8348, tse]
[2364, 111.0, 102.0, 107.00, 105.00, 4536, tse]
[2365, 10.65, 10.15, 10.25, 10.60, 978, tse]
[2367, 18.95, 17.9, 17.95, 18.85, 14188, tse]
[2368, 98.0, 88.9, 89.60, 94.00, 82628, tse]
[2369, 15.4, 14.75, 14.80, 15.20, 3442, tse]
[2371, 33.2, 31.95, 32.35, 32.85, 20726, tse]
[2373, 80.0, 78.5, 79.00, 79.70, 164, tse]
[2374, 20.8, 20.05, 20.25, 20.45, 2680, tse]
[2375, 79.4, 73.6, 74.20, 78.10, 11044, tse]
[2376, 130.0, 118.0, 118.50, 129.00, 33821, tse]
[2377, 144.5, 139.5, 143.50, 144.00, 12287, tse]
[2379, 401.0, 385.0, 400.50, 396.00, 11392, tse]
[2380, 10.65, 10.2, 10.35, 10.50, 3018, tse]
[2382, 87.5, 83.0, 83.40, 87.50, 48281, tse]
[2383, 180.0, 168.5, 171.00, 177.00, 10729, tse]
[2385, 94.0, 90.7, 91.20, 92.70, 8061, tse]
[2387, 44.6, 40.6, 40.85, 44.10, 13576, tse]
[2388, 93.7, 88.8, 90.20, 89.60, 120834, tse]
[2390, 12.85, 12.25, 12.40, 12.65, 3229, tse]
[2392, 43.6, 38.85, 39.15, 42.85, 18312, tse]
[2393, 40.65, 38.9, 38.95, 40.55, 5838, tse]
[2395, 381.5, 356.5, 362.50, 380.00, 3849, tse]
[2397, 71.8, 68.5, 68.80, 71.80, 935, tse]
[2399, 17.5, 16.4, 16.80, 17.20, 24719, tse]
[2401, 25.4, 24.75, 25.00, 25.05, 7566, tse]
[2402, 28.75, 21.1, 21.35, 28.00, 310592, tse]
[2404, 241.0, 214.5, 228.00, 214.50, 8977, tse]
[2405, 12.6, 11.9, 12.20, 12.40, 4745, tse]
[2406, 21.15, 20.25, 20.40, 20.40, 26339, tse]
[2408, 64.7, 58.2, 59.60, 63.30, 50127, tse]
[2409, 18.7, 17.85, 17.95, 18.50, 123669, tse]
[2412, 120.5, 118.0, 118.50, 119.50, 24308, tse]
[2413, 37.9, 34.45, 35.15, 35.15, 36988, tse]
[2414, 34.7, 33.6, 33.80, 34.00, 1149, tse]
[2415, 25.5, 24.1, 24.30, 25.25, 412, tse]
[2417, 24.1, 22.7, 23.00, 24.00, 1283, tse]
[2419, 28.1, 27.0, 27.20, 27.70, 6571, tse]
[2420, 44.3, 42.9, 43.35, 43.80, 1906, tse]
[2421, 51.9, 47.6, 48.40, 51.40, 25480, tse]
[2423, 32.65, 30.0, 30.40, 31.85, 2058, tse]
[2424, 24.3, 21.9, 21.95, 22.85, 168, tse]
[2425, 33.6, 31.7, 32.00, 32.05, 7674, tse]
[2426, 18.7, 17.8, 17.95, 18.45, 2849, tse]
[2427, 16.0, 12.85, 13.10, 15.40, 50096, tse]
[2428, 146.5, 137.5, 139.50, 140.00, 2126, tse]
[2429, 16.6, 14.25, 14.45, 15.90, 1053, tse]
[2430, 49.55, 44.3, 49.55, 44.50, 5952, tse]
[2431, 10.6, 10.0, 10.10, 10.60, 2056, tse]
[2433, 52.9, 51.8, 51.80, 52.00, 219, tse]
[2434, 30.9, 30.0, 30.90, 30.25, 51, tse]
[2436, 53.1, 50.0, 50.30, 52.80, 10126, tse]
[2438, 19.2, 16.3, 17.25, 18.90, 4195, tse]
[2439, 89.2, 84.8, 85.40, 88.80, 3502, tse]
[2440, 11.65, 11.1, 11.10, 11.55, 1265, tse]
[2441, 55.1, 53.7, 53.70, 54.30, 3894, tse]
[2442, 15.3, 14.6, 14.75, 14.95, 8461, tse]
[2443, 2.95, 2.89, 2.92, 2.92, 185, tse]
[2444, 17.35, 16.3, 16.30, 16.90, 3711, tse]
[2449, 50.5, 48.8, 49.45, 49.20, 58978, tse]
[2450, 34.75, 33.75, 33.75, 34.70, 570, tse]
[2451, 73.8, 71.2, 71.70, 73.50, 2994, tse]
[2453, 72.2, 62.0, 64.80, 68.60, 160225, tse]
[2454, 794.0, 763.0, 773.00, 790.00, 25696, tse]
[2455, 93.0, 88.4, 90.00, 90.10, 27712, tse]
[2457, 64.8, 58.1, 59.90, 60.00, 276385, tse]
[2458, 105.5, 100.5, 101.00, 104.50, 4202, tse]
[2459, 57.0, 55.7, 56.20, 56.90, 264, tse]
[2460, 18.9, 18.4, 18.40, 18.80, 1459, tse]
[2461, 22.3, 19.95, 20.10, 22.30, 6795, tse]
[2462, 34.0, 31.25, 31.55, 32.60, 8844, tse]
[2464, 38.3, 37.1, 37.60, 38.00, 1352, tse]
[2465, 41.4, 39.65, 40.60, 41.10, 4778, tse]
[2466, 34.25, 33.7, 33.90, 34.25, 135, tse]
[2467, 49.95, 48.15, 48.15, 49.45, 860, tse]
[2468, 26.5, 25.0, 25.55, 25.70, 3701, tse]
[2471, 52.6, 43.6, 44.25, 50.10, 109854, tse]
[2472, 70.0, 67.0, 68.50, 67.10, 5932, tse]
[2474, 189.5, 186.5, 187.50, 189.50, 9117, tse]
[2476, 58.5, 52.8, 54.10, 57.60, 22740, tse]
[2477, 21.4, 20.15, 20.60, 21.10, 475, tse]
[2478, 48.2, 46.8, 47.75, 47.50, 663, tse]
[2480, 98.5, 95.6, 95.70, 97.20, 1257, tse]
[2481, 73.4, 69.5, 72.20, 70.00, 47822, tse]
[2482, 65.5, 52.6, 53.40, 61.00, 130549, tse]
[2483, 26.6, 25.95, 25.95, 26.50, 929, tse]
[2484, 37.95, 36.45, 36.60, 37.50, 6722, tse]
[2485, 19.9, 18.0, 18.20, 19.55, 11597, tse]
[2486, 29.75, 27.75, 27.80, 28.90, 30409, tse]
[2488, 31.3, 30.3, 30.60, 31.25, 636, tse]
[2489, 10.5, 10.1, 10.20, 10.30, 5509, tse]
[2491, 12.05, 11.7, 11.90, 11.90, 304, tse]
[2492, 98.4, 93.2, 93.20, 98.00, 7241, tse]
[2493, 55.4, 51.6, 52.90, 53.60, 2036, tse]
[2495, 23.2, 21.5, 21.85, 22.00, 34674, tse]
[2496, 52.5, 50.9, 51.50, 51.80, 130, tse]
[2497, 79.4, 74.6, 75.20, 77.60, 7153, tse]
[2498, 64.3, 62.1, 62.20, 63.00, 54858, tse]
[2501, 17.3, 16.75, 17.00, 17.20, 1924, tse]
[2504, 28.2, 27.65, 27.65, 27.80, 10410, tse]
[2505, 18.7, 18.05, 18.05, 18.50, 807, tse]
[2506, 9.32, 9.19, 9.19, 9.24, 676, tse]
[2509, 15.3, 14.8, 15.00, 15.05, 272, tse]
[2511, 11.7, 11.45, 11.55, 11.70, 1770, tse]
[2514, 17.4, 17.15, 17.15, 17.30, 241, tse]
[2515, 9.29, 9.11, 9.18, 9.14, 21806, tse]
[2516, 4.94, 4.84, 4.84, 4.93, 613, tse]
[2520, 29.8, 28.3, 28.30, 29.60, 4802, tse]
[2524, 32.4, 31.85, 32.40, 32.10, 178, tse]
[2527, 22.15, 21.6, 21.85, 22.05, 503, tse]
[2528, 20.0, 19.0, 19.20, 19.75, 1080, tse]
[2530, 18.1, 17.55, 17.85, 17.85, 2269, tse]
[2534, 24.3, 23.6, 23.75, 24.05, 5321, tse]
[2535, 33.75, 33.2, 33.25, 33.70, 2538, tse]
[2536, 24.05, 23.45, 23.55, 23.90, 1032, tse]
[2537, 6.9, 6.69, 6.77, 6.82, 4018, tse]
[2538, 12.7, 12.4, 12.60, 12.55, 1789, tse]
[2539, 37.05, 35.6, 37.05, 36.20, 1850, tse]
[2540, 76.3, 74.2, 75.80, 75.50, 1871, tse]
[2542, 41.3, 40.2, 40.50, 40.65, 10365, tse]
[2543, 9.43, 9.13, 9.20, 9.35, 348, tse]
[2545, 45.15, 43.9, 44.00, 44.60, 2597, tse]
[2546, 68.5, 62.4, 62.80, 67.50, 1665, tse]
[2547, 9.27, 9.12, 9.27, 9.18, 2603, tse]
[2548, 92.9, 90.3, 90.80, 92.80, 3362, tse]
[2596, 22.0, 20.85, 20.85, 21.95, 1050, otc]
[2597, 123.0, 120.5, 122.50, 122.50, 465, tse]
[2601, 9.39, 9.06, 9.25, 9.09, 11546, tse]
[2603, 166.0, 157.5, 163.50, 160.50, 114825, tse]
[2605, 26.45, 23.6, 24.65, 24.00, 41454, tse]
[2606, 57.1, 53.6, 56.30, 54.10, 28203, tse]
[2607, 27.95, 27.4, 27.65, 27.65, 7870, tse]
[2608, 38.35, 37.9, 38.00, 38.20, 780, tse]
[2609, 66.5, 63.9, 65.90, 64.20, 100296, tse]
[2610, 19.45, 19.0, 19.05, 19.30, 98967, tse]
[2611, 14.05, 13.55, 13.85, 13.65, 2542, tse]
[2612, 41.9, 39.05, 41.90, 39.15, 3558, tse]
[2613, 23.1, 22.25, 22.65, 22.25, 1068, tse]
[2614, 19.85, 19.1, 19.40, 19.20, 12953, tse]
[2615, 70.9, 68.7, 69.90, 70.50, 45093, tse]
[2616, 32.9, 31.75, 31.75, 32.85, 886, tse]
[2617, 33.65, 30.8, 33.65, 30.85, 10020, tse]
[2618, 26.95, 26.05, 26.20, 26.40, 82310, tse]
[2630, 20.0, 18.7, 19.80, 19.20, 2715, tse]
[2633, 30.1, 29.4, 29.60, 30.05, 17892, tse]
[2634, 42.5, 40.4, 40.50, 42.45, 82874, tse]
[2636, 81.1, 76.0, 81.00, 76.30, 8610, tse]
[2637, 68.6, 63.6, 68.00, 63.70, 27862, tse]
[2640, 119.0, 106.0, 106.50, 116.00, 2083, otc]
[2641, 21.85, 20.8, 21.85, 20.95, 16828, otc]
[2642, 47.95, 46.75, 46.75, 47.50, 328, tse]
[2643, 75.6, 73.7, 75.00, 74.30, 531, otc]
[2645, 92.4, 88.1, 89.10, 90.60, 10264, tse]
[2701, 12.75, 12.45, 12.45, 12.55, 916, tse]
[2702, 24.25, 23.35, 23.65, 23.70, 2035, tse]
[2704, 36.0, 35.0, 35.60, 35.10, 830, tse]
[2705, 18.0, 17.3, 17.50, 17.45, 2182, tse]
[2706, 14.7, 14.5, 14.55, 14.55, 921, tse]
[2707, 287.5, 270.5, 274.50, 279.00, 9306, tse]
[2712, 36.85, 33.9, 35.70, 34.40, 481, tse]
[2718, 48.8, 38.0, 38.00, 47.00, 90, otc]
[2719, 57.0, 43.9, 45.40, 52.00, 983, otc]
[2722, 55.5, 50.2, 50.20, 52.50, 7572, tse]
[2723, 158.5, 145.0, 148.00, 157.00, 7130, tse]
[2724, 15.45, 14.95, 14.95, 15.45, 2, otc]
[2726, 28.8, 25.2, 27.25, 28.80, 1224, otc]
[2727, 325.0, 273.5, 278.50, 311.50, 31101, tse]
[2729, 258.5, 243.5, 248.00, 253.00, 704, otc]
[2731, 128.0, 118.0, 120.00, 127.00, 13499, tse]
[2732, 187.0, 164.0, 166.50, 177.00, 11467, otc]
[2734, 33.6, 30.5, 31.00, 32.80, 1685, otc]
[2736, 25.2, 23.65, 24.50, 24.00, 4481, otc]
[2739, 63.8, 55.6, 55.80, 60.00, 5529, tse]
[2740, 48.0, 47.0, 47.00, 48.00, 3, otc]
[2743, 60.8, 57.3, 58.30, 60.30, 3433, otc]
[2745, 41.5, 39.2, 40.50, 40.55, 576, otc]
[2748, 91.8, 82.8, 84.00, 87.40, 30888, tse]
[2752, 274.0, 265.0, 271.00, 268.00, 76, otc]
[2753, 220.0, 204.5, 211.50, 218.00, 6423, tse]
[2754, 158.5, 150.0, 150.00, 156.00, 833, otc]
[2755, 148.5, 134.0, 136.50, 146.00, 421, otc]
[2756, 146.0, 134.5, 137.50, 145.00, 693, otc]
[2801, 17.25, 16.75, 16.90, 17.20, 26916, tse]
[2809, 34.5, 33.35, 33.80, 34.20, 3787, tse]
[2812, 13.9, 13.5, 13.55, 13.80, 25293, tse]
[2816, 15.3, 15.0, 15.05, 15.20, 360, tse]
[2820, 15.0, 14.6, 14.65, 14.95, 2394, tse]
[2832, 20.85, 20.6, 20.65, 20.75, 341, tse]
[2834, 13.4, 12.75, 12.85, 13.20, 166190, tse]
[2836, 12.55, 12.2, 12.30, 12.40, 2074, tse]
[2838, 15.8, 15.2, 15.30, 15.70, 2249, tse]
[2845, 11.25, 10.95, 11.15, 11.10, 26449, tse]
[2849, 14.75, 14.4, 14.45, 14.65, 218, tse]
[2850, 50.4, 48.6, 48.60, 49.60, 1116, tse]
[2851, 17.7, 17.1, 17.30, 17.65, 5712, tse]
[2852, 15.65, 15.35, 15.45, 15.55, 1314, tse]
[2855, 16.5, 15.8, 15.80, 16.20, 3905, tse]
[2867, 5.24, 5.05, 5.06, 5.09, 54925, tse]
[2880, 22.2, 21.3, 21.55, 22.10, 46747, tse]
[2881, 56.6, 55.0, 55.40, 56.30, 63142, tse]
[2882, 41.6, 40.0, 40.80, 41.30, 124129, tse]
[2883, 12.6, 12.0, 12.10, 12.40, 126561, tse]
[2884, 24.7, 23.6, 23.60, 24.70, 92497, tse]
[2885, 22.3, 21.65, 21.90, 22.20, 55190, tse]
[2886, 33.2, 31.75, 31.90, 33.10, 47179, tse]
[2887, 16.5, 15.9, 16.00, 16.50, 52104, tse]
[2888, 8.31, 7.94, 8.01, 8.30, 159223, tse]
[2889, 13.75, 11.85, 12.00, 13.30, 110769, tse]
[2890, 16.5, 15.8, 16.00, 16.40, 117638, tse]
[2891, 21.6, 20.7, 20.90, 21.40, 160726, tse]
[2892, 26.4, 25.45, 25.70, 26.35, 49242, tse]
[2897, 9.64, 9.32, 9.39, 9.53, 17983, tse]
[2901, 24.9, 24.4, 24.65, 24.75, 89, tse]
[2903, 23.0, 22.6, 22.90, 22.65, 4249, tse]
[2904, 22.85, 21.1, 22.00, 21.25, 1079, tse]
[2905, 15.75, 15.15, 15.30, 15.70, 1612, tse]
[2906, 17.55, 16.95, 17.20, 17.40, 2384, tse]
[2908, 21.05, 20.65, 20.75, 20.95, 1165, tse]
[2910, 30.7, 30.1, 30.10, 30.25, 39, tse]
[2911, 7.48, 7.29, 7.35, 7.30, 700, tse]
[2912, 271.0, 266.5, 269.00, 271.00, 3471, tse]
[2913, 21.95, 21.15, 21.95, 21.50, 3651, tse]
[2915, 57.9, 55.0, 57.80, 57.00, 20567, tse]
[2916, 34.75, 32.4, 33.25, 32.65, 1632, otc]
[2923, 23.8, 22.5, 22.50, 23.20, 146, tse]
[2924, 36.7, 33.2, 33.20, 36.70, 3, otc]
[2926, 64.2, 62.1, 62.10, 63.50, 105, otc]
[2929, 14.15, 13.55, 13.90, 13.80, 3575, tse]
[2937, 35.0, 33.75, 35.00, 33.95, 104, otc]
[2939, 32.9, 31.7, 31.70, 32.45, 141, tse]
[2945, 42.6, 41.6, 42.00, 42.00, 224, tse]
[2947, 93.0, 92.0, 92.50, 92.00, 43, otc]
[3002, 12.1, 11.75, 11.90, 11.95, 1383, tse]
[3003, 72.1, 69.5, 70.20, 72.00, 1299, tse]
[3004, 87.8, 83.6, 84.30, 86.10, 876, tse]
[3005, 57.5, 54.8, 57.00, 56.80, 31107, tse]
[3006, 81.6, 77.6, 78.00, 81.30, 15116, tse]
[3008, 2335.0, 2225.0, 2,250.00, 2,300.00, 2869, tse]
[3010, 89.1, 86.6, 86.60, 87.90, 1318, tse]
[3011, 24.5, 21.85, 22.15, 24.40, 22658, tse]
[3013, 24.05, 21.2, 21.45, 22.30, 96957, tse]
[3014, 88.7, 86.2, 86.30, 88.50, 1877, tse]
[3015, 46.7, 44.6, 44.60, 46.20, 1402, tse]
[3016, 73.3, 71.0, 71.20, 73.00, 3456, tse]
[3017, 142.5, 117.0, 117.00, 142.50, 112716, tse]
[3019, 67.2, 64.1, 65.20, 66.10, 4098, tse]
[3021, 22.45, 21.05, 21.25, 21.55, 1444, tse]
[3022, 84.8, 74.0, 74.30, 84.20, 25554, tse]
[3023, 318.0, 296.0, 300.00, 314.00, 1901, tse]
[3024, 15.2, 14.3, 14.40, 15.05, 9923, tse]
[3025, 26.8, 22.3, 22.55, 25.70, 14972, tse]
[3026, 101.0, 98.0, 98.00, 100.00, 921, tse]
[3027, 48.8, 45.5, 46.45, 45.50, 85571, tse]
[3028, 32.3, 31.65, 31.85, 32.15, 4196, tse]
[3029, 59.3, 53.1, 53.10, 57.00, 64088, tse]
[3030, 64.0, 62.2, 62.80, 63.70, 1840, tse]
[3031, 18.8, 17.0, 17.20, 18.25, 2082, tse]
[3032, 38.6, 36.25, 36.30, 37.50, 4109, tse]
[3033, 30.2, 29.25, 29.35, 30.15, 8594, tse]
[3034, 437.0, 428.5, 434.50, 436.50, 19539, tse]
[3035, 218.0, 191.0, 198.00, 215.50, 102515, tse]
[3036, 67.2, 65.8, 66.40, 66.30, 3644, tse]
[3037, 151.0, 133.5, 134.50, 148.00, 176366, tse]
[3038, 26.0, 23.85, 24.00, 24.50, 38224, tse]
[3040, 32.0, 31.2, 31.20, 32.00, 89, tse]
[3041, 22.25, 20.35, 20.50, 21.75, 4355, tse]
[3042, 89.1, 86.9, 86.90, 88.20, 7654, tse]
[3043, 35.45, 31.5, 31.50, 34.15, 805, tse]
[3044, 112.5, 106.0, 107.50, 112.00, 6647, tse]
[3045, 100.5, 98.3, 99.40, 100.50, 10870, tse]
[3046, 73.8, 66.5, 67.50, 70.10, 60325, tse]
[3047, 17.15, 16.0, 16.10, 16.75, 30430, tse]
[3048, 28.75, 27.6, 27.70, 28.60, 2066, tse]
[3049, 10.1, 9.76, 9.84, 10.00, 7443, tse]
[3050, 16.8, 15.0, 16.40, 15.00, 7559, tse]
[3051, 20.8, 17.75, 18.00, 19.50, 10527, tse]
[3052, 11.25, 11.0, 11.15, 11.05, 973, tse]
[3054, 19.2, 18.5, 18.90, 19.00, 147, tse]
[3055, 29.95, 28.15, 28.15, 29.40, 495, tse]
[3056, 43.5, 41.85, 43.00, 43.50, 39507, tse]
[3057, 11.4, 11.0, 11.10, 11.25, 358, tse]
[3058, 16.8, 13.95, 14.00, 15.10, 16358, tse]
[3059, 36.95, 33.15, 33.55, 35.55, 21109, tse]
[3060, 18.0, 17.25, 17.25, 17.80, 691, tse]
[3062, 23.55, 22.8, 23.00, 23.50, 11026, tse]
[3064, 14.45, 13.8, 14.30, 13.95, 30, otc]
[3066, 27.75, 24.8, 24.90, 25.30, 1934, otc]
[3067, 33.6, 33.1, 33.60, 33.10, 2, otc]
[3071, 27.2, 25.8, 25.80, 26.75, 1786, otc]
[3078, 39.4, 37.85, 38.20, 38.90, 9742, otc]
[3081, 143.0, 114.5, 116.00, 140.00, 25711, otc]
[3083, 44.85, 43.2, 43.50, 44.00, 846, otc]
[3085, 21.8, 20.9, 21.00, 21.80, 46, otc]
[3086, 81.0, 74.0, 76.40, 77.50, 106, otc]
[3088, 81.7, 74.5, 78.10, 78.90, 12704, otc]
[3089, 57.1, 54.0, 55.00, 55.60, 73, otc]
[3090, 59.7, 58.8, 59.50, 59.10, 3956, tse]
[3092, 38.15, 36.1, 36.80, 36.40, 3485, tse]
[3093, 41.95, 39.15, 41.60, 39.40, 10669, otc]
[3094, 36.65, 32.7, 32.95, 34.70, 37448, tse]
[3095, 31.35, 29.9, 31.15, 30.00, 78, otc]
[3105, 181.0, 169.0, 170.00, 179.50, 21033, otc]
[3114, 28.7, 27.25, 27.25, 27.75, 2083, otc]
[3115, 11.9, 11.0, 11.55, 11.40, 34, otc]
[3118, 30.45, 29.5, 29.70, 30.25, 263, otc]
[3122, 28.95, 27.1, 27.10, 28.30, 1077, otc]
[3128, 43.4, 41.4, 42.15, 42.40, 4021, otc]
[3130, 208.0, 205.0, 205.00, 208.00, 88, tse]
[3131, 340.5, 292.0, 298.00, 315.50, 3771, otc]
[3138, 165.0, 158.5, 160.00, 161.50, 2861, tse]
[3141, 113.5, 104.0, 104.50, 111.50, 13288, otc]
[3147, 64.3, 61.3, 61.50, 63.50, 3623, otc]
[3149, 18.6, 18.05, 18.25, 18.45, 1676, tse]
[3152, 229.5, 200.0, 202.00, 225.00, 1146, otc]
[3162, 64.3, 56.2, 56.50, 59.80, 71327, otc]
[3163, 57.3, 53.5, 54.10, 56.60, 6771, otc]
[3164, 24.5, 23.7, 23.90, 24.00, 227, tse]
[3167, 44.3, 43.2, 43.55, 44.00, 203, tse]
[3169, 127.0, 118.5, 119.00, 125.00, 4584, otc]
[3171, 18.35, 17.45, 18.20, 18.20, 191, otc]
[3176, 32.7, 32.0, 32.20, 32.50, 645, otc]
[3178, 86.7, 75.5, 78.20, 79.10, 9997, otc]
[3188, 13.25, 12.8, 12.95, 13.00, 1721, otc]
[3189, 121.0, 115.5, 116.50, 117.00, 44157, tse]
[3191, 8.65, 8.01, 8.02, 8.25, 73, otc]
[3202, 15.7, 14.7, 14.70, 15.35, 2409, otc]
[3205, 44.5, 38.8, 39.25, 41.95, 1178, otc]
[3206, 31.35, 30.6, 30.80, 31.05, 371, otc]
[3207, 82.8, 76.9, 80.00, 77.00, 14717, otc]
[3209, 41.15, 39.9, 39.95, 40.25, 9521, tse]
[3211, 83.2, 80.2, 80.20, 82.20, 2297, otc]
[3213, 52.1, 48.9, 48.90, 51.40, 461, otc]
[3217, 115.0, 102.5, 105.00, 111.00, 29185, otc]
[3218, 359.5, 339.0, 348.00, 351.00, 2120, otc]
[3219, 56.9, 55.1, 55.70, 55.10, 69, otc]
[3221, 30.3, 28.25, 28.35, 29.90, 6996, otc]
[3224, 49.1, 45.9, 46.50, 47.80, 4310, otc]
[3226, 53.3, 51.7, 53.30, 52.20, 11, otc]
[3227, 110.5, 105.5, 105.50, 110.00, 2049, otc]
[3228, 200.0, 181.5, 181.50, 196.50, 6532, otc]
[3229, 20.05, 19.55, 19.70, 20.05, 102, tse]
[3230, 12.6, 12.05, 12.10, 12.20, 738, otc]
[3231, 40.35, 35.0, 35.00, 40.00, 295655, tse]
[3232, 30.25, 28.2, 29.70, 29.90, 856, otc]
[3234, 25.15, 23.55, 23.80, 25.15, 2894, otc]
[3236, 31.3, 29.6, 30.00, 30.15, 10551, otc]
[3252, 19.15, 18.1, 18.20, 18.70, 1428, otc]
[3257, 51.5, 48.15, 48.95, 51.50, 760, tse]
[3259, 19.8, 19.0, 19.00, 19.75, 245, otc]
[3260, 79.3, 68.1, 68.40, 78.50, 32937, otc]
[3264, 58.9, 57.2, 58.30, 58.00, 24043, otc]
[3265, 60.9, 58.6, 60.20, 58.80, 6867, otc]
[3266, 12.7, 12.45, 12.50, 12.55, 484, tse]
[3268, 24.4, 22.8, 23.10, 24.00, 388, otc]
[3272, 46.8, 40.85, 42.45, 45.20, 8848, otc]
[3276, 14.95, 14.3, 14.70, 14.60, 702, otc]
[3284, 15.6, 14.1, 14.15, 15.25, 1169, otc]
[3285, 21.95, 19.8, 19.90, 21.85, 253, otc]
[3287, 13.95, 13.4, 13.50, 13.95, 305, otc]
[3288, 22.7, 21.85, 22.70, 22.45, 15, otc]
[3289, 95.2, 89.9, 90.20, 90.90, 11308, otc]
[3290, 30.45, 27.9, 28.30, 28.90, 31810, otc]
[3293, 567.0, 548.0, 561.00, 563.00, 3630, otc]
[3294, 20.8, 17.5, 17.50, 20.10, 9225, otc]
[3296, 18.25, 17.3, 17.45, 17.95, 4262, tse]
[3297, 20.5, 18.35, 18.35, 19.85, 1481, otc]
[3303, 27.5, 26.75, 26.75, 27.35, 408, otc]
[3305, 47.75, 45.45, 45.80, 47.60, 1783, tse]
[3306, 27.7, 23.4, 23.50, 26.25, 8830, otc]
[3308, 17.6, 16.1, 16.25, 17.30, 468, tse]
[3310, 70.0, 63.8, 67.20, 67.00, 2029, otc]
[3311, 34.65, 33.95, 34.60, 34.20, 295, tse]
[3312, 19.8, 18.95, 18.95, 19.60, 2368, tse]
[3313, 10.25, 10.05, 10.20, 10.15, 172, otc]
[3317, 58.4, 55.6, 56.70, 57.90, 2038, otc]
[3321, 6.8, 6.22, 6.80, 6.50, 941, tse]
[3322, 24.8, 19.8, 20.10, 23.45, 79430, otc]
[3323, 35.0, 33.0, 33.20, 34.40, 884, otc]
[3324, 195.0, 163.5, 164.50, 194.50, 35391, otc]
[3325, 14.25, 13.5, 13.60, 14.20, 428, otc]
[3332, 44.3, 43.0, 43.00, 43.95, 45, otc]
[3338, 44.8, 36.3, 36.35, 42.60, 14355, tse]
[3339, 14.75, 12.95, 13.05, 14.75, 1250, otc]
[3346, 44.9, 41.5, 41.75, 44.40, 16332, tse]
[3349, 14.55, 13.9, 14.20, 14.10, 78, otc]
[3354, 14.05, 13.35, 13.65, 13.95, 359, otc]
[3356, 45.25, 40.35, 40.80, 43.55, 13345, tse]
[3357, 117.0, 112.0, 113.00, 115.50, 503, otc]
[3360, 14.0, 13.85, 14.00, 13.90, 333, otc]
[3362, 125.5, 114.0, 115.50, 118.50, 16163, otc]
[3363, 27.6, 23.95, 24.00, 26.50, 10773, otc]
[3372, 12.35, 11.55, 11.70, 12.25, 2246, otc]
[3373, 24.9, 23.7, 24.05, 24.90, 235, otc]
[3374, 112.0, 107.0, 107.00, 110.50, 5938, otc]
[3376, 87.3, 85.1, 85.40, 87.00, 1365, tse]
[3379, 12.45, 11.95, 11.95, 12.40, 490, otc]
[3380, 34.95, 34.0, 34.30, 34.55, 8647, tse]
[3388, 74.6, 73.0, 73.10, 73.70, 168, otc]
[3390, 19.05, 17.8, 18.10, 18.90, 880, otc]
[3402, 52.4, 49.9, 50.40, 50.90, 4283, otc]
[3406, 415.0, 390.0, 393.00, 395.00, 10630, tse]
[3413, 202.0, 192.0, 192.50, 201.00, 2282, tse]
[3416, 107.5, 98.5, 99.00, 105.00, 3443, tse]
[3419, 20.3, 18.2, 18.50, 19.70, 9855, tse]
[3426, 39.7, 39.3, 39.40, 39.45, 11, otc]
[3430, 51.0, 47.4, 47.70, 50.10, 1873, otc]
[3432, 21.0, 16.2, 18.60, 19.75, 36953, tse]
[3434, 31.0, 26.7, 26.70, 30.30, 5606, otc]
[3437, 22.5, 19.3, 19.30, 21.30, 4085, tse]
[3438, 68.0, 61.5, 61.60, 65.90, 2880, otc]
[3441, 52.3, 45.35, 45.90, 46.70, 21493, otc]
[3443, 1230.0, 1105.0, 1,150.00, 1,165.00, 31669, tse]
[3444, 62.8, 60.5, 60.80, 62.00, 1383, otc]
[3447, 47.4, 42.75, 43.50, 46.40, 1979, tse]
[3450, 41.45, 39.9, 39.90, 41.20, 857, tse]
[3454, 280.5, 263.0, 268.00, 274.00, 18647, tse]
[3455, 95.5, 93.0, 94.30, 95.40, 3039, otc]
[3465, 95.0, 87.6, 88.00, 92.50, 90, otc]
[3466, 32.45, 28.1, 28.20, 32.20, 4140, otc]
[3479, 99.4, 86.7, 86.70, 94.70, 45649, otc]
[3481, 15.0, 14.2, 14.65, 14.50, 311366, tse]
[3483, 73.0, 61.3, 62.00, 70.00, 14509, otc]
[3484, 45.4, 42.7, 42.95, 44.05, 1897, otc]
[3489, 10.65, 10.45, 10.50, 10.50, 287, otc]
[3490, 26.45, 25.05, 25.05, 25.80, 561, otc]
[3491, 181.0, 160.5, 164.00, 173.50, 31439, otc]
[3492, 20.85, 19.7, 19.85, 20.30, 625, otc]
[3494, 11.3, 10.85, 11.00, 11.00, 2764, tse]
[3498, 38.15, 35.4, 37.50, 35.75, 1073, otc]
[3499, 23.95, 18.15, 18.30, 22.60, 29515, otc]
[3501, 53.2, 52.2, 52.50, 53.10, 1291, tse]
[3504, 88.5, 84.1, 84.80, 87.00, 2993, tse]
[3508, 37.4, 36.1, 36.65, 36.70, 1920, otc]
[3511, 38.0, 36.5, 37.00, 37.85, 1552, otc]
[3512, 31.7, 30.75, 31.00, 31.10, 529, otc]
[3515, 144.0, 136.0, 139.00, 141.00, 4976, tse]
[3516, 18.75, 15.95, 15.95, 17.10, 1800, otc]
[3518, 23.9, 22.1, 22.75, 22.70, 1167, tse]
[3520, 22.3, 20.35, 20.50, 21.70, 5546, otc]
[3521, 22.85, 21.2, 21.60, 22.15, 2202, otc]
[3522, 12.0, 11.2, 11.80, 11.20, 174, otc]
[3523, 21.05, 19.05, 20.90, 20.40, 107, otc]
[3526, 145.0, 139.5, 141.50, 143.50, 832, otc]
[3527, 125.0, 115.0, 115.50, 122.50, 2462, otc]
[3528, 59.2, 57.0, 58.00, 58.90, 535, tse]
[3529, 2055.0, 1945.0, 1,985.00, 1,960.00, 2429, otc]
[3530, 88.8, 81.2, 81.50, 85.60, 1112, tse]
[3531, 28.35, 27.7, 27.95, 28.35, 297, otc]
[3532, 175.5, 162.5, 163.00, 170.00, 15667, tse]
[3533, 939.0, 814.0, 814.00, 896.00, 12076, tse]
[3535, 22.95, 22.0, 22.20, 22.70, 2664, tse]
[3536, 4.15, 3.95, 3.95, 4.08, 129, tse]
[3537, 37.45, 36.4, 36.65, 37.30, 443, otc]
[3540, 35.7, 31.7, 31.70, 34.60, 1991, otc]
[3541, 59.1, 57.5, 57.60, 58.70, 402, otc]
[3543, 20.35, 19.85, 20.10, 20.30, 363, tse]
[3545, 84.5, 76.4, 76.90, 78.50, 41451, tse]
[3546, 80.0, 73.8, 73.90, 78.70, 1061, otc]
[3548, 67.8, 63.7, 64.10, 67.20, 1140, otc]
[3550, 15.1, 14.65, 14.80, 14.95, 1147, tse]
[3551, 61.1, 60.3, 61.00, 61.10, 305, otc]
[3552, 168.5, 158.0, 161.00, 165.50, 7863, otc]
[3555, 29.0, 26.5, 27.05, 28.45, 34, otc]
[3556, 64.4, 62.3, 62.40, 63.90, 517, otc]
[3557, 63.8, 62.0, 62.90, 62.40, 288, tse]
[3558, 377.5, 322.0, 330.50, 357.00, 39890, otc]
[3563, 199.0, 182.0, 184.00, 196.50, 1496, tse]
[3564, 39.9, 36.15, 36.45, 39.70, 1410, otc]
[3567, 29.0, 27.65, 27.65, 28.70, 390, otc]
[3570, 126.0, 112.0, 114.00, 113.50, 1376, otc]
[3576, 21.7, 20.8, 21.45, 20.90, 55272, tse]
[3577, 80.7, 78.0, 78.30, 78.90, 451, otc]
[3580, 60.6, 58.8, 59.20, 60.30, 2023, otc]
[3581, 22.5, 22.1, 22.35, 22.30, 62, otc]
[3583, 85.0, 80.8, 81.50, 83.90, 2610, tse]
[3587, 191.0, 174.5, 178.50, 187.00, 4956, otc]
[3588, 63.6, 60.5, 60.60, 63.30, 1669, tse]
[3591, 23.0, 21.55, 21.70, 22.90, 9102, tse]
[3592, 452.0, 407.0, 407.00, 427.00, 10214, tse]
[3593, 13.0, 12.5, 13.00, 12.70, 147, tse]
[3594, 50.8, 46.2, 46.80, 49.35, 30236, otc]
[3596, 106.5, 103.0, 104.50, 105.50, 5438, tse]
[3597, 25.8, 25.05, 25.35, 25.50, 107, otc]
[3605, 34.05, 32.85, 33.05, 33.25, 2249, tse]
[3607, 12.65, 12.15, 12.15, 12.40, 959, tse]
[3609, 45.8, 44.1, 45.30, 44.30, 45, otc]
[3611, 249.5, 233.5, 235.00, 244.50, 1022, otc]
[3615, 17.8, 17.0, 17.10, 17.50, 580, otc]
[3617, 117.5, 112.0, 113.00, 115.50, 3112, tse]
[3622, 29.75, 29.0, 29.15, 29.45, 489, tse]
[3623, 16.9, 16.25, 16.25, 16.55, 87, otc]
[3624, 71.8, 66.0, 71.00, 66.40, 32809, otc]
[3625, 14.55, 13.2, 13.25, 14.30, 2900, otc]
[3628, 51.9, 43.75, 43.75, 49.60, 5315, otc]
[3629, 51.6, 37.8, 37.80, 51.60, 699, otc]
[3630, 32.25, 30.65, 31.30, 31.00, 5151, otc]
[3631, 37.85, 36.0, 37.35, 36.00, 167, otc]
[3632, 12.45, 11.3, 11.55, 12.00, 101, otc]
[3645, 35.1, 33.3, 33.40, 34.80, 1080, tse]
[3646, 27.6, 26.0, 26.65, 27.40, 783, otc]
[3652, 36.2, 26.95, 27.65, 32.10, 34838, tse]
[3653, 452.5, 404.0, 410.00, 451.00, 16760, tse]
[3661, 1335.0, 1190.0, 1,195.00, 1,255.00, 27446, tse]
[3663, 31.3, 29.6, 29.65, 30.65, 729, otc]
[3664, 18.35, 15.15, 15.15, 18.35, 3758, otc]
[3665, 279.5, 269.5, 270.00, 277.50, 4011, tse]
[3666, 26.05, 21.55, 22.60, 24.15, 7176, otc]
[3669, 46.1, 44.75, 45.00, 45.85, 597, tse]
[3672, 28.0, 27.0, 27.40, 27.40, 120, otc]
[3673, 35.85, 34.35, 34.45, 35.30, 8383, tse]
[3675, 316.5, 292.5, 300.50, 304.00, 15402, otc]
[3679, 94.9, 93.2, 93.50, 93.90, 157, tse]
[3680, 372.0, 343.0, 344.00, 360.00, 14797, otc]
[3682, 6.29, 6.04, 6.04, 6.28, 10358, tse]
[3684, 68.1, 65.5, 66.50, 67.20, 318, otc]
[3685, 22.95, 20.1, 20.15, 21.50, 3213, otc]
[3686, 16.05, 15.3, 15.60, 15.45, 3058, tse]
[3687, 88.0, 85.0, 86.00, 87.50, 582, otc]
[3689, 38.7, 35.95, 36.00, 37.85, 3219, otc]
[3691, 123.0, 109.0, 109.00, 119.00, 8858, otc]
[3693, 131.0, 111.0, 112.00, 124.00, 9599, otc]
[3694, 24.3, 20.1, 20.35, 23.65, 9003, tse]
[3701, 52.2, 49.2, 49.55, 50.50, 6133, tse]
[3702, 48.95, 48.0, 48.10, 48.70, 11459, tse]
[3703, 31.95, 30.2, 30.35, 31.35, 12874, tse]
[3704, 37.55, 36.4, 37.55, 37.00, 15967, tse]
[3705, 43.65, 42.15, 42.30, 43.35, 2329, tse]
[3706, 28.9, 28.15, 28.20, 28.70, 12988, tse]
[3707, 92.2, 89.3, 90.20, 90.80, 15514, otc]
[3708, 106.0, 101.0, 102.50, 103.50, 5180, tse]
[3709, 22.7, 22.45, 22.60, 22.70, 43, otc]
[3710, 13.8, 11.7, 11.70, 12.60, 28760, otc]
[3711, 111.5, 106.5, 109.00, 111.00, 58853, tse]
[3712, 38.5, 35.3, 35.65, 37.20, 13019, tse]
[3713, 30.7, 29.0, 30.55, 29.40, 704, otc]
[3714, 55.7, 48.05, 48.25, 55.70, 47435, tse]
[3715, 21.45, 17.85, 17.85, 21.35, 51434, tse]
[4102, 30.0, 27.7, 28.05, 29.60, 4313, otc]
[4104, 83.0, 80.0, 83.00, 81.50, 2405, tse]
[4105, 79.2, 76.7, 77.00, 78.90, 4319, otc]
[4106, 29.4, 28.0, 28.25, 29.40, 1102, tse]
[4107, 116.0, 114.0, 114.00, 115.00, 742, otc]
[4108, 19.0, 18.25, 18.45, 18.90, 790, tse]
[4109, 14.9, 14.4, 14.60, 14.70, 517, otc]
[4111, 27.95, 26.85, 26.85, 27.55, 1699, otc]
[4113, 15.15, 14.1, 14.15, 15.05, 3873, otc]
[4114, 44.5, 42.7, 43.65, 44.50, 15475, otc]
[4116, 63.0, 58.5, 58.80, 63.00, 1008, otc]
[4119, 115.5, 111.0, 114.00, 114.00, 2401, tse]
[4120, 36.2, 35.5, 35.60, 36.10, 83, otc]
[4121, 24.1, 23.5, 23.60, 23.90, 1815, otc]
[4123, 46.45, 43.75, 44.45, 46.25, 5022, otc]
[4126, 86.5, 83.1, 84.90, 83.90, 1935, otc]
[4127, 15.75, 14.05, 14.25, 15.20, 2405, otc]
[4128, 66.3, 61.8, 62.30, 66.10, 12182, otc]
[4129, 55.5, 50.4, 51.20, 54.70, 6902, otc]
[4130, 27.6, 26.3, 26.70, 27.50, 2194, otc]
[4131, 26.95, 24.6, 25.75, 25.20, 104, otc]
[4133, 37.5, 35.8, 36.00, 37.30, 872, tse]
[4137, 216.5, 204.5, 208.50, 214.00, 889, tse]
[4138, 75.1, 72.7, 72.70, 74.00, 449, otc]
[4139, 39.1, 37.7, 38.90, 38.05, 141, otc]
[4142, 39.75, 38.35, 38.80, 39.50, 4756, tse]
[4147, 95.7, 72.3, 73.00, 95.70, 34907, otc]
[4148, 69.0, 63.3, 64.40, 65.20, 2156, tse]
[4153, 42.5, 39.3, 39.80, 41.05, 1398, otc]
[4154, 36.8, 34.0, 34.00, 36.40, 24, otc]
[4155, 39.25, 35.65, 37.15, 36.45, 15720, tse]
[4157, 16.1, 13.9, 14.20, 15.65, 18443, otc]
[4160, 28.2, 26.85, 27.25, 28.20, 183, otc]
[4161, 29.6, 27.65, 28.30, 29.45, 756, otc]
[4162, 114.0, 104.0, 107.00, 113.00, 8458, otc]
[4163, 128.5, 124.0, 125.00, 125.50, 1688, otc]
[4164, 72.0, 66.2, 68.20, 66.20, 22092, tse]
[4167, 19.2, 18.45, 18.70, 19.00, 7239, otc]
[4168, 31.75, 30.05, 30.40, 31.60, 1935, otc]
[4171, 61.0, 55.7, 56.30, 60.70, 2188, otc]
[4173, 19.25, 18.8, 18.85, 19.25, 478, otc]
[4174, 83.2, 76.2, 78.00, 81.90, 3049, otc]
[4175, 88.7, 81.5, 81.70, 88.70, 1324, otc]
[4183, 19.3, 18.6, 18.60, 19.05, 52, otc]
[4188, 16.45, 15.5, 16.25, 16.00, 338, otc]
[4190, 94.1, 82.6, 83.90, 93.30, 4301, tse]
[4192, 22.55, 18.3, 22.55, 19.50, 1458, otc]
[4198, 26.7, 25.05, 26.65, 25.45, 30, otc]
[4205, 108.0, 104.5, 106.00, 107.50, 56, otc]
[4207, 14.4, 13.9, 14.15, 14.05, 968, otc]
[4303, 17.6, 16.55, 16.80, 17.30, 436, otc]
[4304, 10.0, 9.51, 9.89, 10.00, 280, otc]
[4305, 32.0, 31.5, 31.90, 31.70, 22, otc]
[4306, 16.65, 15.4, 15.50, 16.10, 21874, tse]
[4401, 27.3, 26.3, 26.60, 26.80, 88, otc]
[4402, 11.7, 10.5, 10.60, 11.40, 2061, otc]
[4406, 10.7, 10.45, 10.55, 10.55, 121, otc]
[4413, 16.05, 15.5, 15.70, 15.80, 57, otc]
[4416, 87.9, 85.7, 86.10, 87.90, 13, otc]
[4417, 40.1, 39.4, 39.40, 40.00, 1076, otc]
[4419, 18.4, 17.3, 18.00, 18.40, 100, otc]
[4420, 31.0, 30.2, 30.20, 30.90, 74, otc]
[4426, 27.5, 26.3, 26.50, 27.20, 2014, tse]
[4430, 23.5, 22.8, 23.20, 22.95, 98, otc]
[4432, 27.4, 24.15, 24.30, 25.50, 3834, otc]
[4433, 34.85, 33.6, 34.20, 34.00, 482, otc]
[4438, 117.5, 113.0, 114.00, 116.50, 632, tse]
[4439, 113.0, 109.0, 110.50, 110.00, 170, tse]
[4440, 34.95, 34.3, 34.35, 34.70, 795, tse]
[4502, 37.1, 36.7, 36.75, 37.10, 89, otc]
[4503, 48.35, 45.25, 45.85, 47.70, 3047, otc]
[4506, 76.0, 74.8, 75.50, 75.50, 385, otc]
[4510, 11.65, 11.15, 11.15, 11.60, 1216, otc]
[4513, 20.4, 18.85, 18.85, 19.05, 2038, otc]
[4523, 38.45, 37.25, 37.25, 37.70, 152, otc]
[4526, 17.25, 16.85, 16.85, 16.95, 1705, tse]
[4527, 32.0, 29.85, 30.00, 30.55, 672, otc]
[4528, 32.8, 32.1, 32.15, 32.75, 84, otc]
[4529, 10.3, 9.97, 10.25, 9.98, 516, otc]
[4530, 7.13, 6.6, 7.13, 6.84, 64, otc]
[4532, 18.5, 17.8, 17.85, 18.45, 3247, tse]
[4533, 11.65, 11.3, 11.40, 11.60, 1057, otc]
[4534, 10.0, 9.8, 9.88, 9.93, 694, otc]
[4535, 38.7, 38.05, 38.15, 38.15, 44, otc]
[4536, 222.0, 202.5, 203.50, 215.50, 8389, tse]
[4538, 22.65, 20.75, 20.90, 21.65, 286, otc]
[4540, 41.8, 40.55, 41.00, 41.20, 415, tse]
[4541, 35.35, 32.85, 32.85, 34.35, 6702, otc]
[4542, 27.4, 26.05, 26.05, 27.00, 45, otc]
[4543, 30.25, 27.6, 28.10, 29.35, 7053, otc]
[4545, 32.2, 31.0, 31.30, 31.95, 267, tse]
[4549, 93.0, 90.6, 91.40, 92.60, 422, otc]
[4550, 33.4, 30.1, 30.85, 31.75, 3837, otc]
[4551, 151.0, 143.0, 148.50, 149.50, 2836, tse]
[4552, 30.15, 29.8, 29.80, 30.15, 333, tse]
[4554, 27.35, 26.2, 26.70, 27.15, 358, otc]
[4555, 48.9, 47.9, 48.90, 48.00, 376, tse]
[4556, 31.6, 30.6, 31.10, 31.20, 56, otc]
[4557, 113.5, 109.5, 110.00, 109.50, 396, tse]
[4558, 33.7, 25.8, 27.10, 32.00, 1429, otc]
[4560, 39.7, 38.6, 38.90, 39.35, 644, tse]
[4561, 22.7, 22.0, 22.25, 22.20, 269, otc]
[4562, 16.15, 15.55, 16.05, 16.00, 590, tse]
[4563, 40.55, 39.2, 39.50, 39.70, 260, otc]
[4564, 25.2, 24.2, 24.30, 24.50, 3932, tse]
[4566, 54.6, 51.0, 52.00, 52.80, 2172, tse]
[4568, 63.2, 62.0, 62.00, 63.10, 52, otc]
[4571, 75.3, 73.2, 73.60, 75.00, 115, tse]
[4572, 143.0, 136.0, 138.50, 137.50, 1576, tse]
[4576, 78.6, 76.0, 76.00, 77.10, 313, tse]
[4577, 31.55, 30.4, 30.85, 30.85, 795, otc]
[4580, 93.6, 88.0, 88.00, 91.50, 1362, otc]
[4581, 42.75, 40.3, 40.50, 42.55, 144, tse]
[4583, 220.0, 206.5, 215.00, 210.00, 307, tse]
[4584, 51.7, 50.0, 50.10, 51.40, 128, otc]
[4609, 8.18, 7.86, 8.17, 8.18, 6, otc]
[4702, 15.35, 12.65, 12.65, 14.35, 6435, otc]
[4706, 17.5, 17.35, 17.35, 17.40, 53, otc]
[4707, 12.95, 12.65, 12.70, 12.85, 2479, otc]
[4711, 15.4, 14.75, 15.10, 15.10, 516, otc]
[4712, 4.8, 4.8, 4.80, 4.80, 1, otc]
[4714, 11.3, 10.75, 10.95, 11.10, 851, otc]
[4716, 12.65, 12.5, 12.55, 12.55, 582, otc]
[4720, 14.65, 14.05, 14.20, 14.50, 574, tse]
[4721, 113.0, 101.0, 101.50, 110.50, 6547, otc]
[4722, 35.4, 34.65, 34.70, 35.20, 183, tse]
[4726, 39.75, 37.15, 37.90, 39.55, 1854, otc]
[4728, 148.0, 136.0, 136.00, 145.00, 606, otc]
[4729, 16.8, 15.55, 16.00, 16.45, 655, otc]
[4735, 39.55, 38.25, 38.25, 39.05, 107, otc]
[4736, 192.0, 187.5, 190.00, 188.00, 2352, otc]
[4737, 78.0, 76.5, 77.10, 76.90, 284, tse]
[4739, 104.0, 95.3, 95.70, 102.00, 7254, tse]
[4741, 28.05, 27.05, 27.30, 27.70, 107, otc]
[4743, 269.5, 249.0, 252.50, 269.00, 24366, otc]
[4744, 31.9, 29.7, 29.85, 31.45, 1915, otc]
[4745, 26.75, 25.2, 25.40, 26.45, 296, otc]
[4746, 71.4, 67.1, 69.80, 70.10, 9938, tse]
[4747, 55.4, 52.4, 53.60, 54.50, 1650, otc]
[4754, 39.7, 38.05, 39.00, 38.85, 152, otc]
[4755, 131.5, 121.0, 121.00, 128.00, 1662, tse]
[4760, 64.4, 58.3, 58.70, 62.40, 628, otc]
[4763, 343.5, 303.0, 308.50, 307.00, 54560, tse]
[4764, 54.9, 52.3, 52.50, 53.50, 39, tse]
[4766, 140.0, 136.5, 138.00, 139.50, 201, tse]
[4767, 27.5, 26.55, 26.80, 26.60, 82, otc]
[4768, 186.0, 179.5, 183.50, 181.50, 1676, otc]
[4770, 320.5, 287.5, 320.50, 296.50, 8295, tse]
[4804, 10.95, 10.25, 10.35, 10.50, 959, otc]
[4806, 6.73, 6.01, 6.43, 6.43, 60, otc]
[4807, 21.5, 20.5, 21.50, 20.75, 42, tse]
[4903, 22.15, 19.2, 19.45, 22.15, 4893, otc]
[4904, 74.2, 71.0, 71.30, 73.90, 16548, tse]
[4905, 51.2, 51.2, 51.20, 51.20, 121, otc]
[4906, 30.15, 28.45, 28.45, 29.85, 18633, tse]
[4907, 36.85, 33.2, 33.30, 36.00, 571, otc]
[4908, 32.35, 30.55, 30.55, 32.00, 973, otc]
[4909, 18.35, 17.05, 17.50, 18.05, 1337, otc]
[4911, 62.2, 60.0, 60.10, 61.50, 329, otc]
[4912, 78.9, 73.2, 73.20, 77.90, 292, tse]
[4915, 61.9, 59.5, 59.50, 61.20, 14229, tse]
[4916, 33.35, 31.65, 32.30, 32.90, 9980, tse]
[4919, 162.5, 145.5, 149.00, 155.50, 53489, tse]
[4923, 64.9, 61.0, 61.80, 64.20, 829, otc]
[4924, 13.9, 13.25, 13.35, 13.55, 386, otc]
[4927, 59.9, 56.8, 57.00, 59.80, 2485, tse]
[4930, 29.3, 28.9, 28.95, 29.10, 795, tse]
[4931, 47.3, 44.5, 45.05, 46.45, 6278, otc]
[4933, 36.0, 34.35, 34.35, 35.15, 160, otc]
[4934, 33.85, 30.6, 31.00, 31.75, 36823, tse]
[4935, 59.8, 57.4, 57.40, 59.40, 437, tse]
[4938, 69.9, 67.8, 68.50, 69.90, 15329, tse]
[4939, 16.7, 16.2, 16.20, 16.55, 512, otc]
[4942, 38.2, 37.5, 37.50, 38.05, 300, tse]
[4943, 13.4, 12.85, 12.90, 13.15, 550, tse]
[4944, 12.95, 11.65, 12.00, 12.05, 81, otc]
[4945, 52.4, 49.15, 49.15, 50.70, 156, otc]
[4946, 44.4, 41.6, 42.80, 43.60, 239, otc]
[4950, 20.85, 16.95, 20.15, 17.00, 5976, otc]
[4951, 57.7, 54.5, 55.20, 56.90, 431, otc]
[4952, 58.7, 57.2, 57.20, 57.80, 2321, tse]
[4953, 128.0, 110.0, 111.50, 120.00, 32888, otc]
[4956, 17.55, 15.3, 15.45, 17.15, 3306, tse]
[4958, 111.0, 107.0, 108.50, 110.50, 22914, tse]
[4960, 12.8, 12.2, 12.30, 12.60, 31050, tse]
[4961, 180.0, 170.5, 170.50, 174.50, 20883, tse]
[4966, 1160.0, 1025.0, 1,140.00, 1,110.00, 10567, otc]
[4967, 70.0, 62.7, 62.80, 69.10, 59131, tse]
[4968, 132.0, 127.5, 130.00, 129.00, 6058, tse]
[4971, 61.8, 53.1, 54.10, 61.80, 1441, otc]
[4972, 30.7, 28.95, 30.15, 29.30, 543, otc]
[4973, 29.25, 24.95, 25.10, 29.10, 6622, otc]
[4974, 71.9, 70.2, 70.90, 70.90, 1524, otc]
[4976, 53.6, 49.85, 51.00, 50.00, 26503, tse]
[4977, 119.0, 109.5, 119.00, 117.00, 28878, tse]
[4979, 48.0, 43.05, 43.10, 47.50, 33221, otc]
[4987, 60.3, 59.4, 59.60, 60.30, 169, otc]
[4989, 31.3, 28.7, 28.90, 29.80, 3309, tse]
[4991, 36.2, 33.7, 35.80, 35.40, 549, otc]
[4994, 47.7, 45.8, 47.20, 47.20, 1154, tse]
[4995, 56.0, 46.6, 47.20, 54.30, 3419, otc]
[4999, 37.9, 36.9, 37.15, 37.45, 158, tse]
[5007, 53.8, 52.8, 53.00, 53.80, 815, tse]
[5009, 54.7, 49.8, 50.50, 50.60, 76185, otc]
[5011, 26.55, 25.35, 25.50, 26.30, 3827, otc]
[5013, 35.8, 35.4, 35.40, 35.60, 56, otc]
[5014, 17.85, 17.4, 17.40, 17.65, 2760, otc]
[5015, 62.1, 56.3, 60.20, 57.70, 4629, otc]
[5016, 31.0, 29.75, 30.00, 30.15, 47, otc]
[5201, 27.6, 26.8, 27.40, 27.00, 70, otc]
[5202, 14.9, 14.45, 14.50, 14.65, 435, otc]
[5203, 118.0, 96.3, 98.70, 114.00, 25506, tse]
[5205, 38.35, 35.6, 37.05, 36.95, 29, otc]
[5206, 18.0, 17.7, 17.90, 17.95, 602, otc]
[5209, 118.5, 105.5, 105.50, 115.00, 487, otc]
[5210, 19.7, 16.85, 17.15, 18.45, 3378, otc]
[5211, 32.3, 25.55, 25.55, 28.80, 20497, otc]
[5212, 52.1, 49.1, 49.10, 52.10, 22, otc]
[5213, 24.15, 23.75, 23.90, 24.10, 861, otc]
[5215, 50.9, 48.6, 48.60, 50.30, 317, tse]
[5220, 31.4, 30.55, 31.20, 30.75, 139, otc]
[5222, 182.0, 148.5, 151.00, 179.00, 21024, tse]
[5223, 41.5, 40.4, 41.50, 40.65, 168, otc]
[5225, 42.95, 39.0, 41.40, 39.60, 5878, tse]
[5227, 68.3, 63.2, 63.20, 66.40, 1486, otc]
[5228, 24.2, 22.5, 22.50, 23.20, 251, otc]
[5230, 23.2, 22.3, 22.40, 23.00, 1488, otc]
[5234, 85.7, 82.2, 82.90, 84.60, 550, tse]
[5236, 94.7, 89.9, 91.00, 93.00, 1402, otc]
[5243, 64.8, 61.9, 62.10, 64.40, 5627, tse]
[5244, 33.0, 30.3, 30.30, 32.50, 836, tse]
[5245, 52.6, 50.4, 50.40, 52.00, 484, otc]
[5251, 25.0, 23.7, 24.20, 24.00, 959, otc]
[5258, 97.5, 90.8, 92.50, 91.80, 53646, tse]
[5263, 138.0, 129.5, 132.00, 134.00, 1855, otc]
[5269, 1305.0, 1175.0, 1,280.00, 1,210.00, 5498, tse]
[5272, 34.6, 31.3, 31.85, 32.90, 6569, otc]
[5274, 2990.0, 2705.0, 2,750.00, 2,900.00, 2911, otc]
[5276, 16.35, 15.6, 16.25, 15.60, 168, otc]
[5278, 182.0, 178.5, 180.50, 180.00, 45, otc]
[5281, 20.55, 18.55, 19.20, 19.50, 691, otc]
[5283, 108.0, 106.5, 108.00, 108.00, 311, tse]
[5284, 107.5, 94.0, 96.50, 102.50, 14506, tse]
[5285, 92.4, 84.2, 85.70, 89.40, 11409, tse]
[5287, 205.0, 193.5, 193.50, 203.00, 222, otc]
[5288, 181.0, 170.0, 173.00, 181.00, 331, tse]
[5289, 301.5, 252.5, 265.00, 301.50, 18031, otc]
[5291, 35.7, 33.05, 33.20, 35.10, 866, otc]
[5299, 131.0, 126.0, 126.00, 130.50, 765, otc]
[5301, 11.4, 10.95, 11.10, 11.30, 241, otc]
[5302, 9.21, 8.73, 9.01, 9.19, 652, otc]
[5306, 145.5, 141.5, 141.50, 143.50, 1019, tse]
[5309, 43.7, 41.2, 41.20, 42.65, 9454, otc]
[5310, 25.7, 23.8, 24.00, 24.80, 142, otc]
[5312, 64.2, 63.2, 63.80, 63.60, 305, otc]
[5314, 19.5, 18.85, 18.85, 19.45, 58, otc]
[5315, 24.15, 23.45, 23.75, 23.50, 4976, otc]
[5321, 94.4, 83.8, 85.00, 88.90, 5064, otc]
[5324, 9.14, 8.97, 9.11, 9.03, 238, otc]
[5328, 11.9, 11.0, 11.35, 11.55, 2080, otc]
[5340, 55.0, 50.6, 51.30, 51.40, 3276, otc]
[5344, 18.0, 17.5, 17.55, 17.65, 397, otc]
[5345, 5.72, 5.21, 5.68, 5.72, 9, otc]
[5347, 99.7, 93.3, 96.10, 98.50, 30617, otc]
[5348, 9.77, 8.78, 9.27, 9.77, 47, otc]
[5351, 48.2, 42.25, 42.50, 47.55, 39279, otc]
[5353, 45.6, 34.15, 34.45, 44.50, 47374, otc]
[5355, 7.13, 6.58, 6.58, 7.01, 924, otc]
[5356, 21.6, 21.1, 21.20, 21.60, 136, otc]
[5364, 27.85, 26.2, 27.35, 27.00, 363, otc]
[5371, 69.1, 64.0, 64.00, 67.80, 12942, otc]
[5381, 12.1, 8.81, 9.00, 11.95, 7783, otc]
[5383, 27.9, 25.5, 25.50, 27.70, 382, otc]
[5386, 38.3, 36.35, 37.30, 37.85, 1180, otc]
[5388, 91.9, 89.1, 89.80, 91.20, 10180, tse]
[5392, 22.3, 21.3, 21.35, 21.80, 940, otc]
[5398, 16.75, 16.15, 16.20, 16.50, 110, otc]
[5403, 89.5, 85.7, 87.30, 86.10, 1546, otc]
[5410, 36.2, 34.9, 34.90, 35.30, 5212, otc]
[5425, 115.5, 105.0, 106.50, 112.00, 108692, otc]
[5426, 13.45, 12.9, 12.95, 12.90, 2378, otc]
[5432, 29.5, 27.4, 29.50, 27.70, 179, otc]
[5434, 192.0, 184.0, 185.50, 188.00, 1557, tse]
[5438, 18.35, 16.9, 17.45, 18.20, 277, otc]
[5439, 67.9, 65.6, 65.90, 67.10, 3989, otc]
[5443, 29.7, 28.75, 28.80, 29.35, 1286, otc]
[5450, 25.8, 23.05, 24.60, 23.10, 6034, otc]
[5452, 22.35, 20.65, 21.35, 20.80, 7551, otc]
[5455, 27.4, 26.5, 26.50, 26.60, 6, otc]
[5457, 58.9, 54.7, 54.80, 57.60, 11352, otc]
[5460, 11.5, 11.15, 11.35, 11.25, 253, otc]
[5464, 30.8, 29.15, 29.30, 30.35, 2488, otc]
[5465, 28.35, 25.2, 25.75, 25.55, 12804, otc]
[5468, 17.5, 16.8, 17.50, 17.00, 272, otc]
[5469, 35.8, 34.25, 34.45, 35.75, 6392, tse]
[5471, 54.8, 53.0, 53.10, 54.60, 1283, tse]
[5474, 95.5, 76.7, 78.50, 90.00, 2198, otc]
[5475, 15.35, 12.15, 12.15, 14.40, 17127, otc]
[5478, 94.4, 89.5, 90.00, 92.40, 2451, otc]
[5481, 12.8, 12.3, 12.50, 12.70, 443, otc]
[5483, 157.5, 151.5, 153.50, 156.50, 17491, otc]
[5484, 16.4, 13.4, 13.40, 16.05, 3443, tse]
[5487, 25.2, 24.5, 24.55, 24.90, 49, otc]
[5488, 11.3, 10.35, 10.35, 10.85, 4032, otc]
[5489, 37.85, 37.5, 37.70, 37.85, 460, otc]
[5490, 23.8, 22.75, 23.20, 23.45, 398, otc]
[5493, 55.4, 54.3, 55.00, 54.30, 67, otc]
[5498, 11.05, 10.4, 10.60, 10.90, 975, otc]
[5508, 61.2, 60.3, 60.40, 60.70, 651, otc]
[5511, 32.2, 31.6, 31.60, 32.10, 193, otc]
[5512, 10.55, 9.74, 9.75, 10.10, 32480, otc]
[5514, 18.2, 17.75, 17.95, 18.00, 27, otc]
[5515, 13.05, 12.6, 12.90, 12.70, 2284, tse]
[5516, 27.5, 26.15, 26.15, 26.80, 482, otc]
[5519, 24.2, 23.75, 23.75, 24.15, 1493, tse]
[5520, 58.9, 57.0, 57.30, 57.30, 21, otc]
[5521, 7.04, 6.93, 6.93, 7.02, 1740, tse]
[5522, 58.5, 57.1, 58.30, 57.20, 1902, tse]
[5523, 25.2, 24.8, 25.20, 24.90, 80, otc]
[5525, 27.2, 25.05, 25.35, 26.95, 894, tse]
[5529, 12.1, 11.6, 11.90, 11.90, 361, otc]
[5530, 39.85, 39.3, 39.60, 39.60, 695, otc]
[5531, 9.15, 9.05, 9.12, 9.07, 788, tse]
[5533, 17.75, 17.6, 17.70, 17.75, 1013, tse]
[5534, 79.2, 75.0, 75.00, 77.70, 3041, tse]
[5536, 133.5, 128.5, 129.50, 132.00, 2580, otc]
[5538, 41.5, 41.2, 41.35, 41.45, 33, tse]
[5543, 53.2, 51.0, 52.00, 53.20, 39, otc]
[5546, 42.1, 40.75, 40.75, 41.40, 79, tse]
[5601, 42.85, 40.75, 41.55, 41.60, 34, otc]
[5603, 21.85, 21.0, 21.55, 21.60, 1188, otc]
[5604, 49.6, 48.5, 48.65, 49.25, 99, otc]
[5607, 69.5, 66.0, 68.40, 66.80, 5598, tse]
[5608, 27.75, 26.1, 27.70, 26.40, 23845, tse]
[5609, 84.4, 82.8, 84.30, 84.10, 1895, otc]
[5701, 4.0, 3.87, 3.97, 3.92, 1369, otc]
[5703, 23.0, 21.5, 21.75, 21.50, 276, otc]
[5704, 63.9, 60.6, 61.40, 62.60, 1397, otc]
[5706, 65.4, 60.3, 61.00, 63.80, 5809, tse]
[5864, 14.35, 13.0, 13.25, 14.10, 2516, otc]
[5871, 237.5, 227.5, 231.50, 232.00, 12880, tse]
[5876, 47.0, 44.8, 45.25, 46.70, 16590, tse]
[5878, 48.9, 47.75, 48.70, 48.90, 16, otc]
[5880, 26.25, 25.15, 25.40, 26.15, 39159, tse]
[5902, 36.5, 35.2, 35.20, 35.85, 195, otc]
[5903, 226.0, 216.0, 225.50, 219.00, 244, otc]
[5904, 594.0, 558.0, 592.00, 560.00, 1962, otc]
[5905, 12.3, 12.0, 12.10, 12.10, 2426, otc]
[5906, 36.95, 35.45, 36.35, 35.45, 23, tse]
[5907, 15.95, 15.25, 15.70, 15.70, 1096, tse]
[6005, 12.25, 11.9, 11.95, 12.10, 15585, tse]
[6015, 10.05, 9.51, 9.56, 9.97, 4032, otc]
[6016, 10.95, 10.4, 10.45, 10.80, 4142, otc]
[6020, 18.9, 18.6, 18.70, 18.80, 46, otc]
[6021, 19.2, 16.7, 17.15, 18.60, 60, otc]
[6023, 50.5, 49.55, 49.60, 50.10, 358, otc]
[6024, 42.35, 41.45, 41.60, 42.05, 1042, tse]
[6026, 10.75, 10.25, 10.30, 10.45, 5106, otc]
[6101, 40.0, 35.4, 35.40, 39.75, 1952, otc]
[6103, 43.9, 36.5, 38.05, 39.55, 43, otc]
[6104, 131.5, 120.0, 123.50, 127.50, 31517, otc]
[6108, 17.4, 16.75, 16.90, 17.30, 577, tse]
[6109, 20.6, 15.95, 16.15, 19.35, 26173, otc]
[6111, 59.9, 56.4, 56.80, 59.50, 2015, otc]
[6112, 41.5, 39.55, 39.85, 40.50, 5738, tse]
[6113, 19.25, 17.5, 17.65, 19.00, 2481, otc]
[6114, 25.15, 23.6, 24.60, 24.20, 807, otc]
[6115, 45.15, 44.15, 44.35, 44.70, 969, tse]
[6116, 13.35, 12.85, 13.00, 13.00, 40980, tse]
[6117, 15.25, 14.6, 14.75, 14.95, 516, tse]
[6118, 37.7, 36.3, 36.40, 36.60, 4670, otc]
[6120, 10.95, 10.0, 10.15, 10.60, 12713, tse]
[6121, 301.5, 292.0, 295.50, 299.00, 3650, otc]
[6122, 30.55, 22.65, 23.10, 28.10, 67447, otc]
[6123, 72.4, 67.6, 68.10, 71.70, 1282, otc]
[6124, 27.9, 26.65, 26.95, 26.65, 576, otc]
[6125, 30.5, 28.9, 29.35, 29.15, 20923, otc]
[6126, 22.55, 21.5, 22.00, 22.25, 1409, otc]
[6127, 18.85, 17.7, 17.80, 18.50, 1135, otc]
[6128, 34.45, 31.95, 33.25, 32.55, 1613, tse]
[6129, 37.25, 35.8, 36.05, 36.40, 18333, otc]
[6130, 37.1, 35.0, 36.05, 36.65, 421, otc]
[6133, 23.65, 22.65, 22.85, 23.00, 9993, tse]
[6134, 26.1, 20.2, 20.25, 25.20, 19430, otc]
[6136, 19.15, 18.65, 18.80, 19.00, 558, tse]
[6138, 156.5, 141.0, 141.50, 151.50, 17265, otc]
[6139, 49.75, 44.8, 45.50, 47.50, 15785, tse]
[6140, 22.8, 18.15, 18.15, 21.40, 14967, otc]
[6141, 19.3, 18.65, 18.70, 19.05, 175, tse]
[6142, 12.8, 11.9, 12.10, 12.45, 7252, tse]
[6143, 106.0, 83.6, 83.60, 104.50, 52514, otc]
[6144, 14.55, 13.7, 14.45, 14.55, 21, otc]
[6146, 277.5, 264.0, 274.50, 268.50, 3095, otc]
[6147, 71.5, 69.9, 70.00, 70.30, 12259, otc]
[6148, 21.45, 16.3, 16.50, 19.95, 31095, otc]
[6150, 77.8, 75.4, 77.20, 77.00, 3527, otc]
[6151, 29.05, 28.65, 29.05, 28.85, 154, otc]
[6152, 10.6, 9.93, 10.05, 10.50, 2267, tse]
[6153, 24.1, 23.1, 23.30, 24.10, 6774, tse]
[6154, 16.15, 15.9, 16.00, 16.15, 190, otc]
[6155, 28.0, 26.75, 27.15, 27.45, 1613, tse]
[6156, 20.45, 19.15, 19.50, 19.95, 2094, otc]
[6158, 26.25, 24.8, 24.90, 26.00, 526, otc]
[6160, 28.7, 18.75, 18.75, 28.15, 42257, otc]
[6161, 32.7, 28.8, 28.85, 32.70, 2264, otc]
[6163, 21.7, 18.5, 18.75, 19.90, 67028, otc]
[6164, 12.15, 11.0, 11.20, 11.90, 4540, tse]
[6165, 30.25, 28.9, 28.90, 29.75, 547, tse]
[6166, 64.5, 60.6, 62.00, 64.30, 986, tse]
[6167, 14.15, 13.05, 13.20, 13.75, 8227, otc]
[6168, 26.5, 22.15, 22.30, 25.25, 16388, tse]
[6169, 19.2, 18.6, 19.10, 19.05, 107, otc]
[6170, 40.45, 37.9, 37.90, 40.00, 931, otc]
[6171, 25.95, 22.5, 25.95, 23.10, 886, otc]
[6173, 39.9, 38.75, 38.90, 39.55, 1240, otc]
[6174, 30.5, 29.5, 29.70, 30.25, 777, otc]
[6175, 39.35, 37.1, 37.45, 38.50, 2134, otc]
[6176, 109.0, 105.0, 105.50, 108.50, 9423, tse]
[6177, 32.85, 32.0, 32.35, 32.30, 4313, tse]
[6179, 29.0, 27.6, 28.20, 28.25, 1320, otc]
[6180, 75.0, 72.2, 75.00, 74.40, 7754, otc]
[6182, 49.7, 46.1, 46.15, 49.35, 52409, otc]
[6183, 65.9, 63.2, 63.90, 64.80, 149, tse]
[6184, 50.9, 49.85, 50.30, 50.40, 196, tse]
[6185, 15.45, 14.25, 14.25, 15.10, 6073, otc]
[6186, 39.9, 38.15, 38.15, 39.65, 1724, otc]
[6187, 69.1, 65.0, 65.70, 68.60, 1416, otc]
[6188, 59.1, 53.1, 53.40, 58.90, 26712, otc]
[6189, 42.05, 41.3, 41.40, 41.60, 2103, tse]
[6190, 33.2, 31.1, 31.30, 32.50, 6534, otc]
[6191, 33.85, 31.55, 31.60, 33.30, 24875, tse]
[6192, 79.0, 73.8, 75.50, 74.50, 1915, tse]
[6194, 24.2, 23.75, 24.00, 23.85, 492, otc]
[6195, 45.35, 44.65, 45.00, 45.05, 145, otc]
[6196, 136.0, 127.0, 127.00, 134.50, 6166, tse]
[6197, 47.3, 45.85, 46.25, 47.20, 1127, tse]
[6198, 21.45, 19.3, 20.75, 20.50, 139, otc]
[6199, 19.1, 18.4, 18.65, 18.60, 70, otc]
[6201, 43.2, 42.75, 42.75, 43.10, 92, tse]
[6202, 76.0, 71.7, 71.80, 75.90, 5020, tse]
[6203, 59.5, 56.2, 56.70, 58.40, 1955, otc]
[6204, 55.0, 53.4, 54.20, 54.40, 28, otc]
[6205, 86.2, 83.7, 85.30, 84.60, 6828, tse]
[6206, 73.2, 71.0, 71.60, 72.80, 2309, tse]
[6207, 27.95, 27.1, 27.25, 27.90, 509, otc]
[6208, 53.8, 51.8, 52.40, 53.70, 645, otc]
[6209, 27.6, 25.5, 25.85, 27.10, 2530, tse]
[6210, 36.3, 35.6, 36.10, 36.00, 49, otc]
[6212, 49.5, 48.15, 49.00, 49.50, 8, otc]
[6213, 77.9, 73.9, 74.60, 77.50, 6126, tse]
[6214, 81.1, 75.5, 76.40, 78.40, 3311, tse]
[6215, 27.75, 26.5, 26.85, 27.20, 1650, tse]
[6216, 28.0, 26.8, 26.80, 27.95, 1036, tse]
[6217, 46.95, 44.5, 44.90, 46.50, 5211, otc]
[6218, 19.1, 18.3, 18.30, 18.80, 282, otc]
[6219, 11.5, 10.9, 11.00, 11.30, 2603, otc]
[6220, 29.2, 27.05, 27.15, 28.20, 6802, otc]
[6221, 60.2, 58.3, 58.30, 59.20, 55, otc]
[6222, 15.6, 14.6, 15.45, 15.40, 34, otc]
[6223, 148.5, 118.5, 118.50, 146.00, 73384, otc]
[6224, 69.0, 62.6, 63.70, 67.50, 1370, tse]
[6225, 11.0, 10.45, 10.85, 10.50, 99, tse]
[6226, 12.45, 11.15, 11.20, 12.30, 4703, tse]
[6227, 49.65, 48.25, 48.40, 49.25, 762, otc]
[6228, 15.35, 13.2, 14.45, 13.80, 603, otc]
[6229, 29.15, 26.4, 27.15, 28.85, 2971, otc]
[6230, 154.0, 128.5, 131.00, 140.50, 2306, tse]
[6231, 149.5, 132.0, 133.00, 138.00, 47434, otc]
[6233, 29.8, 24.4, 24.40, 27.75, 38847, otc]
[6234, 25.3, 23.7, 24.30, 24.55, 5520, otc]
[6235, 77.3, 66.3, 69.00, 67.40, 111324, tse]
[6236, 24.1, 21.8, 24.10, 23.00, 30, otc]
[6237, 48.8, 45.75, 45.75, 48.20, 1720, otc]
[6239, 90.7, 88.9, 89.00, 90.40, 5817, tse]
[6240, 23.95, 20.25, 20.30, 21.55, 972, otc]
[6241, 14.85, 14.35, 14.50, 14.55, 835, otc]
[6242, 62.5, 59.4, 60.80, 61.80, 320, otc]
[6243, 40.85, 35.7, 36.30, 37.30, 8486, tse]
[6244, 37.35, 34.05, 34.40, 36.15, 192911, otc]
[6245, 130.5, 111.0, 111.50, 123.50, 40029, otc]
[6246, 14.4, 13.85, 13.85, 13.95, 63, otc]
[6248, 26.85, 25.75, 26.05, 26.30, 2867, otc]
[6257, 56.3, 55.4, 55.80, 55.70, 6391, tse]
[6259, 23.25, 22.5, 22.50, 23.00, 31, otc]
[6261, 68.2, 65.8, 65.80, 67.90, 1976, otc]
[6263, 113.0, 101.5, 102.50, 110.00, 1382, otc]
[6264, 8.18, 8.06, 8.10, 8.16, 115, otc]
[6265, 10.15, 9.98, 10.00, 10.10, 667, otc]
[6266, 37.2, 33.05, 33.05, 35.20, 27465, otc]
[6269, 99.3, 95.2, 95.80, 99.00, 4527, tse]
[6270, 25.15, 24.9, 25.00, 24.95, 1631, otc]
[6271, 203.0, 193.0, 193.00, 201.50, 13422, tse]
[6274, 72.5, 67.6, 68.40, 69.00, 28999, otc]
[6275, 34.8, 31.75, 31.75, 33.40, 6900, otc]
[6276, 21.9, 17.35, 17.80, 20.50, 5790, otc]
[6277, 85.4, 80.4, 80.50, 83.50, 2904, tse]
[6278, 95.4, 91.3, 91.30, 95.30, 8279, tse]
[6279, 149.5, 138.5, 147.00, 148.00, 8238, otc]
[6281, 87.5, 86.9, 87.00, 87.20, 222, tse]
[6282, 41.2, 38.4, 39.90, 39.15, 67839, tse]
[6283, 35.95, 32.95, 33.00, 35.20, 2323, tse]
[6284, 57.7, 55.4, 56.90, 55.70, 2281, otc]
[6285, 90.5, 86.2, 87.00, 89.60, 12592, tse]
[6287, 23.95, 23.2, 23.80, 23.85, 36, otc]
[6288, 33.0, 28.25, 28.35, 33.00, 83926, tse]
[6290, 74.2, 67.5, 67.50, 69.40, 35035, otc]
[6291, 157.0, 140.0, 142.00, 146.00, 240, otc]
[6292, 45.0, 43.0, 43.00, 44.50, 130, otc]
[6294, 117.0, 110.0, 111.50, 115.00, 351, otc]
[6404, 22.8, 20.15, 20.85, 21.45, 49, otc]
[6405, 22.1, 21.4, 21.40, 21.60, 332, tse]
[6409, 1720.0, 1625.0, 1,635.00, 1,705.00, 729, tse]
[6411, 131.0, 121.0, 123.00, 124.00, 13075, otc]
[6412, 83.1, 80.9, 80.90, 82.90, 2924, tse]
[6414, 254.5, 235.5, 235.50, 253.00, 5030, tse]
[6415, 520.0, 503.0, 507.00, 512.00, 8557, tse]
[6416, 111.5, 94.3, 94.90, 111.00, 6982, tse]
[6417, 156.5, 129.0, 136.50, 129.00, 11726, otc]
[6418, 17.2, 16.2, 16.35, 16.90, 281, otc]
[6419, 39.5, 37.6, 37.60, 37.85, 153, otc]
[6425, 21.0, 20.0, 20.90, 20.45, 572, otc]
[6426, 68.8, 64.8, 65.00, 67.30, 768, tse]
[6431, 20.3, 19.9, 20.00, 20.05, 241, tse]
[6432, 36.5, 34.3, 34.50, 35.55, 353, otc]
[6435, 105.5, 102.0, 102.50, 104.50, 676, otc]
[6438, 100.5, 97.2, 97.40, 99.40, 1453, tse]
[6441, 62.0, 57.4, 57.40, 60.40, 1731, otc]
[6442, 55.2, 49.2, 49.70, 54.30, 4715, tse]
[6443, 40.6, 38.45, 39.65, 38.85, 153605, tse]
[6446, 455.5, 429.5, 454.00, 439.50, 4998, otc]
[6449, 56.3, 55.5, 55.80, 56.20, 1859, tse]
[6451, 82.4, 80.5, 80.50, 82.30, 720, tse]
[6456, 83.6, 81.5, 81.50, 83.40, 2857, tse]
[6457, 62.9, 58.7, 60.30, 62.10, 688, otc]
[6461, 31.4, 28.5, 28.75, 31.10, 1227, otc]
[6462, 95.7, 80.4, 80.40, 89.90, 7547, otc]
[6464, 89.9, 89.2, 89.90, 89.50, 57, tse]
[6465, 18.55, 17.7, 18.55, 18.25, 177, otc]
[6469, 372.0, 348.0, 350.50, 368.50, 1927, otc]
[6470, 66.0, 62.1, 63.00, 65.10, 3580, otc]
[6472, 703.0, 541.0, 590.00, 700.00, 22529, otc]
[6477, 50.7, 48.3, 49.80, 48.75, 18777, tse]
[6482, 45.4, 44.25, 44.25, 45.00, 34, otc]
[6485, 89.8, 78.7, 79.80, 89.40, 8360, otc]
[6486, 70.1, 68.7, 68.70, 69.70, 158, otc]
[6488, 530.0, 501.0, 502.00, 525.00, 8161, otc]
[6491, 435.0, 400.5, 412.00, 420.00, 1993, tse]
[6492, 57.8, 56.5, 56.80, 57.20, 602, otc]
[6494, 79.3, 74.1, 74.80, 78.80, 1469, otc]
[6496, 30.8, 29.7, 29.70, 30.15, 149, otc]
[6499, 61.2, 58.3, 58.50, 60.80, 700, otc]
[6504, 80.0, 77.0, 79.80, 77.70, 372, tse]
[6505, 84.2, 81.5, 82.50, 83.20, 5355, tse]
[6506, 19.9, 19.3, 19.90, 19.65, 1052, otc]
[6508, 40.5, 38.8, 39.05, 39.55, 1872, otc]
[6509, 47.25, 45.0, 45.45, 46.75, 8591, otc]
[6510, 652.0, 569.0, 578.00, 606.00, 4494, otc]
[6512, 21.2, 20.85, 21.05, 21.00, 81, otc]
[6514, 60.9, 56.8, 56.80, 58.50, 399, otc]
[6515, 780.0, 625.0, 631.00, 746.00, 12723, tse]
[6516, 89.0, 83.5, 85.00, 87.50, 244, otc]
[6517, 93.5, 73.2, 74.90, 93.50, 9078, otc]
[6523, 109.5, 103.5, 104.50, 109.00, 658, otc]
[6525, 78.5, 74.6, 74.60, 77.10, 1234, tse]
[6527, 80.2, 71.0, 71.00, 77.70, 2426, otc]
[6530, 25.5, 24.25, 24.50, 25.30, 326, otc]
[6531, 342.0, 304.5, 306.50, 325.50, 71139, tse]
[6532, 54.7, 51.8, 51.80, 54.10, 1084, otc]
[6533, 579.0, 534.0, 562.00, 560.00, 23484, tse]
[6535, 42.55, 40.4, 41.15, 42.30, 1144, otc]
[6538, 84.7, 81.6, 82.00, 83.10, 655, otc]
[6541, 97.0, 78.7, 79.50, 94.10, 830, tse]
[6542, 47.2, 45.0, 47.20, 45.80, 28, otc]
[6546, 91.2, 82.1, 82.10, 90.00, 7339, otc]
[6547, 58.6, 55.7, 56.60, 57.90, 8952, otc]
[6548, 42.0, 38.0, 38.55, 40.50, 13310, otc]
[6550, 95.8, 91.6, 92.50, 95.50, 13340, tse]
[6552, 37.2, 35.55, 35.70, 36.90, 547, tse]
[6556, 184.5, 168.5, 175.00, 172.00, 1868, otc]
[6558, 27.75, 25.7, 25.70, 27.25, 1921, tse]
[6560, 39.85, 35.0, 35.40, 38.05, 420, otc]
[6561, 391.5, 358.5, 362.50, 383.50, 1157, otc]
[6568, 167.0, 161.0, 164.00, 165.50, 1038, otc]
[6569, 111.0, 104.5, 104.50, 110.50, 271, otc]
[6570, 62.9, 58.7, 59.10, 61.30, 5121, otc]
[6573, 16.25, 14.7, 15.75, 15.90, 2273, tse]
[6574, 50.5, 48.6, 48.60, 50.00, 10, otc]
[6576, 132.0, 114.5, 130.00, 120.00, 7966, otc]
[6577, 65.9, 64.1, 64.50, 64.40, 105, otc]
[6578, 18.4, 17.1, 17.20, 17.70, 2422, otc]
[6579, 101.0, 92.0, 93.70, 96.80, 958, tse]
[6581, 102.0, 99.7, 100.00, 100.50, 385, tse]
[6582, 61.6, 60.2, 60.70, 60.70, 400, tse]
[6585, 66.1, 63.9, 64.60, 64.30, 343, tse]
[6588, 32.55, 30.2, 31.20, 31.60, 86, otc]
[6589, 115.0, 109.5, 111.00, 115.00, 6594, otc]
[6590, 80.0, 72.0, 72.60, 72.60, 962, otc]
[6591, 50.6, 47.85, 48.40, 49.90, 1640, tse]
[6592, 120.5, 116.5, 117.50, 119.00, 3602, tse]
[6593, 67.8, 63.2, 67.50, 64.00, 1267, otc]
[6594, 32.0, 29.95, 30.00, 31.30, 212, otc]
[6596, 46.35, 44.45, 44.70, 46.15, 203, otc]
[6598, 29.2, 28.25, 28.60, 28.80, 480, tse]
[6603, 18.2, 17.45, 17.50, 17.65, 5608, otc]
[6605, 94.0, 89.6, 91.00, 93.10, 5430, tse]
[6606, 29.4, 28.1, 29.40, 28.50, 4097, tse]
[6609, 39.45, 38.15, 38.55, 39.30, 1493, otc]
[6612, 135.5, 127.0, 133.00, 128.00, 975, otc]
[6613, 102.5, 98.0, 98.50, 100.50, 632, otc]
[6615, 38.7, 37.65, 38.45, 38.30, 68, otc]
[6616, 15.25, 14.4, 15.00, 14.65, 351, otc]
[6624, 43.9, 41.8, 42.00, 43.15, 147, otc]
[6625, 50.8, 44.35, 44.95, 48.90, 2600, tse]
[6629, 48.0, 46.0, 46.00, 47.30, 11, otc]
[6640, 90.0, 87.3, 90.00, 89.40, 72, otc]
[6641, 57.6, 57.0, 57.20, 57.40, 34, tse]
[6642, 53.6, 51.7, 52.00, 52.30, 129, otc]
[6643, 648.0, 622.0, 631.00, 624.00, 8835, otc]
[6649, 43.8, 41.05, 42.50, 43.35, 752, otc]
[6651, 83.1, 73.4, 74.90, 78.90, 2393, otc]
[6654, 53.8, 52.1, 53.30, 52.80, 43, otc]
[6655, 132.0, 128.0, 129.50, 131.00, 189, tse]
[6661, 24.1, 22.5, 22.50, 24.10, 97, otc]
[6662, 32.55, 31.0, 31.00, 31.65, 416, otc]
[6664, 112.0, 103.0, 103.00, 110.00, 1359, otc]
[6666, 83.6, 78.2, 79.30, 83.10, 789, tse]
[6667, 71.5, 67.0, 68.50, 69.70, 2662, otc]
[6668, 46.1, 40.9, 41.25, 44.60, 3204, tse]
[6669, 1155.0, 951.0, 961.00, 1,105.00, 16063, tse]
[6670, 239.0, 230.5, 231.50, 236.50, 1756, tse]
[6671, 40.0, 38.9, 39.85, 39.40, 24, tse]
[6672, 84.4, 82.5, 84.00, 84.00, 1145, tse]
[6674, 27.8, 26.0, 26.35, 27.80, 296, tse]
[6679, 324.5, 303.5, 323.00, 304.00, 9125, otc]
[6680, 80.3, 71.9, 72.50, 79.50, 135, otc]
[6683, 220.5, 200.0, 202.50, 212.50, 2658, otc]
[6684, 58.0, 52.8, 53.40, 57.10, 1017, otc]
[6689, 145.0, 125.0, 128.50, 141.00, 3213, tse]
[6690, 192.0, 176.5, 178.00, 183.50, 1677, otc]
[6691, 310.0, 275.5, 292.00, 279.00, 4951, tse]
[6693, 66.0, 63.2, 63.50, 66.00, 191, otc]
[6695, 46.95, 41.05, 41.20, 44.95, 2276, tse]
[6697, 44.0, 39.6, 39.60, 41.30, 1079, otc]
[6698, 34.65, 30.95, 31.30, 34.65, 958, tse]
[6703, 135.5, 127.0, 128.50, 134.00, 567, otc]
[6706, 101.5, 91.1, 95.00, 99.50, 6351, tse]
[6708, 57.8, 55.7, 56.20, 57.00, 324, otc]
[6712, 215.5, 198.5, 202.00, 214.00, 6332, otc]
[6715, 175.5, 148.0, 148.00, 165.00, 24939, tse]
[6716, 108.5, 92.2, 92.30, 104.50, 179, otc]
[6719, 339.0, 306.5, 311.00, 328.50, 17901, tse]
[6721, 51.4, 50.2, 50.20, 51.00, 122, otc]
[6727, 74.5, 70.1, 72.30, 70.80, 1894, otc]
[6728, 157.5, 149.5, 149.50, 154.50, 182, otc]
[6732, 399.5, 369.5, 399.50, 370.00, 3934, otc]
[6733, 34.25, 26.1, 26.40, 34.00, 20145, otc]
[6735, 65.4, 63.0, 65.00, 65.40, 80, otc]
[6741, 123.5, 116.0, 118.00, 116.50, 6445, otc]
[6743, 55.8, 50.6, 51.30, 55.30, 1967, tse]
[6747, 269.0, 247.0, 247.00, 253.00, 2824, otc]
[6751, 105.0, 74.4, 75.00, 93.40, 5083, otc]
[6752, 160.0, 138.0, 143.50, 139.00, 3466, otc]
[6753, 93.1, 86.3, 90.10, 87.80, 9817, tse]
[6754, 53.9, 49.1, 49.90, 51.00, 690, tse]
[6756, 256.5, 220.5, 230.00, 247.00, 12716, tse]
[6761, 105.5, 95.6, 96.00, 103.00, 389, otc]
[6762, 253.5, 248.0, 248.00, 252.00, 29, otc]
[6763, 488.0, 464.5, 475.00, 482.50, 347, otc]
[6767, 40.0, 34.5, 34.75, 37.70, 3271, otc]
[6768, 71.0, 69.1, 69.80, 70.50, 904, tse]
[6770, 34.75, 34.1, 34.50, 34.40, 48731, tse]
[6776, 52.0, 45.1, 45.45, 49.50, 7535, tse]
[6781, 823.0, 795.0, 802.00, 806.00, 2625, tse]
[6782, 282.5, 246.0, 250.00, 278.00, 4613, tse]
[6788, 157.5, 138.0, 145.00, 147.50, 21841, otc]
[6789, 235.5, 220.5, 226.00, 234.00, 5139, tse]
[6790, 38.0, 37.45, 38.00, 37.60, 1311, tse]
[6791, 90.3, 73.5, 75.10, 82.10, 2853, otc]
[6792, 82.8, 79.3, 79.30, 81.70, 193, tse]
[6796, 104.5, 99.0, 101.50, 101.00, 1475, tse]
[6799, 163.5, 139.0, 146.00, 154.00, 15052, tse]
[6803, 273.0, 270.0, 271.00, 272.00, 106, otc]
[6804, 58.3, 55.2, 57.20, 58.00, 322, otc]
[6806, 89.5, 84.2, 84.80, 88.30, 14963, tse]
[6807, 28.35, 25.4, 25.70, 28.35, 393, tse]
[6811, 250.5, 197.0, 197.00, 231.50, 6901, otc]
[6823, 101.0, 95.0, 95.00, 100.00, 92, otc]
[6829, 87.7, 82.4, 82.80, 83.90, 1844, otc]
[6830, 135.0, 121.0, 122.00, 132.00, 1568, tse]
[6834, 30.2, 27.7, 28.25, 29.65, 319, tse]
[6835, 43.8, 41.5, 41.80, 42.60, 582, tse]
[6840, 92.9, 90.2, 92.50, 90.30, 827, otc]
[6841, 125.0, 110.5, 116.00, 122.00, 7580, otc]
[6843, 83.3, 75.0, 75.00, 75.20, 2579, otc]
[6854, 103.5, 96.3, 96.30, 101.00, 284, tse]
[6855, 83.8, 80.0, 81.30, 83.00, 75, otc]
[6859, 169.0, 153.0, 157.00, 164.50, 1685, otc]
[6863, 215.0, 185.5, 200.00, 200.00, 11527, tse]
[6865, 108.5, 95.6, 100.00, 101.00, 1156, otc]
[6869, 96.6, 90.5, 92.00, 94.70, 1104, tse]
[6873, 155.0, 145.5, 153.50, 149.50, 1009, tse]
[6874, 165.0, 119.5, 120.00, 151.00, 6076, otc]
[7402, 85.8, 64.2, 65.00, 80.00, 5698, otc]
[7556, 100.5, 96.9, 99.60, 99.30, 267, otc]
[8011, 15.05, 14.25, 14.30, 14.75, 1325, tse]
[8016, 242.0, 226.0, 226.00, 240.00, 12972, tse]
[8021, 30.15, 29.1, 29.25, 30.05, 1074, tse]
[8024, 26.95, 21.8, 21.80, 24.75, 9390, otc]
[8027, 54.3, 51.1, 52.40, 53.30, 1286, otc]
[8028, 60.2, 58.2, 58.20, 59.10, 10710, tse]
[8032, 32.45, 31.2, 31.70, 31.90, 131, otc]
[8033, 62.5, 57.9, 59.30, 59.00, 29576, tse]
[8034, 14.7, 14.0, 14.05, 14.60, 716, otc]
[8038, 41.9, 39.65, 39.65, 41.00, 2233, otc]
[8039, 42.9, 41.75, 42.05, 42.90, 583, tse]
[8040, 51.0, 49.4, 49.40, 50.50, 1151, otc]
[8042, 37.25, 36.1, 37.05, 37.10, 124, otc]
[8043, 29.25, 28.05, 29.25, 28.45, 738, otc]
[8044, 64.5, 61.4, 62.40, 62.80, 3514, otc]
[8046, 291.5, 261.5, 263.00, 286.50, 49312, tse]
[8047, 11.95, 11.7, 11.85, 11.75, 350, otc]
[8048, 38.5, 35.6, 36.00, 37.85, 2027, otc]
[8049, 40.0, 38.6, 39.25, 38.60, 3883, otc]
[8050, 84.7, 78.8, 79.40, 83.80, 17888, otc]
[8054, 36.05, 34.35, 35.15, 35.55, 3036, otc]
[8059, 12.8, 11.45, 11.50, 12.40, 2257, otc]
[8064, 19.9, 18.5, 18.50, 19.50, 7250, otc]
[8066, 28.5, 27.6, 28.30, 27.90, 75, otc]
[8067, 16.7, 15.1, 16.15, 15.70, 163, otc]
[8068, 24.65, 23.75, 23.90, 24.65, 235, otc]
[8069, 185.5, 176.0, 178.00, 184.00, 52991, otc]
[8070, 36.2, 35.0, 35.20, 35.40, 4234, tse]
[8071, 15.25, 14.7, 15.10, 14.90, 2405, otc]
[8072, 28.15, 25.55, 25.90, 27.50, 1396, tse]
[8074, 20.95, 20.65, 20.75, 20.90, 640, otc]
[8076, 29.2, 28.2, 28.35, 29.00, 2234, otc]
[8077, 41.5, 36.0, 40.60, 41.50, 37, otc]
[8080, 11.0, 10.1, 10.40, 10.70, 44, otc]
[8081, 185.0, 174.5, 175.00, 184.00, 3423, tse]
[8083, 157.0, 153.5, 155.50, 155.00, 294, otc]
[8084, 116.0, 106.0, 107.00, 114.50, 7891, otc]
[8085, 20.2, 19.9, 20.20, 20.15, 260, otc]
[8086, 81.5, 76.6, 77.00, 80.90, 9023, otc]
[8087, 32.65, 30.45, 30.70, 31.85, 360, otc]
[8088, 31.7, 27.7, 28.05, 31.05, 14522, otc]
[8089, 22.9, 22.4, 22.40, 22.70, 306, otc]
[8091, 91.6, 85.4, 85.70, 90.00, 2374, otc]
[8092, 11.7, 11.4, 11.45, 11.55, 132, otc]
[8093, 12.95, 11.9, 12.20, 12.45, 337, otc]
[8096, 11.6, 11.25, 11.35, 11.55, 1043, otc]
[8097, 51.4, 46.6, 46.80, 49.00, 5512, otc]
[8099, 42.6, 39.0, 39.00, 40.50, 2221, otc]
[8101, 5.99, 5.72, 5.81, 5.80, 231, tse]
[8103, 37.65, 36.05, 36.30, 36.45, 2604, tse]
[8104, 41.9, 39.5, 40.10, 41.25, 1695, tse]
[8105, 14.75, 14.2, 14.50, 14.40, 11234, tse]
[8107, 18.0, 17.4, 17.40, 17.95, 296, otc]
[8109, 93.0, 90.0, 92.00, 90.90, 816, otc]
[8110, 13.35, 12.9, 13.00, 13.25, 4363, tse]
[8111, 23.7, 22.3, 22.40, 22.65, 4969, otc]
[8112, 44.25, 42.65, 43.30, 43.75, 16886, tse]
[8114, 114.0, 108.5, 111.50, 112.50, 3394, tse]
[8121, 28.05, 26.05, 26.30, 27.55, 7412, otc]
[8131, 44.65, 43.4, 43.40, 44.60, 1614, tse]
[8147, 66.8, 64.5, 64.50, 65.70, 573, otc]
[8150, 37.25, 36.0, 36.00, 37.05, 6511, tse]
[8155, 137.5, 116.0, 116.50, 131.50, 15797, otc]
[8163, 44.35, 43.1, 43.50, 44.10, 2916, tse]
[8171, 65.4, 62.3, 62.50, 65.20, 17622, otc]
[8176, 13.3, 10.8, 10.95, 12.25, 6673, otc]
[8182, 33.15, 32.1, 32.55, 32.95, 469, otc]
[8183, 55.6, 53.5, 53.50, 54.80, 2733, otc]
[8201, 14.55, 10.8, 11.10, 14.05, 6642, tse]
[8210, 81.4, 76.5, 78.20, 80.50, 6421, tse]
[8213, 40.75, 39.5, 39.80, 40.70, 1743, tse]
[8215, 38.15, 36.8, 36.85, 37.10, 7080, tse]
[8222, 39.9, 37.75, 38.75, 39.35, 48176, tse]
[8227, 227.5, 198.0, 204.00, 223.00, 3242, otc]
[8234, 48.85, 40.3, 41.50, 45.00, 21664, otc]
[8240, 29.35, 28.6, 28.75, 29.05, 209, otc]
[8249, 30.95, 28.1, 28.20, 30.55, 2832, tse]
[8255, 181.5, 163.0, 165.00, 175.50, 5878, otc]
[8261, 107.5, 105.0, 105.00, 107.00, 4965, tse]
[8271, 51.5, 49.25, 49.35, 51.10, 3611, tse]
[8277, 10.25, 9.0, 9.20, 10.25, 1916, otc]
[8279, 168.0, 163.5, 165.50, 166.50, 150, otc]
[8284, 64.4, 61.6, 62.00, 63.20, 417, otc]
[8289, 51.3, 44.9, 45.40, 50.50, 32783, otc]
[8291, 6.0, 6.0, 6.00, 6.00, 47, otc]
[8299, 380.0, 352.0, 358.00, 378.00, 7664, otc]
[8341, 168.0, 163.0, 165.50, 165.50, 773, tse]
[8342, 57.0, 56.2, 56.20, 56.80, 61, otc]
[8349, 66.8, 63.7, 64.10, 64.80, 1326, otc]
[8354, 14.55, 14.15, 14.20, 14.30, 531, otc]
[8358, 62.0, 57.9, 59.40, 61.10, 26357, otc]
[8367, 50.6, 47.8, 48.85, 48.25, 1078, tse]
[8374, 31.9, 30.45, 30.55, 31.15, 348, tse]
[8383, 45.0, 43.05, 43.15, 43.45, 8585, otc]
[8390, 40.65, 38.9, 40.40, 39.25, 8700, otc]
[8401, 24.35, 23.5, 24.35, 24.05, 3077, otc]
[8403, 34.25, 32.85, 33.45, 34.25, 1616, otc]
[8404, 27.35, 26.75, 26.85, 27.25, 325, tse]
[8409, 21.7, 20.0, 20.35, 21.00, 964, otc]
[8410, 30.75, 29.75, 30.00, 30.35, 50, otc]
[8411, 14.85, 14.7, 14.80, 14.70, 310, tse]
[8415, 37.6, 36.6, 37.20, 36.90, 2081, otc]
[8416, 128.5, 125.0, 125.50, 127.00, 168, otc]
[8418, 9.93, 9.86, 9.92, 9.86, 25, otc]
[8420, 97.3, 93.6, 95.40, 93.90, 2357, otc]
[8421, 17.75, 16.85, 17.35, 17.40, 1170, otc]
[8422, 188.0, 185.0, 185.00, 187.50, 684, tse]
[8423, 19.7, 19.0, 19.00, 19.70, 39, otc]
[8424, 69.9, 69.1, 69.90, 69.30, 59, otc]
[8426, 39.6, 36.6, 37.90, 38.60, 285, otc]
[8429, 10.65, 10.1, 10.10, 10.40, 926, tse]
[8431, 69.3, 56.4, 56.40, 65.00, 5889, otc]
[8432, 47.35, 46.3, 47.35, 46.75, 206, otc]
[8433, 75.1, 70.5, 72.70, 71.20, 1112, otc]
[8435, 63.2, 62.6, 63.00, 62.80, 245, otc]
[8436, 202.5, 191.5, 194.00, 201.00, 7258, otc]
[8437, 121.5, 119.5, 119.50, 121.00, 118, otc]
[8438, 25.3, 24.35, 24.70, 24.90, 61, tse]
[8440, 49.45, 46.05, 47.40, 46.30, 6613, otc]
[8442, 88.8, 85.0, 88.30, 86.80, 844, tse]
[8443, 11.4, 11.1, 11.25, 11.40, 409, tse]
[8444, 52.8, 48.0, 48.00, 50.30, 92, otc]
[8446, 89.3, 87.2, 87.50, 88.40, 303, otc]
[8450, 25.8, 25.3, 25.80, 25.80, 251, otc]
[8454, 902.0, 805.0, 805.00, 891.00, 4563, tse]
[8455, 22.95, 21.65, 22.90, 22.00, 11, otc]
[8462, 153.0, 138.5, 138.50, 143.50, 1383, tse]
[8463, 23.5, 22.5, 22.65, 23.25, 264, tse]
[8464, 336.0, 317.0, 318.50, 334.50, 2281, tse]
[8466, 41.3, 40.2, 41.00, 41.00, 142, tse]
[8467, 60.7, 57.4, 57.80, 59.70, 249, tse]
[8472, 45.5, 42.75, 45.00, 43.95, 32, otc]
[8473, 32.5, 29.95, 29.95, 30.40, 1149, tse]
[8476, 69.1, 65.8, 66.30, 67.50, 833, otc]
[8477, 18.1, 17.55, 18.10, 17.90, 190, otc]
[8478, 520.0, 376.0, 382.50, 480.00, 56151, tse]
[8481, 59.2, 56.4, 56.40, 58.80, 69, tse]
[8482, 74.5, 73.1, 73.50, 74.40, 17, tse]
[8488, 15.75, 15.15, 15.15, 15.55, 78, tse]
[8489, 26.1, 24.55, 24.65, 25.40, 183, otc]
[8499, 114.5, 106.5, 108.50, 113.00, 434, tse]
[8905, 25.95, 24.3, 25.15, 24.35, 377, otc]
[8906, 18.8, 17.8, 18.00, 18.15, 36, otc]
[8908, 73.7, 72.0, 73.20, 72.00, 350, otc]
[8916, 56.1, 54.4, 54.60, 55.10, 2778, otc]
[8917, 90.0, 80.0, 90.00, 81.40, 137, otc]
[8921, 15.4, 15.0, 15.40, 15.30, 10, otc]
[8923, 21.3, 20.3, 20.60, 20.85, 82, otc]
[8924, 135.5, 132.0, 133.00, 134.50, 2092, otc]
[8926, 44.75, 40.0, 40.00, 43.90, 43006, tse]
[8927, 43.75, 40.2, 40.70, 42.90, 4276, otc]
[8928, 40.2, 39.2, 39.20, 39.95, 395, otc]
[8929, 23.2, 21.0, 22.00, 21.15, 381, otc]
[8930, 18.25, 17.9, 17.90, 18.15, 844, otc]
[8931, 73.2, 60.7, 62.00, 70.60, 5164, otc]
[8932, 45.0, 43.7, 44.20, 43.95, 1097, otc]
[8933, 13.65, 13.0, 13.30, 13.25, 5916, otc]
[8935, 12.7, 12.15, 12.60, 12.25, 616, otc]
[8936, 30.4, 28.05, 28.60, 28.15, 45918, otc]
[8937, 15.9, 15.3, 15.60, 15.40, 227, otc]
[8938, 112.0, 108.0, 110.50, 109.50, 7638, otc]
[8940, 26.4, 23.55, 24.30, 23.70, 4790, tse]
[8941, 63.1, 57.4, 61.10, 57.50, 544, otc]
[8942, 66.8, 65.9, 66.80, 66.50, 390, otc]
[8996, 246.0, 214.5, 237.00, 214.50, 30800, tse]
[9103, 7.26, 6.89, 6.92, 7.02, 3681, tse]
[9105, 3.91, 3.55, 3.90, 3.91, 6135, tse]
[9110, 3.5, 3.21, 3.39, 3.40, 723, tse]
[9136, 6.61, 6.43, 6.53, 6.45, 1089, tse]
[9802, 134.0, 128.5, 129.00, 130.50, 3726, tse]
[9902, 12.65, 12.25, 12.30, 12.60, 516, tse]
[9904, 31.4, 30.55, 30.90, 30.70, 33063, tse]
[9905, 25.35, 24.9, 25.10, 25.20, 432, tse]
[9906, 54.5, 52.1, 52.40, 54.20, 240, tse]
[9907, 19.15, 18.65, 18.75, 19.05, 13463, tse]
[9908, 31.65, 31.25, 31.40, 31.60, 426, tse]
[9910, 193.5, 181.0, 182.00, 193.00, 4533, tse]
[9911, 64.3, 63.5, 63.90, 63.90, 359, tse]
[9912, 10.25, 10.0, 10.05, 10.10, 315, tse]
[9914, 173.5, 158.0, 158.00, 167.00, 5267, tse]
[9917, 103.0, 101.5, 102.50, 103.00, 1926, tse]
[9918, 41.95, 41.1, 41.90, 41.60, 141, tse]
[9919, 17.65, 16.7, 17.00, 17.20, 4497, tse]
[9921, 182.5, 169.5, 170.00, 176.00, 14236, tse]
[9924, 44.1, 43.2, 43.35, 43.90, 507, tse]
[9925, 40.8, 40.55, 40.70, 40.65, 622, tse]
[9926, 51.9, 51.0, 51.90, 51.80, 216, tse]
[9927, 43.65, 40.3, 40.55, 42.55, 3755, tse]
[9928, 18.95, 18.05, 18.50, 18.40, 922, tse]
[9929, 9.36, 9.01, 9.11, 9.15, 314, tse]
[9930, 48.6, 47.75, 47.85, 48.50, 444, tse]
[9931, 40.05, 39.0, 39.95, 39.60, 152, tse]
[9933, 42.95, 41.3, 41.30, 42.55, 9072, tse]
[9934, 13.0, 12.15, 12.30, 12.85, 6830, tse]
[9935, 18.5, 18.1, 18.15, 18.40, 615, tse]
[9937, 64.4, 61.1, 62.20, 62.00, 432, tse]
[9938, 59.6, 57.2, 58.10, 59.20, 3626, tse]
[9939, 101.0, 96.8, 97.90, 97.50, 8680, tse]
[9940, 28.85, 28.4, 28.60, 28.75, 697, tse]
[9941, 178.5, 171.0, 173.00, 176.00, 3517, tse]
[9942, 118.0, 114.0, 114.00, 117.50, 1080, tse]
[9943, 68.4, 66.7, 66.70, 67.70, 260, tse]
[9944, 20.5, 20.25, 20.40, 20.45, 647, tse]
[9945, 36.15, 33.75, 36.05, 35.85, 92297, tse]
[9946, 12.0, 11.8, 11.90, 11.85, 361, tse]
[9949, 22.7, 21.5, 22.20, 22.35, 71, otc]
[9950, 11.95, 11.45, 11.95, 11.70, 34, otc]
[9951, 72.9, 70.6, 71.40, 71.20, 505, otc]
[9955, 27.8, 24.8, 26.85, 26.25, 36373, tse]
[9958, 101.5, 97.5, 98.00, 99.00, 7972, tse]
[9960, 30.15, 28.2, 28.30, 29.95, 459, otc]
[9962, 22.15, 21.0, 21.50, 21.25, 5566, otc]
