[1101, 38.85, 37.45, 38.85, 37.75, 83428, tse]
[1102, 44.5, 43.6, 44.30, 44.35, 14938, tse]
[1103, 20.4, 19.65, 20.40, 19.75, 3622, tse]
[1104, 24.35, 24.1, 24.30, 24.35, 1507, tse]
[1108, 14.25, 13.6, 14.15, 13.60, 6866, tse]
[1109, 17.1, 16.8, 17.10, 16.95, 454, tse]
[1110, 17.9, 17.65, 17.70, 17.90, 378, tse]
[1201, 21.6, 20.35, 20.65, 21.00, 3943, tse]
[1203, 37.4, 36.0, 37.00, 36.60, 106, tse]
[1210, 55.5, 49.7, 51.50, 50.20, 31118, tse]
[1213, 7.19, 6.86, 7.08, 7.10, 30, tse]
[1215, 88.4, 82.2, 83.10, 82.90, 18306, tse]
[1216, 68.6, 66.8, 66.80, 68.40, 24093, tse]
[1217, 11.9, 11.3, 11.35, 11.70, 16224, tse]
[1218, 30.6, 29.9, 30.35, 30.20, 6033, tse]
[1219, 23.2, 21.0, 21.05, 22.40, 32354, tse]
[1220, 18.15, 16.1, 16.10, 17.60, 19801, tse]
[1225, 58.7, 57.1, 57.10, 58.50, 57, tse]
[1227, 42.2, 41.7, 41.80, 41.80, 1119, tse]
[1229, 54.4, 53.3, 54.40, 54.20, 2457, tse]
[1231, 87.9, 84.0, 85.90, 85.80, 853, tse]
[1232, 148.0, 146.0, 146.50, 146.50, 147, tse]
[1233, 34.9, 33.9, 33.90, 34.75, 127, tse]
[1234, 35.7, 34.9, 34.95, 35.45, 1703, tse]
[1235, 68.9, 68.1, 68.80, 68.70, 7, tse]
[1236, 24.85, 24.35, 24.80, 24.65, 483, tse]
[1240, 51.8, 46.55, 48.00, 47.25, 2553, otc]
[1256, 331.0, 319.0, 319.00, 329.50, 111, tse]
[1258, 26.9, 26.6, 26.60, 26.70, 3924, otc]
[1259, 79.8, 77.4, 79.80, 77.90, 129, otc]
[1264, 278.0, 269.0, 274.50, 273.00, 66, otc]
[1268, 157.5, 151.0, 157.00, 153.50, 1783, otc]
[1301, 90.7, 89.7, 89.80, 90.70, 13869, tse]
[1303, 75.6, 74.2, 74.50, 75.10, 11247, tse]
[1304, 25.05, 24.15, 24.90, 24.40, 5122, tse]
[1305, 28.6, 27.4, 28.30, 27.55, 9957, tse]
[1307, 21.1, 20.85, 21.10, 20.95, 287, tse]
[1308, 29.25, 28.6, 29.00, 28.95, 3599, tse]
[1309, 23.2, 22.45, 23.10, 23.00, 2513, tse]
[1310, 14.1, 13.9, 14.10, 14.00, 982, tse]
[1312, 19.9, 19.7, 19.90, 19.85, 3849, tse]
[1313, 15.5, 14.9, 15.50, 15.20, 4294, tse]
[1314, 10.3, 10.1, 10.20, 10.20, 20026, tse]
[1315, 72.4, 71.6, 71.60, 71.90, 26, tse]
[1316, 12.05, 11.8, 12.05, 11.85, 2621, tse]
[1319, 43.65, 40.9, 42.20, 43.45, 11241, tse]
[1321, 36.65, 35.8, 36.65, 36.60, 589, tse]
[1323, 33.6, 33.2, 33.25, 33.35, 81, tse]
[1324, 11.4, 11.15, 11.25, 11.30, 122, tse]
[1325, 24.05, 23.6, 23.70, 23.85, 500, tse]
[1326, 71.0, 70.1, 70.60, 70.60, 6589, tse]
[1336, 31.35, 29.2, 29.80, 29.95, 3035, otc]
[1337, 7.21, 7.12, 7.20, 7.15, 770, tse]
[1338, 46.9, 45.3, 45.60, 46.70, 232, tse]
[1339, 45.0, 42.7, 42.80, 44.55, 892, tse]
[1340, 11.25, 11.05, 11.20, 11.05, 410, tse]
[1341, 69.1, 68.5, 68.50, 68.80, 32, tse]
[1342, 164.5, 153.5, 156.50, 157.50, 12078, tse]
[1402, 32.6, 31.85, 32.15, 32.20, 19649, tse]
[1409, 18.35, 18.05, 18.15, 18.30, 5873, tse]
[1410, 40.8, 39.95, 40.05, 40.20, 157, tse]
[1413, 9.55, 9.4, 9.55, 9.49, 193, tse]
[1414, 18.1, 17.8, 18.05, 17.95, 654, tse]
[1416, 11.2, 11.0, 11.20, 11.10, 708, tse]
[1417, 14.25, 13.9, 14.10, 13.95, 2976, tse]
[1418, 14.0, 13.8, 13.80, 13.90, 67, tse]
[1419, 41.8, 40.95, 41.00, 41.60, 296, tse]
[1423, 20.45, 20.25, 20.40, 20.35, 114, tse]
[1432, 19.0, 17.6, 18.55, 17.90, 4282, tse]
[1434, 27.55, 27.3, 27.50, 27.40, 3029, tse]
[1436, 55.6, 54.0, 54.10, 55.60, 127, tse]
[1437, 30.85, 29.2, 30.80, 30.15, 3576, tse]
[1438, 33.65, 32.8, 32.95, 33.20, 434, tse]
[1439, 26.85, 23.0, 23.30, 24.90, 2163, tse]
[1440, 18.1, 17.75, 17.80, 17.95, 4153, tse]
[1441, 8.14, 8.01, 8.01, 8.11, 112, tse]
[1442, 32.3, 31.15, 31.25, 32.00, 1876, tse]
[1443, 32.4, 30.5, 31.40, 31.40, 693, tse]
[1444, 10.75, 10.55, 10.60, 10.60, 6413, tse]
[1445, 16.0, 15.8, 16.00, 15.85, 276, tse]
[1446, 32.9, 32.0, 32.50, 32.45, 239, tse]
[1447, 8.35, 8.22, 8.35, 8.28, 4111, tse]
[1449, 15.25, 15.0, 15.15, 15.20, 153, tse]
[1451, 23.6, 23.1, 23.40, 23.55, 644, tse]
[1452, 18.1, 17.85, 18.00, 17.85, 354, tse]
[1453, 16.4, 15.75, 16.40, 15.85, 770, tse]
[1454, 13.0, 12.85, 12.95, 12.95, 187, tse]
[1455, 11.2, 11.0, 11.20, 11.00, 1183, tse]
[1456, 15.25, 15.05, 15.20, 15.20, 82, tse]
[1457, 20.0, 19.05, 19.15, 19.70, 3737, tse]
[1459, 8.7, 8.6, 8.62, 8.68, 123, tse]
[1460, 7.46, 7.19, 7.28, 7.41, 2101, tse]
[1463, 15.0, 14.7, 15.00, 14.80, 530, tse]
[1464, 15.2, 14.3, 14.35, 15.05, 2405, tse]
[1465, 14.0, 13.9, 13.90, 14.00, 46, tse]
[1466, 11.75, 11.55, 11.75, 11.70, 86, tse]
[1467, 11.65, 11.4, 11.45, 11.60, 3429, tse]
[1468, 14.7, 14.05, 14.05, 14.65, 142, tse]
[1470, 19.35, 18.85, 19.20, 19.05, 98, tse]
[1471, 7.98, 7.86, 7.88, 7.90, 1048, tse]
[1472, 30.0, 29.7, 29.90, 29.90, 24, tse]
[1473, 27.65, 26.55, 26.65, 27.30, 2333, tse]
[1474, 12.3, 12.15, 12.30, 12.15, 439, tse]
[1475, 69.4, 67.5, 68.50, 68.30, 438, tse]
[1476, 493.5, 463.0, 485.00, 465.50, 5744, tse]
[1477, 223.0, 201.0, 202.00, 212.50, 8270, tse]
[1503, 83.4, 79.2, 80.00, 80.30, 11923, tse]
[1504, 31.8, 30.25, 30.35, 31.55, 22133, tse]
[1506, 22.7, 21.3, 22.10, 22.20, 4972, tse]
[1512, 5.8, 5.64, 5.65, 5.80, 407, tse]
[1513, 98.5, 94.2, 94.90, 94.60, 65815, tse]
[1514, 39.65, 37.0, 38.30, 39.15, 22227, tse]
[1515, 31.0, 29.6, 31.00, 29.80, 2776, tse]
[1516, 20.45, 19.95, 20.45, 20.05, 2004, tse]
[1517, 20.55, 20.3, 20.55, 20.50, 904, tse]
[1519, 65.0, 61.5, 62.60, 63.00, 19413, tse]
[1521, 38.5, 37.5, 37.95, 37.75, 100, tse]
[1522, 28.7, 28.2, 28.30, 28.65, 3551, tse]
[1524, 24.65, 24.0, 24.40, 24.45, 5812, tse]
[1525, 62.0, 60.8, 61.00, 61.00, 107, tse]
[1526, 43.25, 41.85, 42.55, 43.25, 694, tse]
[1527, 45.45, 44.0, 44.00, 45.45, 1993, tse]
[1528, 11.3, 10.65, 10.70, 11.20, 3553, tse]
[1529, 25.15, 24.15, 24.25, 24.20, 7135, tse]
[1530, 32.55, 32.25, 32.25, 32.50, 89, tse]
[1531, 14.65, 14.3, 14.60, 14.40, 667, tse]
[1532, 33.8, 33.05, 33.50, 33.30, 2096, tse]
[1533, 52.2, 50.5, 52.00, 50.90, 797, tse]
[1535, 49.5, 46.7, 47.25, 49.05, 1229, tse]
[1536, 72.7, 71.0, 72.50, 71.70, 2913, tse]
[1537, 141.5, 140.0, 140.00, 141.50, 157, tse]
[1538, 8.98, 8.07, 8.07, 8.22, 14, tse]
[1539, 32.35, 29.1, 29.30, 32.35, 5195, tse]
[1540, 17.5, 17.1, 17.20, 17.35, 1672, tse]
[1541, 39.75, 37.65, 38.00, 38.80, 468, tse]
[1558, 123.5, 121.5, 122.00, 122.50, 258, tse]
[1560, 115.5, 112.0, 112.50, 114.00, 3413, tse]
[1565, 267.0, 256.5, 262.00, 264.00, 391, otc]
[1568, 23.9, 23.4, 23.90, 23.60, 584, tse]
[1569, 25.0, 24.15, 24.15, 24.90, 1193, otc]
[1570, 18.4, 18.2, 18.20, 18.35, 179, otc]
[1580, 98.8, 96.0, 96.00, 98.00, 390, otc]
[1582, 62.0, 61.2, 61.60, 62.00, 311, tse]
[1583, 62.1, 61.9, 61.90, 62.10, 9, tse]
[1584, 29.15, 27.85, 28.70, 28.70, 23647, otc]
[1586, 34.0, 33.55, 33.95, 33.80, 325, otc]
[1587, 24.4, 22.5, 22.50, 24.10, 1100, tse]
[1589, 69.7, 68.0, 68.60, 68.00, 1783, tse]
[1590, 1125.0, 1080.0, 1,120.00, 1,100.00, 2013, tse]
[1591, 26.8, 25.75, 25.80, 26.60, 1401, otc]
[1593, 88.4, 84.8, 88.20, 87.30, 379, otc]
[1595, 42.5, 40.75, 40.90, 41.65, 199, otc]
[1597, 78.5, 76.9, 77.70, 77.40, 228, tse]
[1598, 49.4, 47.7, 47.80, 48.65, 906, tse]
[1599, 39.95, 39.3, 39.60, 39.45, 171, otc]
[1603, 26.25, 26.0, 26.10, 26.10, 994, tse]
[1604, 27.0, 26.75, 26.85, 26.80, 574, tse]
[1605, 53.4, 48.9, 52.50, 49.95, 291512, tse]
[1608, 15.6, 15.0, 15.60, 15.20, 2274, tse]
[1609, 25.2, 23.95, 24.15, 24.60, 22878, tse]
[1611, 14.75, 14.15, 14.25, 14.55, 2662, tse]
[1612, 19.15, 18.7, 19.15, 19.05, 1908, tse]
[1614, 36.95, 36.65, 36.65, 36.75, 83, tse]
[1615, 32.65, 31.7, 32.00, 32.65, 291, tse]
[1616, 8.2, 8.05, 8.12, 8.13, 340, tse]
[1617, 14.9, 14.8, 14.85, 14.80, 72, tse]
[1618, 14.8, 14.5, 14.70, 14.70, 767, tse]
[1626, 18.1, 17.75, 18.10, 17.80, 257, tse]
[1701, 28.5, 27.5, 27.75, 28.20, 18829, tse]
[1702, 47.4, 46.6, 46.95, 47.25, 1258, tse]
[1707, 190.0, 181.0, 182.00, 185.00, 3341, tse]
[1708, 45.3, 42.25, 42.40, 44.80, 29019, tse]
[1709, 24.9, 24.0, 24.30, 24.75, 9036, tse]
[1710, 18.85, 18.5, 18.75, 18.80, 1806, tse]
[1711, 19.05, 18.7, 18.85, 19.00, 1628, tse]
[1712, 42.7, 40.05, 40.30, 42.70, 14326, tse]
[1713, 27.0, 26.45, 26.60, 26.70, 208, tse]
[1714, 9.17, 8.88, 8.93, 9.12, 5513, tse]
[1717, 32.4, 31.9, 32.15, 32.40, 2166, tse]
[1718, 8.73, 8.59, 8.70, 8.70, 6413, tse]
[1720, 60.9, 58.2, 58.60, 59.80, 12429, tse]
[1721, 15.05, 14.7, 15.05, 14.90, 1762, tse]
[1722, 58.1, 56.9, 56.90, 57.90, 3284, tse]
[1723, 113.0, 111.0, 113.00, 112.50, 471, tse]
[1725, 22.4, 21.3, 21.30, 21.55, 164, tse]
[1726, 72.4, 71.8, 72.10, 72.30, 32, tse]
[1727, 26.35, 25.35, 26.35, 26.00, 1517, tse]
[1730, 56.5, 55.6, 55.60, 56.30, 48, tse]
[1731, 20.15, 19.75, 19.75, 19.95, 1144, tse]
[1732, 29.7, 29.1, 29.10, 29.55, 443, tse]
[1733, 26.25, 25.85, 26.10, 26.15, 600, tse]
[1734, 32.1, 31.45, 31.50, 31.95, 3066, tse]
[1735, 15.5, 14.95, 14.95, 15.10, 45, tse]
[1736, 70.1, 68.2, 70.10, 68.20, 1764, tse]
[1737, 33.5, 33.2, 33.35, 33.40, 566, tse]
[1742, 16.3, 14.65, 14.65, 15.70, 1040, otc]
[1752, 64.3, 58.0, 58.70, 61.10, 26969, tse]
[1760, 173.0, 160.5, 162.00, 172.00, 9904, tse]
[1762, 74.5, 67.0, 67.40, 73.00, 11586, tse]
[1773, 121.0, 118.5, 120.00, 119.50, 896, tse]
[1776, 16.95, 16.8, 16.95, 16.95, 79, tse]
[1777, 90.0, 87.7, 88.00, 90.00, 371, otc]
[1781, 15.6, 15.4, 15.60, 15.45, 228, otc]
[1783, 68.5, 61.1, 61.50, 65.90, 11288, tse]
[1784, 44.75, 43.25, 43.50, 44.30, 1229, otc]
[1785, 37.1, 36.2, 37.10, 36.65, 3770, otc]
[1786, 70.8, 64.6, 65.60, 70.30, 4033, tse]
[1788, 146.0, 143.5, 145.50, 144.50, 91, otc]
[1789, 26.95, 26.25, 26.30, 26.80, 3019, tse]
[1795, 288.5, 278.0, 283.00, 278.50, 17620, tse]
[1796, 90.8, 86.2, 89.30, 90.60, 726, otc]
[1799, 16.55, 16.0, 16.35, 16.25, 96, otc]
[1802, 23.2, 22.2, 23.05, 22.45, 9313, tse]
[1805, 11.0, 10.5, 10.70, 10.50, 154, tse]
[1806, 9.12, 9.02, 9.12, 9.09, 701, tse]
[1808, 72.4, 70.8, 70.80, 71.50, 577, tse]
[1809, 14.15, 13.8, 14.15, 14.00, 2374, tse]
[1810, 20.0, 19.05, 19.15, 19.50, 11972, tse]
[1813, 22.55, 22.25, 22.50, 22.50, 100, otc]
[1815, 12.9, 12.4, 12.75, 12.50, 5703, otc]
[1817, 39.35, 38.5, 39.05, 38.80, 356, tse]
[1903, 48.9, 48.25, 48.60, 48.70, 267, tse]
[1904, 28.85, 28.5, 28.85, 28.75, 1804, tse]
[1905, 17.7, 17.15, 17.70, 17.45, 4709, tse]
[1906, 18.05, 17.55, 18.00, 17.60, 866, tse]
[1907, 27.65, 26.7, 27.20, 27.50, 7508, tse]
[1909, 19.0, 18.2, 19.00, 18.30, 7672, tse]
[2002, 31.1, 30.2, 31.00, 30.70, 77748, tse]
[2006, 62.9, 59.7, 59.90, 62.50, 12893, tse]
[2007, 12.35, 12.0, 12.35, 12.10, 3071, tse]
[2008, 18.8, 18.55, 18.55, 18.80, 68, tse]
[2009, 36.25, 35.0, 36.25, 35.30, 4769, tse]
[2010, 16.95, 16.4, 16.95, 16.65, 1216, tse]
[2012, 24.5, 24.1, 24.10, 24.30, 138, tse]
[2013, 60.6, 59.5, 60.20, 59.50, 741, tse]
[2014, 28.65, 27.0, 28.65, 28.30, 49943, tse]
[2015, 73.3, 69.7, 71.20, 73.30, 1746, tse]
[2017, 19.15, 18.2, 19.15, 18.30, 4696, tse]
[2020, 24.0, 23.6, 23.70, 23.90, 438, tse]
[2022, 8.83, 8.58, 8.83, 8.59, 2243, tse]
[2023, 17.3, 16.8, 17.30, 17.15, 7626, tse]
[2024, 19.6, 18.9, 19.10, 19.30, 133, tse]
[2025, 5.86, 5.61, 5.77, 5.80, 1891, tse]
[2027, 43.75, 43.0, 43.55, 43.60, 17385, tse]
[2028, 29.05, 28.1, 28.55, 28.80, 1447, tse]
[2029, 25.8, 25.2, 25.70, 25.70, 863, tse]
[2030, 23.4, 22.95, 23.40, 23.30, 3355, tse]
[2031, 45.9, 42.8, 44.45, 45.15, 7882, tse]
[2032, 20.8, 20.3, 20.75, 20.60, 888, tse]
[2033, 16.2, 15.6, 16.20, 15.85, 581, tse]
[2034, 31.1, 30.3, 30.90, 31.05, 3597, tse]
[2035, 32.25, 31.4, 31.90, 32.10, 49, otc]
[2038, 23.05, 22.3, 22.80, 23.00, 2652, tse]
[2049, 253.0, 245.0, 251.00, 246.50, 12652, tse]
[2059, 416.5, 399.5, 415.50, 399.50, 1802, tse]
[2061, 26.55, 25.9, 26.55, 26.00, 326, otc]
[2062, 23.8, 23.2, 23.55, 23.45, 1158, tse]
[2063, 51.9, 46.95, 47.75, 47.45, 1743, otc]
[2064, 19.8, 18.95, 19.50, 19.80, 260, otc]
[2065, 60.5, 57.9, 57.90, 60.40, 808, otc]
[2066, 89.8, 84.9, 85.00, 87.70, 1202, otc]
[2067, 12.0, 10.6, 10.70, 11.80, 424, otc]
[2069, 21.5, 21.0, 21.30, 21.35, 784, tse]
[2070, 37.6, 36.8, 36.90, 37.15, 21, otc]
[2101, 37.25, 36.45, 36.60, 37.05, 1630, tse]
[2102, 21.9, 21.45, 21.65, 21.65, 3277, tse]
[2103, 29.4, 28.55, 29.00, 29.40, 4231, tse]
[2104, 20.8, 20.4, 20.75, 20.75, 5032, tse]
[2105, 34.6, 34.0, 34.30, 34.40, 7822, tse]
[2106, 31.25, 30.95, 31.15, 31.10, 1157, tse]
[2107, 22.65, 22.15, 22.25, 22.55, 1055, tse]
[2108, 43.3, 41.85, 43.30, 42.35, 3159, tse]
[2109, 15.0, 14.8, 14.85, 14.85, 341, tse]
[2114, 99.0, 98.0, 99.00, 98.20, 38, tse]
[2115, 31.65, 30.85, 30.85, 31.45, 83, tse]
[2201, 83.5, 77.8, 82.60, 78.10, 76286, tse]
[2204, 57.6, 56.1, 57.00, 56.70, 3376, tse]
[2206, 39.85, 39.1, 39.60, 39.45, 8121, tse]
[2207, 629.0, 606.0, 620.00, 610.00, 618, tse]
[2208, 23.7, 22.75, 23.55, 22.90, 17842, tse]
[2211, 53.2, 52.0, 52.80, 52.20, 2113, tse]
[2221, 41.0, 40.45, 40.60, 40.90, 491, otc]
[2227, 204.0, 200.5, 204.00, 202.00, 90, tse]
[2228, 87.8, 82.0, 82.20, 86.10, 1541, tse]
[2230, 81.0, 70.9, 71.00, 76.30, 15264, otc]
[2231, 164.0, 153.0, 158.00, 159.50, 2664, tse]
[2233, 107.5, 103.5, 103.50, 107.00, 380, tse]
[2235, 48.9, 47.35, 47.40, 48.90, 60, otc]
[2236, 44.5, 41.15, 42.25, 41.55, 3833, tse]
[2239, 63.6, 62.6, 63.20, 63.50, 112, tse]
[2241, 37.25, 34.0, 34.00, 35.50, 1620, tse]
[2243, 20.65, 18.8, 19.70, 18.90, 3852, tse]
[2247, 238.5, 233.5, 234.50, 235.50, 516, tse]
[2250, 73.9, 72.1, 73.90, 73.10, 39, tse]
[2301, 73.3, 69.1, 70.00, 72.70, 27762, tse]
[2302, 17.6, 17.35, 17.60, 17.55, 716, tse]
[2303, 51.7, 48.95, 49.00, 51.30, 171522, tse]
[2305, 25.75, 23.35, 23.55, 25.75, 3593, tse]
[2308, 292.0, 282.0, 282.00, 288.00, 16556, tse]
[2312, 13.75, 13.55, 13.65, 13.65, 7913, tse]
[2313, 47.0, 44.85, 45.50, 46.75, 18952, tse]
[2314, 45.2, 43.2, 43.70, 44.10, 3048, tse]
[2316, 28.25, 27.8, 27.85, 28.15, 321, tse]
[2317, 104.0, 100.0, 100.00, 102.50, 105361, tse]
[2321, 18.2, 17.9, 18.00, 18.20, 26, tse]
[2323, 8.12, 7.96, 8.03, 8.09, 9098, tse]
[2324, 24.4, 24.05, 24.15, 24.40, 32066, tse]
[2327, 549.0, 525.0, 532.00, 539.00, 11002, tse]
[2328, 39.8, 38.2, 38.50, 39.05, 11347, tse]
[2329, 20.35, 19.45, 19.55, 20.05, 13108, tse]
[2330, 525.0, 504.0, 504.00, 516.00, 88105, tse]
[2331, 21.65, 21.35, 21.65, 21.45, 1830, tse]
[2332, 17.7, 17.05, 17.40, 17.55, 21169, tse]
[2337, 36.0, 33.8, 34.10, 35.75, 33266, tse]
[2338, 83.8, 81.3, 81.70, 82.90, 4471, tse]
[2340, 39.5, 37.0, 37.35, 37.60, 15162, tse]
[2342, 41.4, 40.2, 41.40, 40.45, 2876, tse]
[2344, 26.1, 22.35, 23.00, 25.60, 312153, tse]
[2345, 291.5, 272.0, 272.00, 285.50, 8020, tse]
[2347, 64.3, 61.7, 61.90, 63.70, 9115, tse]
[2348, 67.9, 66.5, 67.20, 67.80, 86, tse]
[2349, 8.62, 8.47, 8.54, 8.54, 3284, tse]
[2351, 126.5, 119.5, 124.00, 120.00, 4732, tse]
[2352, 30.5, 29.9, 29.95, 30.40, 10777, tse]
[2353, 25.85, 25.25, 25.40, 25.65, 16810, tse]
[2354, 55.9, 54.8, 55.00, 55.20, 5519, tse]
[2355, 29.6, 29.1, 29.45, 29.60, 1577, tse]
[2356, 27.05, 26.55, 26.65, 26.70, 21549, tse]
[2357, 284.5, 275.0, 277.00, 284.00, 4798, tse]
[2358, 15.65, 15.05, 15.30, 15.50, 3206, tse]
[2359, 28.3, 26.3, 26.60, 27.95, 22902, tse]
[2360, 181.5, 173.0, 174.00, 178.50, 9592, tse]
[2362, 31.45, 30.85, 31.10, 31.35, 548, tse]
[2363, 18.85, 18.15, 18.30, 18.70, 9057, tse]
[2364, 113.5, 108.0, 111.00, 108.00, 903, tse]
[2365, 10.7, 10.35, 10.40, 10.60, 1030, tse]
[2367, 19.1, 18.7, 18.80, 18.90, 8411, tse]
[2368, 93.4, 89.0, 92.10, 90.40, 27621, tse]
[2369, 15.45, 15.0, 15.05, 15.35, 2982, tse]
[2371, 33.5, 33.0, 33.35, 33.15, 12042, tse]
[2373, 80.5, 79.6, 80.50, 80.00, 164, tse]
[2374, 21.3, 20.45, 20.65, 21.20, 2464, tse]
[2375, 70.9, 65.5, 66.80, 69.10, 5085, tse]
[2376, 121.0, 117.5, 119.50, 119.00, 9380, tse]
[2377, 140.5, 135.0, 136.50, 139.50, 8338, tse]
[2379, 385.0, 372.0, 375.00, 379.50, 7039, tse]
[2380, 10.9, 10.7, 10.75, 10.85, 1433, tse]
[2382, 81.2, 78.5, 78.50, 80.60, 15104, tse]
[2383, 194.0, 185.0, 190.00, 189.50, 4310, tse]
[2385, 94.7, 87.7, 88.00, 94.30, 7385, tse]
[2387, 40.1, 38.95, 39.00, 39.90, 1714, tse]
[2388, 91.9, 84.0, 90.00, 85.00, 105417, tse]
[2390, 12.9, 12.65, 12.90, 12.85, 1122, tse]
[2392, 39.5, 38.55, 38.85, 39.30, 4456, tse]
[2393, 39.3, 38.25, 38.50, 39.10, 2604, tse]
[2395, 365.0, 347.5, 365.00, 358.50, 3402, tse]
[2397, 65.6, 64.0, 65.00, 65.20, 556, tse]
[2399, 15.7, 15.2, 15.65, 15.60, 5645, tse]
[2401, 26.25, 25.6, 26.00, 26.05, 4657, tse]
[2402, 19.5, 18.9, 19.15, 19.25, 11822, tse]
[2404, 237.5, 223.0, 225.50, 229.50, 3150, tse]
[2405, 12.7, 12.4, 12.60, 12.65, 3069, tse]
[2406, 19.75, 19.35, 19.65, 19.60, 2145, tse]
[2408, 58.2, 56.6, 57.90, 57.90, 22433, tse]
[2409, 19.2, 18.15, 18.70, 18.95, 214736, tse]
[2412, 118.0, 114.5, 115.50, 117.50, 27165, tse]
[2413, 30.1, 27.8, 28.20, 29.60, 7840, tse]
[2414, 33.25, 32.4, 32.40, 33.20, 466, tse]
[2415, 26.0, 25.1, 25.10, 25.45, 451, tse]
[2417, 23.9, 23.5, 23.90, 23.80, 744, tse]
[2419, 29.35, 27.55, 27.70, 28.50, 48648, tse]
[2420, 43.6, 42.35, 42.50, 43.45, 873, tse]
[2421, 44.55, 43.15, 43.40, 43.55, 3813, tse]
[2423, 29.8, 29.15, 29.15, 29.50, 803, tse]
[2424, 23.0, 21.4, 21.50, 22.10, 185, tse]
[2425, 35.8, 34.45, 34.70, 35.15, 6891, tse]
[2426, 18.2, 17.6, 17.85, 18.15, 1464, tse]
[2427, 13.4, 12.85, 12.90, 13.40, 1977, tse]
[2428, 144.5, 140.0, 142.00, 142.00, 620, tse]
[2429, 10.8, 10.1, 10.10, 10.80, 86, tse]
[2430, 50.5, 48.7, 49.20, 50.30, 3949, tse]
[2431, 10.35, 10.1, 10.20, 10.30, 519, tse]
[2433, 50.9, 49.9, 49.90, 50.80, 114, tse]
[2434, 28.6, 27.65, 28.45, 27.95, 222, tse]
[2436, 53.3, 49.65, 49.85, 51.80, 9790, tse]
[2438, 15.05, 13.85, 15.05, 14.10, 117, tse]
[2439, 87.6, 84.9, 85.10, 86.00, 3154, tse]
[2440, 12.0, 11.65, 12.00, 11.65, 900, tse]
[2441, 53.8, 51.7, 53.20, 53.80, 3521, tse]
[2442, 14.2, 13.35, 13.40, 13.95, 5756, tse]
[2443, 2.95, 2.83, 2.89, 2.87, 252, tse]
[2444, 17.8, 16.35, 16.65, 17.55, 3827, tse]
[2449, 45.8, 41.4, 41.75, 45.20, 42297, tse]
[2450, 34.45, 33.5, 33.50, 34.35, 849, tse]
[2451, 71.2, 69.8, 69.90, 71.00, 2641, tse]
[2453, 50.8, 46.0, 46.10, 49.00, 12703, tse]
[2454, 795.0, 731.0, 737.00, 775.00, 32995, tse]
[2455, 84.1, 81.3, 83.80, 83.60, 6787, tse]
[2457, 49.5, 44.9, 45.20, 46.90, 67202, tse]
[2458, 106.5, 102.5, 104.50, 104.00, 4750, tse]
[2459, 57.4, 56.5, 56.50, 57.20, 259, tse]
[2460, 18.6, 18.3, 18.60, 18.40, 476, tse]
[2461, 20.6, 20.1, 20.55, 20.50, 1083, tse]
[2462, 33.95, 31.5, 31.90, 33.85, 5499, tse]
[2464, 39.2, 38.85, 39.00, 39.10, 577, tse]
[2465, 41.55, 40.55, 41.55, 41.25, 1754, tse]
[2466, 34.75, 34.1, 34.75, 34.55, 52, tse]
[2467, 48.1, 47.0, 47.40, 48.10, 1024, tse]
[2468, 28.8, 27.5, 27.60, 28.20, 3937, tse]
[2471, 42.85, 39.4, 39.40, 41.40, 22039, tse]
[2472, 65.2, 63.2, 63.70, 64.70, 1906, tse]
[2474, 190.0, 183.5, 183.50, 188.00, 8702, tse]
[2476, 50.5, 48.65, 49.00, 49.60, 2658, tse]
[2477, 21.8, 21.35, 21.35, 21.65, 439, tse]
[2478, 49.8, 47.85, 48.40, 49.35, 632, tse]
[2480, 96.4, 92.7, 94.00, 95.90, 1721, tse]
[2481, 67.1, 65.6, 67.00, 66.50, 4945, tse]
[2482, 52.2, 46.55, 47.85, 47.10, 40039, tse]
[2483, 26.65, 25.8, 25.80, 26.30, 644, tse]
[2484, 39.3, 38.2, 38.65, 38.80, 11579, tse]
[2485, 18.55, 17.95, 18.00, 18.50, 2427, tse]
[2486, 23.9, 23.2, 23.35, 23.45, 3593, tse]
[2488, 31.7, 30.8, 30.85, 31.50, 1754, tse]
[2489, 10.75, 10.4, 10.75, 10.60, 4489, tse]
[2491, 12.4, 12.0, 12.10, 12.25, 87, tse]
[2492, 99.7, 95.8, 99.60, 97.60, 10463, tse]
[2493, 52.6, 50.9, 51.50, 51.80, 1093, tse]
[2495, 20.95, 19.1, 19.15, 20.80, 15252, tse]
[2496, 51.8, 50.6, 50.80, 51.00, 63, tse]
[2497, 77.0, 74.7, 76.10, 75.10, 2996, tse]
[2498, 67.8, 63.4, 66.30, 63.60, 88170, tse]
[2501, 17.3, 17.1, 17.15, 17.15, 1123, tse]
[2504, 27.4, 26.55, 27.40, 26.95, 13799, tse]
[2505, 19.4, 19.0, 19.10, 19.30, 674, tse]
[2506, 9.75, 9.52, 9.60, 9.72, 2375, tse]
[2509, 15.9, 15.45, 15.90, 15.60, 191, tse]
[2511, 11.45, 11.25, 11.40, 11.35, 1190, tse]
[2514, 17.15, 17.0, 17.15, 17.05, 255, tse]
[2515, 8.8, 8.69, 8.80, 8.79, 5668, tse]
[2516, 5.13, 5.07, 5.13, 5.07, 264, tse]
[2520, 29.25, 28.8, 29.00, 29.20, 1409, tse]
[2524, 33.0, 32.45, 32.70, 32.60, 77, tse]
[2527, 21.9, 21.6, 21.70, 21.85, 341, tse]
[2528, 18.2, 17.3, 17.70, 18.10, 246, tse]
[2530, 17.7, 17.3, 17.60, 17.55, 1248, tse]
[2534, 23.4, 23.0, 23.35, 23.25, 4156, tse]
[2535, 32.55, 31.65, 31.90, 32.35, 1543, tse]
[2536, 22.8, 22.5, 22.50, 22.70, 421, tse]
[2537, 7.24, 7.1, 7.22, 7.12, 1976, tse]
[2538, 13.4, 13.05, 13.15, 13.15, 2849, tse]
[2539, 34.8, 34.3, 34.30, 34.65, 581, tse]
[2540, 78.2, 76.5, 77.50, 77.40, 158, tse]
[2542, 42.5, 41.75, 42.30, 41.95, 7220, tse]
[2543, 9.26, 9.12, 9.16, 9.18, 133, tse]
[2545, 46.55, 44.4, 44.70, 44.95, 3031, tse]
[2546, 57.2, 55.9, 56.70, 56.90, 271, tse]
[2547, 9.61, 9.36, 9.61, 9.39, 2829, tse]
[2548, 92.2, 90.7, 92.20, 91.50, 1535, tse]
[2596, 21.35, 20.0, 20.10, 21.25, 1287, otc]
[2597, 126.5, 121.0, 123.00, 124.50, 307, tse]
[2601, 10.75, 10.2, 10.50, 10.30, 79944, tse]
[2603, 163.0, 154.0, 157.50, 163.00, 92839, tse]
[2605, 27.55, 25.0, 27.40, 27.00, 153264, tse]
[2606, 62.7, 56.7, 62.10, 60.40, 73346, tse]
[2607, 28.65, 27.65, 28.10, 28.55, 15731, tse]
[2608, 38.45, 37.75, 38.20, 38.40, 628, tse]
[2609, 67.3, 63.2, 64.30, 67.10, 149662, tse]
[2610, 20.55, 19.95, 20.30, 20.30, 68059, tse]
[2611, 15.65, 14.45, 15.10, 15.10, 14312, tse]
[2612, 45.4, 41.5, 43.95, 44.20, 12081, tse]
[2613, 25.2, 24.05, 24.45, 24.85, 4154, tse]
[2614, 23.35, 22.8, 23.25, 23.25, 4951, tse]
[2615, 81.5, 77.3, 79.40, 81.10, 47428, tse]
[2616, 31.5, 31.15, 31.15, 31.50, 554, tse]
[2617, 32.1, 29.45, 30.60, 32.10, 19386, tse]
[2618, 28.65, 27.95, 28.30, 28.35, 88444, tse]
[2630, 17.8, 17.55, 17.70, 17.75, 271, tse]
[2633, 29.55, 29.15, 29.45, 29.45, 11623, tse]
[2634, 38.95, 37.45, 38.20, 38.40, 33648, tse]
[2636, 72.5, 67.6, 69.00, 71.40, 3816, tse]
[2637, 71.5, 66.5, 69.90, 70.60, 66899, tse]
[2640, 108.0, 103.0, 108.00, 107.00, 250, otc]
[2641, 21.15, 19.5, 20.10, 21.05, 65395, otc]
[2642, 49.65, 48.0, 48.95, 49.65, 703, tse]
[2643, 72.7, 71.6, 72.20, 72.10, 329, otc]
[2701, 13.55, 13.0, 13.30, 13.25, 6257, tse]
[2702, 27.6, 26.1, 26.75, 27.35, 4447, tse]
[2704, 39.1, 36.6, 37.80, 36.80, 3025, tse]
[2705, 19.2, 18.1, 18.65, 18.65, 5585, tse]
[2706, 15.5, 15.1, 15.30, 15.20, 2332, tse]
[2707, 338.5, 301.0, 308.00, 309.00, 13069, tse]
[2712, 37.9, 35.5, 37.50, 36.75, 1760, tse]
[2718, 36.0, 35.3, 35.30, 36.00, 50, otc]
[2719, 55.5, 51.5, 55.50, 53.10, 350, otc]
[2722, 52.3, 45.0, 47.50, 50.30, 10512, tse]
[2723, 164.5, 155.5, 159.50, 157.50, 4940, tse]
[2724, 14.35, 13.05, 14.00, 13.05, 3, otc]
[2726, 29.15, 27.55, 29.00, 28.15, 438, otc]
[2727, 299.5, 273.0, 275.00, 283.00, 16604, tse]
[2729, 273.5, 255.5, 261.00, 269.00, 2012, otc]
[2731, 128.0, 124.5, 127.00, 126.00, 5707, tse]
[2732, 173.5, 157.0, 162.50, 173.50, 8838, otc]
[2734, 35.05, 33.6, 34.95, 33.90, 1438, otc]
[2736, 28.8, 26.65, 28.00, 27.15, 10298, otc]
[2739, 65.0, 52.5, 55.80, 62.50, 5694, tse]
[2740, 49.5, 46.2, 47.00, 49.45, 5, otc]
[2743, 64.2, 62.7, 63.70, 64.00, 2331, otc]
[2745, 45.25, 40.9, 42.35, 43.85, 1659, otc]
[2748, 104.5, 94.1, 97.40, 94.40, 33283, tse]
[2752, 280.0, 258.0, 260.50, 274.00, 135, otc]
[2753, 251.0, 240.0, 251.00, 241.50, 2863, tse]
[2754, 213.5, 203.5, 207.00, 209.50, 577, otc]
[2755, 119.0, 108.5, 109.00, 112.00, 955, otc]
[2756, 123.0, 117.0, 118.50, 120.50, 161, otc]
[2801, 17.55, 17.3, 17.40, 17.45, 14108, tse]
[2809, 34.7, 33.7, 34.10, 34.60, 3611, tse]
[2812, 13.9, 13.7, 13.75, 13.75, 26223, tse]
[2816, 16.7, 16.45, 16.50, 16.50, 47, tse]
[2820, 15.45, 15.2, 15.45, 15.25, 1538, tse]
[2832, 20.85, 20.7, 20.80, 20.80, 461, tse]
[2834, 14.9, 14.2, 14.35, 14.40, 148032, tse]
[2836, 12.75, 12.6, 12.60, 12.70, 1347, tse]
[2838, 16.2, 15.9, 16.20, 16.00, 2438, tse]
[2845, 11.85, 11.25, 11.80, 11.35, 43356, tse]
[2849, 14.75, 14.5, 14.75, 14.65, 262, tse]
[2850, 51.2, 50.2, 50.60, 51.10, 439, tse]
[2851, 18.55, 18.3, 18.55, 18.40, 3578, tse]
[2852, 17.35, 16.9, 16.95, 17.15, 1546, tse]
[2855, 17.15, 16.95, 17.15, 17.00, 1202, tse]
[2867, 5.39, 5.35, 5.36, 5.37, 38084, tse]
[2880, 22.95, 22.7, 22.80, 22.75, 29342, tse]
[2881, 59.8, 58.6, 59.20, 59.50, 31339, tse]
[2882, 43.55, 42.6, 43.35, 42.90, 56042, tse]
[2883, 13.2, 13.0, 13.10, 13.10, 82113, tse]
[2884, 25.0, 24.6, 24.95, 24.65, 67695, tse]
[2885, 22.65, 22.25, 22.55, 22.55, 54527, tse]
[2886, 33.7, 32.6, 32.60, 32.80, 57716, tse]
[2887, 16.5, 16.2, 16.35, 16.30, 35735, tse]
[2888, 8.85, 8.7, 8.85, 8.73, 71195, tse]
[2889, 12.65, 12.5, 12.60, 12.60, 8458, tse]
[2890, 17.35, 17.05, 17.35, 17.05, 47182, tse]
[2891, 22.8, 22.4, 22.70, 22.40, 75485, tse]
[2892, 26.65, 26.25, 26.45, 26.35, 74033, tse]
[2897, 9.85, 9.61, 9.68, 9.62, 20354, tse]
[2901, 25.8, 25.4, 25.75, 25.55, 46, tse]
[2903, 22.9, 22.5, 22.50, 22.85, 7061, tse]
[2904, 22.2, 21.6, 21.60, 22.00, 236, tse]
[2905, 16.85, 16.25, 16.85, 16.25, 1228, tse]
[2906, 19.05, 18.35, 18.55, 18.65, 2759, tse]
[2908, 20.65, 20.2, 20.25, 20.65, 746, tse]
[2910, 30.5, 30.2, 30.20, 30.35, 46, tse]
[2911, 7.51, 7.35, 7.39, 7.35, 665, tse]
[2912, 268.5, 265.5, 267.00, 267.50, 4718, tse]
[2913, 23.25, 21.9, 22.00, 22.45, 9247, tse]
[2915, 67.4, 65.6, 67.40, 66.00, 8096, tse]
[2916, 34.8, 32.15, 32.80, 33.35, 1848, otc]
[2923, 24.55, 23.5, 23.65, 24.40, 38, tse]
[2924, 39.6, 35.75, 36.90, 36.90, 20, otc]
[2926, 65.5, 59.5, 60.20, 65.50, 430, otc]
[2929, 16.95, 16.25, 16.25, 16.85, 3744, tse]
[2937, 37.45, 36.55, 37.45, 37.20, 24, otc]
[2939, 33.4, 32.5, 33.35, 33.10, 45, tse]
[2945, 46.2, 45.5, 45.80, 46.00, 62, tse]
[2947, 96.0, 92.1, 95.90, 92.40, 60, otc]
[3002, 11.95, 11.75, 11.90, 11.90, 561, tse]
[3003, 73.4, 71.6, 72.10, 72.70, 1000, tse]
[3004, 92.1, 88.4, 89.20, 89.90, 2110, tse]
[3005, 54.6, 50.4, 50.60, 54.40, 17516, tse]
[3006, 82.4, 74.7, 77.80, 81.50, 27804, tse]
[3008, 2260.0, 2135.0, 2,155.00, 2,230.00, 1699, tse]
[3010, 89.3, 86.4, 87.60, 89.10, 1100, tse]
[3011, 20.9, 19.95, 20.15, 20.30, 5717, tse]
[3013, 22.55, 20.25, 20.80, 22.55, 26935, tse]
[3014, 89.9, 87.9, 88.90, 89.40, 2852, tse]
[3015, 42.9, 42.05, 42.45, 42.75, 361, tse]
[3016, 75.6, 71.4, 75.20, 71.90, 4590, tse]
[3017, 121.5, 115.5, 119.50, 118.50, 13949, tse]
[3019, 66.0, 63.9, 65.10, 65.50, 2496, tse]
[3021, 22.25, 21.65, 21.70, 21.85, 501, tse]
[3022, 84.3, 80.5, 81.60, 82.70, 6552, tse]
[3023, 306.0, 291.0, 291.00, 297.00, 1783, tse]
[3024, 14.5, 13.85, 13.90, 14.30, 4467, tse]
[3025, 22.75, 21.15, 21.20, 22.40, 2154, tse]
[3026, 97.4, 96.0, 97.00, 97.10, 954, tse]
[3027, 46.3, 42.35, 42.65, 43.85, 44996, tse]
[3028, 30.85, 29.8, 29.85, 30.85, 1342, tse]
[3029, 51.2, 48.9, 49.00, 50.50, 15389, tse]
[3030, 64.2, 62.1, 63.60, 63.00, 2868, tse]
[3031, 16.55, 16.3, 16.50, 16.40, 272, tse]
[3032, 34.2, 33.4, 33.55, 33.75, 596, tse]
[3033, 28.8, 27.7, 27.80, 28.80, 4998, tse]
[3034, 419.0, 402.0, 407.00, 410.50, 17114, tse]
[3035, 194.0, 183.5, 185.50, 188.50, 38341, tse]
[3036, 65.6, 63.8, 64.60, 65.40, 5041, tse]
[3037, 139.5, 124.0, 126.00, 136.50, 103080, tse]
[3038, 23.2, 22.45, 22.65, 23.05, 7206, tse]
[3040, 32.6, 31.5, 32.30, 31.75, 64, tse]
[3041, 22.0, 21.6, 22.00, 21.85, 1570, tse]
[3042, 89.1, 85.5, 85.80, 88.30, 3874, tse]
[3043, 30.6, 29.2, 29.95, 29.55, 177, tse]
[3044, 106.5, 103.0, 104.50, 106.00, 3032, tse]
[3045, 97.3, 95.5, 96.20, 97.20, 8341, tse]
[3046, 53.3, 52.0, 52.20, 52.30, 1893, tse]
[3047, 15.8, 15.35, 15.50, 15.70, 4632, tse]
[3048, 29.2, 28.45, 29.00, 29.20, 2583, tse]
[3049, 10.35, 10.0, 10.15, 10.25, 6981, tse]
[3050, 17.35, 17.15, 17.30, 17.15, 619, tse]
[3051, 19.25, 18.7, 19.10, 19.00, 1623, tse]
[3052, 11.65, 11.2, 11.60, 11.25, 2928, tse]
[3054, 19.05, 18.65, 18.70, 18.90, 52, tse]
[3055, 33.85, 32.35, 32.35, 33.05, 1814, tse]
[3056, 34.3, 33.15, 33.45, 34.00, 5555, tse]
[3057, 11.75, 11.35, 11.35, 11.70, 315, tse]
[3058, 14.9, 14.05, 14.80, 14.60, 3321, tse]
[3059, 34.5, 33.7, 34.50, 34.25, 3564, tse]
[3060, 18.05, 17.65, 17.80, 18.00, 564, tse]
[3062, 24.3, 23.8, 23.95, 24.10, 4118, tse]
[3064, 16.05, 14.15, 14.15, 15.00, 102, otc]
[3066, 25.55, 24.0, 24.20, 25.55, 227, otc]
[3067, 33.35, 31.15, 32.40, 32.95, 7, otc]
[3071, 26.35, 25.5, 25.85, 26.25, 537, otc]
[3078, 33.35, 32.2, 32.50, 33.10, 1224, otc]
[3081, 136.0, 128.0, 131.50, 130.50, 7373, otc]
[3083, 47.1, 45.5, 45.70, 46.70, 626, otc]
[3085, 21.8, 19.45, 21.35, 20.00, 42, otc]
[3086, 80.5, 79.0, 79.40, 79.30, 21, otc]
[3088, 73.3, 68.5, 68.60, 71.50, 9301, otc]
[3089, 60.3, 55.0, 59.70, 55.00, 69, otc]
[3090, 58.1, 56.2, 56.40, 57.60, 2278, tse]
[3092, 38.0, 37.0, 37.80, 37.00, 962, tse]
[3093, 31.8, 30.65, 31.00, 31.60, 3912, otc]
[3094, 34.2, 32.0, 33.30, 32.20, 6897, tse]
[3095, 34.9, 32.1, 33.65, 32.90, 54, otc]
[3105, 170.5, 163.5, 164.00, 167.00, 11891, otc]
[3114, 28.3, 27.0, 27.10, 27.90, 1178, otc]
[3115, 12.2, 11.5, 11.85, 11.70, 17, otc]
[3118, 29.55, 28.3, 28.50, 29.20, 142, otc]
[3122, 28.3, 27.5, 28.20, 27.80, 680, otc]
[3128, 51.3, 43.5, 45.30, 48.80, 28601, otc]
[3130, 205.5, 204.0, 204.00, 205.00, 55, tse]
[3131, 265.0, 251.0, 252.50, 264.50, 352, otc]
[3138, 165.0, 158.0, 158.50, 162.50, 2625, tse]
[3141, 120.0, 107.0, 107.00, 119.50, 24275, otc]
[3147, 66.8, 59.9, 60.40, 66.80, 5267, otc]
[3149, 18.7, 18.45, 18.70, 18.55, 894, tse]
[3152, 238.5, 215.5, 233.50, 218.00, 657, otc]
[3162, 58.4, 53.9, 53.90, 57.10, 19401, otc]
[3163, 58.6, 55.8, 56.10, 57.30, 7888, otc]
[3164, 24.75, 24.15, 24.20, 24.50, 214, tse]
[3167, 45.9, 44.5, 44.80, 45.80, 126, tse]
[3169, 133.0, 114.0, 116.00, 127.50, 10287, otc]
[3171, 17.9, 16.6, 17.00, 17.60, 137, otc]
[3176, 32.9, 31.8, 32.50, 32.60, 685, otc]
[3178, 70.3, 68.7, 68.70, 69.70, 128, otc]
[3188, 13.1, 12.85, 12.90, 12.95, 738, otc]
[3189, 117.0, 107.0, 108.50, 116.50, 24161, tse]
[3191, 8.35, 8.05, 8.10, 8.05, 48, otc]
[3202, 15.0, 14.8, 14.90, 14.90, 420, otc]
[3205, 45.1, 43.6, 43.85, 43.90, 492, otc]
[3206, 31.9, 30.8, 30.80, 31.50, 1306, otc]
[3207, 83.4, 71.1, 71.40, 76.30, 35096, otc]
[3209, 45.3, 43.5, 43.50, 44.65, 6470, tse]
[3211, 82.4, 79.9, 82.10, 80.40, 935, otc]
[3213, 47.8, 45.8, 47.15, 47.10, 185, otc]
[3217, 94.7, 91.4, 94.60, 93.50, 1503, otc]
[3218, 333.5, 317.0, 326.50, 328.50, 738, otc]
[3219, 61.7, 60.1, 60.90, 61.10, 76, otc]
[3221, 29.85, 28.6, 28.85, 29.60, 2532, otc]
[3224, 48.0, 45.85, 47.65, 48.00, 2377, otc]
[3226, 55.7, 55.6, 55.60, 55.70, 7, otc]
[3227, 111.5, 107.5, 110.00, 110.50, 1675, otc]
[3228, 206.0, 193.5, 195.50, 199.00, 5600, otc]
[3229, 19.8, 19.35, 19.80, 19.60, 39, tse]
[3230, 12.4, 12.05, 12.25, 12.25, 376, otc]
[3231, 32.75, 31.9, 32.30, 32.65, 33812, tse]
[3232, 32.2, 29.85, 31.90, 30.50, 805, otc]
[3234, 23.75, 23.0, 23.00, 23.40, 658, otc]
[3236, 27.9, 25.05, 25.20, 26.90, 6074, otc]
[3252, 20.55, 19.55, 20.15, 19.80, 1193, otc]
[3257, 48.6, 47.35, 48.00, 48.30, 199, tse]
[3259, 20.8, 20.15, 20.45, 20.45, 114, otc]
[3260, 69.6, 65.1, 65.80, 69.30, 7469, otc]
[3264, 56.4, 54.2, 55.50, 56.40, 12374, otc]
[3265, 53.9, 50.6, 50.90, 53.50, 8815, otc]
[3266, 12.35, 12.05, 12.05, 12.20, 356, tse]
[3268, 23.65, 22.9, 23.20, 23.55, 101, otc]
[3272, 44.0, 41.8, 42.15, 43.55, 1473, otc]
[3276, 14.5, 14.0, 14.30, 14.15, 355, otc]
[3284, 14.4, 14.2, 14.30, 14.30, 441, otc]
[3285, 20.45, 19.5, 19.50, 19.80, 51, otc]
[3287, 14.0, 13.75, 14.00, 13.85, 133, otc]
[3288, 22.45, 21.55, 22.45, 22.30, 11, otc]
[3289, 88.8, 83.5, 85.50, 88.80, 5340, otc]
[3290, 27.8, 25.35, 27.50, 25.85, 10956, otc]
[3293, 542.0, 498.0, 503.00, 536.00, 5179, otc]
[3294, 17.95, 17.5, 17.65, 17.70, 227, otc]
[3296, 18.1, 17.3, 17.55, 18.00, 3599, tse]
[3297, 19.05, 17.7, 17.90, 18.80, 1278, otc]
[3303, 28.05, 27.0, 27.15, 27.90, 665, otc]
[3305, 48.85, 47.4, 48.70, 48.60, 1956, tse]
[3306, 23.8, 23.3, 23.75, 23.60, 145, otc]
[3308, 15.6, 15.1, 15.35, 15.50, 225, tse]
[3310, 60.1, 57.2, 58.70, 59.00, 426, otc]
[3311, 34.9, 34.1, 34.45, 34.90, 200, tse]
[3312, 19.25, 18.3, 18.30, 19.00, 1607, tse]
[3313, 11.3, 10.65, 11.10, 10.95, 457, otc]
[3317, 58.5, 56.4, 57.10, 58.30, 873, otc]
[3321, 7.53, 6.11, 7.53, 6.11, 1168, tse]
[3322, 21.25, 20.35, 21.00, 20.35, 3482, otc]
[3323, 35.45, 35.05, 35.20, 35.35, 668, otc]
[3324, 163.0, 159.0, 161.00, 162.00, 1655, otc]
[3325, 14.0, 13.65, 13.75, 13.90, 219, otc]
[3332, 48.0, 46.95, 47.20, 47.95, 81, otc]
[3338, 38.3, 35.4, 35.40, 37.80, 1873, tse]
[3339, 13.2, 12.9, 13.00, 13.00, 364, otc]
[3346, 41.5, 38.45, 38.45, 40.90, 10118, tse]
[3349, 13.7, 13.35, 13.50, 13.60, 25, otc]
[3354, 14.45, 13.8, 14.10, 14.10, 534, otc]
[3356, 43.15, 38.1, 38.70, 43.15, 15363, tse]
[3357, 113.0, 108.0, 111.50, 111.50, 720, otc]
[3360, 14.35, 14.0, 14.10, 14.20, 246, otc]
[3362, 98.6, 83.0, 83.50, 98.60, 56650, otc]
[3363, 24.6, 24.1, 24.20, 24.35, 331, otc]
[3372, 12.6, 11.9, 12.10, 12.50, 1736, otc]
[3373, 25.95, 25.55, 25.95, 25.65, 195, otc]
[3374, 104.5, 101.5, 103.00, 103.00, 1803, otc]
[3376, 90.4, 88.5, 88.80, 89.00, 988, tse]
[3379, 12.5, 11.9, 11.90, 12.35, 310, otc]
[3380, 34.2, 32.7, 32.80, 32.90, 16137, tse]
[3388, 75.5, 74.5, 75.50, 74.70, 263, otc]
[3390, 19.6, 19.15, 19.45, 19.30, 656, otc]
[3402, 47.75, 46.95, 47.25, 47.60, 859, otc]
[3406, 409.0, 384.0, 385.50, 402.50, 6329, tse]
[3413, 211.0, 204.0, 208.00, 207.50, 2110, tse]
[3416, 102.0, 94.0, 95.70, 99.60, 2645, tse]
[3419, 20.35, 19.45, 19.65, 19.90, 6826, tse]
[3426, 38.9, 38.2, 38.20, 38.70, 50, otc]
[3430, 49.35, 47.2, 47.30, 48.75, 655, otc]
[3432, 21.65, 18.9, 19.05, 21.65, 3920, tse]
[3434, 27.25, 24.45, 24.50, 27.25, 1294, otc]
[3437, 19.0, 18.6, 19.00, 18.90, 493, tse]
[3438, 62.1, 57.7, 58.00, 61.10, 1819, otc]
[3441, 43.4, 40.0, 40.00, 42.60, 5690, otc]
[3443, 1230.0, 1080.0, 1,130.00, 1,080.00, 22309, tse]
[3444, 63.4, 61.9, 63.00, 62.00, 877, otc]
[3447, 46.5, 45.05, 46.00, 46.20, 1042, tse]
[3450, 41.25, 40.4, 40.60, 41.05, 405, tse]
[3454, 279.0, 229.5, 233.50, 279.00, 45865, tse]
[3455, 92.8, 90.2, 90.20, 90.60, 1787, otc]
[3465, 96.0, 94.0, 95.30, 94.00, 70, otc]
[3466, 30.4, 28.35, 28.40, 29.65, 2137, otc]
[3479, 88.9, 84.1, 86.00, 88.20, 8203, otc]
[3481, 15.3, 14.25, 14.70, 15.05, 365558, tse]
[3483, 63.7, 61.2, 61.20, 62.60, 1344, otc]
[3484, 46.7, 44.95, 46.25, 46.35, 825, otc]
[3489, 10.7, 10.4, 10.50, 10.50, 92, otc]
[3490, 26.0, 25.5, 25.65, 25.50, 232, otc]
[3491, 159.0, 150.5, 151.00, 155.50, 13919, otc]
[3492, 19.5, 19.1, 19.25, 19.45, 119, otc]
[3494, 11.55, 11.2, 11.20, 11.40, 1517, tse]
[3498, 36.8, 33.65, 33.70, 35.50, 856, otc]
[3499, 18.9, 18.1, 18.20, 18.65, 894, otc]
[3501, 52.0, 50.9, 50.90, 52.00, 824, tse]
[3504, 87.3, 82.9, 83.00, 85.80, 4658, tse]
[3508, 40.3, 38.25, 39.50, 38.35, 2280, otc]
[3511, 36.75, 35.2, 35.40, 36.35, 1193, otc]
[3512, 29.2, 28.85, 29.00, 29.10, 79, otc]
[3515, 158.5, 152.0, 156.00, 156.50, 3549, tse]
[3516, 16.35, 16.0, 16.25, 16.20, 57, otc]
[3518, 21.75, 21.1, 21.70, 21.50, 398, tse]
[3520, 21.35, 20.8, 21.25, 21.10, 2954, otc]
[3521, 22.75, 21.55, 22.75, 21.65, 848, otc]
[3522, 12.6, 11.1, 12.60, 11.60, 278, otc]
[3523, 19.7, 18.6, 18.80, 19.50, 133, otc]
[3526, 142.5, 131.5, 133.00, 137.00, 1378, otc]
[3527, 118.0, 113.0, 116.00, 117.00, 537, otc]
[3528, 56.9, 54.6, 54.80, 56.30, 760, tse]
[3529, 2075.0, 1830.0, 1,850.00, 1,975.00, 2535, otc]
[3530, 87.5, 84.1, 85.40, 84.50, 470, tse]
[3531, 28.05, 27.4, 27.45, 27.80, 257, otc]
[3532, 152.0, 145.0, 150.00, 150.00, 2413, tse]
[3533, 878.0, 817.0, 861.00, 817.00, 2359, tse]
[3535, 24.35, 23.6, 24.20, 23.80, 5774, tse]
[3536, 4.18, 3.96, 4.14, 4.05, 107, tse]
[3537, 40.1, 39.15, 39.30, 39.90, 1242, otc]
[3540, 34.75, 33.45, 34.40, 34.10, 1242, otc]
[3541, 58.4, 57.5, 57.70, 58.10, 211, otc]
[3543, 20.45, 20.05, 20.30, 20.25, 108, tse]
[3545, 77.2, 71.4, 72.20, 75.00, 16796, tse]
[3546, 75.4, 74.0, 74.00, 74.80, 214, otc]
[3548, 70.5, 67.3, 68.30, 69.40, 2138, otc]
[3550, 14.8, 14.45, 14.80, 14.55, 239, tse]
[3551, 62.7, 61.3, 62.00, 61.90, 135, otc]
[3552, 153.0, 150.5, 151.00, 151.50, 1141, otc]
[3555, 26.95, 25.95, 26.95, 26.90, 9, otc]
[3556, 63.5, 62.1, 62.30, 63.40, 410, otc]
[3557, 67.8, 62.8, 63.30, 67.10, 854, tse]
[3558, 339.0, 296.5, 298.00, 328.00, 27721, otc]
[3563, 182.0, 170.5, 170.50, 176.00, 1033, tse]
[3564, 43.1, 39.4, 39.80, 40.00, 2919, otc]
[3567, 27.85, 27.5, 27.75, 27.75, 69, otc]
[3570, 106.0, 96.6, 96.60, 105.00, 585, otc]
[3576, 20.95, 20.6, 20.80, 20.70, 9907, tse]
[3577, 89.0, 82.5, 82.50, 84.00, 739, otc]
[3580, 59.9, 58.3, 59.10, 59.00, 1254, otc]
[3581, 23.1, 22.6, 22.75, 23.00, 59, otc]
[3583, 78.7, 76.5, 76.50, 77.80, 820, tse]
[3587, 185.5, 178.0, 180.00, 184.50, 1355, otc]
[3588, 65.2, 62.3, 63.20, 64.30, 983, tse]
[3591, 22.0, 21.05, 21.25, 21.65, 2871, tse]
[3592, 418.5, 407.0, 412.00, 411.50, 3898, tse]
[3593, 12.4, 12.0, 12.20, 12.20, 100, tse]
[3594, 47.3, 43.65, 43.65, 45.15, 21634, otc]
[3596, 108.5, 105.5, 106.50, 107.50, 3477, tse]
[3597, 25.95, 24.0, 24.10, 25.15, 298, otc]
[3605, 34.6, 33.7, 34.00, 34.35, 637, tse]
[3607, 12.45, 12.15, 12.15, 12.30, 534, tse]
[3609, 45.4, 44.5, 45.00, 45.00, 34, otc]
[3611, 219.5, 212.5, 215.00, 218.50, 311, otc]
[3615, 18.1, 17.45, 17.70, 17.90, 506, otc]
[3617, 134.0, 123.0, 123.50, 128.00, 4802, tse]
[3622, 29.2, 28.45, 28.65, 29.00, 775, tse]
[3623, 16.95, 16.65, 16.85, 16.75, 84, otc]
[3624, 57.7, 55.8, 57.30, 56.20, 6717, otc]
[3625, 13.6, 13.1, 13.60, 13.40, 467, otc]
[3628, 44.75, 43.7, 44.75, 43.90, 331, otc]
[3629, 38.9, 38.0, 38.20, 38.50, 6, otc]
[3630, 30.5, 28.5, 28.50, 29.30, 1192, otc]
[3631, 37.9, 37.15, 37.40, 37.55, 45, otc]
[3632, 12.25, 11.7, 11.95, 11.95, 65, otc]
[3645, 34.5, 33.6, 34.10, 34.30, 570, tse]
[3646, 26.4, 25.9, 26.10, 26.30, 174, otc]
[3652, 32.9, 30.0, 31.60, 31.45, 23306, tse]
[3653, 429.5, 399.0, 427.00, 402.00, 4707, tse]
[3661, 1050.0, 932.0, 948.00, 968.00, 22400, tse]
[3663, 31.3, 29.15, 29.95, 30.60, 488, otc]
[3664, 16.8, 14.95, 15.10, 16.80, 1253, otc]
[3665, 285.0, 276.5, 277.00, 280.50, 4153, tse]
[3666, 21.4, 19.45, 19.55, 20.65, 1045, otc]
[3669, 45.5, 44.4, 44.95, 45.25, 257, tse]
[3672, 27.25, 26.6, 26.60, 27.15, 19, otc]
[3673, 34.4, 33.6, 33.85, 34.10, 7253, tse]
[3675, 296.0, 256.5, 256.50, 290.00, 18805, otc]
[3679, 96.2, 93.6, 96.20, 94.10, 174, tse]
[3680, 301.5, 286.0, 290.00, 295.50, 4219, otc]
[3682, 6.23, 6.14, 6.23, 6.16, 4608, tse]
[3684, 69.9, 63.0, 64.20, 68.50, 1259, otc]
[3685, 21.45, 20.95, 21.45, 21.25, 146, otc]
[3686, 15.2, 14.9, 15.00, 15.10, 394, tse]
[3687, 87.0, 86.0, 86.10, 86.00, 304, otc]
[3689, 36.2, 34.45, 34.80, 35.65, 1610, otc]
[3691, 108.5, 106.0, 107.00, 107.00, 501, otc]
[3693, 134.0, 125.0, 126.00, 130.00, 4886, otc]
[3694, 20.5, 20.1, 20.40, 20.40, 248, tse]
[3701, 44.0, 42.8, 44.00, 43.00, 1145, tse]
[3702, 49.8, 48.75, 49.70, 49.70, 12181, tse]
[3703, 31.85, 31.0, 31.65, 31.40, 6205, tse]
[3704, 40.65, 39.3, 39.50, 40.10, 13369, tse]
[3705, 44.0, 43.15, 43.55, 43.60, 2405, tse]
[3706, 30.0, 29.1, 30.00, 29.35, 21563, tse]
[3707, 93.5, 86.4, 92.70, 89.20, 19103, otc]
[3708, 113.5, 105.5, 110.00, 106.00, 5925, tse]
[3709, 23.5, 23.3, 23.50, 23.40, 23, otc]
[3710, 12.25, 12.05, 12.15, 12.10, 4272, otc]
[3711, 109.0, 104.5, 104.50, 108.00, 30899, tse]
[3712, 31.5, 30.55, 30.70, 30.75, 2386, tse]
[3713, 29.8, 28.9, 29.80, 29.15, 219, otc]
[3714, 49.15, 46.1, 48.85, 48.65, 21197, tse]
[3715, 17.95, 17.6, 17.75, 17.80, 2688, tse]
[4102, 29.6, 28.4, 28.60, 29.25, 1747, otc]
[4104, 79.5, 76.6, 77.70, 79.10, 1430, tse]
[4105, 78.7, 77.7, 78.50, 78.70, 1667, otc]
[4106, 31.45, 30.45, 31.45, 31.05, 1121, tse]
[4107, 121.5, 115.5, 115.50, 117.50, 1791, otc]
[4108, 19.5, 19.05, 19.25, 19.50, 409, tse]
[4109, 15.5, 14.5, 14.85, 14.75, 693, otc]
[4111, 27.75, 26.85, 26.85, 27.65, 855, otc]
[4113, 15.15, 14.25, 14.25, 14.80, 3607, otc]
[4114, 48.6, 46.65, 48.25, 48.40, 29422, otc]
[4116, 65.3, 62.5, 63.30, 64.80, 1103, otc]
[4119, 116.5, 107.0, 108.50, 114.50, 2560, tse]
[4120, 37.9, 36.15, 36.85, 37.20, 247, otc]
[4121, 24.75, 23.45, 24.00, 24.60, 3919, otc]
[4123, 48.35, 47.3, 47.35, 48.05, 1867, otc]
[4126, 78.7, 77.6, 78.20, 78.20, 840, otc]
[4127, 14.7, 14.35, 14.50, 14.55, 261, otc]
[4128, 67.4, 64.4, 64.40, 66.10, 6913, otc]
[4129, 50.2, 48.3, 48.85, 50.10, 1612, otc]
[4130, 29.65, 28.65, 28.80, 29.60, 2595, otc]
[4131, 22.0, 20.55, 22.00, 20.70, 54, otc]
[4133, 38.7, 37.5, 37.50, 38.55, 815, tse]
[4137, 234.0, 203.0, 210.00, 224.00, 2982, tse]
[4138, 77.2, 72.5, 72.70, 75.20, 415, otc]
[4139, 39.25, 38.6, 39.00, 38.85, 73, otc]
[4142, 41.8, 39.9, 40.20, 41.10, 7172, tse]
[4147, 82.2, 77.2, 79.60, 80.70, 10339, otc]
[4148, 70.3, 66.6, 67.30, 70.20, 878, tse]
[4153, 43.5, 38.3, 38.50, 43.50, 2653, otc]
[4154, 35.9, 33.65, 35.00, 35.60, 56, otc]
[4155, 34.1, 32.8, 32.80, 33.25, 6243, tse]
[4157, 15.8, 15.2, 15.50, 15.60, 3997, otc]
[4160, 28.8, 27.7, 28.15, 28.20, 151, otc]
[4161, 27.1, 26.7, 27.10, 27.10, 121, otc]
[4162, 117.0, 112.0, 114.00, 115.00, 4426, otc]
[4163, 142.5, 134.0, 135.00, 139.00, 2147, otc]
[4164, 66.9, 58.9, 59.70, 66.70, 22182, tse]
[4167, 21.4, 20.65, 20.80, 21.35, 11696, otc]
[4168, 33.55, 32.5, 33.25, 33.20, 3542, otc]
[4171, 63.6, 59.9, 60.60, 62.70, 1440, otc]
[4173, 19.65, 18.9, 18.90, 19.60, 808, otc]
[4174, 82.6, 79.0, 81.70, 82.00, 2171, otc]
[4175, 82.0, 78.9, 79.00, 80.60, 1156, otc]
[4183, 18.7, 18.5, 18.65, 18.50, 20, otc]
[4188, 17.3, 16.5, 16.80, 16.75, 108, otc]
[4190, 82.9, 80.1, 82.30, 82.00, 624, tse]
[4192, 24.6, 24.05, 24.10, 24.60, 49, otc]
[4198, 25.65, 25.05, 25.65, 25.05, 8, otc]
[4205, 110.0, 106.0, 106.00, 109.00, 45, otc]
[4207, 14.6, 13.6, 13.60, 14.15, 5326, otc]
[4303, 18.4, 17.0, 17.55, 17.85, 670, otc]
[4304, 9.73, 9.6, 9.70, 9.73, 124, otc]
[4305, 30.75, 30.3, 30.30, 30.75, 13, otc]
[4306, 14.95, 14.75, 14.75, 14.90, 1393, tse]
[4401, 27.35, 26.8, 27.35, 26.80, 76, otc]
[4402, 11.25, 10.7, 10.70, 11.00, 867, otc]
[4406, 10.65, 10.35, 10.45, 10.45, 38, otc]
[4413, 18.05, 17.3, 18.00, 17.45, 163, otc]
[4416, 87.4, 87.0, 87.00, 87.40, 13, otc]
[4417, 38.95, 38.4, 38.45, 38.80, 518, otc]
[4419, 14.9, 12.35, 12.35, 14.50, 67, otc]
[4420, 30.4, 29.9, 30.00, 30.20, 54, otc]
[4426, 26.65, 25.65, 25.85, 26.35, 520, tse]
[4430, 23.35, 22.55, 22.60, 23.05, 139, otc]
[4432, 28.7, 27.8, 28.35, 28.10, 2328, otc]
[4433, 38.05, 35.3, 38.00, 35.95, 3305, otc]
[4438, 124.0, 118.0, 122.00, 120.00, 940, tse]
[4439, 113.0, 110.0, 112.00, 111.50, 80, tse]
[4440, 36.7, 33.2, 33.35, 35.60, 1001, tse]
[4502, 37.0, 36.75, 36.95, 37.00, 32, otc]
[4503, 47.3, 44.15, 46.45, 45.85, 2900, otc]
[4506, 75.0, 73.9, 73.90, 74.90, 146, otc]
[4510, 12.0, 10.95, 11.00, 11.90, 3884, otc]
[4513, 19.4, 18.5, 18.80, 19.05, 930, otc]
[4523, 44.85, 40.05, 44.20, 40.50, 586, otc]
[4526, 17.1, 16.6, 16.65, 16.80, 2161, tse]
[4527, 29.05, 28.95, 29.00, 29.00, 63, otc]
[4528, 34.3, 33.2, 34.00, 33.45, 99, otc]
[4529, 11.0, 10.3, 10.80, 10.40, 610, otc]
[4530, 6.89, 6.79, 6.81, 6.79, 24, otc]
[4532, 17.6, 17.25, 17.35, 17.60, 1141, tse]
[4533, 12.7, 11.8, 11.90, 12.20, 2871, otc]
[4534, 9.35, 9.14, 9.17, 9.23, 391, otc]
[4535, 38.7, 38.05, 38.65, 38.20, 18, otc]
[4536, 234.5, 222.5, 224.50, 233.00, 6434, tse]
[4538, 20.65, 20.1, 20.45, 20.10, 150, otc]
[4540, 41.8, 41.1, 41.80, 41.40, 228, tse]
[4541, 35.75, 30.9, 31.10, 34.60, 13681, otc]
[4542, 26.25, 25.65, 25.80, 25.95, 226, otc]
[4543, 25.65, 24.1, 24.20, 25.30, 1159, otc]
[4545, 33.35, 31.9, 31.90, 33.20, 430, tse]
[4549, 90.2, 88.9, 89.00, 89.90, 203, otc]
[4550, 27.9, 26.75, 27.15, 27.10, 494, otc]
[4551, 150.5, 147.0, 149.50, 150.00, 858, tse]
[4552, 30.15, 29.7, 30.10, 29.95, 275, tse]
[4554, 27.15, 26.05, 26.20, 26.20, 108, otc]
[4555, 50.0, 49.15, 49.90, 49.55, 142, tse]
[4556, 31.5, 30.5, 30.60, 31.40, 30, otc]
[4557, 118.5, 114.5, 116.00, 116.00, 592, tse]
[4558, 28.15, 23.2, 23.20, 28.15, 485, otc]
[4560, 38.9, 38.6, 38.90, 38.70, 132, tse]
[4561, 24.0, 22.45, 22.70, 23.20, 169, otc]
[4562, 16.2, 15.5, 15.50, 16.05, 287, tse]
[4563, 41.5, 41.0, 41.00, 41.20, 154, otc]
[4564, 25.9, 25.2, 25.90, 25.60, 2595, tse]
[4566, 57.1, 54.9, 55.10, 56.00, 2140, tse]
[4568, 63.3, 61.2, 62.90, 61.80, 77, otc]
[4571, 73.2, 72.0, 72.60, 73.20, 42, tse]
[4572, 155.0, 133.0, 134.50, 153.00, 3719, tse]
[4576, 80.1, 77.5, 79.20, 77.80, 263, tse]
[4577, 32.5, 30.85, 31.20, 32.25, 421, otc]
[4580, 86.4, 83.4, 83.40, 85.90, 234, otc]
[4581, 41.0, 39.75, 40.80, 40.00, 104, tse]
[4583, 212.0, 202.0, 203.00, 212.00, 257, tse]
[4584, 55.8, 53.2, 54.50, 55.70, 1022, otc]
[4609, 7.9, 7.81, 7.87, 7.81, 13, otc]
[4702, 12.95, 12.65, 12.90, 12.85, 540, otc]
[4706, 17.3, 16.8, 17.25, 17.15, 160, otc]
[4707, 12.4, 12.25, 12.35, 12.30, 977, otc]
[4711, 15.25, 14.85, 15.00, 14.95, 208, otc]
[4712, 4.85, 4.66, 4.75, 4.80, 27, otc]
[4714, 11.25, 10.95, 11.20, 11.15, 316, otc]
[4716, 12.7, 12.5, 12.50, 12.65, 433, otc]
[4720, 15.0, 14.6, 14.85, 14.60, 594, tse]
[4721, 112.0, 109.0, 110.00, 111.00, 1091, otc]
[4722, 35.15, 34.85, 35.15, 35.00, 135, tse]
[4726, 41.45, 39.4, 39.40, 40.85, 2672, otc]
[4728, 129.5, 124.0, 124.50, 128.50, 180, otc]
[4729, 15.95, 15.5, 15.70, 15.70, 263, otc]
[4735, 41.8, 40.2, 40.50, 40.65, 402, otc]
[4736, 196.0, 190.5, 191.00, 193.50, 2592, otc]
[4737, 84.5, 78.5, 78.50, 81.80, 506, tse]
[4739, 103.0, 100.5, 101.50, 102.00, 2005, tse]
[4741, 27.3, 26.1, 26.50, 26.95, 66, otc]
[4743, 276.0, 260.0, 262.00, 267.00, 13617, otc]
[4744, 31.9, 29.6, 31.05, 31.85, 2662, otc]
[4745, 26.3, 25.4, 25.65, 26.00, 252, otc]
[4746, 76.5, 72.0, 72.50, 74.90, 12943, tse]
[4747, 69.1, 55.5, 56.00, 60.60, 17170, otc]
[4754, 35.85, 35.7, 35.80, 35.75, 39, otc]
[4755, 134.5, 128.0, 128.00, 131.50, 1586, tse]
[4760, 53.2, 51.5, 52.00, 52.90, 96, otc]
[4763, 348.5, 305.5, 338.00, 338.00, 38760, tse]
[4764, 56.2, 54.8, 56.10, 55.10, 82, tse]
[4766, 139.0, 137.5, 138.00, 138.00, 107, tse]
[4767, 27.0, 26.55, 26.95, 26.95, 13, otc]
[4768, 191.0, 182.0, 186.00, 186.00, 2033, otc]
[4770, 356.0, 343.5, 354.00, 349.00, 2215, tse]
[4804, 11.3, 10.9, 11.20, 11.05, 908, otc]
[4806, 6.85, 6.6, 6.72, 6.83, 12, otc]
[4807, 22.1, 21.45, 22.00, 21.50, 58, tse]
[4903, 15.5, 14.7, 15.10, 15.05, 616, otc]
[4904, 69.9, 68.4, 68.70, 69.80, 14584, tse]
[4905, 51.0, 51.0, 51.00, 51.00, 1, otc]
[4906, 28.15, 27.6, 27.75, 28.10, 4081, tse]
[4907, 33.55, 30.75, 30.75, 33.05, 612, otc]
[4908, 32.7, 31.95, 31.95, 32.70, 624, otc]
[4909, 18.7, 17.7, 17.70, 18.40, 796, otc]
[4911, 68.0, 63.6, 64.80, 65.70, 744, otc]
[4912, 78.6, 76.5, 77.20, 78.10, 111, tse]
[4915, 63.1, 57.6, 58.60, 62.00, 37471, tse]
[4916, 32.05, 29.55, 30.20, 31.30, 4835, tse]
[4919, 152.0, 146.0, 146.00, 150.50, 20071, tse]
[4923, 68.0, 62.1, 63.70, 65.00, 2191, otc]
[4924, 13.9, 13.65, 13.65, 13.75, 142, otc]
[4927, 60.3, 57.9, 60.30, 59.40, 4479, tse]
[4930, 30.95, 30.2, 30.25, 30.75, 844, tse]
[4931, 47.75, 46.05, 47.40, 46.95, 7335, otc]
[4933, 35.65, 34.2, 34.30, 35.65, 328, otc]
[4934, 28.2, 27.1, 28.20, 27.25, 5942, tse]
[4935, 59.8, 58.0, 58.40, 59.80, 417, tse]
[4938, 68.8, 67.3, 68.00, 68.30, 8869, tse]
[4939, 17.0, 16.5, 16.50, 16.70, 490, otc]
[4942, 38.05, 37.6, 37.75, 37.95, 446, tse]
[4943, 14.6, 13.35, 13.50, 13.80, 400, tse]
[4944, 12.45, 11.9, 12.45, 12.30, 25, otc]
[4945, 52.4, 50.3, 50.30, 51.40, 141, otc]
[4946, 48.1, 45.35, 48.00, 46.80, 101, otc]
[4950, 21.3, 20.75, 21.25, 20.85, 2009, otc]
[4951, 58.6, 56.0, 58.60, 56.80, 464, otc]
[4952, 58.4, 55.1, 55.10, 57.10, 3376, tse]
[4953, 114.0, 101.5, 106.50, 114.00, 10496, otc]
[4956, 16.95, 16.0, 16.10, 16.20, 971, tse]
[4958, 116.0, 112.0, 112.00, 114.50, 9613, tse]
[4960, 12.75, 12.3, 12.75, 12.50, 15176, tse]
[4961, 182.5, 165.5, 165.50, 174.50, 31390, tse]
[4966, 1010.0, 943.0, 945.00, 966.00, 2721, otc]
[4967, 58.4, 50.7, 51.00, 57.40, 27344, tse]
[4968, 133.5, 128.5, 131.00, 131.00, 8043, tse]
[4971, 56.9, 55.7, 56.50, 56.60, 138, otc]
[4972, 30.7, 30.3, 30.30, 30.40, 122, otc]
[4973, 24.0, 23.3, 23.35, 23.85, 756, otc]
[4974, 72.1, 68.0, 69.00, 70.10, 5250, otc]
[4976, 41.5, 39.9, 40.50, 41.20, 987, tse]
[4977, 114.5, 108.5, 108.50, 113.00, 12996, tse]
[4979, 49.15, 47.1, 47.60, 48.25, 13260, otc]
[4987, 60.1, 58.8, 58.80, 60.10, 90, otc]
[4989, 27.0, 26.5, 26.75, 26.80, 328, tse]
[4991, 38.4, 37.3, 37.60, 37.60, 85, otc]
[4994, 43.2, 41.3, 41.70, 42.10, 378, tse]
[4995, 48.35, 46.0, 47.30, 47.50, 878, otc]
[4999, 39.15, 38.4, 38.75, 38.80, 149, tse]
[5007, 52.0, 50.5, 51.40, 51.80, 267, tse]
[5009, 44.8, 42.5, 44.70, 43.25, 41386, otc]
[5011, 25.7, 25.05, 25.45, 25.55, 1634, otc]
[5013, 35.6, 35.25, 35.30, 35.45, 43, otc]
[5014, 17.95, 17.4, 17.60, 17.95, 2596, otc]
[5015, 62.7, 58.2, 58.20, 61.80, 2473, otc]
[5016, 30.0, 29.55, 29.55, 30.00, 39, otc]
[5201, 27.0, 26.5, 26.60, 26.60, 128, otc]
[5202, 14.8, 14.35, 14.35, 14.65, 295, otc]
[5203, 95.1, 91.3, 91.60, 94.70, 2531, tse]
[5205, 39.5, 37.3, 37.30, 39.40, 12, otc]
[5206, 18.15, 17.9, 18.10, 18.10, 304, otc]
[5209, 91.0, 88.4, 88.40, 90.10, 154, otc]
[5210, 21.2, 18.55, 19.80, 20.00, 4269, otc]
[5211, 22.55, 20.0, 20.05, 22.55, 1521, otc]
[5212, 52.6, 50.0, 51.80, 50.60, 21, otc]
[5213, 24.0, 23.65, 23.65, 23.80, 636, otc]
[5215, 50.6, 49.7, 50.20, 50.20, 240, tse]
[5220, 31.85, 31.5, 31.50, 31.50, 112, otc]
[5222, 151.5, 146.5, 148.50, 148.50, 1985, tse]
[5223, 42.15, 41.35, 41.55, 41.70, 98, otc]
[5225, 40.9, 39.1, 40.40, 40.45, 3750, tse]
[5227, 75.8, 70.2, 75.00, 70.50, 2779, otc]
[5228, 22.65, 22.15, 22.55, 22.25, 170, otc]
[5230, 23.8, 23.15, 23.70, 23.30, 446, otc]
[5234, 84.0, 77.6, 80.10, 83.00, 751, tse]
[5236, 91.0, 86.5, 88.90, 89.10, 1404, otc]
[5243, 63.2, 62.0, 62.60, 62.30, 2170, tse]
[5244, 31.35, 30.0, 31.00, 30.75, 349, tse]
[5245, 53.7, 52.2, 52.40, 53.20, 273, otc]
[5251, 27.6, 26.0, 26.35, 27.05, 2027, otc]
[5258, 99.8, 90.5, 92.00, 95.00, 73418, tse]
[5263, 139.0, 129.0, 130.50, 137.00, 2134, otc]
[5269, 1010.0, 943.0, 975.00, 954.00, 1884, tse]
[5272, 29.2, 27.35, 27.80, 27.95, 954, otc]
[5274, 3020.0, 2685.0, 2,800.00, 2,720.00, 2482, otc]
[5276, 15.45, 14.95, 15.00, 15.10, 35, otc]
[5278, 187.5, 184.0, 184.00, 186.50, 10, otc]
[5281, 16.45, 16.1, 16.20, 16.25, 17, otc]
[5283, 114.5, 113.0, 114.00, 113.50, 267, tse]
[5284, 96.6, 92.8, 92.80, 94.60, 3536, tse]
[5285, 79.0, 75.2, 79.00, 77.60, 1691, tse]
[5287, 197.0, 194.0, 194.00, 195.00, 120, otc]
[5288, 188.5, 175.0, 177.00, 185.00, 687, tse]
[5289, 226.0, 216.0, 222.00, 223.50, 2970, otc]
[5291, 33.45, 32.85, 32.85, 33.20, 253, otc]
[5299, 132.5, 129.5, 131.00, 132.00, 559, otc]
[5301, 11.5, 10.65, 10.80, 11.20, 75, otc]
[5302, 8.87, 8.63, 8.67, 8.77, 408, otc]
[5306, 150.5, 148.0, 150.50, 150.00, 476, tse]
[5309, 42.65, 41.75, 42.00, 42.50, 4466, otc]
[5310, 24.6, 23.2, 24.10, 24.50, 25, otc]
[5312, 62.5, 61.2, 61.40, 62.30, 98, otc]
[5314, 19.5, 17.8, 19.50, 18.35, 29, otc]
[5315, 23.55, 21.7, 21.70, 23.25, 8577, otc]
[5321, 89.3, 85.6, 86.40, 87.80, 930, otc]
[5324, 9.53, 9.26, 9.48, 9.49, 514, otc]
[5328, 11.45, 11.0, 11.10, 11.30, 939, otc]
[5340, 51.4, 47.1, 48.00, 49.85, 1914, otc]
[5344, 19.4, 18.35, 19.40, 18.60, 218, otc]
[5345, 6.0, 5.58, 5.58, 6.00, 11, otc]
[5347, 94.3, 89.9, 90.00, 91.60, 14972, otc]
[5348, 9.95, 9.25, 9.66, 9.69, 32, otc]
[5351, 48.4, 46.5, 46.90, 48.05, 15913, otc]
[5353, 36.65, 33.4, 33.65, 34.65, 10542, otc]
[5355, 6.98, 6.8, 6.80, 6.89, 359, otc]
[5356, 21.7, 21.5, 21.50, 21.65, 202, otc]
[5364, 33.0, 29.65, 30.60, 31.50, 631, otc]
[5371, 65.2, 63.7, 64.60, 64.70, 4839, otc]
[5381, 7.49, 7.2, 7.49, 7.40, 702, otc]
[5383, 25.7, 24.9, 25.20, 25.20, 167, otc]
[5386, 37.4, 36.45, 36.45, 37.10, 239, otc]
[5388, 86.2, 83.1, 84.00, 85.70, 7776, tse]
[5392, 23.1, 22.15, 22.15, 22.30, 979, otc]
[5398, 17.85, 16.75, 16.90, 17.20, 148, otc]
[5403, 78.4, 76.3, 76.80, 78.00, 591, otc]
[5410, 38.7, 34.7, 34.80, 37.90, 11912, otc]
[5425, 95.5, 91.2, 94.90, 94.40, 34823, otc]
[5426, 13.65, 13.45, 13.60, 13.55, 916, otc]
[5432, 27.45, 26.8, 26.80, 27.45, 93, otc]
[5434, 188.0, 179.0, 180.50, 188.00, 1086, tse]
[5438, 19.5, 17.6, 17.65, 18.20, 1534, otc]
[5439, 64.9, 61.8, 62.00, 64.20, 5835, otc]
[5443, 30.0, 29.5, 29.50, 29.80, 982, otc]
[5450, 21.8, 18.6, 19.00, 21.30, 7388, otc]
[5452, 21.7, 17.95, 18.35, 21.45, 23138, otc]
[5455, 28.75, 28.75, 28.75, 28.75, 1, otc]
[5457, 57.4, 53.1, 55.00, 56.90, 8854, otc]
[5460, 11.5, 11.25, 11.35, 11.35, 161, otc]
[5464, 36.9, 34.25, 34.95, 35.80, 22193, otc]
[5465, 23.75, 22.05, 22.05, 22.65, 2492, otc]
[5468, 17.55, 16.8, 17.25, 17.25, 106, otc]
[5469, 34.95, 34.1, 34.30, 34.85, 2124, tse]
[5471, 55.2, 53.9, 54.80, 55.10, 1022, tse]
[5474, 77.8, 76.0, 76.00, 77.20, 59, otc]
[5475, 12.9, 12.5, 12.85, 12.80, 1214, otc]
[5478, 83.5, 80.2, 80.30, 83.50, 831, otc]
[5481, 12.7, 12.2, 12.35, 12.60, 86, otc]
[5483, 160.5, 152.0, 154.50, 158.00, 9396, otc]
[5484, 13.6, 13.2, 13.60, 13.50, 259, tse]
[5487, 25.6, 24.6, 25.60, 24.65, 25, otc]
[5488, 10.2, 10.0, 10.00, 10.10, 742, otc]
[5489, 37.5, 35.8, 36.05, 37.20, 443, otc]
[5490, 24.45, 24.0, 24.20, 24.20, 237, otc]
[5493, 52.5, 49.6, 50.00, 52.40, 257, otc]
[5498, 11.65, 10.8, 10.80, 11.15, 6647, otc]
[5508, 60.5, 58.5, 59.20, 60.20, 1768, otc]
[5511, 31.55, 31.0, 31.10, 31.00, 61, otc]
[5512, 11.4, 10.7, 11.10, 10.95, 41155, otc]
[5514, 18.0, 17.5, 17.55, 18.00, 39, otc]
[5515, 11.85, 11.6, 11.85, 11.75, 202, tse]
[5516, 27.65, 25.45, 25.45, 26.50, 1461, otc]
[5519, 23.95, 23.4, 23.40, 23.95, 1948, tse]
[5520, 62.7, 57.3, 57.30, 57.30, 34, otc]
[5521, 7.08, 6.95, 7.08, 7.05, 1741, tse]
[5522, 59.2, 58.5, 59.10, 59.20, 857, tse]
[5523, 26.6, 24.95, 25.00, 25.35, 355, otc]
[5525, 24.3, 24.0, 24.30, 24.20, 235, tse]
[5529, 12.6, 12.25, 12.45, 12.45, 228, otc]
[5530, 38.7, 38.3, 38.40, 38.60, 488, otc]
[5531, 9.41, 9.18, 9.39, 9.27, 887, tse]
[5533, 17.9, 17.6, 17.60, 17.90, 426, tse]
[5534, 77.4, 75.9, 76.00, 77.30, 964, tse]
[5536, 135.0, 122.5, 122.50, 134.00, 8271, otc]
[5538, 42.2, 41.55, 42.20, 41.80, 88, tse]
[5543, 54.1, 53.0, 53.60, 53.50, 35, otc]
[5546, 44.0, 41.6, 44.00, 42.60, 186, tse]
[5601, 42.25, 39.3, 41.85, 40.05, 222, otc]
[5603, 24.4, 23.05, 23.50, 24.15, 1544, otc]
[5604, 53.6, 52.1, 53.60, 52.60, 52, otc]
[5607, 60.8, 55.1, 55.40, 60.60, 4402, tse]
[5608, 30.85, 27.65, 29.65, 30.80, 153645, tse]
[5609, 81.0, 77.5, 78.30, 80.50, 1931, otc]
[5701, 4.35, 4.0, 4.35, 4.13, 5003, otc]
[5703, 24.5, 22.6, 24.25, 23.55, 1127, otc]
[5704, 78.0, 69.0, 72.20, 70.60, 5093, otc]
[5706, 71.7, 67.6, 70.70, 67.90, 7584, tse]
[5864, 12.3, 12.1, 12.10, 12.20, 580, otc]
[5871, 230.5, 219.0, 219.00, 226.00, 11320, tse]
[5876, 47.5, 46.85, 47.35, 47.30, 11265, tse]
[5878, 48.6, 48.4, 48.50, 48.50, 14, otc]
[5880, 26.7, 26.25, 26.50, 26.40, 27915, tse]
[5902, 37.5, 36.0, 36.90, 36.20, 235, otc]
[5903, 203.5, 201.5, 203.00, 203.50, 75, otc]
[5904, 620.0, 563.0, 563.00, 599.00, 2339, otc]
[5905, 13.8, 13.0, 13.35, 13.50, 7365, otc]
[5906, 41.8, 38.0, 38.45, 38.60, 371, tse]
[5907, 18.25, 17.25, 17.35, 18.05, 1173, tse]
[6005, 12.05, 11.7, 12.00, 11.85, 8910, tse]
[6015, 10.05, 9.88, 10.05, 9.91, 1384, otc]
[6016, 10.9, 10.75, 10.90, 10.75, 1289, otc]
[6020, 18.9, 18.7, 18.80, 18.80, 41, otc]
[6021, 17.8, 17.2, 17.55, 17.25, 53, otc]
[6023, 50.5, 49.95, 50.30, 50.20, 531, otc]
[6024, 39.5, 39.1, 39.45, 39.20, 697, tse]
[6026, 10.7, 10.5, 10.65, 10.55, 2278, otc]
[6101, 36.45, 34.6, 36.05, 34.90, 940, otc]
[6104, 129.5, 122.0, 122.50, 127.00, 14969, otc]
[6108, 17.3, 17.1, 17.10, 17.15, 357, tse]
[6109, 19.2, 17.5, 17.65, 18.95, 3519, otc]
[6111, 58.2, 56.5, 57.10, 57.90, 1251, otc]
[6112, 42.75, 38.1, 38.30, 40.25, 4459, tse]
[6113, 17.95, 17.55, 17.95, 17.75, 736, otc]
[6114, 25.45, 24.5, 25.10, 25.30, 326, otc]
[6115, 44.8, 43.8, 44.00, 44.45, 879, tse]
[6116, 13.8, 12.5, 12.80, 13.50, 88401, tse]
[6117, 14.85, 14.25, 14.35, 14.70, 467, tse]
[6118, 40.6, 38.05, 39.70, 38.35, 9390, otc]
[6120, 10.55, 10.1, 10.50, 10.25, 3604, tse]
[6121, 300.0, 280.5, 290.50, 295.00, 1614, otc]
[6122, 19.65, 19.05, 19.10, 19.50, 1498, otc]
[6123, 69.7, 66.7, 67.80, 68.70, 793, otc]
[6124, 25.85, 25.35, 25.80, 25.55, 250, otc]
[6125, 28.05, 27.5, 27.80, 27.55, 6318, otc]
[6126, 21.85, 21.3, 21.50, 21.55, 631, otc]
[6127, 17.85, 17.5, 17.60, 17.70, 530, otc]
[6128, 35.55, 34.3, 34.50, 34.85, 2129, tse]
[6129, 36.0, 34.7, 34.80, 35.05, 8310, otc]
[6130, 36.9, 35.65, 35.85, 36.20, 134, otc]
[6133, 22.9, 22.45, 22.90, 22.80, 2397, tse]
[6134, 21.45, 20.8, 21.05, 20.90, 295, otc]
[6136, 18.9, 18.7, 18.85, 18.80, 354, tse]
[6138, 150.5, 141.0, 144.50, 148.00, 3885, otc]
[6139, 46.8, 40.5, 40.90, 45.25, 19285, tse]
[6140, 20.15, 18.0, 18.10, 20.15, 2079, otc]
[6141, 19.95, 19.7, 19.75, 19.70, 88, tse]
[6142, 13.75, 12.05, 12.05, 13.25, 13672, tse]
[6143, 91.3, 87.4, 87.50, 88.00, 7736, otc]
[6144, 14.5, 14.0, 14.50, 14.40, 3, otc]
[6146, 271.5, 256.5, 260.00, 269.00, 2065, otc]
[6147, 69.3, 67.4, 67.50, 69.00, 15376, otc]
[6148, 16.95, 15.85, 15.95, 16.25, 3010, otc]
[6150, 80.0, 78.0, 80.00, 78.70, 2185, otc]
[6151, 28.0, 27.25, 27.35, 28.00, 118, otc]
[6152, 10.2, 9.92, 10.00, 10.20, 976, tse]
[6153, 24.35, 23.85, 24.10, 24.00, 4129, tse]
[6154, 16.15, 15.85, 16.10, 16.15, 42, otc]
[6155, 28.4, 26.2, 26.55, 27.70, 8666, tse]
[6156, 19.9, 19.5, 19.55, 19.75, 510, otc]
[6158, 26.55, 25.9, 26.00, 26.40, 144, otc]
[6160, 21.25, 19.7, 20.10, 19.90, 2915, otc]
[6161, 28.75, 27.3, 27.45, 28.70, 927, otc]
[6163, 15.85, 15.45, 15.70, 15.80, 850, otc]
[6164, 10.7, 10.45, 10.65, 10.60, 593, tse]
[6165, 33.9, 31.3, 32.90, 31.45, 1033, tse]
[6166, 62.5, 61.0, 61.40, 62.00, 483, tse]
[6167, 13.2, 12.7, 12.90, 12.95, 3184, otc]
[6168, 22.15, 21.55, 21.75, 22.00, 2125, tse]
[6169, 19.5, 18.55, 18.90, 19.10, 101, otc]
[6170, 42.15, 37.3, 37.30, 40.90, 7198, otc]
[6171, 24.9, 24.4, 24.60, 24.90, 102, otc]
[6173, 42.5, 41.45, 42.45, 41.50, 1657, otc]
[6174, 30.0, 29.2, 29.35, 29.70, 681, otc]
[6175, 37.35, 35.3, 36.20, 37.00, 812, otc]
[6176, 108.0, 104.0, 105.50, 107.00, 4658, tse]
[6177, 31.8, 31.05, 31.10, 31.30, 2341, tse]
[6179, 30.5, 28.5, 30.30, 29.90, 1092, otc]
[6180, 83.5, 81.0, 81.10, 83.50, 4857, otc]
[6182, 45.4, 44.25, 44.80, 45.00, 6912, otc]
[6183, 64.6, 63.4, 63.70, 63.70, 156, tse]
[6184, 49.7, 49.0, 49.40, 49.60, 84, tse]
[6185, 13.9, 13.6, 13.70, 13.65, 452, otc]
[6186, 38.2, 37.55, 37.80, 37.95, 772, otc]
[6187, 73.1, 71.3, 72.00, 71.90, 2102, otc]
[6188, 53.2, 48.45, 48.85, 52.50, 15336, otc]
[6189, 40.15, 39.15, 39.30, 40.15, 1284, tse]
[6190, 32.45, 30.6, 30.60, 32.00, 6867, otc]
[6191, 30.45, 29.75, 29.90, 30.45, 3850, tse]
[6192, 77.5, 75.0, 75.20, 76.90, 379, tse]
[6194, 23.95, 23.55, 23.65, 23.95, 102, otc]
[6195, 45.45, 44.55, 44.55, 45.40, 247, otc]
[6196, 133.5, 127.0, 128.50, 131.50, 4714, tse]
[6197, 45.45, 44.4, 44.50, 45.35, 901, tse]
[6198, 20.0, 19.4, 19.45, 20.00, 27, otc]
[6199, 18.6, 18.25, 18.40, 18.55, 31, otc]
[6201, 43.9, 42.1, 42.80, 42.90, 110, tse]
[6202, 75.6, 73.5, 74.10, 75.20, 3451, tse]
[6203, 57.0, 55.8, 56.90, 56.50, 246, otc]
[6204, 57.0, 55.3, 55.50, 56.80, 42, otc]
[6205, 93.9, 88.0, 90.80, 92.10, 10080, tse]
[6206, 74.3, 72.3, 72.70, 73.30, 1382, tse]
[6207, 30.65, 26.6, 26.85, 29.60, 5772, otc]
[6208, 55.1, 54.0, 54.20, 54.30, 543, otc]
[6209, 26.3, 25.35, 26.00, 25.95, 979, tse]
[6210, 36.3, 35.0, 35.20, 36.00, 20, otc]
[6212, 48.4, 46.8, 46.80, 48.10, 5, otc]
[6213, 76.6, 73.9, 75.20, 76.00, 3341, tse]
[6214, 76.8, 75.1, 75.30, 76.40, 680, tse]
[6215, 27.85, 26.65, 26.65, 27.20, 1432, tse]
[6216, 26.9, 26.35, 26.55, 26.80, 368, tse]
[6217, 46.7, 45.6, 46.45, 45.95, 2747, otc]
[6218, 18.95, 18.55, 18.95, 18.65, 117, otc]
[6219, 10.9, 10.65, 10.90, 10.85, 496, otc]
[6220, 28.15, 27.55, 27.60, 27.95, 1688, otc]
[6221, 63.5, 59.2, 59.20, 62.80, 467, otc]
[6222, 17.35, 14.6, 14.60, 17.35, 312, otc]
[6223, 125.5, 121.0, 123.00, 121.00, 4311, otc]
[6224, 66.9, 64.7, 65.10, 66.30, 461, tse]
[6225, 12.8, 12.05, 12.65, 12.25, 75, tse]
[6226, 11.7, 11.4, 11.50, 11.55, 800, tse]
[6227, 49.45, 46.25, 46.25, 48.10, 1115, otc]
[6228, 15.2, 13.3, 13.90, 15.20, 816, otc]
[6229, 27.1, 25.5, 25.50, 27.00, 409, otc]
[6230, 122.0, 118.0, 118.50, 121.50, 127, tse]
[6231, 107.5, 100.5, 102.50, 105.50, 6122, otc]
[6233, 23.35, 22.25, 22.30, 22.75, 1037, otc]
[6234, 24.3, 22.8, 23.55, 23.65, 4245, otc]
[6235, 61.5, 52.8, 53.90, 58.30, 112799, tse]
[6236, 25.5, 24.4, 25.00, 24.50, 27, otc]
[6237, 49.8, 48.2, 49.20, 48.20, 1359, otc]
[6239, 89.7, 87.0, 87.40, 88.90, 4901, tse]
[6240, 19.25, 18.7, 18.70, 19.10, 53, otc]
[6241, 15.5, 15.0, 15.50, 15.20, 193, otc]
[6242, 63.2, 57.4, 57.40, 61.30, 614, otc]
[6243, 31.5, 30.5, 30.85, 31.10, 475, tse]
[6244, 28.9, 28.15, 28.25, 28.60, 4011, otc]
[6245, 125.5, 108.5, 109.50, 123.00, 27356, otc]
[6246, 14.2, 14.0, 14.15, 14.00, 51, otc]
[6248, 25.95, 23.6, 23.70, 24.95, 2223, otc]
[6257, 55.2, 53.0, 53.30, 54.90, 7957, tse]
[6259, 24.05, 23.05, 24.05, 23.10, 105, otc]
[6261, 65.5, 63.0, 63.30, 65.20, 805, otc]
[6263, 93.6, 90.7, 90.70, 92.80, 256, otc]
[6264, 8.19, 8.1, 8.16, 8.17, 474, otc]
[6265, 10.25, 10.05, 10.20, 10.10, 558, otc]
[6266, 34.9, 32.8, 34.00, 33.40, 24672, otc]
[6269, 99.1, 95.2, 96.80, 99.00, 4993, tse]
[6270, 24.05, 23.65, 23.70, 24.00, 600, otc]
[6271, 226.0, 216.0, 219.00, 223.00, 3355, tse]
[6274, 60.0, 57.8, 58.80, 59.60, 3325, otc]
[6275, 30.35, 28.7, 28.70, 30.25, 1257, otc]
[6276, 17.45, 17.0, 17.15, 17.20, 175, otc]
[6277, 83.0, 81.2, 82.50, 82.30, 640, tse]
[6278, 90.1, 88.3, 89.20, 89.90, 4177, tse]
[6279, 155.5, 152.0, 153.50, 153.00, 2247, otc]
[6281, 87.3, 85.6, 85.90, 87.10, 267, tse]
[6282, 40.25, 38.15, 38.35, 39.15, 62675, tse]
[6283, 34.8, 33.45, 34.55, 33.70, 671, tse]
[6284, 58.1, 56.0, 57.00, 57.60, 1419, otc]
[6285, 85.5, 82.0, 83.30, 85.00, 9692, tse]
[6287, 23.5, 23.3, 23.30, 23.35, 26, otc]
[6288, 28.65, 26.65, 27.00, 28.35, 15585, tse]
[6290, 74.6, 72.0, 73.40, 72.00, 10372, otc]
[6291, 100.0, 99.5, 99.50, 99.80, 11, otc]
[6292, 42.7, 41.6, 41.65, 42.70, 122, otc]
[6294, 113.0, 108.0, 109.00, 111.00, 100, otc]
[6404, 21.8, 20.75, 21.80, 21.40, 9, otc]
[6405, 22.1, 21.1, 21.10, 21.90, 142, tse]
[6409, 1730.0, 1625.0, 1,650.00, 1,660.00, 665, tse]
[6411, 131.0, 124.0, 126.00, 127.00, 8235, otc]
[6412, 83.5, 78.6, 79.80, 83.10, 3848, tse]
[6414, 239.0, 232.0, 232.50, 237.50, 1814, tse]
[6415, 629.0, 563.0, 573.00, 596.00, 9191, tse]
[6416, 96.9, 93.0, 93.20, 95.50, 514, tse]
[6417, 123.5, 112.0, 116.00, 122.50, 2628, otc]
[6418, 17.7, 16.7, 16.85, 16.85, 273, otc]
[6419, 38.8, 37.05, 37.50, 37.75, 113, otc]
[6425, 21.55, 20.0, 20.00, 20.80, 317, otc]
[6426, 62.7, 61.7, 62.50, 62.10, 182, tse]
[6431, 20.6, 19.95, 20.10, 20.30, 148, tse]
[6432, 37.45, 35.2, 35.25, 36.55, 1460, otc]
[6435, 104.5, 101.5, 102.00, 104.00, 383, otc]
[6438, 102.5, 95.0, 95.00, 100.50, 2503, tse]
[6441, 62.4, 60.5, 60.50, 61.30, 1754, otc]
[6442, 51.2, 49.5, 50.00, 50.90, 750, tse]
[6443, 37.4, 36.7, 37.10, 37.00, 15736, tse]
[6446, 519.0, 499.0, 502.00, 499.00, 3431, otc]
[6449, 45.8, 45.0, 45.40, 45.75, 48, tse]
[6451, 86.9, 85.2, 85.30, 86.20, 632, tse]
[6456, 85.3, 83.7, 84.00, 84.50, 3527, tse]
[6457, 64.4, 61.6, 62.00, 63.30, 492, otc]
[6461, 31.3, 30.1, 30.95, 31.25, 1139, otc]
[6462, 81.0, 78.5, 80.00, 80.40, 935, otc]
[6464, 90.1, 87.0, 89.80, 88.80, 66, tse]
[6465, 18.2, 17.7, 17.80, 17.80, 126, otc]
[6469, 367.5, 338.0, 339.00, 347.50, 3330, otc]
[6470, 64.6, 62.2, 63.50, 63.70, 2471, otc]
[6472, 524.0, 501.0, 505.00, 521.00, 1668, otc]
[6477, 47.75, 46.55, 47.50, 47.00, 3391, tse]
[6482, 46.0, 44.55, 46.00, 44.55, 23, otc]
[6485, 80.3, 74.5, 75.00, 79.80, 2015, otc]
[6486, 69.8, 68.6, 69.00, 69.50, 263, otc]
[6488, 513.0, 501.0, 505.00, 504.00, 5809, otc]
[6491, 456.0, 436.0, 447.00, 439.00, 1098, tse]
[6492, 62.8, 58.0, 58.50, 61.00, 923, otc]
[6494, 80.0, 76.2, 77.30, 78.90, 801, otc]
[6496, 36.45, 33.05, 34.10, 33.80, 753, otc]
[6499, 61.3, 58.6, 59.00, 59.70, 554, otc]
[6504, 77.0, 73.1, 73.20, 75.00, 400, tse]
[6505, 84.2, 82.6, 83.50, 83.90, 8634, tse]
[6506, 21.25, 20.6, 20.65, 21.20, 405, otc]
[6508, 40.95, 39.3, 39.55, 40.30, 3227, otc]
[6509, 46.75, 45.5, 46.40, 46.15, 4011, otc]
[6510, 615.0, 587.0, 587.00, 595.00, 980, otc]
[6512, 21.9, 21.35, 21.35, 21.60, 37, otc]
[6514, 58.4, 55.6, 55.60, 56.80, 278, otc]
[6515, 638.0, 594.0, 610.00, 612.00, 7022, tse]
[6516, 84.5, 82.0, 82.00, 84.50, 181, otc]
[6517, 82.5, 75.1, 78.20, 79.60, 8118, otc]
[6523, 118.5, 111.0, 112.00, 117.00, 1110, otc]
[6525, 75.5, 74.0, 74.30, 75.30, 395, tse]
[6527, 78.3, 67.0, 67.00, 76.00, 3020, otc]
[6530, 25.8, 24.6, 24.60, 25.25, 436, otc]
[6531, 297.5, 267.0, 276.00, 283.00, 41174, tse]
[6532, 56.8, 54.5, 54.70, 56.70, 883, otc]
[6533, 577.0, 528.0, 532.00, 564.00, 12555, tse]
[6535, 43.3, 42.15, 42.20, 42.70, 639, otc]
[6538, 82.5, 80.6, 82.00, 81.50, 236, otc]
[6541, 37.85, 36.55, 37.45, 37.20, 2521, tse]
[6542, 44.15, 43.7, 43.70, 44.15, 13, otc]
[6546, 85.6, 80.7, 84.20, 84.80, 1570, otc]
[6547, 60.9, 55.7, 60.90, 56.40, 15629, otc]
[6548, 34.8, 34.1, 34.50, 34.65, 1683, otc]
[6550, 103.5, 98.3, 99.20, 100.50, 8295, tse]
[6552, 39.35, 37.3, 37.40, 38.95, 615, tse]
[6556, 179.0, 158.0, 164.50, 179.00, 2926, otc]
[6558, 25.75, 24.85, 25.50, 25.20, 595, tse]
[6560, 35.65, 34.3, 35.10, 35.45, 121, otc]
[6561, 374.0, 346.0, 355.00, 357.00, 1258, otc]
[6568, 180.5, 170.5, 172.00, 176.00, 1198, otc]
[6569, 112.5, 106.0, 109.50, 109.00, 386, otc]
[6570, 62.7, 59.5, 61.70, 61.70, 4225, otc]
[6573, 14.55, 13.35, 13.65, 14.05, 616, tse]
[6574, 50.5, 49.0, 49.05, 50.50, 43, otc]
[6576, 121.5, 104.0, 105.00, 119.00, 4375, otc]
[6577, 63.4, 62.5, 62.80, 63.20, 36, otc]
[6578, 18.65, 16.25, 16.25, 17.45, 9469, otc]
[6579, 101.5, 96.0, 97.00, 100.50, 867, tse]
[6581, 110.0, 103.0, 104.50, 106.50, 656, tse]
[6582, 64.5, 62.5, 63.20, 63.80, 684, tse]
[6585, 69.7, 66.0, 67.70, 69.40, 620, tse]
[6588, 33.95, 32.0, 33.95, 32.50, 64, otc]
[6589, 123.0, 119.0, 119.00, 119.00, 5647, otc]
[6590, 73.5, 65.0, 68.00, 72.90, 415, otc]
[6591, 47.3, 46.3, 46.80, 46.55, 461, tse]
[6592, 113.5, 108.5, 110.00, 112.50, 1468, tse]
[6593, 54.2, 50.6, 52.00, 52.20, 380, otc]
[6594, 30.0, 29.15, 29.30, 29.45, 248, otc]
[6596, 47.0, 45.6, 46.10, 46.05, 76, otc]
[6598, 29.75, 27.8, 28.10, 29.55, 889, tse]
[6603, 18.6, 18.3, 18.35, 18.55, 2516, otc]
[6605, 94.6, 86.7, 86.70, 92.80, 5645, tse]
[6609, 44.15, 42.0, 42.65, 43.90, 2565, otc]
[6612, 145.5, 136.5, 142.50, 142.00, 1966, otc]
[6613, 107.5, 98.8, 98.90, 103.50, 1371, otc]
[6615, 38.3, 37.75, 38.00, 38.10, 28, otc]
[6616, 16.75, 14.2, 14.20, 15.35, 1778, otc]
[6624, 42.0, 41.5, 41.90, 42.00, 10, otc]
[6625, 51.5, 47.3, 47.30, 49.50, 1367, tse]
[6629, 47.5, 46.2, 46.20, 47.50, 5, otc]
[6640, 93.9, 91.9, 92.70, 92.60, 63, otc]
[6641, 59.4, 55.0, 55.00, 57.60, 78, tse]
[6642, 52.5, 51.7, 52.00, 52.10, 109, otc]
[6643, 614.0, 571.0, 596.00, 585.00, 9166, otc]
[6649, 42.55, 40.65, 41.75, 41.65, 284, otc]
[6651, 75.1, 73.7, 74.60, 74.60, 207, otc]
[6654, 57.6, 54.5, 54.50, 56.00, 33, otc]
[6655, 127.5, 126.0, 127.00, 127.50, 17, tse]
[6661, 23.8, 23.0, 23.80, 23.00, 24, otc]
[6662, 30.6, 29.8, 30.10, 30.15, 40, otc]
[6664, 108.0, 100.0, 108.00, 102.50, 2327, otc]
[6666, 94.6, 89.4, 94.40, 90.70, 933, tse]
[6667, 66.7, 63.6, 66.20, 66.30, 697, otc]
[6668, 42.1, 40.3, 40.70, 41.85, 776, tse]
[6669, 975.0, 912.0, 969.00, 917.00, 6094, tse]
[6670, 253.5, 243.5, 250.00, 248.50, 4091, tse]
[6671, 40.25, 38.65, 38.70, 39.60, 38, tse]
[6672, 86.1, 81.0, 81.80, 85.00, 1908, tse]
[6674, 27.75, 27.3, 27.35, 27.65, 28, tse]
[6679, 285.0, 272.5, 280.00, 273.00, 1123, otc]
[6680, 64.9, 62.1, 62.50, 64.90, 14, otc]
[6683, 214.0, 206.0, 210.00, 207.00, 713, otc]
[6684, 53.4, 50.6, 52.20, 52.70, 193, otc]
[6689, 155.0, 137.0, 139.00, 150.50, 5952, tse]
[6690, 177.5, 157.0, 162.50, 170.00, 1117, otc]
[6691, 293.0, 278.5, 284.00, 288.50, 1517, tse]
[6693, 62.5, 60.6, 61.30, 62.00, 210, otc]
[6695, 45.25, 43.6, 44.05, 44.70, 455, tse]
[6697, 47.8, 41.05, 45.40, 46.60, 1986, otc]
[6698, 32.35, 31.05, 32.35, 31.75, 207, tse]
[6703, 126.5, 119.0, 120.00, 124.50, 393, otc]
[6706, 98.6, 94.6, 95.90, 98.30, 1214, tse]
[6708, 63.2, 59.2, 59.50, 62.30, 682, otc]
[6712, 214.5, 208.5, 213.50, 208.50, 3450, otc]
[6715, 152.0, 144.5, 145.50, 149.50, 1622, tse]
[6716, 92.7, 89.1, 89.10, 92.50, 58, otc]
[6719, 317.0, 291.0, 292.50, 312.00, 9968, tse]
[6721, 50.7, 50.0, 50.00, 50.20, 27, otc]
[6727, 72.2, 70.8, 71.00, 71.60, 415, otc]
[6728, 150.0, 143.5, 149.50, 148.50, 149, otc]
[6732, 360.0, 341.0, 355.00, 348.00, 1539, otc]
[6733, 27.95, 24.6, 27.95, 25.50, 4191, otc]
[6735, 70.4, 58.1, 58.10, 68.80, 589, otc]
[6741, 136.5, 125.0, 125.50, 125.00, 8571, otc]
[6743, 44.8, 43.0, 43.15, 44.70, 464, tse]
[6747, 214.5, 207.0, 209.50, 213.50, 296, otc]
[6751, 76.2, 61.6, 62.00, 73.60, 2893, otc]
[6752, 158.0, 125.0, 132.50, 158.00, 1344, otc]
[6754, 48.1, 47.35, 47.85, 47.90, 181, tse]
[6756, 221.5, 213.0, 217.50, 213.50, 1162, tse]
[6761, 94.9, 91.5, 92.20, 92.90, 100, otc]
[6762, 263.0, 241.0, 263.00, 254.00, 50, otc]
[6763, 491.0, 476.0, 476.00, 488.00, 229, otc]
[6767, 35.0, 33.4, 34.00, 34.50, 317, otc]
[6768, 73.9, 72.2, 72.30, 73.10, 851, tse]
[6770, 33.75, 32.85, 33.25, 33.60, 39283, tse]
[6776, 43.45, 42.45, 43.00, 43.20, 786, tse]
[6781, 882.0, 813.0, 827.00, 841.00, 2770, tse]
[6782, 369.0, 344.0, 369.00, 348.00, 2386, tse]
[6788, 129.5, 121.5, 122.00, 127.50, 1623, otc]
[6789, 250.0, 232.0, 233.50, 245.50, 4050, tse]
[6790, 37.85, 37.35, 37.60, 37.50, 192, tse]
[6791, 87.4, 77.0, 77.00, 87.20, 2120, otc]
[6792, 81.5, 79.6, 80.10, 80.30, 158, tse]
[6796, 117.5, 101.0, 101.50, 111.50, 7462, tse]
[6799, 169.0, 130.5, 131.50, 157.00, 23883, tse]
[6803, 273.0, 268.0, 268.00, 271.50, 113, otc]
[6804, 55.9, 54.1, 54.50, 55.20, 156, otc]
[6806, 87.5, 84.3, 87.00, 85.20, 5575, tse]
[6807, 25.4, 24.9, 24.90, 25.30, 85, tse]
[6811, 209.0, 174.0, 180.00, 209.00, 4484, otc]
[6823, 103.0, 101.0, 103.00, 101.50, 71, otc]
[6829, 85.5, 80.8, 83.00, 83.40, 1377, otc]
[6830, 137.0, 129.5, 136.00, 132.50, 696, tse]
[6834, 28.1, 27.5, 27.50, 28.00, 201, tse]
[6835, 49.25, 44.5, 45.20, 46.05, 2505, tse]
[6841, 126.0, 94.5, 98.60, 117.50, 13205, otc]
[6843, 70.0, 66.1, 67.00, 68.20, 1839, otc]
[6854, 106.0, 104.5, 105.00, 105.50, 109, tse]
[6855, 86.9, 84.0, 86.50, 85.70, 155, otc]
[6859, 163.5, 149.0, 151.00, 163.50, 866, otc]
[6865, 130.0, 107.5, 107.50, 129.00, 1739, otc]
[6874, 122.0, 107.5, 107.50, 117.00, 1072, otc]
[7402, 42.9, 38.85, 39.25, 42.90, 66, otc]
[7556, 102.0, 100.0, 100.50, 100.50, 43, otc]
[8011, 14.9, 14.55, 14.55, 14.75, 649, tse]
[8016, 236.0, 223.0, 228.00, 229.50, 4589, tse]
[8021, 30.0, 29.1, 29.45, 29.90, 1190, tse]
[8024, 21.6, 20.7, 20.95, 21.55, 349, otc]
[8027, 53.0, 52.2, 52.70, 52.50, 271, otc]
[8028, 57.0, 55.4, 56.50, 56.80, 3890, tse]
[8032, 32.0, 31.4, 31.70, 32.00, 72, otc]
[8033, 58.2, 51.4, 52.30, 56.70, 28512, tse]
[8034, 14.55, 14.05, 14.15, 14.55, 326, otc]
[8038, 43.8, 41.85, 43.05, 42.25, 2178, otc]
[8039, 42.75, 42.45, 42.70, 42.55, 210, tse]
[8040, 53.6, 51.6, 52.00, 52.60, 1275, otc]
[8042, 37.35, 36.3, 36.30, 36.55, 45, otc]
[8043, 31.55, 29.55, 29.80, 31.30, 2586, otc]
[8044, 66.5, 62.1, 63.80, 65.60, 3518, otc]
[8046, 264.5, 230.0, 233.00, 259.00, 36140, tse]
[8047, 12.2, 11.85, 11.90, 12.00, 76, otc]
[8048, 37.2, 36.0, 36.75, 36.70, 641, otc]
[8049, 38.35, 36.8, 36.80, 37.80, 6277, otc]
[8050, 84.8, 81.5, 83.00, 83.60, 14871, otc]
[8054, 34.9, 33.85, 34.00, 34.50, 974, otc]
[8059, 10.8, 10.4, 10.55, 10.75, 168, otc]
[8064, 18.1, 17.7, 17.70, 18.10, 682, otc]
[8066, 28.6, 28.0, 28.40, 28.25, 43, otc]
[8067, 15.6, 13.5, 15.60, 14.45, 111, otc]
[8068, 24.95, 24.0, 24.20, 24.45, 91, otc]
[8069, 197.5, 191.0, 194.00, 192.50, 36970, otc]
[8070, 33.8, 32.85, 32.95, 33.75, 2943, tse]
[8071, 15.7, 15.35, 15.55, 15.40, 375, otc]
[8072, 28.25, 25.95, 26.10, 27.90, 1555, tse]
[8074, 20.75, 20.2, 20.35, 20.45, 870, otc]
[8076, 29.9, 29.3, 29.85, 29.55, 1796, otc]
[8077, 38.1, 34.0, 37.50, 34.00, 7, otc]
[8080, 10.9, 10.55, 10.55, 10.90, 14, otc]
[8081, 179.5, 172.0, 173.50, 177.00, 1967, tse]
[8083, 161.0, 159.5, 161.00, 160.00, 187, otc]
[8084, 106.5, 99.7, 99.70, 101.00, 1168, otc]
[8085, 21.55, 20.55, 20.95, 21.40, 484, otc]
[8086, 77.5, 74.3, 76.70, 77.50, 3786, otc]
[8087, 28.8, 28.1, 28.15, 28.80, 64, otc]
[8088, 29.0, 27.15, 27.55, 28.65, 9553, otc]
[8089, 23.7, 22.45, 22.55, 23.30, 166, otc]
[8091, 92.8, 90.5, 91.30, 91.50, 1188, otc]
[8092, 11.95, 11.7, 11.85, 11.85, 136, otc]
[8093, 13.65, 13.05, 13.30, 13.30, 575, otc]
[8096, 12.05, 11.85, 11.85, 11.90, 850, otc]
[8097, 57.5, 53.4, 57.00, 56.00, 4737, otc]
[8099, 39.95, 38.2, 38.20, 39.35, 189, otc]
[8101, 6.0, 5.78, 5.78, 5.96, 117, tse]
[8103, 35.9, 34.35, 35.30, 35.50, 1018, tse]
[8104, 39.9, 38.55, 39.60, 39.70, 664, tse]
[8105, 15.7, 14.95, 14.95, 15.55, 14247, tse]
[8107, 18.4, 18.05, 18.30, 18.40, 275, otc]
[8109, 93.6, 89.5, 89.60, 91.50, 895, otc]
[8110, 13.5, 12.55, 12.55, 13.35, 7905, tse]
[8111, 21.7, 20.0, 20.05, 20.40, 5876, otc]
[8112, 42.9, 38.3, 38.55, 42.75, 29155, tse]
[8114, 122.5, 119.0, 120.00, 122.00, 675, tse]
[8121, 26.7, 25.9, 26.00, 26.10, 1547, otc]
[8131, 43.4, 42.7, 43.00, 43.25, 1754, tse]
[8147, 66.9, 62.8, 63.00, 65.60, 601, otc]
[8150, 36.8, 35.3, 35.65, 36.70, 10264, tse]
[8155, 122.5, 118.5, 121.50, 118.50, 2377, otc]
[8163, 41.85, 41.15, 41.40, 41.65, 1681, tse]
[8171, 67.6, 62.6, 62.70, 66.10, 32230, otc]
[8176, 13.95, 10.5, 10.55, 13.95, 7205, otc]
[8182, 35.4, 34.75, 35.30, 35.10, 263, otc]
[8183, 56.2, 55.0, 56.00, 55.60, 1938, otc]
[8201, 11.3, 10.9, 11.15, 11.20, 352, tse]
[8210, 91.6, 88.2, 89.70, 89.20, 4747, tse]
[8213, 40.15, 38.45, 38.75, 39.80, 1740, tse]
[8215, 37.7, 36.0, 36.25, 37.70, 10351, tse]
[8222, 33.6, 32.05, 32.20, 32.60, 14264, tse]
[8227, 196.0, 162.0, 170.00, 181.50, 19528, otc]
[8234, 42.75, 40.0, 40.40, 42.15, 6158, otc]
[8240, 29.0, 28.7, 28.80, 28.90, 148, otc]
[8249, 29.75, 28.3, 28.75, 29.05, 1847, tse]
[8255, 173.5, 164.0, 170.50, 167.50, 3735, otc]
[8261, 111.0, 107.5, 108.00, 110.00, 2792, tse]
[8271, 49.0, 47.6, 47.60, 48.95, 2487, tse]
[8277, 10.3, 9.25, 9.25, 10.00, 1716, otc]
[8279, 174.0, 166.0, 166.00, 171.00, 206, otc]
[8284, 65.4, 60.2, 60.70, 63.20, 452, otc]
[8289, 51.1, 45.5, 47.95, 51.10, 22955, otc]
[8291, NaN, NaN, NaN, NaN, 0, otc]
[8299, 372.0, 347.0, 349.00, 362.50, 4450, otc]
[8341, 172.5, 163.5, 165.00, 170.50, 1858, tse]
[8342, 59.0, 57.5, 57.50, 58.60, 167, otc]
[8349, 67.5, 65.7, 66.50, 66.30, 1504, otc]
[8354, 14.75, 14.6, 14.65, 14.65, 200, otc]
[8358, 64.1, 61.1, 61.20, 63.50, 12423, otc]
[8367, 47.5, 43.0, 45.60, 46.75, 1179, tse]
[8374, 29.95, 29.4, 29.80, 29.50, 54, tse]
[8383, 43.9, 42.6, 43.30, 43.55, 2996, otc]
[8390, 38.7, 37.45, 38.00, 38.30, 1125, otc]
[8401, 24.15, 22.95, 23.00, 23.95, 5276, otc]
[8403, 35.8, 35.15, 35.40, 35.60, 1800, otc]
[8404, 28.0, 27.65, 27.90, 27.80, 454, tse]
[8409, 21.45, 19.85, 20.25, 20.65, 692, otc]
[8410, 29.7, 29.3, 29.45, 29.50, 22, otc]
[8411, 15.4, 14.6, 15.40, 14.90, 443, tse]
[8415, 38.55, 38.0, 38.30, 38.20, 888, otc]
[8416, 122.5, 119.0, 120.50, 122.00, 37, otc]
[8418, 10.1, 9.8, 9.84, 9.91, 30, otc]
[8420, 96.4, 91.4, 93.50, 93.20, 2802, otc]
[8421, 18.4, 17.5, 17.55, 18.20, 1719, otc]
[8422, 189.0, 187.0, 188.50, 188.50, 357, tse]
[8423, 18.6, 18.6, 18.60, 18.60, 3, otc]
[8424, 69.1, 68.5, 68.50, 69.10, 45, otc]
[8426, 40.35, 38.05, 39.30, 38.10, 367, otc]
[8429, 11.15, 10.8, 10.80, 11.00, 675, tse]
[8431, 56.0, 52.5, 52.80, 55.20, 449, otc]
[8432, 46.8, 46.0, 46.50, 46.55, 129, otc]
[8433, 83.1, 76.9, 77.00, 81.50, 1575, otc]
[8435, 62.3, 61.5, 61.50, 62.20, 39, otc]
[8436, 223.5, 210.5, 212.50, 217.00, 7764, otc]
[8437, 116.0, 108.0, 108.50, 115.00, 65, otc]
[8438, 25.6, 25.3, 25.40, 25.50, 51, tse]
[8440, 45.45, 43.6, 44.80, 45.30, 1005, otc]
[8442, 86.6, 77.6, 77.60, 83.20, 2696, tse]
[8443, 11.7, 11.4, 11.40, 11.70, 269, tse]
[8444, 49.0, 47.2, 48.00, 48.20, 19, otc]
[8446, 87.1, 86.3, 86.80, 86.80, 82, otc]
[8450, 27.75, 27.15, 27.65, 27.20, 200, otc]
[8454, 844.0, 786.0, 800.00, 822.00, 3533, tse]
[8455, 23.8, 21.45, 22.85, 22.50, 16, otc]
[8462, 142.0, 137.0, 142.00, 139.00, 364, tse]
[8463, 24.85, 24.0, 24.50, 24.10, 169, tse]
[8464, 342.5, 325.5, 334.00, 339.50, 2403, tse]
[8466, 40.9, 40.4, 40.40, 40.65, 87, tse]
[8467, 56.4, 55.0, 55.40, 56.00, 51, tse]
[8472, 43.2, 41.9, 43.20, 43.10, 5, otc]
[8473, 32.2, 30.85, 31.95, 31.20, 707, tse]
[8476, 72.5, 69.6, 72.10, 72.00, 906, otc]
[8477, 18.1, 16.85, 17.70, 17.60, 347, otc]
[8478, 406.5, 374.0, 389.50, 392.50, 16647, tse]
[8481, 59.4, 58.1, 58.10, 58.80, 49, tse]
[8482, 74.2, 73.1, 73.60, 74.00, 37, tse]
[8488, 15.75, 15.3, 15.30, 15.75, 8, tse]
[8489, 25.95, 24.55, 25.15, 25.15, 216, otc]
[8499, 107.0, 105.0, 105.00, 106.50, 81, tse]
[8905, 24.4, 23.65, 23.65, 24.00, 335, otc]
[8906, 18.75, 18.45, 18.75, 18.60, 42, otc]
[8908, 72.4, 71.2, 71.80, 71.50, 173, otc]
[8916, 56.7, 55.0, 55.00, 56.00, 3116, otc]
[8917, 90.0, 89.6, 90.00, 89.70, 17, otc]
[8921, 15.2, 14.75, 14.75, 15.15, 23, otc]
[8923, 21.55, 20.75, 21.00, 21.55, 30, otc]
[8924, 138.5, 130.5, 131.50, 137.00, 5332, otc]
[8926, 37.5, 36.6, 36.90, 37.20, 3123, tse]
[8927, 45.35, 41.75, 42.00, 45.20, 7993, otc]
[8928, 43.1, 40.5, 42.80, 41.75, 4792, otc]
[8929, 22.5, 21.15, 21.15, 22.20, 178, otc]
[8930, 17.9, 17.65, 17.80, 17.90, 552, otc]
[8931, 60.2, 53.8, 56.80, 54.60, 4721, otc]
[8932, 48.45, 44.3, 47.70, 44.30, 1529, otc]
[8933, 15.85, 15.4, 15.75, 15.80, 3578, otc]
[8935, 12.7, 12.0, 12.20, 12.70, 890, otc]
[8936, 31.85, 30.3, 31.20, 31.10, 27842, otc]
[8937, 15.3, 14.95, 15.15, 15.05, 391, otc]
[8938, 118.0, 110.5, 112.50, 117.00, 16621, otc]
[8940, 29.95, 25.1, 25.45, 28.20, 4525, tse]
[8941, 64.7, 61.4, 61.40, 62.60, 317, otc]
[8942, 68.0, 66.2, 67.40, 68.00, 854, otc]
[8996, 250.5, 233.5, 239.50, 234.00, 19195, tse]
[9103, 7.06, 6.95, 7.01, 6.98, 1316, tse]
[9105, 4.24, 4.12, 4.12, 4.19, 2619, tse]
[9110, 3.39, 3.15, 3.16, 3.24, 80, tse]
[9136, 6.38, 6.32, 6.32, 6.36, 338, tse]
[9802, 141.5, 132.0, 138.50, 135.50, 6451, tse]
[9902, 13.55, 13.25, 13.35, 13.25, 843, tse]
[9904, 34.1, 33.3, 33.35, 33.95, 15837, tse]
[9905, 25.0, 24.45, 24.60, 24.95, 367, tse]
[9906, 52.8, 48.2, 48.20, 51.40, 239, tse]
[9907, 18.4, 17.4, 17.55, 18.40, 11512, tse]
[9908, 31.4, 31.1, 31.20, 31.25, 186, tse]
[9910, 185.0, 178.5, 183.00, 181.00, 3196, tse]
[9911, 65.0, 64.2, 64.60, 64.40, 292, tse]
[9912, 10.45, 9.93, 10.40, 10.10, 197, tse]
[9914, 181.5, 177.5, 181.50, 180.00, 1235, tse]
[9917, 102.0, 100.0, 101.00, 102.00, 1169, tse]
[9918, 42.5, 42.1, 42.50, 42.35, 32, tse]
[9919, 17.8, 17.5, 17.55, 17.65, 1936, tse]
[9921, 205.5, 200.5, 202.00, 202.50, 2949, tse]
[9924, 43.6, 42.65, 42.95, 43.35, 432, tse]
[9925, 40.8, 40.45, 40.65, 40.45, 294, tse]
[9926, 53.0, 52.0, 52.60, 52.20, 22, tse]
[9927, 40.2, 39.35, 39.50, 40.10, 409, tse]
[9928, 20.45, 19.2, 19.35, 20.05, 544, tse]
[9929, 9.6, 9.23, 9.41, 9.26, 201, tse]
[9930, 47.35, 47.0, 47.15, 47.30, 261, tse]
[9931, 39.85, 39.05, 39.05, 39.50, 56, tse]
[9933, 44.8, 43.8, 44.20, 44.80, 3060, tse]
[9934, 13.4, 12.95, 13.10, 13.05, 677, tse]
[9935, 19.3, 18.9, 19.10, 19.05, 1247, tse]
[9937, 60.0, 57.8, 59.20, 59.70, 207, tse]
[9938, 61.6, 60.5, 61.60, 61.40, 1949, tse]
[9939, 100.5, 94.1, 96.00, 100.00, 8240, tse]
[9940, 28.45, 28.2, 28.40, 28.45, 507, tse]
[9941, 176.5, 169.0, 170.00, 175.50, 4241, tse]
[9942, 125.0, 120.0, 121.00, 120.50, 1034, tse]
[9943, 70.3, 68.0, 70.00, 68.10, 442, tse]
[9944, 20.65, 20.35, 20.50, 20.65, 270, tse]
[9945, 44.35, 43.05, 44.35, 43.25, 23777, tse]
[9946, 12.2, 12.0, 12.05, 12.10, 130, tse]
[9949, 21.95, 21.1, 21.70, 21.30, 40, otc]
[9950, 14.0, 12.6, 12.95, 12.85, 58, otc]
[9951, 71.5, 70.2, 70.40, 71.00, 256, otc]
[9955, 21.3, 20.85, 21.15, 20.95, 945, tse]
[9958, 106.0, 102.0, 103.50, 102.50, 3924, tse]
[9960, 28.15, 27.2, 27.20, 28.10, 271, otc]
[9962, 21.8, 21.0, 21.00, 21.75, 4804, otc]
