[1101, 38.2, 37.15, 37.80, 37.85, 107224, tse]
[1102, 44.5, 43.7, 43.95, 44.50, 21636, tse]
[1103, 20.3, 19.55, 19.75, 20.00, 2229, tse]
[1104, 29.9, 27.05, 29.85, 27.25, 20754, tse]
[1108, 15.65, 15.15, 15.65, 15.25, 7129, tse]
[1109, 18.6, 18.0, 18.05, 18.50, 1784, tse]
[1110, 19.9, 18.55, 18.75, 19.70, 3862, tse]
[1201, 20.65, 20.0, 20.10, 20.40, 3266, tse]
[1203, 42.3, 37.25, 37.25, 41.20, 347, tse]
[1210, 53.7, 52.2, 52.50, 53.10, 11279, tse]
[1213, 7.14, 6.79, 6.80, 6.86, 96, tse]
[1215, 93.5, 90.1, 92.40, 91.70, 5144, tse]
[1216, 76.2, 74.1, 74.10, 75.40, 46144, tse]
[1217, 11.55, 11.05, 11.15, 11.45, 7288, tse]
[1218, 31.85, 30.05, 30.05, 30.80, 10749, tse]
[1219, 21.1, 20.65, 20.80, 20.65, 2563, tse]
[1220, 15.6, 14.75, 15.00, 15.35, 1032, tse]
[1225, 61.4, 59.0, 59.20, 60.60, 429, tse]
[1227, 42.35, 40.25, 40.45, 41.55, 9651, tse]
[1229, 63.0, 59.3, 61.00, 62.30, 7224, tse]
[1231, 92.1, 89.6, 90.60, 91.40, 1088, tse]
[1232, 154.0, 149.5, 149.50, 152.00, 316, tse]
[1233, 34.65, 33.75, 34.00, 34.20, 301, tse]
[1234, 38.0, 36.75, 36.75, 37.75, 1941, tse]
[1235, 82.4, 69.4, 69.40, 81.80, 480, tse]
[1236, 23.65, 23.2, 23.60, 23.55, 311, tse]
[1240, 45.8, 45.0, 45.30, 45.45, 88, otc]
[1256, 326.0, 305.0, 305.00, 326.00, 83, tse]
[1258, 26.85, 26.8, 26.85, 26.85, 367, otc]
[1259, 75.8, 74.7, 75.00, 74.90, 72, otc]
[1264, 288.0, 279.5, 281.50, 283.00, 72, otc]
[1268, 168.5, 156.5, 163.00, 159.00, 3743, otc]
[1301, 94.3, 91.3, 91.80, 94.00, 46981, tse]
[1303, 80.8, 76.7, 76.70, 80.60, 35746, tse]
[1304, 23.9, 22.9, 23.30, 23.50, 5989, tse]
[1305, 24.4, 23.15, 23.50, 24.15, 7256, tse]
[1307, 24.0, 21.8, 22.10, 23.75, 4887, tse]
[1308, 26.3, 25.4, 25.85, 26.15, 7073, tse]
[1309, 20.3, 19.4, 19.60, 19.95, 2113, tse]
[1310, 16.8, 16.15, 16.20, 16.40, 10510, tse]
[1312, 19.25, 18.8, 18.90, 19.00, 8142, tse]
[1313, 14.75, 13.9, 13.95, 14.45, 3987, tse]
[1314, 9.97, 9.72, 9.72, 9.77, 42290, tse]
[1315, 71.1, 69.9, 70.40, 70.40, 96, tse]
[1316, 13.35, 13.1, 13.35, 13.25, 3045, tse]
[1319, 51.1, 47.3, 47.80, 49.35, 25979, tse]
[1321, 35.0, 33.35, 33.50, 34.30, 926, tse]
[1323, 32.95, 32.65, 32.85, 32.90, 310, tse]
[1324, 11.7, 11.2, 11.20, 11.55, 488, tse]
[1325, 24.75, 23.45, 23.55, 24.10, 1319, tse]
[1326, 70.3, 67.0, 67.20, 70.30, 18405, tse]
[1336, 25.4, 24.25, 25.00, 24.25, 1502, otc]
[1337, 8.95, 7.69, 7.86, 8.42, 23654, tse]
[1338, 43.9, 42.0, 42.85, 43.60, 534, tse]
[1339, 44.1, 43.15, 43.75, 43.60, 524, tse]
[1340, 13.7, 13.0, 13.00, 13.20, 2660, tse]
[1341, 71.0, 69.4, 69.80, 71.00, 37, tse]
[1342, 134.5, 125.5, 128.00, 132.00, 4480, tse]
[1402, 32.25, 31.6, 31.80, 32.05, 31829, tse]
[1409, 17.4, 16.7, 16.85, 17.15, 13183, tse]
[1410, 38.3, 36.8, 37.85, 37.35, 533, tse]
[1413, 9.21, 9.03, 9.07, 9.17, 192, tse]
[1414, 17.3, 16.55, 16.60, 17.30, 449, tse]
[1416, 11.9, 11.5, 11.60, 11.50, 1479, tse]
[1417, 13.55, 12.95, 13.15, 13.45, 2212, tse]
[1418, 15.25, 14.95, 15.10, 15.10, 112, tse]
[1419, 42.0, 40.6, 40.60, 41.40, 409, tse]
[1423, 23.8, 22.9, 23.40, 23.35, 1340, tse]
[1432, 15.9, 15.3, 15.70, 15.65, 3916, tse]
[1434, 28.1, 27.4, 27.50, 28.10, 5474, tse]
[1436, 61.6, 57.0, 57.00, 59.70, 198, tse]
[1437, 29.4, 27.9, 28.00, 28.80, 3312, tse]
[1438, 31.2, 30.45, 30.50, 30.75, 437, tse]
[1439, 23.5, 22.0, 22.00, 23.15, 455, tse]
[1440, 16.5, 15.75, 16.00, 16.30, 4814, tse]
[1441, 8.28, 8.0, 8.25, 8.20, 267, tse]
[1442, 32.9, 31.2, 31.60, 32.15, 3254, tse]
[1443, 30.1, 28.65, 28.65, 29.45, 254, tse]
[1444, 10.6, 10.35, 10.40, 10.50, 5168, tse]
[1445, 20.55, 19.5, 19.55, 20.20, 1555, tse]
[1446, 31.8, 30.1, 30.20, 31.40, 277, tse]
[1447, 7.94, 7.74, 7.78, 7.83, 4461, tse]
[1449, 15.2, 14.6, 14.80, 14.90, 280, tse]
[1451, 21.15, 20.65, 20.85, 21.10, 1272, tse]
[1452, 17.75, 17.35, 17.45, 17.70, 283, tse]
[1453, 15.4, 14.75, 14.95, 14.95, 753, tse]
[1454, 16.9, 15.3, 15.50, 15.75, 1500, tse]
[1455, 10.55, 10.05, 10.10, 10.35, 2098, tse]
[1456, 17.3, 16.3, 16.50, 17.00, 596, tse]
[1457, 18.75, 18.4, 18.40, 18.70, 593, tse]
[1459, 9.13, 8.9, 9.00, 9.00, 321, tse]
[1460, 8.08, 7.82, 7.83, 7.96, 4459, tse]
[1463, 14.85, 14.3, 14.45, 14.60, 474, tse]
[1464, 15.35, 14.85, 15.00, 15.15, 1277, tse]
[1465, 14.45, 14.25, 14.45, 14.30, 184, tse]
[1466, 11.5, 11.25, 11.35, 11.35, 243, tse]
[1467, 11.75, 11.45, 11.50, 11.65, 1833, tse]
[1468, 15.25, 14.1, 14.55, 15.00, 221, tse]
[1470, 21.5, 19.25, 19.45, 20.05, 566, tse]
[1471, 9.38, 8.73, 9.21, 9.04, 6121, tse]
[1472, 33.7, 28.5, 28.50, 31.35, 615, tse]
[1473, 24.3, 23.4, 23.85, 23.60, 1202, tse]
[1474, 12.5, 12.15, 12.30, 12.40, 493, tse]
[1475, 57.6, 54.9, 56.50, 56.20, 407, tse]
[1476, 495.0, 473.5, 476.00, 491.00, 2128, tse]
[1477, 233.5, 224.0, 229.00, 230.50, 6753, tse]
[1503, 137.5, 113.0, 115.50, 134.50, 106376, tse]
[1504, 52.1, 46.2, 46.50, 51.10, 282994, tse]
[1506, 19.9, 18.8, 19.50, 19.20, 1503, tse]
[1512, 13.5, 13.1, 13.40, 13.35, 233, tse]
[1513, 112.5, 103.5, 104.50, 109.00, 105968, tse]
[1514, 51.6, 46.75, 48.00, 49.85, 59884, tse]
[1515, 30.0, 28.85, 29.20, 29.45, 1376, tse]
[1516, 20.7, 20.35, 20.50, 20.45, 604, tse]
[1517, 19.05, 18.2, 18.20, 18.75, 1223, tse]
[1519, 127.5, 99.9, 100.00, 123.50, 195214, tse]
[1521, 37.95, 37.2, 37.20, 37.90, 73, tse]
[1522, 29.05, 28.05, 28.50, 28.45, 5659, tse]
[1524, 22.55, 21.6, 22.10, 22.30, 4954, tse]
[1525, 83.0, 75.8, 80.50, 81.50, 3129, tse]
[1526, 40.55, 39.7, 39.90, 40.30, 505, tse]
[1527, 42.4, 41.2, 41.40, 41.95, 1026, tse]
[1528, 11.7, 11.2, 11.45, 11.30, 5216, tse]
[1529, 40.15, 35.5, 36.30, 38.30, 41269, tse]
[1530, 33.0, 32.2, 32.65, 32.80, 138, tse]
[1531, 14.45, 14.15, 14.30, 14.35, 390, tse]
[1532, 34.6, 33.15, 33.40, 33.90, 2216, tse]
[1533, 58.9, 53.2, 53.20, 58.00, 4110, tse]
[1535, 53.8, 51.5, 52.30, 52.70, 637, tse]
[1536, 72.0, 68.9, 69.50, 71.30, 2565, tse]
[1537, 140.5, 139.0, 139.50, 140.00, 408, tse]
[1538, 9.04, 8.5, 9.00, 8.99, 46, tse]
[1539, 28.5, 27.1, 27.50, 28.00, 1067, tse]
[1540, 16.75, 16.5, 16.70, 16.60, 558, tse]
[1541, 36.4, 33.4, 33.80, 34.90, 216, tse]
[1558, 111.0, 107.0, 109.00, 111.00, 734, tse]
[1560, 114.0, 108.5, 110.00, 110.00, 4350, tse]
[1565, 241.0, 236.5, 238.50, 239.50, 365, otc]
[1568, 25.45, 23.5, 23.50, 25.05, 4078, tse]
[1569, 22.85, 22.15, 22.15, 22.70, 966, otc]
[1570, 18.65, 18.15, 18.40, 18.55, 258, otc]
[1580, 132.0, 119.0, 119.50, 128.50, 3567, otc]
[1582, 60.2, 58.5, 59.20, 59.50, 569, tse]
[1583, 71.9, 65.4, 66.20, 69.10, 93, tse]
[1584, 38.6, 35.0, 35.85, 36.00, 40975, otc]
[1586, 34.6, 33.75, 34.40, 34.00, 447, otc]
[1587, 22.5, 21.9, 22.50, 22.20, 378, tse]
[1589, 80.0, 75.1, 76.90, 78.80, 7423, tse]
[1590, 1080.0, 999.0, 1,000.00, 1,080.00, 2277, tse]
[1591, 28.2, 27.1, 28.15, 27.10, 1081, otc]
[1593, 74.7, 71.8, 74.70, 73.50, 121, otc]
[1595, 39.0, 38.4, 38.50, 39.00, 233, otc]
[1597, 76.4, 72.7, 73.80, 75.00, 316, tse]
[1598, 42.8, 40.05, 40.35, 41.20, 2121, tse]
[1599, 37.9, 37.05, 37.50, 37.75, 236, otc]
[1603, 27.35, 26.35, 26.35, 26.90, 2380, tse]
[1604, 27.15, 26.15, 26.25, 26.85, 3041, tse]
[1605, 47.85, 45.2, 45.95, 46.45, 94241, tse]
[1608, 18.95, 17.0, 17.10, 17.90, 44220, tse]
[1609, 32.2, 29.3, 29.55, 31.25, 196316, tse]
[1611, 18.4, 17.3, 17.30, 17.80, 13567, tse]
[1612, 23.75, 21.15, 21.35, 22.45, 23995, tse]
[1614, 38.35, 36.25, 36.25, 37.20, 515, tse]
[1615, 38.2, 36.4, 36.55, 37.55, 735, tse]
[1616, 10.05, 9.2, 9.25, 9.78, 4682, tse]
[1617, 17.9, 15.05, 15.10, 16.35, 3075, tse]
[1618, 20.7, 18.55, 19.10, 19.70, 12634, tse]
[1626, 19.4, 18.25, 19.40, 19.00, 380, tse]
[1701, 26.35, 25.3, 25.65, 25.95, 5539, tse]
[1702, 52.0, 50.3, 51.00, 50.80, 3935, tse]
[1707, 181.5, 173.0, 176.00, 175.50, 1862, tse]
[1708, 36.75, 35.35, 36.30, 36.50, 7945, tse]
[1709, 26.55, 25.2, 26.55, 25.35, 11053, tse]
[1710, 21.65, 20.4, 20.85, 21.15, 13350, tse]
[1711, 21.5, 20.05, 20.20, 20.65, 26118, tse]
[1712, 36.0, 34.8, 35.10, 35.70, 3956, tse]
[1713, 33.2, 29.45, 29.45, 31.90, 1165, tse]
[1714, 9.34, 9.02, 9.04, 9.22, 7473, tse]
[1717, 33.75, 31.75, 31.85, 33.30, 11581, tse]
[1718, 8.22, 7.98, 8.02, 8.16, 10499, tse]
[1720, 71.3, 66.2, 67.50, 69.40, 8081, tse]
[1721, 17.25, 15.15, 15.20, 16.25, 34387, tse]
[1722, 60.1, 58.8, 59.30, 60.00, 5797, tse]
[1723, 113.5, 110.0, 112.50, 113.00, 1696, tse]
[1725, 24.7, 22.3, 22.55, 23.65, 709, tse]
[1726, 76.0, 74.0, 74.40, 74.90, 170, tse]
[1727, 42.25, 35.6, 37.20, 40.55, 45423, tse]
[1730, 59.7, 58.6, 59.40, 59.50, 158, tse]
[1731, 23.9, 22.6, 22.95, 22.85, 4585, tse]
[1732, 27.55, 26.7, 26.70, 27.50, 488, tse]
[1733, 27.2, 26.5, 26.95, 26.95, 932, tse]
[1734, 33.3, 32.05, 32.25, 32.65, 4851, tse]
[1735, 18.15, 15.95, 16.05, 17.05, 1712, tse]
[1736, 63.1, 56.1, 56.80, 61.90, 4329, tse]
[1737, 34.0, 33.4, 33.50, 33.90, 1034, tse]
[1742, 18.3, 16.3, 17.20, 16.35, 4872, otc]
[1752, 70.5, 66.3, 69.00, 67.30, 11059, tse]
[1760, 147.5, 138.5, 143.50, 145.00, 18185, tse]
[1762, 101.0, 91.2, 93.80, 92.50, 19622, tse]
[1773, 130.5, 121.0, 122.00, 126.50, 1017, tse]
[1776, 20.2, 18.0, 18.50, 19.25, 3680, tse]
[1777, 89.1, 85.1, 87.00, 87.10, 579, otc]
[1781, 14.6, 14.0, 14.40, 14.35, 176, otc]
[1783, 62.8, 59.2, 62.70, 59.70, 6342, tse]
[1784, 70.5, 63.0, 65.90, 68.60, 14554, otc]
[1785, 36.7, 35.4, 36.00, 36.60, 4116, otc]
[1786, 72.0, 69.1, 71.80, 69.10, 1953, tse]
[1788, 145.5, 143.5, 144.00, 145.00, 95, otc]
[1789, 27.0, 25.8, 26.25, 26.35, 6841, tse]
[1795, 349.5, 275.5, 289.00, 343.50, 116348, tse]
[1796, 158.5, 145.5, 149.50, 146.00, 4480, otc]
[1799, 20.5, 20.0, 20.30, 20.10, 155, otc]
[1802, 19.25, 18.1, 18.45, 18.95, 27593, tse]
[1805, 10.1, 9.81, 10.10, 9.92, 105, tse]
[1806, 9.07, 8.97, 9.01, 9.02, 1057, tse]
[1808, 77.4, 72.5, 73.50, 76.20, 1872, tse]
[1809, 14.7, 14.2, 14.30, 14.30, 3034, tse]
[1810, 24.55, 22.65, 23.40, 23.25, 25335, tse]
[1813, 22.6, 22.1, 22.35, 22.35, 198, otc]
[1815, 12.05, 11.7, 11.70, 11.95, 2435, otc]
[1817, 38.7, 38.05, 38.65, 38.65, 571, tse]
[1903, 44.5, 42.6, 42.80, 43.75, 908, tse]
[1904, 32.4, 31.3, 31.80, 31.35, 14576, tse]
[1905, 25.25, 23.55, 23.85, 24.05, 81769, tse]
[1906, 16.0, 15.6, 15.80, 15.90, 730, tse]
[1907, 31.75, 30.0, 30.55, 31.45, 20418, tse]
[1909, 16.8, 16.25, 16.80, 16.55, 9628, tse]
[2002, 29.85, 28.85, 28.90, 29.60, 85038, tse]
[2006, 58.5, 56.8, 57.10, 57.00, 4968, tse]
[2007, 10.7, 10.1, 10.25, 10.50, 1871, tse]
[2008, 20.0, 19.15, 19.30, 19.50, 172, tse]
[2009, 32.6, 31.15, 31.55, 31.85, 4355, tse]
[2010, 16.9, 16.0, 16.05, 16.65, 3916, tse]
[2012, 27.4, 26.5, 27.00, 27.10, 540, tse]
[2013, 58.2, 55.3, 56.40, 57.70, 515, tse]
[2014, 23.8, 22.9, 23.00, 23.25, 17708, tse]
[2015, 68.9, 65.8, 66.50, 68.30, 1464, tse]
[2017, 17.6, 17.1, 17.20, 17.45, 2627, tse]
[2020, 24.0, 23.05, 23.20, 23.75, 963, tse]
[2022, 11.45, 10.65, 11.10, 10.95, 13810, tse]
[2023, 15.65, 15.0, 15.00, 15.35, 9346, tse]
[2024, 18.9, 17.65, 17.80, 18.30, 63, tse]
[2025, 5.67, 5.18, 5.31, 5.46, 4131, tse]
[2027, 45.2, 43.65, 43.90, 45.10, 24192, tse]
[2028, 26.35, 24.85, 25.00, 25.85, 1074, tse]
[2029, 25.6, 24.8, 24.80, 25.10, 1302, tse]
[2030, 22.75, 22.25, 22.50, 22.60, 3026, tse]
[2031, 49.95, 44.5, 45.10, 49.75, 16886, tse]
[2032, 18.35, 17.9, 18.00, 18.15, 646, tse]
[2033, 15.4, 14.75, 14.90, 15.00, 538, tse]
[2034, 29.0, 28.45, 28.90, 28.80, 3783, tse]
[2035, 31.45, 31.0, 31.15, 31.35, 85, otc]
[2038, 20.15, 19.05, 19.60, 19.85, 1693, tse]
[2049, 242.0, 227.5, 228.00, 238.00, 5075, tse]
[2059, 432.0, 404.0, 406.00, 414.50, 4359, tse]
[2061, 22.5, 20.5, 21.20, 21.30, 452, otc]
[2062, 21.8, 21.05, 21.35, 21.60, 791, tse]
[2063, 47.15, 44.5, 44.50, 46.80, 699, otc]
[2064, 17.9, 17.2, 17.40, 17.60, 28, otc]
[2065, 59.5, 58.5, 58.50, 59.10, 340, otc]
[2066, 97.3, 89.5, 91.00, 95.10, 1830, otc]
[2067, 12.45, 11.85, 12.45, 12.20, 107, otc]
[2069, 19.3, 18.95, 19.20, 19.20, 907, tse]
[2070, 31.95, 30.7, 31.70, 31.10, 220, otc]
[2101, 39.6, 38.3, 38.70, 39.30, 4047, tse]
[2102, 20.75, 20.15, 20.50, 20.20, 1235, tse]
[2103, 26.85, 26.1, 26.30, 26.75, 5159, tse]
[2104, 20.2, 19.55, 19.80, 20.15, 8129, tse]
[2105, 40.3, 38.4, 38.40, 40.15, 35159, tse]
[2106, 31.0, 30.05, 30.20, 30.95, 3469, tse]
[2107, 21.95, 21.5, 21.65, 21.85, 1000, tse]
[2108, 39.7, 38.35, 38.55, 38.85, 2037, tse]
[2109, 14.8, 14.5, 14.65, 14.70, 938, tse]
[2114, 106.0, 99.7, 99.80, 104.00, 165, tse]
[2115, 35.35, 32.5, 33.00, 33.95, 2251, tse]
[2201, 82.8, 76.6, 77.70, 80.40, 78460, tse]
[2204, 88.3, 75.3, 77.90, 87.20, 47997, tse]
[2206, 72.9, 59.0, 59.50, 70.00, 197211, tse]
[2207, 885.0, 695.0, 700.00, 850.00, 4158, tse]
[2208, 24.9, 23.3, 23.55, 24.40, 33023, tse]
[2211, 61.8, 60.5, 61.80, 60.60, 3588, tse]
[2221, 42.5, 39.1, 40.20, 41.55, 661, otc]
[2227, 201.5, 190.0, 190.00, 200.50, 392, tse]
[2228, 85.5, 81.0, 81.00, 84.30, 686, tse]
[2230, 82.5, 79.4, 80.30, 80.60, 626, otc]
[2231, 168.0, 158.5, 165.00, 161.00, 3326, tse]
[2233, 112.5, 107.0, 108.50, 110.50, 876, tse]
[2235, 44.35, 42.75, 43.75, 43.85, 81, otc]
[2236, 40.35, 36.35, 37.10, 39.85, 1456, tse]
[2239, 77.3, 70.9, 71.60, 75.00, 830, tse]
[2241, 35.2, 33.8, 34.00, 34.50, 289, tse]
[2243, 19.55, 17.7, 18.40, 18.80, 1710, tse]
[2247, 323.5, 282.5, 291.50, 304.50, 4390, tse]
[2250, 72.4, 69.8, 70.90, 70.20, 142, tse]
[2301, 82.4, 75.3, 75.90, 81.90, 40030, tse]
[2302, 19.7, 18.9, 19.40, 19.10, 3575, tse]
[2303, 50.5, 47.9, 48.70, 50.00, 226131, tse]
[2305, 22.95, 20.8, 20.90, 21.80, 1452, tse]
[2308, 309.5, 295.0, 295.00, 306.50, 29332, tse]
[2312, 13.4, 12.7, 12.75, 13.25, 17152, tse]
[2313, 43.75, 41.6, 42.00, 43.50, 52045, tse]
[2314, 48.9, 46.1, 48.55, 46.15, 5047, tse]
[2316, 29.0, 27.9, 28.25, 28.45, 681, tse]
[2317, 103.5, 102.0, 102.50, 103.00, 170890, tse]
[2321, 20.85, 18.45, 19.50, 18.90, 72, tse]
[2323, 9.7, 8.41, 8.50, 9.40, 140983, tse]
[2324, 27.0, 25.65, 25.85, 26.40, 127073, tse]
[2327, 505.0, 487.0, 496.00, 495.50, 11252, tse]
[2328, 38.1, 36.4, 36.80, 37.65, 7719, tse]
[2329, 19.35, 18.55, 18.90, 19.20, 7203, tse]
[2330, 536.0, 494.5, 497.00, 532.00, 164801, tse]
[2331, 26.6, 25.1, 25.25, 25.25, 39640, tse]
[2332, 20.2, 18.35, 18.55, 20.05, 46311, tse]
[2337, 32.9, 31.6, 31.90, 32.80, 42799, tse]
[2338, 81.2, 75.4, 76.50, 79.70, 11983, tse]
[2340, 36.2, 34.05, 34.20, 35.60, 5865, tse]
[2342, 39.9, 38.4, 39.25, 39.00, 4404, tse]
[2344, 26.2, 23.25, 23.80, 26.00, 148432, tse]
[2345, 301.0, 283.5, 285.00, 291.00, 11634, tse]
[2347, 65.0, 62.4, 62.50, 65.00, 19282, tse]
[2348, 67.9, 64.6, 65.40, 67.10, 356, tse]
[2349, 9.3, 8.84, 8.84, 9.09, 10747, tse]
[2351, 123.0, 114.0, 116.00, 115.50, 4885, tse]
[2352, 38.45, 35.4, 36.00, 38.20, 65785, tse]
[2353, 30.7, 29.35, 30.20, 30.70, 78683, tse]
[2354, 54.1, 51.6, 52.20, 53.90, 7383, tse]
[2355, 31.1, 29.95, 30.15, 30.90, 4309, tse]
[2356, 31.5, 29.1, 31.00, 31.45, 122973, tse]
[2357, 310.0, 297.5, 304.50, 308.00, 22283, tse]
[2358, 12.7, 12.05, 12.20, 12.15, 4028, tse]
[2359, 32.3, 30.4, 30.55, 31.55, 10238, tse]
[2360, 201.5, 185.5, 186.00, 201.50, 8294, tse]
[2362, 32.7, 31.6, 32.00, 32.05, 4253, tse]
[2363, 17.8, 17.05, 17.15, 17.45, 4905, tse]
[2364, 115.5, 105.0, 105.00, 106.50, 8869, tse]
[2365, 10.85, 10.35, 10.35, 10.75, 1939, tse]
[2367, 18.1, 17.45, 17.55, 18.00, 8616, tse]
[2368, 113.5, 94.0, 95.60, 113.50, 111172, tse]
[2369, 14.25, 13.55, 13.60, 14.05, 2862, tse]
[2371, 39.85, 37.1, 37.50, 38.00, 284974, tse]
[2373, 82.3, 80.0, 80.50, 80.10, 572, tse]
[2374, 20.2, 19.5, 19.80, 20.00, 1760, tse]
[2375, 71.4, 66.6, 68.00, 70.10, 1781, tse]
[2376, 164.0, 135.5, 138.00, 164.00, 111183, tse]
[2377, 161.0, 148.0, 148.50, 157.00, 34340, tse]
[2379, 379.0, 364.5, 370.00, 376.00, 8390, tse]
[2380, 10.0, 9.78, 9.94, 9.82, 2532, tse]
[2382, 110.0, 96.6, 102.00, 109.00, 235356, tse]
[2383, 186.5, 160.5, 160.50, 184.50, 17082, tse]
[2385, 103.5, 98.6, 98.70, 103.50, 9478, tse]
[2387, 40.8, 40.0, 40.50, 40.35, 3822, tse]
[2388, 77.8, 72.4, 72.60, 74.90, 30314, tse]
[2390, 12.4, 11.6, 11.80, 12.10, 2443, tse]
[2392, 40.3, 38.7, 40.00, 40.05, 6558, tse]
[2393, 47.25, 41.7, 42.40, 46.45, 29398, tse]
[2395, 407.0, 382.0, 394.00, 396.00, 7252, tse]
[2397, 70.5, 68.7, 70.10, 70.00, 565, tse]
[2399, 17.0, 15.0, 15.00, 16.15, 10518, tse]
[2401, 23.85, 23.05, 23.20, 23.70, 4518, tse]
[2402, 30.45, 27.15, 28.65, 27.20, 95272, tse]
[2404, 231.0, 218.5, 229.50, 219.00, 4931, tse]
[2405, 12.25, 11.8, 12.00, 12.15, 3742, tse]
[2406, 18.4, 18.0, 18.30, 18.10, 5182, tse]
[2408, 70.2, 63.2, 63.30, 69.90, 69323, tse]
[2409, 17.4, 16.8, 16.95, 17.40, 108705, tse]
[2412, 127.5, 124.5, 124.50, 127.50, 39033, tse]
[2413, 34.4, 32.55, 33.50, 33.15, 8841, tse]
[2414, 35.0, 34.5, 34.85, 35.00, 557, tse]
[2415, 23.95, 23.15, 23.15, 23.45, 271, tse]
[2417, 21.6, 20.7, 21.00, 21.35, 1260, tse]
[2419, 26.55, 25.7, 25.75, 26.45, 4530, tse]
[2420, 45.35, 44.3, 44.80, 45.05, 781, tse]
[2421, 74.4, 63.6, 64.40, 71.70, 102549, tse]
[2423, 35.3, 33.45, 34.85, 34.85, 2549, tse]
[2424, 30.8, 28.0, 28.45, 30.20, 322, tse]
[2425, 28.9, 27.85, 28.65, 27.85, 5067, tse]
[2426, 18.3, 17.6, 17.75, 17.95, 1473, tse]
[2427, 22.7, 15.05, 15.30, 22.70, 67814, tse]
[2428, 160.0, 147.0, 151.50, 156.00, 4385, tse]
[2429, 21.3, 19.35, 21.30, 20.10, 596, tse]
[2430, 42.9, 41.65, 42.10, 42.70, 794, tse]
[2431, 10.9, 10.45, 10.50, 10.45, 2347, tse]
[2433, 54.4, 52.8, 53.20, 53.90, 297, tse]
[2434, 30.85, 29.5, 30.00, 29.80, 103, tse]
[2436, 49.3, 46.05, 46.85, 48.85, 3072, tse]
[2438, 23.5, 22.2, 22.95, 22.40, 876, tse]
[2439, 89.4, 86.0, 87.10, 89.10, 1988, tse]
[2440, 11.65, 11.2, 11.40, 11.35, 1041, tse]
[2441, 55.0, 53.0, 53.50, 54.10, 3482, tse]
[2442, 18.25, 15.7, 16.10, 18.25, 23199, tse]
[2443, 3.5, 3.0, 3.07, 3.35, 1719, tse]
[2444, 15.1, 14.65, 14.90, 14.95, 2278, tse]
[2449, 47.05, 45.4, 45.45, 46.80, 19581, tse]
[2450, 36.8, 35.3, 35.75, 36.15, 1659, tse]
[2451, 73.0, 70.6, 71.00, 73.00, 2668, tse]
[2453, 74.9, 65.3, 68.20, 67.10, 51053, tse]
[2454, 698.0, 673.0, 676.00, 698.00, 25466, tse]
[2455, 97.0, 91.2, 96.50, 94.50, 10943, tse]
[2457, 77.9, 72.1, 73.20, 73.20, 195823, tse]
[2458, 99.3, 94.4, 95.50, 98.50, 6793, tse]
[2459, 57.3, 56.6, 56.70, 57.10, 338, tse]
[2460, 21.4, 19.35, 19.95, 20.90, 2126, tse]
[2461, 23.7, 22.15, 22.15, 22.80, 3353, tse]
[2462, 30.75, 29.3, 30.20, 30.10, 2914, tse]
[2464, 37.65, 36.0, 37.00, 37.30, 2248, tse]
[2465, 35.8, 33.8, 33.95, 34.65, 1000, tse]
[2466, 36.15, 35.1, 35.10, 36.00, 103, tse]
[2467, 49.5, 45.7, 45.75, 49.00, 1446, tse]
[2468, 28.5, 24.65, 25.05, 27.35, 22310, tse]
[2471, 68.3, 60.1, 63.60, 62.10, 49682, tse]
[2472, 63.8, 61.0, 62.10, 62.70, 1690, tse]
[2474, 190.0, 184.0, 185.00, 189.50, 7845, tse]
[2476, 51.4, 49.2, 49.95, 50.40, 3842, tse]
[2477, 20.55, 20.05, 20.30, 20.40, 213, tse]
[2478, 48.85, 46.05, 46.40, 48.00, 763, tse]
[2480, 124.0, 108.5, 110.50, 113.00, 13133, tse]
[2481, 68.1, 64.4, 65.80, 67.00, 9120, tse]
[2482, 69.4, 63.1, 65.70, 65.60, 41822, tse]
[2483, 28.15, 26.2, 26.55, 27.85, 1559, tse]
[2484, 35.25, 34.2, 34.35, 34.80, 3147, tse]
[2485, 19.15, 18.55, 18.65, 18.85, 2943, tse]
[2486, 28.6, 27.4, 27.80, 28.00, 4756, tse]
[2488, 31.25, 30.9, 30.95, 31.10, 586, tse]
[2489, 13.2, 11.85, 12.55, 12.65, 31743, tse]
[2491, 17.3, 12.95, 13.15, 15.35, 7706, tse]
[2492, 102.0, 93.8, 95.20, 98.60, 15272, tse]
[2493, 60.7, 55.9, 57.60, 59.60, 2531, tse]
[2495, 25.3, 22.7, 23.45, 23.95, 29716, tse]
[2496, 54.0, 50.8, 51.60, 51.70, 364, tse]
[2497, 70.3, 67.2, 69.20, 68.00, 3642, tse]
[2498, 60.5, 56.6, 56.80, 59.00, 36620, tse]
[2501, 16.65, 16.05, 16.20, 16.35, 5326, tse]
[2504, 28.9, 28.1, 28.50, 28.75, 20511, tse]
[2505, 18.85, 18.2, 18.20, 18.80, 2361, tse]
[2506, 9.35, 9.2, 9.24, 9.30, 796, tse]
[2509, 15.85, 15.4, 15.40, 15.70, 388, tse]
[2511, 12.35, 11.9, 11.95, 12.10, 4156, tse]
[2514, 17.1, 16.6, 16.65, 16.95, 732, tse]
[2515, 10.55, 10.05, 10.15, 10.35, 57295, tse]
[2516, 5.14, 5.02, 5.06, 5.10, 1251, tse]
[2520, 29.65, 29.1, 29.20, 29.45, 2419, tse]
[2524, 32.6, 30.95, 31.10, 31.45, 555, tse]
[2527, 23.85, 22.25, 22.40, 23.40, 1485, tse]
[2528, 25.15, 24.05, 24.40, 24.40, 2351, tse]
[2530, 23.7, 21.9, 21.90, 22.70, 7527, tse]
[2534, 22.7, 22.2, 22.40, 22.55, 4114, tse]
[2535, 32.8, 31.95, 32.20, 32.60, 2458, tse]
[2536, 26.0, 25.25, 25.45, 25.45, 2168, tse]
[2537, 7.03, 6.91, 6.92, 6.97, 2573, tse]
[2538, 13.3, 12.75, 12.75, 12.85, 6341, tse]
[2539, 38.2, 37.35, 37.45, 37.85, 1471, tse]
[2540, 79.4, 75.4, 76.70, 78.80, 1984, tse]
[2542, 42.15, 40.85, 41.60, 42.00, 21721, tse]
[2543, 9.8, 9.46, 9.56, 9.55, 547, tse]
[2545, 46.7, 44.8, 45.35, 46.20, 1114, tse]
[2546, 69.1, 65.1, 66.90, 68.00, 1389, tse]
[2547, 9.34, 9.16, 9.30, 9.20, 4113, tse]
[2548, 97.2, 95.5, 97.20, 96.90, 5322, tse]
[2596, 22.4, 21.85, 22.00, 22.35, 211, otc]
[2597, 121.0, 113.0, 113.00, 119.50, 461, tse]
[2601, 9.13, 8.81, 8.86, 9.04, 10898, tse]
[2603, 153.5, 148.0, 150.00, 150.50, 84211, tse]
[2605, 22.55, 21.55, 21.85, 22.10, 11104, tse]
[2606, 54.0, 52.7, 54.00, 53.50, 9929, tse]
[2607, 27.5, 26.35, 26.60, 27.30, 5828, tse]
[2608, 39.0, 37.9, 38.30, 38.60, 1006, tse]
[2609, 61.7, 59.2, 60.40, 61.30, 70584, tse]
[2610, 20.6, 18.9, 18.90, 20.00, 244005, tse]
[2611, 12.95, 12.15, 12.50, 12.75, 1755, tse]
[2612, 40.4, 38.4, 39.10, 40.20, 1613, tse]
[2613, 22.35, 21.8, 22.15, 22.00, 687, tse]
[2614, 19.5, 18.9, 19.05, 19.10, 4834, tse]
[2615, 60.8, 57.8, 58.80, 60.30, 36563, tse]
[2616, 32.95, 32.0, 32.50, 32.70, 2065, tse]
[2617, 30.35, 29.55, 29.85, 30.00, 2823, tse]
[2618, 30.7, 27.6, 27.95, 29.60, 595559, tse]
[2630, 36.5, 29.3, 31.20, 33.10, 51051, tse]
[2633, 33.75, 30.9, 30.90, 32.60, 74589, tse]
[2634, 56.2, 53.1, 54.10, 54.20, 123452, tse]
[2636, 76.2, 74.6, 75.00, 75.50, 1995, tse]
[2637, 63.7, 62.2, 62.70, 62.90, 11960, tse]
[2640, 141.0, 126.0, 132.50, 135.00, 1514, otc]
[2641, 18.35, 17.9, 18.15, 18.15, 3747, otc]
[2642, 45.85, 43.95, 45.30, 45.55, 345, tse]
[2643, 71.8, 70.2, 70.30, 71.40, 161, otc]
[2645, 105.5, 102.0, 104.50, 103.00, 5129, tse]
[2701, 13.0, 12.5, 12.50, 12.85, 3572, tse]
[2702, 24.25, 23.0, 23.20, 23.70, 1717, tse]
[2704, 46.7, 42.3, 43.05, 45.95, 4466, tse]
[2705, 19.45, 18.3, 18.45, 18.50, 7625, tse]
[2706, 15.75, 14.95, 15.05, 15.60, 7629, tse]
[2707, 298.5, 272.5, 282.50, 282.50, 6248, tse]
[2712, 36.5, 34.35, 34.90, 35.65, 534, tse]
[2718, 50.0, 47.0, 48.10, 47.85, 267, otc]
[2719, 60.5, 43.05, 45.40, 57.60, 2643, otc]
[2722, 57.7, 49.1, 50.00, 56.40, 9053, tse]
[2723, 166.5, 156.0, 163.00, 163.50, 7542, tse]
[2724, 14.25, 12.4, 12.40, 13.65, 50, otc]
[2726, 27.55, 25.8, 25.80, 27.25, 196, otc]
[2727, 327.0, 308.0, 323.50, 313.00, 10956, tse]
[2729, 282.5, 271.0, 277.00, 276.00, 1809, otc]
[2731, 194.5, 174.0, 189.00, 183.50, 46793, tse]
[2732, 181.5, 172.5, 177.00, 176.50, 3387, otc]
[2734, 46.0, 33.4, 34.00, 42.25, 23886, otc]
[2736, 29.2, 25.05, 25.65, 28.20, 55445, otc]
[2739, 66.5, 59.7, 63.80, 66.00, 4548, tse]
[2740, 42.1, 42.0, 42.10, 42.10, 6, otc]
[2743, 114.5, 76.1, 79.90, 110.00, 50116, otc]
[2745, 67.0, 48.95, 49.80, 64.10, 14802, otc]
[2748, 89.1, 78.9, 79.30, 85.50, 17621, tse]
[2752, 264.0, 255.0, 255.00, 258.00, 52, otc]
[2753, 175.0, 168.5, 174.00, 171.50, 2311, tse]
[2754, 175.0, 164.0, 168.50, 166.50, 2794, otc]
[2755, 148.5, 140.0, 140.50, 142.50, 207, otc]
[2756, 139.5, 135.0, 139.50, 137.00, 71, otc]
[2801, 18.4, 17.85, 17.90, 18.30, 93214, tse]
[2809, 36.15, 34.95, 35.10, 36.15, 5245, tse]
[2812, 14.8, 14.5, 14.55, 14.70, 28400, tse]
[2816, 17.8, 16.95, 16.95, 17.30, 1369, tse]
[2820, 15.6, 15.0, 15.15, 15.45, 5549, tse]
[2832, 22.45, 21.8, 21.85, 22.30, 2191, tse]
[2834, 14.3, 13.8, 13.90, 14.20, 97982, tse]
[2836, 12.6, 12.2, 12.20, 12.50, 3433, tse]
[2838, 16.8, 16.0, 16.00, 16.80, 8924, tse]
[2845, 11.4, 11.1, 11.15, 11.40, 25546, tse]
[2849, 15.35, 14.9, 14.90, 15.15, 1053, tse]
[2850, 52.8, 50.3, 50.50, 52.40, 1444, tse]
[2851, 19.85, 19.2, 19.45, 19.50, 13910, tse]
[2852, 16.1, 15.8, 15.85, 16.00, 1347, tse]
[2855, 16.9, 16.3, 16.30, 16.70, 3696, tse]
[2867, 5.22, 5.08, 5.13, 5.19, 40170, tse]
[2880, 22.75, 21.7, 21.80, 22.75, 64412, tse]
[2881, 61.9, 58.8, 59.00, 61.60, 101311, tse]
[2882, 45.2, 42.4, 42.70, 45.15, 134995, tse]
[2883, 13.25, 12.5, 12.60, 13.20, 188313, tse]
[2884, 26.3, 25.1, 25.15, 26.30, 136364, tse]
[2885, 23.45, 22.55, 22.55, 23.45, 69085, tse]
[2886, 36.25, 34.2, 34.30, 36.00, 98396, tse]
[2887, 18.55, 18.0, 18.20, 18.45, 114228, tse]
[2888, 8.69, 8.18, 8.20, 8.66, 257283, tse]
[2889, 12.5, 11.9, 12.05, 12.40, 21111, tse]
[2890, 17.3, 16.8, 16.80, 17.25, 92742, tse]
[2891, 24.4, 23.0, 23.10, 24.40, 198021, tse]
[2892, 28.1, 27.1, 27.15, 28.10, 71181, tse]
[2897, 10.3, 9.93, 9.93, 10.15, 38240, tse]
[2901, 25.4, 25.0, 25.00, 25.20, 65, tse]
[2903, 24.45, 23.05, 23.25, 24.40, 15689, tse]
[2904, 20.4, 19.9, 20.40, 20.15, 233, tse]
[2905, 15.35, 14.85, 15.00, 15.20, 1989, tse]
[2906, 16.95, 16.05, 16.40, 16.60, 2778, tse]
[2908, 21.15, 20.5, 20.50, 21.10, 1319, tse]
[2910, 30.8, 29.0, 29.20, 30.30, 83, tse]
[2911, 7.22, 7.09, 7.22, 7.11, 685, tse]
[2912, 292.0, 285.0, 285.00, 290.00, 6132, tse]
[2913, 22.65, 21.9, 22.00, 22.30, 19473, tse]
[2915, 56.7, 53.2, 56.30, 56.10, 14252, tse]
[2916, 44.0, 40.8, 41.55, 42.05, 2101, otc]
[2923, 25.9, 22.2, 22.20, 25.15, 622, tse]
[2924, 31.75, 28.6, 31.75, 28.60, 126, otc]
[2926, 64.5, 63.0, 63.00, 63.20, 58, otc]
[2929, 13.1, 12.4, 12.50, 12.70, 1747, tse]
[2937, 33.8, 32.55, 33.25, 33.00, 30, otc]
[2939, 33.9, 31.85, 32.00, 33.50, 150, tse]
[2945, 43.0, 41.4, 41.55, 42.95, 121, tse]
[2947, 93.5, 92.0, 92.50, 92.20, 31, otc]
[3002, 12.85, 11.75, 12.30, 12.70, 2045, tse]
[3003, 83.7, 71.6, 72.60, 78.60, 21438, tse]
[3004, 104.5, 95.0, 96.50, 97.60, 8992, tse]
[3005, 65.2, 60.2, 61.30, 64.70, 38402, tse]
[3006, 84.5, 76.9, 78.10, 80.30, 55174, tse]
[3008, 2280.0, 2090.0, 2,095.00, 2,260.00, 4397, tse]
[3010, 86.1, 82.1, 86.00, 84.80, 3169, tse]
[3011, 30.45, 27.25, 28.00, 28.70, 9994, tse]
[3013, 21.35, 20.1, 20.20, 20.60, 9121, tse]
[3014, 108.0, 98.5, 102.00, 105.50, 13284, tse]
[3015, 49.05, 47.5, 47.90, 48.85, 1201, tse]
[3016, 64.4, 61.0, 62.00, 63.40, 1691, tse]
[3017, 188.5, 168.5, 175.00, 184.00, 79340, tse]
[3019, 65.0, 61.7, 61.70, 64.40, 3676, tse]
[3021, 22.5, 20.9, 21.15, 21.60, 564, tse]
[3022, 98.7, 83.2, 83.90, 92.10, 73107, tse]
[3023, 357.5, 350.0, 351.00, 352.00, 1727, tse]
[3024, 14.35, 13.7, 13.75, 14.10, 2688, tse]
[3025, 36.05, 29.25, 30.05, 35.95, 48620, tse]
[3026, 104.5, 100.5, 102.00, 103.50, 1225, tse]
[3027, 42.6, 40.35, 42.50, 40.60, 12427, tse]
[3028, 34.2, 32.55, 32.70, 33.70, 4265, tse]
[3029, 71.6, 60.0, 61.50, 62.30, 70130, tse]
[3030, 63.9, 62.9, 63.00, 63.60, 1962, tse]
[3031, 18.95, 17.9, 18.10, 18.75, 646, tse]
[3032, 53.9, 45.8, 47.30, 52.80, 28180, tse]
[3033, 30.6, 30.05, 30.30, 30.45, 6176, tse]
[3034, 413.0, 396.0, 407.50, 407.00, 25704, tse]
[3035, 173.0, 161.5, 165.50, 172.00, 36105, tse]
[3036, 66.1, 64.2, 64.50, 66.10, 3577, tse]
[3037, 171.5, 156.0, 158.50, 170.00, 158690, tse]
[3038, 33.3, 28.4, 28.90, 32.55, 31265, tse]
[3040, 31.9, 31.3, 31.35, 31.90, 70, tse]
[3041, 18.8, 17.85, 18.30, 18.45, 3511, tse]
[3042, 87.4, 84.7, 85.40, 86.70, 2524, tse]
[3043, 43.0, 35.55, 37.70, 38.05, 3879, tse]
[3044, 123.5, 107.5, 108.00, 122.00, 12111, tse]
[3045, 105.0, 102.0, 102.50, 104.00, 18544, tse]
[3046, 87.8, 80.4, 82.40, 81.80, 72479, tse]
[3047, 15.35, 14.85, 15.05, 15.05, 6105, tse]
[3048, 27.3, 26.25, 26.50, 26.85, 3471, tse]
[3049, 9.77, 9.37, 9.50, 9.62, 6392, tse]
[3050, 15.75, 15.1, 15.40, 15.50, 2387, tse]
[3051, 17.8, 17.1, 17.30, 17.40, 1977, tse]
[3052, 12.2, 11.65, 11.80, 11.75, 5643, tse]
[3054, 19.05, 18.4, 18.50, 18.95, 119, tse]
[3055, 31.25, 28.65, 28.65, 30.10, 770, tse]
[3056, 48.95, 47.9, 48.80, 48.00, 10547, tse]
[3057, 11.6, 11.45, 11.60, 11.55, 286, tse]
[3058, 28.75, 24.5, 24.85, 28.05, 41557, tse]
[3059, 34.85, 32.8, 33.05, 34.25, 11116, tse]
[3060, 17.15, 16.4, 16.95, 16.90, 1195, tse]
[3062, 22.65, 21.4, 21.40, 22.05, 9154, tse]
[3064, 14.05, 13.3, 13.70, 13.30, 10, otc]
[3066, 22.1, 21.2, 22.10, 21.25, 215, otc]
[3067, 37.3, 37.3, 37.30, 37.30, 1, otc]
[3071, 32.65, 29.7, 30.00, 31.60, 9932, otc]
[3078, 59.8, 52.3, 54.50, 55.90, 87553, otc]
[3081, 104.0, 97.0, 98.00, 102.50, 5779, otc]
[3083, 45.85, 44.1, 45.50, 45.50, 714, otc]
[3085, 22.0, 20.2, 21.05, 21.70, 44, otc]
[3086, 73.2, 70.6, 73.20, 70.60, 12, otc]
[3088, 79.5, 74.1, 75.50, 77.50, 4585, otc]
[3089, 73.7, 69.9, 73.70, 72.90, 223, otc]
[3090, 57.3, 56.1, 56.40, 57.10, 1619, tse]
[3092, 36.4, 33.8, 34.00, 35.35, 1604, tse]
[3093, 36.15, 34.25, 35.40, 35.75, 1408, otc]
[3094, 35.2, 31.9, 32.60, 34.65, 6804, tse]
[3095, 21.5, 19.65, 20.20, 20.25, 50, otc]
[3105, 153.5, 143.5, 153.00, 151.50, 25971, otc]
[3114, 26.65, 26.05, 26.40, 26.45, 295, otc]
[3115, 10.6, 10.2, 10.60, 10.30, 77, otc]
[3118, 31.95, 30.8, 31.95, 31.00, 351, otc]
[3122, 25.25, 23.8, 24.15, 24.70, 625, otc]
[3128, 39.0, 37.25, 37.75, 37.90, 1183, otc]
[3130, 216.0, 209.0, 213.50, 214.00, 97, tse]
[3131, 400.0, 361.5, 373.50, 374.00, 3325, otc]
[3138, 149.5, 143.0, 148.50, 148.00, 817, tse]
[3141, 103.5, 94.0, 98.20, 98.10, 6224, otc]
[3147, 66.9, 62.2, 64.30, 64.00, 1979, otc]
[3149, 14.5, 14.05, 14.50, 14.05, 2805, tse]
[3152, 214.0, 200.0, 204.50, 211.50, 330, otc]
[3162, 55.1, 50.8, 51.20, 52.50, 8955, otc]
[3163, 61.0, 52.1, 53.10, 58.60, 22041, otc]
[3164, 27.3, 24.0, 24.30, 26.95, 819, tse]
[3167, 43.0, 40.5, 40.80, 42.05, 210, tse]
[3169, 121.0, 113.5, 116.50, 117.50, 1473, otc]
[3171, 18.9, 17.55, 17.60, 18.15, 507, otc]
[3176, 33.55, 32.8, 32.95, 32.95, 510, otc]
[3178, 87.9, 74.6, 76.40, 85.60, 4734, otc]
[3188, 15.3, 13.95, 14.10, 14.85, 1629, otc]
[3189, 113.0, 106.0, 109.00, 110.50, 17296, tse]
[3191, 9.35, 8.68, 8.70, 9.13, 730, otc]
[3202, 21.15, 19.5, 19.90, 19.65, 53641, otc]
[3205, 42.9, 40.35, 41.80, 41.90, 1084, otc]
[3206, 36.75, 34.7, 34.90, 35.60, 2304, otc]
[3207, 87.9, 76.5, 76.90, 81.00, 40817, otc]
[3209, 41.85, 40.7, 40.90, 41.45, 4847, tse]
[3211, 77.0, 75.5, 77.00, 76.70, 1081, otc]
[3213, 54.2, 51.6, 52.10, 53.30, 524, otc]
[3217, 110.5, 100.0, 102.00, 106.00, 4120, otc]
[3218, 408.5, 383.5, 391.50, 399.50, 1554, otc]
[3219, 55.1, 51.5, 55.10, 52.10, 55, otc]
[3221, 28.45, 27.75, 27.90, 28.10, 1434, otc]
[3224, 63.5, 50.2, 59.20, 53.50, 26974, otc]
[3226, 60.0, 57.8, 58.50, 58.50, 14, otc]
[3227, 110.0, 103.0, 109.50, 106.50, 2939, otc]
[3228, 174.0, 158.0, 163.00, 169.00, 3465, otc]
[3229, 19.95, 18.9, 19.80, 19.35, 303, tse]
[3230, 15.0, 14.4, 15.00, 14.85, 955, otc]
[3231, 53.2, 47.7, 49.70, 53.20, 432087, tse]
[3232, 29.95, 28.6, 29.55, 28.90, 728, otc]
[3234, 22.6, 21.25, 21.45, 22.25, 1033, otc]
[3236, 28.9, 27.75, 28.45, 28.70, 1797, otc]
[3252, 19.4, 18.3, 18.40, 18.50, 1530, otc]
[3257, 70.0, 60.6, 61.30, 67.50, 2507, tse]
[3259, 18.9, 17.35, 17.35, 18.50, 207, otc]
[3260, 79.1, 71.4, 72.20, 76.50, 18948, otc]
[3264, 54.7, 52.5, 53.10, 54.50, 9876, otc]
[3265, 58.8, 56.8, 57.30, 57.80, 6489, otc]
[3266, 12.9, 12.4, 12.40, 12.90, 414, tse]
[3268, 21.25, 20.75, 21.25, 21.10, 180, otc]
[3272, 43.55, 41.65, 42.50, 42.65, 1069, otc]
[3276, 14.55, 13.85, 14.25, 14.40, 781, otc]
[3284, 16.25, 15.75, 15.90, 15.90, 340, otc]
[3285, 20.25, 19.8, 20.05, 19.95, 129, otc]
[3287, 16.7, 15.4, 15.50, 15.45, 3971, otc]
[3288, 23.45, 21.3, 21.80, 22.20, 54, otc]
[3289, 82.6, 78.8, 81.20, 81.40, 7628, otc]
[3290, 28.95, 27.1, 28.50, 27.80, 5594, otc]
[3293, 567.0, 544.0, 567.00, 547.00, 2729, otc]
[3294, 18.4, 17.7, 17.85, 17.90, 3734, otc]
[3296, 16.95, 15.95, 16.25, 16.65, 1905, tse]
[3297, 17.15, 16.6, 16.70, 16.85, 384, otc]
[3303, 26.8, 26.2, 26.55, 26.70, 670, otc]
[3305, 49.5, 46.5, 47.20, 48.55, 1791, tse]
[3306, 27.65, 24.35, 24.85, 27.30, 2286, otc]
[3308, 43.45, 35.1, 40.50, 36.45, 8438, tse]
[3310, 68.0, 66.2, 66.40, 66.50, 115, otc]
[3311, 34.45, 33.75, 33.75, 34.30, 164, tse]
[3312, 21.5, 20.8, 21.00, 21.25, 1575, tse]
[3313, 10.5, 10.15, 10.25, 10.35, 150, otc]
[3317, 54.1, 49.95, 51.40, 52.80, 1616, otc]
[3321, 6.35, 5.71, 6.25, 6.00, 399, tse]
[3322, 20.05, 18.85, 19.10, 19.60, 3755, otc]
[3323, 33.0, 31.6, 31.90, 32.65, 482, otc]
[3324, 266.0, 230.0, 244.00, 262.50, 42256, otc]
[3325, 20.45, 19.2, 20.30, 19.55, 3885, otc]
[3332, 48.6, 46.6, 46.85, 47.55, 78, otc]
[3338, 46.9, 43.0, 44.30, 46.55, 3238, tse]
[3339, 13.55, 12.95, 13.35, 13.25, 358, otc]
[3346, 41.1, 38.7, 39.40, 40.55, 3890, tse]
[3349, 14.75, 14.1, 14.50, 14.20, 161, otc]
[3354, 14.0, 13.7, 13.90, 13.90, 190, otc]
[3356, 40.5, 38.25, 38.60, 39.75, 4803, tse]
[3357, 105.5, 101.0, 102.00, 102.00, 253, otc]
[3360, 13.6, 13.35, 13.45, 13.55, 599, otc]
[3362, 104.0, 87.5, 89.00, 97.10, 32481, otc]
[3363, 42.9, 33.7, 35.00, 40.75, 186483, otc]
[3372, 12.0, 11.5, 11.75, 11.90, 1063, otc]
[3373, 22.3, 21.6, 22.20, 21.95, 375, otc]
[3374, 101.5, 97.0, 97.90, 99.70, 1991, otc]
[3376, 93.7, 90.4, 91.40, 92.60, 4819, tse]
[3379, 12.55, 12.3, 12.50, 12.45, 164, otc]
[3380, 36.8, 34.0, 34.35, 36.10, 13230, tse]
[3388, 73.9, 73.1, 73.70, 73.60, 213, otc]
[3390, 17.7, 17.15, 17.25, 17.55, 372, otc]
[3402, 50.7, 49.55, 50.20, 50.20, 799, otc]
[3406, 404.5, 378.5, 380.00, 390.00, 13807, tse]
[3413, 190.0, 182.5, 185.50, 187.50, 1529, tse]
[3416, 119.0, 113.0, 116.50, 116.50, 1526, tse]
[3419, 20.4, 19.8, 20.20, 19.80, 5005, tse]
[3426, 40.1, 39.45, 39.95, 39.60, 15, otc]
[3430, 46.8, 45.35, 45.70, 46.35, 415, otc]
[3432, 13.0, 12.45, 13.00, 12.50, 1745, tse]
[3434, 27.95, 26.9, 27.85, 27.65, 339, otc]
[3437, 19.3, 18.25, 18.40, 18.80, 650, tse]
[3438, 63.0, 55.5, 56.80, 61.70, 2016, otc]
[3441, 44.5, 40.05, 40.95, 43.25, 5892, otc]
[3443, 1280.0, 1125.0, 1,155.00, 1,280.00, 27257, tse]
[3444, 67.5, 63.0, 63.50, 67.30, 4053, otc]
[3447, 48.8, 46.65, 47.00, 47.85, 1226, tse]
[3450, 36.95, 35.2, 35.50, 36.60, 878, tse]
[3454, 194.0, 187.5, 191.00, 189.50, 4626, tse]
[3455, 84.6, 80.8, 83.10, 84.30, 1282, otc]
[3465, 92.9, 88.7, 90.80, 89.80, 332, otc]
[3466, 31.5, 29.45, 31.50, 29.95, 2503, otc]
[3479, 127.5, 117.0, 122.50, 125.50, 31659, otc]
[3481, 13.65, 13.0, 13.10, 13.60, 158500, tse]
[3483, 73.5, 69.8, 71.50, 71.80, 8453, otc]
[3484, 45.55, 43.7, 45.00, 43.80, 1918, otc]
[3489, 11.45, 11.05, 11.05, 11.30, 332, otc]
[3490, 25.6, 24.55, 25.00, 25.35, 638, otc]
[3491, 172.5, 160.0, 161.50, 171.50, 6604, otc]
[3492, 20.2, 19.2, 19.20, 19.70, 136, otc]
[3494, 7.1, 6.83, 6.91, 6.98, 809, tse]
[3498, 32.8, 31.1, 32.00, 32.40, 395, otc]
[3499, 20.45, 18.9, 19.55, 20.10, 2449, otc]
[3501, 56.4, 54.0, 54.80, 55.40, 1355, tse]
[3504, 82.8, 74.5, 76.00, 79.90, 7155, tse]
[3508, 32.0, 30.0, 30.40, 31.10, 1231, otc]
[3511, 32.7, 30.8, 31.90, 31.90, 833, otc]
[3512, 32.0, 31.3, 31.60, 31.85, 266, otc]
[3515, 138.0, 130.0, 132.50, 137.50, 2140, tse]
[3516, 17.55, 16.5, 17.40, 17.10, 723, otc]
[3518, 31.6, 28.7, 30.70, 30.15, 3469, tse]
[3520, 20.15, 18.7, 19.65, 18.90, 5024, otc]
[3521, 23.5, 22.4, 22.60, 23.15, 1387, otc]
[3522, 17.55, 16.55, 16.95, 17.25, 1620, otc]
[3523, 17.45, 14.5, 17.45, 15.00, 376, otc]
[3526, 138.5, 132.5, 135.50, 136.00, 288, otc]
[3527, 108.5, 102.0, 104.50, 107.50, 403, otc]
[3528, 60.3, 57.1, 60.30, 59.00, 937, tse]
[3529, 1965.0, 1785.0, 1,805.00, 1,940.00, 2596, otc]
[3530, 80.8, 76.5, 77.50, 80.10, 341, tse]
[3531, 27.1, 26.75, 26.80, 26.90, 65, otc]
[3532, 152.5, 143.5, 146.00, 150.00, 3558, tse]
[3533, 939.0, 888.0, 905.00, 929.00, 2756, tse]
[3535, 19.85, 19.3, 19.55, 19.65, 1043, tse]
[3537, 38.9, 37.7, 37.90, 38.60, 864, otc]
[3540, 47.25, 42.55, 43.50, 44.00, 20910, otc]
[3541, 59.0, 57.8, 58.80, 58.10, 402, otc]
[3543, 21.95, 21.0, 21.75, 21.65, 364, tse]
[3545, 80.8, 73.2, 74.50, 80.10, 16933, tse]
[3546, 90.7, 80.4, 81.60, 88.00, 3993, otc]
[3548, 78.8, 71.3, 77.60, 71.90, 12686, otc]
[3550, 16.0, 15.65, 15.65, 15.75, 462, tse]
[3551, 63.8, 60.6, 61.40, 63.50, 492, otc]
[3552, 149.5, 140.5, 142.50, 146.00, 2248, otc]
[3555, 26.8, 26.0, 26.05, 26.50, 24, otc]
[3556, 66.2, 63.3, 63.50, 65.20, 506, otc]
[3557, 69.9, 67.0, 67.10, 69.00, 895, tse]
[3558, 300.5, 267.5, 275.00, 285.50, 17491, otc]
[3563, 209.5, 189.0, 193.50, 208.00, 1587, tse]
[3564, 34.7, 32.75, 33.15, 34.35, 423, otc]
[3567, 30.2, 29.6, 29.60, 30.05, 249, otc]
[3570, 150.0, 138.5, 144.00, 147.00, 979, otc]
[3576, 20.45, 19.95, 20.00, 20.00, 30989, tse]
[3577, 78.0, 71.1, 76.30, 76.40, 678, otc]
[3580, 54.8, 52.5, 52.50, 54.60, 447, otc]
[3581, 23.4, 22.6, 23.25, 22.70, 131, otc]
[3583, 104.0, 87.4, 87.50, 99.90, 11120, tse]
[3587, 187.0, 175.5, 180.00, 184.00, 2440, otc]
[3588, 55.3, 52.4, 54.50, 53.40, 1309, tse]
[3591, 24.65, 22.15, 23.20, 24.10, 13195, tse]
[3592, 344.0, 329.5, 330.00, 337.00, 2937, tse]
[3593, 13.2, 12.45, 13.10, 13.05, 148, tse]
[3594, 52.3, 47.4, 47.80, 49.90, 12212, otc]
[3596, 114.0, 109.5, 112.50, 112.50, 13006, tse]
[3597, 26.15, 25.3, 25.95, 25.85, 70, otc]
[3605, 29.25, 27.9, 28.45, 28.90, 831, tse]
[3607, 15.75, 13.95, 13.95, 14.95, 6005, tse]
[3609, 49.8, 46.05, 46.80, 47.75, 335, otc]
[3611, 242.0, 232.0, 242.00, 236.50, 504, otc]
[3615, 20.5, 17.85, 18.00, 19.80, 2934, otc]
[3617, 179.0, 131.5, 132.50, 176.50, 21624, tse]
[3622, 32.0, 30.5, 31.00, 31.40, 1114, tse]
[3623, 16.8, 15.5, 15.50, 16.55, 261, otc]
[3624, 66.4, 62.5, 62.80, 62.70, 9827, otc]
[3625, 14.5, 13.9, 13.95, 14.20, 2072, otc]
[3628, 53.3, 47.3, 48.30, 52.40, 1743, otc]
[3629, 91.7, 69.1, 91.70, 77.10, 389, otc]
[3630, 31.1, 27.9, 28.20, 29.85, 2965, otc]
[3631, 32.3, 30.1, 31.45, 30.90, 50, otc]
[3632, 15.95, 15.1, 15.40, 15.95, 313, otc]
[3645, 34.25, 32.65, 32.85, 34.10, 710, tse]
[3646, 30.5, 29.7, 30.50, 30.20, 973, otc]
[3652, 31.55, 27.7, 28.60, 30.15, 4864, tse]
[3653, 536.0, 458.0, 464.50, 532.00, 7625, tse]
[3661, 1580.0, 1320.0, 1,345.00, 1,565.00, 24629, tse]
[3663, 32.4, 30.5, 31.90, 31.15, 1607, otc]
[3664, 39.55, 35.65, 37.35, 38.20, 1784, otc]
[3665, 264.0, 252.5, 258.00, 261.00, 2910, tse]
[3666, 23.65, 22.05, 22.65, 22.70, 1031, otc]
[3669, 42.85, 41.1, 41.20, 41.40, 233, tse]
[3672, 28.35, 26.8, 27.50, 27.10, 157, otc]
[3673, 41.4, 37.8, 38.30, 40.30, 33025, tse]
[3675, 335.5, 298.0, 300.00, 318.50, 11986, otc]
[3679, 93.5, 91.5, 91.70, 92.50, 269, tse]
[3680, 381.5, 330.5, 338.00, 372.00, 16415, otc]
[3682, 6.79, 6.55, 6.60, 6.77, 10650, tse]
[3684, 61.9, 59.0, 59.50, 61.20, 120, otc]
[3685, 20.75, 20.15, 20.45, 20.30, 287, otc]
[3686, 15.35, 14.8, 15.05, 15.00, 863, tse]
[3687, 88.8, 82.4, 87.60, 83.00, 982, otc]
[3689, 39.95, 38.85, 39.10, 39.50, 1828, otc]
[3691, 102.0, 99.8, 100.50, 101.00, 990, otc]
[3693, 204.0, 174.0, 180.00, 195.50, 22223, otc]
[3694, 27.85, 24.5, 24.90, 26.60, 8592, tse]
[3701, 65.7, 56.3, 58.10, 63.00, 17843, tse]
[3702, 52.6, 49.4, 49.55, 52.50, 22996, tse]
[3703, 31.1, 30.2, 30.40, 30.70, 8136, tse]
[3704, 44.3, 40.2, 41.10, 41.90, 47881, tse]
[3705, 45.45, 44.45, 44.95, 45.30, 1968, tse]
[3706, 30.8, 27.8, 27.85, 30.20, 45702, tse]
[3707, 78.3, 73.4, 74.70, 78.00, 8122, otc]
[3708, 97.1, 93.3, 95.50, 95.20, 2383, tse]
[3709, 21.9, 21.0, 21.05, 21.65, 248, otc]
[3710, 11.7, 11.25, 11.30, 11.40, 4332, otc]
[3711, 110.0, 102.5, 102.50, 109.00, 67650, tse]
[3712, 38.0, 35.5, 38.00, 36.05, 12743, tse]
[3713, 28.15, 25.9, 27.05, 26.20, 291, otc]
[3714, 48.8, 46.1, 46.80, 48.60, 8893, tse]
[3715, 28.1, 26.0, 26.00, 26.55, 108632, tse]
[4102, 31.2, 28.95, 29.55, 31.20, 3472, otc]
[4104, 94.2, 90.4, 92.30, 91.50, 3018, tse]
[4105, 75.9, 74.6, 75.00, 75.40, 1798, otc]
[4106, 31.85, 29.55, 30.00, 31.15, 2097, tse]
[4107, 114.5, 112.5, 113.50, 113.50, 406, otc]
[4108, 21.3, 20.5, 21.15, 20.75, 2574, tse]
[4109, 15.75, 14.95, 15.50, 15.15, 2135, otc]
[4111, 29.5, 28.5, 29.50, 28.55, 2924, otc]
[4113, 16.35, 16.05, 16.35, 16.15, 1065, otc]
[4114, 45.15, 43.8, 44.85, 44.20, 13975, otc]
[4116, 61.3, 58.4, 59.70, 58.70, 853, otc]
[4119, 123.5, 114.0, 123.50, 115.50, 4040, tse]
[4120, 39.95, 36.35, 36.70, 38.50, 1334, otc]
[4121, 30.7, 28.0, 29.85, 28.00, 11113, otc]
[4123, 51.5, 47.45, 49.15, 49.70, 25101, otc]
[4126, 87.2, 83.0, 85.50, 86.50, 1666, otc]
[4127, 15.6, 14.6, 15.30, 15.05, 1521, otc]
[4128, 61.7, 59.0, 59.80, 59.20, 10573, otc]
[4129, 63.5, 58.8, 61.10, 61.40, 6798, otc]
[4130, 30.4, 27.1, 27.85, 29.70, 6622, otc]
[4131, 30.3, 28.5, 29.40, 29.45, 115, otc]
[4133, 35.55, 34.5, 34.80, 35.20, 629, tse]
[4137, 248.5, 223.0, 243.00, 223.50, 3712, tse]
[4138, 112.0, 101.0, 106.50, 105.00, 8603, otc]
[4139, 37.7, 37.2, 37.50, 37.60, 129, otc]
[4142, 37.7, 36.65, 37.45, 37.30, 3875, tse]
[4147, 115.0, 101.0, 104.00, 107.00, 32356, otc]
[4148, 60.2, 55.8, 58.00, 56.80, 1422, tse]
[4153, 46.0, 42.8, 44.60, 43.75, 1878, otc]
[4154, 30.85, 28.7, 30.60, 29.95, 13, otc]
[4155, 36.2, 34.3, 34.50, 35.95, 5796, tse]
[4157, 15.35, 14.85, 15.05, 14.90, 3427, otc]
[4160, 49.3, 44.6, 47.60, 45.10, 1895, otc]
[4161, 36.0, 33.3, 34.85, 34.55, 2424, otc]
[4162, 96.4, 91.8, 95.00, 93.40, 6683, otc]
[4163, 141.5, 126.5, 136.50, 129.00, 7117, otc]
[4164, 69.5, 65.5, 68.10, 67.10, 5945, tse]
[4167, 17.55, 16.75, 17.00, 17.15, 5251, otc]
[4168, 31.3, 29.7, 30.90, 29.85, 3563, otc]
[4171, 52.8, 50.8, 52.50, 52.20, 742, otc]
[4173, 24.2, 21.9, 22.10, 24.20, 10798, otc]
[4174, 84.7, 81.4, 83.20, 83.00, 1526, otc]
[4175, 130.5, 115.0, 124.50, 115.00, 7320, otc]
[4183, 20.05, 19.15, 19.35, 20.05, 158, otc]
[4188, 16.5, 15.85, 16.10, 16.20, 71, otc]
[4190, 84.0, 80.5, 83.00, 81.30, 2046, tse]
[4192, 18.25, 18.05, 18.10, 18.15, 180, otc]
[4198, 25.2, 24.3, 25.00, 24.90, 13, otc]
[4205, 106.0, 104.5, 104.50, 105.00, 38, otc]
[4207, 15.15, 14.75, 14.85, 14.95, 1614, otc]
[4303, 20.15, 18.75, 18.95, 19.60, 3648, otc]
[4304, 9.7, 9.5, 9.70, 9.51, 142, otc]
[4305, 32.25, 31.6, 31.60, 32.25, 19, otc]
[4306, 16.75, 16.3, 16.65, 16.55, 5153, tse]
[4401, 27.8, 26.8, 27.30, 27.00, 60, otc]
[4402, 10.35, 7.56, 9.97, 7.56, 2939, otc]
[4406, 10.35, 10.0, 10.05, 10.15, 95, otc]
[4413, 15.0, 14.6, 14.85, 14.95, 40, otc]
[4416, 87.0, 85.7, 86.00, 86.00, 31, otc]
[4417, 43.95, 42.55, 43.20, 43.15, 1112, otc]
[4419, 28.6, 26.5, 28.60, 26.50, 310, otc]
[4420, 30.6, 29.6, 29.90, 29.90, 16, otc]
[4426, 22.55, 21.25, 21.55, 21.85, 1238, tse]
[4430, 23.45, 22.5, 23.05, 22.80, 87, otc]
[4432, 23.5, 22.0, 22.00, 23.00, 1221, otc]
[4433, 35.2, 34.1, 34.15, 34.25, 329, otc]
[4438, 119.5, 116.0, 117.00, 117.00, 467, tse]
[4439, 129.5, 121.0, 121.50, 128.00, 423, tse]
[4440, 33.15, 32.2, 32.50, 32.95, 532, tse]
[4502, 37.0, 36.8, 36.80, 36.95, 107, otc]
[4503, 64.2, 58.4, 59.60, 62.70, 13345, otc]
[4506, 76.0, 75.3, 75.40, 75.90, 213, otc]
[4510, 14.05, 13.05, 13.75, 13.45, 2264, otc]
[4513, 21.05, 20.15, 20.65, 20.15, 1023, otc]
[4523, 41.95, 33.4, 33.80, 39.20, 846, otc]
[4526, 16.7, 16.1, 16.25, 16.45, 1183, tse]
[4527, 32.85, 31.75, 31.90, 32.65, 471, otc]
[4528, 34.9, 34.35, 34.90, 34.40, 136, otc]
[4529, 10.3, 9.91, 10.10, 10.00, 487, otc]
[4530, 7.11, 6.86, 7.04, 6.91, 77, otc]
[4532, 18.4, 17.65, 17.70, 18.25, 2618, tse]
[4533, 13.8, 12.95, 13.00, 12.95, 15388, otc]
[4534, 9.74, 9.35, 9.50, 9.72, 877, otc]
[4535, 40.1, 39.4, 39.75, 40.10, 11, otc]
[4536, 202.0, 194.5, 199.00, 196.50, 2293, tse]
[4538, 21.45, 20.15, 20.20, 20.50, 159, otc]
[4540, 41.5, 39.8, 40.40, 41.15, 205, tse]
[4541, 43.8, 40.85, 42.60, 41.95, 20831, otc]
[4542, 27.2, 25.7, 26.50, 25.90, 111, otc]
[4543, 29.85, 26.65, 27.00, 29.85, 4379, otc]
[4545, 30.25, 29.3, 29.45, 29.55, 345, tse]
[4549, 99.9, 94.5, 96.50, 98.40, 846, otc]
[4550, 28.5, 27.55, 28.40, 27.65, 1375, otc]
[4551, 133.5, 128.5, 129.50, 130.50, 1868, tse]
[4552, 34.05, 32.75, 33.90, 33.50, 1908, tse]
[4554, 30.7, 28.2, 28.80, 29.50, 324, otc]
[4555, 51.6, 47.9, 48.30, 50.80, 522, tse]
[4556, 30.5, 29.6, 30.10, 30.00, 106, otc]
[4557, 117.5, 113.0, 115.00, 115.50, 336, tse]
[4558, 29.9, 28.5, 29.60, 28.55, 80, otc]
[4560, 40.0, 39.15, 39.60, 39.55, 312, tse]
[4561, 24.7, 23.15, 23.15, 23.50, 247, otc]
[4562, 17.65, 16.5, 16.95, 17.10, 827, tse]
[4563, 39.3, 37.9, 38.20, 39.20, 201, otc]
[4564, 23.6, 22.7, 22.95, 23.20, 2741, tse]
[4566, 56.5, 53.7, 56.50, 54.10, 6570, tse]
[4568, 59.5, 55.0, 55.00, 57.80, 27, otc]
[4571, 80.8, 77.7, 80.10, 78.40, 192, tse]
[4572, 170.5, 156.0, 163.00, 160.50, 5889, tse]
[4576, 79.0, 73.7, 73.90, 76.10, 219, tse]
[4577, 30.9, 30.25, 30.25, 30.85, 585, otc]
[4580, 95.1, 93.5, 94.90, 94.00, 236, otc]
[4581, 69.4, 58.3, 58.30, 65.70, 7740, tse]
[4583, 206.0, 193.5, 197.00, 198.50, 171, tse]
[4584, 49.5, 47.05, 49.50, 48.35, 108, otc]
[4609, 8.15, 7.68, 8.15, 8.02, 39, otc]
[4702, 14.35, 13.1, 13.65, 13.85, 805, otc]
[4706, 17.45, 17.2, 17.40, 17.30, 213, otc]
[4707, 12.85, 12.7, 12.75, 12.80, 1366, otc]
[4711, 18.15, 16.35, 16.60, 17.15, 1889, otc]
[4712, 4.08, 4.0, 4.08, 4.08, 82, otc]
[4714, 12.35, 12.0, 12.00, 12.15, 1261, otc]
[4716, 13.25, 12.5, 12.60, 12.90, 1034, otc]
[4720, 15.15, 14.4, 14.50, 15.00, 1004, tse]
[4721, 97.0, 92.5, 93.30, 95.00, 2230, otc]
[4722, 37.1, 35.6, 35.60, 36.50, 376, tse]
[4726, 38.6, 37.6, 38.10, 37.80, 1394, otc]
[4728, 252.5, 218.5, 242.00, 238.00, 4250, otc]
[4729, 18.35, 17.2, 18.10, 17.85, 1271, otc]
[4735, 38.0, 37.5, 37.50, 37.70, 111, otc]
[4736, 182.0, 178.5, 179.50, 179.50, 1002, otc]
[4737, 79.5, 74.1, 74.80, 78.90, 412, tse]
[4739, 91.5, 85.4, 86.60, 88.70, 2437, tse]
[4741, 36.5, 31.35, 33.30, 33.30, 3261, otc]
[4743, 233.0, 217.5, 223.50, 223.50, 17308, otc]
[4744, 45.6, 41.2, 41.70, 42.65, 30672, otc]
[4745, 28.65, 28.05, 28.10, 28.20, 112, otc]
[4746, 93.0, 84.5, 88.10, 85.30, 24239, tse]
[4747, 59.4, 54.5, 56.40, 58.00, 1844, otc]
[4754, 40.95, 40.5, 40.95, 40.90, 69, otc]
[4755, 136.5, 126.5, 129.00, 133.00, 2443, tse]
[4760, 80.0, 76.5, 80.00, 76.50, 325, otc]
[4763, 585.0, 517.0, 538.00, 578.00, 33927, tse]
[4764, 51.3, 48.15, 49.25, 50.80, 245, tse]
[4766, 183.0, 157.5, 158.50, 177.00, 3066, tse]
[4767, 27.85, 27.1, 27.25, 27.30, 111, otc]
[4768, 193.0, 173.5, 174.00, 185.00, 5636, otc]
[4770, 295.0, 271.5, 276.00, 289.50, 2110, tse]
[4804, 6.3, 4.45, 6.08, 4.66, 1839, otc]
[4807, 20.5, 19.8, 20.15, 20.00, 201, tse]
[4903, 20.4, 19.9, 20.10, 20.25, 461, otc]
[4904, 79.1, 77.0, 77.70, 78.90, 20960, tse]
[4905, 51.2, 50.6, 50.60, 51.00, 91, otc]
[4906, 30.5, 29.3, 29.90, 30.05, 18883, tse]
[4907, 36.0, 35.45, 35.60, 35.80, 143, otc]
[4908, 40.15, 36.05, 37.00, 39.70, 13460, otc]
[4909, 19.95, 18.85, 19.80, 19.55, 1818, otc]
[4911, 76.8, 69.6, 70.90, 73.70, 1207, otc]
[4912, 72.7, 68.7, 70.00, 72.00, 307, tse]
[4915, 63.2, 61.2, 62.00, 62.70, 12217, tse]
[4916, 34.8, 31.55, 32.35, 33.40, 12860, tse]
[4919, 130.0, 121.0, 124.00, 126.00, 30642, tse]
[4923, 51.0, 47.95, 47.95, 49.80, 495, otc]
[4924, 12.75, 12.55, 12.75, 12.75, 183, otc]
[4927, 61.0, 55.4, 55.50, 59.60, 7220, tse]
[4930, 25.85, 24.95, 25.35, 25.50, 462, tse]
[4931, 49.8, 44.7, 45.10, 47.15, 23831, otc]
[4933, 34.7, 33.8, 34.50, 34.60, 196, otc]
[4934, 29.9, 29.15, 29.25, 29.20, 2956, tse]
[4935, 57.2, 54.4, 54.90, 55.60, 636, tse]
[4938, 73.4, 69.4, 69.60, 73.20, 29875, tse]
[4939, 17.4, 16.8, 17.40, 17.00, 736, otc]
[4942, 38.95, 37.95, 38.10, 38.85, 556, tse]
[4943, 16.0, 13.45, 13.45, 14.30, 1135, tse]
[4944, 9.95, 8.7, 9.56, 9.18, 182, otc]
[4945, 52.5, 49.0, 49.50, 51.80, 109, otc]
[4946, 26.1, 24.0, 24.15, 25.10, 114, otc]
[4950, 20.1, 19.15, 19.70, 19.75, 21939, otc]
[4951, 71.7, 67.4, 67.80, 70.10, 1211, otc]
[4952, 55.5, 53.1, 53.60, 55.30, 688, tse]
[4953, 124.0, 115.5, 120.50, 116.50, 7651, otc]
[4956, 16.2, 15.35, 15.55, 15.85, 575, tse]
[4958, 113.0, 104.0, 104.50, 113.00, 17438, tse]
[4960, 11.65, 11.05, 11.20, 11.50, 6391, tse]
[4961, 156.0, 145.0, 154.00, 152.50, 14364, tse]
[4966, 970.0, 896.0, 920.00, 940.00, 4346, otc]
[4967, 61.8, 55.9, 57.90, 58.60, 53449, tse]
[4968, 176.0, 160.5, 170.50, 169.00, 32225, tse]
[4971, 56.8, 53.9, 55.50, 56.00, 583, otc]
[4972, 29.5, 29.0, 29.05, 29.10, 153, otc]
[4973, 27.1, 24.7, 25.20, 26.50, 3814, otc]
[4974, 68.7, 66.9, 67.70, 68.00, 639, otc]
[4976, 45.45, 41.6, 42.50, 43.90, 4558, tse]
[4977, 105.0, 99.5, 100.00, 103.00, 9734, tse]
[4979, 47.85, 43.1, 44.50, 46.70, 30852, otc]
[4987, 63.7, 62.1, 62.60, 62.90, 200, otc]
[4989, 26.4, 25.45, 25.70, 25.95, 430, tse]
[4991, 28.8, 27.4, 28.55, 28.65, 182, otc]
[4994, 51.4, 47.5, 48.60, 48.25, 1086, tse]
[4995, 50.4, 48.2, 49.20, 49.90, 540, otc]
[4999, 37.8, 37.2, 37.30, 37.45, 160, tse]
[5007, 53.8, 52.1, 52.40, 53.30, 1335, tse]
[5009, 57.6, 51.4, 55.10, 51.70, 106817, otc]
[5011, 27.3, 26.5, 26.90, 26.55, 1572, otc]
[5013, 33.95, 33.2, 33.35, 33.95, 25, otc]
[5014, 16.0, 15.5, 15.60, 15.90, 1007, otc]
[5015, 52.3, 50.2, 50.20, 51.70, 450, otc]
[5016, 29.95, 29.2, 29.20, 29.70, 30, otc]
[5201, 32.0, 27.75, 28.45, 30.10, 1777, otc]
[5202, 15.8, 14.9, 15.10, 15.40, 722, otc]
[5203, 96.0, 91.7, 93.20, 92.10, 1515, tse]
[5205, 38.3, 36.05, 37.95, 38.30, 10, otc]
[5206, 21.75, 20.75, 21.20, 21.75, 1686, otc]
[5209, 201.0, 183.0, 201.00, 184.00, 4638, otc]
[5210, 16.45, 15.65, 16.30, 16.05, 700, otc]
[5211, 31.75, 28.35, 28.60, 30.20, 7084, otc]
[5212, 49.0, 47.2, 48.00, 47.25, 102, otc]
[5213, 27.15, 26.1, 26.50, 26.90, 1036, otc]
[5215, 47.5, 46.5, 46.75, 46.85, 171, tse]
[5220, 30.75, 29.85, 29.85, 30.15, 77, otc]
[5222, 201.0, 187.0, 193.00, 193.50, 10463, tse]
[5223, 40.1, 38.5, 39.20, 39.00, 127, otc]
[5225, 51.3, 41.5, 42.80, 50.10, 32825, tse]
[5227, 80.8, 72.9, 77.30, 73.30, 11303, otc]
[5228, 21.45, 21.3, 21.45, 21.35, 80, otc]
[5230, 21.6, 20.85, 21.55, 21.45, 587, otc]
[5234, 105.5, 91.4, 91.70, 97.80, 8877, tse]
[5236, 93.7, 86.9, 88.00, 90.70, 638, otc]
[5243, 77.8, 64.7, 66.30, 77.80, 47266, tse]
[5244, 31.15, 30.0, 31.00, 30.70, 315, tse]
[5245, 50.6, 48.6, 49.80, 48.60, 1367, otc]
[5251, 22.6, 19.8, 20.30, 20.75, 3242, otc]
[5258, 92.3, 84.8, 88.80, 88.80, 71221, tse]
[5263, 119.0, 111.5, 115.50, 115.00, 1327, otc]
[5269, 1245.0, 1150.0, 1,160.00, 1,230.00, 6313, tse]
[5272, 27.75, 26.5, 27.00, 27.30, 435, otc]
[5274, 2920.0, 2635.0, 2,695.00, 2,910.00, 1890, otc]
[5276, 14.3, 13.2, 13.25, 14.30, 40, otc]
[5278, 189.5, 182.5, 186.50, 182.50, 112, otc]
[5281, 16.2, 15.9, 16.20, 15.95, 58, otc]
[5283, 109.5, 106.0, 107.00, 108.00, 276, tse]
[5284, 160.5, 147.0, 148.50, 150.50, 55484, tse]
[5285, 73.6, 70.8, 72.80, 72.80, 2613, tse]
[5287, 213.5, 208.0, 208.50, 211.50, 148, otc]
[5288, 204.0, 181.0, 185.00, 195.50, 1447, tse]
[5289, 312.5, 287.0, 287.00, 307.50, 8410, otc]
[5291, 32.15, 31.75, 32.00, 31.90, 200, otc]
[5299, 134.0, 125.5, 126.00, 129.50, 799, otc]
[5301, 13.4, 12.1, 12.10, 12.95, 1409, otc]
[5302, 9.77, 9.2, 9.39, 9.60, 887, otc]
[5306, 145.5, 142.5, 143.50, 143.50, 640, tse]
[5309, 44.1, 41.65, 41.85, 42.75, 10312, otc]
[5310, 29.8, 24.9, 25.00, 27.50, 1117, otc]
[5312, 77.6, 71.3, 71.40, 76.00, 2720, otc]
[5314, 23.25, 22.0, 22.00, 22.90, 181, otc]
[5315, 21.45, 20.8, 21.20, 21.25, 2400, otc]
[5321, 114.0, 104.0, 110.50, 104.00, 8244, otc]
[5324, 11.8, 9.14, 9.14, 11.80, 21526, otc]
[5328, 14.8, 13.05, 13.15, 14.65, 9824, otc]
[5340, 51.3, 41.5, 42.00, 49.40, 8995, otc]
[5344, 16.35, 15.5, 15.70, 16.20, 258, otc]
[5345, 5.11, 4.8, 5.10, 5.00, 21, otc]
[5347, 91.8, 89.0, 89.50, 89.80, 17590, otc]
[5348, 11.2, 10.0, 10.30, 10.30, 534, otc]
[5351, 43.4, 40.0, 40.70, 41.70, 21880, otc]
[5353, 46.3, 41.5, 41.65, 44.05, 7283, otc]
[5355, 8.31, 7.91, 7.91, 8.00, 987, otc]
[5356, 28.7, 27.2, 27.70, 27.20, 4386, otc]
[5364, 27.3, 24.5, 24.60, 26.10, 709, otc]
[5371, 75.8, 72.2, 72.70, 73.50, 9888, otc]
[5381, 18.75, 16.8, 17.90, 17.05, 4598, otc]
[5383, 30.0, 26.55, 29.35, 29.75, 230, otc]
[5386, 37.6, 35.75, 37.10, 36.90, 386, otc]
[5388, 88.6, 83.8, 84.40, 88.50, 15742, tse]
[5392, 21.6, 20.4, 20.65, 21.05, 704, otc]
[5398, 16.0, 15.6, 16.00, 15.65, 98, otc]
[5403, 111.0, 97.4, 100.50, 100.50, 5277, otc]
[5410, 35.85, 34.05, 34.95, 35.15, 2389, otc]
[5425, 94.5, 89.7, 91.00, 91.90, 25096, otc]
[5426, 11.9, 11.45, 11.65, 11.75, 741, otc]
[5432, 32.8, 29.85, 32.05, 30.20, 1017, otc]
[5434, 191.0, 185.0, 186.00, 190.50, 1470, tse]
[5438, 20.4, 19.5, 20.05, 20.30, 188, otc]
[5439, 76.5, 71.2, 72.40, 75.10, 16922, otc]
[5443, 28.35, 27.8, 27.90, 28.20, 555, otc]
[5450, 20.8, 20.0, 20.80, 20.20, 392, otc]
[5452, 21.2, 19.75, 19.85, 20.80, 2682, otc]
[5455, 28.3, 28.0, 28.00, 28.30, 6, otc]
[5457, 51.4, 48.7, 49.40, 50.40, 1712, otc]
[5460, 11.6, 11.2, 11.30, 11.20, 327, otc]
[5464, 31.3, 28.0, 29.80, 29.75, 12527, otc]
[5465, 36.7, 33.55, 34.75, 35.35, 10978, otc]
[5468, 16.9, 15.9, 16.00, 16.50, 111, otc]
[5469, 40.25, 38.7, 39.10, 39.80, 11257, tse]
[5471, 50.6, 48.8, 49.20, 50.00, 1001, tse]
[5474, 84.1, 80.5, 83.90, 83.30, 235, otc]
[5475, 15.7, 14.7, 15.00, 15.00, 2243, otc]
[5478, 98.9, 93.0, 98.90, 94.70, 2112, otc]
[5481, 13.25, 12.9, 12.95, 13.15, 210, otc]
[5483, 153.5, 147.0, 147.00, 151.00, 16549, otc]
[5484, 20.15, 18.8, 19.55, 19.00, 849, tse]
[5487, 29.4, 25.6, 26.50, 27.85, 710, otc]
[5488, 12.1, 11.5, 12.00, 11.55, 1555, otc]
[5489, 40.45, 39.1, 40.45, 39.30, 322, otc]
[5490, 26.5, 23.95, 24.55, 25.35, 993, otc]
[5493, 54.5, 51.0, 51.30, 53.70, 113, otc]
[5498, 12.6, 11.85, 12.05, 11.85, 12298, otc]
[5508, 65.4, 64.5, 64.60, 65.20, 335, otc]
[5511, 54.5, 48.65, 50.90, 52.90, 19580, otc]
[5512, 9.9, 9.35, 9.42, 9.74, 6216, otc]
[5514, 20.4, 19.5, 20.20, 20.35, 130, otc]
[5515, 14.05, 13.25, 13.25, 13.85, 3187, tse]
[5516, 29.25, 26.3, 26.85, 28.05, 571, otc]
[5519, 24.4, 24.0, 24.15, 24.40, 1429, tse]
[5520, 59.5, 58.3, 58.60, 58.90, 45, otc]
[5521, 7.82, 7.33, 7.63, 7.67, 4813, tse]
[5522, 61.5, 59.8, 60.00, 61.10, 2542, tse]
[5523, 26.0, 25.0, 25.00, 25.70, 184, otc]
[5525, 27.25, 26.4, 26.40, 27.00, 425, tse]
[5529, 12.4, 11.95, 12.00, 12.10, 353, otc]
[5530, 38.45, 37.25, 37.50, 37.95, 1430, otc]
[5531, 11.65, 10.15, 10.30, 10.85, 26157, tse]
[5533, 19.75, 19.0, 19.10, 19.60, 2750, tse]
[5534, 79.9, 77.8, 78.90, 79.60, 2354, tse]
[5536, 152.0, 139.5, 139.50, 148.50, 4306, otc]
[5538, 41.6, 39.7, 39.70, 41.25, 186, tse]
[5543, 47.1, 45.35, 47.05, 45.40, 251, otc]
[5546, 40.75, 39.5, 40.50, 40.20, 318, tse]
[5601, 43.25, 40.2, 42.00, 42.15, 162, otc]
[5603, 20.9, 20.3, 20.45, 20.60, 396, otc]
[5604, 49.8, 49.0, 49.50, 49.40, 83, otc]
[5607, 71.9, 67.0, 68.00, 67.80, 3753, tse]
[5608, 23.95, 23.15, 23.50, 23.50, 6446, tse]
[5609, 85.0, 83.6, 83.80, 84.10, 973, otc]
[5701, 8.2, 7.6, 7.72, 7.98, 573, otc]
[5703, 22.8, 20.8, 20.80, 22.80, 585, otc]
[5704, 60.5, 53.0, 53.40, 57.50, 2553, otc]
[5706, 72.9, 62.5, 63.10, 70.20, 63143, tse]
[5864, 18.65, 17.35, 18.10, 18.50, 5533, otc]
[5871, 222.5, 206.0, 221.00, 216.00, 30771, tse]
[5876, 47.45, 45.8, 45.80, 47.30, 23289, tse]
[5878, 49.35, 48.75, 48.80, 49.10, 32, otc]
[5880, 28.2, 27.05, 27.15, 28.20, 60826, tse]
[5902, 44.75, 39.2, 39.20, 42.60, 1082, otc]
[5903, 215.0, 210.0, 210.50, 214.00, 111, otc]
[5904, 570.0, 548.0, 563.00, 552.00, 1117, otc]
[5905, 12.75, 12.05, 12.05, 12.35, 11765, otc]
[5906, 66.8, 53.9, 55.20, 60.40, 3571, tse]
[5907, 16.65, 14.8, 14.90, 16.10, 4704, tse]
[6005, 13.7, 12.95, 13.20, 13.50, 51524, tse]
[6015, 9.98, 9.4, 9.42, 9.89, 2824, otc]
[6016, 11.2, 10.5, 10.60, 11.10, 4771, otc]
[6020, 18.8, 18.45, 18.60, 18.70, 33, otc]
[6021, 16.8, 15.9, 16.70, 15.90, 122, otc]
[6023, 52.9, 52.1, 52.10, 52.60, 570, otc]
[6024, 44.35, 43.25, 43.25, 44.15, 1429, tse]
[6026, 12.15, 11.55, 11.55, 12.05, 8182, otc]
[6101, 38.65, 33.5, 36.25, 36.70, 3953, otc]
[6103, 30.5, 28.0, 28.00, 30.50, 4, otc]
[6104, 111.5, 103.5, 106.00, 108.00, 6028, otc]
[6108, 17.6, 17.25, 17.40, 17.40, 432, tse]
[6109, 16.75, 15.9, 16.40, 15.95, 2087, otc]
[6111, 88.6, 84.0, 86.20, 85.30, 6668, otc]
[6112, 74.3, 60.5, 62.60, 69.40, 105595, tse]
[6113, 16.5, 15.8, 16.50, 16.10, 889, otc]
[6114, 23.9, 23.05, 23.25, 23.20, 252, otc]
[6115, 46.0, 45.0, 45.40, 45.85, 590, tse]
[6116, 12.3, 11.8, 11.85, 12.15, 19279, tse]
[6117, 14.65, 14.35, 14.60, 14.55, 330, tse]
[6118, 34.55, 31.55, 31.90, 32.75, 4940, otc]
[6120, 10.6, 9.96, 10.00, 10.30, 4094, tse]
[6121, 312.5, 305.0, 309.00, 307.50, 2962, otc]
[6122, 37.8, 33.7, 37.45, 35.35, 93449, otc]
[6123, 71.0, 67.8, 68.50, 69.80, 663, otc]
[6124, 28.3, 26.75, 27.05, 27.65, 396, otc]
[6125, 30.15, 28.1, 28.60, 29.50, 16345, otc]
[6126, 25.65, 24.1, 25.65, 24.20, 3718, otc]
[6127, 23.65, 22.0, 22.25, 22.60, 2807, otc]
[6128, 34.95, 33.3, 33.50, 34.00, 2019, tse]
[6129, 33.25, 31.9, 33.10, 32.65, 5095, otc]
[6130, 32.9, 30.3, 32.00, 30.90, 175, otc]
[6133, 19.2, 18.25, 18.70, 18.55, 3696, tse]
[6134, 23.1, 22.25, 22.50, 22.75, 1275, otc]
[6136, 19.7, 19.25, 19.35, 19.70, 939, tse]
[6138, 152.0, 141.5, 148.50, 149.00, 6457, otc]
[6139, 65.4, 56.1, 58.00, 63.90, 46248, tse]
[6140, 21.9, 20.15, 20.40, 20.40, 2559, otc]
[6141, 17.9, 17.3, 17.90, 17.60, 331, tse]
[6142, 12.85, 12.35, 12.55, 12.80, 6658, tse]
[6143, 91.2, 86.4, 88.10, 86.70, 4681, otc]
[6144, 15.75, 14.4, 14.40, 15.65, 167, otc]
[6146, 256.5, 240.5, 245.50, 241.00, 1986, otc]
[6147, 66.0, 64.1, 64.80, 65.40, 11133, otc]
[6148, 41.65, 35.6, 37.60, 38.95, 10715, otc]
[6150, 73.0, 67.3, 68.10, 70.80, 1749, otc]
[6151, 29.55, 29.0, 29.20, 29.30, 399, otc]
[6152, 10.85, 10.1, 10.75, 10.40, 2838, tse]
[6153, 23.45, 22.8, 23.00, 23.15, 4819, tse]
[6154, 16.8, 16.35, 16.40, 16.70, 116, otc]
[6155, 25.85, 24.75, 25.30, 25.60, 667, tse]
[6156, 19.75, 19.3, 19.50, 19.35, 1481, otc]
[6158, 25.9, 25.1, 25.90, 25.30, 134, otc]
[6160, 36.8, 30.8, 31.40, 34.15, 65398, otc]
[6161, 32.4, 31.4, 32.15, 31.90, 1465, otc]
[6163, 24.55, 22.85, 23.75, 23.60, 17045, otc]
[6164, 12.05, 11.4, 11.40, 11.50, 2141, tse]
[6165, 32.75, 29.6, 29.65, 32.20, 3379, tse]
[6166, 62.2, 58.6, 59.10, 61.30, 802, tse]
[6167, 17.05, 15.8, 16.30, 16.40, 13104, otc]
[6168, 23.9, 22.6, 23.25, 23.50, 3424, tse]
[6169, 22.2, 20.15, 21.55, 20.65, 674, otc]
[6170, 40.2, 37.6, 37.90, 39.70, 1294, otc]
[6171, 22.2, 21.3, 21.40, 22.10, 81, otc]
[6173, 43.35, 40.55, 41.50, 42.55, 3889, otc]
[6174, 28.6, 27.3, 27.95, 28.25, 242, otc]
[6175, 39.4, 37.05, 38.30, 38.35, 4335, otc]
[6176, 115.5, 113.0, 114.00, 115.50, 5652, tse]
[6177, 31.9, 31.3, 31.30, 31.65, 1173, tse]
[6179, 32.95, 30.05, 31.10, 31.35, 9834, otc]
[6180, 74.2, 72.1, 73.50, 73.90, 3658, otc]
[6182, 43.7, 42.0, 42.40, 43.20, 8536, otc]
[6183, 65.1, 62.0, 62.10, 64.10, 308, tse]
[6184, 52.0, 50.4, 50.40, 50.80, 385, tse]
[6185, 22.25, 20.45, 21.25, 21.65, 14722, otc]
[6186, 44.1, 41.9, 44.10, 42.85, 1359, otc]
[6187, 65.2, 60.6, 61.00, 64.20, 1784, otc]
[6188, 55.2, 52.7, 53.40, 55.00, 7320, otc]
[6189, 42.45, 41.45, 41.70, 42.25, 1821, tse]
[6190, 33.0, 31.3, 32.00, 32.85, 4546, otc]
[6191, 38.2, 37.15, 37.70, 37.85, 20890, tse]
[6192, 77.2, 73.4, 73.40, 75.90, 1394, tse]
[6194, 29.75, 26.4, 26.40, 27.80, 9296, otc]
[6195, 46.8, 46.0, 46.00, 46.50, 145, otc]
[6196, 131.0, 125.5, 126.50, 128.50, 1225, tse]
[6197, 56.6, 53.5, 53.90, 55.80, 4100, tse]
[6198, 36.35, 28.35, 28.60, 34.25, 2209, otc]
[6199, 18.65, 18.2, 18.25, 18.25, 35, otc]
[6201, 43.7, 43.0, 43.30, 43.65, 107, tse]
[6202, 68.9, 66.6, 67.20, 68.40, 3467, tse]
[6203, 84.1, 75.8, 79.20, 80.40, 8467, otc]
[6204, 56.5, 55.0, 56.20, 55.70, 127, otc]
[6205, 71.9, 68.5, 69.30, 70.00, 2614, tse]
[6206, 71.5, 68.8, 69.10, 70.80, 1035, tse]
[6207, 28.3, 27.45, 27.45, 27.90, 493, otc]
[6208, 54.6, 52.8, 54.10, 53.90, 515, otc]
[6209, 31.05, 28.85, 29.30, 30.25, 4882, tse]
[6210, 35.45, 34.75, 34.75, 35.00, 47, otc]
[6212, 51.5, 48.1, 48.10, 48.50, 13, otc]
[6213, 69.1, 64.2, 64.50, 68.70, 5382, tse]
[6214, 101.5, 90.0, 92.00, 94.80, 21527, tse]
[6215, 27.6, 26.5, 27.25, 26.70, 1212, tse]
[6216, 26.75, 26.3, 26.40, 26.70, 737, tse]
[6217, 42.55, 40.55, 41.40, 41.60, 1978, otc]
[6218, 30.3, 26.0, 27.40, 27.40, 39046, otc]
[6219, 11.45, 11.0, 11.20, 11.05, 3686, otc]
[6220, 27.7, 27.2, 27.20, 27.25, 3199, otc]
[6221, 69.0, 62.1, 63.20, 64.50, 462, otc]
[6222, 15.7, 13.75, 13.75, 15.50, 168, otc]
[6223, 148.0, 134.0, 136.00, 147.00, 30035, otc]
[6224, 62.0, 58.2, 59.30, 61.70, 506, tse]
[6225, 11.1, 10.25, 10.35, 10.85, 54, tse]
[6226, 11.75, 11.2, 11.50, 11.45, 1300, tse]
[6227, 42.35, 40.85, 42.35, 41.00, 2426, otc]
[6228, 13.65, 12.2, 12.20, 12.90, 484, otc]
[6229, 29.35, 27.7, 28.70, 29.05, 1099, otc]
[6230, 185.5, 168.5, 185.50, 177.00, 768, tse]
[6231, 121.0, 111.5, 115.00, 114.00, 3158, otc]
[6233, 28.35, 25.2, 25.45, 26.95, 4408, otc]
[6234, 38.5, 34.15, 36.25, 36.05, 36772, otc]
[6235, 120.5, 96.0, 97.30, 113.00, 195099, tse]
[6236, 22.65, 20.3, 20.30, 22.65, 20, otc]
[6237, 43.25, 40.6, 41.75, 41.85, 1138, otc]
[6239, 96.4, 94.0, 94.30, 96.00, 10562, tse]
[6240, 23.75, 22.8, 23.15, 22.85, 153, otc]
[6241, 14.85, 14.1, 14.80, 14.60, 415, otc]
[6242, 81.1, 75.2, 76.10, 75.90, 909, otc]
[6243, 45.4, 38.2, 40.15, 44.00, 17388, tse]
[6244, 35.25, 33.85, 34.55, 34.10, 37651, otc]
[6245, 130.0, 117.0, 119.50, 125.00, 38039, otc]
[6246, 13.85, 13.4, 13.85, 13.80, 282, otc]
[6248, 30.35, 28.9, 29.55, 29.15, 7238, otc]
[6257, 54.0, 52.6, 52.60, 53.90, 4403, tse]
[6259, 22.05, 20.05, 21.15, 21.50, 91, otc]
[6261, 65.3, 63.8, 64.10, 64.80, 587, otc]
[6263, 117.0, 109.5, 115.00, 115.00, 933, otc]
[6264, 7.58, 6.98, 7.52, 7.31, 946, otc]
[6265, 10.7, 10.15, 10.35, 10.50, 951, otc]
[6266, 45.0, 38.75, 42.80, 39.55, 25182, otc]
[6269, 96.7, 93.7, 94.60, 96.40, 6162, tse]
[6270, 23.85, 22.85, 23.55, 23.25, 1330, otc]
[6271, 177.0, 167.5, 169.50, 176.00, 8658, tse]
[6274, 69.5, 62.0, 62.00, 67.90, 12753, otc]
[6275, 35.6, 33.8, 34.70, 35.00, 3116, otc]
[6276, 38.1, 34.4, 35.00, 37.15, 5094, otc]
[6277, 87.0, 84.2, 84.70, 84.70, 1397, tse]
[6278, 98.2, 94.0, 94.70, 97.90, 3004, tse]
[6279, 145.5, 139.5, 142.00, 142.00, 3606, otc]
[6281, 85.0, 83.5, 83.80, 84.70, 210, tse]
[6282, 44.7, 38.7, 39.40, 42.50, 134117, tse]
[6283, 32.1, 30.2, 30.40, 31.50, 587, tse]
[6284, 56.4, 52.4, 54.00, 55.90, 1525, otc]
[6285, 86.7, 83.0, 83.00, 84.10, 44154, tse]
[6287, 24.0, 22.1, 23.40, 22.65, 32, otc]
[6288, 33.65, 31.35, 31.85, 31.95, 28550, tse]
[6290, 59.1, 57.7, 58.30, 57.80, 5170, otc]
[6291, 190.0, 158.0, 165.00, 185.00, 710, otc]
[6292, 45.45, 44.15, 44.20, 44.60, 159, otc]
[6294, 109.0, 106.0, 106.50, 108.50, 125, otc]
[6404, 22.9, 20.95, 21.20, 21.95, 57, otc]
[6405, 23.9, 22.2, 22.70, 23.05, 3055, tse]
[6409, 1795.0, 1655.0, 1,680.00, 1,750.00, 610, tse]
[6411, 108.5, 101.5, 105.00, 106.00, 2921, otc]
[6412, 81.5, 78.2, 79.10, 81.20, 1562, tse]
[6414, 288.0, 267.0, 275.00, 285.50, 14047, tse]
[6415, 416.5, 372.0, 410.00, 374.50, 25317, tse]
[6416, 99.1, 94.7, 96.30, 97.10, 1103, tse]
[6417, 155.0, 136.0, 147.00, 153.50, 5280, otc]
[6418, 19.95, 18.2, 18.65, 19.25, 684, otc]
[6419, 32.1, 30.25, 32.00, 31.30, 47, otc]
[6425, 21.45, 20.65, 20.90, 20.65, 113, otc]
[6426, 61.6, 57.0, 59.00, 59.70, 273, tse]
[6431, 21.7, 21.0, 21.10, 21.00, 126, tse]
[6432, 37.3, 36.15, 36.20, 36.95, 468, otc]
[6435, 104.0, 100.0, 100.00, 103.00, 358, otc]
[6438, 117.5, 113.5, 115.00, 115.00, 3932, tse]
[6441, 66.0, 53.1, 55.00, 64.80, 8690, otc]
[6442, 51.0, 45.85, 48.00, 50.40, 1066, tse]
[6443, 35.35, 34.2, 34.95, 34.60, 34257, tse]
[6446, 351.0, 315.0, 344.50, 317.00, 13172, otc]
[6449, 54.1, 52.5, 52.50, 52.90, 115, tse]
[6451, 88.4, 80.1, 80.10, 87.70, 2280, tse]
[6456, 75.8, 73.2, 74.20, 75.00, 6586, tse]
[6457, 50.0, 48.6, 50.00, 48.90, 259, otc]
[6461, 34.55, 32.85, 34.25, 33.20, 1752, otc]
[6462, 87.3, 81.2, 82.20, 84.00, 1229, otc]
[6464, 93.3, 90.0, 90.30, 93.30, 143, tse]
[6465, 21.7, 20.65, 21.05, 21.00, 227, otc]
[6469, 378.0, 362.0, 363.50, 370.00, 3471, otc]
[6470, 62.2, 58.2, 59.50, 59.50, 5557, otc]
[6472, 835.0, 776.0, 804.00, 779.00, 27852, otc]
[6477, 51.8, 49.55, 49.80, 50.30, 8480, tse]
[6482, 45.2, 43.85, 44.60, 44.95, 62, otc]
[6485, 108.0, 92.7, 96.90, 99.00, 6500, otc]
[6486, 73.2, 70.7, 71.00, 72.90, 335, otc]
[6488, 488.0, 464.0, 464.00, 484.50, 6969, otc]
[6491, 373.0, 350.0, 356.50, 364.00, 3655, tse]
[6492, 49.95, 48.5, 48.80, 49.45, 333, otc]
[6494, 67.2, 62.7, 65.10, 66.30, 716, otc]
[6496, 32.6, 31.25, 32.05, 32.45, 292, otc]
[6499, 58.6, 55.8, 58.60, 56.40, 1038, otc]
[6504, 85.5, 79.8, 82.70, 84.70, 454, tse]
[6505, 90.0, 84.0, 84.00, 89.80, 17862, tse]
[6506, 19.75, 19.35, 19.35, 19.55, 94, otc]
[6508, 37.7, 36.6, 37.00, 37.15, 627, otc]
[6509, 47.8, 42.0, 42.60, 44.65, 9355, otc]
[6510, 479.0, 458.5, 471.50, 472.00, 486, otc]
[6512, 20.35, 19.75, 20.35, 19.75, 63, otc]
[6514, 58.8, 57.1, 58.10, 58.10, 136, otc]
[6515, 723.0, 658.0, 688.00, 720.00, 5721, tse]
[6516, 93.8, 89.0, 90.30, 92.10, 352, otc]
[6517, 185.0, 140.5, 145.00, 157.00, 26526, otc]
[6523, 128.0, 123.0, 125.00, 123.50, 1654, otc]
[6525, 74.3, 71.6, 71.60, 73.80, 646, tse]
[6527, 80.3, 76.3, 78.80, 76.50, 1897, otc]
[6530, 26.2, 24.6, 26.20, 25.50, 369, otc]
[6531, 315.0, 276.0, 284.00, 311.50, 32289, tse]
[6532, 52.6, 50.5, 52.00, 52.20, 871, otc]
[6533, 492.5, 418.5, 433.00, 485.00, 11625, tse]
[6535, 53.4, 44.45, 45.45, 52.10, 10000, otc]
[6538, 118.5, 105.0, 105.00, 107.00, 5514, otc]
[6541, 85.0, 78.1, 83.90, 82.10, 746, tse]
[6542, 51.6, 48.8, 49.50, 49.05, 130, otc]
[6546, 85.9, 80.7, 81.60, 85.20, 1939, otc]
[6547, 60.5, 58.0, 60.00, 58.80, 6932, otc]
[6548, 42.5, 39.6, 40.20, 41.15, 5884, otc]
[6550, 95.0, 90.9, 93.80, 91.80, 11456, tse]
[6552, 35.75, 33.0, 34.35, 35.00, 250, tse]
[6556, 129.0, 120.5, 125.00, 122.00, 244, otc]
[6558, 30.8, 26.9, 27.10, 29.25, 7734, tse]
[6560, 34.8, 33.45, 34.20, 33.80, 146, otc]
[6561, 376.5, 367.5, 372.00, 370.00, 274, otc]
[6568, 170.0, 159.0, 166.50, 164.50, 1366, otc]
[6569, 120.0, 106.0, 107.00, 120.00, 547, otc]
[6570, 71.4, 63.8, 65.70, 66.30, 8961, otc]
[6573, 16.4, 15.1, 15.40, 16.00, 729, tse]
[6574, 62.2, 57.8, 60.40, 58.60, 106, otc]
[6576, 89.9, 85.4, 86.30, 88.40, 1989, otc]
[6577, 79.7, 72.9, 73.00, 76.50, 1691, otc]
[6578, 18.25, 17.5, 17.80, 17.90, 843, otc]
[6579, 101.5, 95.4, 97.90, 100.00, 1456, tse]
[6581, 92.8, 88.2, 89.10, 92.70, 343, tse]
[6582, 58.5, 55.3, 55.70, 57.40, 296, tse]
[6584, 69.8, 65.2, 66.00, 67.10, 2591, otc]
[6585, 62.0, 57.8, 58.50, 60.70, 535, tse]
[6588, 30.6, 29.7, 30.10, 30.10, 51, otc]
[6589, 121.0, 108.5, 113.00, 111.00, 29876, otc]
[6590, 97.0, 85.4, 91.00, 91.10, 1047, otc]
[6591, 51.0, 49.0, 50.00, 50.60, 503, tse]
[6592, 130.0, 121.5, 125.00, 126.50, 6422, tse]
[6593, 69.6, 57.0, 57.60, 57.70, 2106, otc]
[6596, 57.8, 50.5, 51.00, 55.10, 4441, otc]
[6598, 27.1, 26.2, 27.05, 26.95, 304, tse]
[6603, 17.3, 16.8, 16.95, 17.00, 2616, otc]
[6605, 104.5, 94.5, 96.20, 102.00, 4481, tse]
[6606, 29.0, 28.6, 29.00, 28.70, 574, tse]
[6609, 35.4, 34.25, 34.90, 34.80, 692, otc]
[6612, 170.5, 156.5, 170.00, 162.00, 3299, otc]
[6613, 105.0, 100.0, 100.00, 104.00, 731, otc]
[6615, 43.4, 41.5, 42.15, 42.40, 413, otc]
[6616, 14.2, 13.7, 14.05, 13.90, 79, otc]
[6624, 43.6, 43.0, 43.60, 43.50, 23, otc]
[6625, 107.0, 86.0, 87.70, 96.10, 35659, tse]
[6629, 48.0, 47.0, 47.05, 47.60, 73, otc]
[6640, 89.2, 85.0, 88.00, 88.00, 58, otc]
[6641, 55.5, 54.2, 55.00, 55.10, 48, tse]
[6642, 53.0, 50.8, 51.60, 52.20, 104, otc]
[6643, 648.0, 596.0, 616.00, 640.00, 7996, otc]
[6649, 42.6, 39.55, 42.45, 40.80, 352, otc]
[6651, 83.5, 79.3, 81.30, 81.50, 215, otc]
[6654, 51.0, 49.1, 50.80, 49.80, 74, otc]
[6655, 132.0, 126.5, 130.00, 130.00, 74, tse]
[6661, 22.8, 22.0, 22.20, 22.70, 31, otc]
[6662, 31.4, 29.8, 30.90, 30.75, 84, otc]
[6664, 116.5, 107.5, 109.00, 113.00, 1275, otc]
[6666, 84.9, 79.1, 81.10, 83.80, 501, tse]
[6667, 76.0, 70.7, 70.80, 74.90, 1704, otc]
[6668, 41.3, 38.35, 38.50, 39.30, 719, tse]
[6669, 1100.0, 1005.0, 1,035.00, 1,080.00, 7495, tse]
[6670, 215.5, 209.5, 210.00, 212.50, 976, tse]
[6671, 42.0, 41.25, 41.35, 42.00, 169, tse]
[6672, 86.7, 80.2, 82.00, 85.00, 5692, tse]
[6674, 28.4, 27.25, 27.75, 28.10, 98, tse]
[6679, 283.5, 271.0, 276.00, 279.50, 1700, otc]
[6680, 107.5, 77.5, 80.00, 99.00, 713, otc]
[6683, 199.0, 189.5, 193.00, 196.50, 674, otc]
[6684, 45.0, 43.0, 44.40, 44.25, 392, otc]
[6689, 163.5, 138.5, 145.50, 147.50, 22840, tse]
[6690, 197.0, 180.5, 191.50, 184.00, 1782, otc]
[6691, 308.0, 292.0, 297.00, 294.50, 2067, tse]
[6693, 67.2, 65.6, 65.90, 67.00, 127, otc]
[6695, 42.2, 41.5, 42.00, 41.80, 474, tse]
[6697, 55.8, 40.9, 41.90, 55.80, 3710, otc]
[6698, 40.25, 35.4, 35.50, 38.30, 4551, tse]
[6703, 227.0, 209.0, 209.50, 213.50, 4270, otc]
[6706, 83.8, 79.5, 80.50, 82.10, 1295, tse]
[6708, 48.95, 46.45, 48.90, 46.45, 192, otc]
[6712, 233.0, 210.5, 221.00, 212.00, 19750, otc]
[6715, 150.0, 132.5, 136.50, 143.00, 2248, tse]
[6716, 109.0, 102.0, 108.00, 102.00, 48, otc]
[6719, 299.5, 277.0, 296.50, 285.50, 10218, tse]
[6721, 53.5, 52.0, 52.90, 52.80, 143, otc]
[6727, 65.0, 61.4, 62.60, 64.40, 426, otc]
[6728, 145.0, 141.0, 141.50, 143.00, 87, otc]
[6732, 342.0, 316.0, 331.50, 335.50, 2444, otc]
[6733, 38.3, 36.5, 38.00, 38.00, 4914, otc]
[6735, 52.2, 51.0, 51.30, 52.00, 26, otc]
[6741, 150.5, 134.5, 145.50, 134.50, 16131, otc]
[6743, 57.5, 51.2, 53.40, 55.40, 1049, tse]
[6747, 242.0, 220.5, 224.00, 236.00, 2073, otc]
[6751, 130.0, 110.0, 118.50, 118.00, 2103, otc]
[6752, 184.5, 162.0, 169.50, 174.00, 1543, otc]
[6753, 123.5, 111.0, 120.50, 115.50, 6153, tse]
[6754, 62.7, 53.0, 54.40, 61.90, 2665, tse]
[6756, 208.0, 193.0, 197.00, 205.00, 1197, tse]
[6761, 84.6, 82.2, 84.60, 83.30, 257, otc]
[6762, 234.0, 210.0, 231.00, 224.50, 341, otc]
[6763, 562.0, 513.0, 562.00, 513.00, 1136, otc]
[6767, 43.9, 41.3, 41.30, 42.90, 765, otc]
[6768, 70.7, 67.9, 68.40, 69.70, 542, tse]
[6770, 30.95, 29.5, 29.80, 30.25, 49087, tse]
[6776, 56.9, 54.0, 54.50, 54.40, 2437, tse]
[6781, 678.0, 616.0, 631.00, 660.00, 3256, tse]
[6782, 233.5, 214.5, 232.50, 220.50, 5069, tse]
[6788, 126.0, 118.5, 120.00, 121.00, 1544, otc]
[6789, 216.0, 203.0, 205.00, 210.00, 2388, tse]
[6790, 38.1, 36.95, 37.40, 37.50, 1834, tse]
[6791, 145.5, 127.5, 144.50, 130.00, 2487, otc]
[6792, 84.0, 81.0, 81.30, 82.50, 174, tse]
[6796, 97.8, 93.5, 97.30, 94.10, 314, tse]
[6799, 145.5, 138.0, 141.00, 140.00, 3334, tse]
[6803, 326.0, 314.0, 320.00, 322.00, 253, otc]
[6804, 79.5, 70.0, 70.00, 74.00, 1819, otc]
[6806, 112.5, 104.0, 110.50, 106.50, 27932, tse]
[6807, 28.1, 26.95, 27.30, 28.00, 120, tse]
[6811, 285.5, 253.0, 273.00, 265.50, 4597, otc]
[6823, 86.0, 84.5, 84.60, 85.30, 30, otc]
[6829, 137.5, 123.0, 127.50, 132.00, 13621, otc]
[6830, 145.0, 136.5, 142.50, 139.50, 1183, tse]
[6834, 27.3, 25.5, 25.65, 26.50, 161, tse]
[6835, 42.9, 41.0, 41.80, 42.60, 350, tse]
[6840, 71.4, 69.2, 69.30, 69.70, 153, otc]
[6841, 99.9, 95.0, 97.50, 95.10, 2284, otc]
[6843, 76.2, 71.7, 72.60, 74.50, 760, otc]
[6846, 99.4, 88.5, 96.50, 95.20, 2152, otc]
[6854, 101.0, 99.5, 100.00, 100.00, 162, tse]
[6855, 86.9, 82.5, 82.50, 84.80, 40, otc]
[6859, 142.5, 136.0, 136.00, 139.50, 202, otc]
[6861, 106.5, 101.0, 104.50, 103.00, 335, tse]
[6863, 169.5, 154.0, 169.50, 162.00, 2274, tse]
[6865, 90.4, 85.0, 89.50, 85.40, 253, otc]
[6869, 111.5, 97.9, 98.90, 109.50, 2956, tse]
[6873, 142.0, 135.5, 139.50, 137.50, 602, tse]
[6874, 194.0, 161.0, 166.00, 168.00, 11533, otc]
[7402, 67.3, 61.1, 62.80, 63.30, 2642, otc]
[7556, 100.0, 98.9, 99.20, 100.00, 72, otc]
[8011, 18.2, 17.0, 17.10, 17.70, 37699, tse]
[8016, 226.0, 210.0, 218.50, 223.50, 4928, tse]
[8021, 30.3, 28.9, 29.15, 29.65, 1088, tse]
[8024, 23.55, 22.45, 22.70, 23.15, 282, otc]
[8027, 45.75, 43.15, 43.80, 45.60, 1223, otc]
[8028, 58.3, 56.0, 56.50, 57.50, 3422, tse]
[8032, 31.3, 29.3, 30.45, 30.60, 89, otc]
[8033, 65.9, 62.1, 64.90, 64.40, 6427, tse]
[8034, 15.7, 15.05, 15.35, 15.35, 554, otc]
[8038, 58.8, 54.6, 57.00, 54.60, 13351, otc]
[8039, 42.7, 41.65, 41.80, 42.30, 626, tse]
[8040, 47.1, 41.5, 43.00, 45.10, 2496, otc]
[8042, 40.35, 38.7, 40.35, 38.85, 117, otc]
[8043, 28.45, 27.0, 27.05, 27.80, 601, otc]
[8044, 55.9, 51.1, 52.20, 51.50, 3398, otc]
[8046, 293.5, 280.0, 286.00, 293.00, 41054, tse]
[8047, 11.8, 11.5, 11.55, 11.60, 58, otc]
[8048, 52.7, 44.05, 47.30, 49.90, 19527, otc]
[8049, 37.4, 36.1, 36.70, 36.60, 2550, otc]
[8050, 80.7, 76.7, 78.50, 79.10, 14914, otc]
[8054, 32.15, 30.75, 31.10, 31.50, 780, otc]
[8059, 14.45, 13.05, 13.60, 14.20, 1837, otc]
[8064, 19.85, 19.2, 19.60, 19.65, 1819, otc]
[8066, 29.35, 26.5, 27.15, 29.10, 609, otc]
[8067, 15.45, 14.35, 14.60, 14.65, 61, otc]
[8068, 29.45, 28.1, 29.05, 28.35, 452, otc]
[8069, 206.5, 189.0, 192.00, 198.00, 88832, otc]
[8070, 35.8, 33.5, 33.70, 35.30, 4443, tse]
[8071, 15.0, 14.55, 14.70, 14.60, 647, otc]
[8072, 28.2, 26.6, 26.90, 27.85, 657, tse]
[8074, 21.5, 20.7, 21.05, 21.00, 905, otc]
[8076, 35.55, 30.65, 30.90, 33.30, 98331, otc]
[8077, 39.0, 36.85, 37.30, 37.05, 19, otc]
[8080, 11.75, 10.5, 10.85, 10.90, 106, otc]
[8081, 195.0, 184.5, 192.50, 189.00, 3029, tse]
[8083, 148.0, 144.5, 146.00, 147.50, 217, otc]
[8084, 101.5, 95.0, 98.00, 96.50, 1603, otc]
[8085, 39.8, 36.2, 37.40, 37.65, 12101, otc]
[8086, 79.8, 75.5, 78.30, 78.00, 7794, otc]
[8087, 35.85, 34.0, 35.75, 34.90, 149, otc]
[8088, 34.6, 30.45, 31.40, 33.20, 19213, otc]
[8089, 21.3, 20.0, 20.95, 20.80, 411, otc]
[8091, 93.2, 89.2, 91.10, 91.90, 3383, otc]
[8092, 11.5, 11.2, 11.30, 11.35, 132, otc]
[8093, 15.6, 14.25, 15.60, 14.85, 1755, otc]
[8096, 11.5, 11.3, 11.35, 11.40, 631, otc]
[8097, 59.9, 55.1, 56.00, 59.90, 11533, otc]
[8099, 55.3, 48.05, 49.40, 50.60, 12812, otc]
[8101, 5.11, 4.6, 5.04, 4.85, 220, tse]
[8103, 37.3, 36.1, 36.15, 36.85, 540, tse]
[8104, 40.65, 39.3, 39.55, 40.00, 694, tse]
[8105, 14.15, 13.2, 13.20, 13.75, 15052, tse]
[8107, 17.0, 16.75, 16.95, 16.80, 379, otc]
[8109, 90.0, 86.0, 86.50, 89.80, 472, otc]
[8110, 13.3, 12.6, 12.70, 13.10, 3343, tse]
[8111, 21.35, 20.2, 20.75, 20.80, 1770, otc]
[8112, 45.7, 44.65, 44.90, 45.60, 11860, tse]
[8114, 109.0, 102.5, 102.50, 107.50, 1563, tse]
[8121, 29.45, 28.05, 28.65, 28.55, 3567, otc]
[8131, 42.6, 41.55, 41.90, 42.50, 2211, tse]
[8147, 64.0, 60.0, 60.40, 62.80, 356, otc]
[8150, 38.7, 37.45, 37.75, 38.40, 6451, tse]
[8155, 141.5, 128.0, 138.50, 138.00, 8184, otc]
[8163, 46.3, 44.65, 44.75, 45.55, 4799, tse]
[8171, 55.5, 52.3, 52.30, 54.00, 2980, otc]
[8176, 12.1, 11.6, 11.85, 11.65, 2004, otc]
[8182, 30.8, 29.5, 29.70, 30.75, 418, otc]
[8183, 53.3, 51.2, 53.30, 52.00, 3777, otc]
[8201, 12.45, 12.0, 12.15, 12.25, 541, tse]
[8210, 93.7, 83.8, 84.60, 92.00, 12146, tse]
[8213, 39.8, 38.2, 39.80, 39.50, 3354, tse]
[8215, 35.15, 33.2, 33.70, 35.10, 9704, tse]
[8222, 63.3, 52.7, 54.20, 60.30, 97829, tse]
[8227, 196.5, 171.0, 178.00, 195.00, 1346, otc]
[8234, 41.25, 39.05, 39.15, 40.55, 4901, otc]
[8240, 29.95, 28.7, 28.85, 29.65, 308, otc]
[8249, 30.8, 29.1, 29.15, 30.35, 991, tse]
[8255, 173.0, 165.5, 168.00, 171.00, 2324, otc]
[8261, 113.5, 98.6, 100.50, 105.00, 10135, tse]
[8271, 51.9, 47.55, 48.00, 51.60, 4959, tse]
[8277, 9.85, 9.45, 9.51, 9.67, 467, otc]
[8279, 185.5, 177.0, 177.00, 184.00, 167, otc]
[8284, 63.0, 59.2, 61.20, 62.30, 469, otc]
[8289, 42.15, 39.0, 40.25, 41.10, 3061, otc]
[8291, 6.0, 5.91, 5.91, 6.00, 4, otc]
[8299, 397.0, 360.5, 377.50, 388.50, 10390, otc]
[8341, 161.0, 154.0, 155.00, 158.50, 745, tse]
[8342, 58.8, 56.9, 57.10, 57.50, 20, otc]
[8349, 64.6, 61.4, 62.10, 63.40, 1520, otc]
[8354, 14.25, 14.1, 14.20, 14.20, 196, otc]
[8358, 56.2, 52.9, 53.60, 55.10, 12023, otc]
[8367, 45.65, 44.0, 44.40, 44.85, 1249, tse]
[8374, 32.05, 30.65, 31.40, 31.05, 216, tse]
[8383, 43.15, 41.25, 41.65, 42.20, 1995, otc]
[8390, 44.85, 42.35, 43.95, 42.60, 4591, otc]
[8401, 21.2, 20.7, 21.00, 20.85, 908, otc]
[8403, 37.75, 36.0, 37.40, 36.00, 10857, otc]
[8404, 25.55, 23.75, 24.45, 24.95, 916, tse]
[8409, 22.5, 21.4, 21.80, 22.20, 369, otc]
[8410, 38.85, 35.0, 35.10, 37.65, 2495, otc]
[8411, 14.95, 14.6, 14.85, 14.80, 467, tse]
[8415, 35.45, 34.85, 35.05, 34.90, 1521, otc]
[8416, 151.5, 143.0, 151.00, 143.00, 191, otc]
[8418, 9.9, 9.72, 9.78, 9.81, 124, otc]
[8420, 95.2, 89.9, 95.10, 92.00, 1757, otc]
[8421, 14.4, 14.05, 14.35, 14.05, 724, otc]
[8422, 205.0, 199.0, 200.00, 204.00, 1355, tse]
[8423, 19.95, 19.95, 19.95, 19.95, 5, otc]
[8424, 72.5, 70.0, 70.70, 71.00, 64, otc]
[8426, 76.0, 49.7, 50.50, 67.40, 29563, otc]
[8429, 11.1, 10.35, 10.35, 10.90, 2554, tse]
[8431, 66.8, 62.7, 64.50, 65.40, 1112, otc]
[8432, 45.5, 44.65, 45.15, 44.90, 109, otc]
[8433, 73.3, 66.2, 67.50, 71.10, 825, otc]
[8435, 63.1, 61.7, 61.90, 62.60, 135, otc]
[8436, 186.0, 177.0, 183.00, 180.50, 4486, otc]
[8437, 110.0, 105.5, 106.50, 108.50, 46, otc]
[8438, 26.3, 24.3, 24.50, 25.30, 314, tse]
[8440, 44.0, 42.7, 42.95, 42.80, 1187, otc]
[8442, 89.8, 81.0, 83.30, 88.20, 2162, tse]
[8443, 11.9, 11.65, 11.80, 11.85, 481, tse]
[8444, 54.2, 49.2, 54.20, 49.90, 71, otc]
[8446, 116.5, 100.5, 106.00, 112.50, 14249, otc]
[8450, 25.4, 24.5, 24.50, 25.15, 228, otc]
[8454, 745.0, 698.0, 719.00, 722.00, 4227, tse]
[8455, 22.75, 21.15, 21.25, 21.60, 106, otc]
[8462, 158.0, 142.0, 145.00, 152.00, 721, tse]
[8463, 26.5, 24.7, 24.85, 25.85, 550, tse]
[8464, 347.5, 333.0, 333.00, 346.50, 1688, tse]
[8466, 45.0, 42.75, 43.50, 44.50, 176, tse]
[8467, 59.0, 55.3, 55.50, 57.10, 97, tse]
[8472, 42.05, 36.9, 42.05, 38.10, 142, otc]
[8473, 30.25, 29.05, 29.35, 29.90, 309, tse]
[8476, 74.2, 71.6, 72.50, 72.70, 949, otc]
[8477, 17.3, 16.7, 16.80, 17.00, 59, otc]
[8478, 571.0, 497.0, 510.00, 553.00, 25782, tse]
[8481, 57.9, 56.8, 57.40, 57.80, 69, tse]
[8482, 77.8, 71.9, 73.00, 76.80, 153, tse]
[8488, 15.7, 15.35, 15.40, 15.70, 32, tse]
[8489, 25.0, 23.6, 23.60, 24.20, 308, otc]
[8499, 103.5, 99.6, 102.00, 101.50, 290, tse]
[8905, 29.95, 27.3, 27.35, 29.55, 5743, otc]
[8906, 17.3, 16.7, 17.10, 16.85, 82, otc]
[8908, 71.5, 69.8, 71.50, 70.10, 325, otc]
[8916, 53.6, 51.9, 52.60, 52.40, 1133, otc]
[8917, 69.5, 68.0, 68.00, 69.50, 28, otc]
[8921, 15.0, 14.85, 15.00, 14.90, 5, otc]
[8923, 22.2, 19.85, 20.10, 21.20, 88, otc]
[8924, 112.0, 106.5, 108.00, 111.50, 3400, otc]
[8926, 53.4, 48.95, 49.60, 50.90, 19921, tse]
[8927, 48.9, 44.25, 45.10, 48.30, 12008, otc]
[8928, 36.6, 35.3, 35.35, 36.60, 298, otc]
[8929, 21.9, 21.5, 21.50, 21.55, 58, otc]
[8930, 20.5, 19.7, 19.75, 20.00, 4569, otc]
[8931, 69.6, 66.7, 66.70, 67.10, 1227, otc]
[8932, 63.7, 57.4, 57.40, 58.90, 4117, otc]
[8933, 11.6, 11.2, 11.55, 11.35, 3941, otc]
[8935, 12.25, 12.0, 12.25, 12.20, 366, otc]
[8936, 27.8, 26.4, 26.70, 27.55, 12744, otc]
[8937, 18.9, 17.6, 17.90, 18.25, 1203, otc]
[8938, 81.1, 78.6, 78.60, 80.20, 2586, otc]
[8940, 29.8, 26.45, 27.05, 27.90, 11574, tse]
[8941, 57.1, 54.0, 55.50, 56.90, 123, otc]
[8942, 70.9, 68.5, 69.90, 69.50, 1196, otc]
[8996, 238.0, 204.5, 217.00, 225.50, 30212, tse]
[9103, 6.72, 6.45, 6.48, 6.62, 1921, tse]
[9105, 3.86, 3.76, 3.85, 3.85, 4704, tse]
[9110, 6.55, 5.48, 5.80, 6.42, 2936, tse]
[9136, 6.47, 6.23, 6.27, 6.41, 1697, tse]
[9802, 120.0, 115.5, 118.50, 116.50, 3947, tse]
[9902, 12.4, 12.0, 12.20, 12.05, 844, tse]
[9904, 32.0, 31.15, 31.30, 32.00, 21527, tse]
[9905, 25.65, 25.3, 25.55, 25.55, 380, tse]
[9906, 49.95, 47.2, 49.70, 48.90, 327, tse]
[9907, 19.6, 18.6, 18.70, 19.40, 23337, tse]
[9908, 33.2, 31.7, 31.80, 32.80, 977, tse]
[9910, 199.5, 192.0, 193.00, 198.50, 5865, tse]
[9911, 64.8, 63.6, 64.00, 64.60, 794, tse]
[9912, 10.2, 9.83, 10.05, 10.10, 192, tse]
[9914, 179.5, 170.5, 177.50, 176.50, 3659, tse]
[9917, 118.0, 108.5, 109.50, 118.00, 3770, tse]
[9918, 42.95, 41.3, 41.50, 42.25, 120, tse]
[9919, 18.0, 16.7, 17.35, 17.75, 37808, tse]
[9921, 202.0, 194.5, 199.50, 196.50, 10474, tse]
[9924, 44.05, 43.3, 43.70, 43.95, 495, tse]
[9925, 41.95, 41.25, 41.45, 41.85, 747, tse]
[9926, 55.0, 52.2, 52.20, 54.30, 148, tse]
[9927, 45.45, 44.65, 44.70, 45.40, 1197, tse]
[9928, 21.9, 18.7, 18.75, 19.55, 4342, tse]
[9929, 9.2, 8.86, 8.86, 9.08, 271, tse]
[9930, 53.6, 51.6, 51.80, 52.40, 1169, tse]
[9931, 43.45, 40.1, 40.15, 41.70, 125, tse]
[9933, 41.5, 40.35, 40.80, 41.40, 10560, tse]
[9934, 13.85, 13.5, 13.80, 13.55, 2850, tse]
[9935, 19.8, 19.2, 19.70, 19.50, 625, tse]
[9937, 65.0, 55.1, 56.90, 64.20, 394, tse]
[9938, 55.6, 54.4, 55.00, 54.80, 2610, tse]
[9939, 102.5, 98.8, 99.30, 101.50, 8863, tse]
[9940, 30.0, 28.7, 28.80, 29.90, 1314, tse]
[9941, 195.5, 186.5, 193.00, 193.50, 4478, tse]
[9942, 163.0, 145.5, 151.50, 157.00, 9645, tse]
[9943, 84.7, 77.0, 77.10, 80.80, 9064, tse]
[9944, 22.3, 21.0, 21.00, 21.90, 3067, tse]
[9945, 35.8, 33.85, 34.80, 35.55, 28949, tse]
[9946, 14.6, 13.8, 14.00, 14.60, 1011, tse]
[9949, 15.95, 14.85, 15.65, 15.55, 250, otc]
[9950, 12.7, 12.0, 12.20, 12.20, 61, otc]
[9951, 75.5, 70.0, 70.80, 73.40, 809, otc]
[9955, 26.9, 25.3, 26.45, 25.45, 5253, tse]
[9958, 101.0, 97.3, 99.00, 98.00, 9975, tse]
[9960, 31.45, 30.3, 30.85, 30.65, 884, otc]
[9962, 20.2, 19.45, 20.00, 19.50, 2847, otc]
