[1101, 37.85, 36.7, 36.90, 37.50, 74174, tse]
[1102, 42.75, 41.9, 42.00, 42.55, 16829, tse]
[1103, 19.75, 18.4, 18.55, 19.75, 2304, tse]
[1104, 23.95, 23.45, 23.90, 23.85, 2445, tse]
[1108, 12.2, 11.3, 11.50, 11.60, 4962, tse]
[1109, 16.55, 16.0, 16.10, 16.55, 454, tse]
[1110, 18.05, 17.75, 17.90, 17.90, 598, tse]
[1201, 20.95, 20.15, 20.20, 20.65, 2555, tse]
[1203, 37.2, 36.2, 36.50, 37.05, 215, tse]
[1210, 47.3, 46.45, 46.70, 47.30, 3149, tse]
[1213, 6.98, 6.91, 6.93, 6.91, 18, tse]
[1215, 79.3, 78.5, 79.30, 78.90, 1551, tse]
[1216, 67.4, 66.2, 66.50, 66.30, 18011, tse]
[1217, 11.5, 11.05, 11.15, 11.15, 10613, tse]
[1218, 30.25, 29.75, 29.85, 29.85, 6736, tse]
[1219, 20.45, 19.75, 19.75, 20.05, 4887, tse]
[1220, 15.85, 15.55, 15.75, 15.75, 630, tse]
[1225, 58.0, 57.0, 57.80, 57.90, 35, tse]
[1227, 41.95, 41.15, 41.60, 41.30, 1448, tse]
[1229, 54.5, 53.0, 54.40, 53.30, 2917, tse]
[1231, 85.0, 83.3, 83.30, 84.70, 640, tse]
[1232, 146.5, 144.0, 145.50, 146.00, 233, tse]
[1233, 34.75, 32.35, 32.40, 33.60, 137, tse]
[1234, 34.7, 33.65, 33.90, 34.35, 2422, tse]
[1235, 68.2, 67.7, 68.00, 67.70, 8, tse]
[1236, 24.45, 23.2, 23.80, 24.10, 370, tse]
[1240, 45.3, 44.55, 45.00, 45.20, 133, otc]
[1256, 311.5, 300.5, 305.00, 307.50, 92, tse]
[1258, 23.9, 22.55, 22.80, 23.80, 597, otc]
[1259, 76.3, 74.2, 74.50, 75.50, 134, otc]
[1264, 278.0, 268.0, 269.50, 272.50, 80, otc]
[1268, 149.5, 136.0, 139.00, 143.50, 3507, otc]
[1301, 90.9, 88.7, 88.80, 89.70, 18229, tse]
[1303, 76.0, 74.0, 74.50, 75.40, 13747, tse]
[1304, 24.3, 23.65, 23.80, 23.95, 4835, tse]
[1305, 27.95, 26.5, 26.60, 27.75, 6301, tse]
[1307, 20.9, 20.7, 20.80, 20.90, 227, tse]
[1308, 28.9, 27.7, 28.05, 28.45, 5255, tse]
[1309, 22.75, 22.1, 22.45, 22.40, 2851, tse]
[1310, 13.95, 13.65, 13.75, 13.90, 918, tse]
[1312, 19.75, 19.15, 19.30, 19.65, 7611, tse]
[1313, 15.35, 14.65, 14.85, 15.25, 4926, tse]
[1314, 10.3, 10.05, 10.20, 10.20, 21148, tse]
[1315, 72.3, 70.7, 70.70, 72.10, 53, tse]
[1316, 12.3, 11.85, 12.00, 12.05, 2996, tse]
[1319, 44.3, 42.95, 43.20, 44.05, 7487, tse]
[1321, 34.9, 34.0, 34.90, 34.30, 341, tse]
[1323, 33.65, 33.05, 33.40, 33.60, 312, tse]
[1324, 11.0, 10.85, 10.90, 10.95, 20, tse]
[1325, 24.05, 23.2, 24.05, 23.75, 976, tse]
[1326, 71.9, 70.4, 70.90, 71.20, 7418, tse]
[1336, 29.85, 28.15, 29.80, 28.70, 2817, otc]
[1337, 7.19, 7.04, 7.10, 7.09, 1012, tse]
[1338, 45.75, 44.7, 44.95, 45.40, 248, tse]
[1339, 42.7, 41.5, 41.70, 42.65, 568, tse]
[1340, 10.85, 10.55, 10.75, 10.55, 483, tse]
[1341, 68.6, 67.7, 68.60, 68.00, 73, tse]
[1342, 154.0, 141.0, 146.50, 148.50, 32405, tse]
[1402, 32.55, 31.95, 32.15, 32.25, 29346, tse]
[1409, 18.15, 17.85, 18.00, 18.05, 5496, tse]
[1410, 41.3, 40.1, 40.60, 40.40, 375, tse]
[1413, 9.59, 9.35, 9.40, 9.42, 129, tse]
[1414, 18.35, 17.85, 18.15, 18.00, 1086, tse]
[1416, 10.8, 10.4, 10.60, 10.70, 1634, tse]
[1417, 14.75, 14.1, 14.45, 14.60, 8689, tse]
[1418, 14.2, 13.95, 14.20, 14.05, 42, tse]
[1419, 40.9, 39.5, 40.90, 40.70, 289, tse]
[1423, 20.75, 20.2, 20.30, 20.65, 201, tse]
[1432, 18.0, 15.65, 16.20, 17.50, 12218, tse]
[1434, 27.55, 27.2, 27.40, 27.20, 3088, tse]
[1436, 54.8, 53.3, 54.20, 54.80, 88, tse]
[1437, 28.65, 27.2, 27.60, 28.40, 4111, tse]
[1438, 32.2, 31.15, 31.15, 31.65, 677, tse]
[1439, 22.7, 22.0, 22.10, 22.45, 364, tse]
[1440, 17.95, 17.15, 17.25, 17.85, 7105, tse]
[1441, 8.05, 7.96, 8.00, 8.00, 214, tse]
[1442, 32.7, 31.65, 31.65, 32.60, 2418, tse]
[1443, 30.7, 28.05, 28.05, 29.10, 2881, tse]
[1444, 10.5, 10.3, 10.35, 10.45, 5312, tse]
[1445, 15.95, 15.7, 15.85, 15.90, 290, tse]
[1446, 31.75, 30.7, 31.50, 31.60, 219, tse]
[1447, 8.34, 7.86, 7.90, 8.15, 20259, tse]
[1449, 15.05, 14.8, 15.05, 14.85, 277, tse]
[1451, 23.0, 21.65, 21.90, 22.90, 2743, tse]
[1452, 18.15, 17.7, 18.15, 18.00, 461, tse]
[1453, 17.3, 16.5, 17.00, 16.90, 1706, tse]
[1454, 13.35, 12.95, 13.15, 13.05, 259, tse]
[1455, 10.95, 10.7, 10.75, 10.85, 1869, tse]
[1456, 15.45, 14.95, 15.10, 14.95, 276, tse]
[1457, 19.05, 18.85, 19.00, 19.00, 1109, tse]
[1459, 8.52, 8.45, 8.49, 8.52, 161, tse]
[1460, 7.24, 7.11, 7.12, 7.19, 1621, tse]
[1463, 15.65, 14.6, 14.75, 15.30, 2094, tse]
[1464, 14.25, 14.1, 14.15, 14.15, 538, tse]
[1465, 14.0, 13.8, 13.80, 13.95, 270, tse]
[1466, 11.7, 11.15, 11.60, 11.60, 184, tse]
[1467, 11.85, 11.55, 11.80, 11.55, 7328, tse]
[1468, 14.55, 13.75, 14.30, 14.05, 397, tse]
[1470, 19.5, 18.3, 18.30, 19.15, 154, tse]
[1471, 7.82, 7.68, 7.76, 7.77, 860, tse]
[1472, 29.7, 24.65, 25.50, 28.55, 91, tse]
[1473, 24.0, 22.8, 22.80, 23.70, 3549, tse]
[1474, 12.15, 12.05, 12.10, 12.10, 399, tse]
[1475, 71.9, 66.2, 68.10, 71.00, 867, tse]
[1476, 514.0, 492.5, 496.00, 493.00, 2396, tse]
[1477, 223.0, 214.0, 217.50, 221.00, 3580, tse]
[1503, 80.7, 65.5, 66.00, 77.00, 31567, tse]
[1504, 30.1, 29.1, 29.35, 29.70, 30954, tse]
[1506, 20.2, 18.75, 18.75, 19.95, 4266, tse]
[1512, 6.12, 5.58, 6.09, 5.58, 2617, tse]
[1513, 91.9, 80.4, 81.30, 87.80, 177001, tse]
[1514, 34.75, 32.55, 32.80, 33.80, 20406, tse]
[1515, 32.6, 30.25, 31.10, 31.85, 2185, tse]
[1516, 20.5, 20.0, 20.30, 20.15, 2036, tse]
[1517, 20.35, 19.95, 20.05, 20.20, 1281, tse]
[1519, 57.6, 51.7, 53.30, 56.00, 41809, tse]
[1521, 36.3, 35.5, 35.90, 35.80, 83, tse]
[1522, 28.95, 27.4, 27.55, 28.50, 10705, tse]
[1524, 25.35, 24.45, 24.70, 25.05, 8744, tse]
[1525, 61.7, 60.2, 61.70, 60.80, 230, tse]
[1526, 41.85, 40.8, 41.25, 41.70, 471, tse]
[1527, 42.8, 41.9, 42.25, 42.60, 719, tse]
[1528, 10.45, 10.0, 10.05, 10.35, 2019, tse]
[1529, 24.5, 22.65, 23.55, 23.85, 14814, tse]
[1530, 31.7, 31.3, 31.50, 31.65, 119, tse]
[1531, 14.15, 14.0, 14.05, 14.15, 888, tse]
[1532, 31.65, 31.0, 31.55, 31.50, 1521, tse]
[1533, 50.3, 48.75, 49.20, 50.00, 421, tse]
[1535, 43.8, 43.45, 43.60, 43.70, 545, tse]
[1536, 73.2, 71.5, 72.40, 72.60, 3014, tse]
[1537, 141.5, 139.0, 140.00, 140.50, 251, tse]
[1538, 7.65, 7.08, 7.32, 7.63, 5, tse]
[1539, 29.65, 28.4, 28.85, 29.45, 1516, tse]
[1540, 17.6, 16.3, 16.50, 17.60, 6534, tse]
[1541, 37.45, 33.4, 33.40, 37.45, 397, tse]
[1558, 121.0, 120.0, 121.00, 121.00, 164, tse]
[1560, 118.5, 113.0, 116.50, 116.00, 7334, tse]
[1565, 255.5, 251.5, 253.50, 253.00, 311, otc]
[1568, 24.45, 23.65, 24.00, 24.20, 690, tse]
[1569, 24.1, 23.2, 23.30, 23.85, 1287, otc]
[1570, 18.05, 17.8, 17.90, 17.95, 205, otc]
[1580, 95.0, 94.0, 94.70, 94.60, 174, otc]
[1582, 61.2, 60.3, 61.10, 60.80, 453, tse]
[1583, 62.3, 60.5, 61.20, 61.20, 22, tse]
[1584, 27.35, 26.05, 27.10, 26.95, 34328, otc]
[1586, 33.9, 33.45, 33.85, 33.75, 387, otc]
[1587, 22.7, 22.25, 22.65, 22.45, 196, tse]
[1589, 68.7, 65.7, 66.70, 67.30, 2645, tse]
[1590, 1085.0, 1045.0, 1,080.00, 1,065.00, 2253, tse]
[1591, 26.3, 23.5, 24.20, 26.25, 4093, otc]
[1593, 83.5, 77.2, 81.40, 79.00, 568, otc]
[1595, 38.55, 38.1, 38.50, 38.40, 135, otc]
[1597, 75.9, 73.6, 75.00, 74.40, 258, tse]
[1598, 51.6, 48.35, 49.00, 51.00, 6956, tse]
[1599, 39.5, 38.25, 39.50, 38.65, 469, otc]
[1603, 26.3, 25.7, 26.00, 26.15, 1636, tse]
[1604, 27.0, 26.2, 26.50, 26.95, 1260, tse]
[1605, 56.9, 52.3, 52.60, 56.30, 232549, tse]
[1608, 15.95, 15.05, 15.30, 15.65, 4292, tse]
[1609, 25.6, 23.05, 23.45, 24.50, 74199, tse]
[1611, 14.9, 13.65, 13.75, 14.65, 10053, tse]
[1612, 19.4, 18.6, 18.70, 19.05, 4393, tse]
[1614, 36.6, 35.7, 35.85, 36.60, 144, tse]
[1615, 31.1, 30.6, 31.00, 31.05, 388, tse]
[1616, 7.91, 7.67, 7.79, 7.82, 647, tse]
[1617, 14.9, 14.75, 14.75, 14.85, 50, tse]
[1618, 14.95, 14.6, 14.80, 14.90, 968, tse]
[1626, 17.55, 17.05, 17.55, 17.25, 484, tse]
[1701, 28.8, 27.2, 28.45, 27.40, 49299, tse]
[1702, 46.35, 45.8, 45.80, 46.05, 765, tse]
[1707, 177.0, 169.5, 171.00, 175.50, 1948, tse]
[1708, 41.25, 40.5, 40.95, 41.05, 4974, tse]
[1709, 23.35, 22.6, 22.85, 23.05, 2099, tse]
[1710, 18.8, 18.5, 18.70, 18.75, 1591, tse]
[1711, 19.05, 18.55, 18.80, 18.80, 2061, tse]
[1712, 39.1, 38.35, 38.35, 38.60, 3299, tse]
[1713, 25.4, 25.0, 25.20, 25.25, 169, tse]
[1714, 8.85, 8.62, 8.70, 8.81, 3329, tse]
[1717, 32.6, 31.9, 32.50, 32.15, 2897, tse]
[1718, 8.76, 8.46, 8.62, 8.62, 11576, tse]
[1720, 59.6, 57.3, 57.90, 57.90, 5643, tse]
[1721, 15.25, 14.9, 15.10, 15.05, 2171, tse]
[1722, 56.4, 55.4, 55.80, 56.10, 3464, tse]
[1723, 110.5, 108.5, 109.50, 109.50, 508, tse]
[1725, 21.1, 20.6, 21.00, 20.85, 53, tse]
[1726, 71.9, 71.0, 71.50, 71.90, 75, tse]
[1727, 27.3, 25.85, 26.20, 26.70, 1236, tse]
[1730, 56.0, 55.1, 55.50, 55.70, 66, tse]
[1731, 19.65, 19.4, 19.55, 19.55, 503, tse]
[1732, 30.25, 29.05, 30.00, 29.20, 992, tse]
[1733, 26.0, 25.6, 26.00, 25.85, 637, tse]
[1734, 33.1, 31.6, 31.60, 32.15, 9227, tse]
[1735, 15.1, 14.95, 15.00, 15.05, 49, tse]
[1736, 72.9, 68.7, 69.00, 72.00, 3320, tse]
[1737, 32.85, 32.45, 32.50, 32.80, 339, tse]
[1742, 15.05, 14.55, 14.80, 14.85, 154, otc]
[1752, 60.7, 57.6, 59.50, 59.00, 12691, tse]
[1760, 175.0, 166.5, 172.00, 169.50, 14644, tse]
[1762, 67.4, 65.2, 66.20, 67.00, 6291, tse]
[1773, 133.0, 128.5, 130.00, 131.00, 702, tse]
[1776, 16.95, 16.7, 16.85, 16.80, 159, tse]
[1777, 86.8, 85.5, 86.40, 86.30, 269, otc]
[1781, 16.3, 15.5, 16.30, 15.55, 689, otc]
[1783, 60.3, 57.2, 57.90, 59.10, 9031, tse]
[1784, 51.3, 45.2, 46.40, 45.95, 9403, otc]
[1785, 37.5, 36.5, 36.95, 37.20, 3837, otc]
[1786, 61.8, 56.2, 61.20, 58.60, 1583, tse]
[1788, 147.5, 145.0, 145.50, 146.00, 60, otc]
[1789, 26.15, 25.65, 25.95, 25.80, 2216, tse]
[1795, 293.0, 267.5, 286.00, 284.00, 75713, tse]
[1796, 80.4, 71.5, 72.50, 78.60, 1768, otc]
[1799, 16.55, 15.2, 15.20, 15.80, 46, otc]
[1802, 23.45, 22.2, 22.50, 23.35, 10240, tse]
[1805, 11.0, 10.0, 10.10, 10.55, 243, tse]
[1806, 9.04, 8.93, 8.99, 9.00, 588, tse]
[1808, 75.1, 72.2, 75.10, 73.50, 1284, tse]
[1809, 14.75, 14.0, 14.45, 14.50, 4699, tse]
[1810, 19.85, 18.45, 19.70, 18.75, 23500, tse]
[1813, 22.05, 21.6, 21.60, 22.05, 180, otc]
[1815, 12.65, 12.35, 12.50, 12.60, 2501, otc]
[1817, 39.85, 38.6, 39.70, 39.85, 279, tse]
[1903, 49.5, 48.0, 49.35, 48.70, 865, tse]
[1904, 28.9, 28.3, 28.80, 28.55, 2695, tse]
[1905, 17.0, 16.7, 16.85, 16.85, 1698, tse]
[1906, 17.9, 17.45, 17.60, 17.70, 1047, tse]
[1907, 26.15, 25.7, 25.90, 25.95, 4040, tse]
[1909, 18.6, 17.8, 17.95, 18.35, 7700, tse]
[2002, 31.75, 31.05, 31.15, 31.60, 54606, tse]
[2006, 57.0, 55.5, 56.30, 56.90, 5204, tse]
[2007, 12.4, 11.75, 11.90, 12.15, 3314, tse]
[2008, 18.6, 18.3, 18.35, 18.45, 172, tse]
[2009, 37.7, 35.45, 36.00, 36.80, 23066, tse]
[2010, 16.85, 16.45, 16.55, 16.70, 1728, tse]
[2012, 24.5, 24.0, 24.10, 24.35, 291, tse]
[2013, 58.8, 57.1, 57.80, 58.40, 830, tse]
[2014, 29.3, 27.85, 28.30, 28.80, 48912, tse]
[2015, 73.0, 69.0, 70.00, 73.00, 1373, tse]
[2017, 18.35, 16.05, 16.05, 18.10, 11321, tse]
[2020, 23.85, 23.5, 23.75, 23.80, 416, tse]
[2022, 8.81, 8.29, 8.35, 8.63, 4782, tse]
[2023, 17.0, 16.5, 16.70, 16.95, 7385, tse]
[2024, 19.55, 18.8, 18.80, 19.20, 86, tse]
[2025, 5.38, 5.2, 5.30, 5.25, 1100, tse]
[2027, 44.3, 42.8, 43.80, 43.10, 41609, tse]
[2028, 29.7, 27.9, 28.30, 28.80, 2529, tse]
[2029, 25.6, 24.65, 24.85, 25.40, 1381, tse]
[2030, 23.55, 23.0, 23.25, 23.45, 3260, tse]
[2031, 45.6, 44.05, 45.10, 45.35, 6538, tse]
[2032, 21.45, 20.4, 20.60, 20.90, 1287, tse]
[2033, 15.8, 14.6, 15.20, 15.30, 1330, tse]
[2034, 31.1, 30.1, 30.55, 30.70, 7032, tse]
[2035, 32.5, 31.75, 32.50, 32.10, 79, otc]
[2038, 23.55, 22.05, 22.35, 22.95, 3343, tse]
[2049, 246.5, 232.0, 237.50, 232.00, 14524, tse]
[2059, 397.0, 385.5, 393.00, 395.50, 1212, tse]
[2061, 26.8, 25.8, 25.80, 26.10, 583, otc]
[2062, 24.1, 23.55, 24.10, 23.80, 1000, tse]
[2063, 52.1, 44.7, 44.70, 47.00, 1492, otc]
[2064, 18.35, 18.0, 18.35, 18.25, 71, otc]
[2065, 58.5, 55.0, 55.00, 57.70, 768, otc]
[2066, 86.7, 84.5, 85.10, 85.90, 795, otc]
[2067, 10.9, 10.45, 10.60, 10.55, 129, otc]
[2069, 21.6, 20.9, 21.30, 21.45, 835, tse]
[2070, 38.55, 36.6, 38.55, 36.60, 152, otc]
[2101, 35.5, 34.55, 35.20, 35.20, 5100, tse]
[2102, 20.4, 19.35, 19.90, 19.95, 6463, tse]
[2103, 29.55, 28.5, 28.75, 28.80, 4930, tse]
[2104, 20.45, 20.1, 20.35, 20.35, 2430, tse]
[2105, 34.4, 33.8, 33.90, 34.30, 6864, tse]
[2106, 31.85, 31.05, 31.10, 31.85, 1949, tse]
[2107, 22.05, 21.7, 22.00, 22.00, 515, tse]
[2108, 41.3, 40.4, 41.20, 40.90, 2069, tse]
[2109, 15.0, 14.5, 15.00, 14.70, 605, tse]
[2114, 98.9, 97.6, 98.80, 98.20, 81, tse]
[2115, 30.3, 30.05, 30.20, 30.30, 46, tse]
[2201, 83.1, 76.6, 78.40, 81.50, 93414, tse]
[2204, 59.0, 55.5, 57.40, 58.20, 5423, tse]
[2206, 39.55, 35.85, 35.90, 38.85, 46500, tse]
[2207, 638.0, 620.0, 620.00, 623.00, 460, tse]
[2208, 21.45, 20.45, 20.75, 20.85, 19839, tse]
[2211, 53.4, 52.2, 52.90, 53.20, 436, tse]
[2221, 39.4, 38.2, 38.55, 39.20, 419, otc]
[2227, 201.5, 197.5, 198.00, 200.50, 119, tse]
[2228, 82.8, 77.5, 77.60, 81.40, 1523, tse]
[2230, 55.0, 51.6, 51.70, 54.10, 4129, otc]
[2231, 164.0, 156.5, 157.00, 163.50, 2887, tse]
[2233, 103.5, 101.0, 101.00, 103.00, 329, tse]
[2235, 47.45, 46.25, 46.35, 47.10, 16, otc]
[2236, 42.45, 37.45, 38.30, 39.55, 6536, tse]
[2239, 63.8, 62.2, 63.50, 62.50, 87, tse]
[2241, 34.55, 32.05, 32.10, 32.40, 252, tse]
[2243, 19.35, 17.6, 18.30, 17.60, 6627, tse]
[2247, 220.0, 217.0, 219.00, 218.50, 192, tse]
[2250, 71.8, 70.8, 71.00, 71.70, 64, tse]
[2301, 70.3, 68.8, 69.20, 70.00, 17519, tse]
[2302, 18.35, 16.85, 17.10, 17.70, 6843, tse]
[2303, 50.7, 49.15, 50.20, 50.10, 207554, tse]
[2305, 25.75, 24.8, 24.90, 25.10, 1197, tse]
[2308, 301.0, 291.5, 295.00, 299.00, 20147, tse]
[2312, 13.75, 13.55, 13.55, 13.70, 6960, tse]
[2313, 46.45, 45.3, 45.50, 46.40, 23209, tse]
[2314, 45.2, 42.25, 42.40, 43.80, 13819, tse]
[2316, 28.25, 27.65, 27.75, 28.00, 354, tse]
[2317, 103.5, 101.0, 101.50, 103.50, 115245, tse]
[2323, 7.92, 7.66, 7.75, 7.91, 11019, tse]
[2324, 23.75, 23.25, 23.50, 23.50, 61143, tse]
[2327, 579.0, 508.0, 513.00, 575.00, 21961, tse]
[2328, 39.9, 38.5, 39.20, 39.65, 15915, tse]
[2329, 19.75, 18.8, 19.10, 19.55, 9898, tse]
[2330, 546.0, 522.0, 544.00, 528.00, 147335, tse]
[2331, 21.7, 21.0, 21.20, 21.35, 2946, tse]
[2332, 17.05, 15.6, 15.60, 16.60, 28008, tse]
[2337, 36.7, 34.2, 35.75, 35.10, 33573, tse]
[2338, 87.2, 83.5, 85.30, 87.10, 13186, tse]
[2340, 37.8, 36.1, 36.25, 37.60, 5254, tse]
[2342, 42.15, 40.05, 40.55, 41.85, 5371, tse]
[2344, 23.5, 22.0, 22.20, 23.40, 97019, tse]
[2345, 285.0, 268.5, 272.50, 283.50, 10447, tse]
[2347, 63.7, 62.0, 62.70, 63.20, 12947, tse]
[2348, 67.6, 66.5, 67.20, 67.40, 169, tse]
[2349, 8.34, 8.14, 8.18, 8.30, 4508, tse]
[2351, 131.5, 119.5, 119.50, 125.50, 24637, tse]
[2352, 29.2, 28.6, 29.10, 28.85, 12931, tse]
[2353, 25.8, 24.95, 25.00, 25.65, 33727, tse]
[2354, 55.5, 54.2, 54.80, 55.10, 9922, tse]
[2355, 30.25, 29.7, 30.25, 30.00, 1743, tse]
[2356, 26.45, 25.55, 25.55, 26.25, 24901, tse]
[2357, 280.0, 270.0, 270.50, 278.00, 5847, tse]
[2358, 15.5, 14.8, 15.50, 15.20, 10259, tse]
[2359, 26.3, 25.9, 26.20, 26.15, 7563, tse]
[2360, 195.0, 185.0, 190.50, 191.00, 3380, tse]
[2362, 32.1, 30.8, 30.90, 31.80, 2363, tse]
[2363, 17.85, 17.4, 17.60, 17.80, 3995, tse]
[2364, 120.0, 108.5, 110.00, 114.50, 8060, tse]
[2365, 10.6, 9.99, 10.10, 10.30, 1241, tse]
[2367, 18.8, 17.95, 18.05, 18.65, 13192, tse]
[2368, 88.6, 85.0, 85.10, 88.10, 25456, tse]
[2369, 15.3, 14.3, 14.40, 15.25, 8215, tse]
[2371, 34.6, 33.05, 33.10, 34.00, 21603, tse]
[2373, 79.4, 78.9, 79.20, 79.10, 164, tse]
[2374, 20.65, 20.05, 20.05, 20.55, 1482, tse]
[2375, 69.3, 59.0, 60.20, 69.30, 8929, tse]
[2376, 122.0, 116.0, 117.00, 121.00, 17062, tse]
[2377, 136.0, 128.5, 128.50, 135.50, 9187, tse]
[2379, 361.0, 342.5, 352.00, 359.50, 14100, tse]
[2380, 11.15, 10.7, 10.80, 10.90, 2443, tse]
[2382, 79.3, 77.1, 77.50, 78.90, 18766, tse]
[2383, 193.5, 186.0, 190.50, 190.50, 5661, tse]
[2385, 91.3, 89.5, 89.60, 90.30, 5476, tse]
[2387, 39.0, 38.3, 38.70, 38.85, 759, tse]
[2388, 75.7, 71.6, 73.60, 74.20, 36163, tse]
[2390, 13.1, 12.65, 12.85, 12.95, 1290, tse]
[2392, 40.45, 39.5, 40.35, 40.10, 4089, tse]
[2393, 37.35, 36.75, 37.15, 37.30, 2050, tse]
[2395, 369.0, 356.0, 359.50, 362.00, 2310, tse]
[2397, 61.8, 60.6, 61.10, 61.60, 279, tse]
[2399, 15.4, 14.3, 14.60, 14.90, 14389, tse]
[2401, 25.95, 25.1, 25.30, 25.90, 8401, tse]
[2402, 19.25, 18.6, 18.60, 19.00, 9656, tse]
[2404, 221.0, 210.5, 210.50, 219.50, 5595, tse]
[2405, 13.15, 12.5, 12.75, 12.75, 16916, tse]
[2406, 20.5, 19.25, 19.45, 20.00, 8647, tse]
[2408, 60.0, 57.1, 58.00, 59.70, 24007, tse]
[2409, 18.0, 16.5, 17.10, 17.95, 251710, tse]
[2412, 114.5, 112.5, 113.00, 114.00, 32995, tse]
[2413, 29.3, 28.2, 28.55, 28.80, 5793, tse]
[2414, 31.6, 30.55, 31.60, 31.60, 365, tse]
[2415, 27.1, 23.0, 23.65, 25.65, 4649, tse]
[2417, 23.65, 22.75, 23.35, 23.50, 1094, tse]
[2419, 26.7, 25.85, 25.85, 26.50, 4901, tse]
[2420, 41.95, 40.8, 41.20, 41.95, 538, tse]
[2421, 42.85, 41.8, 42.00, 42.60, 1885, tse]
[2423, 28.25, 27.75, 27.85, 28.10, 434, tse]
[2424, 21.7, 20.45, 20.55, 21.35, 184, tse]
[2425, 35.7, 33.6, 35.35, 34.20, 12820, tse]
[2426, 17.6, 17.05, 17.25, 17.55, 729, tse]
[2427, 13.4, 12.35, 12.65, 12.85, 5588, tse]
[2428, 151.0, 143.5, 143.50, 148.00, 2047, tse]
[2429, 10.8, 10.2, 10.30, 10.30, 38, tse]
[2430, 47.55, 45.55, 46.25, 46.90, 687, tse]
[2431, 10.15, 9.92, 10.05, 10.10, 505, tse]
[2433, 49.35, 49.0, 49.20, 49.30, 60, tse]
[2434, 28.35, 27.5, 27.50, 27.75, 182, tse]
[2436, 49.5, 47.2, 47.50, 49.00, 4730, tse]
[2438, 14.95, 14.1, 14.95, 14.25, 107, tse]
[2439, 84.0, 82.6, 83.00, 83.70, 1293, tse]
[2440, 11.95, 11.5, 11.95, 11.75, 1006, tse]
[2441, 52.9, 51.0, 51.80, 52.90, 2819, tse]
[2442, 13.1, 12.9, 12.90, 13.00, 1272, tse]
[2443, 2.9, 2.79, 2.90, 2.84, 200, tse]
[2444, 17.1, 15.85, 16.35, 17.00, 6931, tse]
[2449, 41.4, 39.8, 40.00, 40.80, 20665, tse]
[2450, 32.4, 31.85, 32.20, 32.30, 396, tse]
[2451, 68.8, 67.8, 68.00, 68.50, 837, tse]
[2453, 41.95, 34.2, 34.45, 41.25, 129976, tse]
[2454, 742.0, 706.0, 735.00, 711.00, 19813, tse]
[2455, 87.8, 82.0, 82.50, 86.90, 14220, tse]
[2457, 42.8, 39.55, 39.80, 42.35, 28269, tse]
[2458, 106.5, 102.5, 106.00, 104.50, 7245, tse]
[2459, 55.0, 53.6, 53.90, 55.00, 303, tse]
[2460, 18.1, 17.75, 18.00, 17.80, 519, tse]
[2461, 19.8, 19.3, 19.40, 19.55, 848, tse]
[2462, 32.9, 29.45, 29.60, 32.50, 6123, tse]
[2464, 39.05, 38.6, 39.00, 39.05, 518, tse]
[2465, 43.95, 40.35, 40.40, 41.50, 9875, tse]
[2466, 34.9, 34.4, 34.75, 34.85, 62, tse]
[2467, 48.05, 44.0, 44.40, 46.25, 1036, tse]
[2468, 30.5, 28.15, 29.05, 29.20, 15419, tse]
[2471, 39.6, 30.35, 30.45, 39.45, 62117, tse]
[2472, 64.0, 57.8, 58.60, 61.80, 7478, tse]
[2474, 190.0, 186.0, 189.00, 189.00, 7330, tse]
[2476, 48.25, 47.55, 48.25, 48.10, 2194, tse]
[2477, 20.25, 20.0, 20.05, 20.10, 220, tse]
[2478, 49.15, 44.7, 45.15, 49.10, 1856, tse]
[2480, 90.0, 85.6, 85.90, 86.60, 2385, tse]
[2481, 68.3, 66.2, 66.80, 67.70, 13670, tse]
[2482, 46.75, 40.65, 40.65, 46.75, 12299, tse]
[2483, 26.25, 24.95, 25.15, 25.90, 933, tse]
[2484, 38.75, 36.55, 37.25, 38.50, 19093, tse]
[2485, 18.1, 17.5, 17.55, 18.00, 2083, tse]
[2486, 24.65, 22.35, 22.60, 23.50, 19399, tse]
[2488, 29.25, 28.9, 29.10, 29.25, 258, tse]
[2489, 10.2, 9.93, 10.05, 10.20, 3065, tse]
[2491, 12.4, 11.9, 12.40, 12.10, 107, tse]
[2492, 100.5, 91.6, 92.60, 100.50, 20901, tse]
[2493, 49.4, 47.7, 48.00, 48.65, 641, tse]
[2495, 19.55, 18.0, 18.20, 19.05, 13468, tse]
[2496, 51.5, 49.35, 50.60, 50.50, 230, tse]
[2497, 78.5, 74.7, 75.30, 78.40, 7398, tse]
[2498, 66.5, 62.9, 65.60, 65.60, 89706, tse]
[2501, 16.85, 16.5, 16.60, 16.75, 1517, tse]
[2504, 27.1, 26.4, 26.55, 26.80, 6561, tse]
[2505, 18.85, 18.35, 18.50, 18.60, 905, tse]
[2506, 9.36, 9.25, 9.25, 9.31, 1025, tse]
[2509, 14.9, 14.6, 14.65, 14.80, 174, tse]
[2511, 11.6, 11.35, 11.45, 11.40, 2393, tse]
[2514, 16.75, 16.6, 16.70, 16.70, 304, tse]
[2515, 8.63, 8.49, 8.57, 8.56, 8039, tse]
[2516, 5.08, 4.98, 4.98, 5.02, 486, tse]
[2520, 28.9, 28.5, 28.75, 28.75, 2137, tse]
[2524, 33.6, 32.2, 32.50, 32.90, 251, tse]
[2527, 21.55, 21.15, 21.15, 21.50, 349, tse]
[2528, 18.0, 17.4, 18.00, 17.40, 243, tse]
[2530, 18.05, 17.55, 18.05, 17.75, 1756, tse]
[2534, 23.55, 22.85, 22.90, 23.40, 3790, tse]
[2535, 31.1, 30.6, 31.00, 30.95, 749, tse]
[2536, 22.5, 22.2, 22.30, 22.35, 676, tse]
[2537, 7.04, 6.97, 6.99, 7.02, 1467, tse]
[2538, 13.15, 12.75, 13.15, 12.95, 2720, tse]
[2539, 34.4, 33.85, 34.00, 34.40, 838, tse]
[2540, 79.3, 77.1, 77.90, 77.80, 655, tse]
[2542, 42.0, 41.25, 41.60, 41.90, 6793, tse]
[2543, 9.03, 8.94, 9.03, 9.00, 95, tse]
[2545, 44.0, 43.05, 43.45, 43.90, 1240, tse]
[2546, 55.9, 54.8, 55.50, 55.50, 365, tse]
[2547, 9.32, 9.0, 9.01, 9.23, 3787, tse]
[2548, 90.6, 89.6, 90.20, 90.20, 875, tse]
[2596, 19.3, 18.4, 18.40, 19.30, 426, otc]
[2597, 125.0, 122.5, 125.00, 123.50, 367, tse]
[2601, 8.5, 8.32, 8.50, 8.37, 5937, tse]
[2603, 149.0, 142.5, 146.00, 148.00, 72230, tse]
[2605, 20.9, 19.7, 19.85, 20.80, 9714, tse]
[2606, 52.3, 50.7, 51.60, 51.40, 9925, tse]
[2607, 27.95, 27.0, 27.50, 27.75, 12390, tse]
[2608, 38.95, 38.4, 38.75, 38.75, 644, tse]
[2609, 60.9, 58.7, 60.20, 60.30, 75913, tse]
[2610, 21.3, 18.9, 19.00, 21.00, 392808, tse]
[2611, 13.35, 13.0, 13.05, 13.20, 2255, tse]
[2612, 38.95, 38.15, 38.70, 38.35, 786, tse]
[2613, 22.7, 21.8, 21.85, 22.45, 697, tse]
[2614, 23.45, 23.0, 23.05, 23.35, 5346, tse]
[2615, 75.4, 73.2, 74.90, 73.70, 28331, tse]
[2616, 31.2, 30.8, 31.20, 31.10, 688, tse]
[2617, 27.25, 26.6, 26.90, 27.10, 2320, tse]
[2618, 29.9, 28.2, 28.50, 29.70, 309811, tse]
[2630, 17.35, 16.95, 17.20, 17.25, 435, tse]
[2633, 29.2, 28.75, 28.90, 29.00, 7392, tse]
[2634, 38.6, 36.85, 38.25, 38.00, 74480, tse]
[2636, 67.1, 65.1, 66.70, 66.40, 2014, tse]
[2637, 61.9, 60.0, 61.30, 61.10, 7820, tse]
[2640, 110.0, 94.9, 104.50, 106.50, 1273, otc]
[2641, 17.8, 17.3, 17.80, 17.50, 5915, otc]
[2642, 48.6, 47.95, 48.60, 48.25, 492, tse]
[2643, 69.2, 68.5, 69.00, 69.10, 114, otc]
[2701, 12.3, 12.1, 12.15, 12.30, 1275, tse]
[2702, 26.3, 22.65, 23.05, 25.85, 9393, tse]
[2704, 33.5, 32.45, 32.50, 33.30, 980, tse]
[2705, 17.45, 16.7, 16.80, 17.10, 2509, tse]
[2706, 14.55, 14.15, 14.30, 14.45, 2044, tse]
[2707, 285.0, 251.5, 259.00, 269.50, 11945, tse]
[2712, 33.8, 32.9, 33.50, 33.05, 212, tse]
[2718, 37.6, 34.8, 37.60, 34.90, 15, otc]
[2719, 41.15, 33.7, 34.90, 41.15, 520, otc]
[2722, 35.95, 33.15, 33.20, 35.35, 869, tse]
[2723, 171.0, 152.0, 154.50, 160.00, 24301, tse]
[2724, 13.45, 13.4, 13.40, 13.40, 12, otc]
[2726, 27.0, 23.65, 23.65, 26.05, 1066, otc]
[2727, 236.0, 201.5, 202.50, 234.00, 26219, tse]
[2729, 272.0, 229.0, 229.00, 256.50, 3205, otc]
[2731, 138.5, 110.0, 111.50, 137.00, 58533, tse]
[2732, 158.0, 143.5, 146.00, 153.50, 17412, otc]
[2734, 31.0, 27.75, 28.40, 30.30, 2789, otc]
[2736, 24.85, 22.3, 22.75, 24.75, 11067, otc]
[2739, 34.7, 30.5, 31.10, 34.25, 2714, tse]
[2740, 48.0, 45.25, 46.45, 48.00, 8, otc]
[2743, 68.0, 59.2, 60.00, 65.90, 26746, otc]
[2745, 43.0, 39.05, 39.35, 41.75, 2077, otc]
[2748, 86.0, 72.9, 74.30, 85.00, 36266, tse]
[2752, 259.5, 241.5, 241.50, 253.00, 215, otc]
[2753, 254.0, 227.0, 246.00, 250.00, 15750, tse]
[2754, 199.0, 147.0, 147.00, 187.50, 23729, otc]
[2755, 97.0, 88.5, 89.20, 92.10, 135, otc]
[2756, 123.0, 107.0, 109.00, 119.50, 234, otc]
[2801, 17.4, 17.2, 17.30, 17.30, 23915, tse]
[2809, 35.05, 34.05, 34.70, 34.20, 5609, tse]
[2812, 13.3, 13.15, 13.20, 13.20, 22188, tse]
[2816, 16.3, 16.15, 16.25, 16.30, 108, tse]
[2820, 15.65, 15.4, 15.45, 15.65, 2679, tse]
[2832, 20.8, 20.6, 20.70, 20.75, 521, tse]
[2834, 13.85, 13.4, 13.45, 13.70, 94178, tse]
[2836, 12.9, 12.65, 12.75, 12.85, 1377, tse]
[2838, 16.7, 15.95, 16.20, 16.70, 6767, tse]
[2845, 11.85, 11.6, 11.65, 11.75, 8905, tse]
[2849, 14.85, 14.6, 14.60, 14.70, 205, tse]
[2850, 52.2, 50.7, 50.70, 51.10, 960, tse]
[2851, 18.5, 18.05, 18.35, 18.30, 5352, tse]
[2852, 16.95, 16.6, 16.75, 16.85, 1088, tse]
[2855, 17.4, 17.0, 17.10, 17.10, 3256, tse]
[2867, 5.61, 5.48, 5.49, 5.56, 36895, tse]
[2880, 23.0, 22.55, 22.60, 22.80, 29721, tse]
[2881, 60.3, 58.6, 58.60, 59.40, 44866, tse]
[2882, 43.75, 42.25, 42.55, 43.05, 70461, tse]
[2883, 13.15, 12.85, 12.90, 13.05, 89192, tse]
[2884, 25.4, 24.7, 24.75, 25.10, 113962, tse]
[2885, 22.9, 22.6, 22.70, 22.75, 37999, tse]
[2886, 34.1, 32.5, 32.65, 33.40, 82135, tse]
[2887, 16.4, 16.05, 16.15, 16.25, 38714, tse]
[2888, 8.75, 8.59, 8.65, 8.70, 70198, tse]
[2889, 12.8, 12.5, 12.65, 12.60, 14736, tse]
[2890, 17.45, 17.1, 17.20, 17.30, 56796, tse]
[2891, 23.05, 22.3, 22.35, 22.70, 128806, tse]
[2892, 26.7, 26.2, 26.35, 26.55, 59086, tse]
[2897, 9.78, 9.65, 9.72, 9.69, 18046, tse]
[2901, 25.25, 24.2, 24.30, 24.85, 142, tse]
[2903, 21.8, 21.3, 21.50, 21.60, 2912, tse]
[2904, 22.25, 20.55, 20.85, 22.00, 712, tse]
[2905, 16.4, 15.5, 15.65, 16.25, 2556, tse]
[2906, 19.05, 17.7, 18.20, 18.65, 3651, tse]
[2908, 20.05, 19.85, 19.95, 19.95, 750, tse]
[2910, 29.8, 28.95, 28.95, 29.50, 43, tse]
[2911, 7.17, 7.0, 7.01, 7.06, 884, tse]
[2912, 271.5, 267.5, 269.50, 269.50, 3843, tse]
[2913, 21.95, 21.2, 21.40, 21.70, 2254, tse]
[2915, 68.1, 65.3, 65.50, 68.00, 9150, tse]
[2916, 31.8, 30.1, 31.00, 30.10, 1120, otc]
[2923, 22.35, 21.7, 22.10, 22.00, 32, tse]
[2924, 40.45, 35.7, 39.95, 36.50, 128, otc]
[2926, 59.4, 58.3, 58.70, 59.30, 49, otc]
[2929, 16.35, 15.75, 15.90, 16.10, 5392, tse]
[2937, 36.75, 36.05, 36.40, 36.60, 38, otc]
[2939, 34.8, 33.0, 33.05, 33.90, 1023, tse]
[2945, 47.3, 45.5, 47.30, 46.00, 147, tse]
[2947, 100.5, 97.7, 100.00, 99.30, 33, otc]
[3002, 11.85, 11.45, 11.75, 11.75, 575, tse]
[3003, 72.4, 70.4, 71.10, 72.20, 1001, tse]
[3004, 83.4, 80.5, 82.10, 83.40, 463, tse]
[3005, 47.65, 46.95, 47.00, 47.20, 3370, tse]
[3006, 81.1, 76.7, 77.80, 81.10, 14322, tse]
[3008, 2255.0, 2200.0, 2,255.00, 2,215.00, 1202, tse]
[3010, 87.4, 85.3, 87.40, 85.70, 1012, tse]
[3011, 18.55, 17.8, 18.50, 18.00, 4401, tse]
[3013, 20.15, 18.55, 18.95, 20.15, 52234, tse]
[3014, 86.7, 83.7, 84.20, 85.50, 3052, tse]
[3015, 40.85, 39.7, 39.70, 40.60, 450, tse]
[3016, 77.3, 75.5, 76.10, 76.60, 1730, tse]
[3017, 118.5, 114.0, 115.50, 117.50, 19463, tse]
[3019, 65.6, 64.1, 65.10, 64.90, 1788, tse]
[3021, 22.0, 20.75, 21.35, 21.40, 749, tse]
[3022, 84.5, 76.5, 76.70, 81.70, 13061, tse]
[3023, 310.5, 297.0, 307.00, 299.50, 2314, tse]
[3024, 13.85, 13.1, 13.25, 13.65, 4939, tse]
[3025, 21.45, 20.3, 20.50, 21.00, 2449, tse]
[3026, 97.6, 94.1, 94.20, 96.80, 1069, tse]
[3027, 40.5, 36.2, 37.40, 40.50, 51320, tse]
[3028, 30.0, 29.5, 29.95, 29.70, 1593, tse]
[3029, 48.5, 46.6, 46.60, 47.40, 18643, tse]
[3030, 62.8, 62.1, 62.40, 62.60, 1158, tse]
[3031, 16.6, 15.55, 15.70, 16.60, 536, tse]
[3032, 33.45, 31.5, 32.00, 33.15, 1396, tse]
[3033, 27.6, 26.85, 27.05, 27.45, 3666, tse]
[3034, 404.5, 378.5, 383.00, 402.00, 30016, tse]
[3035, 200.5, 189.0, 190.00, 200.50, 47678, tse]
[3036, 66.4, 65.0, 65.40, 65.80, 3984, tse]
[3037, 140.5, 128.0, 129.00, 138.50, 88199, tse]
[3038, 21.6, 20.8, 20.80, 21.35, 5905, tse]
[3040, 30.0, 29.8, 29.95, 30.00, 82, tse]
[3041, 21.95, 21.45, 21.60, 21.90, 3065, tse]
[3042, 87.0, 84.8, 86.20, 86.60, 4854, tse]
[3043, 31.0, 27.6, 31.00, 29.40, 197, tse]
[3044, 103.5, 100.5, 101.00, 103.00, 2474, tse]
[3045, 97.0, 95.5, 95.70, 96.20, 9218, tse]
[3046, 53.5, 51.0, 52.30, 52.90, 7177, tse]
[3047, 15.75, 15.25, 15.35, 15.65, 8053, tse]
[3048, 28.05, 27.5, 27.70, 28.00, 1102, tse]
[3049, 9.54, 9.31, 9.35, 9.52, 4198, tse]
[3050, 17.55, 17.25, 17.35, 17.45, 928, tse]
[3051, 19.45, 18.5, 18.65, 19.20, 2034, tse]
[3052, 10.5, 10.3, 10.35, 10.45, 405, tse]
[3054, 19.3, 18.65, 19.30, 19.00, 43, tse]
[3055, 29.6, 27.5, 27.75, 29.35, 1255, tse]
[3056, 32.0, 31.3, 31.60, 31.85, 1312, tse]
[3057, 11.3, 10.85, 11.10, 10.90, 485, tse]
[3058, 12.1, 9.95, 10.05, 12.10, 6740, tse]
[3059, 34.8, 34.15, 34.35, 34.80, 3861, tse]
[3060, 17.65, 17.3, 17.45, 17.50, 744, tse]
[3062, 24.4, 23.4, 23.55, 24.25, 7925, tse]
[3064, 14.05, 14.0, 14.05, 14.00, 8, otc]
[3066, 23.8, 23.3, 23.30, 23.65, 140, otc]
[3067, 32.9, 31.1, 32.85, 32.90, 6, otc]
[3071, 25.15, 24.55, 25.15, 25.10, 408, otc]
[3073, 32.1, 30.5, 30.55, 30.80, 12, otc]
[3078, 31.8, 29.3, 29.40, 31.60, 3727, otc]
[3081, 132.0, 125.0, 130.00, 128.00, 6489, otc]
[3083, 47.85, 46.05, 46.40, 46.65, 1815, otc]
[3085, 22.25, 21.1, 22.25, 21.95, 18, otc]
[3086, 79.8, 77.5, 79.00, 78.20, 62, otc]
[3088, 62.4, 60.7, 62.40, 61.60, 1473, otc]
[3089, 65.6, 59.0, 65.10, 60.50, 234, otc]
[3090, 56.2, 54.6, 54.90, 55.70, 2019, tse]
[3092, 39.75, 36.75, 36.90, 37.90, 2108, tse]
[3093, 30.3, 28.7, 29.20, 30.00, 1638, otc]
[3094, 29.9, 26.9, 27.30, 29.30, 13271, tse]
[3095, 35.05, 32.2, 33.25, 33.90, 52, otc]
[3105, 176.5, 166.0, 168.50, 171.00, 27601, otc]
[3114, 26.75, 26.0, 26.10, 26.65, 411, otc]
[3115, 11.75, 11.2, 11.20, 11.35, 15, otc]
[3118, 29.0, 28.1, 28.25, 28.40, 72, otc]
[3122, 29.7, 26.4, 26.50, 28.05, 4637, otc]
[3128, 47.2, 44.5, 45.55, 46.20, 18289, otc]
[3130, 211.5, 202.0, 204.50, 203.50, 101, tse]
[3131, 247.5, 241.0, 247.50, 246.00, 170, otc]
[3138, 158.5, 143.0, 147.50, 149.50, 5362, tse]
[3141, 112.0, 99.6, 100.00, 110.50, 23157, otc]
[3147, 58.6, 54.2, 55.10, 56.70, 2727, otc]
[3149, 18.9, 18.0, 18.90, 18.50, 1749, tse]
[3152, 238.0, 209.0, 213.00, 236.00, 1386, otc]
[3162, 54.4, 50.6, 51.00, 54.00, 13970, otc]
[3163, 56.6, 54.5, 54.60, 56.60, 4516, otc]
[3164, 23.75, 23.5, 23.60, 23.50, 266, tse]
[3167, 44.1, 43.0, 43.80, 43.95, 148, tse]
[3169, 115.0, 108.5, 111.50, 114.00, 1658, otc]
[3171, 17.2, 16.95, 17.20, 17.10, 43, otc]
[3176, 32.6, 31.5, 32.20, 32.35, 584, otc]
[3178, 71.8, 68.0, 69.00, 70.50, 354, otc]
[3188, 13.1, 12.8, 12.95, 12.95, 565, otc]
[3189, 113.0, 105.0, 106.00, 111.50, 32574, tse]
[3191, 8.5, 8.2, 8.40, 8.25, 52, otc]
[3202, 15.65, 14.7, 15.65, 14.95, 1140, otc]
[3205, 47.05, 45.15, 46.20, 46.70, 1395, otc]
[3206, 30.1, 29.65, 29.90, 29.80, 202, otc]
[3207, 66.8, 58.9, 58.90, 66.70, 34202, otc]
[3209, 42.85, 40.7, 40.95, 42.80, 11041, tse]
[3211, 79.8, 78.4, 79.10, 79.10, 581, otc]
[3213, 45.2, 44.9, 45.10, 45.10, 114, otc]
[3217, 93.4, 90.1, 91.50, 92.80, 4378, otc]
[3218, 345.5, 322.5, 335.50, 329.50, 2120, otc]
[3219, 68.5, 63.6, 63.60, 64.50, 251, otc]
[3221, 31.1, 26.3, 26.55, 29.40, 19141, otc]
[3224, 49.0, 45.8, 46.45, 47.35, 8031, otc]
[3226, 55.0, 55.0, 55.00, 55.00, 3, otc]
[3227, 111.0, 105.5, 107.50, 110.50, 2382, otc]
[3228, 198.0, 188.0, 192.50, 195.50, 4002, otc]
[3229, 19.9, 19.35, 19.80, 19.60, 60, tse]
[3230, 12.6, 12.2, 12.35, 12.40, 221, otc]
[3231, 31.9, 31.2, 31.20, 31.50, 38188, tse]
[3232, 30.15, 29.25, 30.00, 29.65, 545, otc]
[3234, 23.35, 22.55, 22.95, 22.90, 1081, otc]
[3236, 25.6, 24.3, 24.40, 25.20, 1142, otc]
[3252, 20.05, 18.45, 18.60, 19.75, 2112, otc]
[3257, 48.9, 46.4, 47.10, 48.50, 316, tse]
[3259, 22.65, 20.6, 20.80, 21.35, 440, otc]
[3260, 69.6, 64.3, 65.30, 69.60, 14858, otc]
[3264, 56.3, 53.9, 55.30, 54.30, 20358, otc]
[3265, 50.8, 49.35, 50.00, 49.60, 3978, otc]
[3266, 11.95, 11.8, 11.90, 11.95, 145, tse]
[3268, 23.45, 22.65, 23.30, 22.95, 186, otc]
[3272, 42.9, 39.3, 40.10, 42.10, 4286, otc]
[3276, 12.6, 12.15, 12.25, 12.45, 264, otc]
[3284, 14.65, 14.15, 14.65, 14.40, 247, otc]
[3285, 20.2, 19.5, 20.20, 19.90, 93, otc]
[3287, 14.2, 13.45, 13.50, 13.70, 368, otc]
[3288, 22.55, 21.3, 21.85, 22.55, 39, otc]
[3289, 93.1, 83.1, 92.90, 85.80, 19922, otc]
[3290, 26.1, 24.15, 24.35, 25.80, 7884, otc]
[3293, 513.0, 500.0, 504.00, 509.00, 2875, otc]
[3294, 17.8, 17.1, 17.30, 17.65, 519, otc]
[3296, 17.7, 16.55, 17.70, 17.55, 2018, tse]
[3297, 19.2, 17.85, 17.85, 18.55, 1003, otc]
[3303, 26.8, 26.25, 26.75, 26.50, 334, otc]
[3305, 48.15, 45.8, 46.55, 47.35, 4015, tse]
[3306, 24.35, 22.75, 22.80, 24.15, 1382, otc]
[3308, 15.6, 14.85, 15.15, 14.90, 215, tse]
[3310, 55.0, 50.2, 53.20, 53.80, 1083, otc]
[3311, 34.0, 33.8, 34.00, 33.95, 111, tse]
[3312, 18.15, 17.7, 18.05, 18.15, 835, tse]
[3313, 10.45, 10.2, 10.30, 10.35, 126, otc]
[3317, 58.5, 56.2, 57.00, 58.50, 1298, otc]
[3321, 9.22, 8.8, 8.86, 9.03, 591, tse]
[3322, 20.6, 19.95, 20.20, 20.45, 1661, otc]
[3323, 35.15, 34.45, 34.95, 35.05, 423, otc]
[3324, 173.5, 158.0, 158.00, 170.50, 11271, otc]
[3325, 13.65, 13.35, 13.45, 13.55, 433, otc]
[3332, 47.3, 43.5, 46.30, 45.15, 365, otc]
[3338, 35.65, 32.85, 32.85, 35.15, 1487, tse]
[3339, 12.6, 12.45, 12.50, 12.50, 190, otc]
[3346, 37.35, 36.3, 36.85, 37.15, 1725, tse]
[3349, 14.0, 13.1, 14.00, 13.40, 81, otc]
[3354, 14.1, 13.35, 13.55, 13.70, 288, otc]
[3356, 41.1, 39.2, 39.75, 40.35, 5380, tse]
[3357, 105.0, 98.1, 100.00, 104.50, 802, otc]
[3360, 14.05, 13.65, 13.70, 13.90, 199, otc]
[3362, 79.4, 76.9, 78.00, 78.30, 4166, otc]
[3363, 24.3, 23.7, 24.30, 24.00, 500, otc]
[3372, 11.9, 11.55, 11.85, 11.85, 954, otc]
[3373, 25.7, 25.05, 25.70, 25.30, 322, otc]
[3374, 107.0, 103.0, 106.00, 106.50, 5256, otc]
[3376, 86.8, 84.5, 85.00, 85.40, 1227, tse]
[3379, 11.85, 11.65, 11.80, 11.85, 186, otc]
[3380, 31.45, 30.2, 30.20, 31.00, 3164, tse]
[3388, 75.8, 73.6, 74.00, 75.10, 82, otc]
[3390, 19.0, 17.9, 18.10, 18.80, 954, otc]
[3402, 46.1, 45.65, 46.00, 45.95, 472, otc]
[3406, 394.5, 368.5, 372.50, 391.50, 10264, tse]
[3413, 206.0, 199.5, 200.50, 203.50, 2266, tse]
[3416, 86.2, 85.5, 86.00, 86.00, 324, tse]
[3419, 19.45, 17.75, 17.85, 18.80, 7341, tse]
[3426, 38.2, 37.95, 37.95, 38.20, 6, otc]
[3430, 46.85, 45.3, 45.70, 45.95, 461, otc]
[3432, 18.85, 17.95, 18.40, 18.55, 2472, tse]
[3434, 24.9, 24.3, 24.65, 24.55, 218, otc]
[3437, 18.85, 18.1, 18.35, 18.30, 552, tse]
[3438, 62.2, 56.3, 58.80, 60.30, 5409, otc]
[3441, 42.3, 40.45, 40.55, 41.70, 1752, otc]
[3443, 1010.0, 893.0, 903.00, 958.00, 39415, tse]
[3444, 62.9, 60.5, 62.90, 61.00, 2086, otc]
[3447, 47.6, 44.55, 47.60, 46.80, 2275, tse]
[3450, 42.1, 39.9, 40.00, 41.60, 1073, tse]
[3454, 254.0, 231.0, 246.00, 240.50, 32151, tse]
[3455, 87.3, 85.4, 85.80, 87.10, 1547, otc]
[3465, 101.0, 95.8, 99.50, 100.00, 104, otc]
[3466, 32.2, 30.55, 30.65, 31.05, 1612, otc]
[3479, 90.8, 83.8, 87.00, 87.60, 31045, otc]
[3481, 13.6, 12.35, 12.75, 13.60, 372323, tse]
[3483, 65.5, 59.3, 60.20, 64.30, 6252, otc]
[3484, 46.85, 45.0, 45.40, 46.30, 356, otc]
[3489, 10.45, 10.2, 10.45, 10.35, 113, otc]
[3490, 25.2, 24.5, 24.55, 25.15, 305, otc]
[3491, 145.0, 136.5, 136.50, 143.00, 5437, otc]
[3492, 19.1, 18.8, 19.00, 18.95, 129, otc]
[3494, 12.1, 11.0, 11.35, 11.45, 10949, tse]
[3498, 35.85, 33.3, 35.40, 34.05, 2272, otc]
[3499, 18.25, 17.8, 18.10, 18.20, 1043, otc]
[3501, 50.0, 49.3, 49.35, 50.00, 279, tse]
[3504, 85.4, 81.9, 83.00, 83.50, 3067, tse]
[3508, 38.65, 37.2, 38.60, 38.40, 2156, otc]
[3511, 35.4, 32.85, 33.05, 34.90, 3154, otc]
[3512, 28.9, 28.55, 28.65, 28.75, 107, otc]
[3515, 157.5, 147.0, 152.00, 150.00, 7481, tse]
[3516, 16.35, 15.8, 15.90, 15.95, 163, otc]
[3518, 21.85, 21.2, 21.85, 21.50, 390, tse]
[3520, 20.2, 19.6, 20.10, 19.85, 2106, otc]
[3521, 23.85, 22.0, 22.95, 23.25, 3295, otc]
[3522, 11.3, 10.15, 10.25, 11.10, 411, otc]
[3523, 19.5, 17.25, 18.20, 18.90, 241, otc]
[3526, 137.0, 126.5, 129.50, 135.50, 1525, otc]
[3527, 118.5, 112.5, 114.50, 116.50, 1071, otc]
[3528, 57.9, 53.5, 54.40, 53.90, 5148, tse]
[3529, 1685.0, 1565.0, 1,655.00, 1,625.00, 2598, otc]
[3530, 86.1, 81.0, 81.40, 85.40, 666, tse]
[3531, 27.35, 26.6, 27.35, 27.10, 104, otc]
[3532, 156.0, 149.5, 153.50, 155.50, 2951, tse]
[3533, 865.0, 823.0, 857.00, 830.00, 2550, tse]
[3535, 22.65, 22.05, 22.40, 22.55, 1140, tse]
[3536, 4.1, 3.96, 4.01, 4.05, 127, tse]
[3537, 39.7, 38.85, 38.90, 39.40, 1648, otc]
[3540, 35.7, 28.9, 29.10, 34.20, 8847, otc]
[3541, 57.5, 55.5, 55.50, 56.70, 453, otc]
[3543, 20.9, 19.55, 19.60, 20.20, 314, tse]
[3545, 73.9, 67.9, 69.60, 72.60, 14689, tse]
[3546, 76.4, 74.9, 75.20, 75.50, 407, otc]
[3548, 65.0, 63.0, 63.70, 64.70, 1634, otc]
[3550, 13.95, 13.75, 13.85, 13.85, 406, tse]
[3551, 58.9, 58.2, 58.90, 58.60, 195, otc]
[3552, 157.0, 151.5, 153.00, 156.00, 4377, otc]
[3555, 27.15, 25.75, 27.00, 26.60, 17, otc]
[3556, 60.0, 58.0, 58.10, 60.00, 496, otc]
[3557, 55.7, 52.4, 52.80, 54.30, 377, tse]
[3558, 285.0, 250.0, 254.00, 282.50, 26620, otc]
[3563, 152.5, 148.0, 150.50, 152.50, 192, tse]
[3564, 40.5, 34.65, 36.00, 38.50, 4395, otc]
[3567, 27.85, 27.2, 27.85, 27.40, 153, otc]
[3570, 97.6, 95.8, 96.50, 97.00, 53, otc]
[3576, 21.2, 20.65, 20.75, 20.95, 12119, tse]
[3577, 82.5, 77.8, 77.80, 79.70, 479, otc]
[3580, 61.5, 58.2, 61.50, 60.60, 1819, otc]
[3581, 23.5, 22.25, 22.60, 23.15, 259, otc]
[3583, 77.8, 74.2, 76.50, 75.90, 1667, tse]
[3587, 186.5, 179.0, 186.00, 184.00, 3194, otc]
[3588, 65.9, 62.5, 64.50, 64.60, 2530, tse]
[3591, 22.2, 20.35, 21.80, 21.90, 9207, tse]
[3592, 385.5, 365.0, 371.00, 379.00, 3069, tse]
[3593, 12.3, 12.0, 12.20, 12.20, 181, tse]
[3594, 35.65, 31.25, 31.25, 34.40, 23299, otc]
[3596, 107.5, 102.0, 103.00, 107.00, 5262, tse]
[3597, 25.2, 23.8, 25.00, 23.95, 117, otc]
[3605, 34.8, 32.35, 32.70, 34.45, 2011, tse]
[3607, 12.25, 11.85, 11.90, 12.25, 547, tse]
[3609, 45.6, 44.6, 44.95, 45.60, 57, otc]
[3611, 207.0, 202.0, 205.00, 207.00, 234, otc]
[3615, 17.35, 17.0, 17.15, 17.25, 215, otc]
[3617, 122.5, 111.5, 113.00, 119.50, 10740, tse]
[3622, 28.25, 27.4, 27.75, 28.15, 254, tse]
[3623, 16.85, 16.3, 16.55, 16.55, 136, otc]
[3624, 59.2, 55.3, 57.00, 57.80, 33198, otc]
[3625, 13.5, 13.0, 13.40, 13.20, 660, otc]
[3628, 43.2, 40.5, 41.25, 42.45, 500, otc]
[3629, 41.0, 39.25, 40.00, 39.40, 34, otc]
[3630, 29.2, 28.1, 28.20, 29.10, 602, otc]
[3631, 38.85, 36.6, 38.00, 37.35, 105, otc]
[3632, 12.1, 10.95, 11.00, 11.95, 253, otc]
[3645, 35.1, 33.2, 33.20, 34.45, 1147, tse]
[3646, 26.3, 24.95, 25.15, 25.50, 604, otc]
[3652, 23.45, 22.65, 23.05, 22.90, 314, tse]
[3653, 416.5, 369.0, 392.50, 385.50, 13985, tse]
[3661, 1020.0, 906.0, 990.00, 961.00, 23249, tse]
[3663, 28.2, 27.35, 28.00, 28.20, 129, otc]
[3664, 12.5, 11.6, 12.50, 12.20, 577, otc]
[3665, 283.5, 266.0, 266.50, 280.50, 10600, tse]
[3666, 19.7, 19.2, 19.20, 19.40, 222, otc]
[3669, 45.55, 44.6, 45.10, 45.25, 318, tse]
[3672, 26.85, 26.45, 26.70, 26.60, 23, otc]
[3673, 31.25, 30.4, 30.70, 31.20, 1750, tse]
[3675, 282.0, 242.0, 248.00, 279.00, 21621, otc]
[3679, 95.7, 92.4, 93.00, 95.30, 118, tse]
[3680, 291.5, 277.0, 287.50, 289.50, 5631, otc]
[3682, 6.32, 6.2, 6.26, 6.22, 5954, tse]
[3684, 55.3, 54.0, 54.50, 54.40, 82, otc]
[3685, 20.7, 20.15, 20.70, 20.55, 164, otc]
[3686, 15.7, 14.8, 15.00, 15.30, 1031, tse]
[3687, 90.0, 88.0, 89.40, 88.50, 610, otc]
[3689, 34.85, 33.05, 33.30, 34.70, 672, otc]
[3691, 113.0, 106.5, 108.50, 113.00, 1044, otc]
[3693, 134.5, 124.5, 126.00, 130.00, 14396, otc]
[3694, 20.75, 20.0, 20.15, 20.60, 516, tse]
[3701, 44.5, 41.75, 42.90, 43.85, 3500, tse]
[3702, 49.7, 48.8, 48.80, 49.20, 12216, tse]
[3703, 30.45, 29.6, 30.25, 30.10, 5120, tse]
[3704, 40.45, 38.65, 39.00, 40.10, 49454, tse]
[3705, 43.95, 42.75, 43.80, 42.85, 3972, tse]
[3706, 31.1, 30.5, 30.65, 30.90, 6946, tse]
[3707, 98.2, 94.5, 95.20, 97.90, 9586, otc]
[3708, 109.5, 102.0, 102.00, 105.50, 7362, tse]
[3709, 22.9, 22.25, 22.90, 22.80, 71, otc]
[3710, 13.25, 12.3, 12.80, 13.05, 23090, otc]
[3711, 105.5, 102.5, 105.00, 104.00, 48947, tse]
[3712, 31.2, 29.8, 30.55, 30.40, 4393, tse]
[3713, 31.0, 29.25, 30.00, 30.30, 409, otc]
[3714, 49.45, 48.35, 48.80, 49.40, 5532, tse]
[3715, 17.9, 17.5, 17.60, 17.70, 2070, tse]
[4102, 31.75, 30.2, 31.20, 30.75, 3376, otc]
[4104, 76.6, 74.0, 74.90, 75.20, 2250, tse]
[4105, 78.4, 77.3, 78.30, 77.60, 2370, otc]
[4106, 32.3, 31.0, 31.20, 31.65, 4137, tse]
[4107, 113.0, 111.0, 112.00, 112.50, 684, otc]
[4108, 19.65, 19.1, 19.15, 19.35, 585, tse]
[4109, 14.6, 14.25, 14.60, 14.35, 369, otc]
[4111, 27.65, 27.05, 27.20, 27.25, 824, otc]
[4113, 13.5, 12.9, 13.45, 13.20, 1805, otc]
[4114, 49.5, 46.6, 46.80, 47.15, 102649, otc]
[4116, 65.6, 63.5, 65.40, 64.20, 965, otc]
[4119, 102.0, 99.7, 99.70, 101.50, 898, tse]
[4120, 36.35, 36.0, 36.00, 36.15, 137, otc]
[4121, 23.8, 23.4, 23.40, 23.45, 1303, otc]
[4123, 48.9, 47.4, 47.90, 47.65, 3227, otc]
[4126, 77.2, 74.3, 74.40, 76.40, 1651, otc]
[4127, 14.65, 14.35, 14.40, 14.35, 436, otc]
[4128, 68.2, 65.5, 67.90, 67.10, 11662, otc]
[4129, 51.9, 46.6, 48.15, 47.85, 5057, otc]
[4130, 31.35, 29.25, 31.05, 29.45, 10885, otc]
[4131, 20.2, 19.55, 20.10, 20.20, 36, otc]
[4133, 38.9, 37.75, 38.10, 38.35, 1105, tse]
[4137, 224.0, 217.5, 223.00, 219.50, 669, tse]
[4138, 70.0, 67.9, 67.90, 68.70, 246, otc]
[4139, 39.75, 38.85, 39.55, 39.35, 83, otc]
[4142, 40.8, 39.55, 40.20, 39.90, 4756, tse]
[4147, 70.5, 68.2, 69.40, 68.80, 2279, otc]
[4148, 68.7, 65.0, 65.90, 68.20, 1437, tse]
[4153, 41.5, 37.7, 39.45, 39.50, 1324, otc]
[4154, 37.3, 34.0, 36.70, 35.50, 76, otc]
[4155, 34.25, 32.65, 33.85, 33.50, 8310, tse]
[4157, 16.1, 15.6, 15.70, 15.75, 3819, otc]
[4160, 29.75, 27.7, 27.70, 28.50, 342, otc]
[4161, 27.4, 26.0, 27.00, 27.00, 728, otc]
[4162, 119.0, 114.0, 116.50, 118.00, 9890, otc]
[4163, 133.0, 126.0, 127.50, 131.50, 3572, otc]
[4164, 57.3, 52.8, 52.80, 55.50, 9877, tse]
[4167, 21.55, 20.5, 21.10, 20.95, 14841, otc]
[4168, 32.9, 31.65, 32.50, 31.75, 2841, otc]
[4171, 61.9, 58.7, 61.60, 60.10, 1658, otc]
[4173, 19.0, 18.65, 18.80, 18.90, 547, otc]
[4174, 78.5, 74.8, 76.40, 76.60, 1763, otc]
[4175, 76.7, 75.8, 76.20, 76.10, 301, otc]
[4183, 18.6, 18.3, 18.30, 18.45, 15, otc]
[4188, 16.65, 16.2, 16.40, 16.55, 269, otc]
[4190, 78.4, 75.6, 76.70, 77.60, 634, tse]
[4192, 26.35, 24.9, 25.10, 24.90, 149, otc]
[4198, 26.1, 25.7, 26.10, 25.70, 8, otc]
[4205, 110.5, 104.5, 108.00, 106.50, 125, otc]
[4207, 13.65, 13.25, 13.55, 13.50, 825, otc]
[4303, 15.8, 15.2, 15.65, 15.45, 181, otc]
[4304, 9.94, 9.51, 9.94, 9.70, 301, otc]
[4305, 30.4, 30.25, 30.40, 30.40, 19, otc]
[4306, 14.65, 14.45, 14.55, 14.55, 1461, tse]
[4401, 26.9, 26.5, 26.70, 26.75, 65, otc]
[4402, 10.6, 10.25, 10.45, 10.40, 594, otc]
[4406, 10.45, 10.25, 10.25, 10.35, 44, otc]
[4413, 18.6, 17.3, 18.60, 17.35, 415, otc]
[4416, 88.8, 86.0, 86.10, 88.00, 18, otc]
[4417, 38.3, 37.55, 37.80, 38.15, 408, otc]
[4419, 9.0, 8.12, 8.12, 9.00, 20, otc]
[4420, 30.05, 29.8, 29.80, 30.05, 22, otc]
[4426, 26.95, 26.05, 26.80, 26.25, 1325, tse]
[4430, 22.3, 21.7, 21.80, 21.95, 66, otc]
[4432, 24.75, 24.1, 24.75, 24.25, 368, otc]
[4433, 30.7, 30.1, 30.10, 30.25, 84, otc]
[4438, 122.5, 118.5, 121.50, 120.50, 624, tse]
[4439, 122.0, 101.0, 101.00, 115.50, 1004, tse]
[4440, 32.15, 31.8, 32.00, 32.15, 143, tse]
[4502, 37.8, 35.9, 37.00, 37.30, 111, otc]
[4503, 46.5, 42.1, 43.70, 44.50, 8812, otc]
[4506, 72.8, 71.7, 72.80, 72.00, 226, otc]
[4510, 10.55, 10.35, 10.40, 10.40, 358, otc]
[4513, 20.3, 19.15, 19.50, 19.70, 585, otc]
[4523, 49.5, 46.35, 47.20, 47.80, 376, otc]
[4526, 14.85, 14.5, 14.65, 14.70, 463, tse]
[4527, 29.0, 28.55, 28.55, 28.90, 209, otc]
[4528, 32.3, 31.5, 32.30, 31.65, 87, otc]
[4529, 11.3, 10.3, 11.15, 10.65, 850, otc]
[4530, 7.25, 6.64, 7.09, 6.92, 240, otc]
[4532, 17.1, 16.8, 16.85, 17.05, 662, tse]
[4533, 11.65, 11.25, 11.30, 11.30, 2993, otc]
[4534, 9.86, 8.88, 8.92, 9.21, 1926, otc]
[4535, 38.35, 37.8, 38.25, 38.35, 13, otc]
[4536, 204.5, 184.5, 185.00, 200.00, 16019, tse]
[4538, 18.9, 18.45, 18.90, 18.45, 31, otc]
[4540, 40.8, 39.4, 40.40, 40.45, 479, tse]
[4541, 31.1, 29.7, 30.40, 30.20, 2070, otc]
[4542, 25.9, 25.6, 25.60, 25.80, 6, otc]
[4543, 23.8, 23.15, 23.80, 23.50, 443, otc]
[4545, 30.85, 30.0, 30.85, 30.60, 198, tse]
[4549, 87.6, 85.7, 85.70, 87.30, 237, otc]
[4550, 26.65, 25.0, 25.00, 26.00, 635, otc]
[4551, 154.0, 147.5, 152.00, 152.00, 733, tse]
[4552, 29.7, 29.0, 29.70, 29.40, 283, tse]
[4554, 25.2, 24.15, 24.15, 24.75, 95, otc]
[4555, 49.7, 49.0, 49.70, 49.60, 95, tse]
[4556, 30.2, 30.05, 30.20, 30.20, 7, otc]
[4557, 99.5, 98.1, 98.60, 99.20, 124, tse]
[4558, 23.55, 23.1, 23.10, 23.40, 30, otc]
[4560, 38.75, 38.35, 38.70, 38.70, 132, tse]
[4561, 22.45, 22.0, 22.35, 22.35, 87, otc]
[4562, 15.7, 15.0, 15.15, 15.30, 238, tse]
[4563, 43.1, 41.85, 43.10, 42.45, 290, otc]
[4564, 24.4, 23.4, 24.30, 23.65, 2223, tse]
[4566, 53.9, 52.0, 52.50, 53.50, 1240, tse]
[4568, 60.6, 59.5, 59.50, 60.40, 33, otc]
[4571, 75.0, 72.6, 74.90, 73.20, 92, tse]
[4572, 140.0, 131.5, 138.50, 134.50, 1791, tse]
[4576, 81.8, 78.0, 79.90, 79.50, 293, tse]
[4577, 30.75, 30.0, 30.25, 30.75, 258, otc]
[4580, 84.0, 81.4, 81.60, 83.10, 109, otc]
[4581, 41.8, 39.0, 39.20, 39.70, 620, tse]
[4583, 203.0, 198.5, 200.50, 201.00, 63, tse]
[4584, 54.0, 49.15, 50.00, 52.20, 925, otc]
[4609, 8.27, 8.26, 8.26, 8.27, 2, otc]
[4702, 13.1, 12.1, 12.35, 12.85, 568, otc]
[4706, 17.35, 17.0, 17.05, 17.20, 31, otc]
[4707, 12.2, 12.05, 12.05, 12.15, 900, otc]
[4711, 15.3, 14.85, 14.85, 15.00, 376, otc]
[4712, 5.0, 4.76, 5.00, 4.85, 74, otc]
[4714, 10.65, 10.55, 10.60, 10.60, 279, otc]
[4716, 12.5, 12.3, 12.30, 12.45, 497, otc]
[4720, 14.55, 14.2, 14.35, 14.45, 781, tse]
[4721, 113.5, 109.0, 110.50, 112.00, 3636, otc]
[4722, 35.5, 34.8, 35.40, 35.00, 243, tse]
[4726, 41.25, 38.5, 40.60, 39.90, 3412, otc]
[4728, 132.5, 123.0, 131.50, 124.00, 312, otc]
[4729, 16.0, 15.1, 15.20, 15.20, 413, otc]
[4735, 39.1, 38.4, 38.55, 38.50, 129, otc]
[4736, 187.0, 182.5, 186.00, 184.00, 1756, otc]
[4737, 79.0, 76.7, 77.80, 77.20, 205, tse]
[4739, 105.0, 99.5, 102.00, 105.00, 7827, tse]
[4741, 26.15, 25.9, 26.10, 26.10, 23, otc]
[4743, 291.5, 269.0, 291.00, 276.00, 23596, otc]
[4744, 37.0, 31.2, 33.55, 31.35, 8826, otc]
[4745, 25.35, 24.85, 25.30, 25.15, 205, otc]
[4746, 69.2, 66.7, 68.80, 67.50, 6014, tse]
[4747, 59.8, 53.8, 57.00, 56.80, 10654, otc]
[4754, 35.45, 34.8, 35.35, 35.40, 36, otc]
[4755, 133.0, 125.0, 127.00, 131.50, 2122, tse]
[4760, 55.9, 52.4, 52.40, 54.50, 183, otc]
[4763, 315.5, 282.0, 287.50, 306.00, 30155, tse]
[4764, 52.1, 50.3, 52.10, 51.30, 55, tse]
[4766, 139.5, 137.0, 138.00, 139.50, 183, tse]
[4767, 27.2, 26.55, 26.80, 26.55, 5, otc]
[4768, 190.0, 181.0, 185.00, 186.50, 2872, otc]
[4770, 367.5, 331.0, 359.00, 350.50, 4792, tse]
[4804, 11.95, 10.4, 10.85, 11.65, 3443, otc]
[4806, 7.33, 7.33, 7.33, 7.33, 9, otc]
[4807, 21.6, 20.4, 20.80, 21.50, 45, tse]
[4903, 13.9, 13.45, 13.55, 13.60, 403, otc]
[4904, 69.3, 67.9, 68.10, 68.50, 16516, tse]
[4905, NaN, NaN, NaN, NaN, 0, otc]
[4906, 28.0, 27.35, 27.60, 27.75, 3485, tse]
[4907, 30.7, 30.0, 30.40, 30.25, 249, otc]
[4908, 31.65, 31.0, 31.30, 31.45, 622, otc]
[4909, 18.1, 17.1, 17.45, 17.30, 1502, otc]
[4911, 60.6, 57.0, 60.20, 58.40, 552, otc]
[4912, 78.7, 75.9, 76.80, 77.80, 268, tse]
[4915, 59.4, 57.9, 57.90, 58.50, 11558, tse]
[4916, 29.7, 27.8, 28.20, 29.30, 4379, tse]
[4919, 150.0, 144.0, 148.00, 149.00, 28376, tse]
[4923, 54.4, 52.4, 54.00, 54.10, 245, otc]
[4924, 13.6, 13.4, 13.60, 13.60, 256, otc]
[4927, 60.6, 58.2, 58.50, 60.30, 2094, tse]
[4930, 29.25, 28.45, 28.55, 29.00, 241, tse]
[4931, 52.4, 48.35, 51.50, 49.30, 30733, otc]
[4933, 33.75, 32.65, 33.00, 33.65, 246, otc]
[4934, 28.5, 27.6, 28.15, 28.50, 4314, tse]
[4935, 57.2, 55.7, 56.60, 57.20, 319, tse]
[4938, 67.7, 66.3, 67.10, 67.00, 15562, tse]
[4939, 16.2, 15.8, 16.00, 16.15, 374, otc]
[4942, 38.2, 37.0, 37.10, 37.95, 1078, tse]
[4943, 14.55, 13.6, 14.55, 13.90, 611, tse]
[4944, 13.35, 12.45, 13.00, 12.65, 32, otc]
[4945, 49.95, 49.0, 49.10, 49.75, 113, otc]
[4946, 47.95, 46.4, 47.95, 47.00, 284, otc]
[4950, 21.5, 21.0, 21.30, 21.30, 5070, otc]
[4951, 56.5, 54.0, 54.70, 56.40, 383, otc]
[4952, 52.3, 49.9, 50.40, 52.10, 1193, tse]
[4953, 103.5, 89.5, 90.40, 97.40, 9802, otc]
[4956, 16.5, 15.6, 15.70, 16.00, 1084, tse]
[4958, 114.5, 111.5, 112.00, 114.00, 8997, tse]
[4960, 12.4, 11.5, 11.50, 12.30, 34436, tse]
[4961, 158.5, 140.5, 142.50, 158.50, 18898, tse]
[4966, 922.0, 866.0, 921.00, 880.00, 4538, otc]
[4967, 41.9, 34.25, 34.25, 40.20, 7985, tse]
[4968, 131.5, 124.0, 131.50, 129.00, 8558, tse]
[4971, 57.3, 55.7, 56.10, 57.10, 147, otc]
[4972, 29.75, 29.6, 29.70, 29.75, 172, otc]
[4973, 23.25, 22.4, 22.65, 22.85, 472, otc]
[4974, 65.1, 63.0, 64.10, 64.70, 1463, otc]
[4976, 40.9, 39.7, 40.10, 40.85, 829, tse]
[4977, 116.5, 105.5, 109.50, 116.00, 23012, tse]
[4979, 52.3, 49.7, 51.30, 52.20, 52178, otc]
[4987, 58.5, 57.5, 57.90, 58.50, 143, otc]
[4989, 27.15, 26.45, 27.10, 27.10, 529, tse]
[4991, 38.9, 37.2, 38.25, 38.40, 170, otc]
[4994, 41.8, 40.75, 41.20, 41.10, 215, tse]
[4995, 40.2, 39.5, 39.50, 40.15, 172, otc]
[4999, 38.15, 37.0, 37.20, 37.60, 252, tse]
[5007, 52.0, 50.1, 51.90, 50.80, 824, tse]
[5009, 40.75, 38.85, 39.75, 40.40, 35755, otc]
[5011, 24.8, 24.05, 24.80, 24.40, 1867, otc]
[5013, 35.95, 35.1, 35.20, 35.45, 85, otc]
[5014, 18.05, 17.4, 17.50, 17.95, 2897, otc]
[5015, 57.9, 55.2, 56.60, 57.40, 1115, otc]
[5016, 29.9, 29.2, 29.40, 29.70, 26, otc]
[5201, 27.8, 26.45, 26.50, 26.60, 115, otc]
[5202, 14.55, 14.2, 14.45, 14.30, 331, otc]
[5203, 96.9, 90.9, 94.90, 92.30, 8874, tse]
[5205, 38.5, 37.25, 38.50, 37.35, 5, otc]
[5206, 17.8, 17.25, 17.35, 17.50, 654, otc]
[5209, 82.4, 81.2, 81.50, 82.30, 119, otc]
[5210, 15.35, 14.9, 14.95, 15.10, 323, otc]
[5211, 20.6, 18.95, 19.00, 19.95, 1399, otc]
[5212, 50.3, 46.5, 46.50, 48.90, 57, otc]
[5213, 23.75, 23.0, 23.55, 23.30, 635, otc]
[5215, 48.85, 47.8, 48.70, 48.65, 217, tse]
[5220, 30.0, 29.65, 30.00, 29.95, 61, otc]
[5222, 152.0, 143.0, 149.50, 144.00, 7798, tse]
[5223, 41.6, 39.6, 39.95, 41.30, 102, otc]
[5225, 35.05, 33.85, 33.85, 34.75, 592, tse]
[5227, 73.9, 71.6, 73.50, 73.80, 1992, otc]
[5228, 21.85, 21.25, 21.30, 21.65, 49, otc]
[5230, 23.45, 23.15, 23.20, 23.40, 125, otc]
[5234, 80.2, 76.0, 77.00, 79.70, 1055, tse]
[5236, 78.3, 74.9, 76.40, 78.30, 320, otc]
[5243, 62.7, 60.4, 60.80, 62.00, 2775, tse]
[5244, 27.65, 26.9, 27.30, 27.65, 235, tse]
[5245, 53.7, 52.3, 52.60, 53.60, 195, otc]
[5251, 28.5, 25.75, 26.00, 27.00, 2042, otc]
[5258, 79.4, 75.2, 75.90, 78.90, 24066, tse]
[5263, 137.0, 130.0, 136.00, 136.50, 3068, otc]
[5269, 956.0, 883.0, 950.00, 920.00, 3188, tse]
[5272, 27.55, 26.45, 26.60, 27.25, 417, otc]
[5274, 2390.0, 2175.0, 2,220.00, 2,370.00, 2264, otc]
[5276, 14.65, 14.65, 14.65, 14.65, 14, otc]
[5278, 188.0, 182.0, 183.00, 184.00, 24, otc]
[5281, 16.2, 15.9, 15.90, 16.15, 32, otc]
[5283, 112.5, 110.0, 112.00, 112.50, 304, tse]
[5284, 92.0, 85.5, 87.00, 92.00, 8720, tse]
[5285, 80.5, 74.3, 75.10, 79.00, 5079, tse]
[5287, 195.5, 193.5, 195.00, 193.50, 148, otc]
[5288, 179.0, 173.0, 178.50, 176.00, 301, tse]
[5289, 198.0, 194.0, 196.00, 195.50, 589, otc]
[5291, 32.4, 31.85, 31.85, 32.35, 222, otc]
[5299, 133.0, 127.0, 129.00, 132.50, 815, otc]
[5301, 10.85, 10.3, 10.60, 10.65, 132, otc]
[5302, 8.85, 8.6, 8.64, 8.76, 669, otc]
[5306, 156.0, 155.0, 156.00, 155.50, 298, tse]
[5309, 44.2, 42.35, 43.00, 43.40, 13094, otc]
[5310, 25.15, 24.5, 24.60, 24.80, 29, otc]
[5312, 64.9, 61.3, 62.00, 61.50, 584, otc]
[5314, 16.7, 15.25, 16.70, 16.65, 24, otc]
[5315, 20.65, 19.6, 19.60, 20.55, 7369, otc]
[5321, 90.5, 84.3, 89.70, 86.30, 3255, otc]
[5324, 8.48, 8.32, 8.37, 8.43, 120, otc]
[5328, 11.7, 9.95, 9.98, 11.55, 5606, otc]
[5340, 46.95, 44.1, 46.95, 46.25, 2844, otc]
[5344, 18.8, 17.95, 18.45, 18.70, 548, otc]
[5345, 6.49, 6.12, 6.12, 6.21, 7, otc]
[5347, 98.8, 92.1, 98.70, 92.70, 35132, otc]
[5348, 9.92, 8.9, 8.92, 8.99, 132, otc]
[5351, 47.7, 45.5, 46.20, 47.70, 17516, otc]
[5353, 31.9, 30.7, 30.90, 31.70, 2125, otc]
[5355, 6.75, 6.34, 6.40, 6.69, 940, otc]
[5356, 21.0, 20.5, 20.75, 20.95, 162, otc]
[5364, 26.6, 23.65, 24.55, 26.60, 602, otc]
[5371, 62.4, 59.5, 59.60, 62.40, 12496, otc]
[5381, 6.02, 5.82, 5.83, 6.00, 195, otc]
[5383, 25.7, 25.1, 25.40, 25.45, 92, otc]
[5386, 39.85, 36.25, 36.30, 36.60, 1406, otc]
[5388, 85.0, 80.3, 80.30, 84.90, 12032, tse]
[5392, 22.15, 21.05, 21.45, 22.05, 774, otc]
[5398, 16.95, 16.25, 16.70, 16.30, 66, otc]
[5403, 74.5, 72.4, 72.40, 73.20, 331, otc]
[5410, 35.3, 31.8, 31.95, 33.65, 6761, otc]
[5425, 95.8, 87.5, 89.60, 94.60, 65658, otc]
[5426, 13.3, 13.05, 13.05, 13.25, 764, otc]
[5432, 26.85, 26.4, 26.45, 26.70, 45, otc]
[5434, 174.0, 170.0, 172.00, 173.00, 1299, tse]
[5438, 18.0, 17.75, 18.00, 17.95, 72, otc]
[5439, 58.4, 55.1, 58.00, 56.80, 2250, otc]
[5443, 29.25, 28.5, 28.50, 29.00, 756, otc]
[5450, 18.2, 17.75, 17.85, 18.15, 120, otc]
[5452, 14.65, 14.3, 14.60, 14.60, 340, otc]
[5455, 28.85, 28.0, 28.00, 28.85, 4, otc]
[5457, 53.2, 51.6, 52.10, 52.70, 1484, otc]
[5460, 11.1, 10.9, 10.95, 11.05, 166, otc]
[5464, 28.0, 26.5, 26.75, 27.55, 937, otc]
[5465, 21.5, 20.25, 20.55, 21.05, 1719, otc]
[5468, 17.6, 17.0, 17.60, 17.25, 100, otc]
[5469, 33.95, 32.8, 32.85, 33.90, 2810, tse]
[5471, 54.7, 52.7, 53.70, 54.70, 1269, tse]
[5474, 77.5, 74.7, 75.50, 76.60, 89, otc]
[5475, 13.05, 12.1, 12.80, 12.95, 2813, otc]
[5478, 84.6, 79.5, 80.00, 81.20, 915, otc]
[5481, 12.5, 12.05, 12.35, 12.35, 123, otc]
[5483, 163.0, 157.5, 162.50, 162.00, 9422, otc]
[5484, 13.5, 13.2, 13.30, 13.30, 130, tse]
[5487, 25.2, 24.5, 24.60, 24.80, 68, otc]
[5488, 10.0, 9.61, 10.00, 9.80, 698, otc]
[5489, 36.3, 35.7, 36.00, 35.95, 161, otc]
[5490, 23.85, 22.95, 22.95, 23.55, 207, otc]
[5493, 50.2, 49.6, 50.00, 50.00, 53, otc]
[5498, 10.5, 10.3, 10.40, 10.45, 779, otc]
[5508, 57.6, 55.2, 55.80, 57.50, 354, otc]
[5511, 31.0, 30.8, 30.90, 30.80, 133, otc]
[5512, 9.04, 8.59, 8.62, 8.91, 7845, otc]
[5514, 17.7, 17.25, 17.60, 17.70, 5, otc]
[5515, 11.5, 11.3, 11.40, 11.50, 243, tse]
[5516, 24.95, 23.5, 24.05, 24.85, 580, otc]
[5519, 22.65, 22.3, 22.40, 22.50, 406, tse]
[5520, 56.6, 56.3, 56.40, 56.60, 5, otc]
[5521, 6.89, 6.71, 6.79, 6.77, 2303, tse]
[5522, 59.2, 58.0, 58.60, 58.60, 1335, tse]
[5523, 25.0, 24.65, 25.00, 25.00, 153, otc]
[5525, 24.35, 23.9, 24.10, 24.35, 267, tse]
[5529, 13.1, 12.5, 12.85, 12.65, 232, otc]
[5530, 38.85, 38.1, 38.50, 38.35, 894, otc]
[5531, 9.18, 9.08, 9.14, 9.13, 969, tse]
[5533, 17.4, 17.15, 17.25, 17.40, 587, tse]
[5534, 75.1, 74.0, 74.60, 74.80, 681, tse]
[5536, 112.5, 109.5, 110.50, 111.50, 2134, otc]
[5538, 43.1, 42.85, 43.05, 42.95, 63, tse]
[5543, 55.9, 53.1, 53.10, 55.00, 32, otc]
[5546, 43.75, 42.7, 43.75, 43.10, 143, tse]
[5601, 40.45, 35.25, 35.25, 40.45, 92, otc]
[5603, 22.95, 22.45, 22.85, 22.80, 654, otc]
[5604, 55.2, 54.0, 54.80, 55.20, 81, otc]
[5607, 55.2, 53.8, 53.80, 54.70, 1606, tse]
[5608, 24.0, 23.25, 24.00, 23.80, 10954, tse]
[5609, 75.3, 74.2, 74.90, 74.60, 572, otc]
[5701, 3.35, 3.03, 3.03, 3.29, 3135, otc]
[5703, 21.05, 18.7, 19.15, 20.55, 1140, otc]
[5704, 56.0, 51.8, 52.10, 55.40, 2575, otc]
[5706, 71.8, 60.8, 62.20, 71.80, 49318, tse]
[5864, 11.55, 11.15, 11.40, 11.50, 439, otc]
[5871, 235.5, 230.0, 234.00, 231.50, 11923, tse]
[5876, 47.5, 46.5, 46.80, 47.10, 12655, tse]
[5878, 48.4, 47.9, 48.00, 48.25, 8, otc]
[5880, 26.8, 26.35, 26.60, 26.55, 24717, tse]
[5902, 37.2, 36.0, 37.00, 36.30, 84, otc]
[5903, 204.0, 200.0, 202.50, 201.50, 158, otc]
[5904, 591.0, 528.0, 540.00, 585.00, 5877, otc]
[5905, 13.25, 12.1, 12.20, 12.85, 20182, otc]
[5906, 35.65, 34.5, 35.40, 35.05, 100, tse]
[5907, 17.65, 17.0, 17.00, 17.10, 838, tse]
[6005, 12.0, 11.75, 11.95, 11.75, 9433, tse]
[6015, 9.59, 9.38, 9.47, 9.50, 2080, otc]
[6016, 10.6, 10.3, 10.40, 10.40, 3134, otc]
[6020, 19.0, 18.7, 18.90, 18.80, 23, otc]
[6021, 18.2, 17.85, 18.05, 18.00, 13, otc]
[6023, 50.5, 50.0, 50.20, 50.10, 214, otc]
[6024, 38.85, 38.55, 38.60, 38.65, 395, tse]
[6026, 10.75, 10.5, 10.60, 10.65, 2453, otc]
[6101, 35.5, 27.15, 28.25, 34.90, 3971, otc]
[6103, 7.22, 6.51, 7.22, 6.51, 13, otc]
[6104, 123.0, 114.0, 115.00, 118.50, 35287, otc]
[6108, 16.9, 16.55, 16.70, 16.80, 258, tse]
[6109, 18.15, 17.2, 17.40, 17.60, 3336, otc]
[6111, 60.5, 58.1, 60.50, 59.80, 4105, otc]
[6112, 40.8, 37.65, 38.00, 38.20, 8807, tse]
[6113, 18.1, 17.05, 17.75, 17.45, 1037, otc]
[6114, 25.25, 24.4, 25.25, 25.10, 260, otc]
[6115, 43.1, 42.15, 43.00, 43.00, 423, tse]
[6116, 12.95, 11.8, 12.05, 12.95, 64838, tse]
[6117, 14.35, 14.05, 14.20, 14.25, 343, tse]
[6118, 39.5, 37.6, 38.90, 39.10, 9250, otc]
[6120, 9.91, 9.43, 9.59, 9.91, 6448, tse]
[6121, 298.5, 292.0, 296.00, 296.00, 1482, otc]
[6122, 19.25, 18.5, 18.50, 19.25, 3336, otc]
[6123, 62.0, 59.2, 59.50, 61.20, 1031, otc]
[6124, 26.5, 25.9, 26.00, 26.30, 313, otc]
[6125, 27.0, 26.1, 26.20, 26.90, 3907, otc]
[6126, 20.85, 20.55, 20.60, 20.85, 281, otc]
[6127, 18.2, 16.9, 17.35, 17.75, 1238, otc]
[6128, 32.9, 31.6, 31.75, 32.80, 1382, tse]
[6129, 34.55, 33.6, 34.50, 34.30, 7894, otc]
[6130, 39.6, 35.8, 39.60, 37.35, 653, otc]
[6133, 23.7, 22.2, 22.50, 23.25, 5983, tse]
[6134, 21.9, 21.15, 21.60, 21.65, 335, otc]
[6136, 18.7, 18.3, 18.70, 18.45, 378, tse]
[6138, 155.0, 147.0, 154.00, 151.00, 7487, otc]
[6139, 40.8, 39.1, 40.80, 39.30, 5926, tse]
[6140, 18.3, 16.75, 16.95, 17.40, 1322, otc]
[6141, 19.45, 19.1, 19.15, 19.40, 68, tse]
[6142, 12.4, 11.1, 11.10, 12.05, 29188, tse]
[6143, 85.4, 74.1, 74.60, 82.70, 18949, otc]
[6144, 14.4, 13.7, 14.30, 14.15, 55, otc]
[6146, 246.0, 233.5, 245.00, 240.00, 2025, otc]
[6147, 64.8, 62.8, 64.00, 64.30, 5993, otc]
[6148, 16.0, 13.25, 13.25, 15.15, 6671, otc]
[6150, 84.3, 76.8, 77.70, 80.40, 6917, otc]
[6151, 27.55, 26.8, 27.05, 27.05, 105, otc]
[6152, 9.99, 9.6, 9.68, 9.97, 1223, tse]
[6153, 24.3, 23.6, 24.20, 24.25, 5460, tse]
[6154, 15.9, 15.65, 15.75, 15.85, 60, otc]
[6155, 25.15, 24.25, 24.60, 24.90, 598, tse]
[6156, 19.75, 19.0, 19.05, 19.40, 806, otc]
[6158, 25.75, 25.15, 25.30, 25.45, 108, otc]
[6160, 19.5, 18.3, 18.30, 18.70, 1773, otc]
[6161, 26.3, 25.55, 25.60, 26.25, 314, otc]
[6163, 15.75, 15.2, 15.60, 15.60, 1454, otc]
[6164, 10.4, 10.15, 10.20, 10.30, 594, tse]
[6165, 33.25, 31.2, 33.20, 31.80, 1083, tse]
[6166, 63.0, 60.3, 60.30, 61.30, 875, tse]
[6167, 12.55, 12.1, 12.10, 12.45, 1407, otc]
[6168, 20.15, 18.9, 18.90, 20.00, 3340, tse]
[6169, 19.6, 19.05, 19.30, 19.20, 71, otc]
[6170, 36.95, 36.0, 36.50, 36.45, 420, otc]
[6171, 24.25, 23.9, 24.00, 24.20, 95, otc]
[6173, 41.7, 36.85, 37.30, 41.05, 4400, otc]
[6174, 28.2, 27.1, 27.35, 27.70, 463, otc]
[6175, 37.3, 34.1, 34.95, 36.45, 2299, otc]
[6176, 104.0, 102.0, 102.00, 104.00, 3278, tse]
[6177, 30.4, 30.15, 30.30, 30.35, 897, tse]
[6179, 29.8, 25.0, 25.25, 29.75, 3865, otc]
[6180, 92.0, 80.3, 89.90, 82.20, 30098, otc]
[6182, 46.5, 44.5, 45.75, 46.45, 15402, otc]
[6183, 62.9, 60.0, 61.90, 62.00, 107, tse]
[6184, 49.9, 49.0, 49.90, 49.00, 73, tse]
[6185, 13.4, 13.0, 13.15, 13.20, 518, otc]
[6186, 36.9, 34.55, 34.70, 36.50, 1733, otc]
[6187, 71.0, 65.5, 66.00, 70.90, 1969, otc]
[6188, 48.35, 46.45, 47.20, 47.55, 11722, otc]
[6189, 39.05, 38.5, 39.05, 38.90, 1270, tse]
[6190, 31.1, 30.3, 31.00, 31.00, 2262, otc]
[6191, 30.2, 28.6, 28.70, 29.85, 5103, tse]
[6192, 73.6, 71.9, 72.50, 73.50, 853, tse]
[6194, 22.65, 22.35, 22.50, 22.55, 86, otc]
[6195, 44.15, 43.65, 44.10, 43.85, 81, otc]
[6196, 129.0, 124.5, 127.00, 128.50, 1854, tse]
[6197, 44.55, 42.95, 43.30, 43.60, 1199, tse]
[6198, 19.55, 18.85, 18.85, 19.50, 12, otc]
[6199, 18.8, 18.2, 18.30, 18.45, 37, otc]
[6201, 40.5, 39.85, 40.00, 40.25, 55, tse]
[6202, 77.0, 74.7, 75.80, 76.70, 3774, tse]
[6203, 56.7, 54.0, 54.60, 55.60, 425, otc]
[6204, 54.6, 52.8, 53.00, 54.60, 43, otc]
[6205, 85.5, 81.6, 84.70, 83.90, 7916, tse]
[6206, 71.0, 68.3, 68.70, 70.50, 890, tse]
[6207, 26.35, 25.7, 25.80, 26.30, 364, otc]
[6208, 54.1, 52.9, 54.00, 53.50, 484, otc]
[6209, 26.55, 25.0, 25.30, 26.00, 1228, tse]
[6210, 34.8, 34.5, 34.70, 34.80, 36, otc]
[6212, NaN, NaN, NaN, NaN, 0, otc]
[6213, 78.6, 75.2, 76.20, 78.50, 6119, tse]
[6214, 75.8, 74.1, 74.40, 75.40, 614, tse]
[6215, 27.5, 25.0, 25.65, 26.60, 4043, tse]
[6216, 26.2, 25.85, 26.00, 26.10, 356, tse]
[6217, 47.7, 45.7, 46.20, 47.50, 9663, otc]
[6218, 18.9, 18.5, 18.70, 18.65, 211, otc]
[6219, 11.25, 11.0, 11.05, 11.25, 461, otc]
[6220, 27.0, 26.3, 26.30, 26.75, 1378, otc]
[6221, 58.2, 54.7, 55.00, 56.70, 153, otc]
[6222, 14.55, 13.95, 14.10, 14.30, 12, otc]
[6223, 123.5, 118.5, 121.00, 122.50, 4163, otc]
[6224, 66.0, 61.5, 63.30, 66.00, 969, tse]
[6225, 12.95, 12.65, 12.75, 12.75, 20, tse]
[6226, 11.6, 11.15, 11.15, 11.30, 1043, tse]
[6227, 44.25, 42.6, 43.70, 44.05, 1015, otc]
[6228, 12.8, 12.25, 12.40, 12.70, 115, otc]
[6229, 25.85, 24.9, 24.95, 25.70, 253, otc]
[6230, 127.0, 121.5, 123.50, 124.00, 258, tse]
[6231, 103.0, 96.0, 102.00, 102.00, 5125, otc]
[6233, 22.7, 21.9, 22.00, 22.65, 834, otc]
[6234, 22.5, 21.6, 22.50, 22.00, 1750, otc]
[6235, 49.8, 47.05, 49.05, 48.15, 120749, tse]
[6236, 21.5, 19.95, 20.00, 21.30, 13, otc]
[6237, 49.95, 47.6, 48.10, 49.85, 1916, otc]
[6239, 88.0, 86.0, 86.80, 87.10, 6283, tse]
[6240, 18.9, 18.35, 18.90, 18.55, 141, otc]
[6241, 15.3, 14.8, 15.05, 15.00, 269, otc]
[6242, 60.8, 56.5, 58.90, 56.60, 403, otc]
[6243, 31.1, 29.7, 29.95, 30.80, 693, tse]
[6244, 29.2, 28.2, 28.50, 28.90, 6202, otc]
[6245, 109.0, 101.5, 102.50, 105.50, 27635, otc]
[6246, 14.4, 14.0, 14.05, 14.40, 71, otc]
[6248, 22.45, 22.2, 22.45, 22.40, 395, otc]
[6257, 52.1, 51.2, 52.10, 51.60, 4658, tse]
[6259, 24.0, 23.4, 23.40, 23.95, 150, otc]
[6261, 62.6, 61.3, 62.00, 62.40, 516, otc]
[6263, 88.0, 86.0, 86.40, 87.50, 121, otc]
[6264, 8.24, 8.08, 8.16, 8.20, 142, otc]
[6265, 10.3, 9.93, 10.00, 10.10, 1192, otc]
[6266, 32.6, 30.3, 31.60, 31.50, 45674, otc]
[6269, 99.2, 96.7, 98.60, 98.30, 8015, tse]
[6270, 23.2, 22.9, 22.95, 22.95, 402, otc]
[6271, 242.5, 227.0, 233.00, 236.00, 9080, tse]
[6274, 60.1, 57.3, 58.00, 59.70, 8640, otc]
[6275, 29.2, 28.1, 28.65, 28.85, 649, otc]
[6276, 17.35, 16.5, 16.80, 16.85, 451, otc]
[6277, 81.9, 79.7, 79.70, 81.30, 809, tse]
[6278, 88.2, 84.7, 86.50, 86.20, 10729, tse]
[6279, 159.5, 154.0, 155.00, 158.50, 5270, otc]
[6281, 84.5, 83.6, 84.00, 83.80, 103, tse]
[6282, 38.05, 36.7, 37.80, 37.45, 51042, tse]
[6283, 32.75, 31.65, 32.00, 32.30, 550, tse]
[6284, 59.2, 55.6, 55.90, 57.20, 4295, otc]
[6285, 88.1, 83.3, 83.50, 87.60, 20270, tse]
[6287, 23.15, 22.85, 22.85, 23.00, 6, otc]
[6288, 25.3, 23.7, 23.90, 25.10, 13305, tse]
[6290, 70.3, 59.8, 59.90, 70.30, 54607, otc]
[6291, 104.0, 98.0, 103.50, 99.50, 58, otc]
[6292, 42.0, 40.75, 40.90, 41.80, 142, otc]
[6294, 109.0, 107.5, 107.50, 108.00, 67, otc]
[6404, 23.6, 20.0, 20.00, 22.00, 48, otc]
[6405, 21.75, 20.85, 20.85, 21.15, 200, tse]
[6409, 1655.0, 1555.0, 1,625.00, 1,570.00, 450, tse]
[6411, 121.5, 113.0, 117.00, 120.50, 12820, otc]
[6412, 78.6, 77.0, 78.00, 78.00, 469, tse]
[6414, 233.0, 224.0, 224.00, 231.00, 1708, tse]
[6415, 625.0, 581.0, 625.00, 587.00, 14142, tse]
[6416, 93.6, 91.1, 91.20, 93.10, 297, tse]
[6417, 91.6, 87.2, 88.30, 91.40, 138, otc]
[6418, 16.4, 16.1, 16.15, 16.30, 100, otc]
[6419, 37.1, 35.65, 35.70, 36.30, 51, otc]
[6425, 20.95, 19.9, 20.00, 20.10, 107, otc]
[6426, 63.7, 61.6, 63.30, 62.70, 425, tse]
[6431, 20.35, 19.9, 20.05, 20.15, 55, tse]
[6432, 33.75, 30.4, 30.55, 33.35, 495, otc]
[6435, 108.5, 105.0, 107.00, 107.50, 617, otc]
[6438, 97.7, 95.6, 96.50, 97.40, 1011, tse]
[6441, 66.7, 63.3, 64.60, 65.60, 4866, otc]
[6442, 49.5, 47.5, 47.80, 48.75, 697, tse]
[6443, 38.3, 36.1, 36.50, 37.65, 53583, tse]
[6446, 512.0, 494.0, 503.00, 503.00, 3801, otc]
[6449, 46.5, 44.6, 44.60, 46.20, 107, tse]
[6451, 89.2, 84.6, 85.50, 88.40, 1243, tse]
[6456, 87.3, 84.2, 85.00, 86.90, 3917, tse]
[6457, 61.9, 60.2, 61.90, 61.20, 526, otc]
[6461, 32.45, 31.6, 31.70, 31.60, 1228, otc]
[6462, 80.9, 74.5, 74.50, 78.20, 2130, otc]
[6464, 92.3, 89.3, 92.30, 90.20, 106, tse]
[6465, 18.95, 17.5, 17.55, 18.20, 225, otc]
[6469, 328.0, 319.5, 324.00, 326.00, 955, otc]
[6470, 60.3, 56.7, 58.50, 60.00, 2533, otc]
[6472, 550.0, 449.0, 548.00, 470.00, 10707, otc]
[6477, 49.4, 45.2, 46.10, 48.05, 11232, tse]
[6482, 46.95, 45.0, 46.00, 45.80, 37, otc]
[6485, 79.2, 74.1, 74.70, 78.40, 1891, otc]
[6486, 67.7, 66.3, 66.30, 67.50, 246, otc]
[6488, 529.0, 512.0, 523.00, 519.00, 6950, otc]
[6491, 462.5, 438.0, 460.50, 452.50, 3536, tse]
[6492, 62.2, 57.7, 60.00, 58.80, 1128, otc]
[6494, 79.8, 76.7, 79.80, 78.50, 775, otc]
[6496, 28.8, 28.3, 28.45, 28.55, 39, otc]
[6499, 58.5, 56.5, 58.50, 57.80, 335, otc]
[6504, 72.3, 71.4, 71.50, 71.80, 102, tse]
[6505, 84.9, 82.1, 82.20, 84.00, 7521, tse]
[6506, 20.5, 20.3, 20.35, 20.40, 82, otc]
[6508, 38.0, 36.95, 37.55, 37.55, 826, otc]
[6509, 47.0, 45.7, 47.00, 46.15, 11566, otc]
[6510, 605.0, 576.0, 582.00, 592.00, 1599, otc]
[6512, 22.05, 21.8, 21.85, 21.90, 54, otc]
[6514, 55.6, 53.8, 53.90, 54.20, 84, otc]
[6515, 552.0, 517.0, 537.00, 548.00, 5262, tse]
[6516, 86.1, 82.5, 83.00, 83.90, 283, otc]
[6517, 66.8, 59.5, 60.80, 62.90, 8538, otc]
[6523, 114.0, 105.5, 107.50, 110.50, 1222, otc]
[6525, 72.5, 71.2, 71.50, 71.80, 631, tse]
[6527, 56.3, 54.1, 54.10, 56.00, 186, otc]
[6530, 24.5, 23.95, 24.45, 24.00, 319, otc]
[6531, 257.5, 233.5, 246.50, 252.00, 33438, tse]
[6532, 55.8, 54.5, 55.00, 54.90, 519, otc]
[6533, 593.0, 548.0, 577.00, 568.00, 12350, tse]
[6535, 43.0, 41.05, 41.20, 41.95, 1374, otc]
[6538, 84.5, 79.5, 79.70, 82.00, 864, otc]
[6541, 50.5, 43.65, 44.30, 43.65, 13649, tse]
[6542, 44.1, 43.6, 43.65, 44.10, 9, otc]
[6546, 86.8, 83.9, 86.70, 85.40, 3035, otc]
[6547, 70.7, 66.2, 70.20, 67.10, 11531, otc]
[6548, 34.5, 32.85, 33.30, 33.60, 4534, otc]
[6550, 102.0, 98.2, 101.50, 100.50, 10672, tse]
[6552, 42.0, 38.15, 39.35, 39.70, 3767, tse]
[6556, 135.0, 120.0, 131.00, 134.00, 918, otc]
[6558, 26.5, 25.0, 25.90, 25.45, 2177, tse]
[6560, 34.65, 33.8, 34.00, 34.20, 145, otc]
[6561, 294.0, 285.5, 292.50, 291.00, 126, otc]
[6568, 177.5, 166.5, 168.00, 174.00, 1778, otc]
[6569, 101.0, 99.0, 99.30, 99.30, 100, otc]
[6570, 49.7, 48.2, 48.35, 49.55, 1103, otc]
[6573, 13.6, 13.3, 13.45, 13.50, 114, tse]
[6574, 50.4, 48.4, 48.40, 50.10, 13, otc]
[6576, 109.0, 104.5, 107.00, 106.50, 1285, otc]
[6577, 60.5, 59.5, 59.50, 60.10, 88, otc]
[6578, 16.15, 15.75, 15.95, 15.90, 596, otc]
[6579, 92.4, 89.0, 91.60, 90.80, 255, tse]
[6581, 101.0, 97.7, 97.80, 100.00, 283, tse]
[6582, 61.9, 60.2, 60.80, 61.90, 372, tse]
[6585, 64.6, 59.1, 61.40, 63.10, 1179, tse]
[6588, 32.7, 31.0, 31.70, 31.25, 43, otc]
[6589, 128.5, 121.0, 127.50, 123.00, 14938, otc]
[6590, 62.0, 58.1, 59.70, 58.50, 96, otc]
[6591, 44.9, 43.45, 43.80, 44.55, 254, tse]
[6592, 113.5, 108.5, 109.00, 110.50, 2867, tse]
[6593, 54.4, 50.0, 50.20, 50.40, 877, otc]
[6594, 29.1, 27.1, 28.30, 28.70, 132, otc]
[6596, 46.5, 44.0, 45.00, 45.65, 114, otc]
[6598, 28.7, 28.0, 28.00, 28.10, 429, tse]
[6603, 18.5, 17.85, 17.90, 18.30, 6863, otc]
[6605, 88.9, 78.5, 79.30, 86.40, 15879, tse]
[6609, 40.8, 39.1, 39.10, 40.75, 2485, otc]
[6612, 137.5, 126.0, 132.50, 137.00, 1079, otc]
[6613, 97.9, 93.6, 94.30, 95.80, 977, otc]
[6615, 38.5, 37.0, 37.50, 38.10, 53, otc]
[6616, 14.15, 13.8, 14.00, 14.10, 170, otc]
[6624, 42.7, 41.6, 41.80, 42.40, 68, otc]
[6625, 48.95, 44.25, 46.50, 48.55, 3634, tse]
[6629, 49.6, 47.6, 48.65, 47.60, 7, otc]
[6640, 95.9, 90.3, 95.40, 93.40, 72, otc]
[6641, 56.2, 53.1, 53.70, 54.70, 50, tse]
[6642, 49.2, 47.0, 47.55, 48.50, 192, otc]
[6643, 637.0, 564.0, 592.00, 591.00, 21467, otc]
[6649, 43.15, 39.65, 43.15, 41.75, 1662, otc]
[6651, 74.2, 71.3, 72.40, 73.70, 239, otc]
[6654, 58.9, 48.9, 48.90, 55.30, 287, otc]
[6655, 129.5, 127.5, 128.00, 128.00, 40, tse]
[6661, 24.0, 23.15, 23.80, 24.00, 55, otc]
[6662, 30.05, 29.8, 29.90, 29.80, 57, otc]
[6664, 103.5, 97.3, 98.10, 102.00, 899, otc]
[6666, 86.1, 81.1, 86.10, 85.90, 828, tse]
[6667, 64.3, 62.3, 62.80, 63.30, 249, otc]
[6668, 42.0, 40.45, 40.65, 41.60, 607, tse]
[6669, 853.0, 809.0, 838.00, 838.00, 3361, tse]
[6670, 227.5, 222.0, 224.00, 225.00, 1207, tse]
[6671, 38.0, 37.2, 37.35, 37.80, 37, tse]
[6672, 82.5, 78.9, 79.70, 82.10, 1017, tse]
[6674, 26.7, 25.5, 26.00, 26.55, 83, tse]
[6679, 291.0, 272.0, 286.00, 290.00, 2630, otc]
[6680, 61.2, 60.2, 60.50, 61.00, 17, otc]
[6683, 218.0, 207.0, 210.50, 213.50, 709, otc]
[6684, 52.5, 49.1, 49.30, 51.20, 238, otc]
[6689, 133.0, 125.0, 129.50, 132.50, 1883, tse]
[6690, 155.5, 137.5, 145.00, 153.00, 1075, otc]
[6691, 242.5, 232.5, 237.00, 242.00, 612, tse]
[6693, 64.5, 62.1, 63.00, 62.50, 177, otc]
[6695, 48.95, 45.05, 45.50, 46.55, 1497, tse]
[6697, 38.4, 37.3, 37.90, 38.00, 53, otc]
[6698, 30.7, 30.0, 30.70, 30.35, 249, tse]
[6703, 115.0, 105.0, 105.00, 113.50, 999, otc]
[6706, 97.1, 93.1, 94.50, 96.90, 1058, tse]
[6708, 61.6, 58.0, 61.60, 59.20, 552, otc]
[6712, 242.5, 224.0, 228.00, 224.50, 15745, otc]
[6715, 130.5, 127.5, 128.50, 128.50, 716, tse]
[6716, 92.0, 88.5, 89.70, 91.00, 40, otc]
[6719, 312.5, 291.0, 307.00, 300.00, 7303, tse]
[6721, 49.9, 45.05, 45.40, 49.65, 223, otc]
[6727, 68.7, 67.6, 68.70, 68.70, 431, otc]
[6728, 123.0, 119.0, 123.00, 122.50, 88, otc]
[6732, 296.0, 280.5, 290.50, 288.50, 869, otc]
[6733, 23.9, 23.1, 23.65, 23.65, 923, otc]
[6735, 57.9, 55.0, 55.00, 56.00, 33, otc]
[6741, 118.5, 109.5, 116.50, 116.00, 5255, otc]
[6743, 44.05, 42.2, 43.65, 42.50, 631, tse]
[6747, 224.0, 203.5, 206.00, 212.00, 730, otc]
[6751, 48.6, 46.55, 46.55, 48.00, 146, otc]
[6752, 99.3, 83.1, 86.20, 96.50, 1689, otc]
[6754, 48.0, 46.25, 47.75, 47.25, 393, tse]
[6756, 215.0, 206.0, 211.00, 214.50, 1141, tse]
[6761, 91.7, 87.8, 90.50, 91.70, 73, otc]
[6762, 237.5, 229.0, 235.00, 229.50, 13, otc]
[6763, 514.0, 482.0, 514.00, 496.00, 425, otc]
[6767, 33.6, 32.7, 33.05, 32.95, 166, otc]
[6768, 73.5, 71.8, 72.30, 73.00, 1047, tse]
[6770, 33.7, 33.0, 33.60, 33.50, 43985, tse]
[6776, 40.7, 40.0, 40.05, 40.55, 146, tse]
[6781, 856.0, 792.0, 848.00, 816.00, 4126, tse]
[6782, 351.0, 326.0, 351.00, 343.50, 2910, tse]
[6788, 127.0, 121.0, 122.00, 126.00, 3007, otc]
[6789, 247.0, 230.0, 245.00, 243.00, 4786, tse]
[6790, 38.0, 37.5, 37.90, 37.65, 150, tse]
[6791, 57.9, 50.4, 51.00, 52.70, 539, otc]
[6792, 77.0, 74.4, 77.00, 76.10, 165, tse]
[6796, 108.5, 97.2, 99.80, 100.00, 5003, tse]
[6799, 145.0, 126.5, 142.00, 134.50, 5084, tse]
[6803, 267.5, 263.5, 265.00, 265.50, 127, otc]
[6804, 56.1, 54.2, 55.10, 54.90, 68, otc]
[6806, 91.9, 86.7, 88.00, 88.70, 40450, tse]
[6807, 25.35, 24.5, 25.10, 24.50, 65, tse]
[6811, 152.0, 137.5, 139.00, 150.50, 1011, otc]
[6823, 99.3, 96.0, 99.10, 98.60, 69, otc]
[6829, 80.6, 77.4, 79.00, 79.90, 890, otc]
[6830, 128.0, 121.0, 128.00, 123.50, 785, tse]
[6834, 26.7, 25.55, 25.60, 26.40, 159, tse]
[6835, 42.0, 40.15, 40.30, 41.15, 870, tse]
[6843, 60.5, 55.8, 56.30, 59.60, 1704, otc]
[6854, 109.0, 102.0, 102.00, 103.50, 266, tse]
[6855, 86.8, 80.2, 85.00, 81.50, 336, otc]
[6859, 149.5, 134.5, 135.50, 139.00, 598, otc]
[6865, 115.0, 102.0, 110.50, 109.00, 2151, otc]
[6874, 75.0, 59.8, 59.80, 75.00, 3662, otc]
[7402, 36.95, 36.0, 36.10, 36.40, 22, otc]
[7556, 101.5, 99.5, 100.50, 100.00, 59, otc]
[8011, 14.55, 14.15, 14.25, 14.50, 603, tse]
[8016, 215.5, 206.0, 211.00, 214.50, 4900, tse]
[8021, 29.75, 29.1, 29.60, 29.20, 940, tse]
[8024, 20.95, 20.6, 20.75, 20.80, 241, otc]
[8027, 53.2, 52.3, 52.70, 52.30, 384, otc]
[8028, 59.1, 56.7, 58.20, 57.80, 5252, tse]
[8032, 31.35, 30.4, 30.50, 31.35, 68, otc]
[8033, 49.05, 43.6, 48.95, 44.25, 30053, tse]
[8034, 14.4, 14.0, 14.30, 14.15, 380, otc]
[8038, 45.55, 43.5, 45.55, 44.50, 3452, otc]
[8039, 42.2, 41.55, 41.60, 41.95, 312, tse]
[8040, 53.2, 51.7, 52.90, 52.70, 1218, otc]
[8042, 36.5, 35.25, 35.35, 35.80, 64, otc]
[8043, 28.75, 27.2, 27.45, 28.10, 1431, otc]
[8044, 66.9, 63.2, 66.20, 66.50, 5146, otc]
[8046, 248.5, 233.0, 235.50, 247.50, 24767, tse]
[8047, 12.1, 11.85, 12.00, 12.10, 7, otc]
[8048, 35.6, 33.85, 35.00, 34.85, 525, otc]
[8049, 33.8, 32.05, 32.35, 33.50, 2225, otc]
[8050, 80.7, 77.7, 77.80, 80.00, 16555, otc]
[8054, 34.85, 33.3, 33.85, 34.65, 2175, otc]
[8059, 10.35, 9.85, 9.88, 10.20, 209, otc]
[8064, 17.8, 17.25, 17.45, 17.75, 1072, otc]
[8066, 27.9, 27.4, 27.65, 27.80, 69, otc]
[8067, 8.88, 8.36, 8.86, 8.88, 54, otc]
[8068, 24.65, 23.6, 24.60, 24.25, 380, otc]
[8069, 209.0, 189.5, 193.50, 206.00, 93140, otc]
[8070, 32.8, 31.8, 32.30, 32.40, 2927, tse]
[8071, 15.3, 14.75, 14.80, 15.30, 764, otc]
[8072, 27.65, 26.75, 27.15, 27.10, 746, tse]
[8074, 20.25, 19.7, 19.80, 20.10, 291, otc]
[8076, 30.2, 28.7, 29.00, 29.60, 2976, otc]
[8077, 34.35, 28.1, 34.35, 31.90, 39, otc]
[8080, 11.4, 10.55, 10.95, 11.05, 62, otc]
[8081, 176.5, 162.0, 168.00, 173.50, 9620, tse]
[8083, 162.0, 151.5, 160.00, 159.00, 540, otc]
[8084, 96.0, 93.0, 94.10, 94.00, 497, otc]
[8085, 21.45, 20.6, 21.00, 20.70, 265, otc]
[8086, 77.6, 75.5, 76.30, 77.10, 3570, otc]
[8087, 28.8, 26.85, 26.85, 28.15, 271, otc]
[8088, 25.7, 24.25, 24.70, 25.35, 2980, otc]
[8089, 22.8, 22.45, 22.55, 22.70, 153, otc]
[8091, 89.4, 87.0, 88.10, 88.80, 1005, otc]
[8092, 11.95, 11.75, 11.90, 11.80, 117, otc]
[8093, 13.2, 11.45, 11.45, 12.45, 1952, otc]
[8096, 11.95, 11.7, 11.85, 11.85, 1009, otc]
[8097, 59.9, 57.5, 59.90, 57.70, 4376, otc]
[8099, 38.85, 37.85, 38.30, 38.00, 128, otc]
[8101, 6.06, 5.86, 5.95, 5.91, 260, tse]
[8103, 34.25, 33.05, 33.10, 34.20, 641, tse]
[8104, 39.55, 38.3, 38.65, 39.30, 700, tse]
[8105, 15.2, 14.45, 14.75, 15.05, 26648, tse]
[8107, 18.0, 17.6, 17.85, 17.80, 380, otc]
[8109, 87.8, 86.2, 86.50, 87.10, 396, otc]
[8110, 12.75, 12.2, 12.35, 12.75, 2978, tse]
[8111, 16.85, 16.45, 16.80, 16.70, 687, otc]
[8112, 37.8, 37.15, 37.40, 37.75, 2930, tse]
[8114, 120.0, 116.0, 116.00, 119.00, 809, tse]
[8121, 26.4, 25.5, 26.35, 26.30, 2283, otc]
[8131, 41.35, 40.3, 41.15, 40.70, 1078, tse]
[8147, 64.8, 62.6, 64.80, 63.60, 213, otc]
[8150, 35.85, 34.9, 35.60, 35.65, 6604, tse]
[8155, 126.0, 116.5, 123.00, 119.00, 6346, otc]
[8163, 41.1, 40.35, 40.80, 40.85, 2065, tse]
[8171, 64.4, 59.6, 60.00, 63.00, 23824, otc]
[8176, 10.3, 10.0, 10.20, 10.15, 399, otc]
[8182, 33.2, 32.6, 32.65, 33.00, 275, otc]
[8183, 58.6, 54.4, 54.80, 57.90, 7323, otc]
[8201, 10.6, 10.2, 10.45, 10.45, 404, tse]
[8210, 84.6, 80.5, 81.70, 83.70, 2346, tse]
[8213, 38.45, 37.55, 37.55, 38.30, 1046, tse]
[8215, 36.5, 35.05, 35.05, 36.15, 10151, tse]
[8222, 34.1, 31.1, 32.00, 31.90, 148946, tse]
[8227, 146.0, 125.0, 125.00, 146.00, 8797, otc]
[8234, 39.25, 33.75, 33.75, 39.00, 16264, otc]
[8240, 28.8, 28.4, 28.45, 28.55, 173, otc]
[8249, 27.7, 27.0, 27.50, 27.30, 1105, tse]
[8255, 181.0, 168.5, 171.00, 180.00, 5716, otc]
[8261, 115.5, 109.5, 110.50, 115.00, 6829, tse]
[8271, 45.95, 44.65, 44.95, 45.90, 1725, tse]
[8277, 9.39, 8.7, 8.79, 9.04, 1030, otc]
[8279, 163.0, 155.0, 157.00, 159.50, 123, otc]
[8284, 60.6, 59.3, 60.50, 59.30, 175, otc]
[8289, 40.7, 38.95, 39.50, 40.30, 3564, otc]
[8291, 6.52, 6.52, 6.52, 6.52, 2, otc]
[8299, 367.5, 346.5, 346.50, 364.50, 4359, otc]
[8341, 168.5, 164.5, 167.50, 168.00, 1075, tse]
[8342, 58.4, 55.0, 55.10, 57.30, 33, otc]
[8349, 69.9, 62.8, 64.80, 67.60, 6705, otc]
[8354, 14.6, 14.3, 14.35, 14.50, 217, otc]
[8358, 67.6, 63.4, 64.00, 67.50, 26251, otc]
[8367, 41.1, 40.3, 40.80, 40.65, 140, tse]
[8374, 29.85, 29.1, 29.25, 29.50, 112, tse]
[8383, 40.5, 39.6, 40.10, 40.10, 1709, otc]
[8390, 36.8, 35.9, 36.50, 36.50, 625, otc]
[8401, 23.35, 22.65, 22.65, 23.20, 1659, otc]
[8403, 35.35, 33.7, 33.75, 35.15, 2085, otc]
[8404, 28.75, 27.95, 28.20, 28.15, 779, tse]
[8409, 21.9, 19.6, 19.60, 20.25, 2982, otc]
[8410, 29.35, 29.0, 29.15, 29.20, 37, otc]
[8411, 14.35, 14.1, 14.10, 14.35, 190, tse]
[8415, 38.6, 38.1, 38.10, 38.60, 1196, otc]
[8416, 118.0, 117.0, 117.50, 118.00, 35, otc]
[8418, 9.86, 9.75, 9.77, 9.81, 32, otc]
[8420, 84.3, 80.6, 81.80, 83.80, 909, otc]
[8421, 18.5, 16.1, 16.20, 17.80, 6841, otc]
[8422, 185.5, 183.5, 184.00, 185.00, 354, tse]
[8423, 18.3, 17.85, 18.30, 17.90, 5, otc]
[8424, 67.6, 66.9, 67.30, 67.00, 44, otc]
[8426, 37.85, 34.05, 35.45, 35.80, 1107, otc]
[8429, 10.95, 10.4, 10.65, 10.80, 1253, tse]
[8431, 52.6, 51.3, 52.60, 52.10, 175, otc]
[8432, 47.05, 45.8, 47.00, 46.20, 145, otc]
[8433, 70.4, 65.8, 66.50, 68.30, 624, otc]
[8435, 61.2, 60.6, 60.60, 61.10, 59, otc]
[8436, 215.0, 198.0, 200.00, 212.50, 12317, otc]
[8437, 111.0, 107.5, 108.50, 109.50, 54, otc]
[8438, 25.8, 24.65, 25.00, 25.30, 130, tse]
[8440, 46.6, 44.15, 44.60, 46.15, 1853, otc]
[8442, 74.5, 73.0, 74.10, 74.50, 358, tse]
[8443, 11.45, 11.15, 11.35, 11.40, 344, tse]
[8444, 47.8, 44.2, 47.80, 45.30, 31, otc]
[8446, 86.7, 83.6, 84.20, 86.30, 355, otc]
[8450, 27.5, 26.8, 27.10, 27.20, 269, otc]
[8454, 794.0, 739.0, 742.00, 769.00, 3872, tse]
[8455, 23.2, 20.65, 20.65, 21.65, 38, otc]
[8462, 141.5, 133.5, 134.50, 137.50, 379, tse]
[8463, 24.25, 23.8, 24.00, 24.00, 193, tse]
[8464, 348.0, 316.5, 317.00, 336.00, 2044, tse]
[8466, 40.85, 40.15, 40.45, 40.55, 133, tse]
[8467, 57.6, 56.1, 57.10, 57.00, 48, tse]
[8472, NaN, NaN, NaN, NaN, 0, otc]
[8473, 28.25, 28.0, 28.10, 28.20, 123, tse]
[8476, 68.9, 64.3, 67.10, 66.30, 3036, otc]
[8477, 17.5, 16.85, 17.15, 17.05, 98, otc]
[8478, 360.0, 334.0, 343.50, 356.00, 25773, tse]
[8481, 58.2, 56.6, 58.20, 57.10, 36, tse]
[8482, 73.2, 71.2, 71.30, 72.70, 108, tse]
[8488, 15.85, 15.1, 15.85, 15.80, 30, tse]
[8489, 24.2, 23.5, 23.60, 24.10, 85, otc]
[8499, 105.5, 103.0, 104.00, 105.50, 61, tse]
[8905, 23.3, 23.1, 23.20, 23.25, 168, otc]
[8906, 19.1, 18.7, 18.80, 18.80, 49, otc]
[8908, 71.8, 70.0, 70.30, 70.40, 158, otc]
[8916, 52.9, 51.9, 52.10, 52.70, 2278, otc]
[8917, 90.0, 89.6, 90.00, 89.90, 10, otc]
[8921, 14.7, 14.65, 14.65, 14.70, 6, otc]
[8923, 21.9, 20.35, 21.20, 21.90, 22, otc]
[8924, 119.5, 116.5, 117.00, 119.00, 472, otc]
[8926, 37.05, 35.6, 36.00, 36.20, 2610, tse]
[8927, 39.1, 37.95, 37.95, 38.05, 2681, otc]
[8928, 42.2, 40.6, 41.25, 42.10, 529, otc]
[8929, 21.3, 20.8, 20.85, 20.90, 63, otc]
[8930, 17.6, 17.25, 17.45, 17.35, 593, otc]
[8931, 55.8, 50.5, 51.40, 52.40, 2393, otc]
[8932, 44.4, 41.4, 43.50, 44.40, 1258, otc]
[8933, 16.1, 15.65, 15.80, 15.85, 4835, otc]
[8935, 11.6, 11.4, 11.60, 11.60, 171, otc]
[8936, 24.35, 23.15, 23.15, 23.75, 6175, otc]
[8937, 14.75, 14.45, 14.45, 14.70, 98, otc]
[8938, 96.2, 94.6, 96.20, 95.10, 2559, otc]
[8940, 20.8, 16.5, 16.55, 20.30, 7578, tse]
[8941, 56.6, 55.1, 56.00, 55.90, 123, otc]
[8942, 65.0, 63.1, 63.70, 64.90, 650, otc]
[8996, 241.5, 231.5, 232.00, 240.00, 47013, tse]
[9103, 7.25, 7.03, 7.20, 7.17, 4587, tse]
[9105, 4.16, 4.08, 4.09, 4.16, 3909, tse]
[9110, 3.21, 3.03, 3.06, 3.20, 309, tse]
[9136, 6.35, 6.27, 6.31, 6.30, 467, tse]
[9802, 139.0, 126.5, 128.50, 136.00, 11137, tse]
[9902, 13.0, 12.75, 12.80, 13.00, 495, tse]
[9904, 34.8, 33.35, 33.45, 34.65, 38205, tse]
[9905, 24.65, 24.35, 24.40, 24.50, 296, tse]
[9906, 48.5, 47.9, 48.45, 48.05, 88, tse]
[9907, 17.6, 17.3, 17.45, 17.35, 6101, tse]
[9908, 31.2, 30.9, 31.05, 31.20, 315, tse]
[9910, 197.0, 187.0, 188.00, 196.00, 2466, tse]
[9911, 64.4, 63.5, 64.10, 64.10, 475, tse]
[9912, 10.35, 9.77, 9.87, 10.05, 397, tse]
[9914, 189.5, 178.5, 185.00, 179.00, 2858, tse]
[9917, 101.0, 99.7, 100.50, 100.00, 1133, tse]
[9918, 42.5, 42.1, 42.35, 42.20, 50, tse]
[9919, 17.55, 17.05, 17.35, 17.20, 2070, tse]
[9921, 213.5, 205.0, 206.50, 207.50, 2543, tse]
[9924, 42.4, 41.95, 42.20, 42.35, 370, tse]
[9925, 40.95, 39.9, 40.00, 40.90, 1057, tse]
[9926, 52.0, 51.6, 51.60, 51.70, 8, tse]
[9927, 39.35, 38.0, 38.20, 39.35, 618, tse]
[9928, 21.6, 20.1, 21.45, 20.65, 1063, tse]
[9929, 9.56, 9.12, 9.32, 9.39, 322, tse]
[9930, 46.7, 45.0, 46.60, 46.65, 292, tse]
[9931, 39.45, 39.0, 39.15, 39.45, 10, tse]
[9933, 44.65, 43.35, 43.60, 43.55, 6292, tse]
[9934, 13.2, 12.95, 13.15, 13.05, 929, tse]
[9935, 17.75, 17.5, 17.70, 17.65, 390, tse]
[9937, 58.0, 54.3, 54.90, 57.50, 158, tse]
[9938, 66.1, 59.9, 65.40, 60.40, 17185, tse]
[9939, 95.4, 90.8, 91.80, 94.40, 7089, tse]
[9940, 28.65, 28.0, 28.40, 28.60, 947, tse]
[9941, 171.5, 168.0, 171.50, 169.50, 2960, tse]
[9942, 120.5, 116.0, 116.00, 118.00, 2426, tse]
[9943, 70.5, 64.8, 64.80, 70.50, 1501, tse]
[9944, 20.55, 20.35, 20.50, 20.45, 183, tse]
[9945, 44.45, 43.5, 44.40, 44.10, 15367, tse]
[9946, 12.0, 11.75, 11.85, 11.90, 339, tse]
[9949, 21.25, 20.35, 20.50, 20.55, 38, otc]
[9950, 12.0, 11.5, 12.00, 11.50, 37, otc]
[9951, 68.5, 66.4, 67.50, 68.00, 196, otc]
[9955, 21.15, 20.5, 20.60, 20.75, 768, tse]
[9958, 101.5, 96.5, 97.30, 99.00, 9605, tse]
[9960, 26.1, 25.6, 25.60, 26.10, 193, otc]
[9962, 20.3, 19.2, 19.35, 20.20, 4543, otc]
