[1101, 38.75, 37.75, 38.05, 38.55, 168061, tse]
[1102, 44.4, 43.6, 43.60, 44.25, 22879, tse]
[1103, 21.0, 19.8, 19.85, 20.50, 7569, tse]
[1104, 28.15, 27.5, 27.85, 27.90, 5352, tse]
[1108, 15.45, 15.0, 15.10, 15.20, 4058, tse]
[1109, 18.75, 18.25, 18.75, 18.45, 937, tse]
[1110, 19.3, 18.3, 19.30, 18.50, 1813, tse]
[1201, 20.6, 20.35, 20.55, 20.50, 2114, tse]
[1203, 41.7, 40.6, 41.05, 41.70, 63, tse]
[1210, 53.6, 52.4, 53.10, 53.20, 7527, tse]
[1213, 6.96, 6.28, 6.96, 6.50, 141, tse]
[1215, 91.9, 89.1, 89.90, 91.20, 4019, tse]
[1216, 75.4, 74.1, 75.10, 75.10, 44796, tse]
[1217, 11.4, 11.2, 11.35, 11.30, 4020, tse]
[1218, 32.25, 30.55, 32.05, 30.65, 20862, tse]
[1219, 21.3, 20.8, 20.95, 21.05, 2273, tse]
[1220, 15.2, 14.9, 15.10, 15.15, 1042, tse]
[1225, 59.2, 56.3, 59.20, 57.00, 465, tse]
[1227, 41.5, 40.85, 41.20, 41.20, 7121, tse]
[1229, 64.4, 62.2, 63.20, 62.70, 5061, tse]
[1231, 91.3, 90.0, 91.00, 90.70, 1059, tse]
[1232, 153.0, 151.0, 152.00, 152.00, 217, tse]
[1233, 35.6, 34.85, 35.00, 35.60, 150, tse]
[1234, 37.7, 37.25, 37.25, 37.70, 869, tse]
[1235, 86.6, 77.2, 77.80, 83.40, 45, tse]
[1236, 23.6, 23.2, 23.60, 23.30, 316, tse]
[1240, 45.75, 45.0, 45.50, 45.00, 165, otc]
[1256, 323.5, 312.0, 323.50, 314.00, 31, tse]
[1258, 26.85, 26.85, 26.85, 26.85, 41, otc]
[1259, 77.3, 75.0, 77.30, 77.00, 51, otc]
[1264, 290.0, 281.5, 284.00, 282.50, 68, otc]
[1268, 171.0, 157.0, 158.50, 169.50, 1925, otc]
[1301, 94.1, 92.8, 93.50, 93.70, 64543, tse]
[1303, 79.4, 77.6, 79.00, 78.10, 38105, tse]
[1304, 23.25, 22.65, 22.85, 23.00, 5795, tse]
[1305, 24.4, 23.5, 24.30, 23.75, 5788, tse]
[1307, 23.5, 22.6, 23.30, 23.30, 2151, tse]
[1308, 26.4, 25.75, 26.10, 26.30, 4137, tse]
[1309, 20.25, 19.85, 20.25, 20.00, 2290, tse]
[1310, 17.25, 16.3, 16.60, 17.10, 14360, tse]
[1312, 19.45, 18.85, 19.10, 19.35, 8340, tse]
[1313, 14.45, 14.1, 14.20, 14.20, 5211, tse]
[1314, 9.84, 9.69, 9.80, 9.78, 46526, tse]
[1315, 70.8, 70.0, 70.30, 70.80, 69, tse]
[1316, 12.8, 12.3, 12.60, 12.65, 5784, tse]
[1319, 50.7, 49.35, 50.00, 49.95, 15883, tse]
[1321, 34.35, 34.0, 34.30, 34.15, 511, tse]
[1323, 33.0, 32.55, 33.00, 32.65, 409, tse]
[1324, 11.75, 11.4, 11.40, 11.65, 186, tse]
[1325, 26.25, 25.0, 25.50, 25.55, 1700, tse]
[1326, 69.5, 68.2, 69.30, 68.70, 18387, tse]
[1336, 25.05, 23.9, 24.05, 24.85, 1089, otc]
[1337, 8.39, 7.99, 8.10, 8.00, 5428, tse]
[1338, 45.6, 43.2, 43.35, 44.70, 911, tse]
[1339, 44.7, 43.95, 44.10, 44.65, 489, tse]
[1340, 13.3, 12.9, 13.00, 13.20, 1056, tse]
[1341, 72.2, 70.4, 71.20, 71.80, 26, tse]
[1342, 127.5, 122.5, 124.50, 125.00, 2115, tse]
[1402, 32.3, 31.7, 31.80, 31.90, 58966, tse]
[1409, 17.35, 17.0, 17.15, 17.30, 10041, tse]
[1410, 37.75, 37.0, 37.30, 37.30, 145, tse]
[1413, 9.24, 9.02, 9.05, 9.15, 420, tse]
[1414, 17.45, 17.2, 17.45, 17.40, 838, tse]
[1416, 12.1, 11.5, 12.10, 11.95, 3386, tse]
[1417, 13.85, 13.25, 13.40, 13.70, 3792, tse]
[1418, 18.0, 17.05, 17.20, 17.35, 200, tse]
[1419, 41.85, 41.0, 41.40, 41.65, 307, tse]
[1423, 24.15, 23.0, 23.85, 23.20, 1017, tse]
[1432, 17.15, 16.3, 16.60, 16.65, 2936, tse]
[1434, 28.15, 27.85, 27.90, 28.15, 4916, tse]
[1436, 60.7, 59.3, 59.90, 59.90, 99, tse]
[1437, 29.3, 28.85, 29.20, 29.15, 771, tse]
[1438, 31.45, 30.4, 31.05, 30.95, 268, tse]
[1439, 22.75, 22.25, 22.25, 22.75, 108, tse]
[1440, 16.4, 16.05, 16.15, 16.30, 4591, tse]
[1441, 8.28, 8.1, 8.12, 8.16, 376, tse]
[1442, 33.1, 32.2, 32.90, 32.55, 2899, tse]
[1443, 29.5, 28.65, 28.65, 29.15, 143, tse]
[1444, 10.55, 10.4, 10.45, 10.50, 4751, tse]
[1445, 24.0, 20.45, 20.45, 23.70, 3557, tse]
[1446, 32.0, 31.15, 31.60, 31.55, 274, tse]
[1447, 7.97, 7.81, 7.86, 7.92, 3049, tse]
[1449, 16.8, 14.9, 15.25, 16.55, 1666, tse]
[1451, 21.6, 21.2, 21.30, 21.45, 1078, tse]
[1452, 17.7, 17.45, 17.60, 17.55, 335, tse]
[1453, 15.6, 15.0, 15.60, 15.20, 679, tse]
[1454, 17.55, 15.8, 15.85, 16.90, 1160, tse]
[1455, 10.65, 10.35, 10.50, 10.40, 2302, tse]
[1456, 17.0, 16.25, 16.90, 16.65, 320, tse]
[1457, 18.7, 18.5, 18.70, 18.70, 805, tse]
[1459, 9.1, 8.96, 9.00, 9.05, 298, tse]
[1460, 9.38, 8.89, 9.03, 9.03, 30337, tse]
[1463, 14.75, 14.3, 14.60, 14.45, 711, tse]
[1464, 15.35, 15.0, 15.05, 15.25, 1200, tse]
[1465, 14.85, 14.2, 14.30, 14.30, 390, tse]
[1466, 11.4, 11.15, 11.30, 11.30, 298, tse]
[1467, 11.55, 11.25, 11.40, 11.35, 1825, tse]
[1468, 16.25, 14.7, 15.90, 15.20, 255, tse]
[1470, 20.8, 20.05, 20.10, 20.05, 572, tse]
[1471, 9.8, 9.0, 9.05, 9.58, 4128, tse]
[1472, 31.4, 29.75, 30.40, 30.50, 410, tse]
[1473, 23.9, 23.1, 23.85, 23.55, 704, tse]
[1474, 12.65, 12.4, 12.65, 12.50, 524, tse]
[1475, 57.5, 55.7, 56.00, 56.70, 130, tse]
[1476, 489.0, 461.5, 468.00, 485.00, 4129, tse]
[1477, 234.0, 214.0, 220.00, 231.50, 11477, tse]
[1503, 162.0, 139.5, 140.00, 156.50, 76348, tse]
[1504, 55.5, 50.9, 51.20, 54.10, 138434, tse]
[1506, 19.5, 18.85, 19.50, 19.20, 1297, tse]
[1512, 14.35, 12.85, 13.00, 14.15, 347, tse]
[1513, 121.0, 111.0, 113.00, 117.00, 129450, tse]
[1514, 58.4, 50.6, 50.60, 58.40, 60309, tse]
[1515, 32.25, 28.95, 29.50, 30.85, 4501, tse]
[1516, 21.5, 20.5, 20.65, 21.45, 1214, tse]
[1517, 19.5, 18.65, 18.75, 19.30, 1421, tse]
[1519, 158.0, 136.5, 137.00, 158.00, 110033, tse]
[1521, 37.95, 37.5, 37.70, 37.85, 167, tse]
[1522, 29.6, 28.9, 29.10, 29.40, 4457, tse]
[1524, 23.9, 22.0, 22.00, 23.30, 14487, tse]
[1525, 119.5, 94.3, 94.90, 110.50, 14448, tse]
[1526, 41.7, 40.7, 41.10, 41.45, 813, tse]
[1527, 42.7, 42.0, 42.00, 42.30, 802, tse]
[1528, 12.7, 12.2, 12.30, 12.50, 6449, tse]
[1529, 42.05, 37.2, 37.30, 42.05, 25062, tse]
[1530, 32.95, 32.1, 32.60, 32.65, 131, tse]
[1531, 14.7, 14.45, 14.65, 14.60, 346, tse]
[1532, 36.0, 34.6, 34.85, 35.95, 3119, tse]
[1533, 59.6, 54.6, 55.00, 58.90, 6060, tse]
[1535, 54.7, 52.6, 52.80, 54.40, 629, tse]
[1536, 72.6, 70.7, 70.90, 72.30, 2446, tse]
[1537, 141.0, 139.5, 140.00, 140.00, 320, tse]
[1538, 9.5, 9.01, 9.50, 9.43, 58, tse]
[1539, 28.55, 27.75, 27.80, 28.35, 819, tse]
[1540, 16.85, 16.55, 16.85, 16.55, 469, tse]
[1541, 35.05, 34.5, 34.85, 34.85, 84, tse]
[1558, 111.0, 109.0, 110.00, 111.00, 475, tse]
[1560, 118.5, 113.0, 116.00, 117.50, 7307, tse]
[1565, 245.0, 237.5, 240.00, 242.50, 711, otc]
[1568, 26.8, 24.25, 25.25, 26.65, 6268, tse]
[1569, 23.7, 23.05, 23.20, 23.45, 734, otc]
[1570, 19.3, 18.6, 18.65, 18.80, 1199, otc]
[1580, 137.0, 130.0, 133.00, 133.00, 1380, otc]
[1582, 59.8, 59.2, 59.80, 59.60, 577, tse]
[1583, 69.4, 68.3, 68.70, 68.60, 30, tse]
[1584, 38.05, 35.5, 35.70, 37.70, 26477, otc]
[1586, 34.25, 33.05, 34.00, 33.80, 697, otc]
[1587, 22.9, 21.6, 22.25, 21.95, 898, tse]
[1589, 75.3, 70.7, 71.40, 73.40, 11434, tse]
[1590, 1070.0, 967.0, 1,040.00, 1,000.00, 4348, tse]
[1591, 33.3, 28.9, 28.90, 32.35, 6190, otc]
[1593, 75.5, 73.3, 74.10, 74.20, 82, otc]
[1595, 39.3, 38.9, 39.05, 39.20, 80, otc]
[1597, 74.8, 73.2, 73.20, 73.90, 167, tse]
[1598, 41.2, 39.65, 40.10, 40.70, 1229, tse]
[1599, 38.4, 37.8, 37.90, 37.95, 172, otc]
[1603, 27.95, 27.1, 27.50, 27.80, 2640, tse]
[1604, 27.2, 26.8, 27.00, 27.00, 1019, tse]
[1605, 46.9, 45.45, 45.80, 46.40, 93142, tse]
[1608, 25.05, 22.35, 25.00, 23.10, 109262, tse]
[1609, 32.3, 30.4, 31.00, 31.65, 109592, tse]
[1611, 18.2, 17.4, 17.75, 18.05, 9161, tse]
[1612, 24.45, 22.45, 22.90, 23.60, 13404, tse]
[1614, 37.65, 36.95, 37.20, 37.15, 252, tse]
[1615, 37.85, 37.1, 37.55, 37.35, 358, tse]
[1616, 9.99, 9.54, 9.81, 9.90, 3017, tse]
[1617, 17.1, 16.0, 16.65, 16.65, 430, tse]
[1618, 20.7, 18.65, 19.40, 20.35, 12119, tse]
[1626, 18.9, 18.3, 18.60, 18.60, 214, tse]
[1701, 26.05, 25.7, 25.90, 25.90, 3998, tse]
[1702, 50.9, 48.6, 50.20, 49.05, 3966, tse]
[1707, 177.5, 174.0, 174.50, 175.50, 933, tse]
[1708, 37.65, 36.3, 36.50, 37.45, 4729, tse]
[1709, 25.45, 24.75, 25.25, 25.40, 6232, tse]
[1710, 21.85, 20.9, 21.30, 21.50, 8909, tse]
[1711, 20.95, 20.05, 20.20, 20.80, 11636, tse]
[1712, 35.55, 35.15, 35.20, 35.25, 2538, tse]
[1713, 35.0, 33.5, 33.50, 34.50, 505, tse]
[1714, 9.4, 9.16, 9.25, 9.20, 8718, tse]
[1717, 34.5, 32.6, 32.90, 34.10, 13216, tse]
[1718, 8.19, 8.04, 8.04, 8.16, 7536, tse]
[1720, 72.2, 69.6, 69.60, 71.60, 4472, tse]
[1721, 16.75, 15.45, 15.50, 16.10, 12719, tse]
[1722, 60.9, 59.1, 59.10, 60.70, 6657, tse]
[1723, 113.5, 112.0, 113.50, 113.00, 1088, tse]
[1725, 23.75, 22.2, 22.20, 22.75, 400, tse]
[1726, 75.9, 75.3, 75.90, 75.50, 15, tse]
[1727, 43.85, 38.7, 39.65, 41.70, 36863, tse]
[1730, 60.2, 59.6, 60.10, 59.80, 112, tse]
[1731, 24.5, 23.0, 23.00, 24.45, 3079, tse]
[1732, 29.1, 27.75, 27.75, 28.65, 1706, tse]
[1733, 29.95, 26.95, 27.05, 29.90, 8458, tse]
[1734, 35.8, 33.1, 33.30, 35.80, 12883, tse]
[1735, 16.95, 16.1, 16.35, 16.65, 141, tse]
[1736, 64.3, 60.7, 60.70, 63.40, 1266, tse]
[1737, 33.9, 33.65, 33.85, 33.90, 769, tse]
[1742, 16.9, 16.3, 16.90, 16.45, 778, otc]
[1752, 66.5, 62.7, 65.80, 63.50, 6544, tse]
[1760, 152.0, 143.5, 149.50, 144.00, 6946, tse]
[1762, 92.9, 87.3, 92.20, 87.60, 11008, tse]
[1773, 134.5, 129.0, 130.50, 134.00, 1194, tse]
[1776, 19.15, 18.45, 18.60, 18.75, 923, tse]
[1777, 88.9, 87.1, 88.10, 87.90, 287, otc]
[1781, 15.0, 14.1, 14.20, 14.65, 169, otc]
[1783, 59.4, 56.0, 56.30, 58.00, 4538, tse]
[1784, 63.9, 61.2, 62.90, 62.40, 3394, otc]
[1785, 37.9, 36.9, 37.80, 37.35, 8342, otc]
[1786, 70.2, 67.1, 67.50, 69.50, 807, tse]
[1788, 146.0, 144.5, 145.00, 145.00, 84, otc]
[1789, 26.4, 26.0, 26.10, 26.25, 2893, tse]
[1795, 335.0, 318.0, 329.50, 320.50, 23284, tse]
[1796, 134.5, 124.5, 125.50, 126.00, 2099, otc]
[1799, 23.1, 20.4, 21.00, 23.10, 703, otc]
[1802, 18.9, 18.25, 18.25, 18.55, 22668, tse]
[1805, 10.0, 9.7, 9.92, 9.96, 144, tse]
[1806, 9.88, 8.97, 9.00, 9.50, 16910, tse]
[1808, 77.2, 74.6, 75.60, 76.20, 739, tse]
[1809, 15.6, 15.05, 15.40, 15.25, 7198, tse]
[1810, 23.95, 23.1, 23.20, 23.35, 11011, tse]
[1813, 22.5, 21.65, 22.50, 21.90, 152, otc]
[1815, 12.35, 12.0, 12.10, 12.15, 5083, otc]
[1817, 38.95, 38.65, 38.70, 38.70, 159, tse]
[1903, 44.95, 43.45, 44.40, 44.60, 1115, tse]
[1904, 34.35, 31.5, 31.50, 33.25, 34350, tse]
[1905, 29.25, 24.7, 24.70, 28.15, 223546, tse]
[1906, 16.45, 15.9, 16.00, 16.15, 1093, tse]
[1907, 33.6, 31.25, 32.50, 33.30, 44605, tse]
[1909, 17.15, 16.4, 16.65, 16.80, 10293, tse]
[2002, 29.5, 29.0, 29.30, 29.40, 158607, tse]
[2006, 56.9, 55.4, 56.50, 56.20, 6707, tse]
[2007, 10.6, 10.25, 10.30, 10.50, 1599, tse]
[2008, 19.65, 19.2, 19.20, 19.55, 107, tse]
[2009, 32.65, 31.7, 31.80, 32.40, 4236, tse]
[2010, 16.45, 16.15, 16.35, 16.35, 2315, tse]
[2012, 27.4, 26.8, 27.20, 27.20, 1158, tse]
[2013, 58.0, 57.2, 57.40, 57.50, 308, tse]
[2014, 23.35, 23.0, 23.00, 23.20, 13290, tse]
[2015, 68.6, 67.3, 68.50, 68.50, 1595, tse]
[2017, 17.6, 16.95, 17.25, 17.10, 5289, tse]
[2020, 24.3, 23.75, 23.85, 24.10, 811, tse]
[2022, 10.4, 10.05, 10.20, 10.10, 5318, tse]
[2023, 15.45, 15.2, 15.35, 15.30, 9068, tse]
[2024, 18.5, 17.75, 18.50, 17.90, 290, tse]
[2025, 5.78, 5.56, 5.70, 5.60, 2141, tse]
[2027, 45.8, 45.0, 45.00, 45.70, 24508, tse]
[2028, 26.3, 25.7, 26.00, 26.00, 1255, tse]
[2029, 25.4, 25.05, 25.30, 25.15, 1059, tse]
[2030, 22.8, 22.3, 22.40, 22.65, 2851, tse]
[2031, 49.5, 47.15, 49.20, 47.70, 11780, tse]
[2032, 18.1, 17.8, 18.10, 17.95, 619, tse]
[2033, 15.3, 15.0, 15.20, 15.05, 322, tse]
[2034, 28.95, 28.65, 28.75, 28.75, 3007, tse]
[2035, 31.4, 31.0, 31.40, 31.25, 44, otc]
[2038, 19.9, 19.55, 19.60, 19.85, 883, tse]
[2049, 240.0, 232.0, 232.00, 234.00, 6539, tse]
[2059, 443.0, 420.0, 421.00, 427.00, 5694, tse]
[2061, 21.1, 20.5, 20.70, 20.50, 190, otc]
[2062, 22.1, 21.35, 21.45, 21.85, 608, tse]
[2063, 47.3, 46.3, 46.55, 46.45, 225, otc]
[2064, 17.8, 17.1, 17.80, 17.15, 71, otc]
[2065, 60.7, 58.6, 58.90, 60.40, 521, otc]
[2066, 96.6, 91.0, 94.50, 91.30, 948, otc]
[2067, 12.95, 11.8, 11.80, 12.50, 160, otc]
[2069, 19.6, 19.1, 19.10, 19.20, 895, tse]
[2070, 31.8, 31.0, 31.05, 31.60, 66, otc]
[2101, 39.0, 38.0, 39.00, 38.80, 3799, tse]
[2102, 20.75, 20.25, 20.45, 20.40, 981, tse]
[2103, 25.95, 25.2, 25.95, 25.65, 14862, tse]
[2104, 20.45, 20.1, 20.15, 20.35, 10601, tse]
[2105, 40.0, 37.7, 39.70, 39.10, 49235, tse]
[2106, 31.0, 30.7, 30.70, 31.00, 1955, tse]
[2107, 21.9, 21.7, 21.75, 21.80, 860, tse]
[2108, 38.5, 37.6, 38.35, 38.25, 3802, tse]
[2109, 14.7, 14.4, 14.65, 14.55, 801, tse]
[2114, 107.5, 103.5, 104.00, 107.00, 158, tse]
[2115, 34.9, 33.3, 33.80, 34.35, 430, tse]
[2201, 93.5, 82.4, 83.40, 90.60, 158817, tse]
[2204, 99.9, 91.0, 92.90, 99.90, 40064, tse]
[2206, 88.1, 71.0, 71.20, 88.10, 136226, tse]
[2207, 843.0, 770.0, 782.00, 832.00, 4415, tse]
[2208, 24.75, 24.1, 24.40, 24.55, 16514, tse]
[2211, 64.0, 60.4, 60.70, 62.10, 8698, tse]
[2221, 42.05, 41.3, 41.60, 41.55, 350, otc]
[2227, 197.0, 194.5, 197.00, 196.50, 286, tse]
[2228, 87.8, 83.1, 83.10, 86.10, 2015, tse]
[2230, 89.8, 81.1, 84.90, 81.50, 2755, otc]
[2231, 180.0, 170.5, 173.00, 170.50, 5990, tse]
[2233, 113.5, 110.0, 111.50, 111.00, 620, tse]
[2235, 45.7, 45.0, 45.05, 45.40, 83, otc]
[2236, 51.1, 40.6, 40.90, 47.10, 7042, tse]
[2239, 82.4, 79.0, 80.90, 79.80, 2259, tse]
[2241, 37.5, 34.6, 34.60, 36.25, 537, tse]
[2243, 18.6, 18.1, 18.20, 18.50, 479, tse]
[2247, 301.5, 284.5, 286.00, 297.00, 2344, tse]
[2250, 70.5, 69.7, 69.70, 70.00, 130, tse]
[2301, 90.9, 84.4, 84.50, 89.80, 102130, tse]
[2302, 22.0, 19.55, 19.55, 20.95, 24419, tse]
[2303, 52.8, 50.3, 52.30, 51.40, 352353, tse]
[2305, 23.5, 22.85, 23.00, 23.25, 1362, tse]
[2308, 324.0, 310.5, 324.00, 315.00, 39123, tse]
[2312, 13.95, 13.4, 13.45, 13.85, 44950, tse]
[2313, 44.75, 43.6, 44.70, 44.35, 50903, tse]
[2314, 47.05, 45.35, 45.40, 46.35, 4866, tse]
[2316, 28.35, 27.9, 28.00, 28.30, 511, tse]
[2317, 109.0, 103.0, 103.50, 108.00, 327711, tse]
[2321, 18.8, 17.4, 18.80, 18.75, 37, tse]
[2323, 12.5, 10.6, 10.95, 12.25, 310327, tse]
[2324, 28.65, 26.8, 27.75, 28.40, 243888, tse]
[2327, 510.0, 493.0, 507.00, 506.00, 26653, tse]
[2328, 43.85, 39.05, 39.05, 42.50, 83565, tse]
[2329, 21.45, 19.85, 19.85, 21.10, 54419, tse]
[2330, 574.0, 550.0, 574.00, 562.00, 256940, tse]
[2331, 32.1, 28.05, 28.25, 31.15, 124113, tse]
[2332, 21.7, 19.65, 19.65, 21.65, 53636, tse]
[2337, 34.2, 32.9, 33.25, 33.85, 44912, tse]
[2338, 82.4, 79.3, 81.40, 80.30, 9509, tse]
[2340, 36.9, 35.9, 35.90, 36.70, 5540, tse]
[2342, 41.65, 40.1, 40.85, 41.00, 4041, tse]
[2344, 28.85, 26.2, 26.35, 28.50, 273575, tse]
[2345, 378.5, 333.0, 357.50, 343.00, 52567, tse]
[2347, 65.2, 63.1, 64.90, 63.80, 38856, tse]
[2348, 67.3, 66.4, 66.90, 67.00, 202, tse]
[2349, 10.15, 9.22, 9.40, 9.91, 26221, tse]
[2351, 129.0, 120.5, 121.50, 121.00, 6687, tse]
[2352, 43.0, 39.7, 39.90, 42.40, 67430, tse]
[2353, 33.95, 30.3, 31.10, 33.95, 187626, tse]
[2354, 56.3, 53.5, 53.50, 55.90, 18643, tse]
[2355, 32.35, 31.05, 31.05, 31.85, 3471, tse]
[2356, 39.0, 34.45, 34.50, 36.25, 365854, tse]
[2357, 316.0, 301.5, 309.50, 315.00, 15291, tse]
[2358, 12.3, 11.7, 12.10, 11.90, 3939, tse]
[2359, 35.65, 31.45, 31.45, 34.70, 28177, tse]
[2360, 237.5, 217.0, 234.00, 219.00, 24985, tse]
[2362, 34.3, 31.95, 31.95, 33.95, 7322, tse]
[2363, 18.05, 17.55, 17.75, 17.70, 5787, tse]
[2364, 106.5, 103.0, 104.50, 104.00, 866, tse]
[2365, 11.65, 10.95, 11.05, 11.25, 11386, tse]
[2367, 18.4, 17.9, 18.05, 18.35, 10615, tse]
[2368, 131.0, 119.0, 124.50, 128.00, 85567, tse]
[2369, 14.75, 14.3, 14.30, 14.65, 3479, tse]
[2371, 42.8, 39.25, 40.55, 41.65, 374989, tse]
[2373, 80.8, 79.6, 79.80, 80.40, 939, tse]
[2374, 20.4, 19.85, 20.00, 20.30, 4328, tse]
[2375, 73.9, 68.3, 68.40, 73.00, 3653, tse]
[2376, 209.5, 178.5, 188.00, 203.00, 134053, tse]
[2377, 173.0, 163.0, 170.50, 171.50, 34458, tse]
[2379, 393.5, 376.0, 385.00, 387.00, 14465, tse]
[2380, 10.15, 9.95, 10.05, 10.05, 2082, tse]
[2382, 123.5, 113.0, 116.50, 118.00, 288332, tse]
[2383, 215.0, 200.0, 209.00, 210.00, 28669, tse]
[2385, 107.0, 103.5, 105.50, 105.00, 14331, tse]
[2387, 42.1, 40.85, 40.85, 41.95, 3374, tse]
[2388, 87.5, 76.5, 76.60, 84.30, 84250, tse]
[2390, 12.35, 12.0, 12.05, 12.15, 1541, tse]
[2392, 42.15, 40.0, 40.00, 41.75, 10935, tse]
[2393, 48.85, 46.5, 47.20, 48.80, 12556, tse]
[2395, 407.0, 392.0, 400.00, 396.00, 7118, tse]
[2397, 79.4, 71.7, 71.70, 78.40, 1872, tse]
[2399, 21.35, 19.5, 21.25, 20.60, 65095, tse]
[2401, 25.6, 24.5, 24.50, 25.25, 11441, tse]
[2402, 32.3, 27.65, 27.90, 32.30, 53964, tse]
[2404, 230.0, 224.5, 225.50, 224.50, 4856, tse]
[2405, 12.8, 12.35, 12.35, 12.80, 6142, tse]
[2406, 18.6, 18.1, 18.20, 18.25, 4246, tse]
[2408, 73.5, 70.5, 72.10, 72.90, 70068, tse]
[2409, 17.9, 17.45, 17.50, 17.75, 142581, tse]
[2412, 126.5, 124.5, 126.00, 125.50, 87829, tse]
[2413, 34.75, 32.4, 32.50, 34.65, 10532, tse]
[2414, 35.9, 35.2, 35.20, 35.75, 465, tse]
[2415, 24.0, 23.3, 23.45, 23.65, 364, tse]
[2417, 22.2, 21.6, 21.65, 22.15, 1781, tse]
[2419, 27.4, 26.2, 26.20, 27.30, 6442, tse]
[2420, 46.7, 45.5, 45.60, 46.30, 1240, tse]
[2421, 92.8, 84.7, 87.80, 87.90, 135195, tse]
[2423, 39.35, 36.35, 36.50, 38.65, 6134, tse]
[2424, 40.3, 34.45, 37.85, 35.55, 1172, tse]
[2425, 38.1, 31.7, 32.30, 38.10, 72159, tse]
[2426, 19.15, 18.15, 18.15, 18.85, 4220, tse]
[2427, 29.9, 24.3, 24.90, 29.50, 21184, tse]
[2428, 159.5, 151.0, 154.50, 153.00, 2499, tse]
[2429, 20.0, 19.0, 19.10, 19.10, 354, tse]
[2430, 43.5, 42.95, 43.30, 43.45, 996, tse]
[2431, 12.55, 11.6, 12.20, 11.95, 7823, tse]
[2432, 34.55, 28.6, 28.60, 34.55, 9, tse]
[2433, 53.5, 52.9, 53.50, 53.20, 166, tse]
[2434, 32.0, 30.65, 30.80, 31.65, 153, tse]
[2436, 53.4, 50.3, 50.30, 53.20, 6440, tse]
[2438, 23.9, 22.5, 23.85, 23.20, 800, tse]
[2439, 92.1, 88.1, 88.20, 90.50, 4619, tse]
[2440, 11.5, 11.15, 11.50, 11.45, 797, tse]
[2441, 57.9, 56.4, 57.20, 57.10, 7771, tse]
[2442, 18.3, 17.4, 17.55, 18.20, 19731, tse]
[2443, 3.56, 3.31, 3.52, 3.47, 1392, tse]
[2444, 13.2, 10.0, 13.20, 11.60, 14686, tse]
[2449, 54.8, 52.2, 54.20, 54.20, 101541, tse]
[2450, 36.55, 36.1, 36.10, 36.25, 667, tse]
[2451, 78.7, 73.4, 73.40, 78.70, 11824, tse]
[2453, 74.1, 67.6, 70.70, 69.70, 25057, tse]
[2454, 773.0, 738.0, 755.00, 751.00, 55407, tse]
[2455, 117.5, 96.5, 101.00, 113.00, 42631, tse]
[2457, 85.3, 74.2, 74.40, 83.40, 272794, tse]
[2458, 105.5, 101.0, 104.00, 104.50, 11452, tse]
[2459, 57.9, 57.0, 57.50, 57.70, 310, tse]
[2460, 21.85, 20.0, 20.10, 21.40, 2419, tse]
[2461, 23.9, 22.95, 22.95, 23.75, 5092, tse]
[2462, 31.4, 30.7, 30.90, 31.40, 1597, tse]
[2464, 37.8, 37.2, 37.20, 37.55, 980, tse]
[2465, 41.4, 37.2, 38.30, 38.80, 6557, tse]
[2466, 36.3, 35.85, 35.85, 36.20, 63, tse]
[2467, 53.7, 50.6, 50.60, 52.70, 4473, tse]
[2468, 27.8, 26.15, 26.40, 27.20, 6167, tse]
[2471, 66.8, 62.0, 64.80, 63.40, 20315, tse]
[2472, 63.4, 62.1, 62.10, 62.80, 2364, tse]
[2474, 191.0, 185.5, 186.50, 189.50, 10068, tse]
[2476, 51.6, 50.0, 50.20, 50.90, 2302, tse]
[2477, 21.2, 20.2, 20.45, 21.20, 270, tse]
[2478, 48.95, 47.6, 47.60, 48.55, 758, tse]
[2480, 124.0, 116.5, 116.50, 120.00, 6821, tse]
[2481, 71.5, 69.0, 69.10, 71.00, 16215, tse]
[2482, 68.0, 62.6, 63.00, 65.70, 28423, tse]
[2483, 29.4, 27.65, 27.85, 28.20, 3363, tse]
[2484, 36.85, 34.35, 34.40, 36.70, 10719, tse]
[2485, 19.15, 18.65, 18.65, 19.10, 2611, tse]
[2486, 37.0, 29.75, 30.00, 37.00, 44725, tse]
[2488, 31.95, 31.1, 31.15, 31.95, 779, tse]
[2489, 15.2, 12.3, 12.35, 15.10, 99074, tse]
[2491, 18.3, 15.75, 18.05, 16.10, 4377, tse]
[2492, 106.0, 99.8, 101.50, 105.50, 16809, tse]
[2493, 71.1, 63.4, 63.70, 68.50, 4188, tse]
[2495, 26.7, 24.2, 24.20, 25.85, 36984, tse]
[2496, 54.1, 52.2, 53.70, 52.90, 117, tse]
[2497, 72.3, 70.3, 70.30, 71.50, 3436, tse]
[2498, 63.4, 58.5, 58.50, 62.90, 57833, tse]
[2501, 16.5, 16.2, 16.30, 16.30, 4056, tse]
[2504, 28.9, 28.25, 28.75, 28.70, 12117, tse]
[2505, 18.85, 18.5, 18.55, 18.70, 1554, tse]
[2506, 9.49, 9.32, 9.37, 9.46, 1648, tse]
[2509, 15.85, 15.55, 15.70, 15.80, 261, tse]
[2511, 12.1, 11.8, 11.90, 11.95, 3579, tse]
[2514, 18.7, 16.9, 17.00, 17.25, 6927, tse]
[2515, 11.8, 10.15, 10.30, 11.20, 296599, tse]
[2516, 5.44, 5.19, 5.20, 5.30, 1791, tse]
[2520, 29.75, 29.4, 29.65, 29.60, 2640, tse]
[2524, 32.0, 31.4, 31.45, 32.00, 87, tse]
[2527, 24.3, 23.6, 23.70, 24.15, 585, tse]
[2528, 26.6, 24.65, 26.45, 25.85, 3853, tse]
[2530, 24.9, 22.5, 23.20, 23.70, 10562, tse]
[2534, 22.8, 22.4, 22.65, 22.60, 3041, tse]
[2535, 33.2, 32.8, 33.10, 33.00, 2823, tse]
[2536, 26.15, 25.55, 25.95, 25.70, 1412, tse]
[2537, 7.25, 7.03, 7.16, 7.07, 2606, tse]
[2538, 13.1, 12.85, 12.95, 13.00, 3281, tse]
[2539, 38.95, 37.8, 37.80, 38.70, 2242, tse]
[2540, 83.4, 77.3, 77.60, 80.90, 2335, tse]
[2542, 42.75, 42.0, 42.20, 42.60, 12536, tse]
[2543, 9.71, 9.45, 9.52, 9.62, 580, tse]
[2545, 46.5, 45.7, 46.15, 46.20, 1254, tse]
[2546, 72.0, 67.9, 68.00, 70.00, 729, tse]
[2547, 9.3, 9.18, 9.22, 9.20, 4347, tse]
[2548, 90.8, 89.4, 90.80, 90.60, 4873, tse]
[2596, 23.0, 22.5, 22.80, 22.75, 285, otc]
[2597, 117.5, 116.0, 116.50, 117.50, 352, tse]
[2601, 9.07, 8.94, 9.03, 8.96, 7575, tse]
[2603, 157.5, 152.0, 153.50, 152.50, 112786, tse]
[2605, 21.7, 20.25, 21.45, 20.40, 15524, tse]
[2606, 50.5, 47.5, 49.10, 48.20, 21599, tse]
[2607, 27.85, 27.3, 27.30, 27.75, 5774, tse]
[2608, 38.65, 38.2, 38.35, 38.55, 972, tse]
[2609, 62.3, 60.3, 61.50, 61.50, 86467, tse]
[2610, 23.6, 21.05, 21.20, 23.05, 808981, tse]
[2611, 14.2, 13.35, 13.75, 13.60, 8289, tse]
[2612, 40.3, 39.25, 39.30, 39.95, 1725, tse]
[2613, 21.8, 21.5, 21.50, 21.60, 583, tse]
[2614, 19.4, 18.5, 18.90, 18.55, 9682, tse]
[2615, 60.5, 56.8, 59.50, 58.10, 42644, tse]
[2616, 32.6, 32.4, 32.55, 32.45, 581, tse]
[2617, 29.45, 28.7, 28.95, 29.10, 3680, tse]
[2618, 36.95, 32.65, 32.80, 36.45, 1074601, tse]
[2630, 49.95, 41.25, 42.75, 46.80, 90564, tse]
[2633, 33.0, 32.3, 32.60, 33.00, 31987, tse]
[2634, 56.8, 54.6, 55.30, 56.30, 78570, tse]
[2636, 71.8, 70.0, 70.10, 70.80, 7358, tse]
[2637, 60.3, 49.6, 59.70, 50.20, 34704, tse]
[2640, 140.5, 132.5, 137.00, 138.50, 628, otc]
[2641, 17.9, 17.5, 17.65, 17.65, 4404, otc]
[2642, 45.55, 45.0, 45.35, 45.20, 346, tse]
[2643, 73.6, 72.1, 72.20, 73.50, 228, otc]
[2645, 109.5, 104.0, 108.00, 106.50, 5736, tse]
[2701, 14.4, 13.15, 13.50, 13.90, 12571, tse]
[2702, 26.0, 24.2, 24.75, 24.95, 4861, tse]
[2704, 48.95, 44.1, 44.75, 48.65, 2826, tse]
[2705, 20.4, 18.25, 18.55, 19.90, 22424, tse]
[2706, 18.55, 15.95, 16.50, 17.60, 30413, tse]
[2707, 294.5, 280.0, 290.00, 292.00, 5258, tse]
[2712, 39.3, 36.5, 37.85, 38.40, 2054, tse]
[2718, 47.9, 46.55, 47.40, 47.50, 117, otc]
[2719, 74.5, 64.0, 67.70, 71.20, 1527, otc]
[2722, 78.3, 65.3, 66.60, 71.50, 22253, tse]
[2723, 156.5, 145.5, 156.00, 150.50, 7464, tse]
[2724, 13.35, 13.0, 13.15, 13.25, 30, otc]
[2726, 27.9, 25.95, 27.05, 26.45, 250, otc]
[2727, 364.5, 311.0, 323.50, 357.50, 22733, tse]
[2729, 295.5, 264.0, 281.00, 292.00, 1874, otc]
[2731, 189.0, 173.0, 182.50, 180.00, 30018, tse]
[2732, 189.0, 173.5, 175.50, 187.00, 5405, otc]
[2734, 55.8, 42.1, 44.20, 54.90, 13959, otc]
[2736, 42.6, 38.05, 38.50, 40.20, 28799, otc]
[2739, 78.2, 70.0, 72.10, 72.80, 7397, tse]
[2740, 42.0, 41.6, 42.00, 41.75, 10, otc]
[2743, 143.0, 121.5, 121.50, 142.50, 2542, otc]
[2745, 80.0, 68.0, 68.40, 79.50, 2401, otc]
[2748, 96.0, 88.0, 90.20, 91.60, 32685, tse]
[2752, 265.0, 257.0, 257.00, 262.00, 70, otc]
[2753, 186.5, 164.0, 167.50, 181.00, 7674, tse]
[2754, 188.0, 170.5, 176.50, 188.00, 3460, otc]
[2755, 148.0, 142.0, 142.00, 144.00, 82, otc]
[2756, 141.5, 135.0, 136.00, 137.50, 90, otc]
[2801, 18.4, 18.0, 18.15, 18.20, 112136, tse]
[2809, 35.95, 35.25, 35.30, 35.85, 6656, tse]
[2812, 14.75, 14.6, 14.65, 14.70, 21047, tse]
[2816, 17.35, 17.0, 17.10, 17.20, 423, tse]
[2820, 15.45, 15.3, 15.45, 15.40, 2233, tse]
[2832, 22.45, 22.25, 22.30, 22.35, 851, tse]
[2834, 14.15, 13.9, 14.10, 14.00, 82546, tse]
[2836, 12.5, 12.25, 12.35, 12.30, 2496, tse]
[2838, 16.65, 16.3, 16.30, 16.60, 3315, tse]
[2845, 11.35, 11.2, 11.30, 11.30, 18699, tse]
[2849, 15.4, 15.15, 15.15, 15.20, 409, tse]
[2850, 53.0, 51.9, 51.90, 52.10, 617, tse]
[2851, 20.35, 19.7, 20.00, 20.20, 11963, tse]
[2852, 16.0, 15.85, 15.90, 15.90, 777, tse]
[2855, 17.4, 17.0, 17.10, 17.35, 4801, tse]
[2867, 5.27, 5.19, 5.21, 5.24, 30947, tse]
[2880, 22.4, 22.1, 22.25, 22.30, 134136, tse]
[2881, 61.6, 60.0, 61.00, 60.60, 80400, tse]
[2882, 45.5, 43.8, 44.40, 44.45, 187043, tse]
[2883, 13.0, 12.7, 12.90, 12.90, 276196, tse]
[2884, 26.1, 25.8, 25.80, 26.00, 100755, tse]
[2885, 23.9, 23.5, 23.55, 23.85, 97319, tse]
[2886, 36.3, 35.6, 35.90, 36.10, 152904, tse]
[2887, 18.5, 18.3, 18.35, 18.45, 101585, tse]
[2888, 8.67, 8.47, 8.50, 8.55, 233187, tse]
[2889, 12.65, 12.35, 12.55, 12.35, 19262, tse]
[2890, 17.3, 17.1, 17.15, 17.15, 155381, tse]
[2891, 24.6, 24.15, 24.15, 24.30, 165086, tse]
[2892, 28.15, 27.55, 27.85, 27.60, 126870, tse]
[2897, 10.3, 10.15, 10.25, 10.20, 16840, tse]
[2901, 31.9, 27.1, 27.10, 30.05, 2993, tse]
[2903, 24.4, 23.8, 24.25, 24.20, 7868, tse]
[2904, 20.35, 20.0, 20.25, 20.20, 134, tse]
[2905, 15.35, 15.0, 15.30, 15.20, 2183, tse]
[2906, 17.2, 16.45, 16.55, 17.00, 2011, tse]
[2908, 21.4, 21.0, 21.05, 21.35, 1477, tse]
[2910, 30.5, 29.65, 29.75, 30.20, 47, tse]
[2911, 7.47, 7.09, 7.15, 7.18, 1049, tse]
[2912, 283.0, 276.0, 281.50, 280.50, 12510, tse]
[2913, 24.1, 22.05, 22.05, 23.35, 92395, tse]
[2915, 57.8, 56.0, 56.00, 57.30, 8405, tse]
[2916, 46.35, 43.05, 43.35, 45.30, 1294, otc]
[2923, 25.75, 24.05, 24.25, 25.70, 92, tse]
[2924, 25.2, 22.2, 24.50, 22.65, 53, otc]
[2926, 64.0, 62.7, 62.70, 62.90, 61, otc]
[2929, 13.2, 12.5, 12.80, 13.00, 1654, tse]
[2937, 34.7, 33.25, 33.90, 33.50, 79, otc]
[2939, 33.3, 32.25, 33.15, 33.10, 98, tse]
[2945, 43.35, 41.6, 43.35, 42.00, 86, tse]
[2947, 92.2, 91.0, 91.00, 91.30, 14, otc]
[3002, 13.4, 13.0, 13.05, 13.25, 1368, tse]
[3003, 83.0, 77.7, 78.30, 81.00, 10923, tse]
[3004, 108.5, 98.6, 105.00, 100.00, 5860, tse]
[3005, 73.4, 67.4, 67.90, 72.40, 32612, tse]
[3006, 92.9, 84.6, 85.80, 87.70, 76645, tse]
[3008, 2330.0, 2230.0, 2,235.00, 2,265.00, 2578, tse]
[3010, 87.2, 85.6, 86.90, 87.00, 2172, tse]
[3011, 29.5, 26.1, 26.60, 27.80, 11087, tse]
[3013, 31.1, 24.25, 24.25, 29.85, 206318, tse]
[3014, 115.5, 111.5, 111.50, 113.00, 7487, tse]
[3015, 50.5, 49.3, 50.00, 50.30, 1703, tse]
[3016, 65.5, 63.0, 63.90, 64.80, 2968, tse]
[3017, 215.5, 195.5, 212.00, 202.00, 76243, tse]
[3019, 69.6, 64.6, 64.70, 66.00, 12600, tse]
[3021, 22.7, 21.6, 21.75, 22.25, 955, tse]
[3022, 93.1, 88.6, 89.60, 90.20, 11690, tse]
[3023, 362.5, 351.0, 352.00, 352.00, 3309, tse]
[3024, 15.25, 14.7, 14.95, 14.85, 3551, tse]
[3025, 45.85, 41.8, 42.30, 43.25, 112848, tse]
[3026, 106.5, 103.5, 104.00, 106.00, 1396, tse]
[3027, 42.45, 39.5, 39.75, 41.80, 10897, tse]
[3028, 35.25, 34.05, 34.05, 34.75, 6433, tse]
[3029, 68.9, 63.2, 66.00, 66.10, 38972, tse]
[3030, 65.2, 63.6, 63.60, 64.30, 2896, tse]
[3031, 22.85, 19.0, 19.00, 21.75, 26226, tse]
[3032, 62.5, 53.3, 56.50, 56.30, 53835, tse]
[3033, 31.4, 30.7, 30.75, 31.30, 7790, tse]
[3034, 431.5, 416.0, 420.50, 431.00, 20670, tse]
[3035, 176.0, 169.5, 171.50, 172.00, 40186, tse]
[3036, 67.4, 65.5, 66.70, 66.30, 4515, tse]
[3037, 190.0, 178.0, 189.00, 182.00, 153462, tse]
[3038, 36.1, 33.1, 33.10, 35.55, 35446, tse]
[3040, 31.95, 31.3, 31.65, 31.65, 157, tse]
[3041, 20.9, 19.6, 19.60, 19.95, 7196, tse]
[3042, 91.9, 88.8, 89.10, 90.90, 8137, tse]
[3043, 38.8, 35.15, 36.70, 37.15, 1724, tse]
[3044, 131.0, 119.0, 120.00, 127.00, 48624, tse]
[3045, 104.5, 102.0, 103.00, 104.00, 36730, tse]
[3046, 85.3, 80.2, 80.90, 83.20, 16449, tse]
[3047, 16.65, 15.15, 15.15, 16.35, 22979, tse]
[3048, 28.45, 27.9, 28.10, 28.30, 3275, tse]
[3049, 9.95, 9.62, 9.62, 9.88, 8768, tse]
[3050, 16.15, 15.5, 15.60, 16.05, 2126, tse]
[3051, 19.7, 17.9, 17.95, 18.85, 5193, tse]
[3052, 12.2, 11.8, 11.85, 12.20, 2384, tse]
[3054, 19.45, 18.9, 19.45, 19.30, 80, tse]
[3055, 31.75, 29.75, 29.75, 31.10, 1246, tse]
[3056, 48.95, 48.1, 48.55, 48.40, 9033, tse]
[3057, 12.0, 11.35, 11.55, 11.80, 808, tse]
[3058, 28.85, 26.3, 27.05, 27.80, 24723, tse]
[3059, 36.9, 34.05, 34.05, 35.95, 23596, tse]
[3060, 17.55, 17.0, 17.20, 17.45, 987, tse]
[3062, 23.45, 21.95, 21.95, 23.20, 10448, tse]
[3064, 14.2, 13.3, 13.30, 14.10, 35, otc]
[3066, 22.1, 21.35, 21.55, 21.90, 119, otc]
[3067, 38.0, 36.0, 37.10, 38.00, 19, otc]
[3071, 34.75, 32.65, 34.20, 34.25, 11556, otc]
[3078, 61.4, 57.6, 57.80, 59.90, 76671, otc]
[3081, 111.0, 104.0, 104.00, 106.50, 8852, otc]
[3083, 52.0, 44.85, 45.45, 51.50, 11291, otc]
[3085, 21.5, 19.85, 21.00, 21.10, 47, otc]
[3086, 83.5, 69.5, 71.40, 80.20, 602, otc]
[3088, 82.0, 79.5, 80.20, 79.70, 3348, otc]
[3089, 74.0, 62.0, 68.90, 73.60, 349, otc]
[3090, 58.1, 57.2, 57.20, 58.00, 1711, tse]
[3092, 36.3, 34.85, 35.35, 36.00, 1827, tse]
[3093, 36.6, 35.1, 35.80, 35.70, 1241, otc]
[3094, 38.85, 34.45, 34.50, 37.05, 34468, tse]
[3095, 23.2, 22.2, 22.40, 23.15, 13, otc]
[3105, 161.5, 156.0, 157.50, 160.00, 13770, otc]
[3114, 27.75, 26.7, 26.70, 27.30, 621, otc]
[3115, 10.75, 10.2, 10.40, 10.75, 63, otc]
[3118, 32.35, 31.0, 31.15, 31.25, 204, otc]
[3122, 25.25, 24.35, 24.35, 24.80, 486, otc]
[3128, 38.55, 37.1, 37.10, 37.95, 1501, otc]
[3130, 215.5, 213.0, 215.50, 214.00, 58, tse]
[3131, 544.0, 455.0, 491.00, 528.00, 8410, otc]
[3138, 156.0, 149.0, 149.00, 152.50, 1159, tse]
[3141, 102.5, 98.4, 102.00, 99.00, 5158, otc]
[3147, 67.2, 63.8, 63.80, 67.10, 1595, otc]
[3149, 15.45, 14.45, 14.55, 15.15, 3714, tse]
[3152, 214.0, 205.5, 210.00, 210.00, 343, otc]
[3162, 55.2, 51.0, 51.20, 52.80, 10595, otc]
[3163, 69.5, 62.6, 67.20, 64.60, 41451, otc]
[3164, 26.5, 25.8, 26.15, 26.30, 456, tse]
[3167, 42.75, 41.8, 42.70, 42.20, 178, tse]
[3169, 131.0, 122.5, 125.00, 125.00, 4545, otc]
[3171, 19.0, 18.25, 18.60, 18.40, 138, otc]
[3176, 33.6, 32.2, 33.10, 33.25, 543, otc]
[3178, 104.0, 96.8, 97.00, 97.70, 7034, otc]
[3188, 15.25, 14.7, 15.05, 14.90, 720, otc]
[3189, 120.0, 115.0, 118.00, 118.00, 35025, tse]
[3191, 9.2, 8.67, 9.20, 9.15, 268, otc]
[3202, 20.5, 19.0, 19.80, 19.00, 16389, otc]
[3205, 52.1, 46.5, 48.80, 48.50, 6272, otc]
[3206, 38.7, 36.8, 36.80, 37.85, 2394, otc]
[3207, 82.7, 76.5, 76.70, 79.00, 11967, otc]
[3209, 41.95, 41.6, 41.80, 41.90, 3074, tse]
[3211, 79.5, 77.5, 77.60, 79.00, 1845, otc]
[3213, 54.2, 52.9, 52.90, 54.00, 529, otc]
[3217, 109.0, 105.0, 106.00, 106.50, 2492, otc]
[3218, 406.0, 388.5, 388.50, 401.00, 927, otc]
[3219, 52.9, 51.0, 51.60, 51.60, 77, otc]
[3221, 29.75, 28.5, 28.50, 29.45, 2161, otc]
[3224, 52.7, 51.0, 52.20, 51.20, 1701, otc]
[3226, 60.4, 58.0, 58.20, 60.40, 9, otc]
[3227, 114.5, 109.5, 109.50, 113.00, 3293, otc]
[3228, 171.0, 159.0, 165.50, 159.00, 3303, otc]
[3229, 20.0, 19.1, 19.40, 19.70, 91, tse]
[3230, 15.0, 14.5, 14.60, 15.00, 453, otc]
[3231, 76.0, 64.5, 66.00, 71.10, 1097434, tse]
[3232, 30.6, 26.0, 28.40, 26.00, 9085, otc]
[3234, 23.95, 21.95, 22.10, 22.80, 2182, otc]
[3236, 29.25, 28.35, 28.35, 28.90, 1879, otc]
[3252, 24.7, 21.2, 21.50, 22.35, 15137, otc]
[3257, 70.0, 67.8, 68.50, 69.50, 1233, tse]
[3259, 23.0, 20.6, 21.10, 23.00, 615, otc]
[3260, 89.3, 77.6, 77.70, 85.60, 94808, otc]
[3264, 58.8, 57.4, 58.10, 58.50, 27971, otc]
[3265, 72.0, 64.7, 71.00, 67.60, 42933, otc]
[3266, 13.85, 12.9, 13.10, 13.65, 1235, tse]
[3268, 22.45, 21.65, 22.00, 22.15, 271, otc]
[3272, 46.85, 42.1, 42.10, 46.00, 3932, otc]
[3276, 14.9, 14.2, 14.25, 14.75, 455, otc]
[3284, 17.1, 15.7, 15.85, 16.00, 1472, otc]
[3285, 20.5, 20.2, 20.30, 20.45, 78, otc]
[3287, 19.4, 17.35, 19.00, 18.30, 2820, otc]
[3288, 23.45, 22.25, 23.00, 22.55, 46, otc]
[3289, 89.5, 85.2, 86.00, 87.60, 13105, otc]
[3290, 29.85, 28.4, 28.40, 28.60, 15526, otc]
[3293, 645.0, 551.0, 552.00, 631.00, 10392, otc]
[3294, 19.35, 18.0, 18.00, 18.65, 3067, otc]
[3296, 16.9, 16.3, 16.30, 16.80, 1701, tse]
[3297, 17.55, 17.05, 17.05, 17.05, 244, otc]
[3303, 27.35, 27.05, 27.10, 27.30, 491, otc]
[3305, 57.4, 48.2, 48.85, 53.10, 22019, tse]
[3306, 39.45, 29.45, 29.75, 36.50, 29514, otc]
[3308, 35.5, 32.85, 35.25, 33.30, 3556, tse]
[3310, 76.5, 70.2, 71.20, 76.40, 438, otc]
[3311, 34.7, 34.1, 34.40, 34.55, 94, tse]
[3312, 22.65, 21.45, 21.55, 22.45, 4797, tse]
[3313, 10.4, 10.2, 10.30, 10.30, 240, otc]
[3317, 54.1, 52.2, 52.20, 53.50, 975, otc]
[3321, 7.81, 5.76, 5.90, 7.15, 2871, tse]
[3322, 20.45, 19.7, 19.80, 19.95, 2771, otc]
[3323, 36.6, 32.95, 33.20, 35.60, 6735, otc]
[3324, 293.0, 265.0, 283.50, 285.50, 34548, otc]
[3325, 26.05, 24.05, 25.20, 24.80, 15427, otc]
[3332, 49.65, 48.2, 48.50, 49.35, 58, otc]
[3338, 50.9, 48.2, 48.90, 50.30, 10175, tse]
[3339, 14.45, 13.9, 14.15, 14.10, 868, otc]
[3346, 43.4, 40.3, 40.30, 42.20, 5162, tse]
[3349, 18.3, 14.65, 14.65, 17.90, 1665, otc]
[3354, 14.5, 13.9, 14.00, 14.30, 167, otc]
[3356, 42.2, 39.7, 39.80, 41.15, 7888, tse]
[3357, 107.0, 102.5, 102.50, 106.50, 367, otc]
[3360, 15.25, 13.6, 13.70, 15.05, 5451, otc]
[3362, 110.5, 94.3, 95.00, 104.50, 38738, otc]
[3363, 47.9, 41.0, 41.80, 46.20, 125865, otc]
[3372, 12.5, 12.05, 12.50, 12.25, 1706, otc]
[3373, 23.2, 22.4, 22.75, 22.50, 506, otc]
[3374, 107.0, 103.5, 106.00, 105.00, 4159, otc]
[3376, 94.5, 91.0, 92.00, 93.70, 2096, tse]
[3379, 12.7, 12.45, 12.70, 12.55, 238, otc]
[3380, 39.25, 36.0, 36.00, 38.90, 35396, tse]
[3388, 74.6, 73.7, 73.70, 73.90, 234, otc]
[3390, 17.85, 17.5, 17.55, 17.80, 556, otc]
[3402, 52.4, 50.7, 50.70, 51.40, 780, otc]
[3406, 419.5, 391.5, 392.00, 400.50, 16733, tse]
[3413, 201.0, 191.0, 191.00, 195.50, 2660, tse]
[3416, 117.0, 112.0, 112.00, 115.50, 883, tse]
[3419, 22.15, 21.1, 21.10, 21.40, 8953, tse]
[3426, 39.9, 39.4, 39.60, 39.90, 23, otc]
[3430, 47.5, 46.05, 47.00, 46.60, 377, otc]
[3432, 12.75, 12.0, 12.60, 12.05, 1856, tse]
[3434, 28.2, 27.45, 27.45, 27.95, 159, otc]
[3437, 20.6, 19.0, 19.15, 19.50, 1115, tse]
[3438, 68.5, 63.8, 68.30, 64.20, 1890, otc]
[3441, 45.7, 42.2, 42.30, 43.50, 4751, otc]
[3443, 1570.0, 1425.0, 1,455.00, 1,425.00, 30492, tse]
[3444, 79.5, 73.5, 75.10, 76.00, 7915, otc]
[3447, 49.2, 46.85, 47.00, 47.90, 1320, tse]
[3450, 39.45, 36.5, 36.50, 38.55, 2811, tse]
[3454, 186.5, 175.0, 181.00, 180.00, 7873, tse]
[3455, 87.1, 84.9, 85.10, 85.10, 1600, otc]
[3465, 88.4, 82.6, 88.40, 84.80, 371, otc]
[3466, 32.3, 28.65, 28.85, 31.55, 3178, otc]
[3479, 128.0, 122.0, 125.50, 123.50, 8990, otc]
[3481, 14.3, 13.8, 13.85, 13.95, 230807, tse]
[3483, 74.3, 71.0, 74.00, 72.20, 5751, otc]
[3484, 45.6, 44.6, 45.15, 44.75, 931, otc]
[3489, 11.8, 11.35, 11.40, 11.50, 313, otc]
[3490, 26.35, 25.1, 25.20, 25.95, 692, otc]
[3491, 178.0, 171.0, 171.50, 172.50, 4251, otc]
[3492, 19.6, 19.1, 19.35, 19.35, 202, otc]
[3494, 7.86, 7.33, 7.33, 7.60, 590, tse]
[3498, 35.5, 34.5, 35.45, 34.90, 621, otc]
[3499, 22.8, 20.3, 20.30, 21.35, 10460, otc]
[3501, 56.5, 54.9, 55.00, 56.10, 1124, tse]
[3504, 90.0, 79.1, 79.10, 86.50, 11244, tse]
[3508, 36.95, 33.85, 35.00, 34.30, 3584, otc]
[3511, 35.65, 34.05, 34.70, 35.20, 1624, otc]
[3512, 32.95, 32.1, 32.40, 32.65, 118, otc]
[3515, 168.0, 152.0, 156.00, 162.50, 23463, tse]
[3516, 18.2, 17.4, 17.65, 17.75, 272, otc]
[3518, 34.1, 30.05, 31.10, 30.90, 6541, tse]
[3520, 20.65, 19.55, 19.55, 20.15, 2850, otc]
[3521, 24.0, 22.65, 23.50, 23.90, 1648, otc]
[3522, 19.1, 16.5, 17.95, 18.10, 1824, otc]
[3523, 15.8, 14.0, 14.10, 14.90, 23, otc]
[3526, 153.5, 146.0, 146.00, 151.50, 1511, otc]
[3527, 110.0, 107.0, 107.50, 108.50, 588, otc]
[3528, 61.2, 58.8, 59.00, 60.00, 445, tse]
[3529, 2000.0, 1820.0, 1,900.00, 1,920.00, 3337, otc]
[3530, 81.8, 80.0, 80.30, 80.20, 324, tse]
[3531, 27.15, 26.85, 27.10, 27.15, 75, otc]
[3532, 170.0, 155.0, 156.00, 168.50, 20983, tse]
[3533, 976.0, 858.0, 943.00, 883.00, 10196, tse]
[3535, 20.85, 19.75, 19.75, 20.30, 1375, tse]
[3537, 39.3, 38.7, 38.70, 39.00, 750, otc]
[3540, 55.4, 50.3, 53.10, 51.80, 19443, otc]
[3541, 60.9, 58.5, 59.00, 60.40, 549, otc]
[3543, 22.3, 21.2, 21.40, 21.65, 490, tse]
[3545, 85.8, 82.5, 82.50, 83.50, 12801, tse]
[3546, 98.7, 87.8, 88.30, 96.00, 7733, otc]
[3548, 74.1, 71.9, 72.00, 72.20, 1868, otc]
[3550, 16.0, 15.6, 15.70, 15.95, 314, tse]
[3551, 64.4, 62.3, 62.90, 63.30, 417, otc]
[3552, 156.0, 147.5, 147.50, 154.50, 4657, otc]
[3555, 26.9, 26.5, 26.85, 26.90, 7, otc]
[3556, 69.7, 66.0, 66.80, 67.70, 804, otc]
[3557, 72.6, 70.0, 70.80, 71.10, 671, tse]
[3558, 271.0, 249.5, 252.00, 254.00, 15725, otc]
[3563, 215.0, 203.0, 215.00, 207.00, 959, tse]
[3564, 43.05, 36.5, 36.50, 43.05, 5194, otc]
[3567, 32.15, 30.8, 30.80, 31.55, 309, otc]
[3570, 146.5, 143.0, 144.50, 144.50, 440, otc]
[3576, 20.65, 20.0, 20.00, 20.10, 28478, tse]
[3577, 77.7, 74.5, 74.70, 77.50, 184, otc]
[3580, 54.8, 53.4, 54.40, 54.10, 741, otc]
[3581, 23.5, 22.5, 22.80, 22.90, 268, otc]
[3583, 115.5, 102.5, 107.00, 112.00, 26874, tse]
[3587, 234.0, 212.0, 216.50, 226.00, 7011, otc]
[3588, 56.2, 53.6, 53.80, 55.00, 1528, tse]
[3591, 25.55, 23.8, 24.30, 25.20, 18794, tse]
[3592, 357.5, 341.5, 341.50, 356.50, 2249, tse]
[3593, 12.9, 12.3, 12.75, 12.90, 141, tse]
[3594, 59.9, 53.3, 54.10, 56.80, 19441, otc]
[3596, 117.0, 114.5, 115.50, 116.50, 8815, tse]
[3597, 27.0, 25.6, 25.65, 26.60, 247, otc]
[3605, 30.8, 29.0, 29.00, 30.05, 1621, tse]
[3607, 15.65, 14.9, 15.10, 15.30, 2404, tse]
[3609, 47.0, 45.6, 47.00, 46.10, 57, otc]
[3611, 236.5, 228.0, 230.00, 228.50, 346, otc]
[3615, 21.3, 20.15, 20.15, 20.80, 2478, otc]
[3617, 201.5, 183.5, 195.00, 191.50, 10638, tse]
[3622, 34.3, 32.25, 32.25, 33.80, 1681, tse]
[3623, 17.25, 16.2, 16.35, 16.70, 252, otc]
[3624, 68.3, 62.5, 62.50, 67.10, 11701, otc]
[3625, 18.55, 16.1, 16.80, 18.55, 13604, otc]
[3628, 59.6, 52.6, 52.80, 56.70, 3086, otc]
[3629, 68.0, 51.4, 60.20, 67.80, 544, otc]
[3630, 32.5, 30.25, 30.90, 32.30, 4337, otc]
[3631, 35.2, 31.15, 31.15, 35.20, 112, otc]
[3632, 16.3, 15.5, 15.80, 16.00, 138, otc]
[3645, 38.85, 35.2, 35.50, 36.95, 5877, tse]
[3646, 33.15, 30.2, 32.25, 31.90, 4772, otc]
[3652, 30.6, 29.25, 29.25, 30.35, 1387, tse]
[3653, 629.0, 592.0, 613.00, 597.00, 7836, tse]
[3661, 1750.0, 1550.0, 1,555.00, 1,655.00, 22538, tse]
[3663, 33.5, 31.5, 32.00, 32.00, 1050, otc]
[3664, 32.7, 29.8, 30.95, 30.60, 3435, otc]
[3665, 278.0, 268.5, 268.50, 272.00, 4984, tse]
[3666, 23.9, 22.65, 22.90, 23.20, 710, otc]
[3669, 42.7, 41.85, 42.00, 42.45, 285, tse]
[3672, 27.95, 27.3, 27.75, 27.30, 343, otc]
[3673, 44.65, 41.4, 41.45, 42.35, 32581, tse]
[3675, 338.5, 312.0, 330.00, 316.50, 4844, otc]
[3679, 95.6, 92.5, 93.20, 94.80, 412, tse]
[3680, 384.5, 356.5, 380.50, 356.50, 8604, otc]
[3682, 6.75, 6.63, 6.70, 6.67, 8665, tse]
[3684, 63.4, 61.0, 61.00, 62.90, 108, otc]
[3685, 21.3, 20.0, 20.20, 20.45, 602, otc]
[3686, 16.85, 14.95, 14.95, 15.10, 2145, tse]
[3687, 91.8, 82.0, 82.50, 90.40, 2980, otc]
[3689, 43.1, 40.4, 40.45, 42.40, 2817, otc]
[3691, 106.0, 101.0, 101.50, 104.00, 1016, otc]
[3693, 236.5, 207.0, 214.00, 221.50, 22550, otc]
[3694, 28.3, 26.6, 26.80, 28.00, 3571, tse]
[3701, 71.9, 63.5, 64.20, 71.60, 22401, tse]
[3702, 53.6, 52.2, 52.50, 53.40, 26722, tse]
[3703, 31.25, 30.6, 30.60, 31.00, 7416, tse]
[3704, 45.3, 42.6, 42.65, 43.05, 53913, tse]
[3705, 46.5, 45.65, 46.20, 46.15, 2487, tse]
[3706, 34.3, 29.6, 29.65, 32.90, 224624, tse]
[3707, 83.5, 77.8, 77.80, 82.20, 12020, otc]
[3708, 98.9, 93.8, 96.40, 94.90, 6064, tse]
[3709, 22.65, 21.7, 22.00, 22.60, 108, otc]
[3710, 11.95, 11.45, 11.60, 11.70, 5594, otc]
[3711, 117.0, 108.5, 112.00, 116.50, 163600, tse]
[3712, 39.1, 36.5, 36.55, 38.30, 7784, tse]
[3713, 25.85, 24.35, 25.80, 25.10, 229, otc]
[3714, 52.6, 49.7, 49.75, 51.40, 19331, tse]
[3715, 28.9, 27.1, 27.10, 28.55, 36971, tse]
[4102, 35.85, 32.0, 34.40, 32.15, 10249, otc]
[4104, 92.3, 89.4, 90.60, 92.00, 1350, tse]
[4105, 75.6, 74.6, 75.20, 74.80, 2561, otc]
[4106, 31.3, 30.2, 30.55, 31.20, 1037, tse]
[4107, 115.0, 113.5, 114.00, 114.00, 396, otc]
[4108, 21.25, 20.55, 21.00, 21.05, 1272, tse]
[4109, 15.2, 14.65, 15.20, 15.00, 674, otc]
[4111, 29.4, 28.8, 29.15, 29.20, 1580, otc]
[4113, 16.45, 16.2, 16.40, 16.30, 1252, otc]
[4114, 44.7, 43.7, 44.60, 44.15, 11449, otc]
[4116, 60.7, 59.1, 59.70, 60.30, 510, otc]
[4119, 118.0, 113.0, 113.00, 116.00, 1107, tse]
[4120, 38.5, 37.3, 38.00, 38.10, 333, otc]
[4121, 28.1, 27.0, 27.70, 27.55, 5770, otc]
[4123, 51.5, 49.95, 50.60, 50.80, 7459, otc]
[4126, 90.8, 86.3, 87.30, 89.60, 1900, otc]
[4127, 15.4, 14.85, 15.40, 15.10, 739, otc]
[4128, 61.6, 57.5, 57.60, 60.10, 8499, otc]
[4129, 73.5, 60.6, 61.10, 72.10, 32564, otc]
[4130, 31.5, 29.1, 29.30, 30.20, 7886, otc]
[4131, 29.75, 28.1, 28.75, 28.30, 22, otc]
[4133, 36.7, 35.8, 36.40, 36.40, 848, tse]
[4137, 222.0, 213.0, 214.00, 217.50, 1726, tse]
[4138, 109.0, 101.5, 102.00, 103.00, 2613, otc]
[4139, 37.6, 37.15, 37.50, 37.25, 77, otc]
[4142, 38.75, 37.75, 38.05, 38.50, 3832, tse]
[4147, 121.0, 107.5, 108.00, 115.50, 21753, otc]
[4148, 58.1, 56.5, 57.50, 57.40, 472, tse]
[4153, 42.3, 40.2, 41.35, 40.60, 926, otc]
[4154, 29.0, 28.55, 28.70, 29.00, 11, otc]
[4155, 36.95, 35.5, 36.70, 35.95, 6236, tse]
[4157, 15.05, 14.15, 14.80, 14.85, 6476, otc]
[4160, 41.35, 39.2, 39.50, 39.45, 780, otc]
[4161, 35.9, 33.8, 33.90, 35.40, 1544, otc]
[4162, 95.3, 92.3, 93.70, 93.40, 4146, otc]
[4163, 151.0, 135.5, 136.50, 145.00, 6825, otc]
[4164, 64.4, 62.2, 64.00, 62.40, 6295, tse]
[4167, 17.6, 17.0, 17.10, 17.15, 3280, otc]
[4168, 30.7, 30.1, 30.25, 30.30, 1685, otc]
[4171, 54.1, 52.6, 52.70, 52.60, 543, otc]
[4173, 24.1, 23.0, 23.30, 23.10, 4034, otc]
[4174, 87.9, 84.0, 84.90, 86.90, 1697, otc]
[4175, 114.5, 108.0, 108.50, 109.00, 2152, otc]
[4183, 20.85, 20.1, 20.50, 20.65, 70, otc]
[4188, 16.55, 15.85, 16.35, 16.05, 175, otc]
[4190, 80.4, 77.6, 79.10, 78.50, 1456, tse]
[4192, 19.85, 18.0, 18.40, 19.00, 282, otc]
[4198, 25.1, 24.45, 25.00, 24.45, 24, otc]
[4205, 105.0, 103.5, 104.00, 104.50, 83, otc]
[4207, 15.15, 14.95, 15.05, 15.15, 1069, otc]
[4303, 21.35, 17.9, 21.35, 18.65, 1775, otc]
[4304, 9.75, 9.42, 9.51, 9.53, 125, otc]
[4305, 32.55, 32.05, 32.05, 32.20, 21, otc]
[4306, 16.35, 15.95, 16.25, 16.10, 4735, tse]
[4401, 26.75, 25.8, 26.30, 25.85, 323, otc]
[4402, 8.37, 7.37, 7.79, 8.10, 599, otc]
[4406, 10.4, 10.1, 10.10, 10.35, 95, otc]
[4413, 18.0, 14.95, 15.25, 16.80, 544, otc]
[4416, 87.1, 85.8, 87.00, 86.80, 10, otc]
[4417, 43.95, 43.15, 43.25, 43.65, 755, otc]
[4419, 29.0, 26.35, 27.15, 26.80, 81, otc]
[4420, 29.75, 29.35, 29.75, 29.55, 34, otc]
[4426, 22.55, 21.7, 21.85, 22.25, 646, tse]
[4430, 23.5, 22.95, 23.25, 23.15, 60, otc]
[4432, 24.75, 23.5, 24.10, 24.25, 1079, otc]
[4433, 34.65, 34.0, 34.50, 34.45, 244, otc]
[4438, 118.0, 116.5, 117.00, 117.00, 391, tse]
[4439, 125.0, 122.5, 123.00, 123.50, 117, tse]
[4440, 34.3, 33.05, 33.90, 34.15, 851, tse]
[4502, 36.95, 36.75, 36.80, 36.95, 79, otc]
[4503, 66.7, 60.8, 61.20, 63.10, 11697, otc]
[4506, 77.9, 76.5, 77.80, 77.30, 318, otc]
[4510, 14.5, 13.35, 13.35, 14.20, 3156, otc]
[4513, 20.85, 20.0, 20.20, 20.30, 986, otc]
[4523, 49.9, 37.05, 37.70, 48.65, 3123, otc]
[4526, 16.85, 16.4, 16.55, 16.75, 978, tse]
[4527, 33.7, 32.6, 32.60, 33.45, 299, otc]
[4528, 35.7, 34.2, 34.85, 34.60, 454, otc]
[4529, 10.05, 9.9, 9.96, 10.05, 378, otc]
[4530, 7.19, 6.9, 6.94, 6.91, 105, otc]
[4532, 18.2, 17.95, 18.10, 18.10, 1962, tse]
[4533, 14.6, 13.05, 13.05, 13.65, 17083, otc]
[4534, 10.4, 9.98, 9.99, 10.25, 660, otc]
[4535, 40.2, 39.65, 39.80, 39.70, 35, otc]
[4536, 198.5, 190.5, 190.50, 194.50, 2411, tse]
[4538, 21.0, 20.6, 20.95, 20.95, 44, otc]
[4540, 41.9, 40.15, 40.40, 40.35, 424, tse]
[4541, 44.8, 42.75, 43.35, 43.40, 8722, otc]
[4542, 26.6, 25.6, 25.90, 26.05, 47, otc]
[4543, 53.0, 34.75, 35.00, 50.10, 69697, otc]
[4545, 30.5, 29.75, 30.00, 30.00, 102, tse]
[4549, 98.9, 96.5, 98.30, 97.90, 191, otc]
[4550, 30.65, 28.35, 28.45, 30.30, 952, otc]
[4551, 134.5, 128.5, 130.00, 133.00, 1914, tse]
[4552, 37.15, 33.85, 33.85, 35.95, 3638, tse]
[4554, 30.75, 28.7, 30.25, 29.60, 306, otc]
[4555, 55.1, 48.55, 49.95, 53.60, 753, tse]
[4556, 29.95, 29.6, 29.80, 29.85, 26, otc]
[4557, 117.5, 115.0, 117.00, 116.50, 315, tse]
[4558, 28.85, 27.7, 28.15, 27.80, 122, otc]
[4560, 39.5, 39.3, 39.45, 39.40, 167, tse]
[4561, 24.3, 23.65, 23.80, 24.00, 118, otc]
[4562, 17.25, 16.75, 17.15, 17.20, 426, tse]
[4563, 40.5, 39.0, 39.30, 40.10, 430, otc]
[4564, 34.1, 29.0, 30.70, 30.75, 97511, tse]
[4566, 55.3, 53.2, 55.20, 53.70, 2975, tse]
[4568, 58.5, 56.1, 58.50, 58.00, 53, otc]
[4571, 79.3, 77.6, 78.50, 79.10, 47, tse]
[4572, 169.0, 160.0, 163.50, 161.00, 2298, tse]
[4576, 77.4, 73.8, 76.70, 74.00, 425, tse]
[4577, 31.05, 30.55, 30.65, 30.85, 352, otc]
[4580, 93.6, 92.2, 92.20, 93.50, 187, otc]
[4581, 66.7, 62.0, 62.20, 63.60, 1569, tse]
[4583, 197.0, 192.0, 197.00, 194.00, 80, tse]
[4584, 49.0, 48.0, 48.50, 48.95, 17, otc]
[4609, 8.13, 7.58, 8.13, 7.65, 49, otc]
[4702, 14.9, 13.7, 13.85, 14.45, 1346, otc]
[4706, 20.15, 18.25, 19.40, 20.00, 1512, otc]
[4707, 12.9, 12.75, 12.80, 12.85, 1426, otc]
[4711, 18.0, 16.6, 16.80, 17.30, 740, otc]
[4712, 4.65, 4.1, 4.63, 4.21, 60, otc]
[4714, 13.25, 12.0, 12.15, 12.50, 5630, otc]
[4716, 13.0, 12.8, 12.90, 12.80, 371, otc]
[4720, 15.1, 14.7, 14.85, 15.00, 531, tse]
[4721, 101.5, 95.2, 95.50, 100.00, 2607, otc]
[4722, 36.65, 36.05, 36.50, 36.35, 570, tse]
[4726, 39.8, 38.75, 38.85, 39.20, 1757, otc]
[4728, 245.0, 222.5, 231.00, 226.50, 1026, otc]
[4729, 18.25, 17.6, 18.00, 18.05, 689, otc]
[4735, 38.1, 37.5, 38.05, 37.95, 257, otc]
[4736, 185.5, 182.5, 183.00, 182.50, 1050, otc]
[4737, 78.9, 75.5, 77.30, 77.20, 135, tse]
[4739, 94.3, 88.0, 88.20, 91.70, 3480, tse]
[4741, 33.6, 31.4, 32.40, 32.75, 631, otc]
[4743, 244.0, 219.5, 221.50, 239.50, 12124, otc]
[4744, 42.75, 38.7, 42.75, 40.00, 15130, otc]
[4745, 29.0, 28.2, 28.20, 28.70, 318, otc]
[4746, 87.8, 82.2, 84.10, 83.90, 15726, tse]
[4747, 75.0, 60.1, 60.80, 75.00, 9534, otc]
[4754, 41.55, 40.65, 41.55, 41.35, 123, otc]
[4755, 133.5, 130.0, 132.00, 132.50, 786, tse]
[4760, 82.6, 75.6, 77.10, 80.50, 636, otc]
[4763, 572.0, 501.0, 561.00, 506.00, 29414, tse]
[4764, 50.8, 48.75, 50.00, 49.95, 78, tse]
[4766, 181.5, 166.0, 169.50, 178.00, 2263, tse]
[4767, 28.0, 27.0, 27.90, 27.20, 101, otc]
[4768, 198.5, 185.0, 195.00, 185.00, 2140, otc]
[4770, 304.5, 287.0, 289.50, 301.00, 3243, tse]
[4804, 6.0, 5.21, 5.76, 5.62, 869, otc]
[4807, 20.0, 19.55, 20.00, 19.55, 77, tse]
[4903, 21.4, 20.8, 21.20, 21.20, 813, otc]
[4904, 78.8, 76.4, 77.60, 78.10, 41722, tse]
[4905, 53.0, 51.0, 52.00, 51.00, 11, otc]
[4906, 31.8, 30.5, 30.50, 31.55, 26005, tse]
[4907, 36.95, 35.95, 36.95, 36.40, 144, otc]
[4908, 41.5, 39.7, 40.15, 40.25, 7943, otc]
[4909, 21.3, 20.0, 20.30, 20.80, 2464, otc]
[4911, 81.8, 77.4, 78.50, 81.60, 1262, otc]
[4912, 70.8, 68.5, 69.40, 69.50, 191, tse]
[4915, 65.2, 63.6, 64.80, 64.50, 16046, tse]
[4916, 36.4, 33.15, 33.30, 35.30, 25647, tse]
[4919, 131.5, 126.0, 127.50, 127.00, 24714, tse]
[4923, 52.2, 42.7, 49.95, 43.35, 799, otc]
[4924, 14.3, 13.1, 13.15, 13.60, 996, otc]
[4927, 63.5, 60.1, 61.50, 61.70, 9300, tse]
[4930, 25.6, 25.0, 25.55, 25.25, 542, tse]
[4931, 48.5, 47.1, 47.35, 47.80, 8309, otc]
[4933, 35.0, 34.0, 34.05, 34.60, 129, otc]
[4934, 31.2, 29.4, 29.50, 30.70, 5948, tse]
[4935, 57.6, 56.1, 57.50, 57.00, 577, tse]
[4938, 78.0, 74.3, 74.80, 77.10, 46372, tse]
[4939, 17.35, 16.85, 17.25, 17.00, 914, otc]
[4942, 40.05, 38.9, 39.15, 39.70, 794, tse]
[4943, 16.0, 14.5, 14.70, 15.95, 253, tse]
[4944, 9.74, 9.33, 9.50, 9.50, 167, otc]
[4945, 56.3, 52.1, 52.90, 54.90, 297, otc]
[4946, 29.85, 24.0, 24.90, 29.85, 470, otc]
[4950, 21.25, 20.25, 21.10, 20.85, 28667, otc]
[4951, 71.4, 68.0, 68.20, 69.50, 605, otc]
[4952, 56.3, 54.4, 54.40, 55.80, 995, tse]
[4953, 123.0, 117.5, 118.50, 119.50, 4929, otc]
[4956, 16.4, 15.8, 15.80, 16.20, 1167, tse]
[4958, 116.5, 114.0, 114.00, 114.50, 20710, tse]
[4960, 11.5, 11.15, 11.15, 11.35, 11861, tse]
[4961, 160.5, 153.0, 153.50, 159.00, 12241, tse]
[4966, 1065.0, 988.0, 988.00, 1,035.00, 5930, otc]
[4967, 64.0, 57.4, 57.40, 62.10, 59099, tse]
[4968, 184.0, 163.0, 164.00, 174.00, 40415, tse]
[4971, 58.8, 56.3, 58.00, 58.40, 429, otc]
[4972, 29.1, 28.95, 29.05, 29.10, 210, otc]
[4973, 29.5, 26.7, 26.70, 28.75, 9683, otc]
[4974, 71.6, 68.9, 68.90, 70.70, 1595, otc]
[4976, 46.8, 42.8, 42.85, 44.70, 5640, tse]
[4977, 116.0, 106.0, 106.00, 111.00, 40075, tse]
[4979, 66.8, 53.0, 53.40, 64.00, 215454, otc]
[4987, 63.7, 62.8, 63.00, 63.40, 155, otc]
[4989, 26.7, 26.0, 26.40, 26.15, 405, tse]
[4991, 31.65, 28.9, 30.00, 30.85, 302, otc]
[4994, 49.35, 44.9, 45.15, 46.50, 2603, tse]
[4995, 52.3, 46.25, 51.60, 47.65, 2636, otc]
[4999, 37.8, 37.3, 37.55, 37.50, 165, tse]
[5007, 53.6, 52.9, 53.00, 53.30, 114, tse]
[5009, 58.1, 54.0, 54.50, 56.60, 57634, otc]
[5011, 27.0, 26.4, 26.40, 26.75, 1237, otc]
[5013, 34.5, 33.9, 33.90, 34.50, 18, otc]
[5014, 15.9, 15.7, 15.75, 15.85, 1663, otc]
[5015, 52.4, 51.8, 52.20, 52.10, 436, otc]
[5016, 29.8, 29.45, 29.70, 29.80, 35, otc]
[5201, 31.3, 29.45, 29.85, 30.10, 859, otc]
[5202, 16.0, 15.35, 15.85, 15.55, 180, otc]
[5203, 98.5, 92.0, 92.00, 96.10, 2008, tse]
[5205, 38.65, 36.4, 37.05, 36.40, 27, otc]
[5206, 21.55, 20.3, 21.55, 20.65, 1703, otc]
[5209, 196.0, 185.5, 187.00, 188.00, 1209, otc]
[5210, 16.55, 15.5, 16.00, 15.60, 666, otc]
[5211, 29.2, 27.4, 28.85, 28.15, 2200, otc]
[5212, 50.4, 47.3, 48.10, 48.30, 201, otc]
[5213, 27.65, 26.8, 27.60, 27.35, 1266, otc]
[5215, 46.55, 45.8, 46.30, 46.45, 323, tse]
[5220, 30.3, 30.0, 30.05, 30.20, 220, otc]
[5222, 199.5, 192.5, 194.50, 193.50, 4858, tse]
[5223, 39.4, 38.45, 38.70, 38.85, 142, otc]
[5225, 47.3, 44.1, 47.10, 44.20, 6502, tse]
[5227, 72.8, 70.8, 71.00, 71.80, 1798, otc]
[5228, 23.75, 21.6, 21.65, 23.00, 350, otc]
[5230, 21.85, 21.6, 21.80, 21.80, 281, otc]
[5234, 103.5, 97.9, 99.30, 101.00, 2606, tse]
[5236, 106.5, 96.0, 98.20, 103.00, 2544, otc]
[5243, 91.9, 82.8, 84.80, 89.60, 60098, tse]
[5244, 32.4, 31.6, 32.00, 32.20, 511, tse]
[5245, 51.0, 48.2, 48.40, 49.10, 498, otc]
[5251, 20.75, 19.8, 20.40, 20.55, 353, otc]
[5258, 94.8, 88.8, 88.90, 91.30, 35315, tse]
[5263, 124.0, 117.0, 119.00, 120.50, 1038, otc]
[5269, 1330.0, 1140.0, 1,270.00, 1,180.00, 5110, tse]
[5272, 28.5, 27.0, 27.00, 28.10, 645, otc]
[5274, 3270.0, 2815.0, 3,160.00, 2,865.00, 2843, otc]
[5276, 15.9, 14.7, 15.20, 15.00, 114, otc]
[5278, 187.0, 181.5, 187.00, 183.00, 62, otc]
[5281, 16.95, 16.4, 16.45, 16.80, 48, otc]
[5283, 109.0, 108.0, 108.50, 108.50, 162, tse]
[5284, 171.5, 160.0, 164.00, 160.00, 12644, tse]
[5285, 75.0, 72.5, 72.50, 72.70, 2531, tse]
[5287, 210.0, 208.0, 209.00, 209.00, 112, otc]
[5288, 197.0, 191.0, 193.50, 195.00, 230, tse]
[5289, 350.0, 319.0, 340.00, 329.50, 19425, otc]
[5291, 33.15, 31.85, 32.30, 32.85, 398, otc]
[5299, 138.0, 132.0, 134.00, 133.00, 734, otc]
[5301, 19.6, 16.6, 17.85, 19.10, 6541, otc]
[5302, 10.05, 9.4, 9.50, 9.88, 1797, otc]
[5306, 150.0, 144.0, 145.00, 149.50, 1030, tse]
[5309, 43.4, 41.95, 42.00, 43.00, 6849, otc]
[5310, 36.9, 28.05, 31.00, 33.25, 2961, otc]
[5312, 88.8, 77.5, 79.00, 87.00, 2759, otc]
[5314, 23.8, 21.95, 23.00, 22.25, 247, otc]
[5315, 22.2, 21.45, 21.45, 21.95, 1988, otc]
[5321, 99.1, 95.6, 95.60, 97.00, 2371, otc]
[5324, 10.4, 9.85, 9.98, 10.10, 3299, otc]
[5328, 16.3, 15.0, 15.10, 15.55, 28650, otc]
[5340, 54.9, 49.1, 49.10, 52.90, 8959, otc]
[5344, 17.3, 15.9, 15.90, 16.65, 649, otc]
[5345, 4.91, 4.7, 4.85, 4.91, 42, otc]
[5347, 95.5, 89.4, 94.40, 91.90, 22855, otc]
[5348, 10.8, 9.95, 9.95, 10.35, 187, otc]
[5351, 46.95, 43.0, 43.00, 43.75, 32213, otc]
[5353, 47.7, 43.55, 43.55, 46.20, 8869, otc]
[5355, 7.95, 7.66, 7.87, 7.78, 1442, otc]
[5356, 28.45, 27.65, 27.65, 28.20, 1947, otc]
[5364, 28.35, 26.6, 27.95, 28.10, 347, otc]
[5371, 77.4, 74.6, 74.80, 75.80, 9914, otc]
[5381, 18.15, 16.8, 17.60, 17.95, 2366, otc]
[5383, 31.5, 30.0, 30.90, 31.35, 471, otc]
[5386, 53.2, 39.2, 39.20, 53.20, 14300, otc]
[5388, 97.7, 91.0, 91.40, 95.60, 29356, tse]
[5392, 22.4, 21.0, 21.40, 21.70, 1467, otc]
[5398, 16.7, 15.75, 16.35, 15.85, 245, otc]
[5403, 110.0, 103.5, 103.50, 107.00, 2553, otc]
[5410, 36.0, 35.2, 35.45, 36.00, 1759, otc]
[5425, 97.4, 91.4, 91.40, 93.60, 36162, otc]
[5426, 12.6, 11.75, 11.90, 12.30, 1935, otc]
[5432, 38.9, 31.0, 31.50, 35.20, 1559, otc]
[5434, 203.5, 194.5, 195.00, 199.00, 3805, tse]
[5438, 20.95, 19.25, 19.30, 20.15, 119, otc]
[5439, 87.9, 80.2, 83.20, 81.80, 24264, otc]
[5443, 31.25, 29.95, 30.75, 30.75, 5970, otc]
[5450, 20.35, 19.5, 20.05, 19.80, 421, otc]
[5452, 21.4, 20.35, 21.40, 20.90, 2113, otc]
[5455, 27.55, 26.0, 27.55, 26.20, 25, otc]
[5457, 52.0, 49.95, 50.00, 51.10, 1683, otc]
[5460, 11.45, 11.25, 11.30, 11.40, 147, otc]
[5464, 33.0, 31.5, 31.80, 32.10, 3289, otc]
[5465, 44.95, 38.6, 38.85, 44.95, 39454, otc]
[5468, 18.75, 16.8, 16.80, 17.40, 1701, otc]
[5469, 43.25, 41.15, 41.25, 42.35, 13839, tse]
[5471, 51.5, 50.1, 50.20, 51.10, 966, tse]
[5474, 103.5, 91.0, 92.90, 94.00, 3476, otc]
[5475, 15.2, 14.5, 14.60, 14.90, 1586, otc]
[5478, 110.0, 93.5, 94.10, 106.00, 10520, otc]
[5481, 12.95, 12.65, 12.90, 12.80, 135, otc]
[5483, 161.5, 156.0, 159.50, 158.00, 17589, otc]
[5484, 20.5, 19.05, 20.50, 19.95, 490, tse]
[5487, 30.0, 27.0, 27.20, 28.40, 271, otc]
[5488, 13.1, 11.8, 12.05, 12.65, 1697, otc]
[5489, 39.1, 38.45, 39.00, 39.00, 188, otc]
[5490, 25.55, 25.0, 25.05, 25.25, 414, otc]
[5493, 51.3, 50.5, 51.00, 51.00, 558, otc]
[5498, 14.2, 11.85, 11.95, 13.25, 40808, otc]
[5508, 71.5, 65.6, 65.80, 70.10, 1853, otc]
[5511, 58.4, 52.0, 52.20, 57.90, 7814, otc]
[5512, 10.4, 9.9, 10.05, 10.05, 20981, otc]
[5514, 20.4, 19.5, 20.40, 19.80, 122, otc]
[5515, 14.2, 13.95, 14.10, 14.15, 1301, tse]
[5516, 28.5, 27.45, 27.80, 27.80, 142, otc]
[5519, 24.8, 24.5, 24.60, 24.65, 1144, tse]
[5520, 60.4, 59.0, 60.00, 60.10, 27, otc]
[5521, 7.63, 7.42, 7.52, 7.53, 2964, tse]
[5522, 63.3, 61.7, 62.20, 63.00, 3406, tse]
[5523, 26.5, 24.45, 26.35, 24.65, 465, otc]
[5525, 27.15, 26.95, 27.10, 27.00, 216, tse]
[5529, 12.15, 11.95, 12.15, 12.05, 265, otc]
[5530, 37.9, 37.35, 37.90, 37.40, 1030, otc]
[5531, 12.25, 11.65, 11.90, 11.90, 14970, tse]
[5533, 19.65, 19.2, 19.45, 19.60, 1245, tse]
[5534, 81.1, 79.0, 79.10, 80.80, 2327, tse]
[5536, 155.5, 150.0, 155.00, 150.50, 2207, otc]
[5538, 41.45, 39.95, 40.10, 40.25, 83, tse]
[5543, 46.5, 45.0, 45.65, 46.10, 324, otc]
[5546, 45.5, 38.0, 40.00, 45.50, 679, tse]
[5601, 42.45, 39.7, 41.10, 42.45, 36, otc]
[5603, 20.7, 20.3, 20.40, 20.50, 479, otc]
[5604, 49.5, 48.5, 48.65, 49.50, 93, otc]
[5607, 66.2, 63.6, 65.20, 64.10, 2772, tse]
[5608, 23.3, 22.35, 23.00, 22.85, 10188, tse]
[5609, 86.5, 85.1, 85.30, 86.00, 935, otc]
[5701, 8.33, 8.0, 8.28, 8.14, 671, otc]
[5703, 27.85, 23.6, 23.80, 26.05, 2666, otc]
[5704, 67.7, 60.0, 61.30, 65.80, 5811, otc]
[5706, 110.0, 88.3, 90.00, 109.50, 106895, tse]
[5864, 22.9, 20.45, 21.00, 22.50, 10130, otc]
[5871, 211.0, 201.0, 206.50, 205.00, 46696, tse]
[5876, 46.3, 45.15, 45.85, 45.40, 98332, tse]
[5878, 49.3, 49.05, 49.05, 49.30, 25, otc]
[5880, 28.25, 27.9, 28.05, 28.20, 58268, tse]
[5902, 42.5, 40.8, 42.30, 41.40, 189, otc]
[5903, 214.0, 209.0, 211.00, 210.00, 219, otc]
[5904, 544.0, 523.0, 524.00, 540.00, 1517, otc]
[5905, 13.55, 12.75, 13.00, 13.05, 10057, otc]
[5906, 75.5, 62.6, 64.20, 71.50, 1453, tse]
[5907, 16.3, 15.75, 16.30, 15.90, 1019, tse]
[6005, 14.15, 13.75, 13.75, 14.05, 21095, tse]
[6015, 11.3, 10.15, 10.25, 11.15, 14268, otc]
[6016, 12.7, 11.65, 11.65, 12.55, 23005, otc]
[6020, 19.1, 18.6, 18.70, 18.90, 106, otc]
[6021, 15.8, 15.5, 15.55, 15.55, 286, otc]
[6023, 53.4, 52.7, 53.00, 53.40, 610, otc]
[6024, 45.3, 44.35, 44.65, 45.25, 1688, tse]
[6026, 12.9, 12.3, 12.65, 12.75, 15606, otc]
[6101, 35.25, 32.0, 34.70, 32.80, 2519, otc]
[6103, 40.1, 31.1, 31.10, 37.40, 24, otc]
[6104, 119.5, 106.0, 106.50, 116.50, 19901, otc]
[6108, 17.6, 17.25, 17.45, 17.60, 386, tse]
[6109, 17.35, 16.5, 16.50, 17.10, 2271, otc]
[6111, 90.0, 77.4, 79.70, 88.50, 25320, otc]
[6112, 76.2, 70.0, 71.00, 72.70, 37762, tse]
[6113, 16.7, 15.9, 16.45, 16.10, 859, otc]
[6114, 28.4, 23.3, 23.45, 27.00, 6425, otc]
[6115, 46.0, 45.7, 45.90, 46.00, 811, tse]
[6116, 12.5, 12.15, 12.30, 12.35, 31974, tse]
[6117, 16.3, 14.9, 14.90, 15.60, 2462, tse]
[6118, 35.9, 33.6, 33.60, 34.25, 9001, otc]
[6120, 11.2, 10.3, 10.35, 10.75, 11375, tse]
[6121, 321.5, 308.0, 318.00, 311.00, 3099, otc]
[6122, 39.55, 36.0, 36.45, 36.70, 30299, otc]
[6123, 75.6, 71.9, 72.10, 73.60, 1843, otc]
[6124, 38.9, 34.05, 35.00, 35.05, 6018, otc]
[6125, 37.75, 32.7, 33.00, 37.75, 81226, otc]
[6126, 25.65, 24.75, 25.20, 25.60, 2908, otc]
[6127, 24.35, 22.45, 22.50, 23.80, 4799, otc]
[6128, 34.9, 34.0, 34.35, 34.80, 785, tse]
[6129, 34.05, 32.55, 32.55, 33.85, 6469, otc]
[6130, 31.6, 30.7, 30.80, 31.10, 66, otc]
[6133, 20.6, 19.5, 19.50, 19.95, 4649, tse]
[6134, 26.0, 23.1, 23.20, 24.10, 4128, otc]
[6136, 19.95, 19.65, 19.70, 19.80, 852, tse]
[6138, 168.0, 157.5, 157.50, 162.50, 6461, otc]
[6139, 65.9, 60.2, 64.90, 60.80, 13427, tse]
[6140, 21.2, 20.25, 20.50, 20.85, 1583, otc]
[6141, 17.8, 17.35, 17.75, 17.65, 211, tse]
[6142, 12.75, 12.05, 12.10, 12.70, 7928, tse]
[6143, 93.0, 84.5, 85.90, 89.50, 11490, otc]
[6144, 15.6, 14.65, 15.50, 14.80, 69, otc]
[6146, 250.5, 237.5, 243.00, 246.50, 2674, otc]
[6147, 68.4, 66.7, 67.20, 67.60, 11559, otc]
[6148, 39.8, 34.35, 39.10, 34.55, 16183, otc]
[6150, 83.6, 74.2, 75.00, 83.00, 23329, otc]
[6151, 30.25, 29.2, 30.25, 29.65, 350, otc]
[6152, 11.0, 10.45, 10.60, 10.80, 1972, tse]
[6153, 23.7, 23.0, 23.00, 23.45, 5824, tse]
[6154, 16.8, 16.4, 16.65, 16.65, 185, otc]
[6155, 26.65, 25.3, 25.35, 26.35, 1209, tse]
[6156, 20.45, 19.5, 19.50, 20.00, 3717, otc]
[6158, 26.05, 25.4, 25.50, 25.85, 155, otc]
[6160, 39.65, 34.5, 34.70, 39.65, 55101, otc]
[6161, 38.55, 32.7, 32.80, 38.55, 16459, otc]
[6163, 23.4, 22.45, 22.55, 23.10, 8870, otc]
[6164, 13.75, 13.0, 13.35, 13.35, 6116, tse]
[6165, 33.0, 31.05, 32.65, 31.80, 1396, tse]
[6166, 75.7, 66.6, 67.70, 66.60, 19282, tse]
[6167, 18.95, 16.75, 17.00, 18.95, 25086, otc]
[6168, 25.55, 23.05, 23.10, 25.20, 8132, tse]
[6169, 25.0, 20.5, 20.85, 23.85, 1976, otc]
[6170, 40.55, 39.8, 40.00, 40.00, 761, otc]
[6171, 22.5, 21.8, 22.50, 21.85, 190, otc]
[6173, 44.15, 42.5, 42.80, 44.00, 3119, otc]
[6174, 29.95, 29.0, 29.55, 29.90, 791, otc]
[6175, 39.2, 37.8, 38.50, 38.65, 1836, otc]
[6176, 121.0, 116.5, 119.50, 121.00, 13387, tse]
[6177, 32.5, 31.5, 31.60, 31.75, 827, tse]
[6179, 32.45, 31.5, 31.90, 31.90, 3294, otc]
[6180, 85.4, 73.9, 74.10, 83.60, 33296, otc]
[6182, 45.25, 44.35, 44.35, 44.75, 13096, otc]
[6183, 64.6, 63.7, 64.20, 64.30, 168, tse]
[6184, 51.3, 50.5, 50.60, 51.30, 122, tse]
[6185, 26.15, 21.1, 21.30, 26.15, 27380, otc]
[6186, 42.9, 42.15, 42.30, 42.60, 580, otc]
[6187, 78.0, 67.7, 69.60, 74.50, 13502, otc]
[6188, 73.0, 57.4, 57.60, 71.70, 118173, otc]
[6189, 43.35, 42.5, 42.50, 43.10, 1769, tse]
[6190, 36.9, 34.35, 35.60, 36.05, 32984, otc]
[6191, 40.1, 38.25, 39.60, 39.70, 20095, tse]
[6192, 76.1, 74.2, 75.50, 75.80, 441, tse]
[6194, 30.4, 29.25, 29.75, 29.85, 3543, otc]
[6195, 46.9, 46.2, 46.55, 46.45, 97, otc]
[6196, 133.5, 130.5, 133.00, 131.50, 2130, tse]
[6197, 65.0, 61.0, 62.90, 63.00, 10424, tse]
[6198, 36.0, 31.75, 35.20, 35.90, 2012, otc]
[6199, 18.5, 18.2, 18.35, 18.35, 26, otc]
[6201, 43.9, 43.65, 43.70, 43.70, 90, tse]
[6202, 71.0, 69.3, 69.30, 70.20, 8171, tse]
[6203, 90.7, 81.0, 81.50, 88.30, 8258, otc]
[6204, 56.9, 55.7, 56.10, 55.90, 56, otc]
[6205, 74.5, 68.3, 68.30, 74.30, 4925, tse]
[6206, 72.4, 71.0, 72.00, 72.20, 941, tse]
[6207, 28.75, 28.35, 28.40, 28.50, 731, otc]
[6208, 54.3, 53.5, 54.20, 53.70, 344, otc]
[6209, 31.75, 30.0, 30.00, 31.35, 6971, tse]
[6210, 35.1, 34.7, 35.00, 34.75, 119, otc]
[6212, 51.7, 48.2, 51.70, 49.85, 18, otc]
[6213, 73.5, 69.9, 69.90, 71.60, 6986, tse]
[6214, 110.0, 98.5, 99.30, 110.00, 13237, tse]
[6215, 34.05, 27.2, 27.20, 33.50, 19422, tse]
[6216, 27.75, 27.2, 27.20, 27.70, 1176, tse]
[6217, 45.5, 44.0, 45.30, 44.75, 5658, otc]
[6218, 29.9, 26.85, 27.40, 28.30, 21730, otc]
[6219, 11.45, 11.15, 11.25, 11.45, 2872, otc]
[6220, 28.15, 27.2, 27.20, 27.85, 3564, otc]
[6221, 67.6, 65.7, 67.50, 66.90, 202, otc]
[6222, 15.9, 14.2, 15.80, 15.60, 172, otc]
[6223, 169.0, 160.5, 165.00, 164.00, 24376, otc]
[6224, 64.2, 62.5, 63.80, 63.80, 552, tse]
[6225, 11.3, 10.55, 10.90, 10.90, 90, tse]
[6226, 12.5, 11.85, 11.85, 12.15, 3237, tse]
[6227, 43.75, 42.5, 42.50, 42.75, 2131, otc]
[6228, 13.2, 12.6, 12.85, 12.75, 169, otc]
[6229, 33.35, 29.6, 30.10, 31.95, 4059, otc]
[6230, 185.5, 170.5, 182.50, 172.00, 485, tse]
[6231, 126.0, 114.0, 114.00, 121.00, 6866, otc]
[6233, 30.3, 28.1, 28.20, 28.70, 9397, otc]
[6234, 36.0, 33.8, 34.50, 34.10, 9583, otc]
[6235, 131.5, 113.5, 113.50, 124.50, 133230, tse]
[6236, 21.1, 19.0, 19.00, 21.10, 5, otc]
[6237, 44.5, 42.05, 42.05, 43.60, 1510, otc]
[6239, 102.0, 98.3, 99.00, 101.50, 16120, tse]
[6240, 23.3, 22.25, 23.00, 22.90, 176, otc]
[6241, 14.5, 13.95, 14.05, 14.05, 566, otc]
[6242, 78.7, 75.5, 76.00, 78.50, 355, otc]
[6243, 48.4, 42.6, 43.50, 47.55, 10110, tse]
[6244, 35.85, 34.1, 34.40, 34.80, 29567, otc]
[6245, 140.0, 130.0, 130.00, 134.50, 26027, otc]
[6246, 13.8, 13.6, 13.65, 13.80, 24, otc]
[6248, 29.3, 28.35, 28.80, 28.95, 3627, otc]
[6257, 55.7, 54.3, 54.90, 55.30, 7290, tse]
[6259, 23.5, 21.4, 22.45, 22.90, 128, otc]
[6261, 66.8, 65.8, 66.40, 66.80, 839, otc]
[6263, 120.0, 115.0, 115.00, 118.50, 454, otc]
[6264, 7.41, 7.02, 7.21, 7.31, 208, otc]
[6265, 10.55, 10.3, 10.40, 10.50, 736, otc]
[6266, 41.9, 40.4, 40.65, 41.35, 7082, otc]
[6269, 99.8, 93.3, 98.70, 94.60, 12623, tse]
[6270, 23.25, 22.85, 23.10, 23.10, 619, otc]
[6271, 184.0, 176.0, 176.50, 182.00, 11751, tse]
[6274, 78.0, 74.0, 74.40, 77.80, 27636, otc]
[6275, 38.1, 35.05, 35.25, 37.25, 7150, otc]
[6276, 43.25, 35.5, 36.10, 39.00, 6796, otc]
[6277, 86.7, 84.5, 84.70, 86.20, 996, tse]
[6278, 103.0, 98.2, 101.00, 99.50, 7074, tse]
[6279, 151.0, 144.5, 145.50, 149.50, 6526, otc]
[6281, 85.5, 84.0, 85.00, 85.00, 116, tse]
[6282, 49.85, 43.0, 43.05, 49.85, 272429, tse]
[6283, 32.2, 30.9, 31.05, 31.95, 762, tse]
[6284, 59.6, 56.1, 56.10, 57.70, 2246, otc]
[6285, 88.8, 86.6, 86.70, 88.50, 31536, tse]
[6287, 21.7, 20.5, 21.70, 21.00, 41, otc]
[6288, 32.6, 31.2, 32.15, 32.40, 25029, tse]
[6290, 58.2, 56.0, 56.40, 57.20, 5702, otc]
[6291, 257.0, 207.5, 211.00, 251.00, 2075, otc]
[6292, 45.45, 44.85, 45.40, 45.00, 177, otc]
[6294, 110.0, 107.5, 110.00, 108.50, 102, otc]
[6404, 23.45, 21.4, 23.45, 22.60, 42, otc]
[6405, 23.4, 22.5, 23.00, 22.80, 435, tse]
[6409, 2000.0, 1805.0, 1,805.00, 2,000.00, 1340, tse]
[6411, 112.0, 107.5, 107.50, 109.00, 4218, otc]
[6412, 85.4, 83.0, 84.10, 84.60, 2596, tse]
[6414, 284.0, 276.0, 280.50, 280.00, 6653, tse]
[6415, 405.0, 386.5, 394.00, 394.00, 12320, tse]
[6416, 103.5, 100.0, 101.00, 102.00, 1342, tse]
[6417, 164.0, 148.5, 149.00, 148.50, 6728, otc]
[6418, 18.8, 18.4, 18.40, 18.60, 247, otc]
[6419, 31.95, 30.4, 31.20, 31.25, 36, otc]
[6425, 21.55, 20.55, 20.85, 21.15, 183, otc]
[6426, 64.5, 60.9, 61.60, 61.50, 726, tse]
[6431, 20.75, 20.15, 20.45, 20.40, 78, tse]
[6432, 38.6, 36.8, 37.65, 36.90, 588, otc]
[6435, 105.0, 102.5, 102.50, 104.00, 318, otc]
[6438, 117.0, 106.5, 113.50, 114.00, 13455, tse]
[6441, 64.8, 60.1, 63.90, 61.70, 5082, otc]
[6442, 53.2, 51.5, 51.60, 52.80, 523, tse]
[6443, 36.9, 35.15, 35.15, 35.85, 33704, tse]
[6446, 352.5, 335.0, 336.00, 345.00, 10880, otc]
[6449, 53.2, 50.8, 52.50, 53.00, 479, tse]
[6451, 92.0, 87.7, 89.00, 88.10, 2154, tse]
[6456, 76.2, 72.8, 74.90, 74.30, 8028, tse]
[6457, 53.0, 50.9, 50.90, 51.30, 229, otc]
[6461, 37.6, 35.15, 35.60, 36.00, 6908, otc]
[6462, 87.0, 84.1, 84.10, 84.30, 595, otc]
[6464, 93.9, 92.8, 92.80, 93.00, 30, tse]
[6465, 23.15, 21.25, 22.70, 22.95, 524, otc]
[6469, 365.5, 348.0, 362.50, 360.00, 2427, otc]
[6470, 69.1, 63.1, 64.20, 68.60, 17705, otc]
[6472, 796.0, 752.0, 762.00, 758.00, 11138, otc]
[6477, 52.4, 50.0, 50.20, 51.60, 6836, tse]
[6482, 44.7, 42.75, 43.40, 43.70, 84, otc]
[6485, 113.0, 101.0, 101.00, 108.50, 12101, otc]
[6486, 79.8, 74.2, 74.30, 79.00, 1161, otc]
[6488, 514.0, 501.0, 505.00, 505.00, 7146, otc]
[6491, 371.0, 360.0, 362.00, 364.00, 2538, tse]
[6492, 52.9, 51.5, 52.40, 51.80, 386, otc]
[6494, 69.5, 67.0, 67.20, 69.30, 450, otc]
[6496, 32.5, 30.3, 31.80, 30.40, 165, otc]
[6499, 58.1, 56.3, 56.60, 56.40, 375, otc]
[6504, 84.9, 82.9, 83.70, 84.00, 185, tse]
[6505, 87.4, 85.4, 86.90, 87.10, 9108, tse]
[6506, 19.65, 19.3, 19.50, 19.50, 91, otc]
[6508, 37.7, 36.75, 37.10, 37.55, 924, otc]
[6509, 45.85, 44.35, 44.45, 45.40, 4778, otc]
[6510, 513.0, 488.0, 508.00, 497.50, 1156, otc]
[6512, 20.1, 19.8, 20.00, 19.90, 45, otc]
[6514, 60.0, 58.3, 58.90, 58.70, 107, otc]
[6515, 868.0, 783.0, 860.00, 799.00, 10146, tse]
[6516, 99.6, 90.9, 90.90, 97.10, 522, otc]
[6517, 150.5, 135.5, 146.00, 136.00, 6200, otc]
[6523, 126.5, 123.0, 124.00, 126.50, 702, otc]
[6525, 78.4, 75.3, 75.50, 78.00, 1083, tse]
[6527, 81.9, 79.5, 80.90, 81.30, 948, otc]
[6530, 27.8, 26.0, 26.00, 27.15, 273, otc]
[6531, 363.5, 315.5, 316.00, 336.00, 68200, tse]
[6532, 54.9, 52.6, 52.80, 53.60, 1058, otc]
[6533, 518.0, 490.0, 510.00, 491.50, 8075, tse]
[6535, 67.3, 59.0, 65.50, 63.40, 12677, otc]
[6538, 108.5, 102.5, 104.00, 104.00, 2116, otc]
[6541, 80.8, 78.1, 79.60, 79.40, 551, tse]
[6542, 58.0, 51.0, 51.00, 54.80, 291, otc]
[6546, 87.7, 84.5, 85.10, 86.00, 2713, otc]
[6547, 63.7, 61.2, 62.60, 61.50, 7177, otc]
[6548, 42.95, 41.5, 41.50, 42.40, 7988, otc]
[6550, 93.1, 86.4, 91.70, 90.80, 18109, tse]
[6552, 36.6, 34.75, 34.75, 35.60, 299, tse]
[6556, 122.0, 114.0, 118.00, 114.00, 312, otc]
[6558, 33.75, 28.2, 28.20, 33.00, 4936, tse]
[6560, 34.25, 32.85, 33.60, 33.50, 197, otc]
[6561, 372.0, 357.0, 369.00, 362.50, 363, otc]
[6568, 167.0, 161.0, 161.00, 164.50, 1133, otc]
[6569, 156.0, 128.0, 136.00, 156.00, 1687, otc]
[6570, 74.0, 66.5, 66.70, 70.30, 5793, otc]
[6573, 16.45, 15.85, 16.45, 16.10, 435, tse]
[6574, 61.8, 57.4, 58.20, 58.90, 28, otc]
[6576, 84.7, 80.8, 81.20, 82.20, 1591, otc]
[6577, 82.3, 77.1, 77.30, 78.80, 1019, otc]
[6578, 18.65, 17.85, 18.05, 18.65, 1150, otc]
[6579, 143.5, 110.0, 112.00, 137.50, 16291, tse]
[6581, 93.6, 90.0, 90.00, 92.50, 370, tse]
[6582, 57.5, 56.6, 57.10, 57.00, 235, tse]
[6584, 83.2, 75.0, 76.50, 76.60, 6840, otc]
[6585, 63.9, 61.9, 62.00, 63.20, 353, tse]
[6588, 30.4, 29.7, 30.30, 29.80, 71, otc]
[6589, 113.5, 110.0, 111.00, 111.00, 7026, otc]
[6590, 91.6, 86.5, 88.00, 89.60, 396, otc]
[6591, 57.1, 52.1, 52.20, 55.30, 3097, tse]
[6592, 135.0, 129.0, 134.50, 132.00, 3792, tse]
[6593, 64.2, 59.4, 59.40, 62.50, 573, otc]
[6596, 55.3, 51.0, 51.50, 53.70, 1059, otc]
[6598, 28.4, 27.4, 27.45, 27.40, 243, tse]
[6603, 17.45, 16.8, 17.30, 16.95, 3371, otc]
[6605, 102.0, 98.0, 98.10, 98.40, 1940, tse]
[6606, 30.25, 28.55, 28.80, 29.50, 1397, tse]
[6609, 35.9, 35.0, 35.00, 35.65, 694, otc]
[6612, 169.5, 160.5, 163.00, 164.00, 2007, otc]
[6613, 109.5, 105.0, 108.00, 105.50, 782, otc]
[6615, 44.0, 42.25, 42.95, 42.25, 165, otc]
[6616, 14.8, 13.85, 14.15, 14.35, 323, otc]
[6624, 43.5, 42.0, 43.00, 43.50, 62, otc]
[6625, 104.5, 90.0, 94.20, 99.80, 15929, tse]
[6629, 47.9, 47.0, 47.90, 47.00, 11, otc]
[6640, 93.0, 90.8, 93.00, 91.50, 63, otc]
[6641, 55.6, 54.7, 55.20, 55.20, 51, tse]
[6642, 54.1, 51.8, 52.30, 53.80, 104, otc]
[6643, 896.0, 832.0, 840.00, 859.00, 10404, otc]
[6649, 44.8, 40.85, 41.05, 42.00, 652, otc]
[6651, 84.1, 82.1, 82.70, 82.70, 244, otc]
[6654, 50.0, 48.3, 49.30, 49.00, 70, otc]
[6655, 128.0, 125.5, 128.00, 126.50, 26, tse]
[6661, 22.9, 22.4, 22.50, 22.55, 39, otc]
[6662, 31.15, 30.35, 30.55, 30.80, 62, otc]
[6664, 121.0, 114.0, 114.00, 115.50, 1716, otc]
[6666, 83.8, 81.3, 82.80, 82.30, 196, tse]
[6667, 81.8, 77.9, 78.20, 80.50, 1177, otc]
[6668, 43.0, 40.65, 42.20, 40.65, 2621, tse]
[6669, 1245.0, 1140.0, 1,210.00, 1,205.00, 11311, tse]
[6670, 215.5, 210.0, 211.50, 215.00, 1177, tse]
[6671, 43.2, 42.1, 43.20, 43.00, 64, tse]
[6672, 92.3, 89.2, 91.80, 90.50, 2681, tse]
[6674, 29.75, 28.15, 29.75, 28.85, 129, tse]
[6679, 323.0, 278.5, 279.50, 309.50, 4768, otc]
[6680, 93.6, 88.2, 90.00, 90.30, 396, otc]
[6683, 227.5, 207.5, 208.00, 213.00, 2795, otc]
[6684, 49.2, 45.15, 45.70, 45.80, 449, otc]
[6689, 167.0, 157.0, 166.00, 160.00, 11440, tse]
[6690, 187.0, 173.0, 186.00, 175.00, 1376, otc]
[6691, 320.0, 294.5, 296.00, 306.00, 4169, tse]
[6693, 66.6, 65.0, 66.50, 65.00, 243, otc]
[6695, 46.85, 44.2, 45.55, 44.30, 1974, tse]
[6697, 72.0, 66.5, 67.50, 70.60, 1107, otc]
[6698, 42.9, 39.75, 41.95, 40.00, 3408, tse]
[6703, 236.5, 216.0, 230.50, 230.50, 1417, otc]
[6706, 84.5, 81.4, 81.40, 83.10, 1353, tse]
[6708, 64.5, 54.5, 59.50, 55.20, 1969, otc]
[6712, 199.5, 187.0, 189.00, 196.00, 4556, otc]
[6715, 150.0, 140.0, 143.50, 144.50, 2476, tse]
[6716, 103.0, 100.0, 102.00, 101.00, 34, otc]
[6719, 310.0, 298.0, 299.00, 304.00, 6330, tse]
[6721, 53.5, 52.4, 52.70, 53.40, 55, otc]
[6727, 66.4, 64.5, 64.50, 65.60, 310, otc]
[6728, 145.0, 141.0, 144.50, 141.00, 169, otc]
[6732, 327.5, 301.5, 321.00, 315.00, 3222, otc]
[6733, 45.6, 39.0, 39.45, 41.95, 12924, otc]
[6735, 55.2, 53.4, 54.00, 54.30, 39, otc]
[6741, 137.5, 128.5, 131.50, 135.00, 7366, otc]
[6743, 56.6, 53.6, 53.60, 55.90, 451, tse]
[6747, 229.0, 216.0, 222.00, 226.00, 591, otc]
[6751, 122.0, 109.5, 115.00, 116.00, 938, otc]
[6752, 183.0, 168.0, 172.50, 172.50, 3873, otc]
[6753, 121.0, 116.0, 117.50, 116.00, 2980, tse]
[6754, 58.5, 56.7, 57.10, 58.10, 556, tse]
[6756, 232.0, 204.5, 206.00, 220.50, 3620, tse]
[6761, 88.2, 84.2, 84.50, 87.20, 179, otc]
[6762, 240.0, 230.0, 237.00, 233.00, 26, otc]
[6763, 534.0, 503.0, 503.00, 515.00, 711, otc]
[6767, 48.4, 45.7, 46.15, 48.05, 1304, otc]
[6768, 71.9, 69.2, 69.70, 71.40, 874, tse]
[6770, 31.3, 30.6, 31.05, 31.10, 55322, tse]
[6776, 58.1, 54.8, 54.90, 57.10, 1309, tse]
[6781, 735.0, 683.0, 691.00, 715.00, 3875, tse]
[6782, 231.5, 215.0, 219.50, 222.00, 3402, tse]
[6788, 127.5, 124.0, 124.00, 125.00, 1733, otc]
[6789, 238.0, 217.0, 218.50, 238.00, 7600, tse]
[6790, 39.05, 37.65, 37.65, 38.75, 1760, tse]
[6791, 125.0, 113.0, 118.50, 119.50, 1052, otc]
[6792, 85.5, 83.3, 83.30, 85.10, 173, tse]
[6796, 98.8, 89.8, 91.10, 97.80, 527, tse]
[6799, 169.5, 153.5, 154.00, 163.50, 13233, tse]
[6803, 326.0, 314.0, 326.00, 319.00, 225, otc]
[6804, 74.6, 70.5, 71.90, 73.50, 438, otc]
[6806, 118.5, 105.5, 108.00, 115.00, 24214, tse]
[6807, 28.6, 27.8, 28.60, 27.95, 55, tse]
[6811, 279.0, 246.0, 257.00, 262.00, 3740, otc]
[6821, 56.8, 47.85, 51.50, 51.10, 5597, otc]
[6823, 95.7, 85.8, 86.00, 91.10, 353, otc]
[6829, 139.5, 130.0, 132.50, 132.00, 7072, otc]
[6830, 168.0, 144.5, 150.00, 166.00, 4244, tse]
[6834, 27.55, 26.55, 26.85, 26.80, 146, tse]
[6835, 52.0, 48.2, 49.80, 48.90, 5554, tse]
[6840, 69.5, 68.7, 69.40, 68.90, 144, otc]
[6841, 102.5, 88.5, 90.20, 98.20, 5719, otc]
[6843, 76.8, 72.4, 73.50, 75.60, 746, otc]
[6846, 93.7, 90.7, 92.00, 91.10, 253, otc]
[6854, 101.0, 98.0, 101.00, 99.00, 254, tse]
[6855, 85.2, 83.0, 84.40, 84.50, 88, otc]
[6859, 143.0, 136.0, 137.00, 137.50, 270, otc]
[6861, 123.5, 101.5, 102.00, 113.50, 1260, tse]
[6863, 186.0, 159.5, 164.00, 177.50, 2926, tse]
[6865, 86.5, 80.5, 86.50, 81.80, 220, otc]
[6869, 121.5, 95.0, 120.50, 95.00, 3423, tse]
[6873, 133.5, 125.0, 129.00, 126.00, 657, tse]
[6874, 181.0, 151.0, 170.00, 169.00, 8016, otc]
[7402, 67.8, 62.0, 62.80, 64.60, 3195, otc]
[7556, 123.0, 108.0, 115.00, 108.50, 750, otc]
[8011, 20.35, 18.05, 18.20, 19.55, 28947, tse]
[8016, 227.5, 222.0, 223.00, 226.00, 3081, tse]
[8021, 32.65, 29.7, 29.90, 32.50, 6441, tse]
[8024, 24.65, 23.35, 23.70, 24.10, 556, otc]
[8027, 54.6, 44.9, 45.70, 52.10, 4736, otc]
[8028, 60.5, 58.8, 59.40, 60.30, 6260, tse]
[8032, 31.45, 30.35, 30.70, 31.35, 60, otc]
[8033, 74.3, 63.5, 64.10, 69.10, 22094, tse]
[8034, 16.7, 15.85, 15.90, 16.30, 883, otc]
[8038, 58.8, 52.0, 52.20, 57.20, 9573, otc]
[8039, 42.5, 42.2, 42.35, 42.25, 955, tse]
[8040, 52.0, 45.05, 45.05, 49.60, 11101, otc]
[8042, 39.5, 38.3, 38.85, 39.35, 81, otc]
[8043, 29.4, 28.0, 29.40, 28.40, 1782, otc]
[8044, 54.0, 50.5, 50.50, 53.30, 2263, otc]
[8046, 313.0, 293.5, 309.00, 308.00, 45026, tse]
[8047, 11.8, 11.55, 11.55, 11.55, 14, otc]
[8048, 61.2, 54.7, 57.90, 60.00, 15185, otc]
[8049, 37.85, 37.25, 37.30, 37.45, 1616, otc]
[8050, 82.8, 79.7, 79.80, 80.90, 12170, otc]
[8054, 37.25, 31.65, 31.75, 35.40, 13673, otc]
[8059, 19.25, 15.65, 16.20, 18.25, 26109, otc]
[8064, 20.1, 19.85, 19.95, 19.95, 1951, otc]
[8066, 31.25, 29.9, 30.80, 30.60, 433, otc]
[8067, 15.3, 14.5, 15.30, 14.60, 23, otc]
[8068, 29.9, 27.9, 29.10, 28.70, 597, otc]
[8069, 220.0, 205.0, 213.50, 218.00, 56858, otc]
[8070, 36.75, 35.8, 35.85, 36.35, 6084, tse]
[8071, 14.75, 14.35, 14.45, 14.55, 488, otc]
[8072, 28.75, 27.65, 28.00, 28.25, 653, tse]
[8074, 20.5, 19.8, 19.95, 20.25, 534, otc]
[8076, 36.6, 34.45, 34.80, 35.05, 22150, otc]
[8077, 38.95, 37.0, 37.15, 37.00, 14, otc]
[8080, 11.15, 10.5, 11.15, 10.65, 69, otc]
[8081, 195.0, 189.0, 191.50, 192.50, 1355, tse]
[8083, 152.0, 149.0, 150.50, 151.50, 324, otc]
[8084, 96.0, 88.6, 93.30, 88.90, 2066, otc]
[8085, 41.9, 36.0, 38.05, 37.70, 18321, otc]
[8086, 88.6, 80.2, 82.30, 88.10, 14464, otc]
[8087, 37.8, 34.2, 35.10, 35.75, 764, otc]
[8088, 37.75, 32.35, 32.60, 36.50, 47998, otc]
[8089, 22.7, 20.55, 20.60, 22.00, 1660, otc]
[8091, 102.5, 96.1, 96.70, 97.00, 4775, otc]
[8092, 11.4, 11.1, 11.25, 11.30, 207, otc]
[8093, 15.9, 14.6, 15.90, 14.90, 1113, otc]
[8096, 11.75, 11.35, 11.40, 11.65, 1191, otc]
[8097, 64.8, 60.2, 60.20, 63.00, 6081, otc]
[8099, 67.5, 59.4, 60.20, 64.00, 22322, otc]
[8101, 4.79, 4.59, 4.79, 4.60, 223, tse]
[8103, 37.4, 36.8, 37.00, 37.10, 493, tse]
[8104, 41.5, 40.15, 40.15, 41.40, 703, tse]
[8105, 14.0, 13.7, 13.80, 13.90, 5572, tse]
[8107, 17.0, 16.6, 16.80, 16.90, 263, otc]
[8109, 88.7, 87.5, 88.50, 88.20, 374, otc]
[8110, 14.0, 13.2, 13.20, 13.80, 6860, tse]
[8111, 21.75, 20.8, 20.90, 21.15, 1727, otc]
[8112, 47.8, 45.75, 45.75, 47.70, 12297, tse]
[8114, 112.0, 107.5, 108.50, 110.00, 1311, tse]
[8121, 30.45, 29.35, 30.45, 29.95, 3349, otc]
[8131, 44.05, 42.75, 42.80, 43.85, 2606, tse]
[8147, 75.8, 62.4, 62.50, 64.70, 4168, otc]
[8150, 41.05, 38.85, 40.05, 40.15, 18242, tse]
[8155, 161.0, 142.0, 159.50, 144.50, 10491, otc]
[8163, 47.4, 46.5, 46.65, 47.40, 4756, tse]
[8171, 57.2, 55.0, 55.60, 55.40, 3426, otc]
[8176, 12.2, 11.5, 11.70, 11.70, 2176, otc]
[8182, 31.1, 30.05, 30.65, 30.40, 352, otc]
[8183, 54.3, 52.6, 52.90, 53.70, 2734, otc]
[8201, 15.2, 12.7, 12.75, 14.70, 3442, tse]
[8210, 118.5, 96.3, 97.20, 114.50, 65680, tse]
[8213, 41.45, 39.9, 39.90, 41.00, 5230, tse]
[8215, 36.8, 34.85, 34.85, 36.65, 9497, tse]
[8222, 63.3, 59.1, 59.20, 60.70, 42339, tse]
[8227, 203.5, 186.0, 195.00, 189.00, 7932, otc]
[8234, 45.25, 40.5, 40.80, 45.10, 7243, otc]
[8240, 33.45, 30.75, 31.45, 32.20, 1344, otc]
[8249, 32.1, 29.6, 31.40, 30.10, 2691, tse]
[8255, 176.5, 168.5, 168.50, 175.00, 3985, otc]
[8261, 111.0, 105.0, 105.50, 108.00, 5517, tse]
[8271, 64.4, 52.0, 53.30, 62.70, 33357, tse]
[8277, 12.85, 9.66, 9.66, 11.80, 10343, otc]
[8279, 187.5, 181.5, 185.00, 184.00, 118, otc]
[8284, 63.0, 61.4, 63.00, 62.20, 162, otc]
[8289, 42.4, 41.05, 41.40, 42.00, 2641, otc]
[8291, 6.01, 5.51, 5.51, 6.00, 7, otc]
[8299, 437.5, 405.5, 405.50, 410.50, 14928, otc]
[8341, 159.5, 156.0, 158.50, 157.50, 1158, tse]
[8342, 58.0, 57.3, 57.50, 57.80, 21, otc]
[8349, 64.5, 62.5, 63.10, 63.40, 679, otc]
[8354, 14.55, 14.2, 14.20, 14.45, 1781, otc]
[8358, 58.6, 56.5, 56.80, 57.80, 15037, otc]
[8367, 47.0, 45.8, 47.00, 45.90, 195, tse]
[8374, 33.2, 30.8, 30.80, 33.15, 1598, tse]
[8383, 42.05, 41.25, 41.25, 41.80, 1456, otc]
[8390, 44.7, 43.65, 43.90, 44.45, 2354, otc]
[8401, 21.0, 20.65, 20.85, 20.80, 706, otc]
[8403, 37.3, 35.75, 36.40, 36.50, 4582, otc]
[8404, 25.45, 24.45, 25.10, 24.55, 1025, tse]
[8409, 24.45, 23.2, 23.80, 24.05, 501, otc]
[8410, 40.5, 37.25, 38.00, 40.50, 744, otc]
[8411, 14.9, 14.8, 14.90, 14.90, 245, tse]
[8415, 35.45, 34.7, 35.05, 35.25, 1829, otc]
[8416, 147.0, 141.0, 146.50, 142.50, 109, otc]
[8418, 10.7, 9.73, 9.76, 10.15, 949, otc]
[8420, 93.4, 90.6, 91.10, 92.20, 1286, otc]
[8421, 14.9, 14.25, 14.35, 14.75, 590, otc]
[8422, 213.0, 203.0, 204.00, 207.50, 1745, tse]
[8423, 21.1, 20.5, 21.10, 20.75, 3, otc]
[8424, 71.9, 70.6, 70.70, 71.90, 52, otc]
[8426, 73.2, 66.1, 69.00, 71.60, 2923, otc]
[8429, 11.0, 10.75, 10.90, 10.85, 810, tse]
[8431, 66.2, 64.1, 65.50, 65.50, 722, otc]
[8432, 45.9, 44.85, 45.25, 45.80, 221, otc]
[8433, 71.7, 70.3, 70.40, 70.30, 377, otc]
[8435, 62.6, 62.0, 62.10, 62.20, 67, otc]
[8436, 180.0, 174.0, 175.00, 176.00, 4183, otc]
[8437, 105.5, 101.5, 105.00, 101.50, 56, otc]
[8438, 29.7, 26.65, 26.75, 28.10, 1106, tse]
[8440, 46.6, 42.0, 42.00, 45.20, 5077, otc]
[8442, 87.5, 83.0, 85.80, 83.00, 532, tse]
[8443, 12.0, 11.8, 11.90, 11.95, 233, tse]
[8444, 47.6, 42.7, 47.00, 44.30, 54, otc]
[8446, 111.0, 105.5, 109.00, 109.00, 3468, otc]
[8450, 26.6, 24.8, 24.90, 25.55, 587, otc]
[8454, 712.0, 689.0, 702.00, 710.00, 3531, tse]
[8455, 21.9, 20.8, 21.15, 21.15, 16, otc]
[8462, 154.5, 148.0, 149.50, 150.50, 324, tse]
[8463, 27.8, 26.45, 27.40, 26.80, 517, tse]
[8464, 357.0, 346.0, 349.00, 348.50, 1270, tse]
[8466, 44.45, 43.2, 44.20, 43.85, 115, tse]
[8467, 58.9, 57.5, 58.90, 58.60, 81, tse]
[8472, 39.8, 38.3, 38.30, 38.60, 26, otc]
[8473, 29.4, 28.8, 29.25, 28.95, 276, tse]
[8476, 78.2, 72.6, 72.80, 74.50, 2550, otc]
[8477, 18.2, 16.85, 16.90, 17.50, 107, otc]
[8478, 657.0, 509.0, 519.00, 635.00, 24853, tse]
[8481, 58.5, 57.5, 58.00, 58.20, 91, tse]
[8482, 77.2, 76.0, 76.50, 77.00, 34, tse]
[8488, 15.5, 15.35, 15.50, 15.50, 27, tse]
[8489, 26.35, 23.55, 24.55, 25.55, 533, otc]
[8499, 102.5, 100.5, 101.00, 101.50, 105, tse]
[8905, 33.8, 28.25, 28.85, 32.25, 9502, otc]
[8906, 17.5, 16.45, 16.90, 17.05, 18, otc]
[8908, 71.3, 69.9, 70.80, 70.20, 203, otc]
[8916, 53.5, 52.3, 52.40, 52.40, 1409, otc]
[8917, 69.0, 68.1, 68.10, 68.10, 11, otc]
[8921, 15.4, 14.85, 14.85, 15.20, 30, otc]
[8923, 21.45, 20.6, 20.60, 20.85, 21, otc]
[8924, 99.8, 96.0, 99.30, 96.00, 2548, otc]
[8926, 52.0, 49.1, 50.80, 50.10, 20662, tse]
[8927, 50.7, 48.0, 50.50, 48.70, 6967, otc]
[8928, 37.5, 36.4, 36.50, 36.95, 370, otc]
[8929, 21.95, 21.65, 21.80, 21.95, 36, otc]
[8930, 23.95, 20.55, 20.70, 23.20, 6832, otc]
[8931, 70.1, 65.6, 65.60, 68.20, 1288, otc]
[8932, 66.2, 61.5, 62.00, 65.50, 2413, otc]
[8933, 11.35, 11.15, 11.30, 11.35, 3000, otc]
[8935, 12.8, 12.15, 12.45, 12.75, 388, otc]
[8936, 28.5, 27.4, 27.50, 28.40, 7694, otc]
[8937, 19.95, 18.6, 19.95, 19.70, 1365, otc]
[8938, 80.8, 79.2, 80.20, 79.30, 1784, otc]
[8940, 34.3, 30.7, 32.45, 32.40, 10431, tse]
[8941, 58.1, 57.0, 57.90, 57.90, 49, otc]
[8942, 70.7, 69.1, 70.50, 70.10, 943, otc]
[8996, 283.0, 246.0, 273.00, 270.50, 55136, tse]
[9103, 6.65, 6.44, 6.60, 6.45, 1360, tse]
[9105, 3.88, 3.8, 3.80, 3.88, 4836, tse]
[9110, 9.13, 7.24, 7.47, 9.11, 4315, tse]
[9136, 6.4, 6.3, 6.32, 6.37, 867, tse]
[9802, 133.0, 123.0, 126.00, 132.50, 8841, tse]
[9902, 12.65, 12.1, 12.15, 12.50, 807, tse]
[9904, 32.45, 31.65, 32.10, 32.15, 31501, tse]
[9905, 25.9, 25.6, 25.75, 25.60, 355, tse]
[9906, 52.2, 50.2, 50.80, 52.10, 416, tse]
[9907, 19.55, 19.05, 19.45, 19.25, 16342, tse]
[9908, 32.75, 32.2, 32.30, 32.55, 354, tse]
[9910, 194.0, 189.0, 193.00, 192.00, 4643, tse]
[9911, 66.9, 65.6, 66.60, 66.10, 536, tse]
[9912, 10.05, 9.89, 10.00, 10.00, 403, tse]
[9914, 198.0, 182.0, 184.00, 193.50, 7669, tse]
[9917, 122.0, 114.0, 114.50, 121.00, 3991, tse]
[9918, 42.1, 41.6, 41.60, 42.10, 59, tse]
[9919, 19.95, 17.65, 18.05, 19.05, 33672, tse]
[9921, 207.5, 199.0, 203.00, 205.00, 6899, tse]
[9924, 44.5, 43.75, 43.75, 44.45, 1056, tse]
[9925, 42.0, 41.45, 41.95, 41.65, 967, tse]
[9926, 55.2, 53.2, 53.50, 54.30, 22, tse]
[9927, 45.35, 44.8, 45.05, 45.25, 650, tse]
[9928, 20.0, 19.2, 19.80, 19.45, 457, tse]
[9929, 9.16, 9.01, 9.10, 9.11, 238, tse]
[9930, 54.0, 52.0, 53.40, 53.80, 1012, tse]
[9931, 41.15, 40.45, 41.15, 40.55, 46, tse]
[9933, 42.0, 40.85, 41.20, 41.80, 8990, tse]
[9934, 13.75, 13.15, 13.55, 13.20, 2361, tse]
[9935, 19.35, 18.75, 19.15, 19.20, 654, tse]
[9937, 66.0, 64.1, 65.00, 65.50, 114, tse]
[9938, 55.5, 53.5, 54.70, 54.30, 3861, tse]
[9939, 108.0, 103.0, 105.00, 107.00, 7989, tse]
[9940, 29.9, 29.6, 29.75, 29.75, 882, tse]
[9941, 198.0, 193.5, 197.50, 195.00, 2694, tse]
[9942, 159.0, 151.5, 158.00, 155.00, 5622, tse]
[9943, 94.0, 85.2, 88.50, 93.20, 6962, tse]
[9944, 24.4, 22.3, 22.55, 23.40, 8955, tse]
[9945, 35.3, 34.75, 34.90, 35.05, 24315, tse]
[9946, 15.25, 14.8, 15.25, 14.95, 832, tse]
[9949, 16.0, 14.1, 16.00, 14.90, 1668, otc]
[9950, 14.95, 14.0, 14.50, 14.00, 645, otc]
[9951, 74.2, 72.5, 72.80, 72.60, 654, otc]
[9955, 25.5, 24.85, 25.15, 25.15, 2718, tse]
[9958, 112.5, 104.0, 104.50, 110.00, 23019, tse]
[9960, 31.15, 30.15, 31.10, 30.35, 250, otc]
[9962, 19.55, 19.05, 19.35, 19.50, 1655, otc]
