[1101, 35.5, 34.35, 34.60, 35.40, 68991]
[1102, 42.15, 41.4, 41.70, 41.95, 16687]
[1103, 17.9, 17.55, 17.60, 17.80, 955]
[1104, 23.3, 22.3, 22.40, 23.20, 3651]
[1108, 11.2, 10.85, 10.90, 11.10, 1090]
[1109, 15.95, 15.75, 15.95, 15.85, 202]
[1110, 18.35, 18.1, 18.30, 18.30, 180]
[1201, 19.1, 18.9, 19.00, 19.00, 479]
[1203, 36.1, 34.8, 34.80, 36.00, 187]
[1210, 46.8, 45.4, 45.50, 46.20, 4718]
[1213, 7.48, 6.98, 7.25, 7.23, 12]
[1215, 79.8, 78.3, 78.30, 78.90, 2144]
[1216, 67.8, 66.7, 67.50, 67.10, 34417]
[1217, 10.85, 10.6, 10.75, 10.75, 4446]
[1218, 33.05, 31.9, 32.25, 32.70, 8800]
[1219, 19.3, 18.85, 18.95, 18.95, 2505]
[1220, 16.35, 15.35, 15.45, 15.70, 1038]
[1225, 57.7, 55.4, 57.50, 57.40, 65]
[1227, 40.5, 39.4, 40.40, 39.95, 3015]
[1229, 52.4, 49.95, 50.00, 51.70, 6184]
[1231, 78.8, 73.6, 73.60, 76.90, 1620]
[1232, 145.5, 141.0, 141.00, 144.00, 383]
[1233, 32.35, 31.95, 32.20, 32.05, 61]
[1234, 32.8, 32.55, 32.65, 32.60, 1667]
[1235, NaN, NaN, NaN, NaN, 0]
[1236, 23.0, 22.15, 22.30, 22.75, 606]
[1240, 44.0, 43.6, 43.75, 43.70, 32]
[1256, 271.5, 254.5, 255.00, 271.50, 51]
[1258, 22.7, 21.45, 21.55, 21.80, 349]
[1259, 75.0, 73.0, 73.20, 74.90, 57]
[1264, 264.0, 258.0, 258.00, 260.50, 43]
[1268, 134.0, 129.5, 130.50, 131.50, 599]
[1301, 89.3, 87.5, 88.30, 87.70, 23543]
[1303, 74.9, 73.2, 73.90, 74.30, 25253]
[1304, 23.5, 22.05, 22.30, 23.20, 18230]
[1305, 28.55, 26.25, 26.90, 28.40, 33116]
[1307, 21.0, 20.7, 20.75, 20.85, 230]
[1308, 29.4, 28.25, 28.45, 29.10, 10323]
[1309, 22.7, 21.9, 22.30, 22.50, 4188]
[1310, 14.0, 13.45, 13.65, 13.75, 2102]
[1312, 19.65, 19.3, 19.40, 19.60, 11805]
[1313, 14.2, 13.65, 13.75, 14.20, 6063]
[1314, 10.15, 9.95, 10.00, 9.96, 24583]
[1315, 72.0, 70.8, 71.40, 71.50, 59]
[1316, 12.15, 11.8, 12.05, 11.80, 2218]
[1319, 44.0, 42.4, 43.60, 42.75, 14628]
[1321, 33.55, 32.9, 33.10, 33.20, 440]
[1323, 33.55, 32.75, 32.90, 32.90, 281]
[1324, 11.0, 10.75, 10.85, 11.00, 114]
[1325, 27.3, 25.15, 27.30, 25.30, 1661]
[1326, 73.5, 71.2, 72.60, 71.20, 13172]
[1336, 26.6, 24.2, 26.60, 24.35, 1482]
[1337, 7.23, 7.02, 7.23, 7.02, 1430]
[1338, 44.6, 42.9, 43.60, 43.40, 401]
[1339, 42.15, 40.85, 42.15, 40.90, 623]
[1340, 10.1, 9.86, 9.99, 10.05, 331]
[1341, 69.5, 66.6, 66.90, 66.60, 64]
[1342, 127.0, 115.5, 120.50, 116.00, 9808]
[1402, 32.75, 31.95, 32.25, 32.50, 29560]
[1409, 17.85, 17.6, 17.70, 17.80, 5672]
[1410, 40.9, 39.2, 40.20, 40.10, 526]
[1413, 9.57, 9.25, 9.40, 9.45, 105]
[1414, 18.1, 17.75, 17.80, 18.00, 732]
[1416, 10.3, 10.15, 10.25, 10.25, 203]
[1417, 14.5, 13.85, 14.45, 13.85, 9205]
[1418, 14.85, 13.8, 13.85, 14.05, 59]
[1419, 40.45, 39.5, 40.45, 39.75, 222]
[1423, 20.2, 20.05, 20.15, 20.05, 150]
[1432, 12.55, 12.3, 12.30, 12.40, 962]
[1434, 27.05, 26.8, 26.80, 26.90, 3776]
[1436, 55.7, 54.1, 54.70, 54.30, 146]
[1437, 25.75, 25.45, 25.65, 25.45, 381]
[1438, 32.1, 30.5, 31.90, 31.85, 94]
[1439, 21.25, 20.7, 21.15, 21.05, 164]
[1440, 16.95, 16.7, 16.95, 16.75, 2176]
[1441, 8.0, 7.9, 7.98, 7.91, 96]
[1442, 35.35, 31.6, 35.10, 32.10, 7511]
[1443, 27.2, 21.9, 21.90, 26.30, 3273]
[1444, 10.65, 10.25, 10.50, 10.25, 23407]
[1445, 16.2, 15.85, 16.00, 16.00, 4023]
[1446, 31.55, 31.2, 31.40, 31.35, 172]
[1447, 7.85, 7.71, 7.80, 7.71, 3156]
[1449, 16.25, 15.1, 16.10, 15.20, 627]
[1451, 21.35, 20.8, 21.35, 20.90, 1172]
[1452, 17.6, 17.35, 17.40, 17.50, 210]
[1453, 15.25, 14.55, 14.95, 14.55, 596]
[1454, 13.65, 13.2, 13.40, 13.50, 370]
[1455, 10.7, 10.45, 10.65, 10.45, 1746]
[1456, 15.5, 14.95, 15.30, 15.15, 139]
[1457, 18.7, 18.55, 18.70, 18.70, 626]
[1459, 8.44, 8.25, 8.38, 8.32, 194]
[1460, 7.15, 7.07, 7.12, 7.10, 1176]
[1463, 15.65, 14.35, 14.55, 14.90, 1715]
[1464, 14.2, 13.95, 14.10, 14.05, 465]
[1465, 13.95, 13.65, 13.90, 13.90, 185]
[1466, 11.85, 11.6, 11.80, 11.80, 91]
[1467, 12.15, 11.7, 11.90, 11.85, 18817]
[1468, 15.05, 13.35, 13.45, 15.05, 354]
[1470, 18.4, 17.7, 18.30, 18.35, 117]
[1471, 7.82, 7.59, 7.68, 7.68, 728]
[1472, 26.0, 22.95, 23.80, 25.60, 80]
[1473, 21.5, 21.05, 21.10, 21.20, 309]
[1474, 12.15, 12.0, 12.10, 12.05, 160]
[1475, 71.6, 66.0, 67.00, 70.10, 911]
[1476, 509.0, 477.5, 493.00, 479.50, 2818]
[1477, 233.0, 224.0, 228.00, 228.00, 4922]
[1503, 68.1, 60.8, 68.10, 61.20, 6489]
[1504, 28.6, 28.2, 28.45, 28.25, 10314]
[1506, 17.8, 17.5, 17.60, 17.50, 1533]
[1512, 5.1, 4.75, 5.10, 4.85, 943]
[1513, 74.2, 70.8, 72.60, 71.20, 74689]
[1514, 32.65, 31.55, 32.20, 32.25, 19698]
[1515, 30.85, 28.65, 30.20, 30.00, 4870]
[1516, 22.15, 20.0, 21.00, 20.05, 4810]
[1517, 20.9, 20.3, 20.35, 20.40, 1648]
[1519, 53.4, 50.7, 52.20, 51.00, 36778]
[1521, 35.4, 34.5, 35.40, 34.70, 67]
[1522, 28.35, 26.95, 27.95, 27.15, 6130]
[1524, 24.75, 23.75, 24.30, 23.75, 10565]
[1525, 58.0, 57.2, 57.60, 57.70, 62]
[1526, 41.6, 39.95, 41.15, 40.05, 981]
[1527, 41.7, 41.15, 41.30, 41.35, 475]
[1528, 10.15, 9.92, 10.15, 9.92, 1232]
[1529, 24.7, 22.1, 23.10, 22.90, 37592]
[1530, 31.3, 31.1, 31.20, 31.10, 106]
[1531, 14.05, 13.7, 14.00, 13.85, 287]
[1532, 29.75, 29.1, 29.15, 29.60, 1150]
[1533, 50.2, 48.6, 50.20, 48.70, 551]
[1535, 43.8, 43.1, 43.10, 43.40, 411]
[1536, 68.7, 66.8, 67.90, 67.50, 4601]
[1537, 138.0, 136.0, 138.00, 137.50, 168]
[1538, 8.0, 7.28, 7.99, 7.99, 41]
[1539, 29.55, 28.0, 29.50, 28.00, 1352]
[1540, 15.65, 15.5, 15.60, 15.55, 306]
[1541, 33.95, 33.2, 33.70, 33.20, 26]
[1558, 120.0, 117.5, 119.50, 118.00, 217]
[1560, 119.5, 107.5, 109.00, 113.50, 38939]
[1565, 256.0, 249.0, 252.50, 250.50, 343]
[1568, 23.25, 22.35, 23.05, 22.45, 465]
[1569, 22.85, 22.25, 22.50, 22.30, 763]
[1570, 17.15, 16.5, 17.05, 16.90, 915]
[1580, 89.4, 88.1, 89.20, 88.50, 420]
[1582, 59.4, 58.7, 59.10, 59.20, 310]
[1583, 62.3, 61.6, 61.60, 62.00, 22]
[1584, 24.25, 21.8, 22.40, 23.95, 50921]
[1586, 34.4, 33.8, 33.95, 34.05, 233]
[1587, 22.05, 21.6, 21.70, 21.70, 201]
[1589, 64.0, 60.7, 61.10, 62.10, 4076]
[1590, 1010.0, 934.0, 934.00, 1,005.00, 3280]
[1591, 18.6, 16.75, 17.15, 17.05, 2733]
[1593, 73.4, 69.3, 70.30, 70.20, 157]
[1595, 38.35, 37.85, 38.30, 38.05, 123]
[1597, 71.3, 70.0, 70.10, 70.10, 153]
[1598, 41.75, 40.65, 41.15, 41.45, 510]
[1599, 39.45, 38.8, 39.40, 38.85, 314]
[1603, 26.6, 26.0, 26.60, 26.15, 854]
[1604, 26.35, 26.05, 26.35, 26.15, 839]
[1605, 48.5, 46.9, 47.90, 47.10, 221877]
[1608, 15.0, 13.7, 14.00, 14.75, 11674]
[1609, 21.1, 20.4, 20.95, 20.65, 14075]
[1611, 13.35, 13.15, 13.30, 13.15, 1564]
[1612, 19.5, 16.85, 16.95, 19.10, 18666]
[1614, 35.9, 35.45, 35.90, 35.60, 71]
[1615, 30.1, 28.2, 28.50, 29.90, 706]
[1616, 7.47, 7.3, 7.37, 7.38, 398]
[1617, 15.15, 14.6, 15.15, 14.95, 197]
[1618, 15.35, 14.75, 15.10, 14.85, 5434]
[1626, 17.4, 16.55, 16.60, 16.90, 328]
[1701, 29.95, 27.1, 29.75, 27.10, 50516]
[1702, 45.35, 44.5, 44.75, 45.30, 868]
[1707, 166.0, 154.0, 166.00, 159.00, 2784]
[1708, 41.7, 39.95, 41.35, 40.70, 10595]
[1709, 22.85, 22.45, 22.70, 22.50, 1514]
[1710, 18.65, 18.3, 18.50, 18.60, 2655]
[1711, 18.8, 18.35, 18.45, 18.40, 2364]
[1712, 37.75, 36.85, 37.40, 37.00, 4376]
[1713, 25.1, 24.85, 25.00, 24.90, 453]
[1714, 8.7, 8.62, 8.67, 8.62, 1876]
[1717, 32.45, 31.85, 31.95, 32.15, 4930]
[1718, 8.66, 8.41, 8.61, 8.42, 11073]
[1720, 57.8, 54.2, 57.80, 54.40, 11409]
[1721, 15.6, 14.85, 14.90, 15.00, 2683]
[1722, 53.8, 53.1, 53.60, 53.60, 5188]
[1723, 107.5, 105.5, 106.00, 106.00, 599]
[1725, 20.4, 20.15, 20.40, 20.30, 92]
[1726, 71.2, 70.5, 70.70, 71.20, 54]
[1727, 25.9, 24.65, 25.70, 24.65, 1048]
[1730, 55.3, 54.7, 55.00, 54.80, 70]
[1731, 19.9, 19.4, 19.90, 19.50, 795]
[1732, 31.6, 30.0, 31.45, 30.05, 1645]
[1733, 25.4, 24.7, 25.40, 24.80, 991]
[1734, 32.1, 31.0, 32.05, 31.00, 5028]
[1735, 15.2, 15.2, 15.20, 15.20, 11]
[1736, 78.4, 69.0, 76.30, 69.00, 15646]
[1737, 32.6, 32.25, 32.40, 32.25, 430]
[1742, 14.7, 14.3, 14.70, 14.40, 160]
[1752, 61.0, 55.2, 59.60, 56.40, 42548]
[1760, 175.0, 160.0, 172.00, 161.00, 25341]
[1762, 63.6, 60.1, 63.00, 60.30, 4619]
[1773, 120.0, 116.0, 117.00, 119.00, 712]
[1776, 16.75, 16.4, 16.50, 16.75, 50]
[1777, 83.3, 80.7, 82.40, 81.40, 295]
[1781, 15.35, 14.95, 15.10, 15.00, 270]
[1783, 48.4, 46.7, 47.40, 47.65, 5070]
[1784, 44.5, 42.25, 42.25, 42.60, 831]
[1785, 33.9, 33.2, 33.50, 33.65, 3518]
[1786, 55.1, 50.8, 54.90, 51.10, 1313]
[1788, 143.5, 141.0, 143.50, 142.50, 77]
[1789, 25.95, 24.8, 25.20, 25.25, 5158]
[1795, 255.0, 229.0, 243.00, 230.50, 50041]
[1796, 66.5, 62.3, 66.40, 63.50, 150]
[1799, 16.4, 15.9, 16.40, 16.00, 36]
[1802, 22.65, 22.1, 22.50, 22.65, 13498]
[1805, 10.1, 9.9, 10.10, 9.94, 130]
[1806, 9.09, 8.89, 8.89, 9.03, 812]
[1808, 70.2, 68.4, 69.90, 68.60, 634]
[1809, 13.65, 12.25, 12.50, 13.45, 12000]
[1810, 18.4, 17.25, 18.25, 17.25, 19076]
[1813, 23.0, 22.55, 22.80, 22.75, 312]
[1815, 12.95, 12.25, 12.60, 12.40, 8717]
[1817, 39.15, 38.3, 39.05, 38.70, 467]
[1903, 50.4, 49.3, 50.10, 49.45, 247]
[1904, 28.6, 27.6, 27.70, 28.35, 5052]
[1905, 16.9, 16.5, 16.65, 16.50, 2166]
[1906, 17.25, 17.0, 17.20, 17.10, 386]
[1907, 25.5, 24.85, 25.15, 25.50, 5824]
[1909, 17.75, 16.9, 17.50, 17.65, 31588]
[2002, 31.3, 30.15, 30.30, 31.05, 102930]
[2006, 54.4, 52.3, 52.60, 54.40, 4413]
[2007, 12.4, 11.95, 12.20, 12.00, 6595]
[2008, 18.45, 18.0, 18.45, 18.20, 106]
[2009, 34.3, 30.2, 30.40, 31.80, 53372]
[2010, 16.2, 15.9, 15.90, 16.00, 1527]
[2012, 24.0, 23.7, 23.75, 23.80, 213]
[2013, 60.5, 59.2, 59.80, 59.60, 473]
[2014, 28.7, 26.75, 27.15, 27.60, 91094]
[2015, 66.5, 63.7, 64.50, 66.50, 793]
[2017, 14.9, 13.95, 14.10, 14.15, 5318]
[2020, 23.4, 23.05, 23.10, 23.20, 622]
[2022, 8.54, 8.33, 8.33, 8.38, 2080]
[2023, 16.4, 15.9, 16.05, 16.00, 12924]
[2024, 18.2, 18.0, 18.15, 18.10, 114]
[2025, 5.29, 4.93, 4.93, 5.09, 708]
[2027, 43.8, 42.15, 42.50, 43.40, 35543]
[2028, 29.8, 27.1, 27.70, 28.80, 9541]
[2029, 25.2, 24.05, 24.35, 24.75, 1710]
[2030, 23.5, 22.85, 23.05, 22.95, 4448]
[2031, 45.05, 42.6, 43.20, 44.85, 9631]
[2032, 21.2, 19.85, 20.35, 20.45, 2741]
[2033, 16.2, 15.1, 15.40, 15.45, 2487]
[2034, 29.35, 28.7, 29.30, 28.95, 3465]
[2035, 32.2, 31.75, 31.85, 31.85, 87]
[2038, 23.4, 21.55, 21.85, 22.25, 7180]
[2049, 194.0, 186.0, 188.00, 188.50, 6845]
[2059, 402.5, 388.5, 389.50, 398.00, 1181]
[2061, 25.7, 24.6, 24.60, 24.90, 235]
[2062, 24.25, 22.8, 22.90, 23.90, 1669]
[2063, 45.7, 44.6, 44.80, 45.00, 702]
[2064, 18.25, 17.75, 17.85, 18.20, 119]
[2065, 53.9, 52.6, 52.80, 53.60, 360]
[2066, 75.0, 72.8, 75.00, 73.10, 295]
[2067, 10.7, 10.3, 10.45, 10.40, 107]
[2069, 21.3, 20.6, 21.30, 20.65, 1405]
[2070, 38.1, 36.0, 38.10, 37.90, 209]
[2101, 33.75, 33.2, 33.20, 33.45, 1724]
[2102, 21.25, 20.35, 20.35, 20.35, 1506]
[2103, 27.95, 27.15, 27.60, 27.25, 3970]
[2104, 20.05, 19.7, 19.85, 19.80, 4073]
[2105, 35.05, 34.45, 35.00, 34.75, 12443]
[2106, 31.0, 30.55, 30.85, 30.65, 1058]
[2107, 22.15, 21.9, 22.05, 22.05, 550]
[2108, 39.5, 38.75, 39.30, 38.95, 2126]
[2109, 14.85, 14.65, 14.80, 14.65, 398]
[2114, 98.3, 95.0, 95.30, 95.40, 57]
[2115, 30.7, 30.0, 30.10, 30.20, 104]
[2201, 69.2, 65.3, 67.30, 66.20, 108812]
[2204, 55.9, 53.2, 54.60, 53.40, 5247]
[2206, 34.6, 33.75, 34.60, 34.20, 5574]
[2207, 638.0, 617.0, 623.00, 620.00, 1101]
[2208, 19.0, 18.5, 18.90, 18.60, 5847]
[2211, 53.2, 51.9, 52.60, 52.00, 607]
[2221, 38.65, 37.3, 38.35, 37.50, 423]
[2227, 194.5, 192.0, 192.50, 193.50, 110]
[2228, 79.7, 75.5, 76.70, 75.50, 804]
[2230, 44.95, 37.0, 37.50, 40.20, 17420]
[2231, 144.0, 138.5, 143.00, 138.50, 1313]
[2233, 100.5, 98.9, 100.50, 99.00, 447]
[2235, 46.5, 45.5, 45.90, 46.00, 60]
[2236, 28.95, 25.9, 26.15, 28.10, 3765]
[2239, 61.6, 58.2, 60.50, 60.20, 159]
[2241, 32.0, 30.95, 31.10, 31.25, 125]
[2243, 16.5, 15.5, 16.30, 15.50, 676]
[2247, 217.0, 211.0, 212.00, 215.00, 284]
[2250, 72.9, 70.8, 72.50, 71.30, 48]
[2301, 66.1, 64.7, 65.50, 65.00, 27206]
[2302, 17.3, 15.8, 17.30, 15.85, 2141]
[2303, 45.5, 43.35, 43.60, 45.15, 337923]
[2305, 26.75, 25.35, 26.30, 25.35, 1688]
[2308, 286.5, 275.0, 275.00, 277.00, 23640]
[2312, 13.8, 13.35, 13.70, 13.35, 15106]
[2313, 45.1, 43.7, 44.75, 44.10, 60912]
[2314, 40.5, 38.65, 39.80, 38.65, 1707]
[2316, 27.6, 27.2, 27.20, 27.30, 248]
[2317, 99.8, 98.6, 99.20, 98.60, 96936]
[2321, 6.29, 5.65, 6.25, 5.92, 51]
[2323, 7.64, 7.46, 7.54, 7.46, 11564]
[2324, 23.3, 22.6, 23.15, 22.70, 37887]
[2327, 537.0, 507.0, 515.00, 520.00, 19694]
[2328, 38.7, 36.5, 38.65, 36.50, 10098]
[2329, 18.4, 18.0, 18.20, 18.00, 4801]
[2330, 488.0, 467.5, 468.00, 486.50, 127258]
[2331, 21.3, 20.8, 20.90, 20.80, 2891]
[2332, 15.65, 15.25, 15.60, 15.30, 6027]
[2337, 35.4, 34.75, 34.95, 34.95, 20148]
[2338, 91.8, 85.2, 90.70, 88.20, 53810]
[2340, 35.45, 34.8, 35.00, 35.00, 3394]
[2342, 40.5, 38.1, 38.50, 38.75, 4382]
[2344, 21.1, 20.2, 20.40, 20.85, 59619]
[2345, 258.5, 243.0, 253.00, 253.00, 14658]
[2347, 60.6, 59.0, 59.60, 59.10, 12285]
[2348, 65.6, 64.0, 65.60, 64.90, 189]
[2349, 7.98, 7.79, 7.84, 7.79, 3350]
[2351, 106.5, 97.5, 99.00, 98.10, 6968]
[2352, 28.25, 27.75, 27.95, 27.75, 8615]
[2353, 24.5, 23.9, 24.25, 24.00, 23549]
[2354, 54.0, 52.4, 52.90, 52.70, 13282]
[2355, 29.55, 29.0, 29.50, 29.10, 1624]
[2356, 26.8, 25.5, 26.25, 25.60, 28583]
[2357, 275.5, 263.5, 273.50, 265.00, 6767]
[2358, 17.0, 14.05, 14.20, 16.65, 58503]
[2359, 28.65, 26.0, 28.60, 26.05, 20751]
[2360, 197.0, 181.0, 195.50, 188.50, 5257]
[2362, 31.1, 30.65, 30.80, 30.70, 495]
[2363, 17.1, 16.65, 16.90, 16.65, 7116]
[2364, 100.5, 92.0, 98.90, 92.00, 1724]
[2365, 10.3, 10.0, 10.30, 10.10, 631]
[2367, 18.45, 17.7, 18.20, 17.70, 19693]
[2368, 93.7, 88.1, 88.20, 88.60, 32233]
[2369, 13.55, 13.25, 13.50, 13.35, 2180]
[2371, 34.0, 33.6, 33.95, 33.65, 11293]
[2373, 79.2, 77.5, 77.80, 77.90, 214]
[2374, 20.95, 20.3, 20.55, 20.30, 1567]
[2375, 59.8, 57.1, 58.10, 58.60, 2145]
[2376, 115.0, 112.0, 113.50, 114.00, 21526]
[2377, 127.0, 124.5, 125.00, 125.50, 6882]
[2379, 327.0, 310.0, 315.50, 323.00, 15070]
[2380, 10.7, 10.35, 10.60, 10.40, 3591]
[2382, 74.4, 72.3, 72.60, 73.50, 23855]
[2383, 188.0, 179.5, 179.50, 184.00, 6038]
[2385, 87.9, 85.8, 87.20, 86.10, 4871]
[2387, 38.95, 37.95, 38.60, 38.10, 1430]
[2388, 71.6, 68.0, 71.40, 68.10, 27548]
[2390, 12.7, 12.05, 12.25, 12.15, 4026]
[2392, 37.7, 37.1, 37.30, 37.35, 2445]
[2393, 37.8, 37.05, 37.60, 37.10, 1976]
[2395, 349.0, 326.0, 345.00, 329.00, 3122]
[2397, 62.0, 60.3, 62.00, 60.70, 274]
[2399, 14.3, 13.65, 13.95, 13.65, 3614]
[2401, 23.85, 23.0, 23.30, 23.00, 6280]
[2402, 18.05, 17.55, 17.80, 17.60, 6706]
[2404, 201.0, 185.0, 185.00, 199.00, 7713]
[2405, 12.35, 11.7, 11.90, 11.95, 4304]
[2406, 19.3, 18.6, 19.20, 18.60, 2966]
[2408, 57.5, 55.4, 55.60, 56.20, 36896]
[2409, 16.25, 15.8, 16.05, 15.95, 108559]
[2412, 115.0, 113.0, 114.50, 113.50, 33289]
[2413, 28.45, 26.0, 26.30, 26.40, 13324]
[2414, 31.15, 30.35, 30.60, 31.10, 257]
[2415, 22.5, 20.4, 20.70, 21.85, 576]
[2417, 23.1, 22.15, 22.70, 22.30, 957]
[2419, 26.85, 25.5, 26.15, 25.50, 19198]
[2420, 40.15, 39.5, 39.50, 39.60, 349]
[2421, 44.1, 41.35, 43.40, 41.35, 6395]
[2423, 28.45, 27.7, 27.90, 27.70, 685]
[2424, 20.8, 19.65, 19.65, 20.05, 106]
[2425, 31.25, 28.9, 30.50, 29.40, 5121]
[2426, 17.75, 17.05, 17.20, 17.10, 2031]
[2427, 12.2, 11.9, 12.10, 12.00, 686]
[2428, 144.5, 127.5, 128.50, 142.50, 13079]
[2429, 10.25, 9.85, 10.05, 9.90, 93]
[2430, 44.8, 43.75, 44.70, 44.35, 387]
[2431, 10.2, 9.9, 10.00, 9.94, 1814]
[2433, 48.65, 48.1, 48.10, 48.65, 50]
[2434, 29.55, 27.5, 28.70, 27.60, 176]
[2436, 46.9, 43.6, 44.10, 45.80, 11087]
[2438, 14.45, 13.95, 14.45, 14.05, 151]
[2439, 80.9, 79.1, 79.20, 79.70, 1551]
[2440, 12.15, 11.6, 12.00, 11.80, 370]
[2441, 49.5, 48.6, 48.70, 49.10, 4221]
[2442, 13.5, 12.9, 13.50, 12.95, 1776]
[2443, 2.94, 2.76, 2.94, 2.80, 239]
[2444, 17.95, 16.5, 16.90, 17.80, 12019]
[2449, 37.65, 36.9, 37.05, 37.10, 11486]
[2450, 31.9, 31.1, 31.15, 31.85, 394]
[2451, 67.5, 66.8, 67.30, 67.30, 931]
[2453, 26.25, 25.5, 25.70, 25.80, 265]
[2454, 720.0, 665.0, 671.00, 715.00, 29327]
[2455, 82.0, 75.1, 76.00, 78.70, 33556]
[2457, 40.7, 38.7, 40.60, 38.70, 9331]
[2458, 96.5, 92.7, 95.10, 92.80, 10040]
[2459, 52.9, 51.6, 51.60, 52.20, 240]
[2460, 17.65, 16.75, 17.25, 16.90, 868]
[2461, 18.75, 18.45, 18.70, 18.50, 514]
[2462, 28.0, 27.4, 27.95, 27.50, 631]
[2464, 38.75, 38.05, 38.30, 38.60, 615]
[2465, 42.7, 39.85, 41.35, 40.05, 11794]
[2466, 34.1, 33.2, 33.25, 33.60, 289]
[2467, 44.35, 43.4, 43.65, 43.90, 274]
[2468, 30.1, 25.05, 25.25, 28.80, 30925]
[2471, 28.8, 27.6, 28.55, 28.05, 861]
[2472, 58.4, 56.0, 58.40, 56.10, 1474]
[2474, 177.5, 173.0, 173.50, 173.50, 6784]
[2476, 47.2, 45.95, 46.30, 46.60, 1352]
[2477, 20.7, 19.95, 19.95, 20.50, 347]
[2478, 44.55, 43.4, 44.25, 43.40, 239]
[2480, 86.0, 83.5, 84.30, 83.70, 901]
[2481, 64.2, 61.0, 61.60, 62.00, 12052]
[2482, 28.5, 26.05, 27.65, 26.05, 20596]
[2483, 24.6, 24.15, 24.35, 24.40, 588]
[2484, 34.65, 33.7, 34.45, 33.75, 2285]
[2485, 17.5, 17.15, 17.35, 17.25, 1972]
[2486, 23.7, 21.8, 22.80, 21.85, 10541]
[2488, 29.2, 28.65, 29.00, 28.75, 609]
[2489, 10.05, 9.91, 10.05, 9.91, 2708]
[2491, 11.75, 11.2, 11.60, 11.35, 757]
[2492, 86.9, 83.5, 83.70, 85.80, 7256]
[2493, 46.4, 43.85, 43.85, 46.15, 1516]
[2495, 19.5, 16.65, 18.95, 16.90, 19993]
[2496, 47.65, 47.2, 47.45, 47.40, 36]
[2497, 74.2, 70.9, 73.70, 71.00, 4737]
[2498, 60.5, 58.6, 59.70, 59.50, 75545]
[2501, 16.45, 16.0, 16.15, 16.30, 3253]
[2504, 25.7, 25.2, 25.65, 25.30, 3764]
[2505, 18.1, 17.85, 17.90, 18.05, 675]
[2506, 9.29, 9.09, 9.25, 9.09, 1075]
[2509, 14.75, 14.5, 14.60, 14.55, 134]
[2511, 11.45, 10.8, 10.85, 11.35, 8232]
[2514, 16.95, 16.75, 16.95, 16.85, 340]
[2515, 8.36, 8.18, 8.22, 8.30, 9646]
[2516, 5.23, 4.8, 5.00, 4.96, 1729]
[2520, 29.95, 28.9, 29.75, 29.20, 2372]
[2524, 35.45, 32.55, 32.65, 33.65, 245]
[2527, 21.15, 20.65, 20.75, 20.80, 306]
[2528, 16.15, 15.85, 16.00, 16.10, 731]
[2530, 17.65, 17.15, 17.50, 17.20, 2635]
[2534, 23.15, 22.8, 23.00, 23.10, 2460]
[2535, 30.15, 29.9, 30.10, 30.00, 635]
[2536, 22.55, 22.4, 22.55, 22.45, 223]
[2537, 7.19, 7.0, 7.15, 7.00, 2595]
[2538, 13.15, 12.45, 13.10, 12.55, 2557]
[2539, 32.45, 32.0, 32.10, 32.30, 773]
[2540, 72.1, 70.5, 71.60, 72.10, 794]
[2542, 40.9, 40.3, 40.55, 40.70, 8724]
[2543, 9.35, 8.96, 9.30, 8.96, 524]
[2545, 40.6, 40.05, 40.30, 40.40, 572]
[2546, 54.4, 52.0, 53.00, 53.90, 758]
[2547, 9.13, 9.04, 9.09, 9.05, 1289]
[2548, 89.3, 88.1, 89.10, 88.50, 1158]
[2596, 18.05, 17.5, 17.95, 17.80, 139]
[2597, 126.5, 121.5, 124.00, 121.50, 398]
[2601, 8.78, 8.53, 8.64, 8.56, 4980]
[2603, 160.0, 152.5, 158.00, 152.50, 87405]
[2605, 19.6, 18.85, 19.20, 19.45, 6649]
[2606, 49.1, 46.1, 46.80, 49.05, 16985]
[2607, 28.0, 26.85, 27.75, 26.90, 11365]
[2608, 39.5, 38.5, 39.30, 38.50, 1261]
[2609, 64.3, 62.0, 63.80, 62.00, 101413]
[2610, 19.55, 18.9, 19.25, 19.05, 133689]
[2611, 13.75, 13.3, 13.60, 13.35, 1864]
[2612, 39.6, 37.5, 38.25, 38.00, 3104]
[2613, 22.05, 21.4, 22.00, 21.40, 1087]
[2614, 24.2, 23.35, 23.90, 23.50, 16756]
[2615, 78.6, 73.9, 77.70, 74.10, 62869]
[2616, 31.8, 30.7, 31.80, 31.05, 1296]
[2617, 26.45, 25.7, 26.00, 26.05, 3631]
[2618, 29.15, 28.15, 28.45, 28.35, 128654]
[2630, 16.7, 16.55, 16.65, 16.70, 151]
[2633, 29.35, 28.6, 29.30, 28.65, 15473]
[2634, 35.6, 34.8, 35.25, 34.85, 19915]
[2636, 67.3, 64.0, 66.80, 64.10, 4087]
[2637, 61.5, 59.2, 60.20, 59.20, 15555]
[2640, 90.5, 88.3, 89.30, 88.40, 143]
[2641, 18.25, 17.8, 18.15, 17.85, 5695]
[2642, 53.0, 49.9, 53.00, 49.90, 2059]
[2643, 68.4, 67.2, 67.70, 67.80, 153]
[2701, 12.2, 12.05, 12.15, 12.10, 523]
[2702, 23.2, 22.65, 22.75, 22.90, 1460]
[2704, 33.15, 32.25, 32.60, 32.25, 787]
[2705, 16.95, 16.75, 16.90, 16.80, 410]
[2706, 14.25, 14.05, 14.15, 14.10, 404]
[2707, 248.0, 235.0, 235.50, 245.50, 5621]
[2712, 32.4, 31.85, 31.90, 32.40, 17]
[2718, 33.85, 33.0, 33.50, 33.00, 29]
[2719, 32.5, 30.2, 31.50, 30.20, 42]
[2722, 32.7, 32.05, 32.35, 32.50, 134]
[2723, 147.0, 136.5, 140.50, 147.00, 8081]
[2724, NaN, NaN, NaN, NaN, 0]
[2726, 24.2, 22.45, 22.70, 23.20, 243]
[2727, 172.0, 165.0, 168.00, 169.00, 4033]
[2729, 215.0, 211.5, 213.00, 211.50, 270]
[2731, 109.0, 103.0, 106.00, 107.50, 4806]
[2732, 145.5, 123.5, 126.00, 144.00, 11736]
[2734, 27.3, 26.5, 27.05, 27.05, 528]
[2736, 22.75, 22.0, 22.15, 22.25, 2300]
[2739, 31.2, 30.1, 30.10, 30.85, 293]
[2740, 49.95, 49.0, 49.00, 49.95, 2]
[2743, 61.2, 59.3, 60.80, 59.30, 2543]
[2745, 40.25, 39.1, 40.00, 39.20, 230]
[2748, 65.2, 61.9, 63.00, 62.20, 12244]
[2752, 212.0, 194.0, 200.00, 211.00, 195]
[2753, 235.5, 218.0, 224.00, 229.50, 6374]
[2754, 150.0, 138.0, 139.50, 146.00, 3486]
[2755, 86.0, 82.7, 82.70, 85.10, 93]
[2756, 113.5, 103.5, 110.00, 112.50, 178]
[2801, 17.55, 17.35, 17.45, 17.45, 26272]
[2809, 34.6, 33.9, 34.10, 34.25, 4829]
[2812, 13.25, 12.9, 12.95, 13.05, 25849]
[2816, 16.2, 15.7, 16.20, 16.05, 139]
[2820, 15.05, 14.65, 14.70, 15.05, 1842]
[2832, 20.65, 20.55, 20.55, 20.65, 542]
[2834, 13.5, 13.0, 13.05, 13.30, 130059]
[2836, 12.75, 12.45, 12.60, 12.70, 2620]
[2838, 16.1, 15.85, 15.90, 16.10, 2374]
[2845, 11.65, 11.25, 11.25, 11.50, 27913]
[2849, 14.95, 14.7, 14.80, 14.90, 251]
[2850, 50.5, 49.5, 49.50, 50.30, 770]
[2851, 17.3, 17.0, 17.10, 17.25, 16178]
[2852, 16.2, 15.95, 15.95, 16.15, 1341]
[2855, 16.3, 15.9, 15.95, 16.10, 2889]
[2867, 5.58, 5.46, 5.51, 5.47, 23638]
[2880, 23.5, 22.8, 22.95, 22.85, 62881]
[2881, 59.6, 58.0, 59.00, 58.90, 53940]
[2882, 42.0, 41.15, 41.15, 41.70, 108414]
[2883, 13.1, 12.9, 13.00, 12.95, 97188]
[2884, 24.6, 24.05, 24.20, 24.05, 98212]
[2885, 22.65, 22.05, 22.15, 22.55, 64013]
[2886, 31.75, 31.2, 31.45, 31.45, 54531]
[2887, 15.75, 15.4, 15.45, 15.55, 57500]
[2888, 8.97, 8.79, 8.95, 8.82, 123780]
[2889, 12.0, 11.55, 11.60, 11.90, 28359]
[2890, 17.6, 17.0, 17.15, 17.25, 71609]
[2891, 23.25, 22.7, 22.90, 22.90, 111155]
[2892, 27.15, 26.35, 26.80, 26.45, 83845]
[2897, 9.31, 8.44, 8.45, 9.17, 41448]
[2901, 23.8, 23.6, 23.80, 23.75, 27]
[2903, 21.75, 21.2, 21.60, 21.45, 2673]
[2904, 20.0, 19.8, 19.80, 20.00, 113]
[2905, 15.65, 15.3, 15.40, 15.35, 567]
[2906, 18.6, 17.7, 18.50, 17.90, 2149]
[2908, 19.95, 19.65, 19.80, 19.80, 548]
[2910, 30.7, 29.65, 29.65, 29.95, 65]
[2911, 7.09, 6.97, 7.06, 6.98, 712]
[2912, 277.0, 269.0, 273.50, 270.00, 6339]
[2913, 21.55, 21.25, 21.55, 21.40, 1976]
[2915, 64.8, 63.4, 63.60, 64.40, 8704]
[2916, 29.25, 24.8, 24.85, 28.40, 6214]
[2923, 22.1, 21.1, 21.40, 21.55, 73]
[2924, 41.5, 36.75, 38.45, 39.10, 78]
[2926, 60.9, 59.0, 59.70, 60.00, 58]
[2929, 17.8, 16.2, 17.60, 16.35, 13069]
[2937, 36.45, 36.0, 36.20, 36.40, 122]
[2939, 31.45, 30.2, 31.45, 30.50, 174]
[2945, 43.95, 43.6, 43.65, 43.60, 8]
[2947, 96.0, 92.1, 92.10, 93.00, 38]
[3002, 11.65, 11.15, 11.25, 11.50, 466]
[3003, 72.2, 68.7, 71.80, 68.70, 1503]
[3004, 81.9, 75.0, 81.40, 75.60, 2649]
[3005, 44.85, 44.25, 44.55, 44.35, 2593]
[3006, 74.3, 71.3, 72.40, 72.20, 18872]
[3008, 2245.0, 2150.0, 2,200.00, 2,160.00, 2266]
[3010, 86.3, 84.5, 84.50, 86.30, 765]
[3011, 18.15, 17.1, 17.90, 17.30, 2172]
[3013, 18.75, 17.5, 18.30, 17.80, 8689]
[3014, 76.4, 74.1, 75.80, 76.00, 3731]
[3015, 38.75, 38.2, 38.65, 38.35, 232]
[3016, 75.4, 73.0, 73.90, 73.10, 2070]
[3017, 111.0, 108.0, 108.50, 109.50, 8299]
[3019, 63.9, 62.5, 63.20, 62.60, 2060]
[3021, 20.9, 20.05, 20.40, 20.25, 302]
[3022, 74.8, 69.2, 74.10, 71.00, 6330]
[3023, 289.5, 272.0, 276.50, 286.50, 2420]
[3024, 13.6, 13.3, 13.45, 13.30, 1610]
[3025, 20.9, 20.0, 20.70, 20.00, 1616]
[3026, 91.4, 90.3, 91.00, 90.70, 606]
[3027, 38.35, 36.1, 37.00, 36.15, 37912]
[3028, 30.2, 29.2, 29.45, 30.00, 1499]
[3029, 41.7, 40.8, 40.90, 41.20, 981]
[3030, 63.3, 62.6, 62.90, 63.20, 1048]
[3031, 15.6, 15.25, 15.60, 15.30, 281]
[3032, 30.35, 29.8, 30.30, 29.95, 154]
[3033, 26.95, 26.4, 26.45, 26.85, 2682]
[3034, 357.5, 340.0, 357.00, 344.50, 32711]
[3035, 161.5, 154.0, 155.50, 160.00, 43655]
[3036, 64.0, 61.2, 61.80, 63.10, 3922]
[3037, 129.0, 124.0, 125.00, 125.00, 79020]
[3038, 20.55, 20.25, 20.55, 20.25, 2036]
[3040, 30.05, 29.45, 30.05, 29.70, 36]
[3041, 21.5, 20.5, 20.95, 20.50, 2630]
[3042, 86.1, 82.5, 83.20, 84.60, 5773]
[3043, 27.45, 25.8, 26.50, 26.00, 146]
[3044, 102.5, 97.4, 98.00, 98.00, 5638]
[3045, 98.5, 94.2, 97.00, 94.70, 16188]
[3046, 47.85, 44.65, 47.80, 44.80, 2442]
[3047, 16.5, 15.7, 16.45, 15.75, 9404]
[3048, 27.15, 26.9, 27.15, 27.10, 985]
[3049, 9.28, 9.16, 9.23, 9.19, 2827]
[3050, 17.35, 16.9, 16.90, 17.15, 1240]
[3051, 18.0, 17.25, 17.85, 17.30, 1523]
[3052, 10.5, 10.3, 10.40, 10.40, 457]
[3054, 19.35, 18.85, 18.85, 19.30, 32]
[3055, 24.1, 23.6, 24.00, 24.10, 407]
[3056, 32.15, 30.6, 32.10, 30.65, 2338]
[3057, 10.05, 9.98, 9.99, 10.05, 152]
[3058, 9.97, 9.8, 9.85, 9.80, 454]
[3059, 34.15, 32.05, 34.15, 32.05, 5205]
[3060, 16.55, 16.3, 16.50, 16.45, 501]
[3062, 24.2, 23.35, 24.10, 23.35, 7803]
[3064, 14.5, 12.25, 13.30, 14.35, 210]
[3066, 25.8, 24.0, 24.80, 24.20, 384]
[3067, 36.3, 35.2, 35.25, 36.30, 5]
[3071, 25.1, 24.55, 25.00, 24.70, 434]
[3073, 33.6, 29.05, 29.95, 32.85, 34]
[3078, 29.15, 28.6, 28.60, 28.85, 957]
[3081, 119.0, 108.5, 109.50, 116.00, 9303]
[3083, 51.0, 48.35, 50.10, 48.40, 5031]
[3085, 10.5, 9.7, 9.75, 10.50, 78]
[3086, 82.9, 80.0, 82.00, 81.00, 105]
[3088, 62.4, 58.3, 59.80, 60.80, 2374]
[3089, 67.7, 65.1, 67.70, 66.20, 138]
[3090, 53.9, 53.2, 53.70, 53.40, 954]
[3092, 35.75, 34.8, 35.15, 34.90, 960]
[3093, 29.5, 27.0, 27.30, 28.00, 4573]
[3094, 26.5, 25.05, 26.30, 25.05, 1781]
[3095, 37.4, 34.8, 35.60, 35.20, 27]
[3105, 186.5, 158.0, 160.50, 183.50, 59017]
[3114, 25.9, 25.25, 25.90, 25.40, 219]
[3115, 12.3, 10.9, 12.20, 11.40, 43]
[3118, 28.2, 27.4, 27.65, 27.60, 104]
[3122, 26.8, 25.35, 26.80, 25.40, 546]
[3128, 45.0, 40.0, 41.45, 40.00, 21074]
[3130, 213.0, 203.5, 207.00, 204.50, 85]
[3131, 243.5, 231.0, 238.50, 232.50, 465]
[3138, 142.0, 135.5, 139.00, 135.50, 1073]
[3141, 94.9, 89.0, 90.50, 89.60, 35661]
[3147, 52.9, 51.4, 52.70, 51.80, 303]
[3149, 18.8, 18.25, 18.30, 18.35, 1415]
[3152, 193.5, 182.0, 182.00, 188.50, 270]
[3162, 49.3, 47.3, 48.35, 47.80, 7866]
[3163, 55.5, 51.3, 51.50, 53.20, 13241]
[3164, 23.6, 23.0, 23.50, 23.00, 189]
[3167, 42.2, 40.9, 41.20, 42.00, 99]
[3169, 109.0, 103.0, 104.00, 104.50, 2174]
[3171, 16.45, 16.2, 16.35, 16.40, 62]
[3176, 32.8, 31.8, 32.50, 31.80, 467]
[3178, 70.0, 64.4, 64.40, 67.40, 1122]
[3188, 12.3, 12.0, 12.20, 12.05, 856]
[3189, 108.5, 105.5, 108.00, 106.00, 21736]
[3191, 7.1, 6.85, 7.00, 6.99, 137]
[3202, 14.75, 14.3, 14.55, 14.40, 466]
[3205, 40.0, 38.35, 39.95, 38.35, 438]
[3206, 29.7, 28.9, 29.60, 29.20, 655]
[3207, 51.9, 48.6, 49.15, 50.80, 6735]
[3209, 38.0, 37.4, 37.50, 37.75, 3333]
[3211, 76.2, 74.2, 74.70, 75.30, 699]
[3213, 44.9, 44.15, 44.60, 44.55, 81]
[3217, 87.5, 80.0, 80.00, 81.00, 1485]
[3218, 311.0, 294.5, 310.00, 304.50, 2314]
[3219, 55.7, 52.2, 54.80, 53.80, 217]
[3221, 26.85, 26.15, 26.15, 26.15, 1352]
[3224, 41.75, 39.7, 40.05, 40.30, 527]
[3226, 57.0, 56.2, 57.00, 56.20, 2]
[3227, 101.5, 98.0, 101.50, 98.20, 779]
[3228, 191.0, 172.5, 176.00, 180.50, 13353]
[3229, 19.95, 19.4, 19.45, 19.50, 49]
[3230, 12.95, 12.2, 12.95, 12.50, 524]
[3231, 30.3, 29.65, 29.70, 30.10, 43654]
[3232, 31.9, 30.2, 31.90, 30.20, 469]
[3234, 24.1, 21.5, 21.65, 21.50, 4289]
[3236, 24.0, 23.05, 23.55, 23.05, 932]
[3252, 20.25, 18.15, 19.95, 18.35, 1506]
[3257, 43.7, 42.5, 42.80, 42.60, 161]
[3259, 19.1, 18.0, 18.80, 18.45, 495]
[3260, 64.0, 60.9, 62.50, 61.60, 7004]
[3264, 51.8, 50.2, 51.00, 50.40, 6899]
[3265, 48.7, 46.9, 47.65, 48.10, 6033]
[3266, 11.95, 11.8, 11.90, 11.80, 253]
[3268, 22.9, 21.85, 22.90, 22.15, 195]
[3272, 47.3, 41.9, 46.90, 42.10, 8211]
[3276, 12.5, 12.05, 12.35, 12.05, 166]
[3284, 15.3, 14.25, 15.10, 14.45, 633]
[3285, 19.9, 18.45, 18.70, 18.80, 344]
[3287, 13.65, 13.25, 13.40, 13.45, 234]
[3288, 23.7, 22.1, 23.25, 23.05, 42]
[3289, 79.5, 75.0, 75.00, 76.60, 14414]
[3290, 22.55, 20.7, 22.30, 21.80, 2084]
[3293, 498.0, 455.5, 457.50, 474.00, 13996]
[3294, 17.55, 16.8, 17.00, 17.00, 386]
[3296, 16.6, 16.2, 16.40, 16.50, 1173]
[3297, 18.95, 17.3, 18.50, 17.35, 2036]
[3303, 25.35, 24.85, 25.15, 25.00, 337]
[3305, 42.25, 40.65, 41.00, 41.25, 1659]
[3306, 22.95, 22.15, 22.55, 22.20, 355]
[3308, 14.75, 14.2, 14.25, 14.35, 169]
[3310, 44.0, 43.0, 43.95, 43.60, 254]
[3311, 33.75, 33.05, 33.15, 33.20, 66]
[3312, 18.0, 17.35, 17.40, 17.60, 817]
[3313, 10.0, 9.89, 9.93, 9.93, 79]
[3317, 57.0, 54.3, 54.60, 54.50, 1703]
[3321, 9.08, 8.81, 9.08, 8.82, 289]
[3322, 20.7, 18.8, 19.15, 18.80, 2819]
[3323, 33.85, 33.2, 33.55, 33.20, 406]
[3324, 155.0, 150.0, 152.00, 150.50, 2005]
[3325, 12.7, 12.35, 12.45, 12.60, 169]
[3332, 42.55, 39.25, 42.25, 39.75, 205]
[3338, 33.25, 31.8, 32.10, 32.20, 642]
[3339, 12.95, 12.7, 12.70, 12.80, 339]
[3346, 37.5, 35.6, 36.00, 36.40, 4412]
[3349, 13.55, 12.95, 13.35, 13.45, 26]
[3354, 13.65, 13.2, 13.55, 13.20, 90]
[3356, 40.7, 38.05, 39.05, 38.25, 9093]
[3357, 83.2, 82.0, 82.20, 82.00, 239]
[3360, 13.4, 13.2, 13.35, 13.30, 192]
[3362, 72.7, 69.1, 72.70, 69.10, 2972]
[3363, 23.55, 23.05, 23.50, 23.20, 458]
[3372, 11.45, 11.1, 11.20, 11.15, 819]
[3373, 27.0, 25.8, 26.65, 26.25, 370]
[3374, 107.0, 101.0, 104.00, 101.00, 7673]
[3376, 83.5, 81.5, 83.00, 81.70, 1018]
[3379, 12.25, 11.7, 11.95, 12.10, 333]
[3380, 30.6, 29.7, 30.20, 29.85, 6180]
[3388, 73.6, 72.6, 73.60, 73.00, 82]
[3390, 18.2, 17.7, 18.10, 17.70, 531]
[3402, 46.0, 44.6, 45.90, 44.75, 487]
[3406, 362.5, 349.0, 353.50, 349.50, 9769]
[3413, 189.5, 186.0, 188.50, 186.50, 1078]
[3416, 84.9, 83.6, 84.70, 84.30, 215]
[3419, 18.9, 17.4, 18.85, 17.45, 4539]
[3426, 37.7, 37.6, 37.60, 37.70, 5]
[3430, 45.25, 43.6, 43.80, 44.80, 452]
[3432, 19.75, 18.5, 19.55, 18.55, 830]
[3434, 27.1, 25.05, 25.35, 25.30, 854]
[3437, 17.85, 17.1, 17.35, 17.20, 618]
[3438, 56.0, 53.9, 56.00, 54.30, 1268]
[3441, 40.0, 37.95, 39.70, 37.95, 1178]
[3443, 707.0, 670.0, 670.00, 702.00, 27499]
[3444, 62.7, 60.0, 61.60, 60.50, 2191]
[3447, 42.0, 39.75, 41.05, 41.25, 1384]
[3450, 38.3, 37.05, 37.10, 37.60, 597]
[3454, 217.5, 197.5, 199.50, 199.50, 44419]
[3455, 87.8, 82.6, 83.00, 86.20, 2525]
[3465, 93.0, 82.7, 82.70, 91.50, 76]
[3466, 32.35, 30.1, 30.80, 30.65, 2751]
[3479, 88.5, 79.0, 86.80, 80.00, 22534]
[3481, 11.9, 11.55, 11.85, 11.60, 133039]
[3483, 54.6, 52.9, 54.20, 52.90, 619]
[3484, 44.9, 43.85, 44.10, 44.10, 222]
[3489, 10.25, 10.05, 10.10, 10.15, 52]
[3490, 25.0, 24.2, 25.00, 24.25, 326]
[3491, 137.0, 132.5, 134.50, 133.00, 2263]
[3492, 18.65, 18.3, 18.45, 18.60, 132]
[3494, 11.55, 10.35, 10.65, 10.50, 3677]
[3498, 40.0, 37.1, 40.00, 38.15, 2172]
[3499, 18.75, 17.95, 18.50, 17.95, 1309]
[3501, 50.2, 48.8, 49.70, 48.80, 831]
[3504, 85.4, 81.4, 85.40, 81.40, 3289]
[3508, 38.65, 36.7, 38.50, 36.90, 2766]
[3511, 33.65, 32.65, 33.45, 32.75, 479]
[3512, 28.7, 28.5, 28.65, 28.60, 114]
[3515, 159.5, 145.0, 152.00, 145.00, 10659]
[3516, 16.5, 15.8, 16.35, 16.00, 105]
[3518, 20.5, 19.8, 19.95, 20.00, 664]
[3520, 19.75, 18.4, 19.25, 18.80, 2144]
[3521, 22.15, 19.7, 22.00, 20.25, 2050]
[3522, 10.35, 10.0, 10.35, 10.35, 165]
[3523, 19.0, 18.0, 18.20, 18.20, 336]
[3526, 121.0, 117.0, 119.50, 118.50, 400]
[3527, 109.0, 104.0, 104.50, 104.50, 851]
[3528, 51.2, 50.5, 50.70, 50.90, 80]
[3529, 1525.0, 1465.0, 1,480.00, 1,465.00, 2230]
[3530, 83.6, 78.1, 80.30, 78.10, 1080]
[3531, 26.65, 26.05, 26.30, 26.30, 152]
[3532, 152.0, 146.0, 148.50, 147.00, 5203]
[3533, 839.0, 765.0, 797.00, 788.00, 4745]
[3535, 23.0, 22.1, 22.40, 22.20, 4658]
[3536, 3.84, 3.73, 3.80, 3.81, 115]
[3537, 36.5, 34.85, 34.90, 36.30, 589]
[3540, 29.0, 26.95, 28.00, 27.05, 654]
[3541, 54.7, 53.3, 54.70, 53.70, 94]
[3543, 19.6, 19.3, 19.55, 19.55, 236]
[3545, 65.0, 62.9, 64.60, 63.50, 12913]
[3546, 77.0, 74.8, 76.90, 74.80, 712]
[3548, 62.6, 60.8, 62.10, 61.00, 705]
[3550, 14.1, 13.7, 14.05, 13.80, 155]
[3551, 59.2, 57.7, 59.10, 57.80, 68]
[3552, 147.5, 139.0, 145.50, 140.00, 4588]
[3555, 29.5, 26.3, 26.30, 28.45, 23]
[3556, 56.4, 55.3, 55.60, 55.70, 214]
[3557, 53.5, 49.0, 49.10, 50.10, 775]
[3558, 216.0, 205.0, 214.00, 205.50, 8552]
[3563, 142.0, 139.0, 142.00, 140.00, 323]
[3564, 29.8, 28.85, 29.55, 28.85, 320]
[3567, 24.3, 23.8, 23.85, 24.25, 167]
[3570, 90.8, 87.9, 88.00, 89.70, 86]
[3576, 20.9, 20.35, 20.70, 20.40, 15936]
[3577, 88.4, 76.0, 88.00, 78.00, 884]
[3580, 63.0, 58.9, 63.00, 59.60, 1514]
[3581, 21.8, 21.15, 21.65, 21.40, 107]
[3583, 76.4, 73.0, 74.20, 73.00, 1751]
[3587, 172.5, 157.0, 162.00, 159.00, 9236]
[3588, 58.6, 56.2, 57.20, 56.30, 1140]
[3591, 17.05, 16.3, 16.50, 16.40, 2748]
[3592, 349.0, 335.0, 347.50, 342.00, 5450]
[3593, 13.35, 12.85, 13.05, 13.30, 87]
[3594, 30.4, 28.35, 29.80, 28.35, 9334]
[3596, 101.5, 99.1, 100.50, 100.00, 2375]
[3597, 24.3, 23.7, 23.80, 23.75, 294]
[3605, 32.65, 31.75, 32.50, 31.85, 638]
[3607, 12.15, 11.8, 11.90, 11.95, 353]
[3609, 49.6, 46.7, 49.55, 48.80, 87]
[3611, 198.0, 195.0, 196.00, 195.00, 137]
[3615, 16.9, 16.55, 16.85, 16.80, 244]
[3617, 106.0, 98.8, 100.00, 100.00, 2231]
[3622, 28.25, 27.75, 28.25, 27.75, 545]
[3623, 16.0, 15.55, 15.75, 15.55, 41]
[3624, 44.35, 39.7, 40.40, 42.75, 12528]
[3625, 12.95, 12.45, 12.95, 12.45, 674]
[3628, 44.35, 40.3, 44.05, 40.35, 553]
[3629, 39.75, 37.6, 38.80, 39.20, 5]
[3630, 29.8, 28.5, 29.20, 28.50, 584]
[3631, 40.3, 37.15, 39.60, 37.60, 109]
[3632, 10.85, 10.15, 10.65, 10.70, 85]
[3645, 32.5, 31.65, 32.50, 31.70, 658]
[3646, 23.45, 23.0, 23.30, 23.35, 70]
[3652, 23.4, 22.4, 22.55, 22.95, 337]
[3653, 392.0, 372.0, 374.00, 377.00, 3589]
[3661, 873.0, 822.0, 859.00, 839.00, 15442]
[3663, 28.8, 28.05, 28.30, 28.15, 173]
[3664, 12.75, 11.8, 12.00, 12.45, 753]
[3665, 251.0, 241.5, 248.50, 250.00, 7398]
[3666, 19.75, 18.65, 19.05, 18.80, 252]
[3669, 47.85, 45.5, 47.55, 45.70, 903]
[3672, 28.8, 26.0, 28.80, 26.40, 29]
[3673, 30.25, 29.95, 30.20, 29.95, 2474]
[3675, 183.5, 169.5, 172.00, 178.50, 5165]
[3679, 96.5, 92.5, 96.20, 93.80, 221]
[3680, 284.0, 263.5, 283.50, 279.50, 12149]
[3682, 6.19, 5.96, 6.07, 6.00, 9288]
[3684, 54.9, 53.0, 54.00, 53.60, 178]
[3685, 23.55, 19.9, 20.00, 19.90, 3354]
[3686, 16.3, 15.15, 15.85, 15.20, 1867]
[3687, 97.0, 91.6, 94.00, 96.50, 4911]
[3689, 32.75, 32.2, 32.45, 32.55, 471]
[3691, 104.0, 100.0, 102.50, 100.00, 540]
[3693, 112.5, 101.0, 105.50, 110.00, 12800]
[3694, 20.65, 19.6, 20.50, 19.60, 271]
[3701, 42.0, 38.35, 39.50, 39.55, 2787]
[3702, 48.3, 47.1, 47.90, 47.10, 13344]
[3703, 29.2, 28.7, 29.00, 28.95, 4475]
[3704, 39.0, 35.9, 37.35, 36.80, 66874]
[3705, 44.8, 42.1, 44.55, 42.10, 6751]
[3706, 30.35, 29.6, 29.70, 30.15, 7626]
[3707, 92.6, 89.2, 90.00, 89.20, 12276]
[3708, 105.0, 94.5, 94.50, 103.00, 16682]
[3709, 23.05, 22.6, 23.05, 23.00, 101]
[3710, 11.5, 11.0, 11.40, 11.05, 4090]
[3711, 102.0, 98.5, 99.40, 101.00, 54260]
[3712, 28.95, 27.9, 28.90, 28.00, 2229]
[3713, 31.6, 29.05, 30.70, 29.25, 722]
[3714, 51.0, 46.55, 46.60, 49.30, 30258]
[3715, 17.75, 16.5, 16.50, 16.90, 6053]
[4102, 32.0, 29.05, 31.75, 29.30, 8945]
[4104, 69.3, 67.8, 68.00, 68.60, 1536]
[4105, 81.4, 78.5, 81.30, 78.50, 5684]
[4106, 29.75, 28.35, 28.50, 28.85, 6019]
[4107, 113.5, 110.5, 111.00, 111.50, 358]
[4108, 19.4, 18.5, 19.40, 18.55, 614]
[4109, 14.7, 14.2, 14.55, 14.30, 304]
[4111, 27.25, 26.5, 27.00, 26.55, 1442]
[4113, 11.4, 10.45, 11.25, 10.50, 8423]
[4114, 46.35, 43.15, 45.70, 43.55, 67521]
[4116, 64.4, 62.4, 63.90, 63.20, 1017]
[4119, 96.2, 94.6, 95.70, 95.90, 831]
[4120, 36.3, 35.3, 36.30, 35.40, 150]
[4121, 24.75, 23.2, 23.50, 23.35, 5987]
[4123, 46.7, 45.1, 46.40, 45.30, 2806]
[4126, 73.6, 72.5, 73.50, 72.90, 485]
[4127, 14.65, 14.1, 14.65, 14.25, 615]
[4128, 63.6, 59.5, 62.20, 59.80, 16576]
[4129, 47.25, 44.55, 46.30, 44.60, 3466]
[4130, 29.45, 27.5, 29.20, 27.50, 9552]
[4131, 21.1, 20.15, 20.15, 20.50, 13]
[4133, 39.05, 37.3, 39.05, 37.45, 2231]
[4137, 205.0, 197.5, 203.50, 198.50, 722]
[4138, 64.7, 62.7, 62.70, 63.80, 178]
[4139, 42.05, 40.3, 41.65, 40.35, 179]
[4142, 35.95, 35.1, 35.20, 35.25, 2677]
[4147, 68.5, 64.8, 68.50, 64.90, 2415]
[4148, 58.3, 54.4, 55.60, 56.30, 922]
[4153, 38.5, 35.0, 38.15, 35.00, 1409]
[4154, 42.0, 38.0, 38.50, 41.80, 27]
[4155, 28.3, 26.6, 27.75, 27.50, 6943]
[4157, 15.55, 14.95, 15.40, 14.95, 4359]
[4160, 27.1, 26.45, 26.80, 26.80, 98]
[4161, 27.7, 26.05, 27.40, 26.60, 701]
[4162, 130.5, 116.0, 127.00, 116.00, 24498]
[4163, 111.5, 107.0, 110.50, 107.00, 1281]
[4164, 45.75, 44.15, 44.60, 44.85, 1523]
[4167, 22.75, 21.15, 22.35, 21.20, 34783]
[4168, 30.8, 29.6, 30.75, 29.85, 2469]
[4171, 65.5, 58.8, 65.00, 58.80, 7308]
[4173, 18.85, 18.1, 18.70, 18.15, 973]
[4174, 70.9, 68.2, 70.90, 68.30, 1209]
[4175, 79.3, 76.2, 76.20, 77.80, 1286]
[4183, 18.65, 18.0, 18.45, 18.65, 15]
[4188, 16.35, 15.8, 15.95, 15.85, 130]
[4190, 76.4, 71.3, 75.30, 71.90, 947]
[4192, 25.5, 22.7, 25.50, 24.30, 169]
[4198, 26.4, 25.25, 26.30, 26.40, 6]
[4205, 102.0, 100.0, 100.00, 102.00, 30]
[4207, 13.25, 12.9, 13.10, 13.15, 508]
[4303, 15.55, 15.1, 15.40, 15.20, 248]
[4304, 10.4, 9.41, 9.58, 9.65, 346]
[4305, 30.3, 30.0, 30.00, 30.10, 18]
[4306, 14.65, 14.4, 14.50, 14.50, 1693]
[4401, 26.75, 26.25, 26.70, 26.30, 82]
[4402, 10.9, 10.35, 10.65, 10.35, 538]
[4406, 10.3, 10.15, 10.25, 10.15, 97]
[4413, 16.45, 15.85, 16.30, 16.10, 122]
[4416, 79.8, 78.8, 79.80, 79.10, 8]
[4417, 39.5, 36.6, 38.90, 37.45, 1370]
[4419, 10.3, 10.0, 10.00, 10.30, 11]
[4420, 30.3, 29.65, 30.15, 29.70, 22]
[4426, 28.4, 26.4, 26.55, 27.85, 2517]
[4430, 22.45, 21.5, 21.80, 21.95, 70]
[4432, 27.5, 24.9, 27.50, 24.90, 1315]
[4433, 30.1, 29.75, 30.05, 29.85, 110]
[4438, 124.5, 120.5, 121.00, 122.50, 777]
[4439, 100.0, 99.5, 100.00, 99.50, 20]
[4440, 32.05, 31.6, 32.00, 31.60, 184]
[4502, 37.45, 36.6, 37.00, 37.15, 28]
[4503, 39.5, 36.25, 38.90, 36.30, 1065]
[4506, 70.5, 69.4, 70.50, 69.70, 156]
[4510, 10.3, 10.1, 10.20, 10.10, 175]
[4513, 21.2, 20.4, 21.05, 20.45, 1043]
[4523, 42.15, 39.4, 40.05, 39.65, 605]
[4526, 14.1, 13.9, 14.00, 13.95, 320]
[4527, 28.9, 27.9, 28.90, 28.35, 325]
[4528, 32.25, 31.6, 31.90, 32.00, 84]
[4529, 9.04, 8.78, 8.88, 8.87, 118]
[4530, 7.3, 7.0, 7.30, 7.14, 61]
[4532, 16.55, 16.35, 16.50, 16.40, 710]
[4533, 10.7, 10.45, 10.50, 10.65, 406]
[4534, 9.0, 8.77, 8.99, 8.84, 191]
[4535, 38.6, 38.25, 38.25, 38.40, 21]
[4536, 189.5, 169.5, 189.50, 171.50, 3698]
[4538, 18.6, 18.15, 18.15, 18.60, 13]
[4540, 37.4, 36.4, 36.45, 37.05, 233]
[4541, 30.55, 29.0, 29.70, 29.15, 1581]
[4542, 26.2, 25.3, 26.15, 25.90, 22]
[4543, 23.7, 22.8, 23.60, 22.80, 571]
[4545, 31.4, 30.4, 31.30, 30.50, 264]
[4549, 85.0, 83.6, 84.70, 84.20, 187]
[4550, 24.1, 23.3, 23.50, 23.80, 150]
[4551, 147.5, 143.5, 145.50, 144.50, 926]
[4552, 31.5, 29.6, 29.65, 30.70, 719]
[4554, 24.35, 23.85, 24.30, 23.90, 48]
[4555, 50.4, 49.5, 49.50, 50.00, 28]
[4556, 30.7, 30.1, 30.10, 30.70, 5]
[4557, 99.2, 94.9, 99.20, 95.60, 427]
[4558, 23.85, 23.0, 23.85, 23.20, 34]
[4560, 38.75, 38.25, 38.65, 38.65, 141]
[4561, 22.2, 21.5, 22.00, 21.60, 101]
[4562, 15.15, 14.85, 15.10, 14.95, 162]
[4563, 40.8, 39.1, 40.50, 39.70, 1145]
[4564, 24.55, 24.0, 24.20, 24.25, 625]
[4566, 54.9, 50.9, 54.00, 51.10, 2920]
[4568, 59.9, 59.2, 59.50, 59.50, 14]
[4571, 72.3, 69.1, 70.40, 69.60, 83]
[4572, 128.5, 122.5, 128.50, 123.00, 536]
[4576, 72.0, 70.0, 70.00, 70.10, 212]
[4577, 31.15, 29.85, 30.40, 30.20, 76]
[4580, 81.4, 80.2, 80.40, 80.80, 71]
[4581, 34.6, 33.3, 34.55, 34.25, 43]
[4583, 205.0, 184.0, 184.50, 197.00, 177]
[4584, 45.9, 45.0, 45.00, 45.90, 100]
[4609, 8.03, 7.58, 8.03, 8.00, 9]
[4702, 12.5, 12.25, 12.40, 12.25, 180]
[4706, 17.25, 17.0, 17.05, 17.00, 37]
[4707, 12.15, 11.9, 12.00, 11.95, 1270]
[4711, 15.0, 14.65, 15.00, 14.90, 69]
[4712, 5.34, 4.9, 5.05, 5.18, 181]
[4714, 10.45, 10.35, 10.45, 10.35, 265]
[4716, 12.35, 12.1, 12.30, 12.20, 499]
[4720, 14.1, 13.85, 14.00, 13.85, 312]
[4721, 102.0, 99.6, 100.50, 100.00, 1206]
[4722, 33.8, 33.45, 33.80, 33.55, 145]
[4726, 37.25, 35.95, 37.00, 36.10, 1696]
[4728, 138.0, 132.0, 137.00, 134.00, 159]
[4729, 15.25, 14.8, 14.95, 14.90, 84]
[4735, 39.1, 38.4, 39.10, 38.75, 124]
[4736, 183.0, 176.5, 182.00, 177.00, 2328]
[4737, 78.4, 75.8, 77.50, 76.80, 103]
[4739, 96.0, 93.5, 93.90, 94.00, 1648]
[4741, 26.3, 25.85, 26.25, 25.90, 58]
[4743, 247.5, 226.0, 245.50, 226.50, 30115]
[4744, 25.85, 25.2, 25.20, 25.60, 507]
[4745, 25.0, 24.4, 24.65, 24.50, 60]
[4746, 67.8, 62.6, 67.00, 62.80, 9980]
[4747, 49.1, 43.5, 49.10, 44.00, 8261]
[4754, 35.1, 34.6, 35.10, 35.05, 50]
[4755, 128.0, 120.0, 121.50, 120.00, 2095]
[4760, 49.0, 47.3, 47.50, 48.00, 101]
[4763, 272.0, 211.0, 213.00, 272.00, 69414]
[4764, 53.0, 52.3, 52.80, 52.50, 42]
[4766, 135.0, 133.0, 133.50, 134.00, 112]
[4767, 27.45, 26.5, 27.40, 27.45, 10]
[4768, 173.0, 155.5, 158.50, 166.00, 4588]
[4770, 334.5, 319.0, 323.00, 330.00, 3638]
[4804, 11.3, 10.3, 10.60, 10.65, 1024]
[4806, 7.34, 7.05, 7.23, 7.34, 7]
[4807, 21.4, 20.5, 20.95, 20.60, 34]
[4903, 13.65, 12.35, 12.80, 12.65, 736]
[4904, 68.4, 65.6, 67.40, 65.80, 27130]
[4905, 50.5, 50.5, 50.50, 50.50, 1]
[4906, 28.2, 27.4, 28.05, 27.45, 4335]
[4907, 27.45, 26.5, 27.45, 26.90, 542]
[4908, 31.85, 30.15, 30.80, 30.30, 976]
[4909, 17.55, 16.3, 16.40, 16.50, 752]
[4911, 51.0, 49.4, 50.10, 49.70, 144]
[4912, 78.1, 75.5, 78.10, 76.20, 240]
[4915, 57.9, 56.4, 57.70, 57.20, 8962]
[4916, 28.7, 27.0, 27.60, 27.20, 3656]
[4919, 127.5, 118.5, 120.00, 125.50, 32585]
[4923, 50.4, 46.5, 50.30, 49.40, 228]
[4924, 15.9, 13.5, 15.65, 13.50, 1854]
[4927, 56.3, 54.6, 54.70, 55.70, 2115]
[4930, 27.85, 27.0, 27.85, 27.20, 375]
[4931, 44.6, 42.0, 44.00, 42.00, 15760]
[4933, 31.55, 30.9, 31.50, 31.50, 111]
[4934, 28.05, 27.1, 27.60, 27.10, 3106]
[4935, 56.9, 54.4, 54.90, 55.40, 557]
[4938, 64.8, 64.3, 64.60, 64.50, 10213]
[4939, 15.3, 14.9, 15.10, 15.00, 324]
[4942, 36.1, 35.45, 35.55, 35.85, 446]
[4943, 15.2, 12.15, 15.00, 15.10, 2348]
[4944, 14.9, 12.1, 14.20, 12.25, 196]
[4945, 45.75, 44.5, 45.50, 44.90, 76]
[4946, 52.3, 50.4, 52.00, 50.40, 189]
[4950, 23.5, 22.0, 22.40, 23.00, 6358]
[4951, 49.75, 48.0, 48.50, 48.20, 281]
[4952, 48.7, 47.65, 48.70, 47.65, 816]
[4953, 87.7, 84.5, 84.60, 87.50, 757]
[4956, 14.9, 14.2, 14.50, 14.50, 426]
[4958, 109.0, 105.5, 106.50, 106.50, 14310]
[4960, 10.05, 9.96, 10.05, 10.00, 2923]
[4961, 144.0, 133.5, 138.00, 141.00, 63137]
[4966, 975.0, 896.0, 900.00, 928.00, 4818]
[4967, 32.5, 31.7, 31.75, 31.95, 614]
[4968, 132.5, 125.0, 129.00, 127.50, 24892]
[4971, 56.0, 54.2, 54.70, 54.50, 259]
[4972, 29.6, 29.4, 29.45, 29.45, 105]
[4973, 22.25, 22.0, 22.10, 22.15, 331]
[4974, 66.5, 62.5, 64.70, 63.30, 6558]
[4976, 38.9, 38.15, 38.70, 38.35, 800]
[4977, 108.5, 102.5, 105.00, 104.50, 20547]
[4979, 44.85, 39.75, 40.10, 42.50, 83985]
[4987, 58.5, 57.4, 57.50, 58.10, 47]
[4989, 28.1, 26.15, 26.80, 26.50, 7590]
[4991, 38.9, 38.2, 38.20, 38.60, 49]
[4994, 41.85, 41.0, 41.60, 41.00, 296]
[4995, 38.25, 37.6, 38.25, 38.20, 63]
[4999, 37.25, 36.5, 36.85, 36.60, 140]
[5007, 52.0, 50.8, 50.80, 51.10, 101]
[5009, 37.15, 34.9, 35.50, 36.70, 40748]
[5011, 25.95, 24.65, 24.80, 25.65, 1516]
[5013, 36.25, 35.3, 36.05, 35.35, 48]
[5014, 18.75, 18.0, 18.65, 18.25, 9932]
[5015, 58.6, 56.7, 57.20, 57.40, 910]
[5016, 29.6, 28.9, 29.60, 29.15, 25]
[5201, 26.95, 26.5, 26.70, 26.95, 17]
[5202, 14.7, 14.3, 14.60, 14.35, 103]
[5203, 85.0, 83.0, 85.00, 83.00, 329]
[5205, 42.75, 39.55, 42.75, 39.55, 17]
[5206, 16.4, 15.65, 16.40, 15.65, 171]
[5209, 79.5, 78.8, 79.40, 79.40, 41]
[5210, 14.75, 14.25, 14.75, 14.50, 284]
[5211, 19.25, 18.75, 19.25, 18.75, 319]
[5212, 40.9, 37.2, 38.45, 40.90, 183]
[5213, 22.0, 21.75, 21.90, 21.80, 206]
[5215, 47.8, 45.3, 45.40, 46.50, 433]
[5220, 28.75, 28.0, 28.55, 28.40, 45]
[5222, 142.5, 136.5, 140.50, 137.00, 1121]
[5223, 39.7, 38.05, 38.85, 38.05, 105]
[5225, 35.65, 32.3, 35.40, 32.30, 2993]
[5227, 73.7, 67.0, 73.60, 67.10, 1835]
[5228, 21.75, 20.9, 21.35, 21.40, 111]
[5230, 23.3, 22.8, 23.30, 23.05, 138]
[5234, 68.9, 66.4, 67.00, 68.20, 394]
[5236, 74.3, 70.4, 73.00, 71.00, 554]
[5243, 59.2, 57.6, 58.50, 57.60, 1921]
[5244, 27.1, 26.5, 26.50, 26.95, 73]
[5245, 54.9, 51.0, 53.60, 51.10, 776]
[5251, 28.5, 24.4, 24.55, 25.60, 5948]
[5258, 70.3, 66.5, 67.20, 66.60, 19463]
[5263, 141.0, 123.5, 124.00, 139.00, 7593]
[5269, 825.0, 772.0, 789.00, 792.00, 5805]
[5272, 27.05, 25.85, 26.80, 25.90, 609]
[5274, 2045.0, 1870.0, 1,900.00, 1,965.00, 2532]
[5276, 14.6, 14.25, 14.60, 14.25, 8]
[5278, 186.0, 175.0, 186.00, 177.50, 74]
[5281, 17.35, 15.8, 15.80, 17.35, 286]
[5283, 108.0, 105.5, 107.50, 108.00, 259]
[5284, 73.5, 67.0, 69.40, 70.40, 9315]
[5285, 64.2, 61.9, 62.20, 62.50, 605]
[5287, 193.0, 190.5, 192.00, 192.00, 69]
[5288, 173.0, 165.0, 170.00, 165.00, 399]
[5289, 186.5, 183.0, 184.00, 185.50, 344]
[5291, 31.8, 30.5, 31.80, 30.70, 390]
[5299, 128.0, 116.0, 119.00, 121.00, 2113]
[5301, 10.75, 9.86, 10.00, 10.20, 56]
[5302, 8.85, 8.28, 8.47, 8.36, 277]
[5306, 143.5, 141.5, 142.50, 142.50, 220]
[5309, 41.9, 39.8, 40.40, 39.80, 5400]
[5310, 27.2, 25.25, 26.10, 25.90, 200]
[5312, 58.9, 57.9, 58.30, 58.00, 166]
[5314, 17.6, 15.45, 15.70, 15.45, 25]
[5315, 18.45, 18.25, 18.40, 18.35, 953]
[5321, 85.5, 70.6, 73.90, 84.90, 27319]
[5324, 8.39, 8.26, 8.30, 8.38, 186]
[5328, 10.1, 9.97, 10.10, 9.99, 586]
[5340, 41.2, 39.0, 40.25, 40.35, 8416]
[5344, 18.0, 17.0, 17.80, 17.30, 232]
[5345, 7.1, 6.85, 7.10, 6.85, 47]
[5347, 94.5, 87.7, 91.00, 90.00, 51430]
[5348, 9.97, 8.35, 9.40, 8.97, 81]
[5351, 44.65, 42.55, 43.80, 42.65, 24207]
[5353, 30.75, 29.3, 30.40, 29.75, 2173]
[5355, 6.18, 6.1, 6.10, 6.14, 359]
[5356, 20.75, 20.25, 20.55, 20.55, 149]
[5364, 22.9, 22.0, 22.85, 22.50, 47]
[5371, 59.0, 56.5, 59.00, 56.70, 11211]
[5381, 6.08, 5.91, 5.98, 5.93, 112]
[5383, 25.95, 24.6, 25.20, 25.30, 157]
[5386, 37.6, 35.5, 36.30, 35.50, 760]
[5388, 81.2, 78.5, 80.60, 79.50, 12470]
[5392, 20.2, 19.85, 20.10, 20.05, 303]
[5398, 16.5, 16.3, 16.35, 16.30, 42]
[5403, 74.0, 68.5, 68.50, 71.50, 859]
[5410, 32.35, 30.5, 32.15, 30.95, 3676]
[5425, 80.8, 77.8, 79.10, 77.80, 27080]
[5426, 13.85, 13.1, 13.80, 13.20, 2401]
[5432, 28.45, 26.65, 27.60, 28.35, 46]
[5434, 166.0, 163.5, 164.50, 165.00, 648]
[5438, 16.75, 16.2, 16.70, 16.65, 117]
[5439, 50.5, 48.4, 48.40, 49.30, 1039]
[5443, 29.45, 28.2, 28.55, 28.45, 3195]
[5450, 18.45, 17.85, 18.00, 17.90, 230]
[5452, 14.85, 14.4, 14.60, 14.40, 291]
[5455, 27.5, 25.0, 25.00, 27.50, 9]
[5457, 52.3, 50.5, 51.80, 50.50, 2111]
[5460, 11.0, 10.85, 11.00, 10.90, 96]
[5464, 26.15, 24.85, 26.15, 24.95, 611]
[5465, 19.85, 18.7, 19.85, 18.85, 940]
[5468, 17.15, 16.5, 17.15, 16.95, 115]
[5469, 32.55, 31.95, 32.30, 32.05, 2843]
[5471, 51.9, 50.2, 51.90, 50.20, 1420]
[5474, 74.0, 72.1, 73.50, 72.90, 85]
[5475, 12.3, 11.4, 12.30, 11.90, 4247]
[5478, 83.2, 80.3, 82.80, 80.60, 670]
[5481, 12.35, 12.1, 12.30, 12.15, 60]
[5483, 162.0, 152.5, 154.00, 156.50, 20993]
[5484, 13.9, 13.5, 13.90, 13.50, 96]
[5487, 25.4, 25.4, 25.40, 25.40, 2]
[5488, 10.05, 9.71, 9.93, 9.71, 530]
[5489, 36.5, 35.6, 36.15, 35.60, 158]
[5490, 22.25, 21.95, 22.00, 22.25, 124]
[5493, 52.0, 50.0, 50.00, 50.50, 46]
[5498, 10.85, 10.4, 10.80, 10.40, 945]
[5508, 54.7, 52.5, 54.70, 52.80, 476]
[5511, 30.5, 30.0, 30.20, 30.25, 146]
[5512, 8.74, 8.56, 8.69, 8.58, 709]
[5514, 17.95, 17.5, 17.50, 17.70, 11]
[5515, 11.5, 11.2, 11.40, 11.35, 429]
[5516, 21.75, 19.8, 20.30, 20.15, 1264]
[5519, 22.45, 22.2, 22.25, 22.25, 730]
[5520, 55.4, 55.3, 55.30, 55.40, 6]
[5521, 6.75, 6.64, 6.75, 6.67, 1161]
[5522, 58.6, 56.3, 57.20, 58.60, 1860]
[5523, 25.0, 24.8, 24.95, 25.00, 94]
[5525, 24.85, 24.0, 24.85, 24.30, 195]
[5529, 12.7, 12.4, 12.55, 12.55, 100]
[5530, 38.15, 37.4, 38.00, 37.45, 807]
[5531, 9.3, 9.14, 9.30, 9.19, 641]
[5533, 17.55, 17.05, 17.55, 17.10, 758]
[5534, 73.8, 73.0, 73.60, 73.50, 811]
[5536, 107.0, 103.0, 103.00, 105.00, 1188]
[5538, 44.45, 42.25, 42.35, 42.60, 44]
[5543, 53.0, 51.5, 53.00, 52.30, 19]
[5546, 46.25, 44.75, 46.25, 45.00, 80]
[5601, 38.8, 37.0, 38.40, 38.80, 122]
[5603, 22.6, 22.1, 22.25, 22.30, 698]
[5604, 54.6, 51.6, 53.30, 53.80, 78]
[5607, 53.6, 52.1, 52.30, 52.30, 1703]
[5608, 24.75, 24.0, 24.40, 24.05, 10402]
[5609, 72.5, 70.4, 71.60, 71.00, 568]
[5701, 3.02, 2.95, 2.95, 3.00, 1125]
[5703, 19.5, 18.8, 19.35, 19.25, 182]
[5704, 51.5, 50.1, 50.30, 50.70, 677]
[5706, 62.5, 60.7, 62.20, 60.90, 2228]
[5864, 10.3, 10.05, 10.05, 10.25, 277]
[5871, 235.0, 224.5, 225.00, 226.00, 19242]
[5876, 46.5, 45.6, 45.75, 46.40, 14982]
[5878, 47.6, 47.35, 47.50, 47.60, 18]
[5880, 27.0, 26.3, 26.60, 26.40, 61342]
[5902, 34.55, 33.15, 33.60, 34.45, 76]
[5903, 205.5, 201.0, 205.00, 202.00, 118]
[5904, 546.0, 518.0, 530.00, 530.00, 2683]
[5905, 12.9, 12.15, 12.50, 12.45, 9704]
[5906, 36.0, 29.8, 29.80, 32.00, 390]
[5907, 17.8, 16.5, 17.65, 16.80, 1346]
[6005, 11.35, 11.05, 11.10, 11.25, 7998]
[6015, 8.93, 8.76, 8.77, 8.78, 2445]
[6016, 9.79, 9.65, 9.69, 9.73, 1063]
[6020, 18.7, 18.4, 18.70, 18.60, 52]
[6021, 19.25, 18.5, 18.50, 18.75, 29]
[6023, 49.1, 48.8, 48.80, 49.05, 317]
[6024, 38.85, 37.45, 37.65, 38.55, 1635]
[6026, 10.15, 10.0, 10.10, 10.00, 1530]
[6101, 25.85, 24.2, 25.00, 25.70, 110]
[6103, 6.99, 6.31, 6.99, 6.31, 11]
[6104, 101.0, 95.3, 99.00, 95.30, 18667]
[6108, 16.7, 16.4, 16.65, 16.40, 197]
[6109, 16.9, 15.2, 16.60, 15.55, 7562]
[6111, 67.0, 64.7, 66.50, 65.00, 8095]
[6112, 34.2, 33.3, 33.70, 33.30, 376]
[6113, 18.2, 17.1, 17.30, 17.50, 1609]
[6114, 24.55, 23.45, 24.50, 23.45, 238]
[6115, 42.8, 42.25, 42.55, 42.60, 379]
[6116, 11.7, 11.4, 11.55, 11.45, 23334]
[6117, 13.95, 13.65, 13.85, 13.85, 222]
[6118, 38.7, 36.2, 38.30, 36.45, 12200]
[6120, 9.08, 8.94, 9.00, 8.94, 1694]
[6121, 295.5, 289.0, 290.50, 291.00, 1172]
[6122, 19.2, 17.45, 17.75, 17.85, 10738]
[6123, 54.4, 53.2, 54.40, 53.20, 307]
[6124, 30.95, 25.8, 29.10, 25.80, 9448]
[6125, 26.0, 25.5, 25.90, 25.50, 3414]
[6126, 20.25, 19.85, 20.25, 20.10, 512]
[6127, 17.5, 16.5, 17.20, 16.50, 730]
[6128, 30.4, 29.7, 29.75, 30.25, 826]
[6129, 33.3, 31.2, 31.50, 31.50, 17426]
[6130, 31.45, 29.65, 30.10, 31.20, 82]
[6133, 24.7, 22.35, 23.60, 22.55, 21184]
[6134, 21.6, 20.85, 21.40, 20.95, 205]
[6136, 18.25, 18.05, 18.10, 18.15, 376]
[6138, 133.0, 120.0, 123.00, 126.50, 8678]
[6139, 42.15, 39.5, 40.10, 41.25, 15448]
[6140, 16.7, 16.35, 16.50, 16.35, 220]
[6141, 19.0, 18.8, 19.00, 19.00, 76]
[6142, 10.55, 9.93, 10.20, 9.97, 4324]
[6143, 77.3, 69.7, 76.00, 70.20, 10517]
[6144, 15.3, 15.1, 15.30, 15.10, 2]
[6146, 232.0, 221.5, 225.50, 224.00, 1248]
[6147, 61.4, 59.1, 59.30, 61.00, 9423]
[6148, 14.2, 12.4, 12.50, 12.95, 6292]
[6150, 77.5, 73.1, 74.50, 73.90, 7774]
[6151, 27.0, 26.4, 26.85, 26.65, 69]
[6152, 10.15, 9.95, 10.05, 9.96, 598]
[6153, 24.4, 23.5, 24.30, 23.85, 14215]
[6154, 15.75, 15.6, 15.75, 15.60, 34]
[6155, 24.95, 23.9, 24.10, 24.80, 790]
[6156, 19.3, 18.8, 19.30, 18.85, 688]
[6158, 25.75, 25.05, 25.75, 25.05, 72]
[6160, 18.3, 16.9, 18.05, 16.90, 1394]
[6161, 26.0, 24.95, 24.95, 25.85, 505]
[6163, 15.85, 14.85, 14.95, 15.00, 3515]
[6164, 10.25, 10.05, 10.10, 10.05, 519]
[6165, 27.8, 26.75, 27.80, 26.90, 203]
[6166, 57.6, 54.5, 55.10, 56.30, 655]
[6167, 12.05, 11.75, 12.00, 11.80, 1239]
[6168, 18.15, 17.85, 17.90, 17.90, 842]
[6169, 20.2, 19.8, 20.20, 19.95, 70]
[6170, 35.7, 34.15, 35.70, 34.30, 401]
[6171, 24.05, 23.75, 24.05, 23.80, 65]
[6173, 35.45, 34.6, 35.15, 34.90, 814]
[6174, 25.75, 25.4, 25.40, 25.50, 246]
[6175, 35.05, 32.8, 33.50, 33.35, 1882]
[6176, 101.0, 98.0, 100.50, 98.10, 9897]
[6177, 30.5, 30.0, 30.50, 30.10, 2560]
[6179, 25.85, 25.25, 25.40, 25.35, 401]
[6180, 73.6, 71.3, 73.00, 71.40, 8737]
[6182, 44.4, 42.5, 43.35, 42.55, 19900]
[6183, 59.9, 59.1, 59.40, 59.80, 173]
[6184, 48.9, 48.15, 48.60, 48.60, 139]
[6185, 13.55, 12.25, 12.45, 12.55, 3738]
[6186, 37.0, 34.6, 36.80, 34.95, 5280]
[6187, 64.8, 62.5, 64.50, 62.60, 1143]
[6188, 43.1, 40.8, 41.30, 42.70, 7349]
[6189, 38.0, 37.7, 37.95, 38.00, 994]
[6190, 29.8, 28.7, 29.80, 29.10, 2587]
[6191, 28.2, 27.9, 28.15, 27.90, 1722]
[6192, 71.9, 70.2, 70.60, 71.60, 368]
[6194, 23.35, 22.8, 23.05, 23.00, 70]
[6195, 43.65, 42.95, 43.20, 42.95, 137]
[6196, 123.0, 120.0, 121.00, 122.00, 3304]
[6197, 41.4, 40.5, 41.40, 40.75, 1168]
[6198, 19.5, 19.15, 19.50, 19.35, 82]
[6199, 18.3, 17.7, 17.90, 18.00, 78]
[6201, 40.0, 39.1, 39.20, 39.90, 28]
[6202, 71.1, 69.5, 70.50, 70.30, 4141]
[6203, 52.6, 51.1, 52.50, 51.80, 178]
[6204, 58.4, 57.2, 57.70, 57.20, 175]
[6205, 70.4, 67.5, 67.50, 67.50, 2592]
[6206, 68.3, 65.8, 67.70, 66.80, 1083]
[6207, 26.4, 25.9, 26.10, 25.90, 258]
[6208, 50.4, 49.8, 50.00, 50.20, 216]
[6209, 25.2, 24.5, 25.20, 24.65, 560]
[6210, 35.1, 34.65, 35.00, 35.00, 35]
[6212, 48.5, 48.5, 48.50, 48.50, 2]
[6213, 77.5, 74.5, 75.00, 74.90, 6166]
[6214, 73.8, 71.2, 71.20, 72.30, 1589]
[6215, 25.25, 23.05, 24.75, 23.15, 13305]
[6216, 25.8, 25.4, 25.40, 25.65, 400]
[6217, 43.5, 42.05, 42.50, 42.50, 1959]
[6218, 18.2, 17.75, 18.10, 18.00, 259]
[6219, 10.65, 10.4, 10.55, 10.65, 673]
[6220, 28.35, 27.05, 27.70, 27.05, 7360]
[6221, 53.5, 51.6, 51.90, 52.70, 126]
[6222, 15.0, 14.3, 14.85, 14.75, 14]
[6223, 123.5, 113.5, 120.00, 113.50, 13210]
[6224, 61.9, 59.9, 59.90, 60.00, 657]
[6225, 12.1, 11.15, 12.10, 11.85, 130]
[6226, 10.5, 10.15, 10.50, 10.15, 935]
[6227, 44.0, 40.5, 40.75, 41.90, 2253]
[6228, 12.8, 12.2, 12.30, 12.35, 65]
[6229, 25.75, 24.8, 25.20, 25.00, 244]
[6230, 120.0, 110.5, 114.00, 110.50, 183]
[6231, 91.0, 85.8, 89.10, 86.90, 2311]
[6233, 23.0, 21.5, 22.60, 21.50, 1973]
[6234, 22.55, 20.7, 22.55, 20.70, 2470]
[6235, 37.8, 36.35, 37.25, 36.35, 11441]
[6236, NaN, NaN, NaN, NaN, 0]
[6237, 49.5, 45.45, 46.00, 48.00, 4488]
[6239, 81.9, 80.4, 81.30, 80.50, 7239]
[6240, 20.85, 17.5, 17.95, 19.65, 925]
[6241, 15.8, 15.0, 15.75, 15.35, 213]
[6242, 55.7, 53.2, 54.50, 54.00, 240]
[6243, 29.7, 28.6, 28.60, 29.10, 699]
[6244, 28.9, 27.55, 28.70, 27.70, 10062]
[6245, 104.0, 88.8, 89.30, 102.00, 36195]
[6246, 14.35, 13.8, 14.35, 13.80, 105]
[6247, 15.4, 15.4, 15.40, 15.40, 15]
[6248, 22.8, 22.3, 22.35, 22.50, 767]
[6257, 49.95, 49.2, 49.35, 49.65, 3005]
[6259, 23.3, 22.5, 23.20, 23.00, 31]
[6261, 59.7, 58.4, 58.40, 59.30, 510]
[6263, 91.8, 88.8, 91.00, 90.00, 214]
[6264, 8.27, 7.91, 8.13, 8.14, 83]
[6265, 9.73, 9.4, 9.73, 9.40, 470]
[6266, 24.6, 24.1, 24.30, 24.10, 1574]
[6269, 102.5, 97.7, 97.80, 99.90, 4470]
[6270, 22.5, 21.9, 22.05, 21.90, 331]
[6271, 211.0, 202.0, 209.00, 208.50, 5801]
[6274, 62.2, 57.1, 58.80, 58.50, 24634]
[6275, 26.6, 26.2, 26.60, 26.20, 278]
[6276, 18.0, 16.05, 17.20, 16.80, 1993]
[6277, 78.1, 77.2, 77.90, 77.20, 247]
[6278, 91.8, 89.8, 90.20, 89.80, 3301]
[6279, 146.0, 142.5, 145.00, 142.50, 4488]
[6281, 82.6, 82.0, 82.20, 82.50, 101]
[6282, 30.75, 29.3, 30.75, 29.35, 10874]
[6283, 33.05, 31.7, 32.50, 31.75, 622]
[6284, 52.2, 50.4, 51.90, 50.80, 946]
[6285, 82.7, 80.5, 82.60, 82.00, 10728]
[6287, 24.0, 22.6, 23.90, 23.35, 30]
[6288, 23.75, 22.65, 23.70, 22.65, 1623]
[6290, 54.9, 53.3, 53.30, 54.40, 2438]
[6291, 99.8, 96.0, 98.50, 96.00, 33]
[6292, 40.55, 40.15, 40.15, 40.45, 80]
[6294, 109.0, 105.5, 108.00, 106.00, 110]
[6404, 18.9, 17.5, 18.00, 18.90, 29]
[6405, 21.75, 21.35, 21.60, 21.70, 78]
[6409, 1720.0, 1525.0, 1,600.00, 1,535.00, 634]
[6411, 89.5, 84.5, 84.90, 86.80, 2232]
[6412, 75.8, 75.0, 75.40, 75.70, 442]
[6414, 230.0, 218.0, 228.50, 221.00, 4418]
[6415, 536.0, 498.0, 514.00, 500.00, 11142]
[6416, 93.3, 88.0, 89.90, 91.20, 784]
[6417, 85.8, 82.7, 85.80, 84.00, 52]
[6418, 15.9, 15.55, 15.65, 15.65, 35]
[6419, 35.9, 34.0, 35.15, 34.75, 48]
[6425, 22.3, 21.45, 22.20, 21.55, 81]
[6426, 66.0, 60.5, 61.00, 61.00, 1526]
[6431, 21.2, 19.95, 20.40, 20.15, 110]
[6432, 31.35, 30.55, 30.65, 30.85, 178]
[6435, 104.5, 99.2, 99.20, 100.50, 976]
[6438, 91.6, 89.6, 90.10, 90.40, 959]
[6441, 54.4, 50.1, 53.90, 50.60, 1771]
[6442, 47.15, 45.1, 45.20, 45.35, 1142]
[6443, 36.6, 35.25, 35.45, 35.40, 64811]
[6446, 479.5, 455.0, 479.50, 462.50, 4384]
[6449, 44.2, 41.0, 41.05, 43.05, 130]
[6451, 82.1, 79.6, 81.40, 79.70, 1251]
[6456, 84.3, 81.2, 83.90, 81.30, 7306]
[6457, 60.1, 57.7, 60.00, 57.70, 396]
[6461, 33.05, 30.0, 33.05, 30.00, 3263]
[6462, 64.9, 63.3, 64.10, 63.80, 392]
[6464, 99.0, 97.3, 98.10, 98.40, 52]
[6465, 17.25, 16.6, 16.95, 16.70, 149]
[6469, 308.0, 298.5, 305.50, 299.50, 1012]
[6470, 56.0, 53.8, 54.50, 54.10, 1444]
[6472, 417.5, 381.0, 410.00, 384.50, 11604]
[6477, 48.3, 45.1, 47.70, 45.20, 7952]
[6482, 44.3, 41.9, 44.30, 43.00, 9]
[6485, 73.3, 68.9, 69.50, 71.00, 1936]
[6486, 67.7, 65.1, 65.20, 65.50, 563]
[6488, 481.5, 453.5, 456.00, 481.00, 10034]
[6491, 436.0, 411.0, 416.50, 425.00, 3344]
[6492, 59.6, 58.2, 58.20, 58.90, 657]
[6494, 73.6, 71.8, 73.60, 71.80, 650]
[6496, 27.45, 27.25, 27.40, 27.45, 30]
[6499, 58.3, 56.2, 57.20, 56.20, 218]
[6504, 73.6, 72.3, 73.10, 72.30, 160]
[6505, 82.9, 81.0, 81.80, 81.70, 8998]
[6506, 19.8, 19.15, 19.60, 19.75, 352]
[6508, 36.6, 35.8, 36.40, 35.80, 785]
[6509, 41.65, 40.75, 41.20, 40.75, 2431]
[6510, 512.0, 487.0, 487.00, 491.00, 630]
[6512, 25.8, 23.65, 25.80, 23.65, 47]
[6514, 51.3, 49.8, 50.60, 49.80, 136]
[6515, 445.0, 406.0, 418.00, 436.00, 3291]
[6516, 78.8, 76.6, 77.80, 77.20, 188]
[6517, 62.1, 53.6, 62.10, 54.50, 2553]
[6523, 105.0, 100.5, 103.50, 100.50, 824]
[6525, 70.2, 69.0, 69.90, 69.00, 445]
[6527, 55.0, 51.5, 52.20, 53.10, 278]
[6530, 24.2, 23.05, 23.20, 23.45, 595]
[6531, 193.0, 184.0, 186.00, 186.00, 11976]
[6532, 54.9, 53.0, 54.60, 53.50, 1029]
[6533, 561.0, 502.0, 520.00, 516.00, 30300]
[6535, 40.7, 38.45, 38.60, 39.45, 1005]
[6538, 72.3, 70.1, 71.40, 71.00, 264]
[6541, 37.4, 36.0, 36.00, 36.65, 1405]
[6542, 45.3, 45.0, 45.10, 45.10, 5]
[6546, 74.2, 70.0, 72.90, 70.50, 1058]
[6547, 75.5, 71.0, 73.60, 71.00, 8588]
[6548, 31.6, 29.8, 30.25, 30.95, 2574]
[6550, 93.8, 89.2, 92.20, 89.20, 11867]
[6552, 30.6, 30.2, 30.25, 30.25, 276]
[6556, 110.5, 97.6, 104.00, 97.60, 361]
[6558, 24.15, 22.1, 22.35, 22.15, 1998]
[6560, 35.35, 33.95, 35.35, 33.95, 114]
[6561, 290.5, 280.0, 284.50, 281.00, 225]
[6568, 170.5, 162.0, 162.50, 166.50, 1659]
[6569, 99.5, 97.5, 99.50, 97.50, 54]
[6570, 48.2, 47.1, 47.25, 47.15, 924]
[6573, 14.05, 13.45, 13.60, 13.55, 232]
[6574, 49.9, 48.0, 49.55, 49.55, 19]
[6576, 96.1, 91.3, 92.70, 92.30, 1247]
[6577, 59.6, 58.0, 58.70, 58.30, 61]
[6578, 16.4, 15.65, 16.40, 15.95, 1167]
[6579, 91.0, 87.0, 90.80, 87.70, 333]
[6581, 98.0, 95.7, 96.90, 96.50, 247]
[6582, 61.5, 58.6, 61.50, 58.60, 528]
[6585, 57.2, 53.1, 56.00, 53.80, 591]
[6588, 31.8, 29.6, 30.70, 30.70, 48]
[6589, 118.5, 109.0, 117.50, 109.00, 16073]
[6590, 59.9, 56.0, 58.60, 58.10, 56]
[6591, 44.25, 42.95, 42.95, 43.30, 595]
[6592, 107.5, 101.5, 102.00, 105.00, 2492]
[6593, 41.3, 37.0, 41.05, 38.65, 171]
[6594, 29.95, 26.7, 29.15, 26.70, 642]
[6596, 45.3, 43.6, 43.90, 44.00, 97]
[6598, 29.4, 27.7, 28.90, 27.75, 924]
[6603, 17.9, 17.25, 17.50, 17.30, 2708]
[6605, 75.6, 71.4, 72.10, 74.70, 3305]
[6609, 42.0, 34.2, 35.20, 39.30, 21620]
[6612, 93.0, 82.9, 83.00, 88.30, 1316]
[6613, 89.7, 87.7, 87.80, 89.20, 497]
[6615, 38.3, 36.1, 36.50, 37.50, 95]
[6616, 14.1, 13.7, 13.80, 13.90, 163]
[6624, 44.6, 41.5, 41.65, 42.90, 112]
[6625, 45.0, 39.7, 40.70, 42.60, 2227]
[6629, 48.0, 45.6, 45.60, 46.45, 143]
[6640, 89.0, 87.5, 89.00, 88.00, 27]
[6641, 53.6, 53.0, 53.50, 53.00, 19]
[6642, 48.4, 43.85, 46.10, 45.20, 301]
[6643, 528.0, 480.0, 483.00, 505.00, 18946]
[6649, 38.25, 34.55, 36.00, 35.90, 2180]
[6651, 69.4, 66.9, 69.40, 67.30, 222]
[6654, 49.95, 47.3, 49.95, 48.00, 44]
[6655, 130.5, 129.0, 130.00, 130.00, 14]
[6661, 22.3, 21.45, 21.50, 22.00, 19]
[6662, 30.05, 29.65, 29.80, 30.05, 36]
[6664, 97.2, 92.3, 95.00, 92.50, 915]
[6666, 81.5, 75.2, 80.00, 75.60, 939]
[6667, 61.9, 59.3, 60.50, 60.00, 294]
[6668, 39.95, 38.3, 39.95, 38.50, 584]
[6669, 811.0, 745.0, 763.00, 770.00, 6602]
[6670, 223.0, 209.0, 213.00, 222.00, 3052]
[6671, 38.3, 37.05, 37.55, 38.15, 32]
[6672, 79.4, 76.2, 76.80, 76.40, 1231]
[6674, 26.2, 25.5, 26.05, 25.80, 89]
[6679, 256.0, 241.5, 246.00, 250.00, 4596]
[6680, 62.8, 61.2, 61.20, 62.00, 24]
[6683, 194.0, 187.0, 193.00, 187.00, 391]
[6684, 49.2, 45.5, 47.80, 45.50, 229]
[6689, 117.0, 96.5, 100.50, 112.50, 3409]
[6690, 121.5, 116.5, 120.50, 116.50, 111]
[6691, 206.0, 200.5, 205.00, 202.50, 309]
[6693, 61.2, 59.5, 60.20, 60.20, 104]
[6695, 43.8, 40.2, 42.40, 40.20, 977]
[6697, 37.6, 36.7, 37.60, 37.20, 9]
[6698, 28.6, 27.9, 28.35, 28.15, 136]
[6703, 104.0, 99.0, 104.00, 99.30, 272]
[6706, 92.5, 90.1, 91.80, 90.10, 1434]
[6708, 58.0, 52.2, 56.60, 56.70, 1386]
[6712, 220.0, 205.5, 218.50, 206.50, 3723]
[6715, 130.0, 123.0, 124.00, 125.50, 778]
[6716, 80.2, 78.2, 78.20, 78.50, 17]
[6719, 293.0, 268.0, 268.00, 281.50, 18118]
[6721, 43.5, 42.25, 42.25, 42.45, 58]
[6727, 68.8, 66.4, 68.30, 66.40, 551]
[6728, 122.0, 115.0, 122.00, 116.00, 133]
[6732, 242.0, 230.5, 234.50, 230.50, 339]
[6733, 21.4, 21.0, 21.35, 21.05, 200]
[6735, 56.0, 53.5, 55.00, 53.60, 37]
[6741, 118.5, 110.5, 114.50, 115.00, 13184]
[6743, 38.5, 37.0, 37.05, 37.20, 397]
[6747, 183.0, 180.0, 183.00, 181.50, 191]
[6751, 45.55, 43.3, 45.40, 45.00, 124]
[6752, 74.8, 65.1, 67.50, 73.50, 818]
[6754, 48.8, 45.8, 48.80, 46.20, 516]
[6756, 200.0, 192.0, 195.00, 192.00, 1319]
[6761, 90.3, 84.5, 85.60, 86.50, 67]
[6762, 231.0, 228.5, 231.00, 230.00, 7]
[6763, 462.0, 395.0, 423.50, 461.50, 960]
[6767, 32.45, 31.8, 32.00, 32.20, 189]
[6768, 73.3, 71.9, 72.20, 72.30, 1138]
[6770, 34.3, 33.0, 34.00, 33.85, 101916]
[6776, 39.95, 39.1, 39.15, 39.20, 195]
[6781, 751.0, 710.0, 720.00, 729.00, 3967]
[6782, 304.5, 285.0, 297.50, 290.50, 1610]
[6788, 111.5, 96.0, 97.00, 110.00, 6045]
[6789, 240.0, 221.0, 225.00, 221.50, 11598]
[6790, 35.85, 35.0, 35.00, 35.80, 184]
[6791, 46.95, 46.35, 46.35, 46.95, 41]
[6792, 70.8, 68.9, 70.50, 69.10, 168]
[6796, 76.4, 73.0, 73.40, 73.80, 147]
[6799, 104.0, 98.2, 103.50, 99.00, 297]
[6803, 260.0, 252.0, 256.00, 253.00, 171]
[6804, 55.9, 53.5, 54.50, 54.50, 82]
[6806, 85.6, 80.7, 84.50, 81.90, 21645]
[6807, 24.8, 24.3, 24.80, 24.80, 29]
[6811, 148.0, 142.0, 143.50, 142.00, 209]
[6823, 96.5, 92.5, 96.50, 93.50, 71]
[6829, 74.0, 72.0, 73.30, 72.60, 308]
[6830, 104.5, 100.0, 104.50, 101.50, 308]
[6834, 25.1, 24.65, 25.00, 25.10, 71]
[6835, 40.15, 38.5, 39.65, 39.95, 551]
[6843, 51.2, 48.5, 49.10, 48.60, 395]
[6854, 110.0, 97.1, 97.90, 106.00, 250]
[6855, 72.4, 70.1, 70.50, 71.70, 104]
[6859, 141.0, 132.5, 138.50, 136.00, 227]
[6865, 88.7, 74.9, 84.60, 74.90, 858]
[6874, 48.35, 46.05, 47.80, 46.60, 164]
[7402, 36.4, 34.6, 35.00, 36.40, 21]
[7556, 99.8, 99.0, 99.00, 99.00, 6]
[8011, 14.5, 14.05, 14.35, 14.05, 559]
[8016, 193.0, 184.5, 193.00, 187.00, 4791]
[8021, 30.9, 29.5, 30.50, 29.50, 736]
[8024, 21.85, 20.65, 21.60, 20.75, 478]
[8027, 51.4, 50.0, 50.20, 50.50, 637]
[8028, 59.5, 56.6, 57.30, 57.30, 10956]
[8032, 30.6, 29.6, 29.80, 30.55, 189]
[8033, 42.5, 40.2, 41.55, 40.25, 9547]
[8034, 15.25, 14.55, 15.00, 14.75, 435]
[8038, 42.6, 39.45, 42.15, 41.20, 4948]
[8039, 42.1, 41.1, 42.10, 41.15, 213]
[8040, 55.8, 52.4, 53.00, 53.30, 3060]
[8042, 35.85, 34.5, 35.05, 34.90, 82]
[8043, 27.75, 26.6, 26.90, 27.35, 1918]
[8044, 66.1, 61.9, 64.90, 63.80, 20194]
[8046, 239.0, 230.5, 233.00, 232.00, 31520]
[8047, 12.3, 12.0, 12.20, 12.00, 14]
[8048, 34.2, 32.35, 32.65, 33.65, 380]
[8049, 33.35, 30.8, 32.00, 31.90, 10386]
[8050, 80.1, 74.0, 78.40, 74.20, 16829]
[8054, 32.75, 31.55, 31.80, 31.70, 918]
[8059, 10.0, 9.75, 9.80, 9.81, 101]
[8064, 17.25, 16.15, 17.25, 17.00, 2742]
[8066, 28.4, 27.4, 28.15, 27.45, 25]
[8067, 9.06, 8.75, 8.99, 9.01, 14]
[8068, 25.7, 24.6, 24.90, 24.95, 122]
[8069, 178.0, 171.5, 176.50, 172.00, 99265]
[8070, 31.8, 30.5, 30.50, 31.70, 2137]
[8071, 14.8, 14.3, 14.80, 14.35, 457]
[8072, 26.85, 25.6, 25.95, 25.70, 661]
[8074, 19.15, 18.9, 18.90, 19.00, 109]
[8076, 29.1, 28.0, 28.00, 28.10, 3231]
[8077, 7.65, 7.02, 7.65, 7.35, 25]
[8080, 11.8, 10.4, 10.40, 11.80, 73]
[8081, 159.0, 150.5, 153.50, 157.00, 5145]
[8083, 165.0, 163.0, 164.50, 163.50, 102]
[8084, 110.0, 100.0, 109.00, 100.00, 1521]
[8085, 20.8, 20.3, 20.40, 20.60, 1081]
[8086, 77.4, 72.5, 73.60, 72.50, 14937]
[8087, 29.95, 24.8, 24.95, 29.95, 420]
[8088, 24.7, 22.8, 24.30, 23.20, 3173]
[8089, 23.3, 22.45, 23.05, 22.70, 197]
[8091, 89.1, 84.6, 87.30, 85.00, 2294]
[8092, 12.35, 11.9, 12.35, 12.00, 267]
[8093, 11.0, 10.5, 10.70, 10.80, 177]
[8096, 11.9, 11.55, 11.80, 11.55, 720]
[8097, 61.6, 57.7, 58.50, 61.00, 3134]
[8099, 40.2, 38.8, 39.15, 39.40, 181]
[8101, 6.2, 5.87, 6.04, 5.90, 77]
[8103, 31.9, 31.3, 31.30, 31.60, 264]
[8104, 37.95, 36.5, 37.85, 37.50, 943]
[8105, 13.75, 12.95, 13.30, 13.50, 56237]
[8107, 16.8, 16.5, 16.60, 16.60, 315]
[8109, 87.2, 85.2, 86.80, 85.30, 229]
[8110, 11.75, 11.5, 11.70, 11.50, 1466]
[8111, 16.0, 15.5, 15.85, 15.55, 461]
[8112, 37.3, 36.85, 37.30, 36.90, 3201]
[8114, 114.0, 111.0, 113.50, 111.00, 1475]
[8121, 25.8, 23.85, 25.50, 23.85, 2053]
[8131, 39.6, 39.0, 39.00, 39.50, 760]
[8147, 62.6, 60.8, 60.80, 61.50, 238]
[8150, 34.25, 33.1, 33.50, 33.10, 5669]
[8155, 114.5, 105.5, 112.50, 106.00, 2803]
[8163, 39.15, 38.35, 38.35, 38.70, 1693]
[8171, 57.2, 53.3, 56.40, 53.30, 23347]
[8176, 9.99, 9.56, 9.96, 9.86, 130]
[8182, 31.6, 31.05, 31.60, 31.30, 164]
[8183, 54.8, 52.4, 54.40, 52.50, 1956]
[8201, 10.55, 10.15, 10.45, 10.15, 181]
[8210, 80.3, 75.7, 76.20, 78.80, 3619]
[8213, 37.1, 36.8, 36.90, 36.90, 756]
[8215, 33.3, 32.05, 33.00, 32.10, 1957]
[8222, 27.15, 25.2, 26.80, 25.20, 11050]
[8227, 94.4, 83.0, 88.70, 83.00, 5717]
[8234, 33.75, 32.3, 33.75, 32.60, 3009]
[8240, 28.65, 28.2, 28.50, 28.60, 99]
[8249, 32.25, 28.25, 28.30, 29.70, 10415]
[8255, 167.5, 157.0, 160.00, 158.50, 7095]
[8261, 111.0, 105.5, 106.50, 107.00, 10538]
[8271, 43.05, 41.45, 41.45, 42.40, 1104]
[8277, 8.26, 8.01, 8.18, 8.01, 296]
[8279, 164.0, 151.5, 163.00, 155.00, 200]
[8284, 58.1, 56.3, 56.80, 57.50, 181]
[8289, 38.75, 35.75, 38.35, 35.85, 3765]
[8291, 6.1, 6.1, 6.10, 6.10, 3]
[8299, 367.5, 342.0, 352.00, 355.00, 7708]
[8341, 168.5, 160.0, 167.00, 160.00, 2273]
[8342, 55.9, 54.9, 54.90, 55.30, 51]
[8349, 56.5, 54.9, 56.00, 55.10, 783]
[8354, 14.3, 14.2, 14.20, 14.25, 32]
[8358, 60.0, 57.6, 58.60, 58.60, 54927]
[8367, 41.1, 39.7, 39.70, 40.30, 417]
[8374, 29.1, 28.25, 29.10, 28.35, 142]
[8383, 38.6, 38.3, 38.60, 38.50, 294]
[8390, 38.0, 36.0, 38.00, 36.25, 1226]
[8401, 21.3, 20.65, 21.30, 20.85, 920]
[8403, 33.3, 32.4, 33.30, 32.45, 1265]
[8404, 26.7, 26.45, 26.70, 26.60, 277]
[8409, 19.35, 18.65, 19.30, 18.65, 475]
[8410, 29.3, 28.9, 29.25, 29.30, 31]
[8411, 13.45, 13.2, 13.45, 13.35, 567]
[8415, 38.2, 37.6, 38.20, 37.65, 941]
[8416, 118.5, 115.5, 116.50, 115.50, 55]
[8418, 9.87, 9.7, 9.84, 9.87, 17]
[8420, 91.4, 77.0, 78.60, 87.90, 6402]
[8421, 15.1, 14.65, 15.10, 14.70, 613]
[8422, 180.0, 178.0, 180.00, 178.00, 565]
[8423, 18.4, 18.4, 18.40, 18.40, 1]
[8424, 67.9, 66.8, 67.00, 67.90, 23]
[8426, 29.65, 27.6, 28.80, 27.65, 230]
[8429, 11.2, 10.55, 10.85, 10.55, 2005]
[8431, 52.0, 50.3, 52.00, 50.40, 168]
[8432, 47.7, 46.4, 47.50, 46.95, 167]
[8433, 66.2, 61.6, 62.50, 64.80, 676]
[8435, 59.6, 59.3, 59.50, 59.50, 71]
[8436, 178.0, 164.0, 172.00, 172.00, 8615]
[8437, 102.0, 97.2, 99.90, 100.50, 50]
[8438, 24.5, 23.9, 24.20, 23.95, 121]
[8440, 47.55, 44.0, 47.00, 44.10, 4967]
[8442, 80.3, 76.6, 79.90, 76.60, 488]
[8443, 11.2, 10.85, 11.20, 10.90, 127]
[8444, 38.9, 37.5, 38.90, 38.40, 55]
[8446, 84.2, 81.9, 84.20, 81.90, 152]
[8450, 27.45, 25.95, 27.45, 26.05, 720]
[8454, 803.0, 716.0, 739.00, 786.00, 6571]
[8455, 22.15, 21.5, 21.60, 22.10, 13]
[8462, 125.0, 119.0, 119.50, 122.00, 234]
[8463, 24.4, 23.9, 24.20, 24.00, 247]
[8464, 316.0, 302.0, 302.50, 315.50, 1463]
[8466, 41.5, 40.25, 41.50, 40.45, 74]
[8467, 57.8, 56.6, 57.30, 57.20, 83]
[8472, 43.9, 41.7, 43.20, 42.50, 12]
[8473, 27.65, 27.35, 27.50, 27.55, 89]
[8476, 60.8, 58.4, 60.50, 59.00, 1127]
[8477, 18.45, 17.4, 18.20, 17.40, 325]
[8478, 318.5, 295.5, 314.00, 302.00, 8201]
[8481, 57.6, 56.6, 57.00, 56.90, 35]
[8482, 70.8, 69.5, 70.80, 70.00, 221]
[8488, 15.55, 15.05, 15.15, 15.05, 7]
[8489, 24.15, 22.5, 22.65, 23.20, 196]
[8499, 102.0, 100.0, 100.50, 100.50, 87]
[8905, 23.3, 22.25, 22.45, 22.65, 579]
[8906, 20.25, 18.85, 19.15, 19.05, 255]
[8908, 69.7, 67.5, 67.50, 68.10, 93]
[8916, 53.0, 50.7, 52.90, 51.10, 4312]
[8917, 90.0, 89.9, 90.00, 89.90, 9]
[8921, 14.95, 14.6, 14.95, 14.60, 2]
[8923, 21.95, 19.4, 20.25, 21.95, 52]
[8924, 122.0, 115.0, 121.50, 117.50, 1505]
[8926, 34.15, 33.0, 33.15, 34.05, 2320]
[8927, 36.6, 34.9, 35.05, 36.35, 1697]
[8928, 43.1, 41.35, 42.00, 41.85, 2438]
[8929, 20.85, 20.2, 20.35, 20.25, 78]
[8930, 17.2, 16.9, 17.00, 17.00, 679]
[8931, 46.45, 43.15, 44.00, 44.25, 1099]
[8932, 42.5, 39.95, 41.50, 42.10, 1376]
[8933, 16.8, 15.8, 16.30, 16.20, 11523]
[8935, 11.9, 11.45, 11.80, 11.45, 204]
[8936, 22.3, 21.75, 22.25, 21.75, 1958]
[8937, 15.1, 14.6, 15.05, 14.90, 143]
[8938, 101.5, 97.5, 99.50, 99.60, 5214]
[8940, 17.1, 16.4, 17.10, 16.50, 474]
[8941, 56.3, 54.3, 55.40, 54.30, 115]
[8942, 60.6, 60.0, 60.30, 60.30, 261]
[8996, 191.0, 180.0, 184.50, 180.00, 59251]
[9103, 8.29, 7.8, 8.16, 7.80, 3426]
[9105, 3.92, 3.84, 3.87, 3.84, 8192]
[9110, 3.0, 2.96, 2.97, 3.00, 43]
[9136, 6.45, 6.26, 6.26, 6.32, 574]
[9802, 145.0, 138.5, 142.00, 140.00, 5958]
[9902, 13.05, 12.45, 12.75, 12.60, 1511]
[9904, 34.25, 33.7, 34.00, 33.95, 25707]
[9905, 24.4, 24.2, 24.30, 24.35, 145]
[9906, 47.6, 47.0, 47.15, 47.60, 119]
[9907, 17.45, 17.05, 17.20, 17.20, 7452]
[9908, 31.75, 30.9, 31.00, 31.00, 417]
[9910, 210.0, 201.5, 205.00, 204.50, 4729]
[9911, 63.5, 62.6, 63.00, 62.80, 520]
[9912, 9.45, 9.18, 9.32, 9.45, 184]
[9914, 176.0, 172.0, 174.00, 175.00, 1462]
[9917, 100.5, 99.2, 99.50, 99.90, 996]
[9918, 42.65, 42.05, 42.05, 42.10, 75]
[9919, 18.1, 17.35, 18.10, 17.45, 3270]
[9921, 206.0, 199.0, 200.00, 202.50, 3416]
[9924, 42.1, 41.65, 42.00, 41.70, 536]
[9925, 39.65, 39.3, 39.30, 39.60, 566]
[9926, 51.8, 51.1, 51.80, 51.50, 13]
[9927, 38.0, 37.6, 37.90, 37.95, 285]
[9928, 21.0, 17.15, 18.00, 20.90, 2413]
[9929, 8.7, 8.52, 8.55, 8.52, 81]
[9930, 46.35, 45.95, 46.20, 46.05, 170]
[9931, 39.5, 39.3, 39.30, 39.45, 11]
[9933, 43.3, 42.2, 42.55, 42.40, 10668]
[9934, 13.3, 13.1, 13.25, 13.20, 594]
[9935, 17.7, 17.5, 17.60, 17.60, 143]
[9937, 52.8, 52.1, 52.40, 52.50, 63]
[9938, 59.7, 56.8, 58.20, 57.90, 5425]
[9939, 89.2, 85.7, 87.60, 86.30, 3524]
[9940, 27.6, 27.1, 27.30, 27.15, 1844]
[9941, 170.0, 160.0, 160.50, 165.00, 6614]
[9942, 105.0, 101.5, 105.00, 104.50, 1236]
[9943, 62.8, 61.5, 62.20, 62.80, 173]
[9944, 20.5, 20.25, 20.30, 20.45, 178]
[9945, 44.0, 43.1, 43.50, 43.30, 19680]
[9946, 12.4, 12.05, 12.35, 12.05, 124]
[9949, 20.8, 18.8, 18.80, 20.80, 396]
[9950, 11.0, 10.55, 11.00, 10.80, 22]
[9951, 67.7, 65.0, 65.40, 67.50, 332]
[9955, 23.25, 21.15, 22.90, 21.25, 4818]
[9958, 94.9, 89.8, 89.80, 92.60, 16531]
[9960, 26.4, 25.2, 26.05, 25.40, 241]
[9962, 19.3, 17.35, 17.70, 18.80, 14041]
