[1101, 39.7, 37.8, 37.95, 39.15, 162476, tse]
[1102, 44.8, 42.75, 42.85, 44.75, 27155, tse]
[1103, 21.3, 19.65, 19.80, 20.40, 17062, tse]
[1104, 24.45, 23.9, 23.95, 24.45, 3192, tse]
[1108, 14.65, 11.75, 11.75, 14.15, 42816, tse]
[1109, 17.4, 16.45, 16.55, 17.10, 1397, tse]
[1110, 18.15, 17.55, 17.90, 17.90, 958, tse]
[1201, 20.65, 20.0, 20.60, 20.60, 2276, tse]
[1203, 37.0, 35.65, 36.40, 37.00, 114, tse]
[1210, 50.7, 47.1, 47.10, 50.60, 14516, tse]
[1213, 7.24, 6.81, 6.81, 7.08, 64, tse]
[1215, 80.6, 78.8, 78.80, 80.40, 3343, tse]
[1216, 67.6, 66.3, 66.30, 67.50, 29324, tse]
[1217, 11.6, 11.1, 11.10, 11.35, 14245, tse]
[1218, 30.8, 30.0, 30.70, 30.10, 12392, tse]
[1219, 20.95, 20.05, 20.10, 20.90, 7620, tse]
[1220, 16.15, 15.75, 15.75, 16.00, 1250, tse]
[1225, 58.4, 56.8, 57.60, 58.40, 79, tse]
[1227, 41.85, 41.05, 41.40, 41.85, 2098, tse]
[1229, 54.7, 53.2, 54.00, 54.40, 3526, tse]
[1231, 86.0, 83.5, 84.30, 86.00, 841, tse]
[1232, 148.0, 145.5, 146.50, 146.50, 202, tse]
[1233, 34.0, 33.3, 33.60, 33.90, 77, tse]
[1234, 34.95, 34.25, 34.90, 34.95, 1585, tse]
[1235, 68.9, 67.5, 68.00, 68.90, 30, tse]
[1236, 25.3, 24.0, 24.15, 24.80, 1218, tse]
[1240, 48.5, 44.5, 44.85, 47.15, 428, otc]
[1256, 334.5, 310.5, 312.00, 320.00, 373, tse]
[1258, 26.1, 23.15, 23.85, 26.10, 354, otc]
[1259, 83.9, 75.0, 75.90, 80.50, 451, otc]
[1264, 275.0, 269.0, 275.00, 270.50, 68, otc]
[1268, 159.5, 141.0, 144.00, 155.50, 5753, otc]
[1301, 91.7, 89.9, 89.90, 90.90, 26392, tse]
[1303, 76.6, 74.9, 75.20, 75.60, 19412, tse]
[1304, 25.25, 24.45, 24.45, 25.10, 9146, tse]
[1305, 28.7, 27.6, 27.60, 28.55, 9760, tse]
[1307, 21.05, 20.7, 20.70, 21.00, 488, tse]
[1308, 29.45, 28.7, 28.75, 29.05, 4774, tse]
[1309, 23.2, 22.65, 22.70, 23.10, 4416, tse]
[1310, 14.2, 13.9, 13.95, 14.15, 2485, tse]
[1312, 20.1, 19.65, 19.90, 19.90, 8829, tse]
[1313, 15.8, 15.25, 15.25, 15.55, 7958, tse]
[1314, 10.5, 10.2, 10.35, 10.20, 46808, tse]
[1315, 72.7, 72.0, 72.30, 72.00, 107, tse]
[1316, 12.3, 11.95, 12.00, 12.05, 4534, tse]
[1319, 45.1, 43.45, 44.80, 43.65, 11239, tse]
[1321, 37.2, 34.3, 34.30, 36.15, 2192, tse]
[1323, 33.5, 33.0, 33.50, 33.40, 351, tse]
[1324, 11.25, 10.95, 11.00, 11.25, 238, tse]
[1325, 24.3, 23.7, 23.80, 23.90, 1668, tse]
[1326, 72.2, 71.0, 71.10, 71.20, 10160, tse]
[1336, 31.1, 28.6, 29.35, 30.00, 3979, otc]
[1337, 7.34, 7.11, 7.12, 7.20, 1918, tse]
[1338, 47.1, 45.8, 46.00, 46.05, 494, tse]
[1339, 43.3, 42.25, 42.65, 42.60, 663, tse]
[1340, 11.35, 10.6, 10.60, 11.10, 1025, tse]
[1341, 68.7, 67.8, 68.00, 68.70, 85, tse]
[1342, 167.5, 149.0, 150.00, 154.50, 56094, tse]
[1402, 32.55, 31.95, 31.95, 32.45, 31466, tse]
[1409, 18.25, 18.0, 18.05, 18.20, 8270, tse]
[1410, 40.85, 39.8, 40.35, 40.55, 373, tse]
[1413, 9.59, 9.45, 9.50, 9.55, 425, tse]
[1414, 18.15, 17.9, 18.15, 18.05, 899, tse]
[1416, 11.25, 10.7, 10.70, 11.10, 3706, tse]
[1417, 14.8, 14.1, 14.45, 14.10, 10910, tse]
[1418, 14.15, 13.8, 14.10, 14.00, 127, tse]
[1419, 41.1, 40.5, 40.70, 41.00, 339, tse]
[1423, 20.6, 20.25, 20.50, 20.30, 328, tse]
[1432, 19.8, 17.7, 17.75, 18.55, 12096, tse]
[1434, 27.7, 27.2, 27.25, 27.70, 4378, tse]
[1436, 55.4, 53.9, 55.30, 54.30, 129, tse]
[1437, 31.9, 29.3, 29.80, 30.90, 13889, tse]
[1438, 33.6, 32.05, 32.05, 32.95, 1090, tse]
[1439, 24.05, 22.65, 22.65, 23.40, 401, tse]
[1440, 17.9, 17.55, 17.70, 17.80, 5990, tse]
[1441, 8.22, 8.0, 8.01, 8.14, 339, tse]
[1442, 33.0, 31.0, 33.00, 31.70, 4893, tse]
[1443, 32.7, 29.7, 29.70, 30.85, 1543, tse]
[1444, 11.35, 10.4, 10.50, 10.65, 40358, tse]
[1445, 16.0, 15.85, 15.95, 15.95, 642, tse]
[1446, 32.65, 31.3, 31.55, 32.40, 343, tse]
[1447, 8.57, 8.1, 8.25, 8.37, 11938, tse]
[1449, 15.7, 14.9, 14.90, 15.25, 860, tse]
[1451, 23.7, 23.05, 23.25, 23.45, 2270, tse]
[1452, 18.15, 17.9, 17.90, 18.10, 520, tse]
[1453, 17.25, 16.15, 16.80, 16.15, 1815, tse]
[1454, 13.15, 12.95, 13.00, 12.95, 320, tse]
[1455, 11.2, 10.85, 10.90, 11.10, 3176, tse]
[1456, 15.25, 14.95, 15.00, 15.20, 191, tse]
[1457, 19.15, 18.95, 18.95, 19.15, 916, tse]
[1459, 8.69, 8.52, 8.69, 8.62, 378, tse]
[1460, 7.42, 7.18, 7.18, 7.31, 3164, tse]
[1463, 15.2, 14.85, 15.15, 15.00, 615, tse]
[1464, 14.35, 14.15, 14.25, 14.35, 1107, tse]
[1465, 14.0, 13.85, 13.95, 13.95, 212, tse]
[1466, 11.8, 11.45, 11.60, 11.75, 232, tse]
[1467, 11.8, 11.5, 11.65, 11.55, 5254, tse]
[1468, 14.35, 13.8, 14.20, 14.15, 230, tse]
[1470, 19.85, 18.65, 18.75, 19.15, 197, tse]
[1471, 8.0, 7.73, 7.88, 7.88, 1903, tse]
[1472, 32.45, 27.75, 29.10, 29.75, 82, tse]
[1473, 26.9, 24.55, 24.55, 26.25, 6303, tse]
[1474, 12.55, 12.05, 12.10, 12.30, 807, tse]
[1475, 73.7, 68.5, 72.70, 69.10, 749, tse]
[1476, 499.0, 478.5, 490.00, 480.50, 3513, tse]
[1477, 221.5, 213.0, 215.50, 214.50, 7049, tse]
[1503, 88.3, 80.3, 86.80, 80.60, 58052, tse]
[1504, 31.35, 29.35, 29.40, 30.75, 83945, tse]
[1506, 23.55, 19.85, 19.95, 22.10, 11661, tse]
[1512, 5.86, 5.6, 5.64, 5.60, 3487, tse]
[1513, 97.5, 89.2, 91.20, 94.90, 204794, tse]
[1514, 41.8, 34.75, 35.85, 38.40, 111587, tse]
[1515, 32.65, 30.75, 31.90, 30.80, 2813, tse]
[1516, 21.4, 20.3, 20.30, 20.50, 3000, tse]
[1517, 20.95, 20.1, 20.30, 20.60, 3576, tse]
[1519, 66.7, 57.5, 58.50, 63.00, 146586, tse]
[1521, 38.0, 35.95, 36.00, 37.95, 271, tse]
[1522, 29.8, 28.35, 28.90, 28.40, 25194, tse]
[1524, 26.05, 24.7, 25.00, 24.70, 23842, tse]
[1525, 62.5, 60.6, 61.20, 61.00, 320, tse]
[1526, 42.8, 41.1, 41.60, 42.40, 1162, tse]
[1527, 44.4, 42.5, 43.00, 44.30, 2290, tse]
[1528, 11.0, 10.4, 10.45, 10.75, 4847, tse]
[1529, 26.4, 24.15, 25.00, 24.20, 33327, tse]
[1530, 32.4, 31.45, 31.75, 32.25, 211, tse]
[1531, 14.75, 14.2, 14.25, 14.65, 773, tse]
[1532, 33.6, 31.35, 31.45, 33.50, 5614, tse]
[1533, 55.0, 50.4, 50.80, 51.60, 3854, tse]
[1535, 48.35, 44.5, 44.50, 47.10, 4477, tse]
[1536, 74.8, 72.1, 73.40, 72.40, 5595, tse]
[1537, 140.5, 139.5, 139.50, 140.00, 245, tse]
[1538, 8.99, 7.78, 7.78, 8.99, 24, tse]
[1539, 30.4, 29.05, 29.60, 29.30, 2639, tse]
[1540, 17.75, 16.9, 17.25, 17.20, 4355, tse]
[1541, 39.8, 37.55, 39.55, 37.85, 941, tse]
[1558, 122.5, 120.5, 121.00, 122.00, 438, tse]
[1560, 117.5, 114.0, 116.50, 114.00, 8030, tse]
[1565, 265.5, 255.5, 255.50, 260.50, 704, otc]
[1568, 24.85, 23.95, 24.15, 23.95, 1642, tse]
[1569, 24.3, 23.8, 23.95, 24.20, 1313, otc]
[1570, 18.7, 17.8, 17.85, 18.45, 446, otc]
[1580, 96.5, 94.4, 94.60, 96.20, 571, otc]
[1582, 61.7, 60.5, 61.20, 61.50, 697, tse]
[1583, 62.7, 61.3, 61.90, 61.90, 46, tse]
[1584, 30.5, 27.25, 27.25, 29.10, 105685, otc]
[1586, 34.0, 33.65, 33.85, 34.00, 463, otc]
[1587, 22.8, 22.35, 22.35, 22.50, 546, tse]
[1589, 72.4, 68.2, 68.50, 68.60, 7544, tse]
[1590, 1115.0, 1030.0, 1,060.00, 1,075.00, 3337, tse]
[1591, 27.85, 25.0, 26.20, 26.00, 5419, otc]
[1593, 89.8, 81.0, 83.00, 87.90, 932, otc]
[1595, 41.4, 38.4, 38.40, 40.60, 393, otc]
[1597, 78.3, 74.0, 74.30, 77.70, 849, tse]
[1598, 51.5, 47.25, 51.50, 47.55, 3764, tse]
[1599, 40.0, 39.05, 39.25, 39.50, 400, otc]
[1603, 26.7, 26.0, 26.20, 26.25, 2796, tse]
[1604, 27.05, 26.6, 26.85, 26.90, 970, tse]
[1605, 59.4, 56.2, 57.60, 56.60, 262854, tse]
[1608, 15.95, 15.45, 15.85, 15.60, 3824, tse]
[1609, 25.75, 24.2, 24.60, 24.25, 66435, tse]
[1611, 14.8, 14.2, 14.60, 14.25, 5329, tse]
[1612, 19.5, 18.95, 19.25, 19.00, 4225, tse]
[1614, 37.3, 36.55, 37.30, 37.00, 512, tse]
[1615, 32.5, 31.0, 31.00, 32.40, 542, tse]
[1616, 8.25, 7.82, 7.82, 8.17, 1080, tse]
[1617, 14.95, 14.75, 14.85, 14.80, 153, tse]
[1618, 15.3, 14.65, 14.85, 14.70, 2027, tse]
[1626, 18.15, 17.15, 17.20, 17.95, 415, tse]
[1701, 28.4, 27.45, 27.70, 27.50, 30376, tse]
[1702, 47.1, 45.7, 46.20, 47.00, 1611, tse]
[1707, 185.0, 173.0, 176.50, 181.50, 4055, tse]
[1708, 43.5, 41.4, 41.45, 42.50, 14635, tse]
[1709, 24.7, 23.5, 23.60, 24.30, 15655, tse]
[1710, 19.05, 18.7, 18.85, 18.85, 2941, tse]
[1711, 19.2, 18.8, 18.90, 18.85, 3722, tse]
[1712, 40.1, 38.8, 38.80, 39.60, 6566, tse]
[1713, 26.45, 25.15, 25.30, 26.25, 346, tse]
[1714, 8.99, 8.8, 8.86, 8.93, 5559, tse]
[1717, 32.6, 32.0, 32.20, 32.30, 4013, tse]
[1718, 8.79, 8.65, 8.69, 8.71, 12015, tse]
[1720, 59.6, 57.2, 57.30, 57.70, 5045, tse]
[1721, 15.5, 14.9, 15.00, 15.05, 6510, tse]
[1722, 58.4, 56.6, 56.70, 57.50, 7221, tse]
[1723, 113.5, 110.0, 110.00, 113.00, 1663, tse]
[1725, 21.3, 20.75, 20.80, 21.30, 190, tse]
[1726, 72.2, 71.5, 71.80, 72.10, 101, tse]
[1727, 27.6, 26.3, 26.80, 26.65, 1399, tse]
[1730, 56.0, 52.6, 56.00, 55.50, 196, tse]
[1731, 19.7, 19.5, 19.65, 19.60, 911, tse]
[1732, 29.6, 29.0, 29.35, 29.20, 891, tse]
[1733, 26.3, 25.85, 26.05, 26.15, 994, tse]
[1734, 32.3, 31.25, 32.20, 31.25, 5448, tse]
[1735, 15.05, 14.9, 15.00, 14.95, 64, tse]
[1736, 70.7, 69.2, 70.70, 70.10, 3296, tse]
[1737, 33.8, 32.9, 32.90, 33.35, 3011, tse]
[1742, 14.95, 14.6, 14.80, 14.60, 393, otc]
[1752, 60.8, 57.5, 59.80, 58.00, 9838, tse]
[1760, 170.0, 159.0, 168.50, 161.00, 15355, tse]
[1762, 69.7, 66.3, 67.60, 67.80, 7796, tse]
[1773, 133.0, 118.0, 130.00, 121.50, 3745, tse]
[1776, 17.1, 16.7, 16.80, 16.95, 253, tse]
[1777, 90.4, 87.5, 87.50, 87.70, 778, otc]
[1781, 15.9, 15.5, 15.90, 15.60, 501, otc]
[1783, 65.9, 60.5, 60.70, 60.70, 26560, tse]
[1784, 44.65, 43.25, 44.20, 43.25, 4170, otc]
[1785, 37.95, 36.8, 37.25, 37.00, 5125, otc]
[1786, 65.4, 60.6, 60.90, 65.20, 4841, tse]
[1788, 151.5, 145.0, 145.00, 146.00, 92, otc]
[1789, 26.5, 25.8, 25.90, 26.15, 3873, tse]
[1795, 302.0, 276.5, 297.50, 281.00, 59771, tse]
[1796, 93.6, 82.5, 82.80, 90.10, 3372, otc]
[1799, 16.95, 15.85, 15.85, 16.40, 120, otc]
[1802, 23.7, 23.0, 23.25, 23.45, 11788, tse]
[1805, 10.95, 10.2, 10.40, 10.60, 1100, tse]
[1806, 9.17, 9.0, 9.01, 9.13, 1662, tse]
[1808, 73.3, 70.8, 73.20, 71.20, 1392, tse]
[1809, 14.75, 14.1, 14.70, 14.15, 4678, tse]
[1810, 20.3, 18.9, 19.00, 19.15, 52420, tse]
[1813, 22.65, 21.8, 22.35, 22.50, 178, otc]
[1815, 12.95, 12.55, 12.60, 12.70, 6261, otc]
[1817, 40.05, 38.8, 39.30, 38.95, 615, tse]
[1903, 49.35, 48.4, 49.15, 48.80, 729, tse]
[1904, 28.85, 28.35, 28.60, 28.85, 2321, tse]
[1905, 17.45, 16.7, 16.80, 17.45, 5258, tse]
[1906, 18.1, 17.7, 17.80, 18.05, 1933, tse]
[1907, 27.15, 25.75, 26.15, 27.15, 10457, tse]
[1909, 19.05, 18.4, 18.65, 18.95, 14476, tse]
[2002, 32.15, 31.4, 31.70, 31.40, 103570, tse]
[2006, 59.7, 56.2, 56.70, 59.60, 9162, tse]
[2007, 12.9, 12.3, 12.45, 12.45, 7625, tse]
[2008, 18.75, 18.4, 18.45, 18.60, 226, tse]
[2009, 37.3, 35.7, 36.85, 35.90, 11764, tse]
[2010, 17.1, 16.6, 16.75, 16.95, 2620, tse]
[2012, 24.6, 24.0, 24.35, 24.55, 499, tse]
[2013, 61.2, 57.7, 58.20, 59.80, 1345, tse]
[2014, 30.2, 28.75, 29.25, 28.90, 71487, tse]
[2015, 72.7, 70.7, 71.60, 71.20, 995, tse]
[2017, 19.2, 17.9, 18.60, 19.10, 16220, tse]
[2020, 23.95, 23.55, 23.90, 23.80, 550, tse]
[2022, 8.9, 8.59, 8.59, 8.82, 5639, tse]
[2023, 17.7, 16.9, 17.00, 17.30, 16359, tse]
[2024, 19.6, 19.1, 19.45, 19.20, 192, tse]
[2025, 5.93, 5.51, 5.51, 5.77, 2931, tse]
[2027, 43.85, 42.85, 42.85, 43.50, 28749, tse]
[2028, 29.5, 28.4, 29.50, 28.70, 3396, tse]
[2029, 26.0, 25.1, 25.50, 25.70, 1299, tse]
[2030, 23.75, 23.35, 23.35, 23.45, 4855, tse]
[2031, 46.2, 43.85, 45.05, 44.70, 8327, tse]
[2032, 21.35, 20.6, 21.15, 20.75, 2057, tse]
[2033, 16.4, 15.2, 15.25, 16.20, 2518, tse]
[2034, 31.45, 30.85, 31.45, 31.10, 8282, tse]
[2035, 32.35, 31.05, 32.10, 32.05, 87, otc]
[2038, 23.6, 22.65, 23.10, 22.80, 4947, tse]
[2049, 253.5, 234.5, 236.00, 251.00, 24076, tse]
[2059, 424.0, 399.0, 403.00, 417.50, 1975, tse]
[2061, 27.25, 26.1, 26.65, 26.35, 768, otc]
[2062, 24.1, 23.4, 23.85, 23.55, 1508, tse]
[2063, 47.8, 45.4, 47.00, 47.60, 632, otc]
[2064, 19.5, 18.15, 18.15, 19.45, 354, otc]
[2065, 58.5, 57.0, 58.00, 58.10, 493, otc]
[2066, 88.0, 82.0, 86.60, 84.20, 811, otc]
[2067, 10.7, 10.55, 10.60, 10.70, 71, otc]
[2069, 21.85, 21.3, 21.50, 21.40, 1763, tse]
[2070, 37.45, 34.5, 35.65, 36.90, 339, otc]
[2101, 37.3, 35.2, 35.20, 36.60, 5682, tse]
[2102, 22.25, 20.55, 20.55, 21.70, 7578, tse]
[2103, 29.6, 28.75, 29.15, 29.05, 5748, tse]
[2104, 21.2, 20.6, 20.60, 20.80, 9475, tse]
[2105, 35.25, 34.25, 34.50, 34.25, 18325, tse]
[2106, 31.7, 31.05, 31.60, 31.05, 2264, tse]
[2107, 22.3, 21.95, 22.00, 22.25, 1096, tse]
[2108, 43.7, 41.9, 42.25, 43.30, 5470, tse]
[2109, 15.0, 14.55, 14.70, 14.85, 733, tse]
[2114, 100.0, 98.2, 98.60, 99.20, 87, tse]
[2115, 31.2, 30.3, 30.30, 30.90, 100, tse]
[2201, 83.0, 77.2, 80.30, 81.30, 111281, tse]
[2204, 59.1, 57.0, 58.00, 57.20, 5276, tse]
[2206, 40.9, 38.6, 39.80, 39.80, 35342, tse]
[2207, 630.0, 610.0, 625.00, 617.00, 1631, tse]
[2208, 24.85, 21.6, 21.75, 23.55, 112770, tse]
[2211, 53.5, 52.0, 53.30, 52.60, 2559, tse]
[2221, 41.0, 38.9, 38.90, 40.55, 1103, otc]
[2227, 204.0, 199.5, 201.50, 204.00, 180, tse]
[2228, 83.2, 80.7, 81.30, 82.20, 1175, tse]
[2230, 77.6, 55.1, 56.20, 71.80, 32134, otc]
[2231, 166.5, 151.0, 161.50, 158.00, 7390, tse]
[2233, 107.0, 103.5, 106.50, 103.50, 762, tse]
[2235, 47.45, 45.85, 46.80, 47.05, 45, otc]
[2236, 42.3, 39.5, 39.55, 41.90, 6197, tse]
[2239, 64.5, 62.4, 62.70, 63.20, 304, tse]
[2241, 34.5, 32.35, 32.80, 33.90, 426, tse]
[2243, 20.5, 17.05, 17.20, 19.70, 10613, tse]
[2247, 235.0, 226.0, 227.00, 232.50, 660, tse]
[2250, 76.4, 72.1, 72.30, 73.70, 132, tse]
[2301, 70.4, 69.1, 69.70, 69.50, 39206, tse]
[2302, 17.9, 17.25, 17.60, 17.50, 2195, tse]
[2303, 50.8, 49.4, 50.00, 49.95, 266557, tse]
[2305, 25.25, 23.5, 24.90, 23.65, 3572, tse]
[2308, 298.5, 286.0, 294.50, 286.50, 29134, tse]
[2312, 14.0, 13.65, 13.80, 13.70, 19852, tse]
[2313, 46.9, 45.4, 46.80, 45.60, 33033, tse]
[2314, 46.8, 43.75, 45.25, 43.90, 10719, tse]
[2316, 28.15, 27.8, 28.00, 27.90, 711, tse]
[2317, 104.0, 101.0, 103.50, 101.00, 137786, tse]
[2321, 19.9, 18.0, 19.20, 18.05, 131, tse]
[2323, 8.17, 7.87, 7.91, 8.03, 28797, tse]
[2324, 24.3, 23.5, 23.55, 24.15, 52494, tse]
[2327, 574.0, 535.0, 574.00, 538.00, 13373, tse]
[2328, 40.15, 38.35, 39.50, 38.50, 13636, tse]
[2329, 20.15, 19.25, 19.95, 19.65, 16995, tse]
[2330, 525.0, 505.0, 514.00, 511.00, 138029, tse]
[2331, 21.95, 21.2, 21.30, 21.55, 6138, tse]
[2332, 17.5, 16.5, 16.75, 17.20, 27880, tse]
[2337, 35.4, 34.3, 35.05, 34.45, 22642, tse]
[2338, 88.0, 82.3, 86.80, 82.60, 14788, tse]
[2340, 39.2, 37.3, 37.85, 37.60, 15526, tse]
[2342, 43.5, 41.3, 42.00, 41.40, 6629, tse]
[2344, 24.1, 23.0, 23.30, 23.05, 152734, tse]
[2345, 288.0, 268.0, 283.00, 283.00, 14452, tse]
[2347, 64.4, 62.5, 63.30, 62.50, 14334, tse]
[2348, 68.0, 66.8, 67.10, 67.70, 282, tse]
[2349, 8.95, 8.33, 8.33, 8.61, 12812, tse]
[2351, 130.0, 120.5, 125.50, 124.00, 11042, tse]
[2352, 30.15, 29.05, 29.05, 30.00, 25852, tse]
[2353, 25.95, 25.3, 25.70, 25.35, 32310, tse]
[2354, 56.6, 54.7, 55.80, 55.50, 14559, tse]
[2355, 30.55, 29.4, 30.05, 29.50, 4526, tse]
[2356, 26.95, 26.3, 26.40, 26.60, 25908, tse]
[2357, 282.0, 277.0, 279.50, 278.00, 6836, tse]
[2358, 15.8, 15.15, 15.65, 15.25, 6149, tse]
[2359, 26.85, 26.05, 26.15, 26.60, 7626, tse]
[2360, 198.0, 184.0, 194.00, 184.50, 9926, tse]
[2362, 31.8, 31.1, 31.55, 31.10, 1289, tse]
[2363, 18.9, 17.75, 17.90, 18.45, 20891, tse]
[2364, 116.5, 108.5, 115.50, 110.50, 2794, tse]
[2365, 10.6, 10.3, 10.35, 10.40, 1239, tse]
[2367, 19.35, 18.7, 18.95, 18.75, 28953, tse]
[2368, 92.5, 86.2, 88.50, 92.10, 71040, tse]
[2369, 15.7, 15.1, 15.40, 15.15, 10707, tse]
[2371, 34.55, 33.45, 34.10, 33.50, 27653, tse]
[2373, 80.5, 78.7, 78.90, 80.50, 231, tse]
[2374, 21.1, 20.55, 20.70, 20.75, 2682, tse]
[2375, 71.8, 66.8, 71.80, 66.80, 8490, tse]
[2376, 124.0, 114.5, 118.00, 119.00, 31504, tse]
[2377, 145.0, 133.0, 135.00, 137.00, 17840, tse]
[2379, 395.0, 360.5, 363.00, 380.00, 28616, tse]
[2380, 11.0, 10.65, 10.90, 10.75, 3569, tse]
[2382, 81.0, 78.2, 78.70, 80.10, 29693, tse]
[2383, 195.0, 184.5, 187.50, 190.50, 10796, tse]
[2385, 92.5, 89.8, 89.80, 92.00, 6364, tse]
[2387, 39.45, 38.65, 39.20, 39.20, 1541, tse]
[2388, 90.8, 73.9, 74.00, 90.80, 212469, tse]
[2390, 13.35, 12.85, 13.05, 12.90, 5629, tse]
[2392, 40.55, 39.7, 40.00, 39.90, 5199, tse]
[2393, 39.3, 37.55, 37.60, 38.50, 7089, tse]
[2395, 364.0, 352.0, 356.00, 357.00, 3037, tse]
[2397, 66.7, 62.9, 62.90, 65.30, 1559, tse]
[2399, 16.75, 14.6, 15.15, 15.75, 33823, tse]
[2401, 27.0, 25.5, 26.55, 26.10, 18477, tse]
[2402, 19.45, 18.65, 19.10, 19.10, 10984, tse]
[2404, 228.0, 216.5, 219.00, 225.50, 5296, tse]
[2405, 13.0, 12.55, 12.85, 12.60, 7577, tse]
[2406, 20.2, 19.7, 20.20, 19.70, 4874, tse]
[2408, 60.5, 58.4, 59.70, 58.40, 28276, tse]
[2409, 18.95, 18.15, 18.50, 18.60, 389771, tse]
[2412, 116.0, 113.5, 114.00, 115.50, 33541, tse]
[2413, 30.35, 28.2, 28.95, 28.35, 10386, tse]
[2414, 32.65, 31.4, 31.65, 32.40, 715, tse]
[2415, 26.0, 25.0, 25.00, 25.10, 1148, tse]
[2417, 24.2, 23.35, 24.20, 23.80, 1529, tse]
[2419, 27.35, 26.35, 27.05, 27.25, 11810, tse]
[2420, 42.55, 41.6, 41.90, 42.50, 809, tse]
[2421, 43.55, 42.2, 42.60, 43.40, 3865, tse]
[2423, 29.35, 27.95, 28.00, 29.15, 1374, tse]
[2424, 22.35, 20.45, 21.15, 21.20, 214, tse]
[2425, 38.0, 33.8, 34.50, 35.40, 25747, tse]
[2426, 18.5, 17.5, 17.70, 17.85, 3204, tse]
[2427, 13.2, 12.65, 13.05, 12.95, 2349, tse]
[2428, 147.5, 140.0, 147.50, 142.00, 2208, tse]
[2429, 10.35, 10.0, 10.25, 10.30, 119, tse]
[2430, 48.3, 46.6, 47.00, 48.00, 1743, tse]
[2431, 10.45, 10.15, 10.15, 10.20, 942, tse]
[2433, 49.7, 49.35, 49.40, 49.55, 67, tse]
[2434, 28.4, 27.5, 27.70, 27.70, 302, tse]
[2436, 52.1, 49.4, 49.60, 50.60, 14220, tse]
[2438, 14.3, 13.95, 14.10, 14.15, 171, tse]
[2439, 85.9, 83.2, 84.40, 85.20, 3774, tse]
[2440, 12.1, 11.5, 11.75, 12.05, 1838, tse]
[2441, 53.7, 52.0, 52.80, 53.20, 3928, tse]
[2442, 13.4, 13.0, 13.05, 13.35, 2635, tse]
[2443, 2.99, 2.82, 2.83, 2.90, 968, tse]
[2444, 18.2, 16.85, 17.40, 16.90, 12209, tse]
[2449, 42.0, 40.2, 40.45, 41.85, 27165, tse]
[2450, 33.65, 33.0, 33.05, 33.50, 1971, tse]
[2451, 70.9, 68.5, 68.60, 70.30, 1755, tse]
[2453, 46.55, 42.0, 44.20, 45.40, 23481, tse]
[2454, 752.0, 713.0, 725.00, 723.00, 26411, tse]
[2455, 89.4, 84.3, 88.70, 84.50, 12687, tse]
[2457, 47.65, 42.35, 42.40, 45.45, 181689, tse]
[2458, 114.5, 102.5, 103.00, 108.50, 16499, tse]
[2459, 56.7, 54.8, 55.30, 56.50, 353, tse]
[2460, 18.85, 17.65, 17.80, 18.55, 1930, tse]
[2461, 20.8, 19.7, 19.70, 20.40, 3182, tse]
[2462, 33.7, 31.3, 33.65, 32.35, 8444, tse]
[2464, 39.75, 38.95, 39.10, 39.15, 1611, tse]
[2465, 43.5, 40.5, 42.25, 41.55, 10386, tse]
[2466, 34.9, 34.25, 34.70, 34.75, 77, tse]
[2467, 47.15, 45.4, 46.20, 46.65, 842, tse]
[2468, 29.7, 27.45, 29.15, 27.45, 10371, tse]
[2471, 44.5, 38.0, 39.90, 39.35, 42988, tse]
[2472, 67.5, 63.4, 64.10, 63.60, 10826, tse]
[2474, 191.0, 183.0, 188.00, 184.50, 14452, tse]
[2476, 50.9, 47.5, 47.75, 49.05, 12503, tse]
[2477, 22.75, 20.0, 20.00, 21.35, 2196, tse]
[2478, 50.8, 48.15, 50.50, 48.45, 1319, tse]
[2480, 94.5, 87.0, 87.00, 93.30, 2238, tse]
[2481, 68.3, 65.6, 66.80, 66.80, 11602, tse]
[2482, 51.0, 46.2, 50.80, 47.85, 36908, tse]
[2483, 26.6, 25.45, 26.10, 26.05, 1726, tse]
[2484, 39.1, 37.8, 38.70, 38.75, 22014, tse]
[2485, 18.45, 17.85, 18.10, 18.00, 5697, tse]
[2486, 24.45, 23.25, 23.90, 23.45, 9848, tse]
[2488, 30.25, 29.15, 29.15, 30.15, 931, tse]
[2489, 10.85, 10.35, 10.40, 10.70, 13055, tse]
[2491, 12.4, 11.95, 11.95, 12.05, 312, tse]
[2492, 102.5, 98.1, 101.50, 100.50, 16884, tse]
[2493, 53.3, 48.4, 48.75, 51.40, 1787, tse]
[2495, 19.45, 18.8, 19.15, 19.10, 8333, tse]
[2496, 52.4, 50.0, 50.60, 51.60, 174, tse]
[2497, 79.3, 75.4, 77.90, 76.20, 7237, tse]
[2498, 68.7, 64.5, 66.20, 65.40, 173603, tse]
[2501, 17.3, 16.6, 16.70, 17.30, 2439, tse]
[2504, 27.85, 26.5, 26.50, 27.70, 14291, tse]
[2505, 19.25, 18.6, 18.70, 19.20, 1492, tse]
[2506, 9.53, 9.33, 9.34, 9.51, 1824, tse]
[2509, 15.9, 14.8, 14.80, 15.80, 551, tse]
[2511, 11.5, 11.3, 11.40, 11.50, 2296, tse]
[2514, 17.25, 16.8, 16.90, 17.20, 943, tse]
[2515, 8.83, 8.59, 8.59, 8.81, 15408, tse]
[2516, 5.16, 5.01, 5.05, 5.11, 1013, tse]
[2520, 29.25, 28.75, 28.90, 29.05, 1941, tse]
[2524, 33.1, 32.5, 32.90, 33.05, 169, tse]
[2527, 21.8, 21.35, 21.45, 21.80, 817, tse]
[2528, 17.85, 17.3, 17.50, 17.70, 308, tse]
[2530, 17.75, 17.25, 17.70, 17.60, 2394, tse]
[2534, 23.7, 23.2, 23.30, 23.40, 9331, tse]
[2535, 31.85, 31.05, 31.20, 31.70, 1719, tse]
[2536, 22.6, 22.25, 22.35, 22.60, 596, tse]
[2537, 7.27, 7.0, 7.04, 7.22, 7079, tse]
[2538, 13.15, 12.95, 12.95, 13.15, 2266, tse]
[2539, 34.75, 33.95, 34.50, 34.75, 1316, tse]
[2540, 78.8, 75.2, 78.80, 76.80, 411, tse]
[2542, 42.5, 41.85, 42.00, 42.40, 10530, tse]
[2543, 9.55, 8.99, 9.07, 9.27, 536, tse]
[2545, 44.75, 43.35, 43.60, 44.45, 1541, tse]
[2546, 57.2, 56.0, 56.00, 56.70, 565, tse]
[2547, 10.05, 9.2, 9.21, 9.61, 9406, tse]
[2548, 92.3, 90.1, 90.50, 92.30, 1783, tse]
[2596, 20.4, 19.65, 19.65, 19.95, 924, otc]
[2597, 124.5, 122.0, 123.50, 122.50, 331, tse]
[2601, 10.0, 8.37, 8.40, 10.00, 52891, tse]
[2603, 159.5, 145.0, 146.00, 157.00, 154447, tse]
[2605, 25.7, 20.9, 21.00, 25.70, 74863, tse]
[2606, 62.0, 49.3, 50.00, 61.00, 74446, tse]
[2607, 28.3, 27.25, 27.30, 28.00, 18895, tse]
[2608, 38.85, 38.05, 38.50, 38.20, 1272, tse]
[2609, 65.2, 59.7, 59.80, 64.60, 191647, tse]
[2610, 21.75, 20.3, 21.20, 20.30, 332579, tse]
[2611, 15.7, 13.4, 13.40, 15.05, 25434, tse]
[2612, 44.45, 38.25, 38.25, 43.00, 14759, tse]
[2613, 24.4, 22.3, 22.30, 24.15, 5800, tse]
[2614, 24.0, 23.2, 23.25, 23.25, 10272, tse]
[2615, 80.5, 72.9, 73.50, 79.60, 92267, tse]
[2616, 31.3, 30.95, 31.10, 31.15, 955, tse]
[2617, 30.2, 26.85, 26.95, 30.00, 20145, tse]
[2618, 30.35, 28.3, 29.40, 28.30, 300661, tse]
[2630, 18.1, 17.35, 17.55, 17.60, 1423, tse]
[2633, 29.45, 29.0, 29.10, 29.40, 18246, tse]
[2634, 39.9, 38.25, 38.90, 38.50, 91745, tse]
[2636, 69.9, 65.6, 65.80, 69.00, 4195, tse]
[2637, 68.6, 59.7, 60.00, 68.00, 64436, tse]
[2640, 112.5, 105.5, 111.00, 108.00, 1105, otc]
[2641, 20.2, 17.45, 17.55, 19.75, 48922, otc]
[2642, 49.85, 48.35, 49.45, 48.95, 720, tse]
[2643, 72.8, 69.2, 69.30, 72.00, 554, otc]
[2701, 13.9, 12.7, 12.95, 13.25, 15938, tse]
[2702, 28.3, 25.15, 26.10, 26.90, 20473, tse]
[2704, 40.3, 34.2, 34.60, 38.40, 9188, tse]
[2705, 20.2, 17.85, 18.90, 18.80, 38301, tse]
[2706, 15.75, 14.7, 14.85, 15.25, 13325, tse]
[2707, 315.0, 264.5, 280.50, 312.50, 34662, tse]
[2712, 39.8, 33.75, 33.85, 37.90, 9527, tse]
[2718, 36.0, 34.9, 34.90, 35.20, 46, otc]
[2719, 62.0, 48.1, 48.20, 55.20, 2028, otc]
[2722, 48.85, 36.5, 37.15, 47.40, 11068, tse]
[2723, 165.0, 152.5, 162.00, 158.00, 12564, tse]
[2724, 15.1, 13.4, 13.40, 14.00, 12, otc]
[2726, 30.55, 25.35, 26.80, 29.05, 1873, otc]
[2727, 282.0, 234.0, 251.50, 278.50, 36498, tse]
[2729, 266.5, 240.5, 266.50, 255.50, 2803, otc]
[2731, 136.5, 123.0, 134.50, 127.50, 35470, tse]
[2732, 165.0, 151.0, 156.00, 162.50, 15831, otc]
[2734, 36.35, 30.8, 32.60, 35.05, 7307, otc]
[2736, 29.4, 24.05, 25.05, 28.00, 41908, otc]
[2739, 54.0, 38.5, 38.85, 54.00, 10081, tse]
[2740, 47.0, 46.35, 46.35, 47.00, 5, otc]
[2743, 67.3, 62.8, 65.50, 64.00, 11372, otc]
[2745, 43.4, 40.7, 41.90, 42.35, 2111, otc]
[2748, 110.5, 92.3, 98.20, 98.20, 97177, tse]
[2752, 264.0, 255.0, 262.00, 259.00, 190, otc]
[2753, 261.5, 237.0, 249.00, 251.00, 12775, tse]
[2754, 225.0, 189.5, 195.00, 207.00, 2525, otc]
[2755, 108.5, 91.0, 91.20, 108.50, 350, otc]
[2756, 122.0, 112.0, 120.00, 118.50, 203, otc]
[2801, 17.55, 17.35, 17.40, 17.45, 21226, tse]
[2809, 34.6, 34.0, 34.20, 34.10, 5247, tse]
[2812, 13.85, 13.25, 13.25, 13.75, 56056, tse]
[2816, 16.7, 16.2, 16.35, 16.70, 237, tse]
[2820, 15.55, 15.3, 15.55, 15.55, 1882, tse]
[2832, 20.9, 20.6, 20.70, 20.80, 685, tse]
[2834, 14.6, 13.75, 13.80, 14.40, 205609, tse]
[2836, 12.85, 12.55, 12.75, 12.55, 2953, tse]
[2838, 16.4, 16.0, 16.40, 16.25, 3621, tse]
[2845, 11.85, 11.6, 11.75, 11.85, 26579, tse]
[2849, 14.85, 14.65, 14.65, 14.85, 266, tse]
[2850, 51.3, 50.3, 51.00, 50.60, 740, tse]
[2851, 18.7, 18.35, 18.50, 18.55, 8402, tse]
[2852, 17.0, 16.85, 16.85, 17.00, 1639, tse]
[2855, 17.25, 16.9, 16.95, 17.20, 2237, tse]
[2867, 5.52, 5.33, 5.51, 5.39, 115211, tse]
[2880, 23.1, 22.65, 22.90, 22.85, 41912, tse]
[2881, 61.1, 59.3, 60.00, 60.00, 53323, tse]
[2882, 44.5, 43.15, 44.00, 43.45, 107747, tse]
[2883, 13.35, 13.0, 13.15, 13.20, 141427, tse]
[2884, 26.1, 24.55, 25.45, 24.95, 342286, tse]
[2885, 22.95, 22.5, 22.75, 22.75, 65042, tse]
[2886, 34.1, 33.1, 33.50, 33.30, 69107, tse]
[2887, 16.65, 16.35, 16.40, 16.45, 70772, tse]
[2888, 8.89, 8.71, 8.74, 8.89, 103912, tse]
[2889, 12.75, 12.3, 12.75, 12.60, 20615, tse]
[2890, 17.4, 17.1, 17.30, 17.20, 85240, tse]
[2891, 23.0, 22.5, 22.80, 22.75, 105574, tse]
[2892, 27.1, 26.5, 26.55, 26.80, 122828, tse]
[2897, 9.8, 9.53, 9.68, 9.71, 24630, tse]
[2901, 26.45, 24.85, 25.00, 25.60, 229, tse]
[2903, 22.9, 21.75, 21.80, 22.50, 14726, tse]
[2904, 22.45, 21.45, 22.30, 21.60, 555, tse]
[2905, 17.3, 16.55, 16.80, 16.85, 3373, tse]
[2906, 20.4, 18.25, 18.95, 18.50, 26157, tse]
[2908, 20.15, 19.95, 20.05, 20.15, 965, tse]
[2910, 30.35, 29.35, 29.35, 30.20, 83, tse]
[2911, 7.86, 7.07, 7.10, 7.42, 2989, tse]
[2912, 270.0, 267.0, 268.00, 267.00, 7115, tse]
[2913, 22.4, 21.5, 21.70, 21.95, 4565, tse]
[2915, 68.4, 66.8, 67.70, 67.60, 9203, tse]
[2916, 31.8, 30.1, 30.15, 31.50, 1003, otc]
[2923, 25.4, 21.8, 21.85, 24.60, 520, tse]
[2924, 37.4, 35.7, 37.10, 37.40, 11, otc]
[2926, 59.9, 58.5, 59.90, 59.10, 68, otc]
[2929, 17.25, 16.15, 16.30, 16.25, 15465, tse]
[2937, 38.4, 36.65, 37.95, 38.10, 108, otc]
[2939, 35.45, 32.5, 33.95, 32.85, 491, tse]
[2945, 46.5, 45.65, 46.00, 45.80, 97, tse]
[2947, 97.8, 95.0, 97.80, 95.90, 49, otc]
[3002, 12.1, 11.65, 11.80, 11.95, 987, tse]
[3003, 74.1, 71.7, 71.80, 71.80, 2033, tse]
[3004, 88.0, 82.1, 85.90, 86.50, 1339, tse]
[3005, 49.3, 47.1, 47.25, 49.20, 6213, tse]
[3006, 84.0, 78.8, 81.00, 78.90, 26970, tse]
[3008, 2270.0, 2165.0, 2,165.00, 2,205.00, 1828, tse]
[3010, 88.5, 85.5, 85.50, 87.60, 1190, tse]
[3011, 21.5, 18.15, 18.15, 20.30, 20611, tse]
[3013, 21.7, 20.0, 20.75, 20.75, 31558, tse]
[3014, 94.0, 85.3, 85.30, 88.90, 8186, tse]
[3015, 42.45, 40.7, 40.75, 42.45, 802, tse]
[3016, 78.5, 75.5, 76.00, 75.60, 2847, tse]
[3017, 127.0, 111.5, 114.50, 120.50, 40249, tse]
[3019, 67.4, 65.0, 65.40, 65.10, 4030, tse]
[3021, 22.15, 21.15, 21.50, 21.80, 807, tse]
[3022, 88.4, 80.4, 88.40, 81.80, 22517, tse]
[3023, 299.5, 291.0, 296.50, 298.00, 3184, tse]
[3024, 14.35, 13.65, 14.15, 13.85, 6200, tse]
[3025, 22.85, 21.2, 21.40, 21.35, 5662, tse]
[3026, 97.0, 94.6, 95.80, 96.20, 843, tse]
[3027, 44.85, 39.7, 40.60, 42.90, 112448, tse]
[3028, 30.0, 29.65, 30.00, 29.85, 1102, tse]
[3029, 49.3, 46.95, 47.40, 48.65, 20106, tse]
[3030, 64.1, 62.6, 62.90, 63.50, 2547, tse]
[3031, 17.0, 16.3, 16.30, 16.50, 1336, tse]
[3032, 34.0, 33.0, 33.65, 33.55, 938, tse]
[3033, 27.95, 27.5, 27.65, 27.85, 4132, tse]
[3034, 425.0, 401.5, 406.00, 407.50, 40039, tse]
[3035, 202.0, 181.0, 197.00, 185.50, 118499, tse]
[3036, 68.0, 64.3, 66.60, 65.00, 9639, tse]
[3037, 138.5, 128.0, 137.00, 128.00, 129395, tse]
[3038, 22.5, 21.35, 21.50, 22.40, 7250, tse]
[3040, 32.8, 30.0, 30.00, 32.05, 323, tse]
[3041, 22.7, 21.85, 21.85, 21.95, 4728, tse]
[3042, 87.3, 85.9, 86.50, 86.20, 4823, tse]
[3043, 29.6, 28.6, 28.90, 29.00, 255, tse]
[3044, 106.0, 101.5, 102.00, 105.00, 4741, tse]
[3045, 97.9, 96.0, 96.60, 96.60, 12469, tse]
[3046, 56.2, 52.0, 53.00, 52.50, 14560, tse]
[3047, 15.95, 15.45, 15.60, 15.50, 10490, tse]
[3048, 28.95, 28.25, 28.35, 28.75, 3618, tse]
[3049, 10.5, 9.73, 9.75, 10.15, 28619, tse]
[3050, 17.6, 17.3, 17.40, 17.30, 1414, tse]
[3051, 20.0, 18.9, 19.20, 19.10, 4371, tse]
[3052, 11.05, 10.4, 10.40, 10.95, 2113, tse]
[3054, 19.4, 18.65, 18.90, 19.00, 111, tse]
[3055, 32.8, 29.95, 30.00, 32.25, 3034, tse]
[3056, 33.35, 31.75, 31.95, 33.30, 4423, tse]
[3057, 11.8, 11.1, 11.20, 11.35, 1552, tse]
[3058, 15.4, 12.9, 14.00, 14.80, 18539, tse]
[3059, 35.4, 34.5, 34.60, 34.50, 5742, tse]
[3060, 17.95, 17.55, 17.55, 17.80, 1106, tse]
[3062, 25.55, 24.0, 25.45, 24.05, 16892, tse]
[3064, 14.05, 14.0, 14.00, 14.05, 40, otc]
[3066, 24.7, 23.75, 23.85, 24.20, 299, otc]
[3067, 33.05, 30.55, 32.65, 33.00, 20, otc]
[3071, 26.2, 25.1, 25.10, 25.85, 834, otc]
[3078, 34.2, 31.7, 31.80, 32.45, 8068, otc]
[3081, 138.5, 124.0, 129.00, 131.50, 19136, otc]
[3083, 46.6, 45.2, 46.60, 45.70, 1308, otc]
[3085, 22.7, 20.35, 21.35, 22.20, 66, otc]
[3086, 82.5, 78.7, 81.00, 79.20, 138, otc]
[3088, 70.2, 62.3, 62.30, 68.50, 16025, otc]
[3089, 62.2, 59.0, 61.50, 60.40, 110, otc]
[3090, 56.6, 55.7, 56.50, 56.40, 2340, tse]
[3092, 39.9, 37.8, 38.40, 37.80, 2770, tse]
[3093, 31.2, 30.25, 30.90, 30.90, 3918, otc]
[3094, 35.3, 28.85, 29.25, 33.45, 37421, tse]
[3095, 34.0, 32.3, 34.00, 32.90, 55, otc]
[3105, 182.5, 170.0, 174.00, 170.00, 21814, otc]
[3114, 27.1, 26.55, 26.75, 27.00, 877, otc]
[3115, 13.0, 11.65, 12.00, 12.15, 73, otc]
[3118, 28.7, 28.3, 28.55, 28.50, 83, otc]
[3122, 29.1, 27.75, 27.95, 28.20, 2052, otc]
[3128, 49.9, 45.65, 47.75, 45.65, 18270, otc]
[3130, 203.5, 201.5, 202.50, 203.50, 159, tse]
[3131, 263.5, 244.5, 245.00, 256.00, 806, otc]
[3138, 165.5, 151.5, 151.50, 158.50, 5478, tse]
[3141, 119.0, 108.0, 113.50, 108.00, 29022, otc]
[3147, 60.6, 56.6, 57.80, 60.00, 4509, otc]
[3149, 19.1, 18.5, 18.60, 18.70, 2150, tse]
[3152, 249.5, 224.5, 230.00, 235.50, 1653, otc]
[3162, 56.6, 51.8, 54.10, 53.90, 21760, otc]
[3163, 58.5, 54.8, 56.20, 55.80, 14115, otc]
[3164, 26.0, 23.5, 23.70, 24.35, 2257, tse]
[3167, 45.95, 44.1, 44.40, 45.35, 287, tse]
[3169, 123.5, 112.5, 117.50, 115.00, 5136, otc]
[3171, 17.55, 17.15, 17.20, 17.30, 94, otc]
[3176, 33.0, 32.1, 32.50, 32.60, 1072, otc]
[3178, 71.7, 68.5, 69.40, 68.70, 637, otc]
[3188, 13.05, 12.45, 12.75, 12.90, 1423, otc]
[3189, 112.0, 108.5, 109.50, 108.50, 25302, tse]
[3191, 8.88, 8.0, 8.21, 8.10, 118, otc]
[3202, 15.45, 14.9, 15.00, 14.95, 1660, otc]
[3205, 47.9, 43.6, 47.60, 43.70, 1715, otc]
[3206, 30.85, 29.6, 29.75, 30.60, 732, otc]
[3207, 75.1, 66.8, 67.50, 71.40, 26052, otc]
[3209, 43.8, 41.15, 41.80, 43.70, 13651, tse]
[3211, 82.6, 78.4, 79.00, 81.90, 1461, otc]
[3213, 48.5, 45.05, 45.20, 47.35, 561, otc]
[3217, 100.5, 93.2, 94.00, 94.00, 7825, otc]
[3218, 332.5, 312.0, 324.00, 324.00, 2365, otc]
[3219, 64.5, 59.8, 64.30, 60.90, 166, otc]
[3221, 29.7, 28.35, 29.60, 29.00, 3848, otc]
[3224, 51.7, 47.6, 50.00, 47.60, 17450, otc]
[3226, 57.6, 53.5, 55.00, 55.60, 14, otc]
[3227, 113.5, 107.0, 109.50, 111.00, 3007, otc]
[3228, 209.0, 190.0, 192.50, 195.50, 12107, otc]
[3229, 19.85, 19.35, 19.60, 19.70, 75, tse]
[3230, 12.4, 11.95, 12.25, 12.20, 799, otc]
[3231, 33.25, 31.5, 31.70, 33.15, 69458, tse]
[3232, 31.4, 29.1, 29.65, 31.30, 1157, otc]
[3234, 24.3, 23.1, 23.60, 23.10, 3098, otc]
[3236, 25.85, 24.95, 25.85, 25.20, 1444, otc]
[3252, 22.5, 19.55, 20.30, 20.35, 7920, otc]
[3257, 48.95, 47.5, 48.40, 47.60, 373, tse]
[3259, 21.05, 20.05, 20.60, 20.55, 348, otc]
[3260, 70.0, 66.1, 69.00, 66.30, 9028, otc]
[3264, 56.9, 53.8, 55.10, 56.10, 23014, otc]
[3265, 51.8, 49.4, 49.80, 50.70, 4803, otc]
[3266, 12.15, 11.85, 11.85, 12.15, 604, tse]
[3268, 23.95, 22.9, 23.45, 23.10, 411, otc]
[3272, 43.5, 41.6, 42.75, 42.20, 2623, otc]
[3276, 15.1, 13.6, 13.70, 14.20, 5926, otc]
[3284, 14.6, 14.0, 14.15, 14.35, 820, otc]
[3285, 20.35, 19.75, 20.15, 19.85, 60, otc]
[3287, 14.05, 13.5, 13.55, 13.90, 511, otc]
[3288, 22.45, 21.1, 22.45, 21.90, 32, otc]
[3289, 90.3, 84.8, 87.10, 85.50, 11965, otc]
[3290, 28.0, 25.55, 26.15, 27.95, 26197, otc]
[3293, 522.0, 489.0, 522.00, 505.00, 5312, otc]
[3294, 18.0, 17.6, 17.65, 17.65, 539, otc]
[3296, 18.15, 16.95, 17.00, 17.60, 6034, tse]
[3297, 19.2, 17.8, 18.45, 17.85, 1478, otc]
[3303, 27.6, 26.55, 26.60, 27.10, 1264, otc]
[3305, 49.3, 47.3, 48.85, 48.65, 3208, tse]
[3306, 24.25, 23.45, 24.15, 23.55, 636, otc]
[3308, 15.35, 14.8, 15.10, 15.15, 185, tse]
[3310, 58.9, 53.3, 53.60, 58.90, 1004, otc]
[3311, 35.0, 34.0, 34.15, 34.45, 146, tse]
[3312, 18.5, 18.2, 18.20, 18.40, 1100, tse]
[3313, 11.55, 10.2, 10.40, 10.95, 588, otc]
[3317, 59.6, 57.0, 59.10, 57.40, 1652, otc]
[3321, 9.08, 8.2, 9.01, 8.36, 3316, tse]
[3322, 21.7, 20.55, 20.60, 20.80, 8283, otc]
[3323, 35.45, 34.95, 35.10, 35.20, 973, otc]
[3324, 173.5, 157.5, 171.50, 161.00, 8642, otc]
[3325, 14.25, 13.7, 13.95, 13.85, 894, otc]
[3332, 48.35, 44.75, 45.90, 47.15, 292, otc]
[3338, 36.95, 35.25, 36.30, 35.55, 1782, tse]
[3339, 13.7, 12.55, 12.55, 13.05, 1440, otc]
[3346, 40.85, 37.9, 38.10, 38.40, 9844, tse]
[3349, 13.9, 13.3, 13.40, 13.90, 166, otc]
[3354, 14.7, 13.6, 13.75, 14.15, 817, otc]
[3356, 41.95, 39.3, 40.30, 39.30, 7042, tse]
[3357, 118.0, 105.5, 108.50, 113.50, 2189, otc]
[3360, 14.3, 13.8, 13.85, 14.15, 470, otc]
[3362, 87.4, 78.0, 78.30, 83.30, 31702, otc]
[3363, 24.9, 23.95, 24.10, 24.25, 922, otc]
[3372, 12.15, 11.8, 12.05, 12.00, 1245, otc]
[3373, 26.15, 25.4, 25.40, 25.95, 535, otc]
[3374, 105.0, 101.5, 104.00, 103.00, 5259, otc]
[3376, 92.6, 88.2, 90.60, 89.00, 3797, tse]
[3379, 12.0, 11.75, 11.90, 12.00, 189, otc]
[3380, 32.9, 31.2, 31.90, 32.50, 12679, tse]
[3388, 75.7, 74.4, 75.20, 75.00, 175, otc]
[3390, 19.8, 18.85, 18.85, 19.30, 1976, otc]
[3402, 47.8, 45.8, 45.80, 47.10, 1857, otc]
[3406, 403.0, 386.0, 388.00, 389.00, 11328, tse]
[3413, 209.0, 199.5, 202.00, 207.50, 2430, tse]
[3416, 98.9, 86.1, 86.10, 95.50, 6173, tse]
[3419, 20.4, 18.65, 18.65, 19.65, 17724, tse]
[3426, 38.5, 37.9, 38.45, 38.20, 34, otc]
[3430, 48.65, 45.5, 45.55, 47.60, 1126, otc]
[3432, 19.9, 18.2, 18.40, 18.90, 7622, tse]
[3434, 25.5, 24.35, 24.60, 24.50, 623, otc]
[3437, 19.25, 18.25, 18.70, 19.00, 1101, tse]
[3438, 60.8, 57.7, 59.90, 58.40, 1559, otc]
[3441, 43.8, 40.0, 41.95, 40.05, 5158, otc]
[3443, 1175.0, 978.0, 980.00, 1,160.00, 36500, tse]
[3444, 65.6, 61.6, 61.80, 62.70, 4700, otc]
[3447, 47.4, 45.0, 47.15, 46.00, 2447, tse]
[3450, 41.9, 40.55, 41.25, 40.70, 789, tse]
[3454, 253.5, 223.5, 239.50, 232.50, 32043, tse]
[3455, 92.1, 88.3, 88.30, 90.60, 4418, otc]
[3465, 97.6, 93.5, 97.50, 95.30, 112, otc]
[3466, 30.4, 28.35, 30.00, 28.35, 3970, otc]
[3479, 90.8, 85.9, 89.80, 85.90, 14703, otc]
[3481, 15.15, 14.2, 14.40, 14.70, 765720, tse]
[3483, 65.1, 61.9, 65.00, 62.60, 2638, otc]
[3484, 48.6, 46.6, 46.65, 47.05, 1215, otc]
[3489, 10.6, 10.2, 10.40, 10.50, 345, otc]
[3490, 25.95, 25.2, 25.30, 25.60, 721, otc]
[3491, 157.0, 140.5, 143.50, 149.50, 16151, otc]
[3492, 19.45, 18.85, 19.20, 19.25, 294, otc]
[3494, 12.05, 11.15, 11.30, 11.25, 7009, tse]
[3498, 34.6, 33.5, 33.70, 33.70, 644, otc]
[3499, 19.5, 18.1, 18.20, 18.30, 5206, otc]
[3501, 51.3, 49.55, 49.80, 50.90, 1173, tse]
[3504, 88.4, 82.8, 83.10, 83.10, 7325, tse]
[3508, 40.95, 38.1, 38.55, 39.35, 9168, otc]
[3511, 36.3, 34.95, 35.00, 35.40, 3651, otc]
[3512, 30.0, 28.6, 28.80, 29.00, 224, otc]
[3515, 171.0, 149.0, 151.00, 158.50, 18087, tse]
[3516, 16.4, 15.95, 16.10, 16.15, 103, otc]
[3518, 21.6, 21.2, 21.50, 21.50, 574, tse]
[3520, 23.15, 19.9, 20.00, 21.80, 18498, otc]
[3521, 24.2, 22.65, 23.80, 22.75, 2043, otc]
[3522, 12.5, 11.1, 11.80, 12.25, 855, otc]
[3523, 19.95, 18.5, 18.80, 19.25, 166, otc]
[3526, 136.0, 131.0, 134.00, 133.00, 1207, otc]
[3527, 123.5, 115.5, 115.50, 116.00, 2979, otc]
[3528, 56.9, 53.5, 54.10, 54.60, 1359, tse]
[3529, 1890.0, 1605.0, 1,605.00, 1,870.00, 4225, otc]
[3530, 90.5, 83.6, 85.60, 85.90, 1436, tse]
[3531, 28.2, 27.05, 27.25, 27.85, 530, otc]
[3532, 158.5, 150.5, 153.50, 151.00, 5398, tse]
[3533, 886.0, 804.0, 830.00, 861.00, 3962, tse]
[3535, 24.3, 22.65, 22.85, 24.30, 10263, tse]
[3536, 4.2, 3.98, 3.98, 4.16, 265, tse]
[3537, 39.95, 38.55, 39.25, 39.15, 1068, otc]
[3540, 37.0, 33.4, 35.20, 33.85, 6852, otc]
[3541, 58.5, 57.0, 57.00, 57.70, 415, otc]
[3543, 20.6, 19.8, 20.10, 20.15, 156, tse]
[3545, 78.2, 71.3, 74.00, 71.90, 29996, tse]
[3546, 76.2, 74.1, 76.20, 75.20, 489, otc]
[3548, 72.2, 67.1, 68.30, 67.70, 5135, otc]
[3550, 14.8, 13.85, 13.90, 14.75, 1618, tse]
[3551, 62.3, 60.2, 60.90, 62.10, 660, otc]
[3552, 163.0, 152.0, 160.00, 153.00, 5327, otc]
[3555, 26.85, 25.55, 26.45, 26.85, 43, otc]
[3556, 63.3, 60.5, 60.70, 62.80, 1007, otc]
[3557, 64.8, 54.8, 54.80, 63.00, 1572, tse]
[3558, 323.0, 288.0, 295.00, 297.00, 33569, otc]
[3563, 180.5, 170.5, 175.00, 170.50, 3843, tse]
[3564, 42.4, 39.3, 41.25, 39.85, 4030, otc]
[3567, 28.4, 27.6, 27.65, 27.75, 153, otc]
[3570, 97.3, 94.1, 96.00, 96.60, 110, otc]
[3576, 21.25, 20.7, 21.05, 20.75, 22477, tse]
[3577, 83.5, 79.7, 79.70, 81.90, 791, otc]
[3580, 61.9, 58.8, 61.30, 59.10, 1584, otc]
[3581, 23.3, 22.5, 23.15, 22.80, 217, otc]
[3583, 79.0, 76.5, 76.80, 76.50, 2526, tse]
[3587, 187.5, 177.5, 187.00, 181.00, 3133, otc]
[3588, 66.4, 63.0, 65.40, 63.20, 2656, tse]
[3591, 22.1, 20.7, 21.65, 21.25, 7403, tse]
[3592, 428.0, 389.0, 392.50, 412.00, 7748, tse]
[3593, 12.2, 11.9, 12.15, 12.10, 398, tse]
[3594, 46.2, 38.8, 39.00, 45.00, 95887, otc]
[3596, 107.5, 102.5, 105.50, 106.50, 4924, tse]
[3597, 24.4, 23.95, 24.35, 24.10, 89, otc]
[3605, 34.8, 33.7, 34.40, 34.40, 1304, tse]
[3607, 12.35, 12.05, 12.20, 12.30, 697, tse]
[3609, 45.9, 44.6, 45.80, 45.50, 60, otc]
[3611, 216.5, 206.0, 208.00, 215.00, 455, otc]
[3615, 17.9, 17.2, 17.25, 17.70, 405, otc]
[3617, 132.5, 120.5, 128.50, 124.00, 10427, tse]
[3622, 29.2, 28.05, 28.20, 28.65, 803, tse]
[3623, 17.25, 16.6, 16.85, 16.85, 166, otc]
[3624, 60.4, 55.5, 58.10, 57.70, 26345, otc]
[3625, 13.65, 13.2, 13.45, 13.45, 1295, otc]
[3628, 44.65, 42.5, 42.75, 44.15, 780, otc]
[3629, 39.95, 38.1, 38.35, 38.75, 39, otc]
[3630, 29.75, 28.6, 29.30, 28.75, 1210, otc]
[3631, 38.7, 36.4, 36.50, 37.35, 83, otc]
[3632, 12.35, 11.65, 12.20, 11.95, 170, otc]
[3645, 34.5, 33.75, 33.75, 34.10, 920, tse]
[3646, 26.75, 25.2, 25.60, 26.00, 471, otc]
[3652, 28.85, 22.95, 22.95, 28.85, 5693, tse]
[3653, 434.5, 388.5, 390.00, 425.00, 10511, tse]
[3661, 993.0, 900.0, 931.00, 944.00, 28667, tse]
[3663, 30.2, 28.55, 28.70, 29.90, 351, otc]
[3664, 16.3, 12.45, 12.50, 15.10, 6507, otc]
[3665, 291.0, 273.0, 286.00, 277.00, 13038, tse]
[3666, 20.0, 19.3, 19.35, 19.55, 353, otc]
[3669, 46.15, 44.7, 45.15, 44.95, 580, tse]
[3672, 28.8, 26.75, 27.70, 27.20, 276, otc]
[3673, 35.35, 31.2, 31.20, 34.20, 26342, tse]
[3675, 280.0, 247.0, 271.00, 256.50, 18914, otc]
[3679, 97.2, 94.6, 95.50, 96.50, 207, tse]
[3680, 301.5, 281.0, 300.50, 291.00, 6762, otc]
[3682, 6.3, 6.18, 6.22, 6.21, 6332, tse]
[3684, 64.2, 55.5, 56.80, 64.20, 959, otc]
[3685, 21.5, 20.35, 20.95, 21.20, 425, otc]
[3686, 15.5, 15.0, 15.10, 15.05, 966, tse]
[3687, 91.1, 85.7, 90.00, 86.30, 900, otc]
[3689, 35.4, 34.35, 34.55, 34.80, 1161, otc]
[3691, 113.0, 107.0, 112.50, 108.00, 1220, otc]
[3693, 147.0, 124.5, 131.00, 126.50, 22527, otc]
[3694, 20.75, 20.25, 20.50, 20.40, 511, tse]
[3701, 45.5, 43.3, 44.60, 44.00, 2998, tse]
[3702, 49.8, 48.85, 49.30, 49.30, 11898, tse]
[3703, 31.3, 30.0, 30.00, 31.20, 8357, tse]
[3704, 40.7, 38.6, 40.00, 39.15, 25644, tse]
[3705, 43.75, 42.55, 42.80, 43.05, 3150, tse]
[3706, 31.7, 30.7, 30.85, 31.60, 11820, tse]
[3707, 98.6, 92.6, 97.00, 93.10, 13558, otc]
[3708, 116.0, 104.0, 106.00, 109.50, 13596, tse]
[3709, 23.75, 22.8, 22.80, 23.65, 111, otc]
[3710, 13.1, 12.15, 13.00, 12.15, 13722, otc]
[3711, 107.5, 101.0, 101.50, 106.00, 61559, tse]
[3712, 31.3, 29.95, 31.00, 30.80, 3334, tse]
[3713, 31.45, 29.1, 31.45, 29.10, 677, otc]
[3714, 51.2, 49.0, 50.00, 49.15, 11883, tse]
[3715, 18.3, 17.65, 17.65, 17.80, 4704, tse]
[4102, 30.6, 28.55, 29.90, 28.60, 3942, otc]
[4104, 80.2, 75.5, 75.50, 77.90, 3982, tse]
[4105, 78.5, 77.4, 78.20, 78.40, 2760, otc]
[4106, 32.45, 31.2, 32.30, 31.25, 3688, tse]
[4107, 116.5, 112.5, 113.50, 115.50, 1457, otc]
[4108, 19.6, 19.15, 19.60, 19.45, 795, tse]
[4109, 15.0, 14.45, 14.45, 14.85, 769, otc]
[4111, 27.45, 26.85, 27.20, 26.85, 1211, otc]
[4113, 14.2, 13.6, 13.60, 14.10, 4350, otc]
[4114, 49.6, 47.05, 47.20, 47.75, 71689, otc]
[4116, 67.0, 63.5, 64.60, 63.60, 1941, otc]
[4119, 115.5, 102.5, 102.50, 108.00, 8102, tse]
[4120, 37.3, 36.1, 36.25, 36.30, 291, otc]
[4121, 24.75, 23.5, 23.60, 24.20, 5547, otc]
[4123, 47.95, 47.0, 47.50, 47.30, 4851, otc]
[4126, 79.2, 76.1, 77.40, 78.10, 2304, otc]
[4127, 14.85, 14.45, 14.50, 14.55, 770, otc]
[4128, 73.3, 64.3, 72.40, 64.80, 30803, otc]
[4129, 52.5, 48.05, 48.90, 48.75, 8326, otc]
[4130, 30.9, 28.6, 29.45, 28.75, 7031, otc]
[4131, 22.6, 20.25, 20.30, 21.60, 84, otc]
[4133, 38.35, 37.5, 38.30, 37.50, 1895, tse]
[4137, 240.5, 214.0, 225.00, 214.00, 4583, tse]
[4138, 73.7, 67.9, 68.30, 72.70, 784, otc]
[4139, 39.2, 38.8, 38.95, 39.00, 106, otc]
[4142, 41.65, 39.65, 39.75, 40.60, 8362, tse]
[4147, 82.0, 67.9, 68.40, 79.60, 21137, otc]
[4148, 72.8, 66.4, 72.20, 67.20, 2416, tse]
[4153, 46.0, 37.8, 40.65, 38.35, 6241, otc]
[4154, 36.2, 34.05, 35.40, 35.00, 78, otc]
[4155, 33.85, 32.1, 33.00, 33.05, 9869, tse]
[4157, 15.95, 15.5, 15.70, 15.50, 4751, otc]
[4160, 28.5, 27.8, 28.20, 28.00, 169, otc]
[4161, 27.4, 26.35, 26.90, 26.95, 463, otc]
[4162, 123.5, 114.5, 122.50, 114.50, 12487, otc]
[4163, 144.5, 132.5, 140.50, 135.50, 4004, otc]
[4164, 63.5, 56.1, 62.30, 60.00, 27862, tse]
[4167, 21.3, 20.35, 20.80, 20.50, 13237, otc]
[4168, 35.75, 32.55, 32.90, 33.60, 25089, otc]
[4171, 63.1, 60.3, 60.50, 60.60, 1681, otc]
[4173, 19.25, 18.8, 18.90, 18.90, 1184, otc]
[4174, 83.4, 77.6, 78.80, 81.80, 4761, otc]
[4175, 79.9, 76.0, 76.60, 78.80, 1088, otc]
[4183, 18.95, 18.35, 18.70, 18.90, 37, otc]
[4188, 17.1, 16.3, 16.50, 16.75, 405, otc]
[4190, 86.0, 80.4, 81.00, 82.30, 3654, tse]
[4192, 25.0, 24.15, 24.80, 24.30, 184, otc]
[4198, 26.0, 25.2, 25.80, 25.65, 52, otc]
[4205, 108.0, 104.5, 106.00, 106.00, 78, otc]
[4207, 13.75, 13.5, 13.50, 13.60, 1053, otc]
[4303, 19.0, 15.55, 15.55, 17.55, 3047, otc]
[4304, 9.84, 9.55, 9.80, 9.68, 315, otc]
[4305, 30.75, 30.2, 30.75, 30.20, 59, otc]
[4306, 14.85, 14.55, 14.60, 14.75, 2691, tse]
[4401, 27.55, 26.7, 26.90, 27.35, 144, otc]
[4402, 12.0, 10.75, 11.65, 10.80, 4104, otc]
[4406, 10.6, 10.35, 10.35, 10.50, 97, otc]
[4413, 18.3, 16.8, 17.20, 18.00, 260, otc]
[4416, 89.2, 87.0, 89.20, 87.00, 37, otc]
[4417, 38.55, 37.9, 38.00, 38.35, 638, otc]
[4420, 30.5, 29.8, 30.00, 29.90, 78, otc]
[4426, 26.65, 25.55, 26.15, 26.05, 1328, tse]
[4430, 22.95, 22.05, 22.40, 22.30, 135, otc]
[4432, 28.2, 24.6, 24.85, 28.00, 3731, otc]
[4433, 41.55, 30.2, 30.30, 38.05, 8418, otc]
[4438, 122.5, 119.0, 119.50, 122.00, 589, tse]
[4439, 118.5, 108.5, 113.50, 112.00, 444, tse]
[4440, 34.0, 32.35, 32.35, 33.50, 461, tse]
[4502, 37.45, 36.8, 36.85, 37.00, 81, otc]
[4503, 50.6, 46.5, 48.20, 46.50, 11904, otc]
[4506, 74.9, 72.1, 72.40, 73.90, 319, otc]
[4510, 11.0, 10.5, 10.55, 11.00, 1193, otc]
[4513, 19.55, 18.1, 19.40, 18.80, 3264, otc]
[4523, 47.0, 44.0, 47.00, 44.20, 924, otc]
[4526, 17.75, 16.45, 16.50, 16.65, 13417, tse]
[4527, 30.0, 28.85, 28.85, 29.00, 128, otc]
[4528, 35.45, 31.95, 31.95, 34.40, 640, otc]
[4529, 11.75, 10.7, 10.70, 10.80, 2685, otc]
[4530, 6.97, 6.75, 6.76, 6.85, 74, otc]
[4532, 17.45, 17.1, 17.10, 17.35, 1604, tse]
[4533, 12.0, 11.55, 11.75, 11.90, 4219, otc]
[4534, 9.26, 9.0, 9.26, 9.17, 439, otc]
[4535, 38.6, 37.65, 38.60, 38.10, 44, otc]
[4536, 229.5, 200.5, 201.50, 221.50, 20625, tse]
[4538, 20.7, 20.0, 20.30, 20.25, 630, otc]
[4540, 42.5, 40.65, 41.20, 41.40, 1047, tse]
[4541, 32.5, 31.1, 31.65, 31.15, 7268, otc]
[4542, 26.3, 25.35, 26.25, 25.75, 32, otc]
[4543, 25.75, 24.1, 25.20, 24.30, 1609, otc]
[4545, 32.75, 30.2, 30.60, 31.90, 581, tse]
[4549, 89.7, 88.5, 88.80, 89.00, 259, otc]
[4550, 27.3, 26.25, 26.35, 27.20, 912, otc]
[4551, 154.0, 149.0, 149.00, 149.50, 1289, tse]
[4552, 30.3, 29.55, 29.60, 30.15, 286, tse]
[4554, 27.75, 24.9, 24.90, 26.20, 235, otc]
[4555, 52.0, 48.95, 49.50, 49.80, 381, tse]
[4556, 32.9, 30.0, 30.50, 30.20, 182, otc]
[4557, 120.0, 102.0, 105.50, 116.50, 3123, tse]
[4558, 23.5, 23.0, 23.45, 23.40, 73, otc]
[4560, 39.45, 38.4, 38.75, 39.00, 329, tse]
[4561, 22.8, 22.3, 22.40, 22.70, 102, otc]
[4562, 16.1, 15.15, 15.25, 15.75, 627, tse]
[4563, 42.6, 40.5, 42.30, 40.90, 524, otc]
[4564, 27.75, 23.9, 24.00, 26.10, 13102, tse]
[4566, 56.8, 54.5, 56.00, 55.30, 4586, tse]
[4568, 63.0, 60.3, 61.50, 62.50, 83, otc]
[4571, 74.4, 72.1, 73.60, 72.60, 86, tse]
[4572, 139.0, 133.0, 138.00, 134.50, 1122, tse]
[4576, 83.0, 79.1, 79.60, 79.20, 769, tse]
[4577, 31.7, 30.35, 30.60, 31.45, 1092, otc]
[4580, 84.5, 82.9, 83.50, 83.40, 191, otc]
[4581, 42.05, 40.4, 40.40, 41.00, 247, tse]
[4583, 205.0, 198.0, 200.00, 201.00, 116, tse]
[4584, 55.0, 51.0, 55.00, 54.80, 1757, otc]
[4609, 8.35, 8.0, 8.00, 8.02, 32, otc]
[4702, 13.0, 12.6, 12.90, 12.80, 734, otc]
[4706, 17.3, 17.1, 17.15, 17.25, 74, otc]
[4707, 12.4, 12.15, 12.20, 12.35, 1813, otc]
[4711, 15.25, 14.85, 15.20, 15.00, 235, otc]
[4712, 4.99, 4.77, 4.99, 4.78, 91, otc]
[4714, 11.35, 10.7, 10.70, 11.25, 1177, otc]
[4716, 12.95, 12.25, 12.40, 12.50, 2157, otc]
[4720, 14.9, 14.5, 14.60, 14.85, 1024, tse]
[4721, 115.5, 109.0, 114.00, 109.50, 3458, otc]
[4722, 35.9, 34.6, 35.10, 35.10, 462, tse]
[4726, 41.05, 39.3, 40.70, 39.35, 3816, otc]
[4728, 131.0, 119.0, 122.00, 125.50, 447, otc]
[4729, 16.6, 15.1, 15.20, 15.80, 914, otc]
[4735, 41.0, 38.7, 38.75, 40.25, 303, otc]
[4736, 192.0, 185.0, 186.00, 190.00, 2708, otc]
[4737, 79.9, 77.2, 78.30, 78.60, 461, tse]
[4739, 108.0, 101.0, 106.00, 101.50, 6223, tse]
[4741, 26.55, 25.85, 26.20, 26.30, 63, otc]
[4743, 303.0, 258.0, 303.00, 262.00, 44708, otc]
[4744, 33.2, 31.05, 32.40, 31.05, 4209, otc]
[4745, 25.5, 25.0, 25.30, 25.35, 213, otc]
[4746, 73.3, 67.5, 68.30, 71.90, 20054, tse]
[4747, 58.0, 55.0, 56.90, 55.40, 6210, otc]
[4754, 36.0, 35.6, 35.60, 35.80, 159, otc]
[4755, 133.0, 128.0, 131.00, 131.00, 2260, tse]
[4760, 55.3, 52.7, 55.30, 52.70, 244, otc]
[4763, 376.0, 300.0, 300.00, 339.00, 53272, tse]
[4764, 58.5, 51.0, 51.70, 56.80, 241, tse]
[4766, 139.5, 137.0, 138.50, 138.00, 252, tse]
[4767, 27.05, 26.2, 26.60, 27.05, 28, otc]
[4768, 197.0, 178.5, 180.50, 185.50, 8935, otc]
[4770, 369.0, 332.0, 354.00, 352.00, 10801, tse]
[4804, 12.15, 11.1, 11.60, 11.40, 3502, otc]
[4806, 7.64, 6.75, 7.64, 7.00, 51, otc]
[4807, 22.45, 21.45, 21.45, 21.95, 61, tse]
[4903, 15.25, 13.3, 13.95, 15.00, 2330, otc]
[4904, 69.7, 68.3, 68.80, 69.00, 21475, tse]
[4905, 51.0, 51.0, 51.00, 51.00, 1, otc]
[4906, 28.2, 27.6, 28.10, 27.70, 5548, tse]
[4907, 30.7, 29.9, 30.35, 30.70, 338, otc]
[4908, 32.55, 31.35, 31.65, 31.95, 1349, otc]
[4909, 17.95, 17.3, 17.45, 17.70, 1080, otc]
[4911, 66.3, 58.4, 58.40, 64.80, 1677, otc]
[4912, 79.0, 77.0, 77.30, 77.70, 199, tse]
[4915, 60.7, 58.0, 58.80, 59.70, 21434, tse]
[4916, 31.35, 29.7, 29.90, 29.80, 9943, tse]
[4919, 153.5, 139.0, 145.50, 147.50, 59121, tse]
[4923, 62.1, 54.7, 54.80, 62.10, 1308, otc]
[4924, 14.4, 13.45, 13.60, 13.85, 659, otc]
[4927, 65.3, 61.0, 63.00, 61.10, 11129, tse]
[4930, 30.2, 29.3, 29.30, 30.05, 854, tse]
[4931, 52.2, 47.7, 49.40, 47.75, 25731, otc]
[4933, 34.25, 33.0, 33.00, 34.05, 249, otc]
[4934, 29.1, 27.8, 28.50, 28.30, 9652, tse]
[4935, 59.5, 57.4, 57.40, 58.40, 590, tse]
[4938, 68.7, 67.3, 67.50, 68.00, 15038, tse]
[4939, 16.75, 16.2, 16.40, 16.50, 838, otc]
[4942, 38.5, 37.7, 37.95, 37.75, 1178, tse]
[4943, 13.7, 12.8, 13.60, 13.45, 611, tse]
[4944, 13.3, 12.05, 12.35, 13.00, 137, otc]
[4945, 52.4, 49.45, 49.90, 50.90, 238, otc]
[4946, 48.0, 46.5, 46.75, 47.30, 227, otc]
[4950, 21.6, 20.75, 21.30, 21.30, 3169, otc]
[4951, 60.8, 56.0, 56.00, 58.50, 1871, otc]
[4952, 56.0, 52.3, 52.30, 55.10, 4715, tse]
[4953, 108.5, 95.4, 96.40, 106.00, 7975, otc]
[4956, 16.35, 16.0, 16.10, 16.15, 1025, tse]
[4958, 115.5, 112.0, 114.50, 112.00, 11795, tse]
[4960, 13.15, 12.2, 12.55, 12.50, 56787, tse]
[4961, 186.0, 164.0, 165.50, 166.50, 77130, tse]
[4966, 1020.0, 911.0, 917.00, 962.00, 6544, otc]
[4967, 52.6, 43.2, 43.85, 51.80, 44760, tse]
[4968, 147.0, 130.0, 131.00, 132.50, 51594, tse]
[4971, 58.5, 55.2, 57.40, 56.40, 372, otc]
[4972, 30.8, 29.8, 29.80, 30.30, 181, otc]
[4973, 24.0, 22.85, 22.85, 23.55, 1213, otc]
[4974, 67.0, 64.5, 64.50, 66.50, 1953, otc]
[4976, 42.5, 40.1, 40.10, 40.90, 2391, tse]
[4977, 125.0, 107.0, 117.50, 110.00, 44615, tse]
[4979, 56.7, 46.9, 52.20, 47.60, 104207, otc]
[4987, 59.6, 58.4, 58.50, 59.20, 196, otc]
[4989, 27.8, 26.9, 27.20, 26.90, 913, tse]
[4991, 39.95, 37.4, 38.35, 37.60, 307, otc]
[4994, 41.9, 40.8, 40.80, 41.40, 369, tse]
[4995, 48.5, 40.6, 40.70, 47.30, 2375, otc]
[4999, 38.8, 38.25, 38.40, 38.75, 270, tse]
[5007, 51.8, 50.6, 50.70, 51.40, 310, tse]
[5009, 45.4, 41.35, 41.80, 45.05, 101288, otc]
[5011, 25.65, 24.5, 24.90, 25.45, 3610, otc]
[5013, 35.8, 35.3, 35.80, 35.30, 37, otc]
[5014, 18.15, 17.55, 17.80, 17.65, 4122, otc]
[5015, 59.2, 57.2, 57.40, 58.10, 1384, otc]
[5016, 30.35, 29.8, 29.80, 30.30, 39, otc]
[5201, 27.45, 26.5, 26.85, 26.95, 165, otc]
[5202, 15.6, 13.9, 14.15, 14.60, 4142, otc]
[5203, 94.8, 90.8, 93.70, 91.50, 3066, tse]
[5205, 41.5, 37.0, 38.80, 38.30, 53, otc]
[5206, 18.3, 17.65, 17.65, 18.05, 603, otc]
[5209, 91.0, 83.3, 83.30, 87.90, 449, otc]
[5210, 21.9, 15.25, 15.25, 19.85, 12865, otc]
[5211, 20.8, 19.7, 20.80, 20.00, 687, otc]
[5212, 52.0, 46.65, 46.65, 50.80, 110, otc]
[5213, 24.0, 23.55, 24.00, 23.65, 593, otc]
[5215, 50.6, 49.15, 49.20, 50.20, 502, tse]
[5220, 32.35, 30.0, 30.00, 31.35, 284, otc]
[5222, 161.0, 143.5, 144.00, 149.00, 13382, tse]
[5223, 43.2, 41.3, 41.30, 41.95, 306, otc]
[5225, 40.4, 34.65, 34.65, 39.80, 6302, tse]
[5227, 72.9, 68.7, 71.80, 72.50, 3432, otc]
[5228, 22.8, 21.85, 22.40, 22.50, 293, otc]
[5230, 24.0, 23.1, 23.20, 23.70, 494, otc]
[5234, 83.4, 77.5, 79.70, 80.80, 1384, tse]
[5236, 94.4, 78.2, 78.60, 88.90, 2839, otc]
[5243, 64.6, 61.2, 61.90, 62.50, 8796, tse]
[5244, 33.45, 28.85, 29.95, 31.15, 4495, tse]
[5245, 54.9, 52.4, 54.00, 52.40, 524, otc]
[5251, 28.1, 26.3, 27.60, 26.50, 1936, otc]
[5258, 96.2, 81.0, 81.90, 91.10, 171959, tse]
[5263, 135.0, 128.5, 134.00, 130.50, 1984, otc]
[5269, 1035.0, 905.0, 905.00, 991.00, 6986, tse]
[5272, 28.6, 27.1, 27.25, 27.80, 1187, otc]
[5274, 2850.0, 2230.0, 2,300.00, 2,795.00, 4247, otc]
[5276, 15.0, 14.5, 14.50, 15.00, 41, otc]
[5278, 188.5, 184.5, 188.50, 187.00, 37, otc]
[5281, 16.5, 15.85, 15.90, 16.25, 77, otc]
[5283, 115.0, 111.5, 111.50, 114.50, 615, tse]
[5284, 99.7, 92.7, 93.40, 92.80, 10653, tse]
[5285, 81.0, 77.7, 78.20, 77.90, 3462, tse]
[5287, 195.5, 193.0, 194.50, 194.00, 185, otc]
[5288, 179.5, 172.5, 174.50, 176.00, 250, tse]
[5289, 224.5, 196.5, 197.00, 224.50, 3194, otc]
[5291, 33.45, 32.2, 32.30, 33.15, 888, otc]
[5299, 137.5, 130.5, 134.00, 131.00, 1373, otc]
[5301, 11.65, 10.55, 10.75, 10.80, 229, otc]
[5302, 8.81, 8.61, 8.80, 8.67, 587, otc]
[5306, 155.5, 151.0, 153.00, 151.00, 546, tse]
[5309, 45.0, 41.85, 44.05, 41.85, 21678, otc]
[5310, 25.5, 24.15, 25.00, 24.15, 64, otc]
[5312, 62.6, 60.0, 61.80, 61.80, 138, otc]
[5314, 18.7, 16.55, 18.70, 17.80, 40, otc]
[5315, 22.2, 20.25, 20.40, 21.35, 9096, otc]
[5321, 92.5, 86.3, 90.20, 86.40, 5342, otc]
[5324, 9.8, 8.35, 8.41, 9.42, 1928, otc]
[5328, 12.1, 11.1, 11.35, 11.25, 3451, otc]
[5340, 54.7, 48.1, 48.90, 48.40, 8940, otc]
[5344, 19.8, 18.35, 18.35, 18.65, 1096, otc]
[5345, 6.23, 6.02, 6.02, 6.20, 9, otc]
[5347, 95.8, 89.6, 91.90, 92.50, 44946, otc]
[5348, 10.35, 9.23, 9.23, 9.99, 184, otc]
[5351, 48.8, 46.55, 48.00, 47.20, 25742, otc]
[5353, 35.85, 32.75, 32.90, 33.70, 20673, otc]
[5355, 7.0, 6.64, 6.78, 6.80, 806, otc]
[5356, 21.75, 20.95, 21.00, 21.50, 428, otc]
[5364, 32.5, 26.25, 26.90, 30.85, 1578, otc]
[5371, 65.4, 62.0, 63.30, 64.60, 21488, otc]
[5381, 7.66, 6.6, 6.60, 7.40, 4060, otc]
[5383, 25.6, 24.8, 24.80, 25.10, 128, otc]
[5386, 38.95, 36.55, 37.10, 37.00, 1539, otc]
[5388, 86.2, 82.3, 84.90, 84.30, 14376, tse]
[5392, 23.3, 22.15, 22.40, 22.15, 2374, otc]
[5398, 17.2, 16.1, 16.20, 16.70, 192, otc]
[5403, 78.2, 74.0, 74.00, 76.40, 1324, otc]
[5410, 34.95, 33.4, 33.55, 34.80, 2922, otc]
[5425, 96.5, 89.7, 94.90, 93.60, 49590, otc]
[5426, 13.95, 13.25, 13.25, 13.60, 2700, otc]
[5432, 27.2, 26.35, 26.65, 27.10, 134, otc]
[5434, 184.0, 174.0, 174.50, 180.50, 2557, tse]
[5438, 18.0, 17.65, 17.75, 17.75, 116, otc]
[5439, 62.7, 58.4, 59.00, 62.40, 6338, otc]
[5443, 29.95, 28.95, 29.40, 29.45, 1894, otc]
[5450, 19.9, 17.85, 18.05, 19.30, 3452, otc]
[5452, 17.95, 14.65, 14.65, 17.60, 13221, otc]
[5455, NaN, NaN, NaN, NaN, 0, otc]
[5457, 61.0, 53.0, 53.90, 55.20, 18643, otc]
[5460, 11.45, 11.0, 11.10, 11.35, 368, otc]
[5464, 33.9, 27.55, 28.50, 33.90, 15286, otc]
[5465, 21.95, 21.1, 21.50, 21.95, 1419, otc]
[5468, 17.7, 17.1, 17.30, 17.60, 150, otc]
[5469, 35.0, 33.9, 34.55, 34.45, 5025, tse]
[5471, 55.9, 54.3, 55.00, 54.80, 1633, tse]
[5474, 79.0, 76.6, 78.30, 76.60, 142, otc]
[5475, 13.75, 12.7, 12.70, 12.90, 6100, otc]
[5478, 82.5, 79.8, 81.10, 80.50, 811, otc]
[5481, 12.65, 12.35, 12.40, 12.45, 94, otc]
[5483, 165.0, 157.5, 161.00, 159.00, 12774, otc]
[5484, 13.65, 13.25, 13.50, 13.40, 251, tse]
[5487, 27.5, 24.15, 24.15, 25.75, 282, otc]
[5488, 10.05, 9.76, 9.79, 9.98, 1459, otc]
[5489, 36.2, 35.7, 35.95, 35.95, 332, otc]
[5490, 24.45, 23.55, 23.65, 24.30, 343, otc]
[5493, 50.9, 49.55, 50.00, 50.00, 61, otc]
[5498, 10.65, 10.4, 10.45, 10.60, 1493, otc]
[5508, 59.2, 57.7, 58.10, 59.20, 625, otc]
[5511, 31.4, 30.75, 30.90, 31.10, 199, otc]
[5512, 11.6, 9.02, 9.04, 11.15, 159299, otc]
[5514, 18.25, 17.95, 17.95, 18.25, 12, otc]
[5515, 11.85, 11.45, 11.45, 11.85, 529, tse]
[5516, 26.5, 23.85, 24.50, 25.15, 992, otc]
[5519, 23.9, 22.65, 22.65, 23.35, 3862, tse]
[5520, 57.1, 56.2, 56.60, 57.10, 16, otc]
[5521, 7.08, 6.76, 6.78, 7.07, 4975, tse]
[5522, 59.4, 58.2, 58.80, 59.00, 1870, tse]
[5523, 25.0, 24.7, 25.00, 24.95, 97, otc]
[5525, 24.45, 24.0, 24.30, 24.40, 332, tse]
[5529, 12.7, 12.3, 12.60, 12.60, 447, otc]
[5530, 39.25, 38.2, 38.70, 38.40, 1250, otc]
[5531, 9.5, 9.07, 9.10, 9.36, 2548, tse]
[5533, 17.75, 17.25, 17.35, 17.70, 878, tse]
[5534, 76.2, 74.6, 75.00, 76.20, 903, tse]
[5536, 121.0, 112.5, 113.00, 120.00, 4264, otc]
[5538, 42.9, 42.05, 42.70, 42.30, 132, tse]
[5543, 54.9, 52.5, 53.80, 53.60, 120, otc]
[5546, 44.3, 42.5, 42.60, 43.50, 87, tse]
[5601, 43.0, 39.0, 39.00, 42.80, 382, otc]
[5603, 24.0, 22.8, 22.95, 23.45, 1712, otc]
[5604, 56.8, 53.3, 55.80, 53.60, 324, otc]
[5607, 55.8, 54.4, 54.80, 55.10, 1655, tse]
[5608, 28.7, 23.7, 23.75, 28.60, 115833, tse]
[5609, 78.7, 73.9, 74.50, 78.30, 2526, otc]
[5701, 5.01, 3.89, 3.89, 4.32, 28081, otc]
[5703, 27.0, 20.5, 21.00, 24.30, 3736, otc]
[5704, 77.5, 59.3, 61.50, 73.00, 18660, otc]
[5706, 73.0, 66.9, 72.00, 71.20, 28726, tse]
[5864, 12.35, 11.65, 11.95, 12.25, 927, otc]
[5871, 232.0, 218.5, 231.00, 225.50, 26173, tse]
[5876, 48.0, 47.05, 47.10, 47.65, 17581, tse]
[5878, 48.6, 48.2, 48.20, 48.50, 10, otc]
[5880, 26.9, 26.4, 26.55, 26.65, 42303, tse]
[5902, 37.6, 35.75, 36.30, 36.75, 136, otc]
[5903, 205.0, 200.0, 200.50, 203.00, 190, otc]
[5904, 615.0, 547.0, 568.00, 593.00, 6340, otc]
[5905, 13.9, 12.75, 13.25, 13.30, 31492, otc]
[5906, 38.3, 35.05, 35.50, 38.00, 211, tse]
[5907, 17.85, 17.25, 17.25, 17.35, 1208, tse]
[6005, 12.15, 11.7, 11.70, 12.15, 14316, tse]
[6015, 10.2, 9.57, 9.57, 10.00, 5710, otc]
[6016, 11.0, 10.45, 10.50, 10.80, 4574, otc]
[6020, 19.0, 18.7, 18.90, 18.80, 37, otc]
[6021, 18.35, 17.55, 18.00, 17.55, 116, otc]
[6023, 50.5, 50.0, 50.30, 50.30, 373, otc]
[6024, 39.45, 38.6, 38.65, 39.45, 942, tse]
[6026, 11.3, 10.65, 10.65, 10.75, 9508, otc]
[6101, 38.0, 34.1, 36.55, 36.90, 3327, otc]
[6103, 6.85, 5.07, 6.85, 5.67, 207, otc]
[6104, 130.5, 119.5, 125.50, 124.00, 58305, otc]
[6108, 17.25, 16.65, 16.80, 17.20, 709, tse]
[6109, 19.45, 17.35, 18.10, 17.55, 10661, otc]
[6111, 60.7, 56.7, 60.60, 57.10, 4075, otc]
[6112, 40.75, 38.3, 38.85, 38.35, 4331, tse]
[6113, 18.05, 17.3, 17.55, 17.85, 1297, otc]
[6114, 25.4, 24.9, 25.00, 25.15, 477, otc]
[6115, 44.0, 42.9, 42.90, 44.00, 1056, tse]
[6116, 13.5, 12.8, 13.15, 12.80, 123111, tse]
[6117, 14.7, 14.2, 14.20, 14.35, 640, tse]
[6118, 41.6, 38.35, 39.15, 39.60, 35120, otc]
[6120, 10.5, 10.0, 10.15, 10.45, 12016, tse]
[6121, 301.0, 288.5, 290.00, 296.00, 2460, otc]
[6122, 19.25, 18.7, 19.15, 19.15, 2502, otc]
[6123, 68.4, 62.6, 62.70, 67.80, 1858, otc]
[6124, 26.4, 25.5, 26.05, 25.50, 563, otc]
[6125, 28.2, 26.9, 27.25, 27.80, 20479, otc]
[6126, 22.05, 20.7, 20.85, 21.50, 2364, otc]
[6127, 18.3, 17.4, 17.60, 17.60, 1337, otc]
[6128, 34.3, 32.25, 33.70, 34.15, 2001, tse]
[6129, 35.75, 34.35, 34.50, 34.80, 20717, otc]
[6130, 37.35, 35.65, 36.90, 35.85, 445, otc]
[6133, 23.6, 22.65, 23.20, 22.90, 8289, tse]
[6134, 22.5, 21.0, 21.55, 21.20, 562, otc]
[6136, 18.9, 18.4, 18.40, 18.85, 695, tse]
[6138, 151.5, 142.5, 150.00, 145.00, 12106, otc]
[6139, 40.7, 38.8, 39.65, 40.50, 6522, tse]
[6140, 19.5, 17.4, 17.65, 18.05, 3217, otc]
[6141, 20.65, 19.3, 19.45, 19.70, 267, tse]
[6142, 12.7, 12.05, 12.30, 12.25, 12820, tse]
[6143, 91.4, 86.0, 89.20, 87.70, 24672, otc]
[6144, 14.85, 13.55, 13.70, 14.05, 59, otc]
[6146, 266.5, 235.0, 235.00, 266.00, 5744, otc]
[6147, 67.8, 63.5, 63.90, 67.30, 15967, otc]
[6148, 17.25, 14.75, 14.75, 15.95, 11374, otc]
[6150, 84.6, 78.0, 81.50, 80.40, 11545, otc]
[6151, 27.35, 27.0, 27.05, 27.35, 148, otc]
[6152, 10.2, 9.9, 10.00, 10.00, 1531, tse]
[6153, 24.75, 24.0, 24.40, 24.10, 8400, tse]
[6154, 16.25, 15.75, 15.85, 16.15, 127, otc]
[6155, 27.05, 24.95, 25.70, 26.70, 3658, tse]
[6156, 20.05, 19.2, 19.50, 19.55, 1453, otc]
[6158, 27.35, 25.1, 25.35, 26.25, 2435, otc]
[6160, 21.35, 18.7, 19.00, 20.00, 5395, otc]
[6161, 27.55, 26.35, 26.35, 27.40, 1426, otc]
[6163, 15.95, 15.5, 15.65, 15.70, 958, otc]
[6164, 10.7, 10.45, 10.45, 10.65, 2374, tse]
[6165, 36.3, 31.55, 31.55, 33.00, 8730, tse]
[6166, 62.5, 60.2, 61.70, 61.40, 1117, tse]
[6167, 13.15, 12.3, 12.40, 12.95, 3322, otc]
[6168, 22.4, 20.3, 20.40, 21.60, 8788, tse]
[6169, 19.5, 19.0, 19.20, 19.10, 110, otc]
[6170, 37.8, 36.1, 36.50, 37.20, 881, otc]
[6171, 24.75, 23.95, 24.00, 24.50, 168, otc]
[6173, 43.7, 42.0, 43.00, 42.85, 5162, otc]
[6174, 29.75, 27.5, 27.90, 29.30, 1104, otc]
[6175, 38.2, 36.15, 38.00, 36.20, 2426, otc]
[6176, 107.0, 104.0, 105.00, 105.50, 5315, tse]
[6177, 31.2, 30.3, 30.40, 31.20, 2586, tse]
[6179, 31.8, 29.8, 30.50, 30.10, 4271, otc]
[6180, 83.2, 76.7, 82.00, 80.80, 21216, otc]
[6182, 46.65, 44.6, 46.30, 44.90, 13991, otc]
[6183, 64.0, 62.2, 63.00, 63.40, 174, tse]
[6184, 49.6, 48.75, 48.90, 49.40, 195, tse]
[6185, 14.1, 13.4, 13.55, 13.65, 1267, otc]
[6186, 38.55, 36.2, 37.10, 37.80, 2354, otc]
[6187, 73.4, 70.0, 72.50, 72.00, 5286, otc]
[6188, 50.5, 47.85, 47.85, 48.85, 16773, otc]
[6189, 39.35, 38.7, 38.75, 39.35, 1507, tse]
[6190, 31.55, 30.65, 31.15, 30.90, 3574, otc]
[6191, 30.4, 29.35, 29.95, 30.00, 5846, tse]
[6192, 75.2, 73.3, 73.60, 75.20, 320, tse]
[6194, 23.9, 22.5, 22.50, 23.65, 312, otc]
[6195, 44.6, 43.75, 43.90, 44.50, 216, otc]
[6196, 131.5, 123.5, 130.00, 126.50, 3934, tse]
[6197, 45.5, 44.15, 44.50, 44.50, 2483, tse]
[6198, 19.95, 18.85, 19.50, 19.50, 47, otc]
[6199, 18.9, 18.25, 18.40, 18.30, 95, otc]
[6201, 42.55, 40.1, 40.50, 42.50, 122, tse]
[6202, 76.3, 73.3, 74.50, 74.10, 9019, tse]
[6203, 57.5, 55.6, 55.90, 56.80, 465, otc]
[6204, 55.8, 54.6, 54.60, 55.60, 60, otc]
[6205, 98.9, 87.1, 87.40, 91.00, 45618, tse]
[6206, 72.9, 70.7, 70.70, 72.70, 1794, tse]
[6207, 26.95, 26.4, 26.70, 26.80, 425, otc]
[6208, 54.4, 52.9, 53.30, 53.80, 539, otc]
[6209, 26.9, 25.7, 25.90, 25.90, 2321, tse]
[6210, 35.75, 35.0, 35.10, 35.25, 64, otc]
[6212, 49.1, 48.95, 49.00, 49.00, 7, otc]
[6213, 78.8, 75.3, 78.20, 75.30, 7096, tse]
[6214, 76.3, 75.0, 75.60, 75.30, 929, tse]
[6215, 27.8, 26.1, 26.65, 26.90, 3706, tse]
[6216, 26.6, 25.95, 25.95, 26.55, 728, tse]
[6217, 47.95, 46.35, 47.40, 46.75, 8600, otc]
[6218, 19.0, 18.4, 18.65, 18.85, 375, otc]
[6219, 11.2, 10.85, 11.15, 10.95, 542, otc]
[6220, 28.3, 26.7, 26.70, 27.60, 5126, otc]
[6221, 59.3, 55.4, 56.60, 58.60, 120, otc]
[6222, 14.3, 13.45, 13.45, 14.30, 52, otc]
[6223, 127.5, 119.0, 122.00, 123.50, 11133, otc]
[6224, 69.5, 65.6, 68.60, 65.70, 1632, tse]
[6225, 13.1, 12.2, 12.55, 12.30, 88, tse]
[6226, 11.95, 11.45, 11.55, 11.55, 3007, tse]
[6227, 46.75, 44.0, 44.00, 46.15, 1303, otc]
[6228, 14.0, 12.45, 12.45, 14.00, 469, otc]
[6229, 26.4, 25.85, 26.05, 25.85, 495, otc]
[6230, 127.5, 115.5, 124.50, 118.00, 450, tse]
[6231, 109.5, 99.5, 100.00, 104.00, 9069, otc]
[6233, 23.6, 22.4, 22.70, 22.45, 2069, otc]
[6234, 24.55, 22.1, 22.25, 23.45, 9314, otc]
[6235, 56.2, 48.8, 50.40, 54.00, 192686, tse]
[6236, 24.9, 21.5, 21.50, 24.90, 33, otc]
[6237, 51.4, 48.5, 50.50, 49.20, 3672, otc]
[6239, 88.8, 85.8, 85.80, 88.10, 6774, tse]
[6240, 18.75, 18.35, 18.45, 18.55, 99, otc]
[6241, 15.85, 14.9, 14.90, 15.50, 582, otc]
[6242, 58.0, 56.0, 56.00, 57.20, 247, otc]
[6243, 32.75, 30.6, 31.15, 30.80, 1460, tse]
[6244, 29.25, 28.35, 29.15, 28.35, 10200, otc]
[6245, 123.0, 107.0, 116.50, 109.50, 55227, otc]
[6246, 14.25, 13.75, 14.05, 14.25, 272, otc]
[6248, 24.05, 22.45, 22.50, 23.60, 1867, otc]
[6257, 53.7, 51.5, 51.60, 53.40, 7303, tse]
[6259, 24.35, 23.5, 24.10, 24.05, 174, otc]
[6261, 64.2, 62.5, 62.50, 63.30, 1214, otc]
[6263, 90.7, 86.9, 86.90, 90.60, 270, otc]
[6264, 8.26, 8.08, 8.19, 8.18, 439, otc]
[6265, 10.3, 10.1, 10.20, 10.20, 917, otc]
[6266, 33.8, 30.85, 32.00, 33.50, 41130, otc]
[6269, 99.3, 97.4, 98.60, 98.00, 5815, tse]
[6270, 23.8, 23.1, 23.10, 23.55, 692, otc]
[6271, 228.5, 218.5, 226.50, 219.00, 6918, tse]
[6274, 60.7, 58.3, 58.70, 59.10, 8656, otc]
[6275, 29.45, 28.5, 29.45, 28.65, 753, otc]
[6276, 17.5, 16.75, 17.50, 17.00, 305, otc]
[6277, 81.5, 80.1, 80.90, 81.50, 595, tse]
[6278, 90.7, 85.9, 86.00, 88.90, 16103, tse]
[6279, 160.5, 153.0, 156.50, 153.50, 5730, otc]
[6281, 86.0, 83.6, 83.70, 85.80, 251, tse]
[6282, 41.5, 37.65, 38.30, 38.00, 166312, tse]
[6283, 36.0, 33.2, 33.70, 34.45, 4671, tse]
[6284, 63.4, 56.7, 61.30, 57.10, 8964, otc]
[6285, 88.1, 83.6, 87.70, 84.40, 24393, tse]
[6287, 24.8, 23.45, 24.30, 23.50, 69, otc]
[6288, 29.9, 25.9, 25.95, 27.10, 80551, tse]
[6290, 76.4, 70.4, 73.40, 74.10, 64514, otc]
[6291, 102.5, 99.0, 101.00, 99.50, 80, otc]
[6292, 41.9, 41.45, 41.65, 41.65, 143, otc]
[6294, 109.0, 107.0, 108.00, 109.00, 142, otc]
[6404, 22.75, 20.95, 21.25, 21.70, 20, otc]
[6405, 21.65, 20.5, 21.10, 21.40, 380, tse]
[6409, 1700.0, 1555.0, 1,600.00, 1,605.00, 995, tse]
[6411, 135.0, 125.5, 130.50, 129.00, 33355, otc]
[6412, 79.3, 77.1, 77.50, 78.90, 1131, tse]
[6414, 240.0, 229.5, 231.00, 233.50, 4074, tse]
[6415, 607.0, 570.0, 571.00, 582.00, 12427, tse]
[6416, 98.0, 91.8, 95.20, 93.50, 548, tse]
[6417, 120.5, 91.8, 91.80, 115.00, 2265, otc]
[6418, 17.45, 16.3, 16.50, 16.65, 864, otc]
[6419, 38.35, 36.7, 36.70, 37.30, 142, otc]
[6425, 20.35, 19.95, 20.00, 20.00, 223, otc]
[6426, 64.8, 62.4, 62.60, 62.50, 426, tse]
[6431, 20.6, 19.95, 20.30, 20.20, 107, tse]
[6432, 35.95, 33.5, 34.00, 35.40, 1492, otc]
[6435, 109.5, 103.0, 107.50, 103.00, 1532, otc]
[6438, 101.0, 98.0, 98.40, 98.90, 2283, tse]
[6441, 69.9, 60.2, 66.40, 60.80, 7773, otc]
[6442, 51.8, 48.5, 48.50, 50.00, 3073, tse]
[6443, 38.3, 36.9, 37.90, 37.10, 44176, tse]
[6446, 504.0, 485.5, 501.00, 504.00, 5165, otc]
[6449, 46.15, 44.1, 45.85, 45.40, 139, tse]
[6451, 89.4, 85.7, 88.30, 86.30, 912, tse]
[6456, 87.7, 85.5, 86.80, 86.50, 5455, tse]
[6457, 64.6, 61.6, 62.20, 61.90, 940, otc]
[6461, 32.0, 30.95, 31.50, 30.95, 1712, otc]
[6462, 80.9, 78.3, 80.00, 79.20, 1880, otc]
[6464, 90.9, 89.6, 90.50, 90.20, 54, tse]
[6465, 18.3, 17.4, 17.65, 18.00, 136, otc]
[6469, 353.5, 325.5, 328.00, 335.00, 2464, otc]
[6470, 64.9, 61.2, 61.80, 63.30, 7160, otc]
[6472, 520.0, 485.0, 504.00, 503.00, 3761, otc]
[6477, 48.75, 47.3, 48.35, 47.50, 7471, tse]
[6482, 46.5, 44.1, 45.20, 46.00, 26, otc]
[6485, 81.1, 75.0, 78.90, 75.30, 2917, otc]
[6486, 71.4, 67.0, 67.50, 69.00, 1027, otc]
[6488, 528.0, 505.0, 521.00, 512.00, 7250, otc]
[6491, 470.5, 448.0, 453.50, 448.00, 2032, tse]
[6492, 58.7, 57.5, 58.40, 57.80, 803, otc]
[6494, 80.5, 77.3, 78.50, 77.30, 1757, otc]
[6496, 35.9, 28.45, 28.50, 33.90, 2453, otc]
[6499, 60.8, 57.7, 57.70, 59.40, 830, otc]
[6504, 73.6, 71.6, 71.70, 73.20, 345, tse]
[6505, 86.1, 83.5, 84.00, 85.10, 11090, tse]
[6506, 20.8, 20.35, 20.45, 20.65, 475, otc]
[6508, 39.9, 37.7, 37.70, 39.30, 3572, otc]
[6509, 47.5, 46.05, 46.10, 46.45, 16326, otc]
[6510, 610.0, 569.0, 578.00, 589.00, 1799, otc]
[6512, 22.3, 21.55, 21.80, 21.55, 88, otc]
[6514, 57.3, 53.5, 54.60, 55.60, 202, otc]
[6515, 615.0, 514.0, 544.00, 598.00, 9467, tse]
[6516, 85.8, 81.8, 84.90, 82.10, 228, otc]
[6517, 80.0, 62.5, 63.00, 78.00, 20635, otc]
[6523, 118.5, 110.5, 117.00, 112.00, 2968, otc]
[6525, 74.9, 72.5, 72.50, 74.50, 1211, tse]
[6527, 66.8, 56.7, 57.40, 66.80, 1589, otc]
[6530, 24.9, 23.95, 24.70, 24.60, 396, otc]
[6531, 298.0, 259.5, 262.00, 283.00, 86877, tse]
[6532, 57.3, 54.6, 55.30, 54.60, 1896, otc]
[6533, 562.0, 508.0, 553.00, 538.00, 17283, tse]
[6535, 44.65, 42.4, 43.50, 42.90, 3859, otc]
[6538, 83.5, 78.8, 83.20, 82.00, 975, otc]
[6541, 39.1, 35.4, 35.40, 37.75, 21149, tse]
[6542, 44.4, 43.15, 43.50, 43.70, 20, otc]
[6546, 89.7, 84.1, 86.30, 84.30, 5241, otc]
[6547, 64.2, 61.0, 63.10, 61.70, 15939, otc]
[6548, 35.0, 33.75, 33.80, 34.45, 6457, otc]
[6550, 101.5, 95.6, 101.00, 99.10, 15656, tse]
[6552, 39.9, 38.75, 39.90, 38.80, 1219, tse]
[6556, 176.0, 152.5, 152.50, 166.00, 6453, otc]
[6558, 27.25, 25.25, 26.05, 25.45, 1864, tse]
[6560, 35.85, 34.05, 34.05, 35.25, 242, otc]
[6561, 356.0, 310.0, 325.50, 356.00, 3464, otc]
[6568, 183.5, 172.5, 172.50, 172.50, 3952, otc]
[6569, 114.0, 99.5, 99.50, 112.00, 642, otc]
[6570, 63.0, 49.8, 49.80, 60.80, 23361, otc]
[6573, 14.0, 13.4, 13.40, 13.60, 398, tse]
[6574, 50.3, 48.35, 48.60, 50.30, 52, otc]
[6576, 112.0, 103.0, 107.50, 104.50, 4192, otc]
[6577, 63.5, 61.7, 62.00, 62.80, 269, otc]
[6578, 16.9, 15.8, 15.80, 16.15, 2291, otc]
[6579, 99.1, 92.0, 92.10, 97.20, 670, tse]
[6581, 107.0, 99.6, 100.50, 104.50, 707, tse]
[6582, 68.8, 62.5, 62.50, 63.90, 3487, tse]
[6585, 69.5, 63.6, 63.90, 67.70, 1635, tse]
[6588, 33.0, 31.5, 31.90, 33.00, 63, otc]
[6589, 122.5, 116.0, 121.50, 119.00, 12629, otc]
[6590, 68.8, 59.0, 59.00, 68.80, 341, otc]
[6591, 47.0, 44.75, 44.75, 46.80, 617, tse]
[6592, 111.0, 108.5, 110.50, 111.00, 1961, tse]
[6593, 52.5, 49.1, 50.30, 51.80, 274, otc]
[6594, 30.45, 28.5, 28.50, 29.50, 374, otc]
[6596, 46.3, 45.5, 46.00, 45.85, 157, otc]
[6598, 29.25, 27.7, 28.10, 28.10, 1401, tse]
[6603, 18.9, 18.25, 18.35, 18.35, 10079, otc]
[6605, 89.6, 85.6, 87.70, 87.50, 7355, tse]
[6609, 43.25, 40.65, 41.25, 42.65, 4786, otc]
[6612, 160.0, 124.5, 132.50, 142.50, 7181, otc]
[6613, 102.5, 96.3, 96.30, 98.90, 1595, otc]
[6615, 39.0, 37.75, 38.10, 38.35, 56, otc]
[6616, 14.3, 13.85, 14.05, 14.20, 282, otc]
[6624, 42.3, 41.0, 42.30, 41.90, 82, otc]
[6625, 53.5, 47.2, 52.50, 47.25, 2997, tse]
[6629, 47.1, 46.5, 47.10, 46.50, 6, otc]
[6640, 94.6, 91.3, 93.30, 94.00, 72, otc]
[6641, 56.2, 53.7, 54.00, 55.10, 90, tse]
[6642, 55.8, 50.0, 50.10, 52.60, 1494, otc]
[6643, 620.0, 540.0, 599.00, 600.00, 23424, otc]
[6649, 45.9, 41.55, 42.60, 42.25, 984, otc]
[6651, 75.2, 72.5, 73.50, 74.50, 387, otc]
[6654, 56.0, 54.7, 55.50, 55.90, 41, otc]
[6655, 128.5, 126.0, 128.00, 128.00, 63, tse]
[6661, 23.8, 23.0, 23.20, 23.70, 88, otc]
[6662, 30.7, 29.8, 30.00, 30.10, 82, otc]
[6664, 109.5, 101.5, 107.00, 109.00, 3044, otc]
[6666, 104.5, 85.0, 85.40, 93.70, 6260, tse]
[6667, 68.3, 63.6, 63.60, 66.50, 2248, otc]
[6668, 42.25, 40.8, 41.10, 40.90, 1013, tse]
[6669, 998.0, 824.0, 837.00, 969.00, 11248, tse]
[6670, 254.5, 223.5, 224.00, 248.50, 5029, tse]
[6671, 40.2, 37.9, 38.00, 39.85, 59, tse]
[6672, 84.9, 81.8, 82.30, 81.80, 1892, tse]
[6674, 27.35, 26.0, 26.20, 27.35, 133, tse]
[6679, 295.0, 263.5, 286.50, 280.00, 3037, otc]
[6680, 64.1, 61.3, 63.70, 63.20, 61, otc]
[6683, 220.0, 205.0, 213.50, 209.50, 2021, otc]
[6684, 54.4, 50.7, 51.80, 52.60, 505, otc]
[6689, 140.5, 126.0, 133.00, 140.50, 4475, tse]
[6690, 170.5, 149.0, 153.00, 166.00, 1010, otc]
[6691, 296.0, 254.0, 257.00, 284.00, 6420, tse]
[6693, 63.1, 60.0, 62.50, 61.20, 530, otc]
[6695, 48.5, 44.0, 46.00, 44.15, 2439, tse]
[6697, 43.65, 37.2, 37.85, 43.65, 1020, otc]
[6698, 32.9, 30.45, 30.50, 32.60, 542, tse]
[6703, 123.0, 113.0, 115.50, 120.00, 1062, otc]
[6706, 99.5, 96.0, 97.50, 96.30, 2394, tse]
[6708, 61.9, 58.8, 60.10, 59.70, 820, otc]
[6712, 222.5, 214.0, 221.50, 214.00, 5188, otc]
[6715, 156.0, 143.5, 144.00, 147.00, 12198, tse]
[6716, 95.9, 89.6, 89.60, 92.60, 115, otc]
[6719, 311.5, 287.0, 306.00, 292.50, 13090, tse]
[6721, 52.5, 49.0, 50.20, 51.00, 152, otc]
[6727, 72.7, 68.5, 68.50, 71.20, 1315, otc]
[6728, 153.0, 123.0, 124.00, 151.00, 496, otc]
[6732, 386.0, 294.0, 296.00, 360.50, 11138, otc]
[6733, 28.1, 23.65, 23.85, 27.95, 7602, otc]
[6735, 58.5, 55.1, 56.90, 57.30, 102, otc]
[6741, 136.5, 124.0, 129.00, 126.50, 20522, otc]
[6743, 44.8, 43.1, 44.00, 43.50, 965, tse]
[6747, 217.5, 205.0, 210.00, 209.00, 456, otc]
[6751, 60.6, 48.0, 48.25, 60.60, 811, otc]
[6752, 134.0, 96.6, 104.00, 133.00, 2497, otc]
[6754, 48.4, 47.65, 47.95, 47.65, 250, tse]
[6756, 230.0, 212.0, 213.50, 217.00, 3914, tse]
[6761, 94.8, 92.0, 92.80, 92.70, 168, otc]
[6762, 269.0, 233.0, 233.00, 263.00, 108, otc]
[6763, 518.0, 475.0, 507.00, 478.00, 609, otc]
[6767, 34.6, 32.8, 33.10, 34.00, 607, otc]
[6768, 73.7, 71.5, 73.30, 72.40, 1786, tse]
[6770, 34.1, 33.05, 33.30, 33.30, 59296, tse]
[6776, 42.7, 40.4, 40.45, 42.50, 728, tse]
[6781, 863.0, 810.0, 823.00, 823.00, 4086, tse]
[6782, 388.5, 344.5, 345.00, 375.00, 6443, tse]
[6788, 133.5, 123.5, 126.50, 123.50, 4150, otc]
[6789, 252.0, 232.5, 241.50, 233.00, 7213, tse]
[6790, 38.0, 37.15, 38.00, 37.50, 520, tse]
[6791, 87.1, 54.2, 54.20, 80.00, 2780, otc]
[6792, 86.0, 78.2, 78.20, 80.70, 1123, tse]
[6796, 105.5, 99.0, 103.00, 100.50, 2592, tse]
[6799, 141.0, 126.5, 140.00, 131.50, 6341, tse]
[6803, 268.5, 263.5, 264.00, 268.50, 135, otc]
[6804, 55.3, 54.1, 54.30, 54.50, 168, otc]
[6806, 91.8, 85.4, 90.30, 87.00, 20755, tse]
[6807, 25.35, 24.7, 25.10, 25.00, 128, tse]
[6811, 168.5, 143.0, 150.50, 168.50, 1744, otc]
[6823, 102.5, 99.1, 101.00, 102.00, 130, otc]
[6829, 85.0, 80.9, 80.90, 81.30, 2697, otc]
[6830, 140.0, 123.5, 123.50, 138.00, 2414, tse]
[6834, 27.8, 26.9, 27.00, 27.50, 394, tse]
[6835, 44.8, 41.35, 41.50, 44.80, 1733, tse]
[6843, 67.8, 59.6, 61.20, 65.50, 3019, otc]
[6854, 115.5, 103.0, 105.50, 105.00, 961, tse]
[6855, 87.7, 80.6, 82.20, 86.50, 310, otc]
[6859, 168.0, 136.0, 137.00, 150.00, 3209, otc]
[6865, 124.0, 108.5, 116.50, 108.50, 1789, otc]
[6874, 120.0, 83.5, 86.50, 107.50, 3940, otc]
[7402, 39.8, 36.4, 36.40, 38.85, 78, otc]
[7556, 101.5, 99.0, 99.80, 100.50, 62, otc]
[8011, 14.9, 14.5, 14.55, 14.50, 1323, tse]
[8016, 248.0, 216.0, 216.50, 228.00, 23049, tse]
[8021, 30.1, 29.1, 29.40, 29.40, 3288, tse]
[8024, 21.3, 20.8, 20.80, 20.95, 477, otc]
[8027, 55.0, 52.3, 52.30, 52.80, 1836, otc]
[8028, 58.8, 56.5, 57.30, 56.60, 6873, tse]
[8032, 32.15, 31.5, 31.50, 31.75, 206, otc]
[8033, 59.0, 44.5, 44.95, 53.90, 85876, tse]
[8034, 14.45, 14.05, 14.05, 14.30, 406, otc]
[8038, 44.0, 42.8, 43.05, 42.90, 3380, otc]
[8039, 42.8, 41.95, 42.10, 42.70, 614, tse]
[8040, 54.8, 51.8, 52.50, 51.90, 2237, otc]
[8042, 36.95, 35.8, 35.80, 36.40, 136, otc]
[8043, 31.55, 29.6, 30.10, 29.75, 4996, otc]
[8044, 71.0, 63.9, 65.60, 64.20, 15425, otc]
[8046, 249.0, 235.0, 246.00, 235.00, 23611, tse]
[8047, 12.15, 11.7, 12.00, 11.75, 74, otc]
[8048, 36.75, 34.65, 34.65, 36.45, 783, otc]
[8049, 37.05, 33.75, 34.10, 36.60, 9960, otc]
[8050, 87.1, 82.0, 83.50, 83.80, 47534, otc]
[8054, 36.45, 34.25, 34.85, 34.30, 4547, otc]
[8059, 10.7, 10.2, 10.35, 10.55, 445, otc]
[8064, 17.95, 17.65, 17.75, 17.80, 1100, otc]
[8066, 28.75, 27.55, 27.70, 28.10, 115, otc]
[8068, 25.6, 23.8, 24.50, 24.40, 321, otc]
[8069, 212.0, 191.5, 206.00, 194.50, 102776, otc]
[8070, 33.35, 32.3, 32.40, 33.05, 3255, tse]
[8071, 15.8, 15.4, 15.65, 15.55, 900, otc]
[8072, 27.65, 26.05, 26.90, 26.05, 1258, tse]
[8074, 21.25, 19.5, 20.25, 20.25, 2173, otc]
[8076, 30.9, 29.6, 29.60, 29.80, 6467, otc]
[8077, 40.7, 32.2, 38.00, 40.70, 36, otc]
[8080, 11.25, 10.5, 10.85, 10.90, 69, otc]
[8081, 180.0, 169.0, 169.50, 175.00, 5627, tse]
[8083, 162.5, 159.5, 161.50, 160.50, 260, otc]
[8084, 113.5, 98.5, 98.50, 101.50, 5517, otc]
[8085, 21.8, 20.5, 20.70, 20.75, 373, otc]
[8086, 83.1, 76.5, 76.60, 76.70, 13975, otc]
[8087, 28.35, 27.7, 28.30, 28.20, 152, otc]
[8088, 28.05, 24.95, 25.30, 27.40, 5693, otc]
[8089, 23.25, 22.6, 22.85, 22.75, 245, otc]
[8091, 94.8, 90.3, 90.30, 91.50, 5871, otc]
[8092, 12.0, 11.7, 11.70, 11.90, 150, otc]
[8093, 13.95, 12.75, 13.60, 13.10, 1732, otc]
[8096, 12.1, 11.85, 11.85, 12.00, 1640, otc]
[8097, 58.7, 56.6, 57.80, 57.10, 7851, otc]
[8099, 40.0, 38.0, 38.30, 38.45, 356, otc]
[8101, 6.17, 5.88, 6.16, 5.96, 335, tse]
[8103, 36.1, 34.85, 35.15, 35.30, 1078, tse]
[8104, 40.6, 38.85, 40.10, 39.10, 1655, tse]
[8105, 15.95, 14.6, 15.05, 14.95, 28479, tse]
[8107, 18.45, 17.8, 17.80, 18.30, 1050, otc]
[8109, 90.4, 88.3, 88.30, 90.00, 483, otc]
[8110, 13.05, 12.5, 12.90, 12.80, 4687, tse]
[8111, 20.25, 16.75, 16.75, 20.10, 15008, otc]
[8112, 38.8, 37.85, 37.85, 38.60, 6243, tse]
[8114, 123.5, 118.0, 120.50, 120.00, 2540, tse]
[8121, 28.6, 26.0, 26.30, 26.15, 6047, otc]
[8131, 43.0, 40.75, 40.80, 43.00, 2881, tse]
[8147, 64.6, 63.0, 63.30, 63.30, 402, otc]
[8150, 37.2, 35.4, 35.60, 36.40, 19256, tse]
[8155, 125.0, 118.0, 123.50, 123.50, 5476, otc]
[8163, 41.6, 40.6, 41.00, 41.30, 2171, tse]
[8171, 67.1, 61.1, 64.20, 62.40, 27772, otc]
[8176, 10.6, 9.97, 9.98, 10.50, 919, otc]
[8182, 36.5, 33.25, 33.60, 35.30, 3252, otc]
[8183, 59.2, 55.8, 59.00, 55.90, 6206, otc]
[8201, 11.3, 10.65, 10.65, 11.15, 973, tse]
[8210, 89.4, 82.5, 83.90, 88.80, 5715, tse]
[8213, 39.25, 38.3, 38.30, 38.80, 1858, tse]
[8215, 37.5, 36.3, 37.05, 36.40, 14059, tse]
[8222, 35.6, 31.9, 32.50, 32.25, 80429, tse]
[8227, 188.0, 165.0, 165.00, 169.00, 10107, otc]
[8234, 42.6, 37.7, 38.45, 40.40, 18896, otc]
[8240, 28.85, 28.35, 28.55, 28.80, 289, otc]
[8249, 29.2, 27.1, 27.15, 28.45, 1972, tse]
[8255, 183.0, 170.0, 177.00, 170.50, 6083, otc]
[8261, 115.5, 109.0, 115.00, 109.00, 9650, tse]
[8271, 48.2, 45.15, 46.20, 47.60, 4838, tse]
[8277, 9.45, 9.06, 9.14, 9.19, 648, otc]
[8279, 171.0, 159.5, 160.00, 166.00, 270, otc]
[8284, 60.7, 59.0, 59.10, 60.00, 229, otc]
[8289, 48.05, 39.45, 40.80, 48.05, 23484, otc]
[8291, 6.63, 6.4, 6.45, 6.52, 36, otc]
[8299, 375.0, 349.0, 370.00, 351.00, 6153, otc]
[8341, 168.0, 163.5, 166.50, 164.50, 1553, tse]
[8342, 57.9, 56.0, 56.50, 57.50, 89, otc]
[8349, 70.4, 65.3, 68.90, 66.50, 5175, otc]
[8354, 14.75, 14.4, 14.50, 14.65, 414, otc]
[8358, 65.3, 62.5, 65.00, 62.80, 43294, otc]
[8367, 46.1, 40.6, 40.70, 46.10, 516, tse]
[8374, 30.05, 29.5, 30.00, 29.95, 106, tse]
[8383, 45.9, 41.85, 41.90, 43.45, 25134, otc]
[8390, 39.3, 36.65, 36.90, 38.10, 4788, otc]
[8401, 25.1, 22.15, 23.75, 22.65, 5468, otc]
[8403, 35.35, 34.35, 34.90, 35.05, 2473, otc]
[8404, 28.25, 27.6, 27.90, 27.90, 481, tse]
[8409, 20.4, 19.4, 20.30, 19.95, 750, otc]
[8410, 30.2, 29.15, 29.15, 29.55, 77, otc]
[8411, 15.7, 14.35, 14.35, 15.55, 1536, tse]
[8415, 38.3, 37.95, 38.20, 38.00, 1529, otc]
[8416, 122.0, 118.5, 118.50, 121.00, 64, otc]
[8418, 10.2, 9.78, 9.80, 9.96, 115, otc]
[8420, 96.1, 82.9, 83.90, 93.50, 5363, otc]
[8421, 18.1, 17.35, 17.80, 17.55, 2321, otc]
[8422, 189.0, 185.5, 185.50, 188.50, 788, tse]
[8423, 18.6, 18.0, 18.00, 18.50, 19, otc]
[8424, 68.8, 65.5, 66.70, 68.60, 200, otc]
[8426, 43.8, 37.3, 37.30, 38.65, 2243, otc]
[8429, 11.15, 10.7, 10.80, 10.90, 1337, tse]
[8431, 54.6, 52.0, 54.10, 52.90, 341, otc]
[8432, 46.85, 45.5, 46.40, 46.05, 256, otc]
[8433, 80.0, 69.2, 69.90, 77.00, 5040, otc]
[8435, 62.4, 61.3, 61.40, 61.60, 141, otc]
[8436, 233.5, 212.0, 220.50, 212.50, 19655, otc]
[8437, 111.0, 108.0, 109.00, 109.50, 53, otc]
[8438, 25.8, 25.2, 25.25, 25.40, 80, tse]
[8440, 46.7, 44.45, 46.70, 44.80, 1504, otc]
[8442, 77.8, 73.4, 74.00, 77.60, 613, tse]
[8443, 11.6, 11.35, 11.45, 11.55, 377, tse]
[8444, 49.0, 45.8, 45.80, 49.00, 36, otc]
[8446, 88.2, 85.8, 86.40, 86.90, 383, otc]
[8450, 28.0, 27.3, 27.30, 27.55, 604, otc]
[8454, 808.0, 746.0, 767.00, 794.00, 8370, tse]
[8455, 24.3, 21.45, 22.40, 22.50, 42, otc]
[8462, 143.0, 135.0, 138.50, 142.00, 691, tse]
[8463, 24.8, 23.85, 24.05, 24.45, 353, tse]
[8464, 343.0, 318.5, 334.00, 326.00, 1938, tse]
[8466, 40.75, 40.35, 40.40, 40.50, 139, tse]
[8467, 56.7, 55.3, 56.70, 55.40, 183, tse]
[8472, 42.95, 42.0, 42.00, 42.95, 8, otc]
[8473, 33.85, 28.8, 28.90, 31.40, 5073, tse]
[8476, 73.0, 69.0, 69.50, 72.00, 2912, otc]
[8477, 17.85, 17.05, 17.85, 17.25, 302, otc]
[8478, 426.0, 356.0, 358.00, 387.00, 63914, tse]
[8481, 58.4, 57.1, 57.10, 58.30, 73, tse]
[8482, 73.5, 72.3, 73.20, 73.50, 93, tse]
[8488, 16.0, 15.25, 15.40, 15.40, 68, tse]
[8489, 26.5, 23.8, 24.00, 25.15, 459, otc]
[8499, 107.0, 103.0, 106.00, 105.00, 173, tse]
[8905, 23.7, 23.2, 23.30, 23.65, 340, otc]
[8906, 19.05, 18.5, 19.05, 18.75, 65, otc]
[8908, 72.4, 70.0, 70.00, 71.70, 228, otc]
[8916, 55.3, 52.7, 53.60, 55.00, 3942, otc]
[8917, 89.9, 89.5, 89.90, 89.50, 6, otc]
[8921, 14.75, 14.75, 14.75, 14.75, 3, otc]
[8923, 21.75, 20.3, 21.05, 21.45, 104, otc]
[8924, 134.0, 118.0, 119.00, 130.00, 6479, otc]
[8926, 36.9, 35.9, 36.10, 36.75, 2337, tse]
[8927, 42.1, 38.1, 38.10, 41.85, 10182, otc]
[8928, 45.7, 41.8, 41.90, 44.80, 3921, otc]
[8929, 21.35, 20.9, 21.20, 21.15, 152, otc]
[8930, 18.05, 17.6, 17.70, 17.70, 1466, otc]
[8931, 54.8, 51.2, 52.90, 54.80, 1669, otc]
[8932, 48.7, 45.8, 47.30, 48.00, 1683, otc]
[8933, 16.2, 15.65, 15.90, 15.65, 9075, otc]
[8935, 12.3, 11.5, 11.65, 12.00, 1257, otc]
[8936, 31.35, 25.85, 25.85, 30.75, 102408, otc]
[8937, 15.15, 14.6, 14.65, 14.90, 426, otc]
[8938, 112.0, 95.0, 95.00, 111.50, 17828, otc]
[8940, 26.55, 22.7, 23.60, 25.30, 12709, tse]
[8941, 64.3, 56.0, 56.10, 61.10, 416, otc]
[8942, 68.0, 64.9, 64.90, 68.00, 1148, otc]
[8996, 246.5, 227.5, 235.00, 239.00, 50246, tse]
[9103, 7.32, 7.06, 7.17, 7.18, 4939, tse]
[9105, 4.32, 4.12, 4.24, 4.13, 10785, tse]
[9110, 3.45, 3.15, 3.45, 3.26, 288, tse]
[9136, 6.39, 6.27, 6.30, 6.32, 1107, tse]
[9802, 138.0, 129.0, 133.50, 136.50, 8563, tse]
[9902, 13.85, 12.85, 12.85, 13.40, 1977, tse]
[9904, 34.3, 33.25, 34.25, 33.60, 31921, tse]
[9905, 24.65, 24.3, 24.50, 24.60, 537, tse]
[9906, 48.35, 47.9, 48.05, 48.20, 185, tse]
[9907, 17.6, 17.25, 17.45, 17.55, 7769, tse]
[9908, 31.35, 31.05, 31.10, 31.20, 487, tse]
[9910, 186.5, 179.0, 181.50, 185.00, 5572, tse]
[9911, 64.7, 64.0, 64.00, 64.70, 564, tse]
[9912, 10.55, 9.95, 10.10, 10.35, 472, tse]
[9914, 183.0, 176.5, 183.00, 180.00, 3346, tse]
[9917, 101.0, 99.8, 99.90, 101.00, 1358, tse]
[9918, 42.3, 42.0, 42.20, 42.20, 60, tse]
[9919, 17.85, 17.3, 17.30, 17.55, 4023, tse]
[9921, 210.5, 203.5, 208.50, 203.50, 5016, tse]
[9924, 42.95, 42.3, 42.50, 42.95, 660, tse]
[9925, 41.0, 40.2, 40.35, 41.00, 956, tse]
[9926, 52.9, 51.6, 52.90, 52.30, 31, tse]
[9927, 39.8, 39.0, 39.10, 39.70, 572, tse]
[9928, 20.25, 19.25, 20.15, 19.40, 1080, tse]
[9929, 9.5, 9.2, 9.50, 9.32, 310, tse]
[9930, 47.25, 46.0, 46.70, 47.15, 487, tse]
[9931, 39.7, 39.1, 39.35, 39.10, 38, tse]
[9933, 45.15, 43.85, 44.00, 44.45, 5806, tse]
[9934, 13.3, 13.05, 13.10, 13.15, 1311, tse]
[9935, 20.6, 17.4, 17.60, 19.25, 5460, tse]
[9937, 59.4, 56.9, 58.00, 59.40, 370, tse]
[9938, 63.1, 60.7, 60.90, 61.90, 5914, tse]
[9939, 98.4, 95.0, 96.40, 96.50, 11186, tse]
[9940, 28.9, 28.3, 28.60, 28.40, 1245, tse]
[9941, 171.0, 167.0, 170.00, 170.00, 3926, tse]
[9942, 125.0, 118.0, 120.00, 119.50, 2220, tse]
[9943, 70.5, 67.4, 69.40, 70.00, 1091, tse]
[9944, 20.55, 20.35, 20.50, 20.35, 459, tse]
[9945, 44.8, 43.75, 43.75, 44.45, 20266, tse]
[9946, 12.35, 11.85, 11.85, 12.20, 375, tse]
[9949, 22.45, 20.15, 20.50, 21.70, 198, otc]
[9950, 13.9, 12.0, 12.00, 12.60, 325, otc]
[9951, 72.1, 68.0, 68.00, 70.30, 915, otc]
[9955, 22.35, 20.65, 20.80, 21.10, 4787, tse]
[9958, 108.5, 102.0, 103.00, 104.00, 17664, tse]
[9960, 27.6, 26.2, 26.50, 27.20, 257, otc]
[9962, 21.5, 20.15, 20.15, 20.75, 6411, otc]
