[1101, 32.3, 31.85, 32.05, 31.85, 71201, tse]
[1102, 40.6, 39.85, 40.00, 40.40, 22354, tse]
[1103, 17.75, 17.25, 17.70, 17.30, 2016, tse]
[1104, 31.35, 30.15, 30.15, 31.05, 10888, tse]
[1108, 16.3, 15.6, 15.80, 15.65, 6466, tse]
[1109, 17.95, 17.6, 17.80, 17.60, 2970, tse]
[1110, 18.0, 17.75, 17.85, 18.00, 695, tse]
[1201, 19.6, 18.85, 19.05, 18.90, 2573, tse]
[1203, 54.0, 51.1, 53.70, 51.50, 151, tse]
[1210, 60.6, 58.7, 59.00, 59.40, 12832, tse]
[1213, 7.29, 7.0, 7.29, 7.04, 191, tse]
[1215, 100.0, 97.0, 97.60, 99.00, 3067, tse]
[1216, 77.0, 75.3, 75.30, 75.70, 31313, tse]
[1217, 11.95, 11.65, 11.90, 11.70, 5669, tse]
[1218, 22.35, 21.1, 21.15, 21.30, 7770, tse]
[1219, 18.95, 18.55, 18.85, 18.60, 2836, tse]
[1220, 14.0, 13.8, 13.85, 13.90, 920, tse]
[1225, 55.4, 53.7, 54.60, 55.00, 56, tse]
[1227, 37.75, 37.1, 37.60, 37.25, 3426, tse]
[1229, 68.4, 65.3, 65.40, 65.70, 8123, tse]
[1231, 88.2, 86.6, 86.70, 87.70, 923, tse]
[1232, 145.5, 143.5, 145.50, 143.50, 365, tse]
[1233, 34.95, 34.35, 34.70, 34.50, 84, tse]
[1234, 40.3, 39.9, 40.00, 40.00, 870, tse]
[1235, 85.4, 80.0, 83.60, 80.00, 111, tse]
[1236, 24.55, 23.6, 24.30, 23.60, 131, tse]
[1240, 50.3, 49.2, 50.30, 49.20, 167, otc]
[1256, 253.5, 240.0, 250.00, 240.00, 91, tse]
[1259, 76.0, 72.8, 74.20, 73.50, 224, otc]
[1264, 313.5, 300.0, 300.00, 308.00, 108, otc]
[1268, 153.5, 150.0, 151.00, 152.00, 481, otc]
[1301, 71.2, 68.6, 71.10, 68.60, 53295, tse]
[1303, 58.1, 55.4, 58.10, 55.50, 62698, tse]
[1304, 18.15, 17.0, 18.05, 17.00, 9001, tse]
[1305, 20.15, 19.1, 20.10, 19.15, 8644, tse]
[1307, 27.35, 26.35, 26.85, 26.40, 2607, tse]
[1308, 21.85, 20.5, 21.85, 20.70, 6020, tse]
[1309, 16.75, 15.5, 16.75, 15.55, 4231, tse]
[1310, 14.15, 13.4, 14.10, 13.60, 5610, tse]
[1312, 14.15, 13.5, 14.10, 13.55, 17068, tse]
[1313, 14.75, 13.55, 14.70, 13.65, 11830, tse]
[1314, 9.38, 9.18, 9.37, 9.19, 54959, tse]
[1315, 72.6, 71.6, 71.90, 72.30, 186, tse]
[1316, 28.8, 21.4, 22.00, 22.60, 355050, tse]
[1319, 105.0, 94.9, 102.00, 96.50, 27969, tse]
[1321, 36.1, 35.5, 35.90, 35.65, 781, tse]
[1323, 31.1, 30.95, 31.10, 31.05, 186, tse]
[1324, 16.75, 15.2, 16.60, 15.50, 2058, tse]
[1325, 33.5, 31.35, 33.10, 31.45, 4690, tse]
[1326, 56.1, 54.4, 56.00, 54.80, 24225, tse]
[1336, 22.55, 21.05, 22.40, 21.25, 899, otc]
[1337, 7.9, 7.41, 7.77, 7.43, 3139, tse]
[1338, 40.0, 36.9, 38.10, 37.10, 915, tse]
[1339, 76.0, 67.7, 76.00, 68.60, 2524, tse]
[1340, 11.2, 10.65, 11.00, 10.75, 953, tse]
[1341, 64.5, 61.2, 61.20, 63.10, 123, tse]
[1342, 137.0, 129.0, 133.50, 131.00, 5184, tse]
[1402, 32.4, 31.65, 31.70, 32.40, 23204, tse]
[1409, 17.4, 15.25, 15.30, 16.05, 98531, tse]
[1410, 37.25, 36.6, 36.95, 36.75, 791, tse]
[1413, 9.14, 8.95, 9.11, 8.96, 420, tse]
[1414, 20.25, 17.9, 20.00, 17.95, 4406, tse]
[1416, 14.1, 12.15, 12.25, 13.00, 17494, tse]
[1417, 12.05, 11.8, 11.90, 11.80, 1134, tse]
[1418, 33.75, 27.8, 28.30, 32.65, 2099, tse]
[1419, 45.45, 44.5, 45.10, 44.55, 309, tse]
[1423, 31.25, 31.05, 31.15, 31.05, 344, tse]
[1432, 23.45, 19.1, 23.15, 19.15, 18829, tse]
[1434, 23.6, 22.55, 23.55, 22.80, 10474, tse]
[1435, 51.0, 47.15, 49.30, 47.20, 29, tse]
[1436, 97.9, 92.2, 93.00, 96.20, 834, tse]
[1437, 31.8, 31.05, 31.30, 31.40, 951, tse]
[1438, 47.55, 45.65, 46.90, 45.85, 1390, tse]
[1439, 25.3, 24.5, 24.70, 24.55, 203, tse]
[1440, 15.6, 14.95, 15.25, 15.00, 5402, tse]
[1441, 14.15, 13.35, 14.00, 13.75, 161, tse]
[1442, 39.1, 37.5, 38.65, 38.10, 1732, tse]
[1443, 28.95, 28.1, 28.40, 28.55, 281, tse]
[1444, 10.15, 9.96, 10.10, 9.97, 9788, tse]
[1445, 27.95, 25.0, 26.10, 25.10, 5020, tse]
[1446, 35.7, 34.6, 34.95, 35.45, 636, tse]
[1447, 8.63, 8.21, 8.21, 8.30, 11836, tse]
[1449, 22.8, 20.75, 22.25, 20.80, 5652, tse]
[1451, 19.05, 18.8, 19.00, 18.80, 698, tse]
[1452, 16.9, 16.2, 16.65, 16.25, 984, tse]
[1453, 16.2, 14.35, 14.75, 14.80, 4058, tse]
[1454, 16.55, 16.15, 16.20, 16.20, 255, tse]
[1455, 13.8, 12.0, 12.55, 13.50, 34586, tse]
[1456, 24.95, 19.15, 22.95, 19.15, 14772, tse]
[1457, 18.9, 18.4, 18.45, 18.80, 1147, tse]
[1459, 9.89, 9.71, 9.76, 9.85, 549, tse]
[1460, 7.27, 7.02, 7.24, 7.17, 7241, tse]
[1463, 18.4, 17.9, 17.90, 18.15, 1795, tse]
[1464, 13.6, 13.05, 13.50, 13.10, 1338, tse]
[1465, 14.8, 14.55, 14.60, 14.65, 578, tse]
[1466, 14.4, 13.1, 13.45, 13.40, 3227, tse]
[1467, 11.1, 10.85, 11.00, 10.90, 2378, tse]
[1468, 14.95, 14.3, 14.30, 14.60, 251, tse]
[1470, 21.0, 19.85, 20.15, 20.00, 44, tse]
[1471, 19.25, 16.3, 16.30, 16.60, 29294, tse]
[1472, 87.5, 74.8, 74.80, 80.10, 1335, tse]
[1473, 28.95, 27.85, 28.70, 27.95, 852, tse]
[1474, 13.45, 12.15, 12.50, 12.25, 3593, tse]
[1475, 52.9, 49.75, 50.00, 50.90, 521, tse]
[1476, 580.0, 533.0, 560.00, 568.00, 2475, tse]
[1477, 375.0, 362.5, 373.50, 365.50, 5660, tse]
[1503, 189.0, 163.0, 184.00, 165.00, 78960, tse]
[1504, 51.2, 48.15, 48.95, 49.40, 79581, tse]
[1506, 16.65, 16.05, 16.65, 16.35, 1539, tse]
[1512, 10.85, 9.81, 10.65, 10.00, 472, tse]
[1513, 175.0, 157.5, 172.50, 161.50, 274705, tse]
[1514, 119.5, 106.5, 110.00, 107.50, 202206, tse]
[1515, 48.7, 46.3, 48.45, 46.75, 7717, tse]
[1516, 17.8, 16.55, 17.65, 16.85, 450, tse]
[1517, 19.3, 15.85, 16.35, 17.20, 24527, tse]
[1519, 563.0, 490.0, 535.00, 502.00, 6139, tse]
[1521, 44.35, 42.5, 43.60, 42.80, 745, tse]
[1522, 51.5, 44.3, 51.20, 44.30, 46294, tse]
[1524, 36.6, 32.4, 36.60, 32.65, 27827, tse]
[1525, 74.1, 71.5, 74.00, 71.80, 310, tse]
[1526, 37.6, 31.0, 31.55, 33.10, 11882, tse]
[1527, 41.65, 40.65, 41.00, 41.20, 1843, tse]
[1528, 14.85, 13.15, 14.50, 13.20, 14791, tse]
[1529, 35.35, 32.5, 34.90, 32.80, 10312, tse]
[1530, 32.85, 32.05, 32.60, 32.15, 268, tse]
[1531, 13.9, 13.4, 13.40, 13.40, 1216, tse]
[1532, 40.6, 38.3, 38.85, 39.35, 11469, tse]
[1533, 52.3, 49.0, 52.10, 49.10, 1373, tse]
[1535, 68.8, 65.0, 67.90, 68.50, 4761, tse]
[1536, 55.8, 51.9, 55.30, 52.00, 8330, tse]
[1537, 135.5, 133.5, 133.50, 135.00, 632, tse]
[1538, 25.5, 20.8, 22.30, 22.50, 152, tse]
[1539, 26.9, 23.9, 24.00, 25.55, 4253, tse]
[1540, 18.2, 17.65, 18.10, 17.70, 1726, tse]
[1541, 32.4, 31.9, 32.40, 32.15, 84, tse]
[1558, 103.5, 100.5, 102.50, 100.50, 850, tse]
[1560, 264.5, 239.5, 261.00, 241.00, 23103, tse]
[1565, 204.0, 192.0, 204.00, 192.50, 1026, otc]
[1568, 35.0, 30.15, 34.55, 30.50, 7710, tse]
[1569, 26.2, 24.5, 25.25, 24.70, 5617, otc]
[1570, 30.35, 25.45, 25.45, 28.05, 8823, otc]
[1580, 159.5, 154.0, 154.50, 158.00, 851, otc]
[1582, 87.7, 79.1, 79.60, 80.20, 30604, tse]
[1583, 75.6, 70.6, 71.00, 73.20, 202, tse]
[1584, 35.5, 33.15, 35.00, 33.15, 11252, otc]
[1586, 33.15, 32.1, 32.80, 32.45, 893, otc]
[1587, 25.7, 23.4, 23.40, 24.45, 2953, tse]
[1589, 65.1, 57.2, 59.60, 57.80, 26842, tse]
[1590, 1185.0, 1060.0, 1,175.00, 1,065.00, 4852, tse]
[1591, 68.4, 61.4, 65.80, 63.90, 10642, otc]
[1593, 53.3, 50.0, 52.40, 50.60, 256, otc]
[1595, 36.5, 35.8, 36.20, 36.10, 167, otc]
[1597, 66.7, 63.2, 66.30, 64.40, 827, tse]
[1598, 31.9, 30.4, 31.90, 30.90, 1864, tse]
[1599, 35.25, 34.25, 35.25, 34.25, 164, otc]
[1603, 39.3, 36.0, 38.05, 36.05, 10634, tse]
[1604, 29.1, 28.65, 28.85, 28.85, 2460, tse]
[1605, 36.75, 34.7, 36.20, 35.15, 49092, tse]
[1608, 23.5, 22.2, 22.65, 22.35, 22628, tse]
[1609, 39.4, 35.85, 38.10, 36.05, 177391, tse]
[1611, 17.25, 16.0, 17.05, 16.10, 4251, tse]
[1612, 27.45, 26.2, 27.20, 26.45, 7580, tse]
[1614, 39.1, 38.2, 38.60, 38.50, 509, tse]
[1615, 51.0, 47.4, 49.50, 47.75, 1790, tse]
[1616, 15.2, 13.9, 14.60, 14.15, 9487, tse]
[1617, 17.45, 16.5, 17.35, 16.55, 422, tse]
[1618, 36.4, 31.3, 35.85, 31.40, 36250, tse]
[1626, 16.5, 15.95, 16.40, 16.00, 504, tse]
[1701, 23.9, 23.2, 23.90, 23.20, 2704, tse]
[1702, 57.2, 54.6, 55.00, 55.60, 5012, tse]
[1707, 157.0, 152.0, 157.00, 153.50, 1569, tse]
[1708, 31.6, 30.0, 31.60, 30.00, 4616, tse]
[1709, 20.9, 20.4, 20.80, 20.55, 2696, tse]
[1710, 19.25, 18.25, 19.00, 18.30, 10750, tse]
[1711, 21.85, 20.25, 21.80, 20.55, 20150, tse]
[1712, 42.25, 41.3, 42.00, 41.95, 11151, tse]
[1713, 44.55, 42.8, 42.90, 43.45, 796, tse]
[1714, 9.14, 8.9, 9.06, 8.91, 8347, tse]
[1717, 33.7, 31.7, 31.85, 32.60, 34920, tse]
[1718, 7.79, 7.42, 7.73, 7.47, 17044, tse]
[1720, 67.2, 65.2, 66.80, 65.40, 2959, tse]
[1721, 16.85, 14.5, 16.60, 14.65, 16391, tse]
[1722, 67.6, 65.0, 66.00, 65.10, 10218, tse]
[1723, 112.0, 110.0, 111.50, 111.50, 1876, tse]
[1725, 41.9, 32.8, 32.80, 33.75, 11075, tse]
[1726, 76.6, 75.5, 76.60, 75.90, 257, tse]
[1727, 32.95, 28.35, 31.55, 28.55, 11055, tse]
[1730, 56.7, 56.2, 56.60, 56.20, 242, tse]
[1731, 25.7, 24.4, 25.05, 24.85, 3933, tse]
[1732, 30.4, 29.0, 30.30, 29.00, 1708, tse]
[1733, 33.2, 31.45, 33.20, 31.55, 2917, tse]
[1734, 35.95, 33.25, 33.25, 35.25, 10045, tse]
[1735, 18.0, 17.05, 18.00, 17.20, 202, tse]
[1736, 74.5, 66.0, 66.20, 72.80, 7595, tse]
[1737, 34.85, 34.25, 34.55, 34.40, 1142, tse]
[1742, 16.95, 16.55, 16.70, 16.75, 395, otc]
[1752, 50.3, 48.5, 49.25, 48.60, 1479, tse]
[1760, 106.5, 100.0, 102.00, 100.50, 3482, tse]
[1762, 50.2, 48.1, 49.95, 48.30, 1476, tse]
[1773, 190.0, 158.5, 160.00, 174.00, 20325, tse]
[1776, 18.0, 17.35, 18.00, 17.40, 557, tse]
[1777, 83.8, 82.1, 82.40, 82.90, 223, otc]
[1781, 18.0, 16.1, 17.30, 16.25, 1447, otc]
[1783, 47.3, 44.4, 47.20, 44.70, 1047, tse]
[1784, 63.6, 60.3, 62.20, 61.10, 1419, otc]
[1785, 49.2, 43.35, 44.50, 44.00, 67343, otc]
[1786, 91.7, 86.4, 89.70, 89.90, 3577, tse]
[1788, 140.0, 139.0, 139.50, 139.00, 135, otc]
[1789, 25.55, 24.3, 25.25, 24.50, 4306, tse]
[1795, 299.0, 275.0, 291.00, 275.00, 29312, tse]
[1796, 61.0, 58.1, 60.70, 59.00, 232, otc]
[1799, 67.8, 54.6, 54.70, 61.00, 2627, otc]
[1802, 18.35, 17.7, 18.00, 17.80, 17274, tse]
[1805, 19.8, 16.95, 19.80, 16.95, 2124, tse]
[1806, 12.3, 11.4, 12.30, 11.60, 8587, tse]
[1808, 105.0, 99.9, 103.00, 101.50, 7131, tse]
[1809, 36.2, 29.1, 29.10, 32.45, 14844, tse]
[1810, 18.0, 16.85, 17.75, 16.95, 3452, tse]
[1813, 20.0, 19.45, 19.90, 19.45, 202, otc]
[1815, 23.45, 18.05, 18.90, 18.75, 399464, otc]
[1817, 38.25, 37.1, 37.80, 37.20, 841, tse]
[1903, 55.1, 52.5, 52.90, 53.00, 1214, tse]
[1904, 29.7, 28.35, 29.00, 28.55, 5515, tse]
[1905, 25.0, 22.15, 23.00, 22.25, 46250, tse]
[1906, 16.2, 15.4, 15.65, 15.40, 727, tse]
[1907, 31.5, 29.55, 30.05, 29.70, 10728, tse]
[1909, 14.7, 13.9, 14.05, 14.05, 13179, tse]
[2002, 24.35, 23.8, 24.30, 24.10, 129761, tse]
[2006, 78.8, 76.4, 77.80, 76.90, 12729, tse]
[2007, 10.5, 10.0, 10.45, 10.15, 3513, tse]
[2008, 23.0, 21.85, 21.90, 22.45, 443, tse]
[2009, 33.8, 31.2, 31.20, 33.60, 13798, tse]
[2010, 17.6, 17.25, 17.40, 17.50, 3084, tse]
[2012, 23.75, 22.6, 23.25, 23.20, 345, tse]
[2013, 63.0, 52.8, 52.80, 59.60, 6664, tse]
[2014, 22.95, 22.0, 22.95, 22.05, 33293, tse]
[2015, 72.1, 68.7, 68.70, 71.60, 1654, tse]
[2017, 14.65, 14.2, 14.35, 14.25, 5239, tse]
[2020, 36.35, 35.0, 35.80, 35.55, 5702, tse]
[2022, 11.3, 10.4, 11.25, 10.45, 5476, tse]
[2023, 15.5, 14.85, 15.25, 15.10, 12532, tse]
[2024, 22.65, 21.2, 21.20, 21.85, 552, tse]
[2025, 13.95, 10.25, 10.30, 12.85, 47772, tse]
[2027, 36.45, 35.3, 36.05, 35.45, 27529, tse]
[2028, 25.8, 24.7, 25.40, 25.00, 980, tse]
[2029, 27.85, 27.05, 27.80, 27.30, 1676, tse]
[2030, 19.15, 18.3, 18.95, 18.55, 3427, tse]
[2031, 68.5, 61.2, 67.50, 61.20, 23351, tse]
[2032, 16.9, 15.9, 16.55, 16.00, 1316, tse]
[2033, 17.0, 15.8, 16.75, 15.95, 605, tse]
[2034, 25.55, 24.9, 25.55, 24.95, 4186, tse]
[2035, 32.9, 31.9, 32.70, 32.75, 73, otc]
[2038, 19.85, 19.05, 19.65, 19.30, 2668, tse]
[2049, 242.5, 230.5, 238.00, 237.50, 11136, tse]
[2059, 1475.0, 1300.0, 1,415.00, 1,325.00, 12091, tse]
[2061, 16.9, 16.05, 16.40, 16.45, 365, otc]
[2062, 30.0, 28.5, 29.90, 28.70, 3892, tse]
[2063, 54.9, 52.6, 54.40, 52.60, 339, otc]
[2064, 16.3, 15.75, 16.05, 15.90, 305, otc]
[2065, 66.7, 63.5, 65.00, 64.10, 2080, otc]
[2066, 102.5, 91.3, 96.50, 92.80, 3764, otc]
[2067, 13.3, 12.3, 13.30, 12.80, 77, otc]
[2069, 16.2, 15.8, 15.95, 15.80, 800, tse]
[2070, 35.3, 33.7, 33.85, 34.90, 464, otc]
[2073, 30.5, 29.55, 29.95, 29.95, 120, otc]
[2101, 41.95, 39.4, 40.00, 40.30, 12863, tse]
[2102, 18.7, 18.15, 18.55, 18.25, 2141, tse]
[2103, 23.05, 22.4, 22.95, 22.45, 6737, tse]
[2104, 18.1, 17.4, 18.05, 17.60, 13590, tse]
[2105, 46.85, 45.45, 46.60, 46.30, 19868, tse]
[2106, 30.3, 29.8, 30.00, 29.95, 2051, tse]
[2107, 23.85, 23.65, 23.75, 23.75, 1341, tse]
[2108, 35.35, 34.05, 35.15, 34.05, 2746, tse]
[2109, 16.8, 14.6, 14.65, 15.90, 10762, tse]
[2114, 109.0, 106.5, 107.00, 107.50, 411, tse]
[2115, 30.35, 29.05, 30.05, 29.05, 564, tse]
[2201, 71.4, 66.8, 70.80, 67.10, 24393, tse]
[2204, 137.0, 123.5, 125.50, 127.50, 31690, tse]
[2206, 80.2, 73.8, 79.70, 74.50, 52098, tse]
[2207, 665.0, 645.0, 659.00, 656.00, 1168, tse]
[2208, 18.25, 17.5, 18.25, 17.55, 17100, tse]
[2211, 123.5, 107.5, 107.50, 122.50, 17581, tse]
[2221, 35.55, 34.65, 35.45, 34.95, 217, otc]
[2227, 169.0, 163.5, 169.00, 163.50, 421, tse]
[2228, 94.9, 90.7, 91.20, 91.20, 1541, tse]
[2230, 193.0, 164.0, 177.00, 164.00, 16029, otc]
[2231, 129.0, 117.5, 128.00, 118.00, 2817, tse]
[2233, 148.0, 137.0, 143.00, 138.50, 2861, tse]
[2235, 46.8, 45.2, 46.40, 45.45, 103, otc]
[2236, 73.8, 70.0, 71.90, 70.10, 3999, tse]
[2239, 57.8, 56.4, 57.80, 56.70, 347, tse]
[2241, 33.55, 30.4, 30.60, 30.50, 7446, tse]
[2243, 17.2, 16.1, 16.60, 16.25, 1149, tse]
[2247, 308.0, 301.0, 301.50, 305.00, 379, tse]
[2250, 108.5, 95.8, 95.80, 99.90, 2258, tse]
[2254, 84.8, 80.0, 80.50, 84.80, 815, tse]
[2258, 47.25, 43.75, 45.65, 44.45, 3714, tse]
[2301, 117.0, 110.5, 115.00, 114.00, 108385, tse]
[2302, 20.0, 18.05, 19.60, 18.25, 2654, tse]
[2303, 53.0, 48.45, 48.50, 51.90, 550212, tse]
[2305, 30.5, 25.15, 30.40, 25.65, 33068, tse]
[2308, 314.5, 289.0, 295.00, 312.00, 81083, tse]
[2312, 15.6, 14.8, 15.30, 14.80, 31180, tse]
[2313, 80.5, 74.4, 74.50, 75.60, 225925, tse]
[2314, 35.4, 32.2, 33.10, 32.40, 8385, tse]
[2316, 43.45, 36.3, 37.00, 41.55, 50306, tse]
[2317, 108.5, 102.5, 102.50, 105.00, 341789, tse]
[2321, 17.5, 14.85, 14.85, 16.30, 41, tse]
[2323, 11.15, 10.65, 10.90, 10.65, 31515, tse]
[2324, 40.35, 36.2, 38.80, 36.65, 398111, tse]
[2327, 571.0, 547.0, 565.00, 565.00, 14139, tse]
[2328, 33.4, 30.25, 32.75, 30.45, 11030, tse]
[2329, 73.5, 67.3, 73.20, 67.30, 166885, tse]
[2330, 796.0, 711.0, 714.00, 784.00, 401424, tse]
[2331, 32.7, 29.45, 31.90, 29.65, 32838, tse]
[2332, 19.9, 18.75, 19.10, 18.85, 32089, tse]
[2337, 28.85, 27.1, 28.40, 27.25, 40028, tse]
[2338, 71.8, 67.7, 69.70, 67.70, 7635, tse]
[2340, 44.25, 40.7, 41.20, 41.60, 21819, tse]
[2342, 33.65, 30.55, 31.20, 33.65, 5036, tse]
[2344, 28.7, 27.1, 28.15, 27.60, 184391, tse]
[2345, 529.0, 484.5, 509.00, 491.00, 21274, tse]
[2347, 77.1, 74.5, 76.60, 74.70, 18882, tse]
[2348, 112.5, 103.0, 106.50, 107.00, 2407, tse]
[2349, 7.97, 7.71, 7.88, 7.72, 5052, tse]
[2351, 106.0, 100.0, 104.00, 101.00, 3971, tse]
[2352, 47.5, 43.7, 47.15, 43.70, 66786, tse]
[2353, 47.8, 44.5, 46.90, 44.50, 168392, tse]
[2354, 50.9, 49.15, 49.30, 49.20, 15867, tse]
[2355, 51.7, 45.85, 51.10, 46.25, 52657, tse]
[2356, 57.2, 53.6, 56.80, 54.20, 155136, tse]
[2357, 471.5, 451.0, 460.50, 452.50, 13661, tse]
[2358, 9.96, 8.16, 8.27, 9.55, 26156, tse]
[2359, 40.65, 37.6, 40.05, 38.40, 16252, tse]
[2360, 292.0, 233.5, 233.50, 269.00, 44411, tse]
[2362, 41.2, 38.25, 40.50, 38.55, 12578, tse]
[2363, 45.4, 40.55, 44.10, 40.65, 74623, tse]
[2364, 97.4, 91.0, 96.80, 91.00, 1330, tse]
[2365, 25.5, 20.75, 25.50, 20.75, 50480, tse]
[2367, 28.0, 22.0, 22.00, 24.30, 591949, tse]
[2368, 280.0, 244.0, 266.00, 249.50, 52489, tse]
[2369, 27.5, 24.4, 26.45, 24.75, 59167, tse]
[2371, 55.0, 49.85, 54.00, 50.00, 217307, tse]
[2373, 74.3, 73.5, 73.90, 73.50, 307, tse]
[2374, 26.4, 25.0, 26.05, 25.10, 8825, tse]
[2375, 66.7, 62.8, 66.70, 62.90, 2199, tse]
[2376, 379.0, 349.5, 377.00, 358.00, 114252, tse]
[2377, 198.5, 186.5, 192.50, 188.00, 22987, tse]
[2379, 620.0, 555.0, 566.00, 587.00, 33429, tse]
[2380, 7.3, 6.8, 7.04, 7.00, 1515, tse]
[2382, 248.5, 236.5, 241.00, 241.50, 123393, tse]
[2383, 538.0, 482.0, 500.00, 490.00, 42271, tse]
[2385, 230.0, 191.0, 191.00, 223.00, 54020, tse]
[2387, 66.0, 62.2, 65.00, 63.00, 12478, tse]
[2388, 141.0, 127.5, 133.00, 131.00, 61845, tse]
[2390, 14.7, 13.75, 14.45, 13.85, 5854, tse]
[2392, 46.6, 43.9, 46.10, 43.95, 14268, tse]
[2393, 52.4, 50.5, 51.90, 50.80, 7818, tse]
[2395, 400.0, 385.5, 389.00, 393.00, 6619, tse]
[2397, 65.3, 63.7, 64.00, 63.90, 210, tse]
[2399, 26.25, 23.35, 25.45, 23.90, 37538, tse]
[2401, 33.3, 30.8, 32.90, 31.20, 14652, tse]
[2402, 36.0, 32.9, 34.50, 33.70, 33496, tse]
[2404, 393.5, 300.0, 300.50, 389.50, 25140, tse]
[2405, 20.75, 18.25, 20.40, 18.50, 57376, tse]
[2406, 18.45, 16.95, 18.15, 17.10, 9901, tse]
[2408, 67.4, 64.5, 66.80, 65.00, 71742, tse]
[2409, 17.55, 16.7, 17.15, 16.75, 143282, tse]
[2412, 122.0, 120.5, 121.00, 120.50, 29739, tse]
[2413, 30.6, 27.6, 29.40, 27.65, 3849, tse]
[2414, 34.2, 33.6, 33.70, 33.70, 825, tse]
[2415, 31.8, 28.6, 29.50, 28.60, 2031, tse]
[2417, 55.6, 39.25, 39.60, 50.90, 130230, tse]
[2419, 34.75, 30.25, 30.45, 31.80, 29830, tse]
[2420, 53.9, 51.9, 52.80, 51.90, 3064, tse]
[2421, 136.0, 122.5, 132.50, 123.00, 92306, tse]
[2423, 43.65, 40.15, 42.00, 40.75, 3329, tse]
[2424, 33.0, 29.8, 29.80, 31.40, 539, tse]
[2425, 48.75, 45.0, 48.20, 45.75, 12396, tse]
[2426, 19.35, 18.35, 19.25, 18.40, 4338, tse]
[2427, 25.8, 23.7, 24.00, 24.00, 9452, tse]
[2428, 181.0, 169.0, 173.50, 171.00, 6064, tse]
[2429, 22.9, 20.95, 20.95, 21.35, 1132, tse]
[2430, 39.8, 38.4, 39.60, 39.40, 1530, tse]
[2431, 15.0, 13.7, 14.55, 13.80, 9224, tse]
[2432, 40.8, 38.8, 40.80, 38.80, 152, tse]
[2433, 52.6, 52.0, 52.30, 52.10, 265, tse]
[2434, 34.95, 31.7, 33.80, 32.00, 96, tse]
[2436, 68.1, 63.2, 67.70, 63.30, 8525, tse]
[2438, 23.6, 22.3, 23.20, 22.60, 1204, tse]
[2439, 116.5, 111.5, 115.00, 112.00, 9368, tse]
[2440, 15.35, 13.8, 14.50, 13.80, 4649, tse]
[2441, 67.1, 59.9, 59.90, 63.40, 20455, tse]
[2442, 28.6, 26.2, 26.75, 27.75, 13218, tse]
[2443, 5.08, 4.35, 5.06, 4.35, 2570, tse]
[2444, 13.15, 12.25, 12.80, 12.35, 3737, tse]
[2449, 123.0, 91.2, 92.40, 111.00, 218026, tse]
[2450, 39.8, 38.35, 38.50, 39.15, 1431, tse]
[2451, 84.5, 82.0, 83.90, 82.00, 4945, tse]
[2453, 55.7, 52.5, 55.30, 53.10, 3571, tse]
[2454, 1275.0, 1105.0, 1,115.00, 1,230.00, 63919, tse]
[2455, 190.0, 166.0, 178.50, 170.50, 52047, tse]
[2457, 62.5, 55.6, 60.30, 55.90, 34678, tse]
[2458, 171.5, 161.5, 168.50, 162.50, 10604, tse]
[2459, 67.3, 64.6, 66.40, 65.70, 566, tse]
[2460, 41.95, 34.8, 41.90, 36.25, 18174, tse]
[2461, 23.15, 22.3, 23.00, 22.40, 5552, tse]
[2462, 41.2, 37.25, 40.85, 37.60, 12684, tse]
[2464, 41.25, 37.7, 40.00, 38.05, 24860, tse]
[2465, 173.0, 133.5, 160.50, 133.50, 14333, tse]
[2466, 37.9, 36.55, 36.55, 36.65, 151, tse]
[2467, 149.0, 122.0, 133.50, 124.50, 41887, tse]
[2468, 29.6, 27.95, 29.60, 27.95, 2362, tse]
[2471, 58.2, 55.4, 56.20, 56.10, 2522, tse]
[2472, 72.7, 66.0, 71.90, 66.30, 6446, tse]
[2474, 200.5, 196.0, 196.00, 197.50, 9827, tse]
[2476, 85.0, 75.6, 82.60, 75.60, 28529, tse]
[2477, 20.5, 20.0, 20.15, 20.00, 440, tse]
[2478, 48.3, 46.4, 48.30, 46.40, 962, tse]
[2480, 132.5, 126.5, 128.50, 131.00, 2536, tse]
[2481, 62.5, 59.2, 62.20, 59.20, 9930, tse]
[2482, 35.6, 32.3, 34.20, 32.30, 3522, tse]
[2483, 23.8, 22.75, 23.70, 22.75, 979, tse]
[2484, 36.6, 34.0, 35.40, 34.45, 9050, tse]
[2485, 24.5, 21.45, 21.45, 22.20, 52323, tse]
[2486, 56.0, 48.5, 51.70, 49.50, 139845, tse]
[2488, 43.6, 42.1, 43.35, 42.40, 3100, tse]
[2489, 15.1, 14.0, 14.80, 14.05, 27086, tse]
[2491, 16.55, 14.65, 16.50, 14.90, 1477, tse]
[2492, 112.5, 102.0, 112.50, 102.50, 13998, tse]
[2493, 92.5, 87.5, 90.70, 88.40, 1903, tse]
[2495, 25.35, 22.75, 24.60, 22.95, 18531, tse]
[2496, 62.0, 60.5, 61.90, 60.50, 229, tse]
[2497, 58.6, 53.3, 57.30, 53.60, 3532, tse]
[2498, 50.1, 45.3, 49.15, 45.90, 40826, tse]
[2501, 18.5, 18.15, 18.30, 18.25, 7439, tse]
[2504, 36.8, 34.0, 34.20, 36.40, 40930, tse]
[2505, 22.4, 21.8, 22.10, 22.00, 2455, tse]
[2506, 10.3, 9.92, 10.00, 9.99, 3881, tse]
[2509, 18.4, 18.0, 18.05, 18.10, 1115, tse]
[2511, 10.55, 10.2, 10.35, 10.30, 10783, tse]
[2514, 16.05, 15.55, 15.55, 15.85, 2147, tse]
[2515, 13.2, 12.2, 12.30, 12.65, 136696, tse]
[2516, 14.15, 12.3, 12.50, 12.90, 23394, tse]
[2520, 39.3, 37.85, 39.15, 38.20, 9500, tse]
[2524, 41.5, 36.2, 36.40, 37.25, 4302, tse]
[2527, 34.45, 32.1, 32.60, 34.20, 5487, tse]
[2528, 40.4, 37.9, 38.55, 39.55, 2991, tse]
[2530, 39.35, 38.0, 38.25, 39.35, 5559, tse]
[2534, 21.45, 20.15, 20.15, 20.90, 6824, tse]
[2535, 52.0, 49.1, 49.45, 50.90, 3414, tse]
[2536, 30.0, 28.4, 29.50, 28.80, 2539, tse]
[2537, 10.6, 9.93, 10.50, 9.97, 13475, tse]
[2538, 16.55, 15.35, 15.35, 16.35, 7979, tse]
[2539, 64.3, 60.2, 60.20, 61.50, 5418, tse]
[2540, 90.6, 88.2, 88.60, 89.70, 1709, tse]
[2542, 40.0, 39.55, 39.70, 39.75, 13709, tse]
[2543, 51.0, 42.4, 47.50, 44.65, 63629, tse]
[2545, 44.05, 42.75, 43.20, 42.80, 1349, tse]
[2546, 91.0, 87.9, 89.10, 88.80, 791, tse]
[2547, 9.4, 9.02, 9.31, 9.09, 17296, tse]
[2548, 103.0, 98.6, 99.50, 102.00, 5591, tse]
[2596, 31.6, 30.25, 31.10, 30.70, 1112, otc]
[2597, 134.0, 122.0, 123.00, 134.00, 2297, tse]
[2601, 8.38, 8.04, 8.31, 8.06, 12144, tse]
[2603, 187.5, 161.5, 164.50, 179.50, 219429, tse]
[2605, 27.8, 25.15, 27.35, 25.35, 61353, tse]
[2606, 56.1, 53.2, 54.90, 54.30, 43097, tse]
[2607, 34.25, 32.5, 32.85, 33.70, 14030, tse]
[2608, 38.15, 37.75, 38.00, 37.80, 1265, tse]
[2609, 49.55, 47.4, 48.80, 47.55, 171929, tse]
[2610, 19.95, 19.4, 19.80, 19.80, 101162, tse]
[2611, 18.95, 17.15, 17.55, 18.55, 16142, tse]
[2612, 49.8, 45.8, 48.65, 46.00, 6705, tse]
[2613, 23.0, 22.1, 23.00, 22.65, 981, tse]
[2614, 20.4, 19.7, 20.40, 20.00, 5817, tse]
[2615, 50.4, 47.7, 49.60, 48.65, 34756, tse]
[2616, 29.85, 29.5, 29.85, 29.65, 573, tse]
[2617, 35.9, 34.4, 35.35, 35.20, 12038, tse]
[2618, 32.15, 30.9, 31.10, 32.05, 203852, tse]
[2630, 34.2, 32.1, 33.60, 32.10, 4493, tse]
[2633, 30.2, 29.65, 29.90, 29.90, 17364, tse]
[2634, 50.2, 46.95, 49.90, 47.10, 28462, tse]
[2636, 95.0, 89.6, 91.20, 93.20, 10675, tse]
[2637, 62.8, 59.4, 61.60, 60.80, 34486, tse]
[2640, 112.0, 107.0, 110.00, 108.00, 901, otc]
[2641, 21.55, 20.0, 21.00, 20.10, 21523, otc]
[2642, 38.65, 38.05, 38.60, 38.25, 793, tse]
[2643, 72.0, 70.4, 70.50, 71.00, 388, otc]
[2645, 106.5, 102.5, 105.00, 103.00, 3433, tse]
[2701, 12.65, 12.35, 12.50, 12.35, 1206, tse]
[2702, 19.8, 19.15, 19.65, 19.20, 336, tse]
[2704, 47.7, 45.7, 47.20, 45.70, 594, tse]
[2705, 16.9, 16.3, 16.75, 16.35, 2146, tse]
[2706, 15.0, 14.75, 14.85, 14.85, 1322, tse]
[2707, 208.5, 205.5, 208.00, 206.50, 905, tse]
[2712, 34.15, 32.5, 33.85, 32.55, 249, tse]
[2718, 90.2, 71.6, 72.70, 82.40, 626, otc]
[2719, 54.2, 51.2, 52.50, 52.50, 215, otc]
[2722, 50.9, 49.0, 49.10, 49.20, 515, tse]
[2723, 89.2, 87.1, 88.80, 87.20, 3253, tse]
[2724, 15.1, 14.65, 15.00, 14.80, 43, otc]
[2726, 27.2, 25.8, 26.95, 26.15, 43, otc]
[2727, 249.5, 229.0, 236.50, 242.50, 7440, tse]
[2729, 233.5, 225.0, 229.00, 232.00, 758, otc]
[2731, 128.5, 118.5, 120.00, 123.00, 7083, tse]
[2732, 139.5, 126.0, 130.00, 127.50, 2777, otc]
[2734, 38.35, 36.5, 37.95, 36.60, 761, otc]
[2736, 26.15, 24.5, 25.75, 24.65, 1228, otc]
[2739, 49.45, 48.05, 48.85, 48.05, 2012, tse]
[2740, 36.5, 35.65, 36.00, 36.00, 8, otc]
[2743, 118.5, 111.0, 111.00, 113.00, 1790, otc]
[2745, 80.0, 76.1, 76.90, 76.60, 791, otc]
[2748, 73.2, 70.5, 72.90, 70.50, 3027, tse]
[2752, 275.0, 269.0, 275.00, 271.00, 46, otc]
[2753, 172.5, 161.0, 170.50, 166.00, 3251, tse]
[2754, 115.0, 112.0, 113.50, 112.50, 270, otc]
[2755, 105.0, 98.0, 105.00, 98.30, 296, otc]
[2756, 91.0, 88.8, 89.00, 88.80, 187, otc]
[2762, 112.5, 98.6, 99.30, 108.00, 2859, tse]
[2801, 17.95, 17.7, 17.70, 17.85, 39978, tse]
[2809, 48.3, 45.2, 45.25, 47.85, 26065, tse]
[2812, 17.25, 16.65, 16.80, 17.10, 44554, tse]
[2816, 37.35, 34.6, 35.00, 35.25, 8258, tse]
[2820, 15.05, 14.75, 14.80, 14.90, 4716, tse]
[2832, 27.15, 26.3, 26.60, 26.80, 2163, tse]
[2834, 14.6, 13.95, 14.00, 14.60, 142013, tse]
[2836, 11.8, 11.2, 11.40, 11.20, 56101, tse]
[2838, 14.8, 14.2, 14.30, 14.70, 11069, tse]
[2845, 14.05, 12.35, 12.35, 13.95, 126825, tse]
[2849, 14.2, 13.9, 13.90, 14.00, 542, tse]
[2850, 71.9, 69.0, 69.40, 70.70, 2557, tse]
[2851, 22.95, 22.25, 22.35, 22.65, 8398, tse]
[2852, 19.25, 18.35, 18.40, 19.00, 4390, tse]
[2855, 23.35, 20.8, 21.00, 23.05, 43438, tse]
[2867, 4.96, 4.86, 4.95, 4.86, 31099, tse]
[2880, 22.0, 21.7, 21.75, 22.00, 49175, tse]
[2881, 69.2, 67.0, 67.00, 69.20, 84338, tse]
[2882, 45.3, 44.55, 44.65, 45.30, 107993, tse]
[2883, 13.0, 12.4, 12.50, 12.95, 294068, tse]
[2884, 25.45, 25.2, 25.30, 25.30, 112806, tse]
[2885, 28.55, 27.1, 27.10, 28.45, 115839, tse]
[2886, 40.1, 38.4, 38.40, 39.90, 95825, tse]
[2887, 17.85, 17.3, 17.35, 17.85, 88235, tse]
[2888, 8.32, 8.1, 8.23, 8.18, 203942, tse]
[2889, 12.7, 12.2, 12.25, 12.50, 35436, tse]
[2890, 20.3, 19.85, 19.85, 20.30, 62528, tse]
[2891, 30.25, 28.95, 28.95, 30.20, 206824, tse]
[2892, 27.2, 26.85, 26.95, 27.10, 72950, tse]
[2897, 10.15, 9.82, 9.87, 9.96, 53194, tse]
[2901, 26.9, 26.05, 26.90, 26.15, 132, tse]
[2903, 25.2, 24.65, 24.95, 24.75, 29320, tse]
[2904, 18.65, 18.05, 18.60, 18.15, 782, tse]
[2905, 12.65, 12.3, 12.60, 12.40, 3592, tse]
[2906, 21.35, 19.25, 21.20, 19.40, 6852, tse]
[2908, 20.9, 20.5, 20.55, 20.60, 1080, tse]
[2910, 27.9, 27.0, 27.35, 27.70, 167, tse]
[2912, 270.5, 267.0, 270.00, 268.50, 4801, tse]
[2913, 21.45, 20.0, 20.70, 20.10, 16236, tse]
[2915, 60.2, 59.0, 59.50, 59.30, 11391, tse]
[2916, 59.8, 51.0, 51.00, 58.00, 1631, otc]
[2923, 25.55, 24.05, 24.20, 24.45, 161, tse]
[2924, 25.2, 24.4, 25.10, 25.20, 9, otc]
[2926, 60.5, 59.0, 60.20, 59.50, 128, otc]
[2929, 11.2, 10.3, 10.90, 10.35, 1809, tse]
[2937, 36.6, 33.15, 33.50, 34.20, 41, otc]
[2939, 28.9, 27.9, 28.80, 28.15, 254, tse]
[2945, 42.4, 40.4, 42.15, 40.50, 183, tse]
[2947, 75.0, 74.0, 74.40, 74.00, 67, otc]
[2948, 67.0, 65.5, 66.90, 65.50, 65, otc]
[2949, 117.5, 103.0, 110.00, 103.00, 280, otc]
[3002, 17.25, 15.1, 17.25, 15.15, 2857, tse]
[3003, 71.9, 68.2, 71.20, 68.40, 2007, tse]
[3004, 111.0, 99.0, 106.50, 99.00, 5572, tse]
[3005, 135.5, 118.0, 126.00, 120.00, 127025, tse]
[3006, 104.0, 85.7, 103.00, 86.20, 86801, tse]
[3008, 2600.0, 2485.0, 2,570.00, 2,500.00, 2818, tse]
[3010, 115.0, 109.0, 112.00, 111.50, 11482, tse]
[3011, 34.45, 29.85, 34.05, 31.60, 6518, tse]
[3013, 66.5, 52.3, 52.40, 61.90, 316915, tse]
[3014, 170.0, 161.5, 169.00, 169.00, 11089, tse]
[3015, 60.4, 55.8, 56.40, 56.20, 3778, tse]
[3016, 56.3, 51.1, 53.70, 56.30, 7326, tse]
[3017, 659.0, 543.0, 552.00, 574.00, 97033, tse]
[3018, 15.6, 15.0, 15.00, 15.00, 89, tse]
[3019, 67.5, 62.7, 66.90, 63.00, 5733, tse]
[3021, 28.6, 22.05, 22.10, 26.00, 20801, tse]
[3022, 85.5, 82.9, 84.80, 83.00, 5014, tse]
[3023, 269.5, 260.0, 266.50, 266.50, 6215, tse]
[3024, 18.4, 17.3, 17.95, 17.50, 9294, tse]
[3025, 76.3, 64.2, 74.00, 65.10, 26533, tse]
[3026, 97.5, 95.0, 96.50, 95.00, 1185, tse]
[3027, 48.05, 42.9, 46.55, 43.35, 17003, tse]
[3028, 37.2, 35.8, 36.80, 35.95, 4908, tse]
[3029, 78.6, 74.6, 76.50, 75.10, 16756, tse]
[3030, 78.4, 74.2, 75.00, 76.30, 7215, tse]
[3031, 20.45, 19.15, 20.15, 19.30, 1662, tse]
[3032, 82.8, 75.1, 80.30, 75.60, 29965, tse]
[3033, 33.35, 31.5, 33.30, 31.65, 14513, tse]
[3034, 624.0, 582.0, 602.00, 592.00, 40259, tse]
[3035, 416.0, 362.5, 406.50, 362.50, 56806, tse]
[3036, 175.5, 159.0, 166.50, 159.50, 63993, tse]
[3037, 183.5, 171.5, 180.00, 173.50, 67004, tse]
[3038, 35.15, 32.65, 35.05, 32.70, 10563, tse]
[3040, 31.5, 30.4, 31.25, 30.45, 527, tse]
[3041, 32.45, 28.1, 31.80, 28.55, 33393, tse]
[3042, 109.0, 99.6, 99.60, 103.00, 37904, tse]
[3043, 36.1, 32.95, 35.70, 33.20, 1134, tse]
[3044, 227.5, 207.0, 210.00, 212.50, 49658, tse]
[3045, 98.9, 97.6, 98.00, 98.40, 14958, tse]
[3046, 69.4, 63.1, 68.00, 63.10, 3478, tse]
[3047, 18.6, 16.05, 18.15, 16.25, 37578, tse]
[3048, 26.2, 24.55, 25.80, 24.65, 2770, tse]
[3049, 9.07, 8.6, 9.02, 8.71, 16160, tse]
[3050, 21.3, 19.2, 19.25, 20.65, 19751, tse]
[3051, 40.5, 36.9, 37.00, 39.15, 36318, tse]
[3052, 13.1, 12.5, 12.90, 12.75, 7231, tse]
[3054, 21.0, 20.4, 20.55, 20.55, 104, tse]
[3055, 86.0, 65.5, 82.00, 67.30, 32078, tse]
[3056, 28.2, 26.85, 28.00, 27.00, 9355, tse]
[3057, 14.7, 13.05, 13.95, 13.20, 2685, tse]
[3058, 21.4, 19.85, 20.80, 19.95, 6607, tse]
[3059, 35.7, 33.5, 35.05, 33.60, 10322, tse]
[3060, 22.1, 20.15, 20.40, 20.50, 6221, tse]
[3062, 22.7, 20.65, 21.15, 20.70, 34573, tse]
[3064, 39.15, 35.2, 37.65, 37.50, 35, otc]
[3066, 26.35, 23.7, 26.35, 24.25, 1941, otc]
[3067, 41.8, 32.6, 32.60, 36.80, 209, otc]
[3071, 40.7, 35.2, 37.90, 35.70, 16597, otc]
[3073, 35.0, 29.45, 35.00, 29.90, 274, otc]
[3078, 86.2, 79.3, 83.50, 79.30, 33138, otc]
[3081, 165.5, 142.5, 160.00, 144.50, 29259, otc]
[3083, 46.15, 43.6, 43.60, 45.30, 3221, otc]
[3085, 11.65, 10.4, 10.70, 11.00, 47, otc]
[3086, 138.0, 113.0, 115.00, 138.00, 3557, otc]
[3088, 93.6, 85.9, 87.80, 86.30, 10517, otc]
[3090, 62.0, 58.5, 61.90, 58.90, 4417, tse]
[3092, 33.9, 30.95, 33.10, 31.00, 3159, tse]
[3093, 30.85, 30.35, 30.85, 30.40, 621, otc]
[3094, 36.8, 34.05, 34.60, 35.80, 8387, tse]
[3095, 28.3, 27.5, 27.60, 27.50, 22, otc]
[3105, 161.0, 152.0, 156.50, 153.00, 25260, otc]
[3114, 30.15, 28.35, 29.50, 28.45, 1356, otc]
[3115, 10.9, 10.5, 10.50, 10.80, 32, otc]
[3118, 31.2, 30.05, 30.20, 30.70, 446, otc]
[3122, 45.0, 40.6, 43.60, 41.40, 4103, otc]
[3128, 35.75, 30.5, 34.55, 30.55, 5621, otc]
[3130, 227.5, 221.5, 222.00, 223.50, 193, tse]
[3131, 1075.0, 886.0, 899.00, 899.00, 9305, otc]
[3138, 141.0, 127.0, 139.00, 130.00, 2913, tse]
[3141, 91.0, 82.5, 90.50, 82.60, 3361, otc]
[3147, 170.0, 134.0, 150.00, 134.00, 30708, otc]
[3149, 28.3, 24.65, 27.35, 24.85, 8335, tse]
[3152, 247.0, 215.0, 226.50, 226.00, 3267, otc]
[3162, 43.7, 38.9, 43.05, 39.90, 5596, otc]
[3163, 118.0, 97.4, 98.70, 110.50, 113370, otc]
[3164, 23.25, 22.5, 22.70, 22.50, 1166, tse]
[3167, 64.2, 58.2, 62.00, 58.40, 2505, tse]
[3169, 155.0, 136.0, 139.50, 138.00, 27530, otc]
[3171, 31.6, 23.15, 24.25, 31.60, 10691, otc]
[3176, 42.2, 39.5, 41.40, 39.55, 2196, otc]
[3178, 130.0, 108.0, 130.00, 111.50, 9504, otc]
[3188, 23.35, 18.65, 18.70, 22.75, 8292, otc]
[3189, 97.8, 93.8, 97.60, 97.00, 15437, tse]
[3191, 23.5, 22.35, 23.50, 22.65, 131, otc]
[3202, 14.05, 12.15, 13.95, 12.45, 4421, otc]
[3205, 45.95, 42.55, 45.95, 42.85, 840, otc]
[3206, 54.5, 48.7, 48.70, 50.60, 8496, otc]
[3207, 101.0, 90.9, 93.40, 94.20, 14147, otc]
[3209, 37.6, 35.35, 36.50, 35.50, 7990, tse]
[3211, 91.1, 82.4, 83.10, 87.80, 18778, otc]
[3213, 92.7, 85.8, 91.80, 86.00, 4538, otc]
[3217, 187.5, 166.0, 186.00, 168.50, 12261, otc]
[3218, 306.5, 282.5, 306.50, 282.50, 3755, otc]
[3219, 42.75, 40.0, 41.00, 40.00, 119, otc]
[3221, 30.0, 28.0, 29.85, 28.05, 7344, otc]
[3224, 40.05, 38.0, 40.05, 38.05, 669, otc]
[3226, 65.0, 60.9, 60.90, 64.40, 146, otc]
[3227, 173.5, 155.0, 171.00, 156.50, 12535, otc]
[3228, 545.0, 466.0, 480.00, 495.00, 11739, otc]
[3229, 16.95, 15.7, 16.80, 15.95, 242, tse]
[3230, 12.7, 10.75, 11.00, 11.15, 3818, otc]
[3231, 123.0, 114.5, 121.50, 116.00, 411297, tse]
[3232, 37.45, 31.8, 35.10, 32.30, 11896, otc]
[3234, 40.4, 34.0, 39.50, 34.85, 17110, otc]
[3236, 23.4, 21.2, 23.20, 21.35, 1156, otc]
[3252, 20.9, 20.05, 20.80, 20.10, 593, otc]
[3257, 73.8, 70.2, 71.20, 70.20, 2242, tse]
[3259, 30.0, 27.9, 29.00, 28.15, 82, otc]
[3260, 102.0, 93.0, 102.00, 94.20, 40706, otc]
[3264, 81.6, 73.0, 73.00, 79.10, 74691, otc]
[3265, 141.0, 123.5, 126.00, 125.00, 34116, otc]
[3266, 21.8, 20.05, 20.30, 20.35, 4347, tse]
[3268, 38.6, 28.25, 38.00, 28.35, 11755, otc]
[3272, 34.8, 31.5, 34.80, 31.60, 710, otc]
[3276, 23.35, 21.0, 22.90, 21.25, 3015, otc]
[3284, 24.85, 21.45, 22.10, 24.85, 7548, otc]
[3285, 28.2, 25.75, 28.10, 26.30, 290, otc]
[3287, 41.55, 34.9, 37.95, 34.90, 10154, otc]
[3288, 35.3, 31.0, 34.85, 31.90, 379, otc]
[3289, 141.0, 123.0, 135.00, 125.50, 42772, otc]
[3290, 25.35, 23.2, 25.05, 23.45, 3815, otc]
[3293, 1105.0, 879.0, 888.00, 1,090.00, 11709, otc]
[3294, 63.4, 47.2, 51.50, 47.20, 40435, otc]
[3296, 25.25, 23.75, 24.30, 24.35, 6253, tse]
[3297, 24.65, 19.75, 23.65, 20.70, 15096, otc]
[3303, 33.2, 31.45, 31.70, 31.75, 2500, otc]
[3305, 72.4, 66.1, 71.50, 66.20, 7960, tse]
[3306, 50.3, 46.1, 48.75, 46.15, 2207, otc]
[3308, 40.85, 35.55, 36.20, 38.85, 10701, tse]
[3310, 104.5, 101.0, 104.50, 104.00, 237, otc]
[3311, 42.85, 41.0, 42.70, 41.30, 2179, tse]
[3312, 48.5, 41.55, 42.35, 41.55, 64014, tse]
[3313, 28.65, 22.0, 23.95, 22.80, 8127, otc]
[3317, 57.4, 54.0, 57.40, 54.10, 1901, otc]
[3321, 21.0, 18.0, 20.00, 21.00, 7023, tse]
[3322, 26.5, 23.75, 25.55, 24.65, 18531, otc]
[3323, 27.9, 25.9, 27.55, 26.00, 992, otc]
[3324, 658.0, 561.0, 566.00, 571.00, 68276, otc]
[3325, 44.45, 37.05, 37.45, 38.55, 127541, otc]
[3332, 45.0, 44.55, 44.60, 44.65, 11, otc]
[3338, 80.5, 66.3, 69.50, 70.80, 86554, tse]
[3339, 25.85, 23.3, 24.50, 24.00, 14112, otc]
[3346, 52.5, 47.45, 52.20, 49.25, 21925, tse]
[3349, 26.4, 24.0, 26.20, 25.40, 205, otc]
[3354, 31.6, 24.2, 28.60, 25.30, 20079, otc]
[3356, 54.9, 48.6, 53.00, 50.00, 32995, tse]
[3357, 129.5, 119.5, 125.00, 121.50, 3913, otc]
[3360, 22.25, 17.1, 21.35, 17.45, 30177, otc]
[3362, 290.0, 255.5, 282.00, 260.00, 6793, otc]
[3363, 132.0, 112.0, 121.50, 120.50, 47798, otc]
[3372, 25.7, 20.55, 23.00, 20.70, 85304, otc]
[3373, 27.45, 24.0, 27.20, 24.50, 1529, otc]
[3374, 136.0, 128.5, 131.50, 129.50, 15431, otc]
[3376, 236.0, 186.5, 187.50, 198.00, 130928, tse]
[3379, 15.35, 14.55, 15.25, 14.55, 614, otc]
[3380, 38.5, 34.5, 36.75, 35.25, 21613, tse]
[3388, 75.9, 73.0, 73.00, 73.10, 653, otc]
[3390, 39.6, 31.6, 38.60, 31.60, 33758, otc]
[3402, 100.5, 91.2, 95.00, 91.90, 7784, otc]
[3406, 431.5, 395.5, 428.50, 400.00, 7914, tse]
[3413, 265.0, 243.5, 249.00, 248.00, 12768, tse]
[3416, 137.5, 130.0, 135.50, 131.00, 2058, tse]
[3419, 18.25, 16.8, 17.75, 16.85, 2855, tse]
[3426, 41.1, 39.55, 39.75, 40.60, 33, otc]
[3430, 53.5, 48.6, 49.70, 49.95, 2057, otc]
[3432, 21.5, 19.5, 20.55, 19.75, 777, tse]
[3434, 36.5, 30.55, 34.50, 31.40, 7737, otc]
[3437, 35.9, 30.45, 35.60, 30.60, 28118, tse]
[3438, 88.0, 78.6, 87.00, 79.60, 5119, otc]
[3441, 37.75, 36.0, 37.15, 36.00, 787, otc]
[3443, 1620.0, 1480.0, 1,610.00, 1,490.00, 13708, tse]
[3444, 111.0, 102.0, 106.00, 103.00, 2878, otc]
[3447, 38.9, 35.5, 36.05, 36.55, 575, tse]
[3450, 81.9, 69.5, 75.50, 70.50, 135702, tse]
[3454, 158.0, 147.0, 153.50, 147.00, 1702, tse]
[3455, 83.0, 77.0, 78.00, 78.90, 2974, otc]
[3465, 74.5, 69.0, 73.90, 70.50, 133, otc]
[3466, 27.0, 26.0, 26.30, 26.40, 925, otc]
[3479, 120.5, 111.0, 118.50, 111.50, 7205, otc]
[3481, 15.95, 14.35, 15.25, 14.50, 401111, tse]
[3483, 179.0, 157.0, 173.00, 157.50, 35645, otc]
[3484, 45.85, 41.75, 43.50, 43.85, 2224, otc]
[3489, 21.1, 19.7, 20.00, 20.25, 1890, otc]
[3490, 29.25, 26.05, 28.00, 26.50, 2807, otc]
[3491, 173.5, 155.0, 164.00, 156.00, 11980, otc]
[3492, 21.65, 19.5, 20.90, 19.70, 933, otc]
[3494, 6.65, 6.25, 6.60, 6.29, 569, tse]
[3498, 33.05, 30.5, 32.70, 30.80, 858, otc]
[3499, 23.1, 21.2, 21.60, 21.30, 2491, otc]
[3501, 56.0, 54.3, 55.40, 54.30, 1876, tse]
[3504, 66.5, 60.6, 66.30, 60.80, 3426, tse]
[3508, 26.3, 23.6, 26.30, 23.80, 1838, otc]
[3511, 27.65, 25.6, 26.55, 26.70, 1116, otc]
[3512, 35.7, 33.0, 33.70, 34.70, 3933, otc]
[3515, 311.5, 270.5, 289.50, 281.50, 41173, tse]
[3516, 33.7, 25.75, 28.20, 26.05, 8231, otc]
[3518, 36.2, 33.1, 35.90, 33.30, 1696, tse]
[3520, 21.8, 19.0, 20.00, 19.50, 7147, otc]
[3521, 21.0, 18.75, 21.00, 19.10, 2120, otc]
[3522, 21.95, 19.25, 21.20, 19.80, 3940, otc]
[3523, 19.5, 18.9, 19.10, 18.95, 81, otc]
[3526, 230.5, 210.0, 212.50, 218.00, 6794, otc]
[3527, 108.0, 97.0, 108.00, 97.50, 937, otc]
[3528, 50.9, 49.75, 50.20, 49.75, 336, tse]
[3529, 2995.0, 2695.0, 2,910.00, 2,750.00, 3077, otc]
[3530, 136.0, 106.5, 134.50, 107.00, 12015, tse]
[3531, 33.5, 31.7, 33.50, 32.50, 348, otc]
[3532, 171.0, 156.5, 157.50, 162.50, 12133, tse]
[3533, 1240.0, 1090.0, 1,145.00, 1,185.00, 14581, tse]
[3535, 23.8, 20.7, 23.50, 21.20, 7821, tse]
[3537, 40.4, 39.65, 40.10, 40.00, 1041, otc]
[3540, 59.5, 45.55, 46.70, 53.90, 56195, otc]
[3541, 36.75, 35.35, 36.75, 35.35, 850, otc]
[3543, 25.35, 24.25, 24.50, 24.40, 2013, tse]
[3545, 101.0, 92.5, 101.00, 92.80, 18048, tse]
[3546, 80.5, 76.3, 76.30, 79.20, 1231, otc]
[3548, 300.5, 253.5, 267.00, 260.00, 88390, otc]
[3550, 16.4, 15.25, 15.85, 15.40, 1246, tse]
[3551, 124.0, 104.5, 122.00, 105.00, 14908, otc]
[3552, 132.0, 124.5, 131.50, 125.00, 1129, otc]
[3555, 32.35, 30.0, 30.90, 30.00, 83, otc]
[3556, 59.0, 52.9, 59.00, 53.10, 2442, otc]
[3557, 65.0, 63.0, 63.10, 63.80, 1038, tse]
[3558, 235.5, 223.0, 232.00, 223.00, 1408, otc]
[3563, 327.5, 292.5, 312.00, 299.50, 7870, tse]
[3564, 69.3, 50.2, 50.20, 63.50, 23888, otc]
[3567, 44.0, 41.5, 42.25, 41.80, 2530, otc]
[3570, 171.0, 159.0, 167.00, 162.00, 688, otc]
[3576, 12.35, 11.6, 12.35, 11.90, 30064, tse]
[3577, 76.5, 66.6, 76.40, 67.50, 423, otc]
[3580, 58.9, 55.2, 56.50, 55.50, 2298, otc]
[3581, 35.0, 28.95, 32.70, 30.60, 7425, otc]
[3583, 302.0, 262.0, 281.00, 263.50, 51450, tse]
[3587, 307.5, 277.0, 285.00, 278.50, 17572, otc]
[3588, 120.5, 102.0, 118.50, 102.50, 21050, tse]
[3591, 27.6, 25.45, 27.60, 26.10, 3897, tse]
[3592, 498.0, 460.0, 485.50, 462.00, 6129, tse]
[3593, 12.85, 11.75, 12.20, 11.90, 473, tse]
[3594, 42.15, 39.6, 42.00, 40.20, 2536, otc]
[3596, 184.5, 171.5, 179.50, 171.50, 8387, tse]
[3597, 26.3, 23.3, 23.30, 24.30, 3725, otc]
[3605, 44.75, 39.6, 43.95, 40.50, 19248, tse]
[3607, 20.55, 18.0, 20.50, 18.00, 11798, tse]
[3609, 28.75, 27.3, 27.55, 28.20, 363, otc]
[3611, 246.5, 237.0, 239.00, 238.00, 918, otc]
[3615, 28.4, 25.55, 28.00, 25.90, 6174, otc]
[3617, 217.0, 202.0, 208.50, 210.50, 3936, tse]
[3622, 61.0, 54.1, 58.00, 54.70, 14628, tse]
[3623, 40.2, 36.7, 37.55, 36.70, 3374, otc]
[3624, 56.4, 52.0, 55.50, 52.10, 5500, otc]
[3625, 15.35, 13.7, 15.05, 13.90, 1852, otc]
[3628, 42.65, 41.7, 42.35, 41.80, 189, otc]
[3629, 22.8, 21.1, 21.80, 21.55, 77, otc]
[3630, 35.1, 32.0, 34.05, 32.15, 2557, otc]
[3631, 40.9, 33.2, 33.20, 38.60, 3882, otc]
[3632, 15.1, 13.8, 14.70, 13.80, 100, otc]
[3645, 50.8, 42.85, 42.85, 43.05, 41085, tse]
[3646, 30.75, 30.15, 30.75, 30.50, 543, otc]
[3652, 31.3, 29.3, 30.70, 29.80, 948, tse]
[3653, 1035.0, 931.0, 989.00, 934.00, 11050, tse]
[3661, 4565.0, 3815.0, 4,560.00, 3,825.00, 9882, tse]
[3663, 54.3, 44.6, 47.00, 46.50, 16906, otc]
[3664, 32.35, 27.15, 28.00, 30.50, 3862, otc]
[3665, 252.5, 241.5, 244.00, 243.00, 6558, tse]
[3666, 25.35, 23.3, 25.00, 23.65, 941, otc]
[3669, 60.0, 48.9, 48.90, 53.00, 25174, tse]
[3672, 24.45, 23.0, 24.35, 23.00, 496, otc]
[3673, 36.45, 34.5, 35.30, 34.90, 13792, tse]
[3675, 273.0, 250.5, 273.00, 250.50, 2611, otc]
[3679, 114.0, 111.0, 111.50, 111.50, 788, tse]
[3680, 473.0, 423.0, 465.00, 423.00, 9086, otc]
[3684, 46.35, 42.5, 45.70, 42.75, 134, otc]
[3685, 23.15, 20.55, 20.60, 20.85, 4294, otc]
[3686, 13.8, 13.4, 13.60, 13.50, 1076, tse]
[3687, 113.0, 99.0, 107.50, 101.00, 4882, otc]
[3689, 91.5, 74.6, 77.40, 78.00, 126322, otc]
[3691, 117.5, 106.5, 117.00, 109.50, 3285, otc]
[3693, 453.0, 404.0, 433.50, 404.00, 7877, otc]
[3694, 58.7, 49.7, 52.30, 50.10, 66715, tse]
[3701, 70.8, 60.2, 69.00, 60.60, 30341, tse]
[3702, 101.5, 83.6, 87.60, 97.30, 87280, tse]
[3703, 28.25, 27.25, 27.40, 28.15, 8515, tse]
[3704, 47.0, 44.25, 46.45, 44.45, 10600, tse]
[3705, 47.6, 46.7, 47.20, 46.75, 1716, tse]
[3706, 44.0, 41.8, 43.50, 42.50, 48475, tse]
[3707, 61.0, 55.3, 59.70, 61.00, 22272, otc]
[3708, 121.0, 110.0, 117.50, 111.50, 16670, tse]
[3709, 28.35, 26.1, 28.25, 26.20, 909, otc]
[3710, 10.3, 9.77, 10.30, 9.78, 6549, otc]
[3711, 177.0, 139.0, 139.00, 159.50, 163404, tse]
[3712, 49.3, 42.6, 48.85, 43.25, 30326, tse]
[3713, 23.2, 22.05, 22.10, 22.50, 335, otc]
[3714, 42.4, 39.95, 41.90, 40.15, 18794, tse]
[3715, 78.0, 73.6, 74.20, 76.00, 46309, tse]
[4102, 39.35, 36.6, 37.15, 39.00, 4721, otc]
[4104, 92.2, 88.3, 91.20, 89.20, 1824, tse]
[4105, 83.0, 79.8, 80.80, 79.80, 5780, otc]
[4106, 28.7, 27.95, 28.65, 28.00, 684, tse]
[4107, 119.0, 115.0, 117.00, 116.00, 1226, otc]
[4108, 22.25, 20.75, 22.25, 20.85, 2604, tse]
[4109, 25.35, 22.4, 22.65, 23.00, 20969, otc]
[4111, 26.4, 25.6, 26.40, 26.00, 791, otc]
[4113, 41.9, 39.2, 39.75, 41.05, 5395, otc]
[4114, 39.05, 37.5, 39.00, 37.55, 7376, otc]
[4116, 59.4, 56.8, 59.10, 57.00, 748, otc]
[4119, 98.0, 89.8, 91.40, 90.40, 1683, tse]
[4120, 42.55, 41.25, 42.45, 41.60, 613, otc]
[4121, 26.3, 24.65, 25.10, 25.65, 3964, otc]
[4123, 47.7, 44.7, 47.70, 45.15, 8546, otc]
[4126, 89.7, 87.4, 89.40, 87.80, 1103, otc]
[4127, 15.7, 14.55, 14.60, 15.10, 1690, otc]
[4128, 48.95, 42.8, 45.50, 45.50, 23763, otc]
[4129, 108.0, 98.8, 100.00, 100.50, 8103, otc]
[4130, 26.45, 24.95, 26.45, 25.05, 1339, otc]
[4131, 38.0, 33.05, 36.95, 33.05, 499, otc]
[4133, 32.75, 31.8, 32.45, 31.90, 1562, tse]
[4137, 198.5, 192.0, 192.50, 192.00, 800, tse]
[4138, 115.0, 109.0, 113.00, 109.50, 1737, otc]
[4139, 37.2, 34.4, 36.50, 35.20, 68, otc]
[4142, 29.2, 28.1, 29.20, 28.15, 5705, tse]
[4147, 111.0, 96.8, 110.00, 96.80, 19392, otc]
[4148, 53.3, 51.0, 52.60, 52.00, 550, tse]
[4153, 40.4, 37.35, 37.65, 38.05, 508, otc]
[4154, 15.2, 14.5, 15.00, 14.70, 321, otc]
[4155, 24.9, 23.8, 24.85, 24.05, 3452, tse]
[4157, 15.2, 14.35, 15.15, 14.55, 10138, otc]
[4160, 43.0, 41.35, 41.60, 41.60, 349, otc]
[4161, 39.55, 35.25, 38.95, 37.85, 1459, otc]
[4162, 102.0, 95.0, 102.00, 95.10, 9095, otc]
[4163, 125.0, 120.5, 124.50, 121.00, 835, otc]
[4164, 61.1, 58.7, 61.10, 59.10, 5012, tse]
[4167, 20.85, 19.7, 20.20, 19.80, 9808, otc]
[4168, 26.9, 24.15, 26.70, 25.45, 3683, otc]
[4171, 38.2, 35.3, 38.20, 35.65, 1121, otc]
[4173, 22.85, 21.8, 22.30, 21.90, 1623, otc]
[4174, 66.8, 64.0, 66.30, 64.00, 2430, otc]
[4175, 82.9, 80.3, 82.20, 80.60, 358, otc]
[4183, 21.7, 20.9, 21.20, 20.90, 234, otc]
[4188, 32.0, 29.5, 30.10, 29.75, 2270, otc]
[4190, 56.3, 52.6, 55.90, 52.60, 417, tse]
[4192, 38.4, 35.1, 38.40, 36.55, 42, otc]
[4198, 28.6, 25.15, 26.25, 28.60, 311, otc]
[4205, 98.0, 95.4, 97.90, 95.50, 300, otc]
[4207, 17.75, 17.3, 17.40, 17.60, 1973, otc]
[4303, 62.9, 46.0, 47.60, 49.50, 18474, otc]
[4304, 8.16, 7.7, 7.93, 7.78, 197, otc]
[4305, 40.0, 38.5, 38.90, 38.80, 137, otc]
[4306, 18.9, 16.95, 17.00, 18.15, 52456, tse]
[4401, 23.8, 23.0, 23.50, 23.20, 781, otc]
[4402, 19.45, 16.5, 18.60, 16.90, 12399, otc]
[4406, 10.2, 9.99, 10.10, 10.00, 121, otc]
[4413, 20.7, 19.15, 19.25, 19.15, 502, otc]
[4414, 3.8, 3.55, 3.80, 3.59, 4052, tse]
[4416, 99.5, 98.5, 98.50, 99.00, 52, otc]
[4417, 39.95, 39.45, 39.60, 39.45, 410, otc]
[4419, 40.05, 39.5, 40.05, 39.55, 24, otc]
[4420, 60.5, 54.9, 57.40, 59.90, 1584, otc]
[4426, 19.1, 18.15, 19.05, 18.30, 1046, tse]
[4430, 22.55, 21.85, 22.35, 21.85, 81, otc]
[4432, 25.5, 23.8, 24.25, 24.75, 1299, otc]
[4433, 30.2, 28.6, 29.45, 29.85, 682, otc]
[4438, 111.0, 110.0, 110.50, 110.00, 303, tse]
[4439, 125.5, 124.0, 125.00, 125.00, 140, tse]
[4440, 24.3, 23.85, 24.20, 24.05, 241, tse]
[4442, 24.9, 23.25, 24.20, 24.25, 92, otc]
[4502, 38.0, 36.35, 36.60, 36.55, 298, otc]
[4503, 64.0, 57.4, 62.80, 59.00, 5514, otc]
[4506, 85.9, 84.3, 85.00, 84.70, 265, otc]
[4510, 16.2, 15.2, 16.10, 15.25, 1581, otc]
[4513, 23.8, 22.3, 23.10, 23.25, 8137, otc]
[4523, 49.7, 38.95, 38.95, 49.70, 2096, otc]
[4526, 21.8, 19.35, 20.70, 19.55, 9872, tse]
[4527, 39.15, 37.9, 37.90, 38.50, 689, otc]
[4528, 31.8, 31.0, 31.80, 31.10, 215, otc]
[4529, 16.2, 14.25, 15.55, 14.40, 3447, otc]
[4530, 7.75, 7.0, 7.36, 7.18, 121, otc]
[4532, 24.45, 23.1, 23.40, 23.85, 14886, tse]
[4533, 29.8, 25.2, 25.70, 26.45, 44842, otc]
[4534, 13.7, 11.25, 13.70, 11.75, 4119, otc]
[4535, 34.3, 33.2, 33.90, 33.35, 488, otc]
[4536, 203.5, 183.5, 187.50, 193.50, 5102, tse]
[4538, 24.15, 19.3, 23.45, 20.30, 7078, otc]
[4540, 35.3, 32.8, 35.15, 34.05, 1167, tse]
[4541, 30.75, 29.0, 30.35, 29.15, 1020, otc]
[4542, 74.6, 64.3, 73.60, 64.40, 6208, otc]
[4543, 62.4, 53.0, 59.10, 54.20, 55203, otc]
[4545, 37.4, 31.1, 31.25, 31.25, 6523, tse]
[4549, 97.0, 94.3, 95.80, 95.80, 351, otc]
[4550, 37.55, 36.05, 36.90, 36.20, 504, otc]
[4551, 114.5, 107.0, 113.50, 107.50, 1148, tse]
[4552, 32.6, 31.3, 32.00, 31.45, 2191, tse]
[4554, 29.3, 27.9, 29.00, 29.00, 256, otc]
[4555, 68.5, 62.0, 67.00, 62.70, 500, tse]
[4556, 47.9, 37.55, 47.50, 37.80, 4576, otc]
[4557, 128.5, 119.0, 123.50, 119.50, 552, tse]
[4558, 26.35, 25.6, 25.75, 26.10, 107, otc]
[4560, 37.35, 36.75, 37.35, 36.90, 554, tse]
[4561, 38.3, 33.2, 35.05, 34.35, 8128, otc]
[4562, 17.8, 16.5, 17.20, 17.10, 1583, tse]
[4563, 52.6, 49.1, 51.20, 49.75, 2482, otc]
[4564, 25.0, 23.0, 23.40, 23.10, 8076, tse]
[4566, 55.5, 52.2, 53.70, 52.60, 2534, tse]
[4568, 57.8, 56.0, 57.20, 56.80, 162, otc]
[4569, 90.0, 86.5, 89.90, 86.60, 121, tse]
[4571, 102.0, 95.3, 96.40, 98.30, 790, tse]
[4572, 159.0, 154.0, 155.50, 156.00, 1045, tse]
[4576, 67.9, 64.5, 67.80, 64.80, 586, tse]
[4577, 23.45, 22.15, 23.35, 22.20, 199, otc]
[4580, 94.6, 92.1, 92.40, 93.20, 635, otc]
[4581, 71.1, 65.5, 65.50, 69.30, 2671, tse]
[4583, 242.0, 226.0, 231.00, 235.50, 1275, tse]
[4584, 55.8, 53.3, 55.80, 54.80, 114, otc]
[4588, 120.5, 101.0, 103.50, 103.00, 5570, tse]
[4609, 6.72, 6.21, 6.48, 6.52, 176, otc]
[4702, 14.7, 13.75, 13.80, 13.85, 1930, otc]
[4706, 30.15, 29.15, 29.65, 29.35, 264, otc]
[4707, 14.8, 13.4, 13.40, 13.70, 15370, otc]
[4711, 17.5, 17.1, 17.30, 17.15, 313, otc]
[4714, 28.5, 22.2, 23.70, 22.20, 39117, otc]
[4716, 14.0, 13.0, 13.30, 13.10, 3233, otc]
[4720, 17.6, 16.5, 17.60, 16.70, 4155, tse]
[4721, 79.8, 74.4, 78.90, 75.30, 1378, otc]
[4722, 40.7, 38.05, 40.65, 38.05, 897, tse]
[4726, 41.45, 38.05, 39.00, 38.25, 5265, otc]
[4728, 211.0, 200.5, 205.00, 203.00, 310, otc]
[4729, 22.25, 18.4, 22.20, 19.25, 4813, otc]
[4735, 38.85, 37.7, 38.85, 37.90, 113, otc]
[4736, 160.0, 154.5, 158.50, 154.50, 1209, tse]
[4737, 73.7, 71.3, 72.90, 71.30, 513, tse]
[4739, 68.1, 63.2, 67.30, 63.40, 2532, tse]
[4741, 36.85, 35.65, 35.95, 36.00, 241, otc]
[4743, 186.5, 161.0, 173.00, 171.00, 25476, otc]
[4744, 27.15, 25.35, 27.15, 25.35, 1854, otc]
[4745, 25.05, 24.55, 24.70, 24.70, 301, otc]
[4746, 117.0, 100.5, 108.00, 102.00, 18565, tse]
[4747, 84.8, 77.9, 84.80, 81.00, 1750, otc]
[4754, 45.0, 41.1, 44.10, 41.40, 501, otc]
[4755, 162.5, 141.0, 154.00, 143.50, 10685, tse]
[4760, 73.2, 68.2, 72.20, 69.70, 297, otc]
[4763, 1110.0, 868.0, 1,035.00, 879.00, 27496, tse]
[4764, 40.9, 39.9, 40.20, 40.45, 184, tse]
[4766, 317.0, 287.5, 299.50, 302.00, 4592, tse]
[4767, 31.1, 29.5, 31.10, 30.75, 85, otc]
[4768, 226.0, 193.0, 198.00, 216.50, 12708, otc]
[4770, 429.5, 375.0, 395.00, 381.50, 9780, tse]
[4804, 5.08, 4.86, 5.08, 4.89, 351, otc]
[4806, 13.1, 10.75, 10.75, 12.25, 114, otc]
[4807, 17.6, 16.5, 16.75, 16.70, 132, tse]
[4903, 18.4, 17.35, 18.30, 17.70, 1772, otc]
[4904, 78.2, 76.8, 77.40, 77.70, 17515, tse]
[4905, 88.0, 82.3, 85.20, 82.30, 152, otc]
[4906, 40.75, 35.7, 36.20, 35.95, 178102, tse]
[4907, 48.9, 46.75, 47.75, 47.10, 669, otc]
[4908, 125.0, 105.0, 123.50, 107.00, 32525, otc]
[4909, 71.5, 65.0, 70.00, 66.20, 61614, otc]
[4911, 58.2, 55.0, 57.20, 55.60, 338, otc]
[4912, 123.0, 108.0, 115.50, 110.00, 4888, tse]
[4915, 77.1, 72.7, 73.70, 73.30, 32606, tse]
[4916, 35.95, 32.95, 34.50, 33.05, 6656, tse]
[4919, 132.0, 121.5, 129.00, 122.00, 10916, tse]
[4923, 50.5, 47.5, 49.15, 47.60, 721, otc]
[4924, 17.25, 14.7, 17.00, 15.50, 1481, otc]
[4927, 45.65, 42.2, 45.50, 42.35, 8414, tse]
[4930, 38.0, 34.25, 35.10, 35.85, 3560, tse]
[4931, 32.5, 29.95, 31.80, 30.15, 1778, otc]
[4933, 65.5, 60.0, 63.10, 60.70, 3043, otc]
[4934, 26.6, 25.15, 25.85, 25.20, 5263, tse]
[4935, 51.4, 49.85, 51.40, 49.85, 625, tse]
[4938, 86.6, 85.0, 85.00, 85.30, 28582, tse]
[4939, 27.7, 22.35, 25.50, 22.45, 24028, otc]
[4942, 47.8, 44.3, 44.60, 44.90, 7047, tse]
[4943, 26.3, 18.45, 18.45, 26.30, 2134, tse]
[4945, 149.0, 121.0, 145.00, 121.00, 3920, otc]
[4946, 52.4, 48.6, 51.80, 48.60, 94, otc]
[4951, 87.5, 73.7, 83.80, 76.00, 4861, otc]
[4952, 51.8, 48.6, 50.20, 48.85, 1682, tse]
[4953, 150.5, 138.5, 148.00, 142.50, 11408, otc]
[4956, 20.8, 18.85, 19.85, 19.20, 8062, tse]
[4958, 101.5, 99.1, 99.60, 99.20, 14059, tse]
[4960, 13.7, 12.9, 13.40, 12.95, 26960, tse]
[4961, 252.5, 230.0, 248.00, 236.50, 9607, tse]
[4966, 1120.0, 1025.0, 1,050.00, 1,030.00, 9434, otc]
[4967, 87.2, 77.4, 87.20, 78.00, 12379, tse]
[4968, 246.0, 218.0, 246.00, 224.50, 61866, tse]
[4971, 65.4, 59.0, 60.10, 62.50, 1265, otc]
[4972, 29.75, 29.25, 29.55, 29.40, 572, otc]
[4973, 43.2, 36.95, 43.10, 36.95, 10584, otc]
[4974, 71.0, 67.0, 69.00, 67.80, 1787, otc]
[4976, 39.95, 36.95, 39.25, 37.00, 2527, tse]
[4977, 81.2, 73.4, 80.60, 73.90, 7093, tse]
[4979, 169.0, 143.5, 159.50, 148.50, 44978, otc]
[4987, 63.0, 61.0, 62.80, 62.50, 122, otc]
[4989, 26.6, 25.15, 26.50, 25.25, 748, tse]
[4991, 30.7, 29.45, 30.35, 29.50, 248, otc]
[4994, 97.4, 82.0, 83.90, 97.40, 3184, tse]
[4995, 50.6, 49.05, 49.95, 49.05, 565, otc]
[4999, 34.7, 33.6, 34.50, 33.60, 877, tse]
[5007, 57.1, 56.4, 56.70, 56.90, 1537, tse]
[5009, 49.15, 47.05, 48.50, 47.70, 29992, otc]
[5011, 25.9, 22.75, 23.35, 24.55, 6153, otc]
[5013, 34.6, 33.1, 34.60, 34.30, 32, otc]
[5014, 13.95, 13.25, 13.90, 13.25, 1687, otc]
[5015, 45.5, 43.9, 44.20, 44.75, 829, otc]
[5016, 28.95, 28.15, 28.20, 28.15, 76, otc]
[5201, 32.1, 30.05, 30.25, 31.85, 371, otc]
[5202, 27.6, 23.4, 24.05, 24.00, 17110, otc]
[5203, 89.3, 84.0, 89.10, 84.50, 2852, tse]
[5205, 29.7, 26.6, 27.60, 27.15, 24, otc]
[5206, 33.3, 31.1, 32.40, 31.50, 535, otc]
[5209, 193.5, 181.5, 185.00, 183.50, 1125, otc]
[5210, 44.1, 40.55, 44.10, 40.85, 6055, otc]
[5211, 25.6, 23.45, 25.40, 23.50, 725, otc]
[5212, 53.5, 50.2, 51.90, 52.00, 61, otc]
[5213, 36.7, 34.3, 35.05, 36.20, 5727, otc]
[5215, 60.3, 55.3, 58.70, 55.50, 1318, tse]
[5220, 27.6, 26.6, 27.30, 26.60, 213, otc]
[5222, 166.0, 157.5, 164.00, 159.50, 2038, tse]
[5223, 42.35, 39.55, 41.50, 39.65, 745, otc]
[5225, 113.0, 96.4, 97.30, 103.50, 16588, tse]
[5227, 45.3, 40.0, 44.95, 40.60, 2251, otc]
[5228, 23.85, 22.6, 22.65, 22.65, 145, otc]
[5230, 25.0, 24.0, 25.00, 24.85, 907, otc]
[5234, 172.0, 136.5, 137.00, 151.00, 35469, tse]
[5236, 174.0, 148.5, 168.00, 148.50, 3807, otc]
[5243, 55.7, 52.7, 54.70, 53.00, 3221, tse]
[5244, 52.4, 46.8, 47.20, 52.40, 2745, tse]
[5245, 39.95, 38.0, 38.60, 38.00, 235, otc]
[5251, 29.85, 23.2, 26.80, 23.20, 17826, otc]
[5258, 144.5, 123.0, 138.00, 123.00, 26713, tse]
[5263, 127.5, 115.5, 126.00, 115.50, 1909, otc]
[5269, 2425.0, 2135.0, 2,305.00, 2,190.00, 4666, tse]
[5272, 43.3, 38.3, 43.30, 38.90, 22389, otc]
[5274, 3030.0, 2830.0, 2,910.00, 2,925.00, 1997, otc]
[5276, 14.65, 14.0, 14.00, 14.65, 52, otc]
[5278, 232.0, 227.5, 232.00, 230.00, 88, otc]
[5283, 116.0, 114.5, 115.00, 116.00, 484, tse]
[5284, 239.5, 200.0, 206.00, 210.00, 6976, tse]
[5285, 65.8, 63.0, 65.20, 63.40, 1121, tse]
[5287, 208.5, 202.5, 206.00, 203.50, 346, otc]
[5288, 185.0, 177.5, 184.00, 179.50, 328, tse]
[5289, 318.0, 295.0, 312.00, 296.50, 4325, otc]
[5291, 28.25, 27.0, 28.10, 27.25, 565, otc]
[5292, 138.0, 129.5, 135.00, 134.00, 1744, tse]
[5299, 128.0, 119.0, 126.00, 120.00, 852, otc]
[5301, 9.44, 8.4, 9.25, 9.04, 474, otc]
[5302, 13.0, 11.25, 11.70, 11.65, 4977, otc]
[5306, 156.0, 146.5, 151.50, 150.00, 4400, tse]
[5309, 38.0, 34.65, 34.80, 35.35, 22166, otc]
[5310, 40.7, 26.6, 26.60, 37.00, 7612, otc]
[5312, 101.0, 91.6, 92.40, 99.00, 1550, otc]
[5314, 273.5, 212.5, 229.00, 238.00, 3613, otc]
[5315, 19.35, 18.5, 19.35, 18.50, 2872, otc]
[5321, 89.0, 85.1, 87.50, 85.50, 834, otc]
[5324, 11.5, 10.8, 10.80, 10.90, 2675, otc]
[5328, 16.15, 14.65, 16.05, 14.75, 8181, otc]
[5340, 61.5, 55.1, 58.50, 56.10, 9533, otc]
[5344, 25.45, 22.1, 23.60, 22.65, 1828, otc]
[5345, 11.0, 10.25, 10.80, 11.00, 58, otc]
[5347, 76.5, 71.9, 73.10, 74.20, 48045, otc]
[5348, 19.5, 17.65, 18.70, 17.95, 279, otc]
[5351, 54.7, 48.4, 53.60, 49.00, 30087, otc]
[5353, 38.15, 34.65, 36.75, 35.20, 1943, otc]
[5355, 14.75, 12.6, 13.45, 12.60, 5456, otc]
[5356, 35.6, 33.4, 34.15, 33.70, 2432, otc]
[5364, 17.3, 16.85, 17.15, 16.85, 456, otc]
[5371, 72.6, 69.2, 71.40, 69.60, 6438, otc]
[5381, 37.9, 34.7, 35.65, 36.00, 6962, otc]
[5383, 42.8, 38.95, 40.90, 39.20, 4093, otc]
[5386, 69.9, 57.5, 59.00, 69.90, 20079, otc]
[5388, 147.5, 134.0, 137.50, 135.50, 53347, tse]
[5392, 25.1, 23.7, 24.70, 23.90, 3938, otc]
[5398, 22.55, 19.2, 19.30, 20.05, 3166, otc]
[5403, 147.5, 133.5, 142.00, 138.00, 2691, otc]
[5410, 33.85, 33.0, 33.40, 33.30, 1725, otc]
[5425, 79.9, 75.1, 79.60, 75.40, 23250, otc]
[5426, 42.5, 35.05, 36.90, 37.50, 70666, otc]
[5432, 167.0, 144.0, 155.50, 146.00, 5165, otc]
[5434, 216.0, 196.5, 199.50, 211.00, 6664, tse]
[5438, 19.25, 18.15, 19.10, 18.25, 521, otc]
[5439, 125.0, 107.0, 108.50, 114.00, 44011, otc]
[5443, 61.3, 50.7, 51.20, 53.20, 27811, otc]
[5450, 21.6, 19.65, 21.40, 19.75, 1359, otc]
[5452, 30.65, 25.45, 27.55, 25.85, 53715, otc]
[5455, 43.6, 41.35, 41.50, 43.50, 62, otc]
[5457, 71.4, 63.6, 71.00, 64.30, 16416, otc]
[5460, 15.5, 14.35, 14.45, 14.45, 910, otc]
[5464, 32.8, 31.3, 32.40, 31.35, 1327, otc]
[5465, 53.7, 46.25, 47.70, 46.50, 39223, otc]
[5468, 17.8, 16.9, 17.80, 17.20, 189, otc]
[5469, 58.7, 54.9, 57.60, 54.90, 13611, tse]
[5471, 52.9, 50.1, 52.50, 50.20, 2628, tse]
[5474, 153.5, 130.5, 135.00, 133.00, 7767, otc]
[5475, 12.8, 12.05, 12.20, 12.20, 2043, otc]
[5478, 158.5, 132.5, 135.50, 150.00, 8243, otc]
[5481, 13.9, 13.25, 13.85, 13.45, 375, otc]
[5483, 220.0, 190.0, 190.50, 209.00, 53726, otc]
[5484, 27.75, 26.0, 27.75, 26.80, 580, tse]
[5487, 34.2, 30.35, 31.95, 31.00, 1778, otc]
[5488, 19.4, 14.45, 14.55, 15.20, 72047, otc]
[5489, 36.0, 34.2, 36.00, 34.70, 194, otc]
[5490, 28.1, 26.0, 27.00, 26.00, 1856, otc]
[5493, 70.9, 63.5, 64.00, 70.80, 1810, otc]
[5498, 18.7, 12.65, 12.85, 15.80, 112248, otc]
[5508, 110.0, 106.0, 108.00, 106.50, 4337, otc]
[5511, 78.5, 75.9, 76.90, 76.50, 4484, otc]
[5512, 10.45, 9.85, 10.45, 9.88, 12259, otc]
[5514, 19.95, 19.45, 19.70, 19.60, 90, otc]
[5515, 19.45, 17.35, 17.55, 18.40, 21883, tse]
[5516, 20.1, 19.35, 19.85, 19.45, 322, otc]
[5519, 36.25, 34.0, 34.80, 34.70, 4954, tse]
[5520, 81.5, 78.4, 79.50, 80.80, 122, otc]
[5521, 15.05, 12.55, 12.70, 13.15, 147064, tse]
[5522, 56.5, 55.7, 56.00, 55.80, 2427, tse]
[5523, 28.35, 26.5, 28.30, 26.60, 579, otc]
[5525, 30.5, 27.9, 27.90, 29.65, 2347, tse]
[5529, 22.05, 19.9, 20.00, 22.05, 1733, otc]
[5530, 43.9, 38.95, 39.15, 43.10, 5161, otc]
[5531, 9.87, 9.66, 9.80, 9.66, 2886, tse]
[5533, 24.2, 23.5, 23.80, 23.70, 3343, tse]
[5534, 79.8, 78.3, 78.70, 79.10, 3094, tse]
[5536, 204.0, 192.0, 193.50, 194.50, 3820, otc]
[5538, 32.85, 32.0, 32.85, 32.10, 44, tse]
[5543, 41.35, 39.5, 40.30, 39.95, 83, otc]
[5546, 31.5, 30.05, 30.95, 30.30, 78, tse]
[5601, 36.7, 36.35, 36.55, 36.40, 16, otc]
[5603, 22.8, 22.0, 22.75, 22.25, 1433, otc]
[5604, 42.25, 40.15, 42.15, 40.30, 513, otc]
[5607, 64.7, 60.4, 61.50, 61.50, 10727, tse]
[5608, 20.25, 19.25, 20.10, 19.45, 11624, tse]
[5609, 87.5, 83.2, 84.40, 86.80, 2363, otc]
[5701, 6.56, 5.72, 6.55, 5.90, 639, otc]
[5703, 22.35, 21.1, 22.10, 21.20, 175, otc]
[5704, 46.45, 45.0, 46.05, 45.25, 155, otc]
[5706, 63.8, 60.7, 62.10, 60.80, 2028, tse]
[5864, 17.9, 17.1, 17.20, 17.35, 8534, otc]
[5871, 176.5, 171.0, 173.00, 172.50, 21086, tse]
[5876, 44.75, 44.1, 44.50, 44.75, 15655, tse]
[5878, 48.6, 47.7, 48.50, 48.00, 63, otc]
[5880, 25.85, 25.6, 25.65, 25.85, 39751, tse]
[5902, 33.85, 33.25, 33.75, 33.25, 126, otc]
[5903, 190.0, 187.5, 189.50, 188.50, 294, otc]
[5904, 502.0, 478.0, 491.50, 492.00, 2549, otc]
[5905, 12.5, 12.05, 12.50, 12.10, 4065, otc]
[5906, 61.9, 58.4, 59.80, 60.20, 81, tse]
[5907, 11.0, 10.5, 10.95, 10.50, 1528, tse]
[6005, 18.3, 17.2, 17.25, 17.80, 62523, tse]
[6015, 12.95, 11.35, 11.35, 12.10, 22468, otc]
[6016, 16.85, 15.3, 15.30, 16.25, 52326, otc]
[6020, 19.5, 18.7, 18.80, 19.10, 135, otc]
[6021, 15.65, 15.15, 15.15, 15.25, 470, otc]
[6023, 70.3, 68.6, 69.60, 69.20, 1844, otc]
[6024, 56.3, 54.2, 55.00, 54.40, 3158, tse]
[6026, 14.6, 13.95, 13.95, 14.20, 24823, otc]
[6101, 48.5, 43.1, 44.00, 44.30, 1927, otc]
[6103, 38.45, 26.9, 27.85, 38.45, 10, otc]
[6104, 126.0, 107.0, 125.00, 108.00, 16365, otc]
[6108, 24.6, 22.1, 22.10, 22.55, 11594, tse]
[6109, 17.75, 15.8, 16.10, 16.10, 17105, otc]
[6111, 76.6, 73.0, 74.30, 73.70, 4201, otc]
[6112, 68.6, 65.5, 67.70, 65.70, 7910, tse]
[6113, 42.25, 35.0, 42.10, 35.50, 15608, otc]
[6114, 30.95, 25.2, 30.75, 25.30, 1040, otc]
[6115, 51.2, 49.3, 49.95, 50.10, 1525, tse]
[6116, 11.45, 10.7, 11.30, 10.70, 50919, tse]
[6117, 91.1, 74.0, 75.20, 75.40, 93730, tse]
[6118, 26.15, 24.5, 25.45, 24.85, 2663, otc]
[6120, 16.25, 14.9, 15.45, 15.00, 33589, tse]
[6121, 500.0, 421.0, 421.00, 495.50, 11849, otc]
[6122, 73.6, 64.7, 69.40, 64.80, 22681, otc]
[6123, 70.8, 68.7, 69.50, 68.90, 585, otc]
[6124, 40.8, 36.15, 37.80, 36.55, 2967, otc]
[6125, 95.6, 77.5, 90.00, 77.80, 228471, otc]
[6126, 41.75, 34.35, 38.65, 34.90, 65120, otc]
[6127, 32.25, 27.9, 30.70, 28.30, 40617, otc]
[6128, 35.0, 34.3, 34.80, 34.50, 925, tse]
[6129, 29.3, 26.4, 29.00, 26.80, 7295, otc]
[6130, 29.35, 27.85, 28.55, 28.10, 136, otc]
[6133, 15.7, 14.0, 15.20, 14.20, 2778, tse]
[6134, 23.5, 20.6, 21.45, 21.00, 3790, otc]
[6136, 24.9, 24.0, 24.70, 24.35, 3406, tse]
[6138, 236.0, 209.0, 231.00, 209.50, 11224, otc]
[6139, 184.0, 169.5, 179.00, 171.50, 47536, tse]
[6140, 42.3, 36.6, 38.20, 37.10, 11415, otc]
[6141, 22.6, 19.35, 21.10, 19.70, 10908, tse]
[6142, 10.8, 9.99, 10.50, 10.25, 3686, tse]
[6143, 115.5, 97.0, 101.50, 99.90, 41945, otc]
[6144, 14.75, 13.5, 14.70, 14.30, 98, otc]
[6146, 247.5, 234.0, 242.50, 237.50, 4224, otc]
[6147, 79.3, 71.7, 71.70, 75.40, 44863, otc]
[6148, 35.15, 32.6, 35.15, 32.60, 1854, otc]
[6150, 104.0, 92.4, 97.90, 93.50, 25499, otc]
[6151, 27.7, 27.1, 27.30, 27.65, 498, otc]
[6152, 11.45, 10.6, 10.95, 10.90, 6342, tse]
[6153, 21.45, 20.2, 20.60, 20.30, 10979, tse]
[6154, 17.4, 16.6, 17.30, 16.65, 458, otc]
[6155, 27.5, 26.25, 26.95, 26.25, 1396, tse]
[6156, 26.95, 24.75, 25.00, 25.10, 13541, otc]
[6158, 33.85, 31.1, 33.80, 31.10, 1443, otc]
[6160, 24.8, 21.15, 21.55, 21.30, 9755, otc]
[6161, 54.2, 46.15, 47.85, 46.80, 16654, otc]
[6163, 26.0, 20.15, 20.20, 22.35, 95893, otc]
[6164, 16.45, 14.65, 16.05, 14.80, 18599, tse]
[6165, 55.4, 49.75, 49.80, 50.30, 14472, tse]
[6166, 66.5, 60.3, 65.00, 60.80, 4126, tse]
[6167, 18.75, 16.8, 18.40, 16.90, 13168, otc]
[6168, 26.75, 25.0, 26.50, 25.35, 10343, tse]
[6169, 23.3, 22.1, 22.45, 23.00, 524, otc]
[6170, 56.4, 52.8, 56.00, 52.90, 5019, otc]
[6171, 31.4, 28.7, 28.90, 31.35, 836, otc]
[6173, 47.0, 44.35, 46.85, 44.65, 3694, otc]
[6174, 24.75, 23.15, 24.45, 23.30, 251, otc]
[6175, 36.1, 34.35, 35.90, 34.45, 598, otc]
[6176, 176.5, 145.0, 146.00, 170.00, 37304, tse]
[6177, 35.55, 34.6, 35.25, 34.95, 6876, tse]
[6179, 37.2, 33.35, 35.95, 33.50, 34581, otc]
[6180, 75.3, 70.5, 70.50, 73.10, 7093, otc]
[6182, 42.8, 39.85, 40.00, 42.35, 32005, otc]
[6183, 71.2, 69.9, 69.90, 70.70, 252, tse]
[6184, 54.2, 51.7, 51.70, 52.50, 527, tse]
[6185, 18.15, 16.9, 17.70, 16.90, 2805, otc]
[6186, 57.1, 55.3, 56.50, 55.60, 3124, otc]
[6187, 305.5, 249.0, 267.50, 249.00, 4548, otc]
[6188, 83.0, 76.5, 79.10, 78.00, 25508, otc]
[6189, 82.3, 71.8, 78.90, 74.00, 34484, tse]
[6190, 35.0, 32.1, 32.20, 34.90, 30538, otc]
[6191, 69.6, 64.1, 66.40, 64.10, 25565, tse]
[6192, 103.0, 98.5, 101.00, 99.10, 1399, tse]
[6194, 41.3, 36.0, 40.20, 36.00, 4885, otc]
[6195, 42.0, 41.7, 42.00, 41.70, 209, otc]
[6196, 164.0, 155.0, 160.00, 156.00, 12562, tse]
[6197, 120.0, 94.1, 94.80, 102.50, 68846, tse]
[6198, 38.0, 35.9, 36.80, 37.10, 1619, otc]
[6199, 29.3, 27.55, 28.70, 27.80, 29, otc]
[6201, 66.9, 64.3, 66.10, 64.30, 916, tse]
[6202, 60.8, 55.2, 60.00, 56.20, 8345, tse]
[6203, 98.5, 88.2, 97.70, 88.90, 5101, otc]
[6204, 153.0, 136.5, 150.00, 141.00, 4809, otc]
[6205, 90.0, 81.4, 81.80, 85.10, 13144, tse]
[6206, 71.8, 69.4, 70.30, 69.60, 1350, tse]
[6207, 42.0, 38.0, 40.30, 38.25, 17343, otc]
[6208, 63.9, 54.3, 63.00, 57.10, 7144, otc]
[6209, 26.5, 24.7, 26.25, 24.90, 2808, tse]
[6210, 28.65, 27.35, 28.30, 27.35, 171, otc]
[6212, 59.0, 55.1, 56.40, 57.20, 69, otc]
[6213, 93.3, 84.3, 90.90, 85.50, 22183, tse]
[6214, 117.0, 112.0, 113.50, 113.00, 3592, tse]
[6215, 30.1, 27.5, 30.05, 27.90, 2517, tse]
[6216, 34.55, 32.7, 34.05, 32.90, 4033, tse]
[6217, 51.8, 44.35, 44.75, 48.75, 65856, otc]
[6218, 31.0, 28.1, 28.85, 28.25, 13926, otc]
[6219, 34.8, 33.4, 34.10, 33.65, 9838, otc]
[6220, 25.8, 25.0, 25.30, 25.80, 1535, otc]
[6221, 71.8, 70.1, 70.10, 70.90, 184, otc]
[6222, 38.3, 36.4, 38.00, 36.90, 490, otc]
[6223, 346.0, 289.0, 333.00, 289.00, 19574, otc]
[6224, 61.6, 57.3, 61.10, 58.70, 1679, tse]
[6225, 16.4, 15.3, 15.80, 16.15, 80, tse]
[6226, 11.7, 10.5, 11.35, 10.85, 2890, tse]
[6227, 70.7, 60.7, 64.10, 62.90, 16745, otc]
[6228, 28.15, 23.15, 26.95, 23.15, 336, otc]
[6229, 44.95, 34.55, 43.60, 35.10, 7585, otc]
[6230, 154.5, 135.5, 143.00, 137.00, 1050, tse]
[6231, 323.5, 270.5, 315.00, 271.00, 14765, otc]
[6233, 47.65, 40.5, 47.05, 41.15, 28505, otc]
[6234, 27.4, 25.5, 26.60, 25.50, 1209, otc]
[6235, 115.0, 104.0, 105.50, 110.00, 43062, tse]
[6236, 33.7, 30.1, 30.85, 33.00, 10, otc]
[6237, 74.0, 60.5, 69.50, 61.60, 32837, otc]
[6239, 182.5, 160.5, 161.00, 171.50, 78175, tse]
[6240, 22.95, 21.8, 22.15, 22.40, 236, otc]
[6241, 16.5, 15.35, 16.05, 15.45, 1773, otc]
[6242, 54.3, 53.5, 54.30, 53.60, 288, otc]
[6243, 77.5, 68.3, 76.80, 69.50, 9319, tse]
[6244, 27.55, 25.8, 27.55, 25.85, 10800, otc]
[6245, 109.0, 97.6, 106.50, 98.80, 18678, otc]
[6246, 18.0, 15.5, 16.45, 15.65, 2438, otc]
[6248, 33.4, 32.15, 32.40, 32.50, 8834, otc]
[6257, 72.3, 67.3, 67.40, 69.00, 35172, tse]
[6259, 24.0, 21.9, 23.35, 21.90, 383, otc]
[6261, 63.3, 61.9, 62.20, 62.10, 1063, otc]
[6263, 176.0, 157.0, 170.00, 157.50, 3524, otc]
[6264, 8.18, 7.9, 8.01, 8.04, 163, otc]
[6265, 15.35, 12.8, 14.70, 13.00, 14033, otc]
[6266, 34.9, 33.5, 34.65, 33.60, 3409, otc]
[6269, 88.3, 85.6, 87.10, 85.70, 8863, tse]
[6270, 28.8, 24.0, 28.75, 24.25, 6669, otc]
[6271, 157.5, 142.5, 157.00, 143.50, 14208, tse]
[6274, 178.5, 149.0, 164.50, 156.00, 118349, otc]
[6275, 67.5, 50.6, 52.00, 57.10, 99290, otc]
[6276, 86.0, 71.0, 75.50, 71.00, 8693, otc]
[6277, 80.1, 79.6, 80.00, 79.70, 506, tse]
[6278, 100.5, 95.4, 95.80, 98.10, 10050, tse]
[6279, 171.0, 160.5, 168.50, 161.00, 6303, otc]
[6281, 86.5, 83.0, 86.00, 86.00, 739, tse]
[6282, 42.9, 39.4, 42.75, 39.85, 43689, tse]
[6283, 26.7, 24.8, 25.15, 25.10, 1881, tse]
[6284, 87.5, 81.3, 86.00, 81.50, 28169, otc]
[6285, 159.5, 143.5, 154.50, 143.50, 40386, tse]
[6287, 16.3, 15.35, 16.10, 16.15, 25, otc]
[6288, 37.1, 33.5, 36.90, 33.60, 39707, tse]
[6290, 102.5, 86.4, 102.00, 86.80, 92795, otc]
[6291, 214.5, 198.0, 203.50, 200.00, 1100, otc]
[6292, 84.3, 75.3, 79.70, 76.50, 5244, otc]
[6294, 115.0, 112.5, 112.50, 113.50, 255, otc]
[6405, 27.0, 24.85, 27.00, 25.05, 761, tse]
[6409, 1715.0, 1590.0, 1,625.00, 1,620.00, 1160, tse]
[6411, 117.0, 109.0, 116.00, 110.00, 2638, otc]
[6412, 176.0, 162.5, 169.00, 166.50, 4150, tse]
[6414, 313.5, 290.5, 304.00, 290.50, 13485, tse]
[6415, 438.0, 380.5, 402.50, 384.00, 17928, tse]
[6416, 120.0, 107.5, 116.00, 111.50, 8161, tse]
[6417, 106.0, 99.0, 102.00, 100.50, 901, otc]
[6418, 24.65, 21.95, 24.20, 22.45, 1887, otc]
[6419, 50.8, 46.7, 48.70, 48.00, 628, otc]
[6425, 73.0, 63.3, 67.50, 63.60, 2854, otc]
[6426, 81.8, 72.3, 77.00, 72.60, 5636, tse]
[6431, 16.3, 15.8, 15.80, 15.95, 222, tse]
[6432, 35.7, 33.4, 35.30, 33.55, 453, otc]
[6435, 121.0, 108.0, 119.00, 109.00, 4349, otc]
[6438, 121.0, 111.5, 119.50, 112.50, 9929, tse]
[6441, 46.4, 43.7, 45.35, 43.90, 913, otc]
[6442, 155.0, 132.0, 154.50, 132.00, 6375, tse]
[6443, 27.5, 26.0, 27.25, 26.25, 30850, tse]
[6446, 336.0, 316.0, 324.50, 320.00, 7703, tse]
[6449, 83.7, 76.6, 83.70, 78.80, 4254, tse]
[6451, 214.5, 186.0, 212.50, 189.50, 19044, tse]
[6456, 60.0, 56.0, 58.10, 56.10, 4360, tse]
[6457, 66.6, 57.1, 65.50, 57.90, 1344, otc]
[6461, 30.6, 28.25, 30.60, 28.30, 1138, otc]
[6462, 339.0, 258.0, 338.00, 269.50, 63278, otc]
[6464, 86.6, 86.0, 86.10, 86.20, 298, tse]
[6465, 28.1, 25.2, 26.60, 25.55, 2542, otc]
[6469, 305.5, 296.5, 303.50, 296.50, 1539, otc]
[6470, 64.9, 59.3, 60.70, 59.80, 4085, otc]
[6472, 701.0, 630.0, 676.00, 630.00, 11718, tse]
[6477, 39.9, 37.75, 39.90, 38.00, 4535, tse]
[6482, 63.2, 56.5, 59.80, 56.80, 575, otc]
[6485, 94.4, 84.6, 94.40, 84.60, 5002, otc]
[6486, 83.3, 80.3, 82.30, 80.50, 2788, otc]
[6488, 638.0, 563.0, 565.00, 606.00, 14920, otc]
[6491, 413.5, 401.0, 402.00, 401.00, 3478, tse]
[6492, 44.6, 42.15, 44.60, 42.40, 1288, otc]
[6494, 87.2, 79.2, 82.50, 79.90, 5352, otc]
[6496, 29.65, 28.0, 28.75, 28.10, 144, otc]
[6499, 44.75, 42.65, 44.60, 43.35, 717, otc]
[6504, 73.2, 70.2, 72.00, 71.30, 482, tse]
[6505, 72.7, 69.9, 71.80, 70.70, 15204, tse]
[6506, 17.45, 16.95, 17.20, 17.05, 130, otc]
[6508, 34.8, 33.9, 34.40, 33.95, 401, otc]
[6509, 40.4, 38.1, 40.30, 38.35, 4341, otc]
[6510, 561.0, 510.0, 553.00, 520.00, 955, otc]
[6512, 23.0, 20.8, 21.80, 21.00, 168, otc]
[6514, 55.2, 51.5, 51.60, 51.90, 614, otc]
[6515, 820.0, 728.0, 819.00, 731.00, 4882, tse]
[6516, 80.7, 76.6, 80.40, 76.70, 331, otc]
[6517, 82.4, 75.8, 81.50, 76.00, 1227, otc]
[6523, 160.5, 152.5, 152.50, 157.00, 1037, otc]
[6525, 68.6, 66.3, 67.80, 66.40, 618, tse]
[6526, 717.0, 645.0, 686.00, 658.00, 9716, tse]
[6527, 88.0, 84.9, 86.30, 85.70, 425, otc]
[6530, 56.7, 48.9, 53.40, 49.20, 17070, otc]
[6531, 503.0, 425.0, 499.00, 431.00, 36840, tse]
[6532, 83.2, 71.6, 82.20, 71.60, 7021, otc]
[6533, 521.0, 453.5, 510.00, 453.50, 10359, tse]
[6534, 94.6, 91.8, 94.20, 92.00, 1154, tse]
[6535, 194.0, 157.5, 178.50, 159.00, 7824, otc]
[6538, 148.0, 129.5, 146.00, 131.00, 7249, otc]
[6541, 62.4, 56.0, 62.10, 56.50, 1945, tse]
[6542, 53.4, 48.9, 49.65, 50.40, 178, otc]
[6546, 158.0, 121.5, 145.00, 121.50, 29259, otc]
[6547, 60.8, 57.5, 60.80, 57.50, 9107, otc]
[6548, 35.25, 32.9, 34.10, 33.00, 6656, otc]
[6550, 71.9, 62.3, 70.10, 62.80, 16318, tse]
[6552, 35.3, 33.45, 35.00, 33.50, 435, tse]
[6556, 91.3, 86.5, 91.30, 86.50, 274, otc]
[6558, 26.4, 24.0, 25.60, 24.00, 1335, tse]
[6560, 32.0, 30.15, 30.80, 30.40, 214, otc]
[6561, 376.0, 361.5, 367.00, 362.00, 838, otc]
[6568, 162.5, 146.0, 162.00, 146.50, 683, otc]
[6569, 181.0, 163.5, 164.50, 167.00, 1919, otc]
[6570, 53.0, 51.4, 52.60, 51.70, 496, otc]
[6573, 14.95, 14.1, 14.70, 14.10, 658, tse]
[6574, 50.1, 48.0, 48.45, 49.45, 28, otc]
[6576, 105.0, 94.2, 105.00, 95.70, 3048, otc]
[6577, 99.5, 97.1, 98.10, 97.80, 336, otc]
[6578, 24.85, 22.9, 24.00, 22.90, 6678, otc]
[6579, 165.0, 148.5, 162.00, 149.50, 3437, tse]
[6581, 92.0, 90.1, 90.40, 91.00, 210, tse]
[6582, 50.0, 48.5, 49.85, 48.60, 572, tse]
[6584, 234.0, 187.5, 197.00, 206.00, 10771, otc]
[6585, 193.0, 176.0, 181.50, 179.00, 5925, tse]
[6588, 35.9, 34.0, 35.75, 34.85, 111, otc]
[6589, 94.2, 90.3, 93.50, 90.60, 3990, otc]
[6590, 105.5, 99.5, 102.50, 100.00, 821, otc]
[6591, 74.5, 61.5, 62.30, 63.40, 36645, tse]
[6592, 120.5, 113.0, 120.00, 114.50, 7290, tse]
[6593, 154.0, 134.0, 151.00, 138.00, 3102, otc]
[6596, 61.7, 53.2, 53.40, 59.90, 3939, otc]
[6598, 23.25, 21.8, 22.80, 22.20, 342, tse]
[6603, 16.15, 15.55, 16.00, 15.60, 1618, otc]
[6605, 162.0, 152.0, 157.50, 152.50, 2781, tse]
[6606, 24.6, 23.95, 24.30, 24.00, 475, tse]
[6609, 33.8, 32.4, 33.25, 32.50, 767, otc]
[6612, 121.5, 109.5, 121.50, 111.00, 289, otc]
[6613, 188.0, 170.5, 171.00, 179.50, 3060, otc]
[6615, 42.65, 41.7, 42.00, 41.70, 109, otc]
[6616, 15.85, 13.7, 13.80, 15.85, 3763, otc]
[6624, 46.2, 43.3, 43.30, 44.75, 118, otc]
[6625, 100.5, 96.3, 98.00, 96.40, 1304, tse]
[6629, 81.5, 68.8, 69.00, 77.30, 728, otc]
[6640, 371.0, 317.0, 332.50, 317.00, 782, otc]
[6641, 42.6, 40.7, 42.05, 40.70, 199, tse]
[6642, 52.7, 50.1, 52.00, 50.40, 250, otc]
[6643, 2095.0, 1490.0, 2,030.00, 1,490.00, 10902, otc]
[6645, 43.6, 42.0, 42.60, 43.00, 443, tse]
[6649, 28.3, 27.7, 28.30, 28.00, 205, otc]
[6651, 88.3, 79.5, 82.80, 80.00, 2277, otc]
[6654, 61.7, 46.1, 46.10, 51.10, 1072, otc]
[6655, 120.0, 110.5, 110.50, 115.00, 39, tse]
[6657, 61.4, 56.5, 60.20, 58.90, 1429, tse]
[6658, 43.7, 42.0, 43.70, 42.05, 142, tse]
[6661, 25.3, 22.8, 23.95, 22.95, 964, otc]
[6662, 38.8, 36.0, 38.40, 36.00, 367, otc]
[6664, 166.5, 155.0, 161.00, 155.50, 2558, otc]
[6666, 63.9, 61.2, 63.80, 61.20, 130, tse]
[6667, 169.5, 141.0, 147.50, 147.50, 26971, otc]
[6668, 62.4, 53.5, 59.00, 54.10, 19143, tse]
[6669, 2590.0, 2420.0, 2,540.00, 2,445.00, 13501, tse]
[6670, 225.0, 218.0, 224.50, 222.50, 1470, tse]
[6671, 41.2, 40.95, 41.00, 40.95, 288, tse]
[6672, 93.6, 89.5, 92.00, 89.80, 2012, tse]
[6674, 26.6, 25.65, 26.15, 25.85, 82, tse]
[6679, 483.5, 429.0, 473.50, 433.00, 3855, otc]
[6680, 83.1, 82.2, 82.30, 82.20, 66, otc]
[6683, 323.5, 291.0, 301.00, 291.00, 3552, otc]
[6684, 121.0, 93.0, 119.50, 94.10, 28632, otc]
[6689, 125.5, 113.0, 125.00, 113.00, 2373, tse]
[6690, 189.0, 180.0, 185.00, 180.50, 438, otc]
[6691, 402.0, 380.5, 383.00, 393.50, 4132, tse]
[6692, 32.2, 30.25, 31.90, 31.00, 721, otc]
[6693, 82.1, 71.2, 77.30, 73.90, 3434, otc]
[6695, 83.0, 70.5, 82.40, 71.30, 29241, tse]
[6697, 57.0, 53.6, 57.00, 54.00, 742, otc]
[6698, 41.25, 34.4, 34.80, 36.05, 11493, tse]
[6703, 333.0, 292.5, 294.00, 312.00, 4112, otc]
[6706, 63.0, 57.2, 62.70, 57.20, 2766, tse]
[6708, 48.0, 45.5, 48.00, 46.30, 300, otc]
[6712, 229.0, 206.5, 222.50, 208.50, 6302, otc]
[6715, 223.0, 200.0, 204.50, 202.50, 9908, tse]
[6716, 132.5, 112.0, 125.00, 113.50, 1547, otc]
[6719, 320.0, 277.5, 319.00, 280.50, 8957, tse]
[6721, 51.5, 50.7, 51.20, 50.70, 57, otc]
[6727, 57.7, 56.1, 57.60, 56.20, 170, otc]
[6728, 142.0, 138.0, 139.00, 140.00, 146, otc]
[6732, 484.5, 410.5, 478.00, 417.50, 4695, otc]
[6733, 40.1, 37.4, 39.70, 37.75, 2442, otc]
[6735, 124.0, 86.2, 87.40, 106.00, 10176, otc]
[6741, 100.0, 92.2, 99.50, 92.50, 1761, otc]
[6742, 80.3, 70.0, 70.00, 77.00, 9168, tse]
[6743, 51.5, 49.4, 50.90, 49.50, 1415, tse]
[6747, 186.0, 180.0, 186.00, 182.50, 87, otc]
[6751, 81.2, 77.7, 80.00, 77.70, 103, otc]
[6752, 134.5, 124.0, 129.50, 124.00, 655, otc]
[6753, 85.6, 79.9, 81.40, 80.70, 2787, tse]
[6754, 61.8, 58.4, 59.40, 59.00, 661, tse]
[6756, 272.5, 223.5, 270.00, 224.50, 5379, tse]
[6757, 34.15, 30.85, 34.05, 31.05, 6776, tse]
[6761, 80.4, 72.1, 76.90, 78.30, 1499, otc]
[6762, 258.0, 256.0, 258.00, 256.50, 28, otc]
[6763, 425.0, 403.5, 423.00, 407.00, 147, otc]
[6767, 38.1, 36.5, 37.30, 37.35, 292, otc]
[6768, 74.5, 71.5, 71.90, 73.40, 2396, tse]
[6770, 27.9, 26.6, 26.95, 26.95, 109576, tse]
[6776, 70.2, 65.2, 69.30, 66.60, 4228, tse]
[6781, 743.0, 690.0, 714.00, 697.00, 1945, tse]
[6782, 267.5, 238.0, 265.00, 240.00, 4671, tse]
[6785, 418.0, 327.5, 400.50, 327.50, 4846, otc]
[6788, 151.0, 139.5, 146.50, 143.00, 3038, otc]
[6789, 314.5, 280.5, 311.50, 282.50, 14110, tse]
[6790, 46.45, 43.3, 45.95, 43.70, 2051, tse]
[6791, 90.0, 86.2, 86.40, 86.50, 110, otc]
[6792, 88.5, 84.5, 86.10, 86.00, 1045, tse]
[6796, 100.5, 94.2, 97.70, 94.80, 829, tse]
[6799, 228.0, 184.5, 219.00, 192.50, 27369, tse]
[6803, 309.0, 299.0, 299.00, 303.50, 279, otc]
[6804, 54.5, 49.8, 50.60, 51.40, 369, otc]
[6805, 914.0, 760.0, 787.00, 831.00, 8013, tse]
[6806, 164.5, 142.5, 154.00, 146.50, 73153, tse]
[6807, 38.4, 37.35, 37.60, 37.75, 426, tse]
[6811, 350.0, 292.5, 350.00, 297.00, 3187, otc]
[6821, 47.85, 44.0, 47.00, 44.00, 783, otc]
[6823, 84.3, 73.5, 73.50, 83.10, 1029, otc]
[6829, 137.5, 123.0, 134.50, 125.50, 9310, otc]
[6830, 161.0, 147.5, 153.00, 148.50, 4916, tse]
[6834, 25.85, 24.9, 25.40, 24.90, 217, tse]
[6835, 53.0, 49.3, 49.75, 50.50, 2492, tse]
[6840, 75.3, 72.0, 75.00, 72.60, 68, otc]
[6841, 94.7, 85.2, 86.30, 89.40, 5686, otc]
[6843, 59.3, 56.2, 57.60, 56.60, 159, otc]
[6844, 210.0, 192.5, 210.00, 198.00, 831, otc]
[6846, 80.2, 78.8, 78.90, 79.10, 158, otc]
[6854, 90.7, 86.3, 90.00, 90.00, 730, tse]
[6855, 132.0, 113.0, 119.00, 115.00, 463, otc]
[6856, 69.0, 68.0, 68.10, 68.30, 68, otc]
[6859, 137.5, 123.5, 125.50, 129.50, 380, otc]
[6861, 86.2, 82.7, 84.60, 82.70, 717, tse]
[6863, 167.0, 154.0, 157.00, 156.50, 2141, tse]
[6865, 63.0, 58.6, 61.70, 58.80, 226, otc]
[6869, 134.0, 119.5, 120.50, 124.00, 3499, tse]
[6870, 139.5, 127.0, 138.00, 130.00, 419, otc]
[6873, 162.0, 151.0, 155.00, 154.00, 2142, tse]
[6874, 126.0, 114.5, 121.50, 115.50, 608, otc]
[6877, 36.65, 34.6, 34.60, 35.30, 310, otc]
[6894, 266.0, 204.5, 211.50, 238.00, 4161, otc]
[6895, 117.5, 105.0, 106.00, 107.00, 1174, otc]
[6901, 47.1, 42.85, 44.40, 43.45, 14216, tse]
[6902, 154.0, 145.5, 154.00, 154.00, 36, tse]
[6904, 229.0, 205.0, 210.50, 210.00, 197, otc]
[6906, 176.0, 165.5, 172.50, 170.00, 804, tse]
[6916, 29.5, 28.2, 29.00, 28.65, 807, tse]
[6922, 130.0, 118.0, 120.00, 118.50, 607, otc]
[6933, 285.0, 237.0, 252.00, 273.00, 4546, tse]
[6937, 229.0, 203.5, 210.00, 207.00, 3014, tse]
[6949, 107.0, 102.5, 106.00, 103.00, 1791, tse]
[7402, 123.0, 106.5, 120.50, 108.50, 25266, otc]
[7556, 148.0, 135.5, 143.50, 140.00, 340, otc]
[8011, 30.65, 24.45, 24.45, 27.75, 153175, tse]
[8016, 315.0, 283.5, 300.50, 283.50, 9975, tse]
[8021, 29.25, 27.7, 28.70, 28.05, 2445, tse]
[8024, 23.3, 21.1, 22.90, 21.50, 877, otc]
[8027, 101.5, 92.9, 99.00, 93.70, 20049, otc]
[8028, 54.4, 51.2, 53.60, 51.60, 11178, tse]
[8032, 31.15, 29.5, 30.30, 29.80, 109, otc]
[8033, 54.4, 50.5, 53.50, 50.60, 5194, tse]
[8034, 32.4, 26.4, 26.45, 27.15, 45969, otc]
[8038, 32.65, 30.15, 32.65, 30.40, 1333, otc]
[8039, 46.7, 44.8, 45.35, 45.00, 4026, tse]
[8040, 73.3, 60.2, 63.10, 73.30, 19358, otc]
[8042, 37.45, 36.4, 36.90, 36.40, 127, otc]
[8043, 27.85, 25.6, 27.25, 25.85, 687, otc]
[8044, 38.85, 35.2, 38.55, 35.30, 4662, otc]
[8046, 213.5, 200.5, 210.00, 206.50, 16709, tse]
[8047, 18.0, 15.1, 17.75, 15.10, 2969, otc]
[8048, 72.4, 67.3, 72.40, 67.50, 3389, otc]
[8049, 43.7, 40.2, 40.50, 42.35, 16616, otc]
[8050, 89.8, 83.9, 85.70, 85.00, 26246, otc]
[8054, 184.0, 127.0, 179.00, 132.00, 74121, otc]
[8059, 41.5, 32.65, 40.00, 33.25, 20615, otc]
[8064, 31.85, 26.3, 31.20, 26.60, 42885, otc]
[8066, 31.25, 29.7, 31.25, 30.00, 184, otc]
[8067, 21.1, 18.1, 20.50, 18.10, 445, otc]
[8068, 38.3, 35.8, 37.05, 36.15, 3108, otc]
[8069, 258.0, 218.5, 254.00, 222.50, 53144, otc]
[8070, 39.35, 36.9, 38.75, 37.80, 17691, tse]
[8071, 16.45, 14.6, 14.95, 14.80, 5759, otc]
[8072, 30.7, 27.2, 30.20, 27.30, 3667, tse]
[8074, 21.0, 20.25, 20.95, 20.30, 689, otc]
[8076, 31.75, 29.2, 30.40, 29.40, 8211, otc]
[8077, 50.8, 47.2, 48.10, 48.00, 30, otc]
[8080, 20.75, 16.8, 18.85, 18.95, 2711, otc]
[8081, 264.0, 253.0, 263.00, 257.00, 2140, tse]
[8083, 165.0, 157.0, 159.00, 162.00, 707, otc]
[8084, 98.7, 86.5, 98.70, 91.00, 1965, otc]
[8085, 75.3, 67.3, 74.50, 70.00, 38743, otc]
[8086, 165.0, 143.5, 152.00, 148.00, 61495, otc]
[8087, 63.2, 54.5, 55.90, 56.30, 2934, otc]
[8088, 46.4, 42.2, 46.25, 42.35, 7470, otc]
[8089, 96.9, 72.0, 96.90, 72.00, 18286, otc]
[8091, 128.0, 110.5, 112.00, 115.00, 10090, otc]
[8092, 31.6, 24.6, 26.25, 26.10, 10071, otc]
[8093, 17.4, 16.0, 16.75, 16.15, 1366, otc]
[8096, 26.3, 23.5, 25.90, 24.80, 55320, otc]
[8097, 68.7, 60.7, 68.00, 61.40, 5473, otc]
[8099, 61.0, 57.8, 59.50, 60.00, 2431, otc]
[8101, 4.17, 4.03, 4.11, 4.10, 547, tse]
[8103, 46.7, 44.7, 46.10, 45.25, 2052, tse]
[8104, 38.95, 32.15, 33.45, 34.35, 5219, tse]
[8105, 15.3, 14.2, 14.75, 14.35, 31894, tse]
[8107, 16.35, 15.85, 16.30, 15.90, 329, otc]
[8109, 99.5, 95.2, 99.00, 96.00, 814, otc]
[8110, 18.5, 16.45, 16.90, 16.65, 47286, tse]
[8111, 21.1, 19.9, 21.00, 20.10, 2329, otc]
[8112, 71.6, 62.6, 63.20, 66.80, 106094, tse]
[8114, 136.0, 118.0, 128.50, 118.00, 4283, tse]
[8121, 25.6, 24.35, 25.45, 24.35, 1201, otc]
[8131, 36.35, 35.35, 35.80, 36.10, 2656, tse]
[8147, 149.0, 126.0, 129.50, 126.00, 8275, otc]
[8150, 48.0, 44.35, 44.40, 46.90, 38220, tse]
[8155, 150.0, 136.5, 145.00, 137.00, 2630, otc]
[8162, 48.5, 42.5, 47.00, 43.05, 2071, tse]
[8163, 62.8, 55.0, 55.10, 60.00, 50892, tse]
[8171, 41.75, 39.4, 41.60, 39.40, 2205, otc]
[8176, 15.75, 14.3, 14.85, 14.60, 2090, otc]
[8182, 38.8, 34.15, 37.65, 34.40, 3304, otc]
[8183, 50.5, 47.55, 49.90, 47.70, 2253, otc]
[8201, 19.8, 18.0, 19.15, 18.60, 2381, tse]
[8210, 288.5, 256.0, 275.00, 258.00, 33264, tse]
[8213, 42.7, 41.4, 41.90, 41.60, 3657, tse]
[8215, 34.8, 33.65, 34.25, 33.65, 6355, tse]
[8222, 46.4, 43.05, 45.80, 43.05, 4079, tse]
[8227, 420.0, 291.5, 412.00, 291.50, 16301, otc]
[8234, 49.0, 44.3, 48.50, 44.95, 2371, otc]
[8240, 35.45, 33.15, 35.45, 33.80, 632, otc]
[8249, 31.7, 29.7, 30.55, 29.80, 1298, tse]
[8255, 176.0, 165.0, 169.50, 171.50, 5035, otc]
[8261, 88.7, 83.5, 88.70, 84.30, 3834, tse]
[8271, 76.4, 67.4, 76.00, 67.70, 12679, tse]
[8277, 12.45, 11.7, 12.40, 11.75, 2236, otc]
[8279, 155.5, 150.5, 154.00, 152.00, 58, otc]
[8284, 63.5, 61.8, 62.00, 63.10, 300, otc]
[8289, 38.35, 35.7, 36.65, 35.75, 4632, otc]
[8291, 8.2, 6.9, 8.01, 7.00, 102, otc]
[8299, 643.0, 590.0, 631.00, 598.00, 12790, otc]
[8341, 103.5, 100.0, 103.50, 100.50, 1482, tse]
[8342, 70.0, 68.4, 68.50, 69.50, 70, otc]
[8349, 62.3, 60.4, 61.00, 61.30, 1393, otc]
[8354, 16.6, 15.45, 16.45, 15.65, 917, otc]
[8358, 60.0, 56.4, 59.50, 56.60, 10623, otc]
[8367, 45.5, 43.0, 43.90, 43.10, 584, tse]
[8374, 30.45, 27.9, 30.45, 28.75, 401, tse]
[8383, 43.1, 38.35, 41.55, 39.30, 5893, otc]
[8390, 54.7, 51.5, 51.90, 53.80, 7386, otc]
[8401, 27.95, 24.0, 25.00, 24.70, 21978, otc]
[8403, 32.4, 31.3, 32.00, 31.35, 1603, otc]
[8404, 19.7, 18.3, 19.40, 18.45, 3446, tse]
[8409, 24.5, 23.95, 24.15, 24.00, 450, otc]
[8410, 79.5, 68.1, 74.20, 68.50, 2002, otc]
[8411, 14.6, 14.25, 14.40, 14.45, 544, tse]
[8415, 33.95, 33.6, 33.85, 33.75, 655, otc]
[8416, 147.5, 146.0, 147.00, 147.00, 51, otc]
[8420, 57.2, 55.0, 56.00, 55.30, 324, otc]
[8421, 14.7, 14.0, 14.30, 14.15, 800, otc]
[8422, 180.5, 178.5, 179.50, 179.00, 878, tse]
[8423, 32.3, 24.0, 24.35, 27.80, 2263, otc]
[8424, 69.2, 68.2, 69.00, 68.70, 93, otc]
[8426, 75.9, 69.0, 72.80, 69.50, 2499, otc]
[8429, 10.5, 9.98, 10.35, 10.00, 2004, tse]
[8431, 61.6, 59.0, 61.10, 59.00, 1048, otc]
[8432, 65.6, 55.0, 64.90, 56.00, 2325, otc]
[8433, 96.4, 93.4, 95.50, 93.90, 761, otc]
[8435, 71.4, 70.5, 70.60, 71.20, 818, otc]
[8436, 159.5, 146.0, 158.50, 148.50, 5632, otc]
[8437, 33.65, 32.35, 33.50, 32.80, 304, otc]
[8438, 27.45, 26.2, 27.45, 26.40, 199, tse]
[8440, 39.8, 36.95, 39.70, 37.00, 857, otc]
[8442, 124.0, 116.5, 121.00, 117.00, 1237, tse]
[8443, 11.9, 11.7, 11.90, 11.70, 444, tse]
[8444, 39.65, 37.2, 39.40, 37.20, 282, otc]
[8446, 114.5, 110.0, 111.00, 110.50, 1472, otc]
[8450, 24.1, 23.15, 23.80, 23.30, 161, otc]
[8454, 438.0, 401.0, 435.50, 403.00, 4883, tse]
[8455, 21.4, 20.5, 20.60, 21.00, 33, otc]
[8462, 112.0, 104.5, 112.00, 105.50, 939, tse]
[8463, 25.8, 24.85, 25.80, 24.85, 639, tse]
[8464, 386.0, 368.0, 373.50, 375.50, 1592, tse]
[8466, 48.05, 45.85, 47.75, 46.75, 254, tse]
[8467, 190.5, 174.5, 183.00, 180.50, 3489, tse]
[8472, 32.25, 29.3, 31.65, 29.80, 81, otc]
[8473, 41.8, 37.5, 41.40, 38.30, 6519, tse]
[8476, 67.0, 56.0, 56.00, 63.00, 5462, tse]
[8477, 19.85, 18.5, 19.55, 18.60, 927, otc]
[8478, 458.0, 382.0, 388.50, 384.00, 18863, tse]
[8481, 54.8, 51.7, 52.40, 53.10, 166, tse]
[8482, 68.2, 66.7, 66.90, 67.20, 26, tse]
[8488, 16.15, 15.9, 16.10, 15.90, 88, tse]
[8489, 32.1, 29.4, 31.60, 30.00, 1068, otc]
[8499, 125.0, 116.5, 124.50, 118.00, 320, tse]
[8905, 31.4, 30.3, 31.20, 30.40, 498, otc]
[8906, 17.0, 16.0, 16.50, 16.55, 237, otc]
[8908, 57.3, 55.4, 56.60, 55.70, 455, otc]
[8916, 59.2, 57.9, 58.70, 58.30, 1097, otc]
[8917, 64.8, 60.6, 61.20, 61.00, 149, otc]
[8921, 14.0, 14.0, 14.00, 14.00, 1, otc]
[8923, 21.5, 20.6, 20.95, 21.40, 91, otc]
[8924, 94.1, 90.1, 91.40, 91.00, 753, otc]
[8926, 47.85, 43.85, 47.85, 44.05, 31379, tse]
[8927, 57.1, 52.6, 53.00, 55.40, 3678, otc]
[8928, 31.2, 29.05, 30.85, 29.65, 317, otc]
[8929, 20.15, 19.9, 20.05, 20.10, 79, otc]
[8930, 43.75, 39.35, 42.50, 40.25, 7745, otc]
[8931, 61.0, 54.3, 60.60, 54.30, 2326, otc]
[8932, 117.0, 107.5, 109.50, 112.50, 4058, otc]
[8933, 11.85, 9.73, 9.86, 11.75, 16903, otc]
[8935, 11.6, 11.25, 11.35, 11.45, 1180, otc]
[8936, 69.6, 63.4, 69.40, 64.10, 67042, otc]
[8937, 21.05, 20.05, 20.45, 21.00, 301, otc]
[8938, 74.5, 72.7, 74.10, 72.70, 1134, otc]
[8940, 28.9, 26.1, 28.90, 26.40, 1375, tse]
[8941, 69.0, 62.0, 62.10, 64.60, 227, otc]
[8942, 75.2, 72.1, 73.20, 74.00, 3302, otc]
[8996, 320.0, 278.0, 297.00, 288.50, 58822, tse]
[9103, 7.94, 7.2, 7.61, 7.26, 23435, tse]
[9105, 3.79, 3.57, 3.69, 3.61, 69232, tse]
[9110, 8.3, 8.0, 8.00, 8.23, 605, tse]
[9136, 6.65, 6.53, 6.65, 6.56, 1121, tse]
[9802, 125.5, 117.5, 123.50, 121.50, 4013, tse]
[9902, 15.6, 12.9, 12.95, 15.60, 15024, tse]
[9904, 31.1, 30.25, 30.55, 30.45, 35999, tse]
[9905, 24.05, 23.85, 24.05, 23.90, 1466, tse]
[9906, 72.8, 69.1, 69.80, 70.80, 1969, tse]
[9907, 15.65, 14.25, 15.45, 14.50, 20420, tse]
[9908, 32.5, 32.3, 32.35, 32.35, 615, tse]
[9910, 168.5, 159.0, 165.50, 161.50, 5860, tse]
[9911, 75.7, 73.2, 75.00, 74.00, 1650, tse]
[9912, 13.15, 11.7, 12.90, 12.00, 1092, tse]
[9914, 226.0, 197.5, 205.00, 216.00, 16198, tse]
[9917, 120.0, 118.0, 118.00, 120.00, 1745, tse]
[9918, 40.7, 40.1, 40.30, 40.40, 38, tse]
[9919, 24.05, 22.4, 24.05, 22.45, 10689, tse]
[9921, 224.5, 201.0, 202.50, 215.50, 23062, tse]
[9924, 53.8, 50.4, 51.20, 53.10, 4006, tse]
[9925, 40.55, 40.05, 40.25, 40.45, 1616, tse]
[9926, 55.1, 54.4, 54.70, 54.50, 52, tse]
[9927, 77.6, 72.8, 75.10, 73.00, 4850, tse]
[9928, 18.3, 17.5, 18.30, 17.50, 691, tse]
[9929, 17.0, 14.7, 16.30, 15.65, 245, tse]
[9930, 59.8, 58.6, 59.70, 59.20, 723, tse]
[9931, 38.7, 37.95, 38.20, 37.95, 65, tse]
[9933, 44.8, 43.4, 43.75, 44.70, 16823, tse]
[9934, 16.25, 15.65, 16.10, 15.80, 6970, tse]
[9935, 22.95, 21.15, 22.60, 21.50, 1617, tse]
[9937, 68.5, 67.4, 68.30, 67.80, 135, tse]
[9938, 57.1, 53.6, 57.00, 54.20, 5677, tse]
[9939, 151.0, 143.0, 145.00, 146.00, 6321, tse]
[9940, 29.55, 29.1, 29.45, 29.30, 1170, tse]
[9941, 166.0, 147.5, 166.00, 148.00, 17100, tse]
[9942, 141.5, 136.0, 137.00, 138.00, 1926, tse]
[9943, 92.3, 90.5, 91.10, 91.00, 1208, tse]
[9944, 20.4, 20.05, 20.15, 20.15, 496, tse]
[9945, 36.25, 35.6, 36.05, 35.85, 26116, tse]
[9946, 25.4, 23.45, 23.90, 24.95, 6874, tse]
[9949, 18.05, 17.4, 17.40, 17.60, 109, otc]
[9950, 22.05, 19.9, 20.15, 20.10, 7765, otc]
[9951, 73.5, 71.6, 73.50, 71.70, 719, otc]
[9955, 26.55, 23.9, 23.90, 24.90, 8876, tse]
[9958, 265.5, 231.5, 259.50, 238.50, 29903, tse]
[9960, 27.2, 26.85, 27.10, 27.00, 152, otc]
[9962, 18.0, 17.05, 18.00, 17.20, 1625, otc]
