[1101, 32.15, 31.6, 31.85, 31.95, 82119, tse]
[1102, 41.2, 40.15, 40.15, 41.10, 28379, tse]
[1103, 17.5, 17.15, 17.30, 17.20, 1686, tse]
[1104, 31.85, 31.0, 31.00, 31.45, 8766, tse]
[1108, 16.35, 15.65, 15.65, 16.30, 5993, tse]
[1109, 18.9, 17.5, 17.60, 18.65, 4752, tse]
[1110, 18.1, 17.8, 18.00, 17.85, 301, tse]
[1201, 19.25, 18.8, 18.90, 18.95, 2348, tse]
[1203, 53.8, 50.3, 51.00, 52.00, 98, tse]
[1210, 61.8, 56.4, 59.40, 56.80, 24538, tse]
[1213, 7.35, 6.98, 7.00, 7.15, 384, tse]
[1215, 104.0, 98.7, 98.80, 101.00, 3848, tse]
[1216, 78.6, 75.5, 76.50, 77.50, 58746, tse]
[1217, 11.8, 11.5, 11.65, 11.65, 4909, tse]
[1218, 22.4, 21.25, 21.25, 21.85, 6955, tse]
[1219, 18.7, 18.2, 18.60, 18.70, 4975, tse]
[1220, 14.15, 13.85, 13.90, 14.10, 1146, tse]
[1225, 56.5, 55.0, 55.00, 55.50, 498, tse]
[1227, 37.7, 37.2, 37.25, 37.40, 1944, tse]
[1229, 69.7, 67.2, 67.40, 67.70, 10481, tse]
[1231, 96.6, 91.3, 93.00, 95.60, 3354, tse]
[1232, 145.0, 143.0, 143.00, 144.00, 273, tse]
[1233, 34.35, 33.0, 34.35, 33.95, 202, tse]
[1234, 41.7, 40.0, 40.00, 40.85, 1508, tse]
[1235, 83.8, 79.6, 80.20, 82.90, 91, tse]
[1236, 23.75, 23.4, 23.45, 23.65, 112, tse]
[1240, 52.7, 49.0, 49.00, 51.00, 798, otc]
[1256, 240.0, 233.5, 238.00, 235.00, 82, tse]
[1259, 75.3, 73.1, 73.10, 75.30, 121, otc]
[1264, 312.0, 308.0, 308.00, 308.00, 29, otc]
[1268, 159.0, 152.5, 153.00, 153.00, 663, otc]
[1301, 69.6, 67.8, 68.00, 68.60, 43906, tse]
[1303, 56.8, 54.5, 55.30, 54.50, 83791, tse]
[1304, 17.6, 16.75, 17.00, 16.75, 7165, tse]
[1305, 19.5, 18.55, 19.20, 18.70, 7359, tse]
[1307, 28.3, 26.15, 26.15, 28.30, 4241, tse]
[1308, 21.1, 19.7, 20.70, 19.70, 7450, tse]
[1309, 15.8, 15.1, 15.50, 15.20, 3907, tse]
[1310, 14.1, 13.25, 13.60, 13.65, 5364, tse]
[1312, 13.85, 13.25, 13.55, 13.35, 13673, tse]
[1313, 13.9, 13.25, 13.60, 13.25, 9466, tse]
[1314, 9.36, 9.12, 9.18, 9.13, 48343, tse]
[1315, 72.5, 71.9, 72.30, 72.40, 84, tse]
[1316, 23.5, 19.15, 22.30, 19.95, 256790, tse]
[1319, 117.0, 97.1, 98.00, 115.50, 73879, tse]
[1321, 35.9, 35.45, 35.65, 35.55, 526, tse]
[1323, 31.2, 30.4, 31.05, 30.95, 441, tse]
[1324, 15.75, 14.85, 15.70, 15.70, 1236, tse]
[1325, 32.8, 31.2, 31.20, 31.35, 3509, tse]
[1326, 56.2, 54.8, 54.80, 55.60, 20168, tse]
[1336, 22.3, 20.8, 21.10, 20.80, 506, otc]
[1337, 7.65, 7.01, 7.40, 7.10, 3089, tse]
[1338, 37.4, 35.35, 37.05, 36.05, 569, tse]
[1339, 68.7, 65.4, 67.20, 66.20, 2040, tse]
[1340, 10.85, 10.45, 10.65, 10.65, 1118, tse]
[1341, 64.8, 64.0, 64.50, 64.20, 102, tse]
[1342, 139.0, 132.0, 132.00, 137.00, 5379, tse]
[1402, 33.3, 32.05, 32.40, 32.90, 45703, tse]
[1409, 16.35, 15.85, 16.25, 16.00, 19813, tse]
[1410, 37.15, 36.45, 36.95, 36.45, 711, tse]
[1413, 9.24, 8.8, 8.88, 9.12, 406, tse]
[1414, 18.75, 17.8, 17.95, 18.40, 1332, tse]
[1416, 13.6, 12.6, 13.00, 13.10, 7458, tse]
[1417, 11.9, 11.4, 11.80, 11.50, 1932, tse]
[1418, 35.9, 29.95, 33.00, 31.15, 3378, tse]
[1419, 45.7, 44.75, 45.20, 45.35, 151, tse]
[1423, 31.25, 30.9, 31.10, 30.95, 153, tse]
[1432, 20.3, 19.05, 19.55, 19.30, 4502, tse]
[1434, 22.85, 22.3, 22.80, 22.45, 9153, tse]
[1435, 50.0, 46.5, 48.75, 50.00, 20, tse]
[1436, 101.5, 95.1, 96.00, 97.50, 1097, tse]
[1437, 31.45, 31.0, 31.40, 31.05, 1066, tse]
[1438, 44.9, 41.6, 44.90, 42.60, 2865, tse]
[1439, 25.5, 24.2, 24.30, 24.55, 169, tse]
[1440, 15.5, 14.95, 15.10, 15.20, 5965, tse]
[1441, 13.75, 13.5, 13.75, 13.60, 100, tse]
[1442, 40.3, 37.65, 38.10, 39.40, 5836, tse]
[1443, 29.0, 28.35, 28.55, 28.35, 135, tse]
[1444, 10.05, 9.77, 9.97, 9.80, 8859, tse]
[1445, 27.6, 20.55, 24.85, 20.65, 9547, tse]
[1446, 37.65, 33.6, 36.40, 33.80, 1631, tse]
[1447, 8.37, 8.0, 8.26, 8.31, 12413, tse]
[1449, 20.6, 18.95, 20.60, 18.95, 6595, tse]
[1451, 19.35, 18.7, 18.85, 18.95, 671, tse]
[1452, 16.75, 16.2, 16.25, 16.25, 645, tse]
[1453, 15.3, 14.75, 14.95, 14.80, 769, tse]
[1454, 16.6, 15.7, 16.20, 16.05, 152, tse]
[1455, 15.6, 13.5, 13.65, 14.55, 65829, tse]
[1456, 20.6, 18.95, 19.45, 19.85, 2921, tse]
[1457, 20.25, 19.05, 19.70, 19.75, 7905, tse]
[1459, 9.91, 9.3, 9.84, 9.60, 993, tse]
[1460, 7.95, 7.14, 7.25, 7.78, 10831, tse]
[1463, 18.35, 17.55, 18.15, 17.60, 534, tse]
[1464, 13.2, 12.95, 13.00, 13.05, 1233, tse]
[1465, 15.2, 14.6, 14.65, 15.20, 1483, tse]
[1466, 13.8, 13.0, 13.20, 13.20, 1014, tse]
[1467, 11.45, 10.85, 10.95, 11.00, 8656, tse]
[1468, 14.9, 14.6, 14.60, 14.75, 216, tse]
[1470, 21.8, 19.65, 20.35, 19.95, 434, tse]
[1471, 17.85, 16.0, 16.00, 16.95, 10978, tse]
[1472, 83.1, 68.0, 80.40, 71.00, 959, tse]
[1473, 31.85, 29.1, 30.70, 31.10, 5030, tse]
[1474, 12.4, 11.95, 12.15, 12.00, 834, tse]
[1475, 51.6, 49.5, 50.90, 49.85, 634, tse]
[1476, 580.0, 558.0, 560.00, 574.00, 3113, tse]
[1477, 406.0, 364.5, 365.00, 401.00, 12163, tse]
[1503, 217.0, 162.0, 167.00, 205.00, 215008, tse]
[1504, 52.3, 49.05, 49.40, 50.60, 80435, tse]
[1506, 16.5, 15.9, 16.20, 16.00, 1138, tse]
[1512, 11.9, 9.66, 9.99, 10.50, 518, tse]
[1513, 184.0, 161.0, 166.00, 169.50, 346101, tse]
[1514, 113.0, 101.0, 109.00, 107.00, 186205, tse]
[1515, 51.9, 47.5, 47.80, 49.20, 15654, tse]
[1516, 17.05, 16.5, 16.65, 16.60, 236, tse]
[1517, 17.55, 16.25, 17.20, 16.50, 6854, tse]
[1519, 684.0, 495.5, 504.00, 665.00, 81899, tse]
[1521, 42.35, 40.35, 42.10, 40.80, 823, tse]
[1522, 48.55, 44.2, 44.65, 46.60, 33357, tse]
[1524, 37.7, 32.45, 32.45, 35.25, 54074, tse]
[1525, 74.3, 70.7, 71.80, 72.30, 155, tse]
[1526, 33.65, 31.8, 32.75, 32.30, 1531, tse]
[1527, 41.5, 41.05, 41.20, 41.45, 1408, tse]
[1528, 13.45, 12.55, 13.25, 12.75, 7391, tse]
[1529, 35.5, 32.8, 32.80, 34.25, 17864, tse]
[1530, 32.15, 31.6, 32.15, 32.10, 177, tse]
[1531, 13.6, 13.3, 13.40, 13.55, 627, tse]
[1532, 40.05, 35.95, 39.60, 36.55, 12818, tse]
[1533, 51.0, 48.35, 49.10, 48.80, 929, tse]
[1535, 75.0, 68.1, 71.00, 68.10, 7138, tse]
[1536, 54.2, 51.0, 52.00, 51.00, 5796, tse]
[1537, 141.0, 135.0, 135.00, 140.50, 1085, tse]
[1538, 22.75, 19.4, 22.00, 20.95, 157, tse]
[1539, 27.15, 25.0, 25.40, 25.00, 2951, tse]
[1540, 18.55, 17.55, 17.70, 18.30, 2367, tse]
[1541, 32.8, 31.3, 32.15, 31.45, 252, tse]
[1558, 101.5, 98.6, 99.90, 99.80, 1070, tse]
[1560, 257.5, 236.0, 241.00, 243.50, 15543, tse]
[1565, 193.0, 188.0, 191.50, 188.50, 956, otc]
[1568, 32.3, 29.9, 30.60, 30.40, 4092, tse]
[1569, 25.2, 24.2, 24.70, 24.50, 1921, otc]
[1570, 30.1, 28.0, 28.95, 28.10, 2615, otc]
[1580, 165.5, 153.0, 153.00, 161.00, 958, otc]
[1582, 95.5, 81.2, 81.20, 88.60, 69934, tse]
[1583, 77.9, 73.0, 73.30, 75.90, 171, tse]
[1584, 34.45, 33.2, 33.20, 33.45, 5124, otc]
[1586, 33.05, 32.1, 32.60, 32.20, 904, otc]
[1587, 25.4, 24.3, 24.40, 24.95, 821, tse]
[1589, 59.6, 50.2, 56.60, 50.60, 13479, tse]
[1590, 1085.0, 1030.0, 1,055.00, 1,070.00, 2878, tse]
[1591, 65.8, 59.8, 64.40, 59.80, 3279, otc]
[1593, 50.5, 48.6, 50.10, 48.95, 161, otc]
[1595, 36.1, 35.55, 36.00, 35.90, 150, otc]
[1597, 69.4, 64.2, 64.30, 67.80, 1351, tse]
[1598, 32.15, 30.4, 30.85, 30.40, 1232, tse]
[1599, 34.6, 33.0, 34.25, 33.05, 438, otc]
[1603, 38.15, 36.1, 36.10, 37.10, 7071, tse]
[1604, 29.6, 28.7, 29.00, 29.30, 2884, tse]
[1605, 37.15, 35.0, 35.20, 37.05, 70924, tse]
[1608, 26.7, 22.45, 22.45, 25.90, 119157, tse]
[1609, 39.0, 35.8, 36.00, 37.95, 163858, tse]
[1611, 16.6, 16.0, 16.05, 16.15, 3030, tse]
[1612, 28.4, 26.6, 26.60, 28.00, 16249, tse]
[1614, 39.15, 38.2, 38.25, 38.70, 273, tse]
[1615, 62.1, 48.05, 49.60, 55.70, 15560, tse]
[1616, 16.55, 14.15, 14.15, 16.00, 37018, tse]
[1617, 16.8, 16.5, 16.55, 16.55, 242, tse]
[1618, 36.3, 30.95, 31.10, 33.90, 46633, tse]
[1626, 16.45, 15.9, 16.10, 16.25, 635, tse]
[1701, 23.5, 22.65, 23.40, 22.70, 3587, tse]
[1702, 57.3, 54.8, 55.40, 55.70, 4357, tse]
[1707, 156.0, 153.0, 154.50, 154.50, 1313, tse]
[1708, 31.05, 30.0, 30.00, 30.40, 2518, tse]
[1709, 21.3, 20.2, 20.60, 20.20, 4351, tse]
[1710, 18.55, 18.05, 18.15, 18.15, 5783, tse]
[1711, 20.6, 19.2, 20.40, 19.25, 7896, tse]
[1712, 42.3, 37.5, 42.05, 38.80, 16891, tse]
[1713, 44.65, 42.3, 43.15, 42.40, 531, tse]
[1714, 9.14, 8.88, 8.91, 9.07, 8212, tse]
[1717, 32.35, 30.6, 32.05, 31.00, 12758, tse]
[1718, 7.57, 7.26, 7.48, 7.29, 12604, tse]
[1720, 66.1, 64.8, 64.90, 64.90, 2173, tse]
[1721, 15.1, 14.45, 14.55, 14.50, 4894, tse]
[1722, 66.2, 64.5, 65.20, 64.50, 10071, tse]
[1723, 120.0, 111.0, 111.50, 117.00, 4640, tse]
[1725, 35.0, 29.05, 32.70, 29.40, 2370, tse]
[1726, 77.3, 75.8, 75.80, 76.70, 109, tse]
[1727, 29.15, 27.75, 28.20, 27.95, 2823, tse]
[1730, 56.9, 56.1, 56.20, 56.60, 199, tse]
[1731, 26.6, 24.75, 24.75, 25.40, 4157, tse]
[1732, 29.45, 28.45, 28.65, 28.50, 1235, tse]
[1733, 32.45, 30.8, 30.80, 31.95, 2976, tse]
[1734, 36.2, 35.25, 35.50, 35.40, 7125, tse]
[1735, 17.4, 16.9, 17.20, 16.95, 125, tse]
[1736, 76.3, 71.0, 73.80, 71.30, 4489, tse]
[1737, 34.35, 33.5, 34.35, 33.70, 2224, tse]
[1742, 16.9, 15.8, 16.70, 15.95, 854, otc]
[1752, 48.6, 45.95, 48.45, 46.30, 1711, tse]
[1760, 103.5, 100.0, 100.50, 101.50, 2272, tse]
[1762, 50.2, 47.8, 48.10, 49.05, 1682, tse]
[1773, 181.5, 169.0, 172.00, 173.00, 6948, tse]
[1776, 17.75, 17.1, 17.75, 17.20, 190, tse]
[1777, 83.4, 82.8, 82.90, 82.80, 85, otc]
[1781, 16.4, 14.8, 16.20, 15.10, 1092, otc]
[1783, 45.65, 44.5, 45.25, 45.15, 956, tse]
[1784, 63.2, 61.0, 61.00, 61.40, 791, otc]
[1785, 45.1, 42.4, 43.20, 43.50, 20603, otc]
[1786, 91.7, 87.6, 89.90, 88.10, 2148, tse]
[1788, 140.0, 138.0, 139.50, 139.00, 177, otc]
[1789, 26.2, 24.7, 24.90, 26.10, 5468, tse]
[1795, 277.5, 262.5, 274.50, 271.50, 19526, tse]
[1796, 58.1, 55.7, 58.10, 56.80, 277, otc]
[1799, 63.8, 55.6, 58.00, 58.60, 1274, otc]
[1802, 18.1, 16.95, 17.85, 16.95, 24535, tse]
[1805, 20.3, 17.0, 17.00, 17.85, 2599, tse]
[1806, 12.1, 10.65, 12.10, 10.70, 7240, tse]
[1808, 122.0, 102.0, 102.00, 118.50, 28142, tse]
[1809, 33.4, 27.0, 32.70, 27.40, 25469, tse]
[1810, 17.7, 16.2, 16.90, 16.65, 5692, tse]
[1813, 19.95, 19.55, 19.55, 19.70, 91, otc]
[1815, 19.6, 17.35, 18.65, 17.45, 134754, otc]
[1817, 37.85, 37.0, 37.00, 37.55, 214, tse]
[1903, 54.2, 52.6, 52.80, 52.80, 701, tse]
[1904, 28.95, 28.4, 28.55, 28.75, 4195, tse]
[1905, 23.15, 22.3, 22.35, 22.30, 9286, tse]
[1906, 15.7, 14.9, 15.50, 15.15, 875, tse]
[1907, 30.65, 29.7, 29.70, 30.10, 7083, tse]
[1909, 14.5, 14.05, 14.05, 14.15, 7987, tse]
[2002, 24.15, 23.8, 24.10, 23.85, 107754, tse]
[2006, 78.2, 76.1, 77.10, 76.50, 12834, tse]
[2007, 10.55, 10.05, 10.15, 10.10, 3748, tse]
[2008, 22.5, 21.95, 22.15, 22.15, 232, tse]
[2009, 37.45, 32.15, 33.60, 37.45, 48394, tse]
[2010, 18.35, 17.4, 17.55, 18.25, 5905, tse]
[2012, 23.6, 22.8, 23.40, 22.80, 175, tse]
[2013, 61.1, 58.2, 59.40, 58.90, 1242, tse]
[2014, 22.8, 21.8, 21.80, 22.25, 26082, tse]
[2015, 72.3, 70.8, 71.50, 72.00, 1375, tse]
[2017, 14.65, 14.05, 14.25, 14.10, 3744, tse]
[2020, 39.0, 35.5, 35.50, 36.40, 26717, tse]
[2022, 11.65, 10.0, 10.45, 10.90, 19608, tse]
[2023, 15.5, 15.0, 15.10, 15.00, 8375, tse]
[2024, 22.0, 20.85, 21.85, 21.45, 402, tse]
[2025, 13.0, 10.9, 12.80, 11.60, 31050, tse]
[2027, 36.75, 35.3, 35.45, 36.30, 32095, tse]
[2028, 26.85, 24.55, 24.60, 26.10, 3268, tse]
[2029, 28.65, 27.3, 27.30, 28.10, 3094, tse]
[2030, 18.7, 18.0, 18.55, 18.40, 2970, tse]
[2031, 62.9, 59.6, 61.50, 62.30, 14741, tse]
[2032, 16.75, 15.45, 15.90, 16.05, 962, tse]
[2033, 17.4, 15.4, 16.00, 16.00, 2265, tse]
[2034, 25.0, 24.6, 24.90, 24.90, 3659, tse]
[2035, 32.9, 31.4, 32.90, 31.70, 101, otc]
[2038, 19.65, 18.5, 19.20, 18.75, 3940, tse]
[2049, 242.5, 235.5, 236.00, 238.00, 5678, tse]
[2059, 1365.0, 1190.0, 1,300.00, 1,205.00, 7862, tse]
[2061, 16.6, 15.0, 16.60, 15.35, 237, otc]
[2062, 28.6, 27.25, 27.70, 27.60, 3022, tse]
[2063, 55.0, 52.4, 52.40, 53.70, 348, otc]
[2064, 15.9, 15.4, 15.90, 15.45, 528, otc]
[2065, 65.7, 64.0, 64.10, 65.30, 1081, otc]
[2066, 105.0, 96.1, 98.00, 98.90, 3632, otc]
[2067, 12.8, 12.05, 12.50, 12.65, 100, otc]
[2069, 16.2, 15.7, 15.70, 16.00, 749, tse]
[2070, 36.95, 34.55, 34.90, 34.80, 379, otc]
[2073, 30.25, 29.85, 29.95, 30.00, 165, otc]
[2101, 41.15, 38.85, 40.45, 38.85, 11939, tse]
[2102, 18.8, 18.3, 18.40, 18.30, 1062, tse]
[2103, 23.1, 22.45, 22.45, 22.55, 5872, tse]
[2104, 17.8, 17.35, 17.60, 17.35, 10442, tse]
[2105, 48.2, 45.75, 46.35, 48.20, 30671, tse]
[2106, 30.9, 29.95, 30.00, 30.75, 3280, tse]
[2107, 24.6, 23.65, 23.65, 24.20, 2317, tse]
[2108, 34.5, 33.5, 34.10, 33.50, 2020, tse]
[2109, 18.1, 15.8, 15.90, 16.45, 12830, tse]
[2114, 108.0, 105.5, 108.00, 106.00, 328, tse]
[2115, 31.0, 29.1, 29.10, 30.05, 954, tse]
[2201, 72.6, 66.1, 66.50, 68.50, 32947, tse]
[2204, 131.0, 118.0, 127.00, 129.00, 22937, tse]
[2206, 77.7, 73.8, 75.00, 73.90, 26554, tse]
[2207, 676.0, 650.0, 660.00, 656.00, 1986, tse]
[2208, 18.0, 17.55, 17.55, 17.75, 14999, tse]
[2211, 132.5, 114.0, 121.50, 119.50, 17303, tse]
[2221, 34.9, 33.4, 34.90, 33.50, 283, otc]
[2227, 165.0, 136.5, 165.00, 137.00, 1192, tse]
[2228, 98.5, 91.6, 91.60, 97.90, 3540, tse]
[2230, 167.0, 153.0, 162.00, 156.00, 5021, otc]
[2231, 122.5, 115.5, 117.00, 115.50, 1550, tse]
[2233, 139.0, 132.5, 137.00, 133.00, 1336, tse]
[2235, 46.7, 45.1, 45.80, 46.30, 77, otc]
[2236, 73.0, 70.3, 70.80, 71.90, 2496, tse]
[2239, 60.0, 56.0, 56.80, 59.70, 666, tse]
[2241, 39.75, 30.8, 30.80, 38.70, 33993, tse]
[2243, 17.85, 15.15, 16.60, 15.25, 2980, tse]
[2247, 323.0, 301.5, 307.00, 311.00, 1227, tse]
[2250, 112.0, 98.4, 99.90, 99.10, 2109, tse]
[2254, 94.9, 81.1, 83.30, 92.10, 815, tse]
[2258, 47.1, 44.1, 44.10, 45.60, 2391, tse]
[2301, 117.5, 111.0, 114.00, 112.00, 105076, tse]
[2302, 18.9, 18.0, 18.30, 18.10, 1866, tse]
[2303, 53.2, 50.8, 52.00, 51.90, 475582, tse]
[2305, 27.15, 24.65, 25.90, 24.65, 7155, tse]
[2308, 317.5, 301.5, 312.50, 303.00, 61354, tse]
[2312, 15.2, 14.7, 14.75, 14.75, 17495, tse]
[2313, 85.7, 77.0, 77.80, 77.70, 284619, tse]
[2314, 34.7, 32.3, 32.45, 33.05, 7929, tse]
[2316, 42.6, 38.85, 40.50, 39.35, 18534, tse]
[2317, 133.0, 105.0, 105.00, 132.00, 1443376, tse]
[2321, 17.25, 14.95, 16.85, 16.00, 31, tse]
[2323, 11.85, 10.65, 10.70, 11.50, 100712, tse]
[2324, 37.65, 36.1, 36.60, 37.00, 147686, tse]
[2327, 590.0, 561.0, 566.00, 583.00, 12853, tse]
[2328, 34.4, 30.45, 30.50, 34.10, 28683, tse]
[2329, 69.2, 64.4, 67.30, 65.00, 92515, tse]
[2330, 785.0, 753.0, 768.00, 753.00, 309446, tse]
[2331, 30.55, 29.2, 29.80, 29.20, 11480, tse]
[2332, 19.1, 18.4, 18.85, 18.55, 11054, tse]
[2337, 27.8, 26.6, 27.25, 26.75, 32302, tse]
[2338, 71.2, 67.2, 67.20, 67.40, 8513, tse]
[2340, 41.95, 39.0, 41.40, 39.00, 10664, tse]
[2342, 36.9, 32.75, 34.50, 33.00, 17048, tse]
[2344, 28.1, 26.5, 27.70, 26.50, 126275, tse]
[2345, 496.5, 450.5, 485.00, 454.00, 30465, tse]
[2347, 80.1, 73.5, 74.70, 79.50, 35777, tse]
[2348, 119.0, 108.0, 108.00, 115.50, 2474, tse]
[2349, 8.13, 7.72, 7.72, 7.78, 8982, tse]
[2351, 102.0, 97.0, 100.50, 97.00, 3033, tse]
[2352, 44.75, 42.55, 43.25, 42.55, 185193, tse]
[2353, 47.3, 44.2, 44.40, 45.85, 199030, tse]
[2354, 60.8, 48.8, 49.20, 55.60, 256930, tse]
[2355, 48.1, 45.1, 46.25, 45.50, 25420, tse]
[2356, 57.6, 54.1, 54.30, 54.10, 218775, tse]
[2357, 457.0, 428.0, 453.00, 429.00, 22625, tse]
[2358, 9.69, 6.48, 9.57, 6.48, 13551, tse]
[2359, 42.1, 38.3, 38.55, 39.85, 36501, tse]
[2360, 273.5, 252.0, 269.00, 253.00, 17839, tse]
[2362, 39.15, 37.0, 38.40, 37.95, 7855, tse]
[2363, 42.4, 38.8, 40.60, 39.00, 45366, tse]
[2364, 95.8, 88.6, 90.50, 90.00, 1563, tse]
[2365, 22.85, 19.6, 20.30, 20.30, 78489, tse]
[2367, 27.3, 24.0, 25.30, 24.00, 287958, tse]
[2368, 256.0, 220.0, 249.50, 232.50, 56501, tse]
[2369, 25.85, 24.05, 24.90, 24.05, 21057, tse]
[2371, 52.1, 46.8, 51.90, 47.10, 143874, tse]
[2373, 74.7, 72.2, 73.00, 72.80, 1238, tse]
[2374, 26.4, 24.5, 25.10, 24.55, 7012, tse]
[2375, 64.3, 60.3, 62.90, 60.40, 2138, tse]
[2376, 375.0, 297.0, 358.50, 313.00, 134414, tse]
[2377, 190.5, 168.0, 188.50, 169.50, 25701, tse]
[2379, 613.0, 567.0, 590.00, 594.00, 23303, tse]
[2380, 7.11, 6.4, 7.00, 6.64, 828, tse]
[2382, 258.5, 239.5, 243.50, 257.50, 222521, tse]
[2383, 501.0, 390.0, 488.00, 414.00, 80557, tse]
[2385, 247.5, 207.5, 223.00, 240.50, 61607, tse]
[2387, 63.0, 59.9, 62.20, 60.00, 9159, tse]
[2388, 133.0, 120.5, 128.50, 121.00, 28387, tse]
[2390, 14.0, 13.2, 13.85, 13.25, 3793, tse]
[2392, 46.25, 43.15, 43.30, 44.15, 17512, tse]
[2393, 54.3, 50.8, 51.00, 53.10, 13592, tse]
[2395, 432.0, 387.5, 400.00, 392.00, 9780, tse]
[2397, 65.5, 63.7, 63.90, 65.40, 145, tse]
[2399, 25.0, 23.35, 23.65, 23.35, 16260, tse]
[2401, 31.6, 28.55, 31.45, 28.80, 17229, tse]
[2402, 34.85, 33.3, 33.95, 33.30, 10265, tse]
[2404, 419.5, 342.5, 388.50, 342.50, 18959, tse]
[2405, 19.35, 18.05, 18.60, 18.20, 24270, tse]
[2406, 19.6, 17.2, 17.20, 18.25, 31060, tse]
[2408, 67.0, 63.1, 64.80, 63.90, 75767, tse]
[2409, 18.35, 17.0, 17.05, 18.35, 223482, tse]
[2412, 122.5, 120.5, 120.50, 122.50, 40895, tse]
[2413, 28.0, 25.8, 27.60, 26.05, 2043, tse]
[2414, 35.6, 33.8, 33.80, 35.45, 1520, tse]
[2415, 29.5, 28.1, 28.75, 28.10, 502, tse]
[2417, 54.6, 46.1, 52.40, 46.55, 31490, tse]
[2419, 33.4, 31.3, 31.80, 31.60, 6953, tse]
[2420, 53.6, 51.0, 51.30, 52.30, 2111, tse]
[2421, 128.0, 116.0, 122.00, 117.50, 55970, tse]
[2423, 41.65, 40.2, 40.75, 40.60, 2030, tse]
[2424, 31.6, 29.5, 31.00, 29.50, 174, tse]
[2425, 46.25, 43.4, 45.00, 43.45, 5731, tse]
[2426, 18.55, 17.95, 18.50, 18.00, 3489, tse]
[2427, 24.65, 23.05, 23.05, 23.30, 5336, tse]
[2428, 172.0, 162.0, 169.00, 164.00, 2434, tse]
[2429, 21.95, 20.2, 21.40, 20.25, 352, tse]
[2430, 40.75, 39.35, 39.65, 40.55, 2370, tse]
[2431, 14.1, 12.5, 13.60, 13.15, 5634, tse]
[2432, 39.1, 37.5, 39.10, 38.00, 97, tse]
[2433, 53.0, 52.1, 52.30, 52.60, 311, tse]
[2434, 32.35, 31.5, 32.00, 31.65, 35, tse]
[2436, 65.6, 62.7, 63.00, 62.70, 5238, tse]
[2438, 23.0, 22.0, 22.80, 22.50, 650, tse]
[2439, 118.0, 111.0, 111.50, 116.00, 9941, tse]
[2440, 14.0, 13.3, 13.40, 13.40, 2343, tse]
[2441, 65.6, 62.1, 63.90, 62.30, 11215, tse]
[2442, 29.3, 27.05, 27.75, 27.30, 14842, tse]
[2443, 5.25, 4.2, 4.38, 4.66, 3699, tse]
[2444, 12.85, 11.95, 12.40, 12.10, 1916, tse]
[2449, 112.0, 102.5, 111.50, 107.50, 87086, tse]
[2450, 39.65, 38.85, 39.30, 39.00, 1211, tse]
[2451, 87.3, 82.5, 82.70, 85.90, 7418, tse]
[2453, 59.3, 54.1, 54.10, 58.80, 10082, tse]
[2454, 1260.0, 1120.0, 1,235.00, 1,135.00, 40603, tse]
[2455, 182.0, 167.0, 169.50, 173.00, 19753, tse]
[2457, 57.2, 54.7, 55.90, 55.00, 12455, tse]
[2458, 166.5, 160.0, 162.00, 163.50, 9601, tse]
[2459, 67.4, 65.0, 65.00, 67.40, 469, tse]
[2460, 39.5, 34.8, 36.25, 35.65, 12890, tse]
[2461, 23.25, 22.35, 22.50, 22.65, 3590, tse]
[2462, 37.3, 35.45, 37.05, 36.50, 4999, tse]
[2464, 41.8, 37.6, 38.15, 38.35, 17690, tse]
[2465, 152.5, 125.0, 128.50, 125.50, 25181, tse]
[2466, 37.7, 36.55, 37.30, 37.00, 99, tse]
[2467, 127.0, 107.0, 127.00, 109.00, 17301, tse]
[2468, 29.4, 27.95, 27.95, 28.10, 1576, tse]
[2471, 62.5, 55.5, 55.60, 61.50, 14966, tse]
[2472, 68.6, 66.0, 66.40, 67.50, 3326, tse]
[2474, 217.5, 197.0, 198.50, 215.00, 16177, tse]
[2476, 79.2, 72.7, 75.70, 72.70, 16218, tse]
[2477, 20.25, 19.9, 19.90, 20.00, 341, tse]
[2478, 47.15, 46.0, 46.30, 46.00, 589, tse]
[2480, 132.0, 128.0, 130.50, 129.00, 1495, tse]
[2481, 60.3, 57.1, 58.70, 57.10, 8000, tse]
[2482, 35.35, 32.3, 32.30, 34.85, 3352, tse]
[2483, 23.3, 22.6, 22.65, 22.75, 755, tse]
[2484, 34.95, 33.65, 34.15, 33.65, 3457, tse]
[2485, 22.75, 21.1, 22.20, 21.15, 12023, tse]
[2486, 56.5, 49.75, 49.90, 54.40, 144808, tse]
[2488, 44.9, 42.25, 42.40, 43.95, 4102, tse]
[2489, 14.55, 13.95, 14.10, 14.00, 13960, tse]
[2491, 15.75, 14.8, 15.00, 15.00, 591, tse]
[2492, 108.5, 102.0, 102.00, 106.50, 12266, tse]
[2493, 91.2, 88.0, 88.40, 88.50, 1866, tse]
[2495, 23.9, 21.9, 23.00, 21.90, 6472, tse]
[2496, 71.0, 65.1, 66.50, 68.80, 1353, tse]
[2497, 55.4, 53.6, 53.60, 54.00, 1380, tse]
[2498, 47.25, 45.15, 45.95, 45.15, 17119, tse]
[2501, 20.8, 18.15, 18.15, 20.30, 20656, tse]
[2504, 38.05, 35.7, 36.15, 36.15, 34286, tse]
[2505, 22.8, 21.9, 21.90, 22.75, 2093, tse]
[2506, 10.35, 9.64, 10.10, 9.65, 7009, tse]
[2509, 18.9, 18.05, 18.05, 18.15, 1640, tse]
[2511, 10.55, 10.0, 10.40, 10.00, 49385, tse]
[2514, 16.9, 15.6, 16.00, 15.60, 5935, tse]
[2515, 12.8, 12.25, 12.55, 12.35, 59993, tse]
[2516, 13.05, 11.6, 12.40, 11.60, 17171, tse]
[2520, 39.7, 38.3, 38.50, 38.55, 13155, tse]
[2524, 41.4, 36.3, 36.30, 38.70, 2101, tse]
[2527, 36.45, 34.15, 34.30, 35.05, 8034, tse]
[2528, 42.95, 39.4, 39.60, 42.10, 6006, tse]
[2530, 44.65, 38.75, 39.35, 43.80, 16032, tse]
[2534, 21.45, 20.65, 20.90, 20.80, 2793, tse]
[2535, 51.6, 50.4, 50.40, 51.00, 1413, tse]
[2536, 29.15, 28.5, 28.80, 28.95, 1162, tse]
[2537, 10.55, 9.5, 10.20, 9.55, 14976, tse]
[2538, 16.4, 15.2, 16.20, 15.40, 8778, tse]
[2539, 70.6, 61.2, 61.90, 69.40, 18762, tse]
[2540, 99.0, 89.7, 89.70, 94.30, 3036, tse]
[2542, 40.0, 39.15, 39.75, 39.20, 19959, tse]
[2543, 52.9, 44.2, 45.20, 44.80, 59552, tse]
[2545, 43.45, 42.5, 42.75, 42.75, 1065, tse]
[2546, 89.7, 82.4, 88.50, 84.00, 1878, tse]
[2547, 9.51, 9.1, 9.10, 9.51, 15270, tse]
[2548, 107.5, 100.0, 102.00, 106.50, 11021, tse]
[2596, 31.7, 29.7, 30.35, 30.90, 1043, otc]
[2597, 158.0, 134.0, 134.00, 150.00, 7422, tse]
[2601, 8.17, 7.95, 8.06, 7.97, 10413, tse]
[2603, 194.5, 165.5, 182.00, 166.50, 296283, tse]
[2605, 26.6, 24.25, 25.60, 24.55, 29706, tse]
[2606, 56.4, 52.1, 54.80, 52.50, 38422, tse]
[2607, 35.0, 31.75, 33.90, 31.75, 24506, tse]
[2608, 39.35, 37.75, 37.75, 38.80, 2431, tse]
[2609, 49.5, 45.2, 48.15, 46.50, 170613, tse]
[2610, 20.0, 19.35, 19.80, 19.35, 136794, tse]
[2611, 24.95, 18.35, 19.30, 24.50, 60948, tse]
[2612, 48.25, 44.95, 46.70, 45.25, 3838, tse]
[2613, 23.0, 22.0, 23.00, 22.05, 1577, tse]
[2614, 20.45, 19.6, 19.95, 19.90, 4839, tse]
[2615, 50.2, 43.75, 49.15, 46.45, 58874, tse]
[2616, 29.75, 27.35, 29.65, 27.80, 2308, tse]
[2617, 36.55, 34.8, 35.40, 35.00, 15364, tse]
[2618, 33.35, 31.1, 32.20, 31.35, 441293, tse]
[2630, 33.95, 32.2, 32.20, 32.80, 3831, tse]
[2633, 30.35, 29.65, 30.00, 30.35, 30050, tse]
[2634, 48.4, 47.05, 47.10, 47.55, 22609, tse]
[2636, 100.5, 91.1, 93.90, 92.10, 26497, tse]
[2637, 62.1, 58.9, 61.20, 58.90, 25990, tse]
[2640, 120.0, 109.0, 109.00, 117.50, 1377, otc]
[2641, 21.1, 19.65, 20.50, 19.70, 15983, otc]
[2642, 38.5, 38.0, 38.20, 38.20, 531, tse]
[2643, 74.4, 70.8, 71.20, 72.10, 736, otc]
[2645, 109.5, 104.0, 104.00, 105.00, 11336, tse]
[2701, 12.5, 12.35, 12.40, 12.40, 914, tse]
[2702, 19.5, 19.0, 19.10, 19.00, 452, tse]
[2704, 49.35, 45.7, 45.70, 49.15, 1351, tse]
[2705, 17.15, 16.35, 16.35, 17.10, 2069, tse]
[2706, 15.1, 14.85, 14.85, 14.95, 1200, tse]
[2707, 226.0, 207.0, 207.00, 222.50, 4163, tse]
[2712, 33.05, 31.7, 32.95, 32.10, 439, tse]
[2718, 83.5, 79.3, 83.00, 80.00, 244, otc]
[2719, 63.4, 54.9, 56.80, 58.40, 1185, otc]
[2722, 53.8, 50.0, 50.00, 51.10, 1593, tse]
[2723, 90.9, 87.2, 87.20, 88.60, 4536, tse]
[2724, 15.8, 14.75, 14.75, 15.80, 74, otc]
[2726, 26.5, 25.3, 26.00, 25.30, 107, otc]
[2727, 249.5, 239.5, 244.50, 240.00, 6738, tse]
[2729, 245.0, 231.5, 232.00, 242.00, 1914, otc]
[2731, 142.0, 123.5, 124.00, 134.50, 14394, tse]
[2732, 144.5, 127.5, 127.50, 132.50, 5018, otc]
[2734, 41.05, 36.5, 36.50, 38.15, 1341, otc]
[2736, 26.8, 24.85, 25.10, 25.80, 2257, otc]
[2739, 54.9, 49.85, 49.90, 52.70, 9573, tse]
[2740, 36.0, 35.0, 36.00, 35.70, 11, otc]
[2743, 126.5, 113.0, 113.00, 116.00, 4949, otc]
[2745, 84.2, 78.5, 79.80, 80.30, 1775, otc]
[2748, 74.5, 71.0, 71.00, 71.90, 3568, tse]
[2752, 279.0, 267.0, 278.50, 268.00, 56, otc]
[2753, 169.5, 162.0, 167.00, 164.00, 1982, tse]
[2754, 119.5, 103.0, 117.50, 103.50, 1181, otc]
[2755, 99.9, 96.0, 96.00, 97.10, 121, otc]
[2756, 85.8, 83.3, 85.00, 83.60, 198, otc]
[2762, 114.5, 105.5, 105.50, 113.00, 2038, tse]
[2801, 18.5, 17.85, 17.90, 18.45, 83660, tse]
[2809, 49.35, 47.45, 47.95, 48.60, 18349, tse]
[2812, 17.85, 17.05, 17.05, 17.20, 61116, tse]
[2816, 37.4, 30.5, 35.40, 31.05, 16347, tse]
[2820, 15.45, 14.85, 14.90, 15.25, 9741, tse]
[2832, 28.65, 26.2, 26.95, 26.50, 8730, tse]
[2834, 16.7, 14.5, 14.60, 16.35, 458546, tse]
[2836, 11.55, 11.25, 11.25, 11.55, 52574, tse]
[2838, 15.65, 14.7, 14.75, 15.25, 19423, tse]
[2845, 14.75, 13.9, 13.95, 14.35, 70031, tse]
[2849, 14.5, 13.95, 14.00, 13.95, 1351, tse]
[2850, 86.5, 70.6, 70.60, 81.80, 8277, tse]
[2851, 24.9, 23.55, 23.55, 24.30, 26011, tse]
[2852, 20.05, 19.05, 19.05, 19.40, 6810, tse]
[2855, 24.65, 23.1, 23.10, 23.10, 35298, tse]
[2867, 5.0, 4.86, 4.86, 4.91, 54881, tse]
[2880, 23.0, 21.95, 21.95, 23.00, 90657, tse]
[2881, 70.7, 69.0, 69.30, 69.60, 135879, tse]
[2882, 48.5, 45.7, 45.90, 47.65, 279627, tse]
[2883, 14.6, 13.1, 13.10, 14.15, 639845, tse]
[2884, 26.2, 25.25, 25.30, 26.20, 157674, tse]
[2885, 30.7, 28.45, 28.55, 30.20, 189349, tse]
[2886, 41.0, 39.65, 39.90, 40.90, 114652, tse]
[2887, 18.2, 17.75, 17.85, 18.15, 124611, tse]
[2888, 8.48, 8.16, 8.18, 8.38, 187494, tse]
[2889, 14.0, 12.45, 12.50, 13.90, 125193, tse]
[2890, 21.35, 20.1, 20.30, 21.35, 103084, tse]
[2891, 32.2, 30.0, 30.20, 31.75, 337770, tse]
[2892, 27.65, 27.0, 27.05, 27.60, 111254, tse]
[2897, 10.35, 9.99, 10.00, 10.15, 66165, tse]
[2901, 26.9, 26.2, 26.45, 26.75, 89, tse]
[2903, 26.85, 24.75, 24.75, 26.50, 39623, tse]
[2904, 18.25, 18.0, 18.15, 18.10, 491, tse]
[2905, 12.9, 12.4, 12.40, 12.55, 3542, tse]
[2906, 20.1, 19.3, 19.40, 19.35, 3417, tse]
[2908, 20.75, 20.45, 20.75, 20.45, 1129, tse]
[2910, 27.8, 27.2, 27.70, 27.55, 217, tse]
[2911, 8.7, 7.0, 8.28, 7.13, 2945, tse]
[2912, 270.5, 267.0, 269.50, 267.50, 6160, tse]
[2913, 20.7, 20.1, 20.10, 20.15, 7816, tse]
[2915, 61.5, 58.7, 59.30, 59.20, 22732, tse]
[2916, 61.7, 57.5, 61.70, 60.00, 2613, otc]
[2923, 27.25, 24.7, 24.70, 24.90, 150, tse]
[2924, 25.65, 23.1, 24.40, 24.90, 39, otc]
[2926, 60.6, 57.5, 57.50, 60.10, 77, otc]
[2929, 10.7, 9.86, 10.15, 9.92, 2013, tse]
[2937, 37.0, 33.5, 34.30, 35.20, 118, otc]
[2939, 29.5, 27.0, 28.00, 27.00, 504, tse]
[2945, 42.65, 40.5, 40.50, 41.75, 116, tse]
[2947, 78.1, 74.5, 74.50, 77.00, 114, otc]
[2948, 71.0, 64.5, 65.50, 67.70, 103, otc]
[2949, 112.0, 103.5, 104.00, 107.50, 135, otc]
[3002, 15.75, 14.5, 15.15, 14.55, 2081, tse]
[3003, 69.9, 68.0, 68.30, 68.20, 1229, tse]
[3004, 100.5, 95.1, 99.80, 97.00, 2521, tse]
[3005, 140.5, 119.5, 121.00, 130.00, 120376, tse]
[3006, 89.5, 83.5, 87.00, 84.30, 26437, tse]
[3008, 2555.0, 2485.0, 2,515.00, 2,515.00, 2303, tse]
[3010, 113.5, 106.5, 111.50, 107.00, 9802, tse]
[3011, 32.15, 28.8, 31.60, 29.30, 7780, tse]
[3013, 64.3, 48.0, 60.50, 48.20, 46814, tse]
[3014, 178.0, 163.0, 166.50, 166.50, 22601, tse]
[3015, 58.2, 55.5, 56.20, 55.50, 2003, tse]
[3016, 64.3, 57.5, 58.00, 58.00, 29457, tse]
[3017, 677.0, 540.0, 567.00, 599.00, 141670, tse]
[3018, 15.1, 14.5, 15.10, 14.60, 84, tse]
[3019, 64.9, 63.0, 63.00, 63.50, 2884, tse]
[3021, 25.45, 21.6, 25.40, 21.85, 6687, tse]
[3022, 81.5, 78.5, 81.50, 78.90, 5436, tse]
[3023, 273.5, 265.0, 266.50, 265.00, 3685, tse]
[3024, 18.2, 17.5, 17.60, 17.70, 4781, tse]
[3025, 70.8, 64.7, 65.50, 67.50, 18939, tse]
[3026, 96.0, 94.7, 95.00, 95.50, 1054, tse]
[3027, 45.3, 42.0, 43.70, 42.55, 8741, tse]
[3028, 35.75, 34.85, 35.45, 34.85, 4183, tse]
[3029, 79.3, 74.5, 74.80, 77.60, 12142, tse]
[3030, 80.8, 75.6, 75.90, 77.90, 5392, tse]
[3031, 19.6, 18.4, 19.30, 18.80, 1413, tse]
[3032, 78.7, 75.2, 75.20, 75.50, 11102, tse]
[3033, 31.75, 30.2, 31.60, 30.65, 13239, tse]
[3034, 599.0, 568.0, 585.00, 570.00, 25944, tse]
[3035, 376.5, 339.5, 363.50, 354.50, 38411, tse]
[3036, 164.5, 144.0, 161.00, 155.00, 59853, tse]
[3037, 184.0, 172.0, 172.50, 172.00, 62989, tse]
[3038, 33.8, 32.3, 32.80, 32.60, 4428, tse]
[3040, 30.55, 29.95, 30.45, 29.95, 339, tse]
[3041, 29.0, 24.5, 28.55, 24.50, 13388, tse]
[3042, 118.5, 103.5, 103.50, 114.50, 52413, tse]
[3043, 32.8, 30.0, 32.80, 30.75, 1689, tse]
[3044, 210.5, 201.0, 208.00, 205.00, 28121, tse]
[3045, 100.0, 98.5, 98.80, 99.30, 22874, tse]
[3046, 64.4, 62.1, 63.20, 62.50, 1464, tse]
[3047, 16.65, 15.2, 16.25, 15.20, 16383, tse]
[3048, 24.65, 23.6, 24.65, 23.60, 2604, tse]
[3049, 8.73, 8.13, 8.71, 8.18, 15677, tse]
[3050, 26.0, 20.65, 20.85, 22.95, 38781, tse]
[3051, 44.4, 36.85, 38.80, 37.05, 36130, tse]
[3052, 13.2, 12.25, 12.90, 12.35, 9072, tse]
[3054, 20.9, 20.05, 20.50, 20.50, 116, tse]
[3055, 73.7, 64.6, 64.60, 67.80, 24681, tse]
[3056, 28.75, 26.85, 26.85, 27.80, 9467, tse]
[3057, 13.65, 12.3, 13.20, 12.40, 1424, tse]
[3058, 20.2, 19.25, 19.50, 19.30, 3775, tse]
[3059, 34.3, 33.15, 33.15, 33.15, 6789, tse]
[3060, 23.2, 20.6, 20.60, 21.05, 13016, tse]
[3062, 22.95, 20.9, 20.95, 21.65, 31493, tse]
[3064, 37.95, 33.1, 37.95, 33.25, 42, otc]
[3066, 26.4, 22.55, 24.25, 22.60, 1590, otc]
[3067, 38.75, 34.65, 35.55, 36.20, 58, otc]
[3071, 43.3, 35.6, 35.75, 37.95, 25770, otc]
[3073, 33.65, 29.9, 29.90, 31.50, 153, otc]
[3078, 80.4, 77.0, 77.10, 80.00, 15353, otc]
[3081, 161.5, 142.5, 147.00, 142.50, 16656, otc]
[3083, 50.5, 45.8, 47.80, 48.55, 6471, otc]
[3085, 11.55, 10.4, 11.30, 10.75, 55, otc]
[3086, 149.0, 115.5, 142.50, 119.00, 7543, otc]
[3088, 92.5, 86.1, 86.20, 88.00, 5046, otc]
[3090, 61.5, 58.6, 58.80, 59.20, 3258, tse]
[3092, 31.5, 29.7, 30.80, 30.85, 2079, tse]
[3093, 30.5, 29.2, 30.20, 30.05, 1038, otc]
[3094, 35.9, 33.3, 35.70, 33.50, 4030, tse]
[3095, 31.2, 28.3, 28.30, 30.30, 109, otc]
[3105, 157.0, 143.0, 153.00, 145.50, 20746, otc]
[3114, 28.9, 27.2, 28.35, 27.20, 1196, otc]
[3115, 10.8, 10.35, 10.80, 10.40, 98, otc]
[3118, 30.95, 30.65, 30.90, 30.90, 247, otc]
[3122, 43.7, 40.25, 41.40, 40.80, 2458, otc]
[3128, 32.5, 30.6, 30.60, 30.85, 1263, otc]
[3130, 227.5, 223.5, 223.50, 225.50, 170, tse]
[3131, 950.0, 829.0, 894.00, 847.00, 7144, otc]
[3138, 135.5, 126.5, 132.50, 128.00, 1607, tse]
[3141, 83.4, 77.0, 82.70, 77.50, 3118, otc]
[3147, 135.0, 122.5, 128.00, 122.50, 8702, otc]
[3149, 25.7, 24.15, 24.65, 25.35, 3896, tse]
[3152, 241.0, 222.0, 225.00, 233.00, 1058, otc]
[3162, 40.35, 36.9, 40.15, 37.40, 4973, otc]
[3163, 132.5, 101.0, 109.50, 101.50, 156416, otc]
[3164, 23.3, 22.2, 22.60, 22.55, 1293, tse]
[3167, 61.7, 55.3, 59.20, 55.80, 1871, tse]
[3169, 147.0, 133.0, 138.50, 135.50, 14042, otc]
[3171, 34.8, 28.65, 31.60, 28.95, 16715, otc]
[3176, 40.15, 37.6, 39.00, 37.90, 1575, otc]
[3178, 117.5, 110.0, 112.00, 117.00, 3908, otc]
[3188, 25.95, 22.5, 22.50, 23.85, 12694, otc]
[3189, 99.6, 92.0, 97.00, 92.10, 17337, tse]
[3191, 23.0, 21.1, 22.65, 21.25, 91, otc]
[3202, 14.25, 12.15, 12.50, 12.60, 3233, otc]
[3205, 44.1, 41.6, 43.50, 42.00, 501, otc]
[3206, 51.2, 46.5, 49.30, 46.55, 3981, otc]
[3207, 115.0, 93.9, 94.90, 111.00, 20291, otc]
[3209, 36.75, 35.2, 35.75, 35.80, 3822, tse]
[3211, 91.5, 86.8, 87.60, 90.80, 11861, otc]
[3213, 92.2, 84.8, 84.80, 87.60, 3019, otc]
[3217, 170.0, 160.0, 167.00, 164.50, 7804, otc]
[3218, 296.0, 271.0, 284.00, 271.00, 4738, otc]
[3219, 40.25, 39.25, 40.10, 39.30, 65, otc]
[3221, 29.8, 28.0, 28.05, 28.10, 3493, otc]
[3224, 38.75, 35.05, 38.55, 35.40, 610, otc]
[3226, 65.4, 60.1, 64.00, 60.10, 84, otc]
[3227, 161.0, 151.0, 156.50, 151.50, 7236, otc]
[3228, 519.0, 418.5, 494.50, 438.50, 8131, otc]
[3229, 15.9, 15.35, 15.65, 15.75, 135, tse]
[3230, 11.25, 10.05, 11.00, 10.15, 1741, otc]
[3231, 126.0, 113.0, 120.50, 119.50, 564468, tse]
[3232, 33.95, 30.15, 32.50, 30.15, 3227, otc]
[3234, 41.3, 34.9, 35.00, 38.25, 18063, otc]
[3236, 21.6, 20.35, 21.35, 20.40, 975, otc]
[3252, 20.5, 19.9, 20.00, 20.00, 789, otc]
[3257, 73.4, 70.3, 70.80, 71.10, 2158, tse]
[3259, 29.0, 26.2, 27.25, 26.95, 140, otc]
[3260, 99.1, 94.5, 95.20, 95.60, 21590, otc]
[3264, 79.5, 75.5, 79.10, 76.80, 30228, otc]
[3265, 135.5, 124.0, 126.00, 125.00, 14276, otc]
[3266, 20.0, 17.2, 19.20, 17.25, 5434, tse]
[3268, 30.8, 27.65, 28.90, 27.70, 3971, otc]
[3272, 33.2, 31.7, 31.70, 31.75, 534, otc]
[3276, 21.8, 20.0, 21.40, 20.05, 2279, otc]
[3284, 28.45, 23.1, 26.50, 24.35, 13916, otc]
[3285, 27.0, 25.8, 26.70, 26.75, 141, otc]
[3287, 36.45, 33.4, 35.50, 33.40, 3188, otc]
[3288, 34.25, 28.7, 31.85, 29.05, 271, otc]
[3289, 129.5, 115.0, 125.00, 116.00, 12638, otc]
[3290, 23.85, 22.8, 23.50, 23.20, 2533, otc]
[3293, 1170.0, 1010.0, 1,090.00, 1,105.00, 13529, otc]
[3294, 49.8, 37.85, 44.95, 43.20, 45526, otc]
[3296, 25.4, 22.6, 25.10, 23.10, 5878, tse]
[3297, 21.0, 18.85, 20.45, 18.85, 1497, otc]
[3303, 34.4, 32.0, 32.00, 33.10, 2842, otc]
[3305, 68.0, 64.3, 66.20, 65.00, 7386, tse]
[3306, 47.35, 45.15, 45.15, 45.20, 1148, otc]
[3308, 38.7, 35.8, 38.70, 35.80, 3682, tse]
[3310, 106.5, 101.5, 102.00, 102.50, 188, otc]
[3311, 41.65, 39.6, 41.40, 40.35, 823, tse]
[3312, 41.35, 33.8, 39.15, 36.15, 44001, tse]
[3313, 23.0, 18.2, 20.95, 19.55, 6847, otc]
[3317, 54.3, 51.7, 53.00, 52.20, 1862, otc]
[3321, 20.5, 16.8, 19.85, 16.85, 6459, tse]
[3322, 26.4, 23.35, 24.75, 26.00, 20673, otc]
[3323, 27.1, 26.1, 26.50, 26.15, 616, otc]
[3324, 745.0, 580.0, 580.00, 670.00, 83163, otc]
[3325, 44.6, 38.4, 38.85, 38.65, 55254, otc]
[3332, 45.85, 44.2, 44.85, 44.40, 56, otc]
[3338, 74.5, 67.0, 69.20, 67.60, 35009, tse]
[3339, 26.7, 24.4, 24.50, 25.85, 17911, otc]
[3346, 51.5, 48.05, 49.30, 48.05, 8531, tse]
[3349, 25.4, 24.1, 24.80, 24.75, 55, otc]
[3354, 27.3, 23.3, 25.05, 23.45, 3840, otc]
[3356, 54.6, 50.2, 50.20, 53.70, 19159, tse]
[3357, 122.0, 112.5, 118.50, 113.50, 1661, otc]
[3360, 19.8, 16.85, 17.20, 17.50, 16391, otc]
[3362, 258.5, 222.5, 252.50, 232.00, 17675, otc]
[3363, 144.0, 112.0, 116.50, 118.00, 17419, otc]
[3372, 21.65, 18.5, 20.90, 18.50, 11304, otc]
[3373, 25.3, 23.85, 24.75, 24.55, 827, otc]
[3374, 131.0, 123.5, 130.00, 123.50, 7577, otc]
[3376, 207.0, 191.0, 192.00, 199.00, 11246, tse]
[3379, 14.9, 14.45, 14.70, 14.80, 330, otc]
[3380, 36.0, 34.8, 35.15, 34.80, 9538, tse]
[3388, 74.3, 72.5, 72.70, 73.80, 356, otc]
[3390, 32.3, 29.7, 30.55, 29.70, 9080, otc]
[3402, 95.2, 87.0, 93.20, 88.60, 4498, otc]
[3406, 428.0, 397.0, 402.50, 417.50, 11584, tse]
[3413, 275.5, 243.5, 252.00, 270.00, 17750, tse]
[3416, 136.5, 131.0, 131.00, 133.00, 1512, tse]
[3419, 17.25, 16.1, 16.85, 16.30, 4031, tse]
[3426, 40.9, 40.2, 40.90, 40.70, 62, otc]
[3430, 50.8, 48.45, 50.00, 48.45, 775, otc]
[3432, 20.55, 19.4, 19.80, 19.55, 366, tse]
[3434, 34.1, 29.8, 31.20, 30.15, 1734, otc]
[3437, 31.45, 29.25, 30.95, 29.70, 14581, tse]
[3438, 102.0, 80.0, 80.00, 86.60, 18256, otc]
[3441, 36.5, 33.5, 35.30, 33.50, 771, otc]
[3443, 1520.0, 1315.0, 1,510.00, 1,340.00, 15184, tse]
[3444, 118.0, 103.0, 104.00, 104.50, 4327, otc]
[3447, 38.3, 35.8, 36.55, 35.80, 406, tse]
[3450, 75.0, 68.4, 71.10, 68.80, 35829, tse]
[3454, 152.0, 144.0, 144.50, 144.00, 1173, tse]
[3455, 81.6, 77.7, 78.00, 79.70, 2278, otc]
[3465, 72.7, 68.2, 72.70, 68.50, 113, otc]
[3466, 28.6, 25.6, 26.05, 28.00, 1620, otc]
[3479, 122.0, 109.0, 112.00, 120.50, 9607, otc]
[3481, 15.4, 14.4, 14.45, 14.95, 365789, tse]
[3483, 161.0, 143.0, 153.50, 146.00, 19819, otc]
[3484, 46.9, 43.25, 43.25, 44.85, 3115, otc]
[3489, 22.5, 20.0, 20.05, 21.65, 3178, otc]
[3490, 27.1, 26.05, 26.30, 26.60, 791, otc]
[3491, 162.5, 148.5, 156.00, 151.50, 5717, otc]
[3492, 19.75, 18.95, 19.75, 18.95, 435, otc]
[3494, 6.72, 5.66, 6.29, 5.80, 715, tse]
[3498, 32.7, 30.1, 30.10, 31.85, 795, otc]
[3499, 23.4, 21.4, 21.40, 21.80, 2212, otc]
[3501, 55.4, 54.0, 54.30, 54.90, 1124, tse]
[3504, 62.2, 58.2, 59.50, 58.80, 2411, tse]
[3508, 25.2, 22.45, 23.80, 23.05, 1112, otc]
[3511, 26.8, 25.1, 26.70, 25.70, 846, otc]
[3512, 36.5, 32.9, 35.05, 33.55, 7497, otc]
[3515, 289.0, 249.5, 284.50, 250.50, 11432, tse]
[3516, 29.0, 24.3, 26.00, 24.50, 4475, otc]
[3518, 33.85, 31.45, 33.20, 31.60, 1522, tse]
[3520, 19.65, 18.0, 19.10, 18.05, 2603, otc]
[3521, 25.0, 19.75, 19.80, 21.10, 6923, otc]
[3522, 20.4, 18.4, 20.00, 18.40, 2580, otc]
[3523, 19.1, 18.2, 19.00, 18.45, 127, otc]
[3526, 215.5, 205.5, 213.50, 205.50, 2695, otc]
[3527, 100.0, 95.2, 97.00, 95.50, 499, otc]
[3528, 50.3, 49.05, 49.55, 49.25, 433, tse]
[3529, 2820.0, 2580.0, 2,750.00, 2,700.00, 2769, otc]
[3530, 112.5, 102.0, 106.00, 103.50, 3836, tse]
[3531, 32.4, 32.0, 32.00, 32.30, 197, otc]
[3532, 168.0, 160.0, 161.50, 160.50, 8044, tse]
[3533, 1335.0, 1125.0, 1,145.00, 1,245.00, 10765, tse]
[3535, 22.15, 20.1, 21.65, 20.20, 4106, tse]
[3537, 40.95, 40.0, 40.05, 40.15, 1547, otc]
[3540, 60.0, 53.1, 54.80, 54.20, 51765, otc]
[3541, 35.7, 32.2, 35.35, 32.35, 1415, otc]
[3543, 24.4, 23.2, 24.30, 23.20, 2241, tse]
[3545, 95.4, 90.0, 92.90, 90.00, 12018, tse]
[3546, 82.6, 79.8, 80.50, 81.80, 1744, otc]
[3548, 298.5, 257.0, 260.00, 282.50, 59556, otc]
[3550, 15.7, 14.45, 15.35, 14.70, 1023, tse]
[3551, 116.5, 99.9, 109.00, 101.00, 5735, otc]
[3552, 127.5, 118.5, 125.50, 118.50, 1869, otc]
[3555, 30.8, 27.1, 30.80, 27.30, 116, otc]
[3556, 54.4, 52.5, 53.00, 53.10, 594, otc]
[3557, 62.2, 59.4, 62.00, 59.90, 1310, tse]
[3558, 228.0, 217.0, 221.00, 223.00, 1183, otc]
[3563, 330.0, 300.0, 300.00, 311.00, 7139, tse]
[3564, 74.6, 61.2, 65.40, 64.70, 25462, otc]
[3567, 43.65, 41.8, 42.60, 41.95, 2067, otc]
[3570, 172.5, 163.5, 170.00, 167.00, 1056, otc]
[3576, 12.45, 11.25, 11.90, 11.65, 39483, tse]
[3577, 68.9, 61.6, 67.20, 68.10, 302, otc]
[3580, 55.4, 50.8, 55.40, 51.60, 1690, otc]
[3581, 35.6, 30.2, 30.20, 31.50, 6103, otc]
[3583, 290.0, 257.0, 273.00, 266.00, 36431, tse]
[3587, 287.0, 260.0, 277.50, 260.00, 6240, otc]
[3588, 112.5, 100.5, 103.50, 107.00, 16553, tse]
[3591, 26.6, 25.05, 26.10, 25.20, 2913, tse]
[3592, 500.0, 462.0, 470.00, 479.50, 6359, tse]
[3593, 12.25, 11.3, 11.70, 11.30, 249, tse]
[3594, 40.35, 38.8, 39.90, 38.80, 1447, otc]
[3596, 194.5, 170.5, 171.50, 188.00, 17039, tse]
[3597, 24.4, 22.6, 24.30, 22.60, 546, otc]
[3605, 41.95, 35.0, 39.80, 36.95, 9381, tse]
[3607, 18.65, 17.0, 18.25, 17.00, 6812, tse]
[3609, 28.8, 27.4, 28.60, 28.00, 359, otc]
[3611, 247.5, 235.5, 238.50, 244.50, 849, otc]
[3615, 26.15, 24.7, 25.95, 24.90, 4369, otc]
[3617, 226.0, 206.0, 211.50, 219.50, 8763, tse]
[3622, 60.8, 55.2, 56.20, 60.20, 13864, tse]
[3623, 36.8, 33.05, 36.40, 33.05, 2029, otc]
[3624, 52.9, 49.6, 52.20, 49.60, 2839, otc]
[3625, 14.45, 13.8, 13.90, 14.00, 791, otc]
[3628, 48.9, 41.8, 42.10, 47.60, 3187, otc]
[3629, 21.55, 19.3, 21.55, 19.40, 57, otc]
[3630, 32.65, 31.25, 31.60, 31.55, 1448, otc]
[3631, 39.9, 37.55, 38.45, 38.25, 1070, otc]
[3632, 14.3, 13.1, 13.50, 13.60, 91, otc]
[3645, 45.9, 40.0, 43.05, 40.35, 11252, tse]
[3646, 31.65, 30.3, 30.45, 30.65, 666, otc]
[3652, 30.2, 28.5, 29.95, 28.70, 821, tse]
[3653, 1030.0, 890.0, 931.00, 907.00, 8557, tse]
[3661, 3930.0, 3385.0, 3,830.00, 3,605.00, 17306, tse]
[3663, 51.9, 44.75, 46.50, 49.35, 10979, otc]
[3664, 33.55, 28.85, 30.50, 29.70, 3025, otc]
[3665, 251.5, 239.5, 248.50, 245.00, 4888, tse]
[3666, 24.75, 23.3, 23.45, 24.10, 618, otc]
[3669, 59.3, 53.2, 53.50, 53.20, 11270, tse]
[3672, 23.75, 20.1, 23.00, 20.10, 899, otc]
[3673, 35.2, 33.55, 35.20, 34.15, 11557, tse]
[3675, 256.0, 245.0, 248.50, 245.00, 1264, otc]
[3679, 114.0, 110.0, 111.00, 113.00, 544, tse]
[3680, 427.0, 400.0, 423.00, 409.00, 6057, otc]
[3684, 44.8, 42.75, 42.90, 42.80, 97, otc]
[3685, 21.0, 19.8, 20.70, 19.95, 432, otc]
[3686, 14.5, 13.5, 13.50, 13.65, 2418, tse]
[3687, 103.5, 96.7, 101.00, 98.50, 1332, otc]
[3689, 81.2, 71.1, 77.30, 71.30, 37637, otc]
[3691, 126.0, 109.0, 109.00, 116.00, 7843, otc]
[3693, 419.0, 364.5, 404.00, 381.50, 5212, otc]
[3694, 54.0, 50.1, 50.30, 51.50, 14188, tse]
[3701, 61.5, 56.4, 61.00, 56.80, 7582, tse]
[3702, 98.0, 84.7, 96.70, 92.10, 107280, tse]
[3703, 29.35, 28.3, 28.50, 28.65, 18012, tse]
[3704, 49.5, 44.35, 44.40, 47.30, 22206, tse]
[3705, 48.1, 46.75, 46.85, 47.40, 1968, tse]
[3706, 46.2, 43.35, 43.90, 45.60, 115842, tse]
[3707, 67.1, 59.4, 63.00, 59.50, 58910, otc]
[3708, 111.5, 102.0, 110.00, 103.00, 9243, tse]
[3709, 27.15, 25.8, 26.20, 26.00, 581, otc]
[3710, 10.3, 9.63, 9.81, 9.71, 4371, otc]
[3711, 160.0, 149.0, 159.00, 153.00, 98106, tse]
[3712, 43.6, 40.8, 42.65, 41.55, 17063, tse]
[3713, 25.5, 22.3, 22.80, 23.80, 679, otc]
[3714, 41.1, 39.3, 40.00, 39.65, 10359, tse]
[3715, 79.3, 69.1, 75.60, 69.70, 53229, tse]
[4102, 39.8, 37.7, 39.00, 37.75, 2916, otc]
[4104, 94.0, 90.6, 90.60, 93.80, 2805, tse]
[4105, 82.2, 79.9, 80.80, 81.80, 4403, otc]
[4106, 28.45, 27.75, 28.00, 27.85, 725, tse]
[4107, 127.0, 116.5, 116.50, 122.50, 2713, otc]
[4108, 21.3, 20.7, 20.85, 20.85, 960, tse]
[4109, 25.0, 22.75, 24.05, 23.90, 12344, otc]
[4111, 26.15, 25.65, 26.00, 26.00, 563, otc]
[4113, 40.9, 34.3, 40.50, 35.05, 8501, otc]
[4114, 39.3, 37.4, 37.50, 38.60, 8299, otc]
[4116, 58.0, 56.8, 57.20, 57.30, 353, otc]
[4119, 89.8, 87.0, 89.80, 87.40, 1859, tse]
[4120, 42.5, 41.3, 41.40, 41.50, 394, otc]
[4121, 26.45, 25.7, 25.85, 26.00, 2811, otc]
[4123, 45.6, 42.05, 45.15, 42.85, 11969, otc]
[4126, 89.5, 87.5, 87.80, 88.80, 576, otc]
[4127, 15.95, 15.4, 15.55, 15.65, 1776, otc]
[4128, 45.7, 43.85, 45.50, 43.90, 8919, otc]
[4129, 110.0, 100.5, 100.50, 105.50, 8057, otc]
[4130, 25.6, 24.75, 24.95, 25.10, 1041, otc]
[4131, 35.0, 31.6, 33.05, 31.65, 242, otc]
[4133, 32.3, 31.3, 31.95, 31.50, 850, tse]
[4137, 195.5, 191.5, 192.00, 194.50, 337, tse]
[4138, 136.0, 120.0, 120.00, 130.50, 3675, otc]
[4139, 34.95, 32.85, 34.95, 33.50, 85, otc]
[4142, 28.6, 26.5, 28.10, 26.50, 6105, tse]
[4147, 96.0, 90.1, 95.10, 90.10, 9379, otc]
[4148, 54.5, 50.7, 52.00, 53.50, 505, tse]
[4153, 38.45, 37.4, 38.10, 38.35, 238, otc]
[4154, 15.25, 14.4, 14.90, 14.70, 546, otc]
[4155, 25.15, 24.0, 24.15, 24.15, 2233, tse]
[4157, 15.25, 14.45, 14.60, 14.65, 8930, otc]
[4160, 42.2, 40.8, 41.30, 40.80, 174, otc]
[4161, 39.0, 36.65, 38.50, 37.55, 627, otc]
[4162, 96.8, 92.2, 95.30, 93.20, 3310, otc]
[4163, 124.0, 121.0, 121.50, 122.00, 680, otc]
[4164, 59.3, 57.2, 59.10, 57.60, 3267, tse]
[4167, 19.5, 18.3, 19.50, 18.35, 8550, otc]
[4168, 26.25, 25.2, 25.45, 25.30, 1051, otc]
[4171, 36.4, 34.2, 35.50, 34.35, 638, otc]
[4173, 22.4, 22.0, 22.15, 22.05, 1004, otc]
[4174, 65.2, 59.4, 64.10, 60.60, 3316, otc]
[4175, 81.3, 78.7, 80.80, 78.80, 316, otc]
[4183, 21.35, 20.8, 20.80, 21.00, 121, otc]
[4188, 30.4, 27.95, 29.80, 28.00, 1187, otc]
[4190, 54.5, 52.5, 52.80, 52.50, 321, tse]
[4192, 36.8, 34.55, 36.60, 36.70, 35, otc]
[4198, 32.35, 28.35, 31.45, 30.60, 1203, otc]
[4205, 97.5, 94.8, 95.50, 96.40, 246, otc]
[4207, 18.5, 17.75, 17.80, 18.35, 4335, otc]
[4303, 48.6, 37.35, 47.90, 42.90, 14300, otc]
[4304, 8.1, 7.62, 7.86, 8.00, 276, otc]
[4305, 41.25, 38.8, 38.95, 40.40, 159, otc]
[4306, 18.45, 17.6, 18.10, 17.80, 17386, tse]
[4401, 25.25, 23.2, 23.75, 23.90, 1228, otc]
[4402, 18.15, 16.55, 16.90, 16.95, 3220, otc]
[4406, 10.15, 9.99, 10.00, 10.05, 171, otc]
[4413, 20.55, 18.2, 19.50, 18.40, 463, otc]
[4414, 3.69, 3.51, 3.51, 3.56, 3378, tse]
[4416, 102.5, 97.8, 98.50, 99.90, 91, otc]
[4417, 39.45, 38.75, 39.15, 39.05, 780, otc]
[4419, 40.0, 39.1, 39.55, 40.00, 28, otc]
[4420, 71.8, 62.4, 65.80, 69.30, 12970, otc]
[4426, 18.35, 17.7, 18.30, 17.85, 970, tse]
[4430, 21.95, 21.4, 21.90, 21.45, 88, otc]
[4432, 25.7, 24.75, 25.00, 25.30, 1064, otc]
[4433, 30.0, 29.0, 29.70, 29.00, 241, otc]
[4438, 113.0, 110.0, 110.00, 110.50, 293, tse]
[4439, 126.0, 110.5, 124.50, 111.00, 572, tse]
[4440, 25.15, 23.8, 23.90, 24.35, 480, tse]
[4442, 24.55, 22.7, 24.25, 22.80, 100, otc]
[4502, 36.55, 36.05, 36.45, 36.50, 150, otc]
[4503, 67.4, 58.1, 58.10, 63.00, 8514, otc]
[4506, 87.6, 83.4, 84.70, 86.50, 520, otc]
[4510, 16.0, 15.45, 15.65, 15.50, 892, otc]
[4513, 24.95, 23.45, 23.45, 23.95, 9737, otc]
[4523, 59.9, 47.15, 50.20, 49.60, 4134, otc]
[4526, 20.35, 19.0, 19.55, 19.00, 5832, tse]
[4527, 39.65, 38.3, 38.50, 39.10, 680, otc]
[4528, 30.95, 30.2, 30.45, 30.20, 152, otc]
[4529, 14.8, 12.75, 14.40, 13.05, 2879, otc]
[4530, 7.52, 7.0, 7.30, 7.29, 85, otc]
[4532, 24.3, 22.9, 23.80, 22.90, 9999, tse]
[4533, 26.4, 24.8, 25.50, 25.05, 9581, otc]
[4534, 11.85, 10.85, 11.30, 11.00, 1576, otc]
[4535, 33.6, 32.9, 33.25, 33.35, 251, otc]
[4536, 190.0, 178.5, 189.50, 181.00, 2943, tse]
[4538, 20.75, 19.8, 19.85, 20.40, 663, otc]
[4540, 34.65, 32.9, 34.60, 33.20, 1126, tse]
[4541, 29.6, 28.15, 29.00, 28.15, 793, otc]
[4542, 66.7, 60.4, 63.00, 61.20, 2179, otc]
[4543, 56.4, 49.8, 52.70, 49.80, 10298, otc]
[4545, 32.75, 30.6, 30.90, 31.35, 996, tse]
[4549, 95.4, 94.0, 94.70, 94.30, 212, otc]
[4550, 39.3, 36.15, 36.50, 38.40, 1380, otc]
[4551, 109.0, 101.0, 107.00, 103.50, 1101, tse]
[4552, 31.45, 30.45, 30.80, 30.55, 1460, tse]
[4554, 30.2, 28.2, 28.90, 28.30, 266, otc]
[4555, 64.0, 61.8, 62.10, 63.20, 60, tse]
[4556, 41.55, 35.6, 37.05, 35.60, 1416, otc]
[4557, 124.5, 116.0, 117.50, 121.50, 433, tse]
[4558, 26.5, 24.35, 26.30, 24.45, 200, otc]
[4560, 37.3, 36.7, 36.90, 36.90, 340, tse]
[4561, 35.55, 32.55, 34.60, 32.80, 1962, otc]
[4562, 17.3, 15.7, 17.10, 15.70, 558, tse]
[4563, 49.9, 43.55, 49.50, 43.75, 2567, otc]
[4564, 23.6, 22.7, 23.05, 22.80, 2337, tse]
[4566, 53.8, 51.0, 52.60, 51.50, 1462, tse]
[4568, 57.5, 56.0, 56.80, 56.50, 137, otc]
[4569, 90.5, 86.8, 88.20, 88.80, 112, tse]
[4571, 99.5, 87.9, 96.70, 92.10, 753, tse]
[4572, 165.0, 155.0, 157.50, 156.50, 2304, tse]
[4576, 67.2, 64.5, 64.80, 65.30, 343, tse]
[4577, 22.5, 20.05, 22.20, 20.10, 550, otc]
[4580, 94.0, 92.9, 93.00, 93.40, 410, otc]
[4581, 72.3, 68.5, 69.80, 69.40, 3295, tse]
[4583, 237.0, 225.0, 232.50, 229.00, 551, tse]
[4584, 55.0, 53.3, 54.00, 54.80, 202, otc]
[4588, 114.5, 97.2, 102.00, 100.00, 6000, tse]
[4609, 6.74, 5.94, 6.52, 6.01, 224, otc]
[4702, 14.05, 13.3, 13.85, 13.45, 692, otc]
[4706, 30.0, 28.5, 29.20, 29.10, 290, otc]
[4707, 14.0, 13.65, 13.85, 13.80, 3681, otc]
[4711, 17.25, 16.95, 17.25, 16.95, 285, otc]
[4714, 23.5, 19.5, 22.20, 22.65, 136962, otc]
[4716, 13.65, 12.9, 13.10, 13.20, 1263, otc]
[4720, 16.7, 15.45, 16.50, 15.55, 3986, tse]
[4721, 77.4, 74.3, 74.60, 74.50, 944, otc]
[4722, 38.75, 37.5, 38.05, 37.50, 502, tse]
[4726, 39.1, 37.65, 38.25, 37.65, 1546, otc]
[4728, 252.0, 200.0, 203.00, 208.50, 2397, otc]
[4729, 19.8, 17.65, 19.05, 17.70, 1668, otc]
[4735, 37.8, 36.65, 37.80, 36.75, 149, otc]
[4736, 155.0, 149.0, 152.00, 149.00, 1328, tse]
[4737, 72.0, 70.6, 71.00, 70.80, 321, tse]
[4739, 66.7, 63.2, 63.40, 63.40, 1614, tse]
[4741, 37.0, 35.3, 35.95, 35.30, 138, otc]
[4743, 173.5, 167.0, 172.00, 168.00, 9118, otc]
[4744, 25.85, 23.65, 25.35, 24.10, 3156, otc]
[4745, 24.75, 24.5, 24.65, 24.60, 127, otc]
[4746, 103.0, 96.8, 103.00, 99.80, 9326, tse]
[4747, 81.0, 70.4, 81.00, 71.90, 4541, otc]
[4754, 41.3, 40.4, 41.30, 40.50, 378, otc]
[4755, 150.5, 142.5, 143.00, 148.00, 2361, tse]
[4760, 70.7, 69.4, 69.80, 69.80, 242, otc]
[4763, 951.0, 879.0, 888.00, 889.00, 15992, tse]
[4764, 41.05, 39.15, 40.10, 39.80, 63, tse]
[4766, 319.0, 289.0, 294.00, 319.00, 4951, tse]
[4767, 31.2, 30.0, 30.75, 31.20, 109, otc]
[4768, 238.0, 207.5, 222.50, 210.00, 12973, otc]
[4770, 398.0, 368.0, 373.00, 385.00, 4291, tse]
[4804, 5.0, 4.75, 4.99, 4.84, 311, otc]
[4806, 12.1, 11.2, 12.10, 11.50, 68, otc]
[4807, 17.25, 16.6, 16.60, 17.10, 108, tse]
[4903, 17.8, 17.0, 17.70, 17.30, 876, otc]
[4904, 79.3, 77.9, 78.10, 78.70, 17490, tse]
[4905, 114.5, 88.6, 90.50, 89.70, 2262, otc]
[4906, 36.7, 34.3, 36.20, 34.30, 40429, tse]
[4907, 46.5, 42.75, 42.75, 46.15, 1030, otc]
[4908, 115.0, 101.5, 107.00, 102.00, 21545, otc]
[4909, 83.4, 72.8, 72.80, 77.80, 52463, otc]
[4911, 58.7, 56.7, 56.90, 57.40, 184, otc]
[4912, 117.5, 110.0, 110.00, 114.00, 2095, tse]
[4915, 80.5, 73.3, 73.30, 78.70, 27617, tse]
[4916, 35.25, 31.5, 33.70, 31.75, 4937, tse]
[4919, 126.5, 120.0, 122.50, 120.00, 7698, tse]
[4923, 48.8, 46.1, 47.60, 46.20, 414, otc]
[4924, 15.8, 14.5, 15.55, 14.90, 461, otc]
[4927, 44.25, 39.8, 42.95, 40.45, 7441, tse]
[4930, 37.6, 33.7, 35.85, 35.55, 4706, tse]
[4931, 31.85, 30.0, 31.60, 30.20, 1620, otc]
[4933, 61.3, 56.7, 60.70, 56.80, 2307, otc]
[4934, 26.65, 24.9, 25.20, 24.95, 5940, tse]
[4935, 50.5, 49.6, 50.20, 49.60, 519, tse]
[4938, 90.5, 84.7, 85.00, 89.10, 65505, tse]
[4939, 22.65, 21.15, 22.40, 21.80, 4970, otc]
[4942, 45.3, 44.2, 44.90, 44.70, 1514, tse]
[4943, 28.4, 23.2, 25.80, 25.35, 1297, tse]
[4945, 133.0, 107.5, 118.00, 109.00, 7078, otc]
[4946, 53.1, 47.15, 48.60, 47.15, 152, otc]
[4951, 79.6, 73.7, 76.10, 74.40, 1494, otc]
[4952, 50.3, 48.5, 49.45, 48.55, 968, tse]
[4953, 151.5, 142.5, 142.50, 150.50, 11840, otc]
[4956, 19.8, 18.8, 19.00, 18.80, 4586, tse]
[4958, 110.0, 99.3, 100.00, 106.50, 52487, tse]
[4960, 13.3, 12.5, 12.95, 12.60, 21181, tse]
[4961, 264.5, 240.5, 240.50, 262.50, 38139, tse]
[4966, 1080.0, 976.0, 1,040.00, 1,075.00, 6497, otc]
[4967, 82.4, 77.0, 77.40, 77.50, 13857, tse]
[4968, 241.5, 219.5, 225.50, 223.00, 22025, tse]
[4971, 72.7, 61.6, 63.40, 64.20, 3886, otc]
[4972, 29.4, 28.4, 29.40, 28.45, 292, otc]
[4973, 38.65, 36.5, 37.05, 37.30, 3555, otc]
[4974, 69.2, 67.5, 67.70, 68.60, 729, otc]
[4976, 40.15, 37.65, 37.65, 39.00, 2128, tse]
[4977, 78.7, 71.7, 72.00, 74.20, 5072, tse]
[4979, 163.5, 145.5, 148.50, 148.50, 25798, otc]
[4987, 62.3, 61.1, 61.50, 61.50, 79, otc]
[4989, 25.5, 23.95, 25.00, 24.10, 900, tse]
[4991, 30.55, 29.5, 29.55, 29.60, 217, otc]
[4994, 126.0, 101.5, 105.00, 120.50, 12259, tse]
[4995, 49.8, 48.45, 49.00, 49.65, 292, otc]
[4999, 34.35, 33.4, 33.60, 33.50, 927, tse]
[5007, 57.9, 56.9, 57.00, 57.50, 1534, tse]
[5009, 48.7, 47.4, 47.80, 47.70, 17230, otc]
[5011, 25.7, 23.95, 24.25, 25.20, 5316, otc]
[5013, 34.55, 33.1, 34.30, 34.50, 92, otc]
[5014, 13.35, 12.85, 13.25, 12.90, 1408, otc]
[5015, 45.6, 44.4, 44.70, 44.65, 434, otc]
[5016, 28.6, 27.9, 28.20, 28.20, 61, otc]
[5201, 41.85, 34.7, 35.00, 34.70, 11074, otc]
[5202, 25.05, 23.35, 24.50, 23.80, 5973, otc]
[5203, 88.0, 85.0, 85.00, 86.60, 1007, tse]
[5205, 32.25, 26.85, 26.85, 27.65, 62, otc]
[5206, 32.2, 30.0, 31.10, 30.00, 756, otc]
[5209, 196.0, 185.0, 185.00, 188.50, 1021, otc]
[5210, 44.75, 40.0, 42.00, 41.25, 3829, otc]
[5211, 25.85, 23.35, 23.90, 23.40, 2303, otc]
[5212, 66.5, 53.3, 53.30, 59.50, 580, otc]
[5213, 40.65, 36.35, 36.35, 38.85, 14511, otc]
[5215, 57.3, 55.1, 55.60, 55.70, 563, tse]
[5220, 26.7, 26.3, 26.40, 26.50, 119, otc]
[5222, 173.0, 159.0, 160.00, 173.00, 6454, tse]
[5223, 43.9, 39.0, 39.65, 39.25, 3148, otc]
[5225, 118.5, 105.0, 105.50, 117.00, 15411, tse]
[5227, 41.5, 39.95, 40.60, 40.50, 1260, otc]
[5228, 23.25, 22.2, 22.70, 22.35, 201, otc]
[5230, 25.95, 24.85, 24.85, 25.30, 1063, otc]
[5234, 172.0, 139.0, 149.50, 140.00, 28109, tse]
[5236, 151.0, 141.0, 148.50, 143.00, 1735, otc]
[5243, 63.5, 52.9, 53.30, 58.80, 30874, tse]
[5244, 53.5, 48.3, 52.70, 48.45, 2417, tse]
[5245, 38.0, 33.0, 38.00, 33.00, 384, otc]
[5251, 26.45, 23.0, 23.20, 23.35, 4423, otc]
[5258, 139.0, 122.5, 123.00, 134.50, 21309, tse]
[5263, 118.5, 114.0, 116.00, 114.00, 621, otc]
[5269, 2390.0, 2095.0, 2,180.00, 2,260.00, 4258, tse]
[5272, 41.7, 37.6, 39.00, 37.60, 11704, otc]
[5274, 2945.0, 2605.0, 2,915.00, 2,770.00, 2915, otc]
[5276, 15.15, 14.15, 14.40, 15.05, 26, otc]
[5278, 247.5, 231.0, 231.00, 241.00, 163, otc]
[5283, 116.5, 115.5, 116.00, 116.00, 632, tse]
[5284, 216.0, 188.0, 213.50, 193.00, 13562, tse]
[5285, 65.0, 61.6, 63.20, 61.80, 1016, tse]
[5287, 206.0, 203.5, 203.50, 205.00, 418, otc]
[5288, 189.0, 178.5, 179.00, 184.50, 304, tse]
[5289, 298.0, 289.5, 294.00, 291.50, 2998, otc]
[5291, 27.2, 26.5, 27.00, 26.70, 448, otc]
[5292, 147.0, 129.0, 133.00, 145.50, 3706, tse]
[5299, 122.5, 115.0, 119.50, 115.50, 959, otc]
[5301, 9.94, 8.9, 9.04, 8.90, 159, otc]
[5302, 12.0, 11.2, 11.65, 11.30, 1460, otc]
[5306, 154.0, 139.5, 150.00, 140.50, 2509, tse]
[5309, 37.55, 35.1, 35.35, 35.80, 8932, otc]
[5310, 45.8, 35.2, 37.10, 44.70, 5255, otc]
[5312, 103.5, 97.5, 102.50, 102.50, 1871, otc]
[5314, 281.5, 225.0, 234.00, 278.00, 731, otc]
[5315, 18.9, 18.5, 18.50, 18.55, 1116, otc]
[5321, 86.3, 80.6, 86.00, 81.00, 942, otc]
[5324, 11.2, 10.8, 10.90, 10.85, 1312, otc]
[5328, 15.1, 14.55, 14.75, 14.65, 4430, otc]
[5340, 58.7, 54.0, 56.20, 54.70, 3098, otc]
[5344, 23.35, 21.5, 21.55, 21.75, 653, otc]
[5345, 12.35, 10.1, 10.75, 12.15, 89, otc]
[5347, 86.0, 73.3, 74.00, 83.90, 163068, otc]
[5348, 19.5, 16.4, 16.40, 18.80, 422, otc]
[5351, 51.7, 48.2, 49.45, 48.45, 17026, otc]
[5353, 39.15, 36.6, 36.60, 36.70, 2829, otc]
[5355, 12.7, 11.0, 12.55, 11.00, 5510, otc]
[5356, 34.2, 31.15, 33.40, 32.20, 2915, otc]
[5364, 17.0, 16.5, 16.90, 16.55, 331, otc]
[5371, 72.1, 69.3, 69.80, 71.10, 4431, otc]
[5381, 38.8, 33.15, 36.00, 33.20, 18620, otc]
[5383, 42.6, 38.05, 39.20, 38.85, 2677, otc]
[5386, 93.4, 67.5, 69.90, 80.80, 52151, otc]
[5388, 140.5, 132.0, 136.50, 137.50, 26154, tse]
[5392, 24.9, 23.05, 23.85, 23.20, 2561, otc]
[5398, 20.65, 18.75, 20.05, 19.00, 650, otc]
[5403, 145.0, 134.0, 140.00, 140.00, 2968, otc]
[5410, 34.35, 33.65, 33.65, 34.10, 2422, otc]
[5425, 78.3, 75.1, 75.70, 75.30, 9401, otc]
[5426, 38.7, 35.1, 36.50, 36.20, 19302, otc]
[5432, 164.5, 147.0, 147.00, 152.00, 4053, otc]
[5434, 216.5, 206.5, 209.00, 210.00, 5529, tse]
[5438, 18.75, 18.1, 18.10, 18.25, 276, otc]
[5439, 118.5, 111.5, 114.50, 115.00, 11743, otc]
[5443, 57.0, 48.45, 49.70, 49.65, 47119, otc]
[5450, 21.05, 19.7, 19.80, 19.70, 651, otc]
[5452, 27.85, 25.6, 25.70, 26.30, 17329, otc]
[5455, 46.0, 42.2, 43.50, 43.70, 100, otc]
[5457, 66.1, 59.1, 64.60, 59.10, 8290, otc]
[5460, 15.5, 14.35, 14.50, 14.40, 1038, otc]
[5464, 31.7, 28.0, 31.35, 28.65, 1234, otc]
[5465, 47.45, 44.15, 45.85, 44.50, 4520, otc]
[5468, 17.7, 16.8, 17.45, 17.40, 239, otc]
[5469, 57.1, 53.0, 54.90, 55.70, 26200, tse]
[5471, 51.3, 48.6, 50.20, 48.60, 2216, tse]
[5474, 143.0, 131.0, 133.50, 131.50, 2176, otc]
[5475, 12.35, 11.55, 12.30, 11.60, 2495, otc]
[5478, 161.5, 148.5, 151.00, 157.00, 7793, otc]
[5481, 13.75, 13.25, 13.25, 13.65, 255, otc]
[5483, 221.5, 205.0, 210.00, 207.50, 51529, otc]
[5484, 27.0, 24.6, 26.10, 25.00, 478, tse]
[5487, 33.85, 30.95, 30.95, 31.00, 902, otc]
[5488, 15.7, 13.6, 15.45, 13.60, 16246, otc]
[5489, 35.75, 34.65, 34.70, 35.45, 394, otc]
[5490, 26.65, 24.4, 26.45, 24.75, 941, otc]
[5493, 72.0, 65.5, 72.00, 66.50, 1573, otc]
[5498, 17.35, 14.5, 15.50, 14.65, 66857, otc]
[5508, 123.0, 106.5, 107.00, 120.50, 7668, otc]
[5511, 79.5, 72.4, 76.50, 74.10, 8159, otc]
[5512, 10.1, 9.75, 9.84, 9.79, 6638, otc]
[5514, 22.45, 19.5, 19.50, 20.45, 888, otc]
[5515, 20.8, 18.55, 18.55, 20.50, 33063, tse]
[5516, 19.95, 19.2, 19.45, 19.55, 213, otc]
[5519, 39.4, 35.5, 37.00, 37.90, 17266, tse]
[5520, 81.3, 79.5, 79.50, 80.30, 131, otc]
[5521, 14.25, 13.0, 13.00, 13.15, 40640, tse]
[5522, 57.3, 54.9, 56.00, 56.10, 5285, tse]
[5523, 27.0, 26.15, 26.40, 26.65, 517, otc]
[5525, 31.8, 29.55, 29.55, 30.75, 2720, tse]
[5529, 27.7, 24.15, 24.25, 26.15, 6861, otc]
[5530, 43.6, 41.7, 43.10, 41.85, 3650, otc]
[5531, 9.86, 9.58, 9.66, 9.63, 2030, tse]
[5533, 24.2, 22.65, 23.70, 22.80, 4544, tse]
[5534, 83.8, 79.1, 79.10, 83.30, 6189, tse]
[5536, 197.0, 191.0, 196.50, 195.00, 1818, otc]
[5538, 33.0, 31.65, 32.85, 31.80, 90, tse]
[5543, 42.0, 39.3, 40.00, 40.55, 95, otc]
[5546, 30.85, 29.35, 30.50, 29.55, 92, tse]
[5601, 36.6, 36.4, 36.40, 36.55, 12, otc]
[5603, 22.6, 22.1, 22.10, 22.40, 1456, otc]
[5604, 40.4, 39.0, 40.20, 40.15, 265, otc]
[5607, 63.1, 56.7, 62.10, 57.00, 10288, tse]
[5608, 20.05, 18.7, 19.60, 19.65, 9757, tse]
[5609, 91.2, 86.7, 86.80, 90.00, 4158, otc]
[5701, 6.39, 5.8, 5.89, 6.13, 316, otc]
[5703, 22.4, 21.3, 21.65, 21.60, 191, otc]
[5704, 48.7, 45.9, 45.90, 47.90, 282, otc]
[5706, 70.6, 61.9, 61.90, 67.60, 7384, tse]
[5864, 18.0, 17.3, 17.35, 17.55, 7003, otc]
[5871, 180.5, 171.5, 172.00, 177.00, 24729, tse]
[5876, 46.45, 44.4, 44.80, 46.40, 27791, tse]
[5878, 48.25, 47.75, 48.25, 48.00, 46, otc]
[5880, 26.35, 25.7, 25.85, 26.05, 74937, tse]
[5902, 33.7, 32.8, 33.15, 33.30, 88, otc]
[5903, 190.0, 188.5, 189.00, 189.00, 273, otc]
[5904, 514.0, 492.5, 492.50, 498.00, 1376, otc]
[5905, 12.4, 12.0, 12.20, 12.05, 3416, otc]
[5906, 65.2, 61.0, 62.90, 64.80, 59, tse]
[5907, 10.4, 9.25, 10.40, 9.36, 2833, tse]
[6005, 19.25, 17.8, 17.90, 18.60, 101077, tse]
[6015, 12.85, 11.8, 12.20, 11.80, 20383, otc]
[6016, 17.2, 16.2, 16.35, 16.30, 53211, otc]
[6020, 20.05, 19.15, 19.15, 19.30, 222, otc]
[6021, 18.9, 15.15, 15.40, 16.70, 2317, otc]
[6023, 72.8, 69.2, 69.50, 71.90, 1956, otc]
[6024, 55.3, 52.0, 54.50, 53.10, 4521, tse]
[6026, 16.0, 14.1, 14.10, 15.60, 46116, otc]
[6101, 45.55, 43.5, 44.60, 45.00, 1006, otc]
[6103, 31.95, 28.8, 31.95, 28.80, 4, otc]
[6104, 110.5, 105.0, 108.00, 105.50, 7837, otc]
[6108, 22.9, 21.4, 22.55, 21.45, 5989, tse]
[6109, 16.5, 15.3, 16.10, 15.50, 3362, otc]
[6111, 80.0, 73.3, 73.80, 74.50, 9244, otc]
[6112, 68.2, 65.7, 65.70, 66.60, 5223, tse]
[6113, 36.85, 32.1, 35.50, 32.25, 7434, otc]
[6114, 26.95, 25.05, 26.00, 25.20, 398, otc]
[6115, 50.9, 49.5, 49.75, 50.50, 1143, tse]
[6116, 11.1, 10.65, 10.70, 10.70, 38265, tse]
[6117, 89.2, 75.6, 75.70, 79.10, 50699, tse]
[6118, 25.3, 23.5, 24.75, 23.80, 1481, otc]
[6120, 17.2, 15.4, 15.40, 15.75, 69570, tse]
[6121, 556.0, 465.5, 490.00, 469.00, 18452, otc]
[6122, 73.8, 63.6, 65.50, 67.20, 22358, otc]
[6123, 69.6, 68.5, 69.50, 69.00, 250, otc]
[6124, 42.6, 36.5, 36.50, 38.10, 4292, otc]
[6125, 87.0, 77.3, 78.80, 80.00, 132492, otc]
[6126, 36.8, 32.7, 34.90, 34.00, 18427, otc]
[6127, 28.65, 26.25, 28.30, 26.60, 5980, otc]
[6128, 38.9, 34.75, 34.90, 38.00, 6359, tse]
[6129, 27.95, 26.45, 26.75, 26.55, 3883, otc]
[6130, 29.25, 26.6, 28.45, 28.00, 168, otc]
[6133, 14.55, 13.9, 14.05, 13.95, 1459, tse]
[6134, 22.95, 20.75, 20.90, 21.35, 1802, otc]
[6136, 24.6, 23.25, 24.30, 23.35, 2570, tse]
[6138, 217.0, 198.0, 208.00, 212.50, 10520, otc]
[6139, 181.5, 160.5, 170.50, 176.00, 47902, tse]
[6140, 38.65, 30.2, 37.20, 30.20, 8869, otc]
[6141, 20.3, 19.3, 19.70, 19.55, 2498, tse]
[6142, 10.45, 9.99, 10.10, 10.20, 2786, tse]
[6143, 100.5, 94.0, 99.90, 94.10, 10921, otc]
[6144, 16.8, 13.85, 13.85, 15.90, 329, otc]
[6146, 268.0, 234.0, 234.00, 250.00, 7087, otc]
[6147, 79.3, 74.1, 75.00, 76.50, 45992, otc]
[6148, 32.5, 29.6, 31.40, 31.20, 1724, otc]
[6150, 103.0, 91.1, 93.40, 91.20, 17145, otc]
[6151, 28.35, 27.3, 27.50, 28.00, 612, otc]
[6152, 11.15, 10.25, 10.70, 10.30, 3985, tse]
[6153, 21.15, 19.7, 20.50, 19.70, 10187, tse]
[6154, 17.2, 16.6, 16.85, 17.00, 400, otc]
[6155, 27.15, 26.05, 26.05, 26.25, 942, tse]
[6156, 24.85, 23.3, 24.70, 23.35, 4326, otc]
[6158, 32.0, 30.85, 30.90, 31.15, 514, otc]
[6160, 22.85, 21.25, 21.70, 22.30, 3103, otc]
[6161, 52.6, 46.3, 46.70, 47.75, 8746, otc]
[6163, 22.7, 20.35, 21.95, 20.35, 13270, otc]
[6164, 14.95, 13.8, 13.80, 14.40, 8196, tse]
[6165, 51.8, 37.8, 50.80, 41.70, 21869, tse]
[6166, 62.9, 60.9, 61.00, 61.60, 1245, tse]
[6167, 17.25, 16.25, 16.55, 16.50, 5593, otc]
[6168, 25.7, 24.25, 25.20, 24.30, 8427, tse]
[6169, 23.0, 22.3, 22.60, 22.80, 191, otc]
[6170, 55.8, 53.0, 53.70, 53.30, 3753, otc]
[6171, 32.1, 30.85, 31.40, 31.30, 1098, otc]
[6173, 45.7, 44.15, 44.80, 44.15, 2101, otc]
[6174, 24.0, 23.05, 23.40, 23.20, 154, otc]
[6175, 34.85, 33.2, 34.35, 33.70, 717, otc]
[6176, 189.0, 166.0, 170.00, 172.50, 43758, tse]
[6177, 37.1, 34.95, 34.95, 36.65, 6866, tse]
[6179, 34.8, 32.95, 33.05, 33.20, 7869, otc]
[6180, 78.0, 73.4, 77.00, 73.90, 13019, otc]
[6182, 42.75, 39.7, 42.15, 39.70, 24011, otc]
[6183, 72.0, 70.0, 70.70, 71.30, 139, tse]
[6184, 53.2, 52.5, 52.50, 53.00, 209, tse]
[6185, 17.15, 16.45, 17.15, 16.45, 1344, otc]
[6186, 59.7, 55.0, 55.30, 59.30, 5092, otc]
[6187, 278.5, 214.5, 256.50, 224.00, 40155, otc]
[6188, 80.6, 77.6, 77.70, 79.10, 8870, otc]
[6189, 77.7, 69.5, 73.40, 72.00, 20225, tse]
[6190, 36.4, 33.6, 34.80, 35.45, 25537, otc]
[6191, 66.3, 63.2, 63.80, 64.90, 14149, tse]
[6192, 99.7, 96.0, 99.00, 98.10, 1574, tse]
[6194, 36.8, 34.3, 35.75, 34.55, 1548, otc]
[6195, 42.35, 41.2, 41.70, 41.75, 286, otc]
[6196, 162.0, 153.0, 155.00, 154.50, 6812, tse]
[6197, 112.0, 101.5, 101.50, 103.00, 23878, tse]
[6198, 43.8, 36.8, 36.80, 43.30, 2466, otc]
[6199, 33.6, 28.4, 28.40, 30.15, 731, otc]
[6201, 65.5, 62.0, 64.30, 63.20, 1045, tse]
[6202, 57.4, 53.0, 55.80, 53.00, 6248, tse]
[6203, 90.1, 87.0, 88.60, 87.70, 2131, otc]
[6204, 153.0, 136.5, 143.50, 140.00, 4248, otc]
[6205, 85.3, 79.8, 84.30, 80.60, 5405, tse]
[6206, 79.2, 71.7, 71.80, 78.50, 9053, tse]
[6207, 40.1, 36.2, 38.50, 36.20, 6454, otc]
[6208, 60.5, 53.7, 57.10, 55.50, 3685, otc]
[6209, 25.4, 24.25, 25.00, 24.30, 1820, tse]
[6210, 27.75, 23.3, 27.25, 23.70, 467, otc]
[6212, 58.0, 55.0, 55.30, 57.40, 121, otc]
[6213, 86.4, 80.7, 85.80, 81.50, 14152, tse]
[6214, 116.5, 113.0, 113.00, 116.00, 5811, tse]
[6215, 29.35, 27.9, 27.90, 28.50, 976, tse]
[6216, 36.0, 34.45, 34.50, 35.15, 5703, tse]
[6217, 53.6, 41.15, 48.00, 41.90, 52434, otc]
[6218, 29.4, 26.1, 27.80, 26.25, 2817, otc]
[6219, 35.55, 33.05, 33.75, 35.35, 12487, otc]
[6220, 26.15, 25.25, 26.05, 25.90, 1455, otc]
[6221, 77.9, 70.4, 70.50, 73.50, 618, otc]
[6222, 37.0, 35.0, 36.95, 35.70, 279, otc]
[6223, 327.0, 285.0, 290.00, 312.50, 18859, otc]
[6224, 59.0, 55.2, 58.60, 55.60, 1149, tse]
[6225, 18.75, 16.5, 17.45, 17.90, 65, tse]
[6226, 11.0, 10.2, 10.70, 10.30, 1999, tse]
[6227, 62.0, 51.1, 62.00, 51.30, 7147, otc]
[6228, 23.8, 21.8, 23.55, 22.70, 243, otc]
[6229, 36.5, 31.85, 33.80, 32.00, 3666, otc]
[6230, 208.0, 138.0, 138.00, 208.00, 9267, tse]
[6231, 278.0, 254.0, 275.00, 270.50, 7631, otc]
[6233, 45.6, 41.3, 41.35, 41.50, 15992, otc]
[6234, 29.75, 27.0, 27.00, 28.20, 10682, otc]
[6235, 116.0, 108.0, 111.00, 111.00, 23007, tse]
[6236, 32.0, 30.5, 32.00, 32.00, 12, otc]
[6237, 64.0, 59.3, 61.60, 59.70, 6296, otc]
[6239, 193.5, 168.0, 171.50, 190.00, 64379, tse]
[6240, 24.35, 21.95, 22.70, 22.05, 368, otc]
[6241, 15.85, 14.8, 15.35, 15.35, 654, otc]
[6242, 54.3, 53.0, 54.00, 53.70, 288, otc]
[6243, 71.4, 68.5, 69.20, 69.90, 3882, tse]
[6244, 27.3, 25.8, 25.80, 26.85, 12822, otc]
[6245, 103.0, 98.8, 98.80, 101.00, 3898, otc]
[6246, 16.2, 15.15, 15.45, 15.15, 223, otc]
[6248, 33.1, 32.35, 32.45, 32.50, 5404, otc]
[6257, 71.2, 67.6, 69.00, 68.80, 24056, tse]
[6259, 21.3, 19.9, 21.25, 21.20, 648, otc]
[6261, 67.4, 62.4, 62.40, 67.00, 3191, otc]
[6263, 174.0, 156.5, 156.50, 167.00, 3446, otc]
[6264, 8.23, 7.82, 8.22, 7.94, 170, otc]
[6265, 13.6, 12.0, 12.95, 12.00, 6788, otc]
[6266, 34.4, 33.15, 33.60, 34.15, 2395, otc]
[6269, 89.6, 85.7, 85.70, 88.90, 10098, tse]
[6270, 25.25, 24.2, 24.20, 24.50, 1437, otc]
[6271, 148.5, 142.0, 142.50, 142.50, 5156, tse]
[6274, 168.5, 150.5, 158.00, 161.50, 97801, otc]
[6275, 72.6, 58.9, 59.20, 65.30, 83682, otc]
[6276, 74.5, 69.0, 70.70, 69.10, 2115, otc]
[6277, 80.2, 79.5, 79.70, 80.00, 572, tse]
[6278, 111.5, 98.6, 98.80, 108.00, 29594, tse]
[6279, 172.0, 159.5, 161.50, 163.00, 6300, otc]
[6281, 87.4, 85.9, 86.00, 87.20, 545, tse]
[6282, 40.65, 38.9, 39.50, 39.80, 28558, tse]
[6283, 26.2, 24.85, 25.05, 25.00, 1226, tse]
[6284, 86.0, 81.1, 81.20, 83.00, 14895, otc]
[6285, 163.5, 142.0, 142.00, 154.50, 68060, tse]
[6287, 16.3, 14.8, 15.90, 15.45, 26, otc]
[6288, 34.9, 31.8, 33.85, 32.00, 14031, tse]
[6290, 92.2, 85.6, 85.80, 88.20, 39924, otc]
[6291, 200.0, 179.5, 199.50, 182.00, 569, otc]
[6292, 78.0, 73.0, 75.50, 73.50, 1813, otc]
[6294, 122.0, 114.0, 114.50, 121.50, 893, otc]
[6405, 25.45, 23.6, 25.45, 24.25, 756, tse]
[6409, 1815.0, 1615.0, 1,625.00, 1,790.00, 1182, tse]
[6411, 112.0, 102.0, 110.00, 104.00, 3100, otc]
[6412, 181.0, 163.5, 166.00, 179.00, 5900, tse]
[6414, 305.0, 284.0, 290.50, 294.00, 11644, tse]
[6415, 404.5, 344.0, 380.50, 378.00, 16683, tse]
[6416, 128.5, 112.5, 112.50, 118.50, 15219, tse]
[6417, 105.5, 98.1, 101.00, 98.40, 658, otc]
[6418, 23.15, 22.0, 22.55, 22.20, 744, otc]
[6419, 66.2, 47.65, 48.10, 61.20, 2903, otc]
[6425, 69.4, 50.1, 65.70, 52.00, 19928, otc]
[6426, 72.9, 69.3, 71.10, 69.80, 1577, tse]
[6431, 16.35, 15.3, 15.80, 15.40, 342, tse]
[6432, 33.9, 32.1, 33.50, 33.45, 361, otc]
[6435, 113.5, 106.0, 109.00, 106.00, 982, otc]
[6438, 117.5, 104.5, 112.50, 112.50, 10377, tse]
[6441, 44.7, 42.8, 43.90, 43.20, 652, otc]
[6442, 143.0, 114.5, 128.00, 119.00, 13884, tse]
[6443, 27.45, 26.05, 26.25, 27.10, 22163, tse]
[6446, 333.0, 319.0, 320.00, 326.50, 5524, tse]
[6449, 80.9, 72.0, 78.80, 72.10, 1816, tse]
[6451, 218.5, 185.5, 187.00, 185.50, 19235, tse]
[6456, 58.3, 55.8, 55.80, 56.50, 3409, tse]
[6457, 59.0, 53.0, 57.60, 53.70, 722, otc]
[6461, 29.6, 27.7, 28.60, 27.80, 587, otc]
[6462, 270.5, 223.0, 262.00, 229.50, 45195, otc]
[6464, 88.9, 86.2, 86.20, 86.90, 569, tse]
[6465, 25.5, 21.4, 25.50, 22.50, 878, otc]
[6469, 308.0, 298.5, 298.50, 304.00, 982, otc]
[6470, 58.4, 54.7, 58.20, 55.50, 2442, otc]
[6472, 643.0, 612.0, 620.00, 627.00, 4725, tse]
[6477, 41.05, 37.75, 37.75, 38.75, 5809, tse]
[6482, 58.7, 52.0, 57.30, 53.80, 256, otc]
[6485, 86.4, 80.8, 84.60, 81.10, 2353, otc]
[6486, 85.1, 80.1, 80.30, 84.30, 2210, otc]
[6488, 624.0, 567.0, 606.00, 576.00, 12350, otc]
[6491, 451.5, 395.5, 402.00, 434.00, 7301, tse]
[6492, 44.3, 42.3, 42.40, 42.90, 782, otc]
[6494, 80.7, 72.7, 77.80, 72.70, 1866, otc]
[6496, 28.55, 27.9, 28.15, 28.55, 59, otc]
[6499, 43.5, 39.45, 43.50, 39.90, 904, otc]
[6504, 73.3, 71.2, 72.70, 72.30, 512, tse]
[6505, 72.0, 70.5, 70.80, 71.20, 14740, tse]
[6506, 17.4, 16.8, 17.05, 16.95, 199, otc]
[6508, 34.2, 32.9, 33.95, 33.10, 837, otc]
[6509, 39.1, 38.2, 38.20, 38.35, 1825, otc]
[6510, 533.0, 513.0, 520.00, 515.00, 473, otc]
[6512, 21.3, 20.85, 21.00, 21.30, 67, otc]
[6514, 53.9, 51.9, 51.90, 52.20, 965, otc]
[6515, 737.0, 685.0, 730.00, 712.00, 4271, tse]
[6516, 77.4, 75.3, 76.70, 77.40, 281, otc]
[6517, 77.7, 73.5, 75.10, 73.70, 1102, otc]
[6523, 162.0, 154.5, 159.50, 156.00, 1063, otc]
[6525, 68.8, 66.0, 66.20, 68.30, 623, tse]
[6526, 678.0, 611.0, 667.00, 614.00, 4840, tse]
[6527, 86.5, 84.5, 85.20, 85.50, 301, otc]
[6530, 58.6, 49.1, 49.20, 55.20, 30760, otc]
[6531, 449.0, 397.5, 431.50, 406.00, 21711, tse]
[6532, 76.4, 70.5, 71.70, 70.80, 2788, otc]
[6533, 462.5, 419.0, 446.00, 428.00, 4968, tse]
[6534, 92.8, 89.3, 91.50, 92.30, 284, tse]
[6535, 176.0, 160.0, 162.50, 167.00, 2493, otc]
[6538, 146.5, 134.0, 134.00, 142.50, 4569, otc]
[6541, 57.9, 49.6, 56.10, 50.10, 2147, tse]
[6542, 57.0, 50.1, 50.20, 56.00, 211, otc]
[6546, 133.0, 115.5, 123.00, 123.00, 14417, otc]
[6547, 56.7, 53.6, 56.30, 54.80, 8519, otc]
[6548, 34.0, 32.95, 33.00, 32.95, 4153, otc]
[6550, 68.0, 61.2, 63.10, 61.20, 10245, tse]
[6552, 36.0, 33.7, 33.70, 34.25, 532, tse]
[6556, 88.5, 83.9, 85.90, 83.90, 180, otc]
[6558, 24.55, 22.55, 24.15, 22.85, 1200, tse]
[6560, 30.4, 29.2, 30.10, 29.30, 211, otc]
[6561, 376.5, 358.0, 360.00, 367.00, 822, otc]
[6568, 151.5, 143.0, 145.00, 143.50, 411, otc]
[6569, 173.5, 164.5, 165.00, 166.50, 589, otc]
[6570, 52.5, 51.3, 51.70, 51.60, 205, otc]
[6573, 14.8, 13.75, 14.00, 14.05, 376, tse]
[6574, 54.0, 49.75, 49.75, 52.30, 103, otc]
[6576, 96.4, 94.5, 96.00, 94.50, 1062, otc]
[6577, 128.0, 98.7, 98.90, 116.50, 4266, otc]
[6578, 25.05, 23.3, 23.50, 23.60, 4837, otc]
[6579, 163.0, 148.0, 148.00, 161.50, 1972, tse]
[6581, 92.9, 91.0, 91.20, 92.60, 288, tse]
[6582, 49.0, 48.35, 48.60, 48.45, 354, tse]
[6584, 226.5, 185.5, 200.00, 201.00, 14768, otc]
[6585, 182.0, 167.5, 178.50, 171.50, 2560, tse]
[6588, 35.6, 32.05, 34.00, 32.15, 92, otc]
[6589, 91.7, 88.1, 89.00, 88.40, 3883, otc]
[6590, 103.0, 100.0, 100.50, 102.50, 448, otc]
[6591, 64.6, 58.2, 60.70, 59.40, 8490, tse]
[6592, 125.0, 113.5, 115.00, 121.50, 9397, tse]
[6593, 168.0, 138.5, 138.50, 156.00, 9489, otc]
[6596, 73.6, 59.3, 59.80, 70.90, 12277, otc]
[6598, 22.65, 21.0, 21.95, 21.35, 332, tse]
[6603, 15.65, 15.15, 15.55, 15.20, 1392, otc]
[6605, 178.5, 152.0, 152.50, 174.50, 10879, tse]
[6606, 25.55, 23.45, 23.60, 24.90, 1034, tse]
[6609, 33.1, 32.4, 32.45, 32.65, 390, otc]
[6612, 115.5, 110.0, 112.50, 112.00, 213, otc]
[6613, 195.0, 178.0, 180.00, 186.00, 3247, otc]
[6615, 42.0, 40.3, 41.70, 40.40, 91, otc]
[6616, 17.4, 14.4, 17.35, 14.40, 9957, otc]
[6624, 45.95, 42.85, 44.75, 44.05, 37, otc]
[6625, 97.0, 91.2, 93.60, 95.00, 1069, tse]
[6629, 81.0, 70.0, 76.40, 70.50, 807, otc]
[6640, 315.0, 269.0, 285.50, 293.50, 770, otc]
[6641, 42.15, 40.3, 40.70, 40.30, 110, tse]
[6642, 51.1, 49.9, 51.10, 50.40, 136, otc]
[6643, 1595.0, 1320.0, 1,490.00, 1,320.00, 6458, otc]
[6645, 44.2, 39.05, 43.00, 39.35, 585, tse]
[6649, 29.75, 26.75, 28.00, 26.90, 274, otc]
[6651, 81.7, 76.7, 79.70, 77.90, 760, otc]
[6654, 50.8, 46.75, 50.50, 46.75, 200, otc]
[6655, 117.0, 115.0, 115.00, 116.00, 21, tse]
[6657, 59.7, 55.0, 58.20, 55.20, 631, tse]
[6658, 43.1, 38.7, 43.10, 38.90, 297, tse]
[6661, 23.4, 22.8, 23.40, 22.85, 154, otc]
[6662, 36.9, 35.2, 35.70, 36.70, 86, otc]
[6664, 162.5, 154.0, 156.50, 155.50, 1734, otc]
[6666, 62.6, 61.1, 62.60, 61.80, 89, tse]
[6667, 165.0, 147.5, 147.50, 148.50, 16011, otc]
[6668, 55.7, 51.2, 53.30, 53.00, 8273, tse]
[6669, 2530.0, 2190.0, 2,490.00, 2,200.00, 14697, tse]
[6670, 235.0, 222.0, 222.50, 235.00, 2211, tse]
[6671, 44.8, 40.7, 40.70, 43.50, 758, tse]
[6672, 93.7, 87.9, 89.90, 88.40, 1958, tse]
[6674, 25.65, 24.0, 24.95, 24.05, 57, tse]
[6679, 494.5, 421.0, 435.00, 473.00, 5655, otc]
[6680, 84.2, 82.1, 83.80, 82.30, 24, otc]
[6683, 316.0, 290.0, 291.00, 294.50, 2772, otc]
[6684, 97.6, 84.0, 94.50, 84.70, 11134, otc]
[6689, 119.0, 113.5, 115.00, 114.00, 1779, tse]
[6690, 186.5, 180.0, 180.50, 182.50, 198, otc]
[6691, 395.5, 375.0, 395.50, 383.00, 4188, tse]
[6692, 31.05, 30.1, 30.95, 30.50, 381, otc]
[6693, 74.1, 70.1, 72.00, 71.10, 887, otc]
[6695, 72.8, 65.3, 71.00, 65.40, 14159, tse]
[6697, 55.9, 53.1, 53.70, 53.90, 355, otc]
[6698, 39.05, 34.5, 35.65, 34.50, 4181, tse]
[6703, 300.0, 284.0, 299.00, 294.00, 1858, otc]
[6706, 58.8, 53.6, 57.30, 53.90, 2026, tse]
[6708, 46.75, 43.5, 45.85, 43.90, 144, otc]
[6712, 210.0, 202.0, 209.00, 205.00, 2713, otc]
[6715, 201.5, 176.5, 196.00, 176.50, 3047, tse]
[6716, 115.5, 104.5, 111.00, 107.00, 751, otc]
[6719, 287.0, 269.5, 282.00, 270.00, 4210, tse]
[6721, 52.4, 50.6, 50.60, 51.60, 56, otc]
[6727, 57.7, 55.5, 55.70, 57.00, 241, otc]
[6728, 139.5, 136.5, 138.00, 136.50, 74, otc]
[6732, 428.0, 396.5, 416.50, 402.50, 3064, otc]
[6733, 39.5, 37.75, 37.75, 38.00, 987, otc]
[6735, 124.5, 91.0, 107.00, 91.30, 7593, otc]
[6741, 96.4, 92.7, 92.70, 94.80, 908, otc]
[6742, 85.8, 74.4, 77.50, 76.70, 7700, tse]
[6743, 50.7, 45.6, 49.50, 45.90, 2080, tse]
[6747, 192.0, 180.5, 181.00, 186.50, 147, otc]
[6751, 79.5, 74.8, 78.10, 74.90, 112, otc]
[6752, 130.0, 123.0, 123.00, 129.50, 301, otc]
[6753, 83.7, 80.0, 81.20, 80.30, 1557, tse]
[6754, 61.3, 56.3, 59.00, 59.40, 785, tse]
[6756, 228.0, 211.5, 226.00, 215.00, 2365, tse]
[6757, 33.0, 30.95, 30.95, 32.40, 3318, tse]
[6761, 88.8, 75.1, 76.10, 81.50, 2761, otc]
[6762, 257.0, 254.0, 255.50, 254.00, 21, otc]
[6763, 427.0, 409.0, 413.00, 419.00, 64, otc]
[6767, 38.3, 35.9, 35.90, 38.30, 250, otc]
[6768, 76.2, 73.4, 73.50, 73.90, 2016, tse]
[6770, 27.5, 26.3, 27.05, 26.30, 74579, tse]
[6776, 68.9, 65.0, 66.60, 65.90, 2768, tse]
[6781, 798.0, 688.0, 710.00, 702.00, 3889, tse]
[6782, 267.0, 251.0, 259.00, 254.00, 6820, tse]
[6785, 330.0, 293.5, 306.00, 318.00, 5102, otc]
[6788, 142.0, 131.5, 140.50, 132.50, 1639, otc]
[6789, 304.5, 278.0, 292.00, 283.00, 12029, tse]
[6790, 48.75, 43.65, 44.00, 47.70, 4506, tse]
[6791, 90.3, 87.0, 87.90, 87.90, 124, otc]
[6792, 88.7, 85.0, 86.00, 85.10, 454, tse]
[6796, 95.5, 90.4, 94.40, 91.40, 574, tse]
[6799, 194.5, 173.0, 191.00, 176.00, 6690, tse]
[6803, 313.0, 302.5, 304.00, 308.00, 201, otc]
[6804, 53.5, 51.0, 51.70, 51.30, 1206, otc]
[6805, 905.0, 782.0, 800.00, 892.00, 7350, tse]
[6806, 148.0, 136.0, 145.50, 138.00, 46624, tse]
[6807, 41.0, 37.75, 37.75, 39.40, 694, tse]
[6811, 311.5, 284.0, 297.00, 293.50, 1654, otc]
[6821, 44.9, 43.1, 44.00, 44.80, 150, otc]
[6823, 83.4, 76.8, 81.00, 82.00, 637, otc]
[6829, 127.5, 110.5, 124.50, 111.00, 3170, otc]
[6830, 151.0, 141.0, 150.00, 142.50, 1662, tse]
[6834, 24.95, 24.25, 24.50, 24.25, 163, tse]
[6835, 51.6, 48.1, 50.10, 48.55, 2257, tse]
[6840, 74.5, 70.2, 70.50, 74.00, 45, otc]
[6841, 92.6, 87.9, 91.50, 89.10, 1711, otc]
[6843, 56.6, 54.7, 56.30, 55.10, 138, otc]
[6844, 198.0, 185.0, 195.00, 187.50, 632, otc]
[6846, 81.1, 79.1, 80.00, 80.90, 212, otc]
[6854, 93.4, 89.8, 89.90, 91.00, 453, tse]
[6855, 137.5, 121.0, 125.00, 122.00, 579, otc]
[6856, 68.3, 68.0, 68.20, 68.10, 94, otc]
[6859, 133.0, 121.5, 127.50, 125.50, 255, otc]
[6861, 83.3, 80.0, 83.30, 80.50, 299, tse]
[6863, 179.0, 145.5, 160.00, 147.00, 7370, tse]
[6865, 62.2, 59.1, 59.10, 60.50, 69, otc]
[6869, 129.5, 119.5, 124.00, 127.00, 1985, tse]
[6870, 133.0, 127.5, 131.00, 130.00, 148, otc]
[6873, 165.0, 145.0, 154.00, 157.50, 4071, tse]
[6874, 128.0, 112.5, 113.00, 121.00, 551, otc]
[6877, 35.9, 33.1, 35.30, 33.75, 288, otc]
[6894, 244.5, 210.0, 238.00, 214.50, 1037, otc]
[6895, 107.0, 103.5, 105.00, 103.50, 285, otc]
[6901, 43.95, 42.55, 43.50, 42.65, 3845, tse]
[6902, 153.5, 149.0, 150.00, 152.00, 29, tse]
[6904, 212.5, 206.0, 211.50, 208.50, 75, otc]
[6906, 175.0, 166.0, 168.00, 168.50, 417, tse]
[6916, 28.65, 28.0, 28.20, 28.30, 443, tse]
[6922, 123.5, 115.0, 118.50, 117.00, 282, otc]
[6933, 328.0, 268.0, 272.00, 327.00, 7868, tse]
[6937, 214.5, 202.0, 202.00, 203.00, 928, tse]
[6949, 105.0, 91.8, 103.00, 91.80, 1637, tse]
[7402, 109.5, 87.7, 109.00, 88.10, 10760, otc]
[7556, 137.5, 127.5, 135.00, 130.00, 184, otc]
[8011, 35.55, 28.0, 29.30, 28.00, 154494, tse]
[8016, 297.0, 278.0, 283.00, 282.00, 9113, tse]
[8021, 28.55, 27.45, 28.05, 27.60, 1672, tse]
[8024, 21.9, 20.7, 21.55, 20.80, 563, otc]
[8027, 100.5, 89.1, 93.90, 89.50, 15102, otc]
[8028, 52.9, 50.5, 51.70, 50.90, 4601, tse]
[8032, 30.65, 28.85, 30.10, 29.00, 327, otc]
[8033, 53.3, 50.6, 51.60, 50.80, 3681, tse]
[8034, 29.4, 27.25, 27.50, 27.40, 13184, otc]
[8038, 31.7, 29.1, 30.20, 29.40, 1202, otc]
[8039, 46.35, 45.05, 45.05, 45.75, 1557, tse]
[8040, 95.7, 70.5, 70.60, 82.10, 128705, otc]
[8042, 36.3, 35.55, 35.80, 35.70, 268, otc]
[8043, 26.2, 23.85, 26.00, 23.90, 852, otc]
[8044, 36.0, 34.15, 35.35, 34.15, 3833, otc]
[8046, 210.5, 200.5, 205.00, 202.00, 10214, tse]
[8047, 15.75, 13.15, 15.20, 13.55, 2140, otc]
[8048, 72.1, 67.0, 67.50, 69.10, 2603, otc]
[8049, 41.85, 40.8, 41.00, 41.15, 4625, otc]
[8050, 87.7, 84.0, 85.40, 84.00, 8373, otc]
[8054, 141.0, 121.0, 132.00, 126.50, 54177, otc]
[8059, 39.3, 32.7, 33.00, 34.15, 27242, otc]
[8064, 31.65, 26.6, 26.60, 27.75, 39921, otc]
[8066, 30.35, 29.7, 30.00, 30.00, 176, otc]
[8067, 19.35, 16.2, 18.90, 16.20, 166, otc]
[8068, 36.8, 33.75, 36.30, 33.80, 2326, otc]
[8069, 240.5, 218.5, 220.00, 234.00, 33188, otc]
[8070, 38.8, 37.45, 37.80, 38.30, 10433, tse]
[8071, 15.05, 14.35, 14.80, 14.40, 800, otc]
[8072, 29.0, 27.25, 27.30, 27.45, 978, tse]
[8074, 21.0, 20.15, 20.50, 20.80, 646, otc]
[8076, 30.65, 29.0, 29.70, 29.05, 3558, otc]
[8077, 56.4, 48.0, 48.00, 53.50, 211, otc]
[8080, 19.5, 17.55, 18.50, 18.00, 461, otc]
[8081, 269.0, 250.5, 255.50, 267.00, 3400, tse]
[8083, 168.5, 161.5, 162.50, 167.50, 471, otc]
[8084, 91.9, 83.0, 91.80, 85.50, 841, otc]
[8085, 75.1, 68.6, 69.50, 72.00, 21076, otc]
[8086, 160.5, 146.5, 147.00, 153.50, 30844, otc]
[8087, 64.0, 56.7, 56.70, 58.80, 2769, otc]
[8088, 44.3, 42.05, 42.35, 43.65, 4017, otc]
[8089, 82.7, 64.8, 69.80, 64.80, 20488, otc]
[8091, 121.5, 113.0, 115.00, 115.00, 3122, otc]
[8092, 27.05, 23.35, 24.80, 25.85, 6230, otc]
[8093, 16.75, 15.65, 16.10, 15.75, 526, otc]
[8096, 28.3, 24.6, 25.00, 26.25, 113359, otc]
[8097, 67.0, 61.0, 61.40, 63.90, 3551, otc]
[8099, 72.0, 60.1, 60.60, 67.20, 5949, otc]
[8101, 4.17, 3.94, 3.96, 4.01, 123, tse]
[8103, 44.6, 41.25, 43.40, 41.30, 2295, tse]
[8104, 35.25, 33.6, 34.50, 34.00, 1029, tse]
[8105, 15.0, 14.0, 14.40, 14.00, 36272, tse]
[8107, 17.1, 15.9, 16.50, 16.10, 1082, otc]
[8109, 102.5, 96.5, 97.80, 101.00, 1724, otc]
[8110, 17.5, 16.05, 16.50, 16.05, 20138, tse]
[8111, 20.6, 19.8, 20.10, 20.20, 2123, otc]
[8112, 71.3, 66.8, 66.80, 68.10, 83063, tse]
[8114, 121.5, 116.0, 116.00, 116.00, 1534, tse]
[8121, 25.6, 24.35, 24.80, 24.85, 1028, otc]
[8131, 37.05, 35.6, 36.05, 35.60, 2891, tse]
[8147, 139.0, 110.5, 119.00, 112.00, 9024, otc]
[8150, 48.8, 46.55, 47.05, 47.65, 25643, tse]
[8155, 139.5, 131.5, 136.00, 133.00, 2030, otc]
[8162, 48.55, 43.0, 43.00, 44.35, 1420, tse]
[8163, 61.6, 59.1, 60.00, 60.00, 10499, tse]
[8171, 41.8, 39.4, 39.40, 40.20, 2184, otc]
[8176, 14.7, 13.6, 14.40, 13.90, 1672, otc]
[8182, 35.8, 34.0, 34.00, 34.65, 1282, otc]
[8183, 48.6, 46.6, 46.60, 47.20, 1551, otc]
[8201, 18.75, 17.2, 18.10, 17.30, 1109, tse]
[8210, 269.0, 238.0, 253.50, 239.50, 17404, tse]
[8213, 42.0, 41.15, 41.40, 41.50, 2972, tse]
[8215, 34.55, 33.65, 33.70, 33.90, 4292, tse]
[8222, 45.0, 42.7, 43.05, 42.95, 2640, tse]
[8227, 300.0, 251.0, 293.00, 263.50, 2184, otc]
[8234, 45.65, 42.45, 44.20, 42.95, 1304, otc]
[8240, 34.8, 33.7, 33.85, 34.50, 423, otc]
[8249, 31.45, 29.1, 29.90, 29.10, 1012, tse]
[8255, 176.0, 167.5, 172.00, 169.00, 2762, otc]
[8261, 87.5, 83.6, 84.30, 84.20, 2669, tse]
[8271, 70.4, 66.5, 67.70, 67.00, 7343, tse]
[8277, 12.0, 11.65, 11.90, 11.70, 1198, otc]
[8279, 159.0, 154.0, 154.00, 156.50, 103, otc]
[8284, 63.8, 62.5, 63.20, 62.70, 150, otc]
[8289, 36.4, 34.55, 35.95, 34.80, 1499, otc]
[8291, 6.61, 6.53, 6.60, 6.58, 11, otc]
[8299, 627.0, 574.0, 617.00, 587.00, 16978, otc]
[8341, 104.5, 100.0, 100.50, 100.00, 1416, tse]
[8342, 69.7, 68.2, 69.50, 68.30, 59, otc]
[8349, 64.1, 60.8, 61.50, 63.90, 2093, otc]
[8354, 16.1, 15.2, 15.50, 15.25, 506, otc]
[8358, 58.5, 56.4, 56.60, 57.20, 5052, otc]
[8367, 43.35, 42.45, 42.70, 42.70, 580, tse]
[8374, 29.85, 28.75, 28.75, 29.05, 173, tse]
[8383, 39.95, 39.2, 39.30, 39.50, 957, otc]
[8390, 54.0, 51.1, 53.80, 51.80, 4194, otc]
[8401, 25.45, 23.75, 24.00, 24.60, 3448, otc]
[8403, 32.3, 31.25, 31.45, 31.45, 1059, otc]
[8404, 18.9, 18.2, 18.60, 18.20, 1594, tse]
[8409, 24.3, 22.0, 24.10, 22.90, 450, otc]
[8410, 70.6, 63.9, 68.30, 64.20, 1366, otc]
[8411, 14.4, 13.85, 14.35, 14.00, 604, tse]
[8415, 33.75, 33.3, 33.75, 33.55, 1077, otc]
[8416, 147.5, 146.0, 147.00, 147.00, 76, otc]
[8420, 57.6, 54.5, 55.10, 56.40, 272, otc]
[8421, 14.3, 13.7, 14.20, 13.70, 334, otc]
[8422, 181.0, 178.5, 179.00, 179.50, 705, tse]
[8423, 28.3, 25.6, 26.85, 25.70, 559, otc]
[8424, 70.0, 68.3, 68.70, 69.70, 107, otc]
[8426, 78.8, 65.4, 72.10, 65.40, 5861, otc]
[8429, 10.2, 9.77, 10.10, 9.85, 1912, tse]
[8431, 59.3, 56.3, 57.30, 57.00, 948, otc]
[8432, 58.5, 54.6, 55.50, 54.60, 805, otc]
[8433, 95.0, 91.9, 92.40, 94.00, 926, otc]
[8435, 71.8, 71.1, 71.20, 71.80, 397, otc]
[8436, 155.5, 147.0, 148.00, 152.50, 1655, otc]
[8437, 33.1, 32.25, 32.80, 32.80, 147, otc]
[8438, 27.15, 26.35, 26.35, 26.70, 174, tse]
[8440, 39.0, 37.0, 37.00, 38.40, 663, otc]
[8442, 123.0, 117.5, 117.50, 117.50, 869, tse]
[8443, 12.6, 11.7, 11.75, 11.80, 4559, tse]
[8444, 39.0, 36.3, 36.85, 36.70, 214, otc]
[8446, 111.5, 105.0, 110.50, 107.00, 1844, otc]
[8450, 24.15, 22.85, 23.90, 22.95, 265, otc]
[8454, 412.5, 400.0, 403.00, 400.50, 3576, tse]
[8455, 20.9, 20.45, 20.60, 20.80, 17, otc]
[8462, 126.0, 106.0, 106.00, 121.50, 2750, tse]
[8463, 25.2, 24.55, 24.70, 24.55, 469, tse]
[8464, 384.0, 354.0, 373.00, 361.50, 2644, tse]
[8466, 47.45, 45.1, 46.05, 45.70, 161, tse]
[8467, 196.0, 169.0, 179.00, 187.00, 3587, tse]
[8472, 32.7, 29.0, 29.80, 29.05, 62, otc]
[8473, 40.95, 37.95, 38.00, 38.50, 2627, tse]
[8476, 66.4, 62.1, 63.30, 62.10, 1410, tse]
[8477, 19.3, 17.95, 18.85, 18.00, 386, otc]
[8478, 391.5, 377.0, 384.00, 380.50, 2831, tse]
[8481, 53.2, 50.0, 53.20, 51.20, 279, tse]
[8482, 68.1, 65.0, 67.10, 65.10, 68, tse]
[8488, 17.45, 15.75, 15.85, 16.30, 1653, tse]
[8489, 30.85, 26.9, 29.80, 26.95, 1287, otc]
[8499, 117.0, 114.0, 117.00, 116.00, 177, tse]
[8905, 31.2, 30.35, 30.40, 30.90, 643, otc]
[8906, 17.2, 16.6, 16.70, 16.70, 126, otc]
[8908, 58.9, 55.2, 55.70, 58.70, 378, otc]
[8916, 60.5, 57.1, 57.70, 59.70, 3242, otc]
[8917, 62.7, 59.3, 60.50, 59.30, 241, otc]
[8921, 14.25, 13.95, 14.00, 14.00, 9, otc]
[8923, 23.1, 20.8, 20.80, 21.45, 163, otc]
[8924, 91.3, 89.1, 90.00, 89.20, 690, otc]
[8926, 50.0, 45.2, 45.30, 45.90, 83364, tse]
[8927, 58.0, 55.3, 55.90, 55.40, 3096, otc]
[8928, 29.95, 28.95, 29.50, 28.95, 246, otc]
[8929, 20.15, 19.75, 20.10, 20.10, 82, otc]
[8930, 41.55, 39.8, 40.00, 41.15, 5593, otc]
[8931, 58.0, 52.6, 54.30, 53.20, 1670, otc]
[8932, 123.5, 99.4, 112.50, 113.00, 7143, otc]
[8933, 11.45, 10.0, 11.20, 10.15, 11989, otc]
[8935, 11.6, 11.3, 11.45, 11.40, 300, otc]
[8936, 70.3, 64.3, 64.90, 66.20, 54098, otc]
[8937, 21.85, 20.95, 20.95, 21.35, 342, otc]
[8938, 74.0, 71.3, 72.70, 71.60, 1305, otc]
[8940, 27.0, 24.6, 25.90, 25.35, 1112, tse]
[8941, 81.0, 66.4, 67.90, 77.10, 941, otc]
[8942, 75.3, 74.1, 74.50, 74.30, 2418, otc]
[8996, 333.0, 280.0, 284.00, 297.50, 57748, tse]
[9103, 7.6, 7.21, 7.24, 7.25, 19519, tse]
[9105, 3.73, 3.6, 3.60, 3.65, 40952, tse]
[9110, 8.7, 7.21, 8.30, 7.70, 906, tse]
[9136, 6.57, 6.43, 6.52, 6.54, 771, tse]
[9802, 128.0, 121.5, 122.00, 124.50, 3621, tse]
[9902, 18.65, 14.4, 16.30, 16.90, 54064, tse]
[9904, 33.2, 30.45, 30.45, 33.05, 113660, tse]
[9905, 24.0, 23.85, 23.95, 23.90, 1030, tse]
[9906, 73.5, 70.3, 70.80, 70.70, 1476, tse]
[9907, 14.7, 14.0, 14.50, 14.05, 15511, tse]
[9908, 32.6, 32.3, 32.55, 32.40, 3684, tse]
[9910, 167.5, 159.5, 160.50, 166.50, 11738, tse]
[9911, 80.5, 74.0, 74.00, 80.10, 2287, tse]
[9912, 12.75, 11.4, 11.85, 11.40, 1119, tse]
[9914, 220.5, 201.0, 216.00, 206.00, 9300, tse]
[9917, 123.0, 119.0, 120.50, 121.50, 5179, tse]
[9918, 40.7, 40.15, 40.20, 40.25, 43, tse]
[9919, 23.15, 21.75, 22.55, 21.90, 7529, tse]
[9921, 223.0, 205.0, 215.50, 209.00, 13734, tse]
[9924, 54.8, 52.1, 53.00, 53.10, 3580, tse]
[9925, 40.75, 40.3, 40.45, 40.65, 1575, tse]
[9926, 55.3, 54.6, 55.00, 54.90, 30, tse]
[9927, 76.8, 71.4, 71.80, 76.60, 4057, tse]
[9928, 18.5, 17.6, 17.60, 17.80, 395, tse]
[9929, 16.5, 15.15, 15.95, 15.25, 278, tse]
[9930, 60.3, 59.2, 59.60, 59.80, 750, tse]
[9931, 41.7, 37.3, 41.50, 37.85, 292, tse]
[9933, 45.7, 43.95, 45.00, 44.35, 19756, tse]
[9934, 17.05, 15.8, 15.80, 16.20, 17255, tse]
[9935, 23.4, 20.85, 21.50, 20.95, 2835, tse]
[9937, 68.7, 67.2, 68.00, 67.20, 131, tse]
[9938, 57.9, 54.1, 54.20, 56.20, 4326, tse]
[9939, 146.5, 142.0, 143.50, 143.00, 4603, tse]
[9940, 29.8, 29.2, 29.30, 29.45, 1629, tse]
[9941, 153.0, 141.5, 144.50, 149.50, 13678, tse]
[9942, 139.0, 132.0, 135.00, 133.50, 2052, tse]
[9943, 93.4, 84.0, 91.10, 87.60, 4383, tse]
[9944, 20.3, 19.9, 20.20, 20.00, 719, tse]
[9945, 37.15, 34.95, 35.65, 35.00, 50891, tse]
[9946, 25.3, 22.6, 24.90, 22.95, 4342, tse]
[9949, 18.05, 17.2, 17.55, 17.90, 88, otc]
[9950, 22.15, 19.2, 20.30, 19.20, 5524, otc]
[9951, 73.2, 71.1, 71.70, 72.10, 694, otc]
[9955, 26.1, 23.2, 25.55, 23.45, 3519, tse]
[9958, 258.5, 223.0, 233.00, 225.00, 29211, tse]
[9960, 27.2, 26.85, 27.10, 26.85, 205, otc]
[9962, 17.65, 17.2, 17.20, 17.35, 1752, otc]
