[1101, 31.95, 30.8, 31.95, 31.15, 111881, tse]
[1102, 41.7, 40.5, 41.15, 41.25, 25832, tse]
[1103, 17.25, 17.0, 17.20, 17.10, 1717, tse]
[1104, 32.8, 31.7, 31.90, 31.80, 10083, tse]
[1108, 16.0, 15.1, 15.75, 15.75, 8008, tse]
[1109, 19.15, 18.55, 18.70, 18.95, 3214, tse]
[1110, 18.0, 17.45, 17.80, 17.95, 454, tse]
[1201, 19.1, 18.65, 19.10, 18.70, 2779, tse]
[1203, 53.6, 49.95, 49.95, 51.60, 168, tse]
[1210, 58.8, 56.0, 56.80, 57.60, 13126, tse]
[1213, 7.3, 7.03, 7.10, 7.25, 609, tse]
[1215, 106.0, 101.5, 103.00, 105.00, 3436, tse]
[1216, 77.7, 74.9, 77.00, 75.40, 57431, tse]
[1217, 11.9, 11.55, 11.65, 11.75, 5793, tse]
[1218, 22.85, 21.05, 21.85, 22.25, 14764, tse]
[1219, 18.7, 18.45, 18.70, 18.45, 1937, tse]
[1220, 15.05, 14.5, 14.50, 14.90, 4303, tse]
[1225, 55.8, 54.2, 55.50, 55.50, 224, tse]
[1227, 37.6, 37.25, 37.45, 37.60, 2077, tse]
[1229, 68.2, 66.6, 68.00, 67.80, 5481, tse]
[1231, 98.4, 94.8, 96.20, 94.90, 1862, tse]
[1232, 145.0, 143.5, 144.00, 144.50, 319, tse]
[1233, 34.0, 33.6, 33.65, 33.70, 44, tse]
[1234, 41.35, 40.6, 41.15, 40.80, 904, tse]
[1235, 83.2, 80.5, 83.20, 80.50, 129, tse]
[1236, 23.75, 23.35, 23.75, 23.45, 108, tse]
[1240, 51.7, 50.5, 51.00, 51.30, 213, otc]
[1256, 238.0, 228.0, 238.00, 233.00, 87, tse]
[1259, 75.3, 74.2, 74.60, 75.00, 53, otc]
[1264, 308.5, 306.0, 307.50, 306.50, 33, otc]
[1268, 154.5, 152.0, 153.50, 154.50, 454, otc]
[1301, 68.9, 66.4, 68.80, 67.00, 46265, tse]
[1303, 55.7, 53.1, 55.20, 54.80, 46466, tse]
[1304, 16.8, 16.0, 16.75, 16.20, 12124, tse]
[1305, 18.8, 18.05, 18.55, 18.25, 8237, tse]
[1307, 29.35, 27.5, 28.50, 27.85, 5906, tse]
[1308, 19.9, 19.3, 19.75, 19.50, 5413, tse]
[1309, 15.65, 15.0, 15.30, 15.25, 3116, tse]
[1310, 14.1, 13.3, 13.75, 13.75, 4413, tse]
[1312, 13.5, 12.95, 13.35, 13.45, 10432, tse]
[1313, 13.5, 13.0, 13.20, 13.20, 10695, tse]
[1314, 9.45, 9.14, 9.14, 9.41, 50415, tse]
[1315, 72.4, 71.3, 72.20, 72.10, 249, tse]
[1316, 20.95, 19.05, 20.20, 19.40, 80390, tse]
[1319, 127.5, 115.0, 115.00, 118.00, 74094, tse]
[1321, 35.75, 34.3, 35.75, 34.60, 1217, tse]
[1323, 31.2, 30.9, 30.95, 31.00, 177, tse]
[1324, 16.15, 14.95, 15.65, 15.05, 1020, tse]
[1325, 31.15, 29.25, 31.15, 29.50, 3308, tse]
[1326, 55.6, 53.5, 55.60, 54.60, 24867, tse]
[1336, 20.95, 20.15, 20.95, 20.35, 502, otc]
[1337, 7.24, 7.06, 7.10, 7.10, 1813, tse]
[1338, 35.8, 34.9, 35.50, 35.05, 578, tse]
[1339, 74.0, 66.8, 67.00, 70.00, 3849, tse]
[1340, 10.35, 9.93, 10.35, 10.05, 1374, tse]
[1341, 65.0, 64.1, 64.10, 64.80, 86, tse]
[1342, 140.5, 131.0, 137.00, 134.00, 4540, tse]
[1402, 32.9, 31.7, 32.90, 32.50, 30275, tse]
[1409, 16.2, 15.7, 16.20, 15.80, 13640, tse]
[1410, 36.65, 35.5, 36.45, 35.75, 564, tse]
[1413, 9.18, 8.63, 9.01, 9.07, 249, tse]
[1414, 19.5, 18.1, 18.60, 19.20, 1616, tse]
[1416, 12.65, 11.85, 12.50, 12.00, 8068, tse]
[1417, 11.5, 11.1, 11.50, 11.30, 2317, tse]
[1418, 33.0, 31.15, 31.15, 31.60, 322, tse]
[1419, 45.7, 44.7, 45.10, 45.25, 443, tse]
[1423, 31.4, 30.9, 30.95, 31.05, 272, tse]
[1432, 19.8, 18.9, 19.50, 19.45, 3469, tse]
[1434, 22.5, 22.0, 22.50, 22.10, 7063, tse]
[1435, 50.0, 48.5, 49.90, 49.95, 29, tse]
[1436, 110.0, 97.4, 97.50, 108.00, 1411, tse]
[1437, 31.9, 31.1, 31.10, 31.65, 933, tse]
[1438, 44.6, 42.45, 43.45, 44.30, 687, tse]
[1439, 28.0, 24.65, 24.70, 26.10, 759, tse]
[1440, 15.3, 14.9, 15.20, 15.25, 6672, tse]
[1441, 13.6, 13.3, 13.60, 13.35, 89, tse]
[1442, 43.5, 39.75, 39.75, 43.35, 9727, tse]
[1443, 28.55, 28.3, 28.40, 28.35, 89, tse]
[1444, 9.81, 9.06, 9.81, 9.27, 12709, tse]
[1445, 22.15, 20.9, 21.10, 21.30, 5151, tse]
[1446, 34.05, 33.05, 33.70, 33.50, 840, tse]
[1447, 8.25, 7.81, 8.25, 8.01, 8289, tse]
[1449, 19.45, 18.6, 18.90, 19.20, 2377, tse]
[1451, 19.2, 18.85, 18.95, 19.20, 501, tse]
[1452, 16.6, 16.2, 16.20, 16.25, 621, tse]
[1453, 15.1, 14.6, 14.75, 14.70, 806, tse]
[1454, 16.5, 15.35, 16.00, 15.95, 214, tse]
[1455, 15.3, 14.1, 14.75, 14.50, 20377, tse]
[1456, 20.3, 19.0, 19.95, 19.00, 1055, tse]
[1457, 21.6, 19.75, 19.85, 20.80, 7308, tse]
[1459, 9.61, 9.35, 9.60, 9.35, 544, tse]
[1460, 8.39, 7.45, 7.75, 8.30, 12560, tse]
[1463, 18.45, 17.4, 17.55, 18.10, 3493, tse]
[1464, 13.05, 12.85, 13.05, 12.90, 1355, tse]
[1465, 15.25, 14.9, 15.10, 15.10, 970, tse]
[1466, 14.55, 13.05, 13.25, 13.35, 3110, tse]
[1467, 11.25, 10.85, 11.05, 10.90, 8428, tse]
[1468, 14.75, 13.15, 14.75, 13.60, 316, tse]
[1470, 21.1, 20.0, 20.25, 20.90, 386, tse]
[1471, 17.05, 16.4, 16.95, 16.55, 4630, tse]
[1472, 80.8, 70.5, 70.50, 76.30, 769, tse]
[1473, 32.35, 30.8, 30.80, 31.45, 3486, tse]
[1474, 12.2, 11.8, 12.05, 12.05, 704, tse]
[1475, 50.2, 45.8, 50.00, 48.05, 830, tse]
[1476, 575.0, 531.0, 575.00, 541.00, 4557, tse]
[1477, 412.0, 386.0, 397.00, 400.00, 8807, tse]
[1503, 280.0, 201.0, 205.50, 274.00, 221536, tse]
[1504, 59.6, 51.3, 51.40, 55.90, 214008, tse]
[1506, 16.25, 15.85, 16.00, 16.05, 732, tse]
[1512, 11.7, 10.5, 10.50, 11.20, 248, tse]
[1513, 187.5, 168.0, 170.00, 177.50, 286387, tse]
[1514, 116.0, 105.5, 107.00, 112.50, 133324, tse]
[1515, 52.4, 48.2, 49.85, 51.20, 7045, tse]
[1516, 16.65, 16.3, 16.45, 16.45, 218, tse]
[1517, 16.95, 15.95, 16.50, 16.35, 4665, tse]
[1519, 716.0, 641.0, 662.00, 714.00, 19175, tse]
[1521, 41.5, 39.0, 40.80, 39.75, 527, tse]
[1522, 51.5, 46.7, 47.10, 49.80, 42881, tse]
[1524, 37.5, 35.3, 35.45, 35.65, 41509, tse]
[1525, 74.5, 72.0, 72.00, 74.20, 197, tse]
[1526, 34.8, 31.7, 32.30, 33.35, 1511, tse]
[1527, 41.95, 41.3, 41.40, 41.45, 1587, tse]
[1528, 13.2, 12.55, 12.80, 12.80, 5693, tse]
[1529, 35.35, 33.6, 34.25, 35.15, 14073, tse]
[1530, 32.2, 31.6, 32.10, 31.95, 221, tse]
[1531, 13.6, 13.3, 13.50, 13.35, 459, tse]
[1532, 37.1, 35.6, 36.10, 36.45, 9367, tse]
[1533, 49.35, 47.55, 49.00, 48.40, 806, tse]
[1535, 74.6, 68.6, 69.50, 72.50, 3192, tse]
[1536, 52.7, 51.0, 51.30, 51.60, 3562, tse]
[1537, 140.5, 138.0, 140.50, 139.50, 684, tse]
[1538, 21.45, 19.05, 20.90, 19.50, 164, tse]
[1539, 25.05, 24.4, 25.00, 24.55, 864, tse]
[1540, 18.8, 18.3, 18.35, 18.70, 2996, tse]
[1541, 31.7, 30.7, 31.45, 31.30, 165, tse]
[1558, 100.0, 97.5, 99.80, 98.10, 838, tse]
[1560, 259.0, 242.0, 245.00, 245.00, 13709, tse]
[1565, 192.5, 187.0, 188.00, 189.50, 701, otc]
[1568, 31.45, 30.4, 30.40, 31.15, 2155, tse]
[1569, 24.8, 24.3, 24.50, 24.60, 740, otc]
[1570, 33.2, 28.25, 28.25, 32.90, 7724, otc]
[1580, 163.0, 155.0, 163.00, 158.00, 564, otc]
[1582, 93.0, 86.1, 90.00, 88.50, 22268, tse]
[1583, 77.4, 75.3, 76.90, 75.80, 124, tse]
[1584, 35.2, 33.3, 33.75, 34.85, 8218, otc]
[1586, 32.4, 31.8, 32.15, 32.15, 343, otc]
[1587, 28.8, 24.95, 25.20, 27.25, 13571, tse]
[1589, 52.5, 50.4, 51.10, 51.90, 5729, tse]
[1590, 1090.0, 1045.0, 1,060.00, 1,090.00, 2007, tse]
[1591, 62.7, 60.0, 60.50, 60.60, 1588, otc]
[1593, 49.35, 47.35, 49.35, 48.05, 128, otc]
[1595, 36.8, 35.8, 36.00, 36.65, 145, otc]
[1597, 76.0, 67.6, 67.70, 75.00, 4773, tse]
[1598, 31.2, 30.0, 30.25, 30.80, 772, tse]
[1599, 33.0, 31.15, 33.00, 32.70, 509, otc]
[1603, 38.9, 36.7, 37.70, 38.70, 9305, tse]
[1604, 29.75, 29.35, 29.35, 29.60, 2673, tse]
[1605, 38.0, 36.15, 37.10, 37.55, 107433, tse]
[1608, 26.7, 25.0, 26.05, 26.20, 64779, tse]
[1609, 42.45, 37.35, 38.40, 42.45, 219515, tse]
[1611, 17.0, 16.05, 16.35, 16.90, 4168, tse]
[1612, 30.2, 27.7, 28.05, 29.40, 27253, tse]
[1614, 38.8, 38.3, 38.55, 38.35, 250, tse]
[1615, 59.4, 52.7, 54.60, 58.90, 6883, tse]
[1616, 18.85, 15.2, 16.35, 18.85, 37686, tse]
[1617, 16.7, 16.15, 16.55, 16.40, 522, tse]
[1618, 37.5, 33.65, 34.15, 36.65, 49343, tse]
[1626, 16.4, 15.9, 16.25, 16.25, 604, tse]
[1701, 22.8, 22.45, 22.70, 22.65, 3765, tse]
[1702, 59.4, 55.1, 56.00, 58.20, 5905, tse]
[1707, 158.0, 153.5, 154.50, 157.50, 1678, tse]
[1708, 31.25, 30.25, 30.50, 30.80, 2741, tse]
[1709, 20.2, 19.35, 20.20, 19.45, 4504, tse]
[1710, 18.2, 17.8, 18.15, 18.05, 5445, tse]
[1711, 19.7, 19.2, 19.25, 19.50, 4272, tse]
[1712, 39.85, 38.65, 38.95, 38.65, 6811, tse]
[1713, 42.8, 42.2, 42.50, 42.40, 301, tse]
[1714, 9.15, 9.03, 9.08, 9.07, 9674, tse]
[1717, 31.25, 30.65, 31.00, 31.05, 6787, tse]
[1718, 7.42, 7.22, 7.30, 7.27, 11334, tse]
[1720, 66.4, 64.4, 64.90, 65.90, 1974, tse]
[1721, 14.7, 14.15, 14.40, 14.55, 4154, tse]
[1722, 64.9, 63.4, 64.50, 63.60, 12099, tse]
[1723, 128.5, 116.0, 117.00, 118.50, 12167, tse]
[1725, 31.8, 27.0, 29.85, 27.20, 3340, tse]
[1726, 77.6, 77.0, 77.10, 77.30, 149, tse]
[1727, 29.0, 27.95, 27.95, 28.10, 1731, tse]
[1730, 56.8, 56.4, 56.60, 56.40, 176, tse]
[1731, 26.9, 25.5, 25.65, 25.75, 3575, tse]
[1732, 28.5, 27.15, 28.50, 27.35, 992, tse]
[1733, 34.6, 31.65, 31.75, 34.00, 8083, tse]
[1734, 36.6, 33.85, 35.60, 34.85, 8701, tse]
[1735, 17.15, 16.85, 16.95, 16.85, 67, tse]
[1736, 73.4, 68.5, 71.50, 68.80, 2376, tse]
[1737, 34.0, 33.55, 33.60, 33.65, 1280, tse]
[1742, 17.0, 15.95, 15.95, 16.80, 700, otc]
[1752, 46.7, 45.6, 46.25, 46.70, 1088, tse]
[1760, 105.5, 101.5, 102.00, 105.00, 1704, tse]
[1762, 50.8, 48.75, 49.55, 49.45, 1588, tse]
[1773, 189.0, 174.5, 176.50, 180.00, 10039, tse]
[1776, 17.35, 17.15, 17.30, 17.15, 140, tse]
[1777, 84.1, 82.5, 82.80, 83.10, 91, otc]
[1781, 16.0, 14.95, 15.10, 15.60, 602, otc]
[1783, 45.6, 44.6, 45.00, 45.00, 695, tse]
[1784, 67.0, 61.4, 61.40, 64.20, 2584, otc]
[1785, 51.9, 43.8, 44.00, 49.00, 109030, otc]
[1786, 91.3, 88.2, 88.90, 90.50, 1483, tse]
[1788, 140.0, 139.0, 139.00, 139.50, 129, otc]
[1789, 26.9, 25.35, 26.15, 26.50, 7888, tse]
[1795, 291.5, 268.5, 272.50, 288.50, 19882, tse]
[1796, 57.6, 53.6, 56.80, 54.20, 258, otc]
[1799, 64.8, 58.1, 58.60, 64.30, 931, otc]
[1802, 17.55, 16.95, 17.05, 17.40, 13188, tse]
[1805, 19.1, 17.15, 17.90, 17.55, 1943, tse]
[1806, 10.75, 10.4, 10.65, 10.65, 5008, tse]
[1808, 126.5, 113.5, 121.00, 125.50, 14953, tse]
[1809, 28.9, 25.0, 27.20, 26.55, 41670, tse]
[1810, 16.85, 16.0, 16.75, 16.80, 3309, tse]
[1813, 19.8, 19.35, 19.65, 19.55, 119, otc]
[1815, 17.9, 16.85, 17.50, 17.50, 50148, otc]
[1817, 38.85, 37.5, 37.80, 37.85, 492, tse]
[1903, 54.2, 52.5, 52.80, 53.30, 815, tse]
[1904, 29.25, 28.7, 28.80, 29.10, 3819, tse]
[1905, 23.2, 22.2, 22.55, 22.95, 10876, tse]
[1906, 15.45, 15.1, 15.20, 15.40, 898, tse]
[1907, 30.6, 29.65, 30.10, 30.40, 6988, tse]
[1909, 14.45, 14.1, 14.15, 14.45, 6091, tse]
[2002, 24.0, 23.5, 23.85, 23.95, 102947, tse]
[2006, 78.3, 68.2, 77.50, 68.50, 30691, tse]
[2007, 10.25, 10.0, 10.20, 10.15, 2360, tse]
[2008, 22.4, 22.1, 22.40, 22.10, 156, tse]
[2009, 40.3, 34.0, 38.00, 34.10, 45753, tse]
[2010, 18.95, 18.25, 18.40, 18.65, 7299, tse]
[2012, 23.35, 22.7, 22.80, 22.90, 191, tse]
[2013, 63.0, 58.6, 59.30, 60.00, 1524, tse]
[2014, 22.4, 22.0, 22.25, 22.20, 14668, tse]
[2015, 72.2, 69.7, 72.00, 70.50, 1521, tse]
[2017, 14.35, 13.85, 14.35, 14.05, 2638, tse]
[2020, 38.95, 36.6, 36.60, 37.90, 12468, tse]
[2022, 11.05, 10.4, 10.80, 10.70, 4410, tse]
[2023, 15.55, 15.0, 15.00, 15.50, 9454, tse]
[2024, 22.4, 21.45, 21.60, 21.75, 368, tse]
[2025, 11.6, 9.98, 11.60, 10.45, 19368, tse]
[2027, 38.05, 35.7, 36.15, 37.10, 47579, tse]
[2028, 26.7, 25.0, 26.10, 25.65, 1550, tse]
[2029, 28.45, 27.65, 28.30, 28.20, 1980, tse]
[2030, 18.5, 18.1, 18.40, 18.25, 1735, tse]
[2031, 65.9, 61.8, 62.90, 63.90, 20032, tse]
[2032, 16.1, 15.65, 16.10, 15.85, 636, tse]
[2033, 16.3, 15.7, 16.00, 15.95, 587, tse]
[2034, 24.95, 24.5, 24.90, 24.85, 3072, tse]
[2035, 31.95, 31.25, 31.30, 31.95, 85, otc]
[2038, 18.75, 18.0, 18.75, 18.40, 1749, tse]
[2049, 260.0, 236.5, 238.00, 248.00, 15514, tse]
[2059, 1350.0, 1215.0, 1,215.00, 1,320.00, 8221, tse]
[2061, 16.0, 14.9, 15.40, 15.90, 378, otc]
[2062, 28.2, 27.15, 27.70, 27.30, 1991, tse]
[2063, 54.7, 53.5, 53.70, 54.00, 263, otc]
[2064, 15.8, 15.15, 15.50, 15.20, 167, otc]
[2065, 65.9, 62.3, 65.30, 63.60, 1027, otc]
[2066, 101.0, 97.4, 99.50, 98.00, 1396, otc]
[2067, 13.05, 12.0, 12.20, 12.85, 97, otc]
[2069, 16.25, 15.95, 16.00, 16.05, 623, tse]
[2070, 40.55, 34.55, 35.10, 36.60, 4370, otc]
[2073, 30.95, 29.7, 30.00, 30.00, 75, otc]
[2101, 39.35, 38.55, 38.85, 39.00, 8307, tse]
[2102, 18.45, 18.0, 18.35, 18.20, 1195, tse]
[2103, 23.45, 22.65, 22.65, 23.10, 6619, tse]
[2104, 17.35, 16.75, 17.30, 17.00, 10890, tse]
[2105, 50.5, 47.65, 48.50, 48.10, 40191, tse]
[2106, 31.25, 30.7, 30.85, 31.25, 4939, tse]
[2107, 24.35, 24.05, 24.20, 24.05, 1804, tse]
[2108, 34.25, 33.2, 33.50, 34.05, 1821, tse]
[2109, 17.8, 16.45, 16.45, 17.30, 6926, tse]
[2114, 108.0, 105.0, 105.50, 107.00, 345, tse]
[2115, 30.15, 29.65, 29.80, 29.80, 638, tse]
[2201, 69.9, 67.5, 68.30, 68.30, 18457, tse]
[2204, 137.0, 127.0, 127.00, 129.00, 17289, tse]
[2206, 79.3, 73.8, 74.00, 76.80, 36612, tse]
[2207, 656.0, 630.0, 655.00, 644.00, 1601, tse]
[2208, 19.4, 17.9, 17.90, 19.05, 67824, tse]
[2211, 128.5, 118.0, 119.50, 124.00, 11616, tse]
[2221, 34.1, 33.3, 33.50, 34.00, 124, otc]
[2227, 141.5, 130.0, 136.50, 134.50, 1041, tse]
[2228, 99.9, 97.2, 98.10, 98.60, 2263, tse]
[2230, 177.5, 155.5, 156.00, 177.50, 4613, otc]
[2231, 121.0, 114.0, 115.50, 118.00, 2007, tse]
[2233, 138.0, 132.5, 135.50, 133.50, 1267, tse]
[2235, 46.8, 45.4, 45.70, 45.80, 78, otc]
[2236, 87.8, 70.7, 71.90, 81.50, 24349, tse]
[2239, 60.2, 58.3, 59.90, 58.50, 325, tse]
[2241, 40.9, 34.95, 39.40, 38.00, 14041, tse]
[2243, 15.7, 14.8, 15.25, 15.40, 3396, tse]
[2247, 317.0, 312.0, 314.00, 315.50, 467, tse]
[2250, 120.0, 98.6, 99.20, 117.00, 2450, tse]
[2254, 94.7, 85.0, 92.10, 87.70, 1465, tse]
[2258, 45.65, 44.25, 45.65, 44.30, 986, tse]
[2301, 126.0, 110.5, 112.00, 121.50, 229334, tse]
[2302, 17.95, 17.4, 17.95, 17.65, 2079, tse]
[2303, 54.3, 51.0, 51.50, 52.40, 500379, tse]
[2305, 25.8, 23.95, 24.45, 24.10, 4093, tse]
[2308, 365.0, 303.0, 304.00, 358.00, 144029, tse]
[2312, 15.45, 14.75, 14.90, 15.30, 21056, tse]
[2313, 82.6, 77.6, 78.10, 79.50, 138146, tse]
[2314, 34.25, 32.1, 33.30, 33.80, 6085, tse]
[2316, 44.55, 39.45, 39.45, 40.65, 31975, tse]
[2317, 148.5, 130.0, 133.00, 145.50, 1048861, tse]
[2321, 16.95, 15.35, 16.50, 16.20, 39, tse]
[2323, 12.95, 11.75, 11.75, 12.65, 189180, tse]
[2324, 39.4, 36.65, 37.05, 38.65, 156033, tse]
[2327, 589.0, 571.0, 586.00, 588.00, 12272, tse]
[2328, 34.55, 33.2, 34.25, 34.25, 18110, tse]
[2329, 71.2, 65.2, 65.50, 68.70, 162184, tse]
[2330, 789.0, 752.0, 754.00, 785.00, 207260, tse]
[2331, 30.45, 29.2, 29.40, 30.30, 11320, tse]
[2332, 18.9, 18.4, 18.55, 18.70, 10583, tse]
[2337, 27.85, 26.4, 26.70, 27.45, 45670, tse]
[2338, 68.6, 67.5, 67.70, 68.40, 3427, tse]
[2340, 40.2, 38.55, 38.95, 40.10, 6151, tse]
[2342, 33.9, 32.35, 33.10, 32.55, 2344, tse]
[2344, 28.15, 26.05, 26.50, 27.50, 208762, tse]
[2345, 484.0, 437.5, 458.00, 481.00, 31086, tse]
[2347, 81.0, 76.8, 80.20, 78.40, 37407, tse]
[2348, 139.0, 121.0, 125.00, 132.50, 7899, tse]
[2349, 7.93, 7.72, 7.80, 7.82, 4879, tse]
[2351, 100.0, 95.8, 97.00, 98.60, 2356, tse]
[2352, 45.15, 41.8, 42.75, 44.45, 132695, tse]
[2353, 48.5, 45.05, 45.90, 45.95, 233944, tse]
[2354, 60.4, 54.1, 56.50, 59.00, 204093, tse]
[2355, 47.95, 45.3, 45.70, 47.30, 25119, tse]
[2356, 61.8, 53.5, 54.30, 61.10, 548640, tse]
[2357, 436.5, 401.0, 429.00, 421.50, 32801, tse]
[2358, 5.84, 4.27, 5.84, 4.95, 12880, tse]
[2359, 59.6, 39.85, 40.20, 59.60, 45398, tse]
[2360, 270.0, 252.5, 254.50, 260.50, 11381, tse]
[2362, 43.4, 37.2, 38.50, 41.90, 41394, tse]
[2363, 40.4, 38.45, 39.30, 40.20, 39328, tse]
[2364, 92.3, 89.1, 90.40, 90.30, 737, tse]
[2365, 20.8, 19.5, 20.25, 20.05, 24771, tse]
[2367, 27.45, 23.85, 24.25, 27.15, 295759, tse]
[2368, 250.0, 226.5, 239.00, 247.50, 45873, tse]
[2369, 25.75, 24.15, 24.15, 25.35, 42260, tse]
[2371, 49.8, 47.0, 47.45, 49.10, 111581, tse]
[2373, 74.2, 72.8, 73.00, 72.90, 1033, tse]
[2374, 27.85, 24.2, 24.60, 26.50, 45316, tse]
[2375, 61.0, 59.3, 60.60, 59.90, 1747, tse]
[2376, 314.5, 287.0, 312.50, 303.00, 113459, tse]
[2377, 174.5, 166.5, 172.00, 171.00, 23263, tse]
[2379, 603.0, 570.0, 580.00, 591.00, 24664, tse]
[2380, 6.77, 6.3, 6.64, 6.51, 710, tse]
[2382, 267.5, 248.0, 265.00, 257.50, 223372, tse]
[2383, 440.0, 402.0, 416.00, 427.50, 49953, tse]
[2385, 267.0, 230.5, 240.00, 232.50, 80989, tse]
[2387, 66.5, 59.8, 60.60, 65.80, 13122, tse]
[2388, 124.0, 118.0, 121.50, 122.50, 25706, tse]
[2390, 13.4, 13.0, 13.30, 13.20, 2688, tse]
[2392, 45.35, 43.8, 44.25, 45.00, 9807, tse]
[2393, 54.7, 52.8, 53.20, 54.10, 13504, tse]
[2395, 402.0, 384.0, 393.00, 400.00, 4483, tse]
[2397, 66.5, 64.5, 66.00, 66.20, 265, tse]
[2399, 23.5, 22.8, 23.30, 23.10, 6351, tse]
[2401, 29.1, 28.45, 28.80, 28.80, 13366, tse]
[2402, 34.2, 33.15, 33.35, 34.10, 10722, tse]
[2404, 448.5, 353.0, 353.00, 380.50, 23185, tse]
[2405, 21.2, 18.15, 18.20, 19.00, 103446, tse]
[2406, 20.25, 17.4, 18.50, 19.65, 39903, tse]
[2408, 71.5, 61.4, 63.90, 69.60, 193819, tse]
[2409, 18.5, 17.7, 18.20, 18.40, 143183, tse]
[2412, 124.0, 122.0, 122.50, 124.00, 45882, tse]
[2413, 28.35, 25.9, 26.05, 27.15, 2185, tse]
[2414, 36.0, 35.35, 35.50, 35.90, 941, tse]
[2415, 29.35, 27.7, 28.10, 29.35, 779, tse]
[2417, 50.7, 44.1, 46.30, 50.70, 10038, tse]
[2419, 33.85, 31.3, 31.95, 33.50, 8624, tse]
[2420, 54.7, 52.3, 52.40, 54.10, 2419, tse]
[2421, 124.5, 117.0, 118.00, 120.50, 33488, tse]
[2423, 41.5, 40.6, 40.65, 41.05, 1567, tse]
[2424, 29.75, 28.85, 29.50, 29.75, 73, tse]
[2425, 44.85, 43.1, 43.45, 43.80, 4118, tse]
[2426, 18.35, 17.75, 18.00, 18.20, 2935, tse]
[2427, 23.9, 23.05, 23.50, 23.60, 3079, tse]
[2428, 175.0, 164.5, 165.00, 173.50, 2094, tse]
[2429, 21.0, 20.15, 20.30, 20.15, 199, tse]
[2430, 40.7, 37.6, 40.50, 37.75, 3146, tse]
[2431, 13.05, 12.5, 13.00, 12.80, 3483, tse]
[2432, 40.9, 38.1, 40.90, 38.40, 57, tse]
[2433, 53.3, 52.6, 52.60, 53.00, 258, tse]
[2434, 32.6, 31.0, 31.70, 31.30, 120, tse]
[2436, 66.5, 62.6, 63.00, 64.90, 5639, tse]
[2438, 23.6, 22.45, 22.50, 23.05, 1071, tse]
[2439, 122.0, 115.0, 116.00, 120.50, 12202, tse]
[2440, 13.4, 12.85, 13.40, 13.20, 1380, tse]
[2441, 65.5, 62.3, 62.90, 63.90, 6065, tse]
[2442, 27.7, 26.15, 27.50, 27.15, 9494, tse]
[2443, 5.0, 4.47, 4.65, 4.86, 2249, tse]
[2444, 12.1, 11.4, 12.10, 11.75, 2517, tse]
[2449, 116.0, 105.0, 110.50, 109.50, 160086, tse]
[2450, 39.9, 38.7, 38.90, 39.25, 1255, tse]
[2451, 90.6, 84.8, 85.90, 88.70, 8152, tse]
[2453, 66.0, 57.4, 58.80, 64.30, 35963, tse]
[2454, 1180.0, 1110.0, 1,135.00, 1,125.00, 34428, tse]
[2455, 184.5, 169.0, 174.50, 184.00, 17540, tse]
[2457, 55.5, 52.9, 55.40, 54.30, 14824, tse]
[2458, 173.0, 163.5, 165.50, 169.00, 12791, tse]
[2459, 71.9, 67.9, 67.90, 70.40, 829, tse]
[2460, 36.15, 33.3, 35.65, 33.65, 5886, tse]
[2461, 24.8, 22.8, 22.80, 24.65, 11499, tse]
[2462, 37.1, 36.0, 36.65, 36.85, 1864, tse]
[2464, 45.85, 38.9, 39.00, 45.85, 61513, tse]
[2465, 137.0, 116.0, 124.50, 117.50, 16208, tse]
[2466, 38.2, 36.2, 37.45, 37.90, 135, tse]
[2467, 136.0, 109.5, 110.00, 125.50, 26628, tse]
[2468, 28.9, 27.95, 28.50, 28.80, 1440, tse]
[2471, 64.5, 59.4, 62.00, 61.30, 11413, tse]
[2472, 73.5, 67.6, 67.70, 72.20, 8618, tse]
[2474, 225.5, 209.0, 213.00, 214.00, 21916, tse]
[2476, 77.4, 71.6, 72.40, 76.20, 11230, tse]
[2477, 20.1, 19.9, 20.00, 19.95, 265, tse]
[2478, 46.35, 45.55, 46.00, 46.35, 542, tse]
[2480, 132.0, 128.0, 129.00, 130.00, 948, tse]
[2481, 58.0, 56.1, 57.30, 57.70, 7191, tse]
[2482, 38.9, 34.5, 35.00, 36.90, 9380, tse]
[2483, 23.0, 22.6, 22.75, 22.75, 640, tse]
[2484, 35.65, 33.6, 33.70, 35.15, 4599, tse]
[2485, 22.2, 20.8, 21.20, 21.80, 7911, tse]
[2486, 61.7, 53.5, 56.00, 59.30, 278010, tse]
[2488, 46.25, 43.8, 44.20, 45.30, 3739, tse]
[2489, 14.05, 13.45, 14.05, 13.90, 12649, tse]
[2491, 15.35, 14.55, 14.95, 15.05, 350, tse]
[2492, 111.0, 106.5, 107.50, 109.50, 11686, tse]
[2493, 93.3, 88.5, 88.50, 91.50, 2610, tse]
[2495, 22.65, 21.7, 22.00, 22.60, 5039, tse]
[2496, 74.8, 69.0, 69.20, 72.30, 1042, tse]
[2497, 55.5, 53.4, 54.00, 55.20, 1414, tse]
[2498, 47.45, 45.15, 45.20, 47.45, 16730, tse]
[2501, 21.0, 20.25, 20.60, 20.70, 17871, tse]
[2504, 37.35, 36.1, 36.30, 36.85, 23921, tse]
[2505, 26.8, 22.55, 23.00, 26.20, 12132, tse]
[2506, 9.78, 9.5, 9.65, 9.72, 2881, tse]
[2509, 18.2, 17.4, 18.15, 17.40, 1302, tse]
[2511, 10.4, 10.05, 10.05, 10.30, 16519, tse]
[2514, 15.6, 15.3, 15.60, 15.30, 2559, tse]
[2515, 13.5, 12.3, 12.35, 13.15, 131113, tse]
[2516, 11.85, 11.3, 11.70, 11.55, 5201, tse]
[2520, 39.35, 38.25, 38.55, 38.65, 9182, tse]
[2524, 40.6, 37.0, 39.05, 39.75, 5125, tse]
[2527, 38.45, 33.8, 35.05, 37.20, 9620, tse]
[2528, 42.85, 40.25, 42.30, 42.00, 3420, tse]
[2530, 44.3, 39.7, 43.50, 40.40, 11181, tse]
[2534, 21.25, 20.7, 20.85, 21.10, 3204, tse]
[2535, 54.8, 51.2, 51.60, 54.10, 2753, tse]
[2536, 29.6, 28.75, 29.00, 29.50, 721, tse]
[2537, 10.05, 9.36, 9.55, 9.95, 6533, tse]
[2538, 15.6, 15.05, 15.50, 15.35, 4055, tse]
[2539, 69.7, 66.2, 69.40, 69.00, 6103, tse]
[2540, 96.3, 91.0, 94.30, 92.80, 2708, tse]
[2542, 39.25, 38.3, 39.20, 38.80, 22133, tse]
[2543, 45.95, 41.85, 44.80, 42.50, 18777, tse]
[2545, 44.0, 42.7, 42.75, 43.80, 1515, tse]
[2546, 86.3, 84.5, 85.00, 85.10, 541, tse]
[2547, 9.56, 9.28, 9.47, 9.52, 9211, tse]
[2548, 118.5, 107.0, 107.00, 116.50, 13079, tse]
[2596, 31.75, 30.5, 30.70, 31.40, 920, otc]
[2597, 155.0, 147.0, 149.50, 150.00, 3293, tse]
[2601, 7.98, 7.8, 7.91, 7.86, 9429, tse]
[2603, 186.0, 161.0, 167.00, 170.00, 322194, tse]
[2605, 25.85, 24.3, 24.55, 25.10, 21361, tse]
[2606, 56.2, 52.1, 52.90, 54.30, 33626, tse]
[2607, 31.75, 31.05, 31.60, 31.45, 9417, tse]
[2608, 39.0, 38.2, 38.85, 38.65, 1506, tse]
[2609, 46.55, 44.85, 45.70, 45.15, 127919, tse]
[2610, 19.4, 19.05, 19.35, 19.35, 82102, tse]
[2611, 25.7, 23.55, 24.70, 24.20, 64178, tse]
[2612, 47.4, 44.9, 45.20, 45.30, 3209, tse]
[2613, 22.2, 21.5, 22.05, 21.65, 579, tse]
[2614, 20.3, 19.6, 19.90, 20.00, 3899, tse]
[2615, 46.3, 44.4, 45.95, 45.30, 37928, tse]
[2616, 27.8, 26.95, 27.80, 27.00, 2927, tse]
[2617, 35.65, 34.4, 35.00, 34.85, 6916, tse]
[2618, 31.5, 31.0, 31.40, 31.35, 209082, tse]
[2630, 36.2, 32.55, 32.90, 35.60, 10070, tse]
[2633, 30.3, 29.7, 30.10, 29.95, 18267, tse]
[2634, 50.9, 47.3, 47.75, 50.30, 34590, tse]
[2636, 99.5, 91.3, 92.50, 97.60, 10739, tse]
[2637, 62.3, 57.6, 59.50, 61.80, 26969, tse]
[2640, 121.5, 117.5, 120.00, 118.00, 793, otc]
[2641, 21.35, 19.55, 19.75, 20.65, 19775, otc]
[2642, 38.2, 37.7, 38.20, 37.85, 447, tse]
[2643, 74.7, 71.6, 72.30, 73.70, 466, otc]
[2645, 108.0, 104.5, 106.00, 107.50, 4975, tse]
[2701, 12.5, 12.35, 12.50, 12.40, 938, tse]
[2702, 19.4, 18.7, 19.00, 18.90, 962, tse]
[2704, 52.5, 48.9, 49.10, 52.40, 2186, tse]
[2705, 17.25, 16.8, 17.10, 17.10, 1472, tse]
[2706, 15.0, 14.8, 15.00, 14.90, 818, tse]
[2707, 229.5, 221.0, 223.00, 228.00, 2158, tse]
[2712, 32.2, 31.65, 32.05, 32.00, 75, tse]
[2718, 83.5, 76.3, 80.00, 82.60, 186, otc]
[2719, 61.0, 55.0, 59.00, 55.00, 304, otc]
[2722, 51.3, 49.45, 51.30, 50.40, 485, tse]
[2723, 93.3, 87.7, 88.40, 92.70, 4333, tse]
[2724, 19.85, 15.8, 15.80, 18.10, 458, otc]
[2726, 25.9, 25.2, 25.80, 25.60, 48, otc]
[2727, 245.0, 240.5, 240.50, 242.00, 2284, tse]
[2729, 244.0, 238.0, 243.00, 238.50, 796, otc]
[2731, 138.0, 132.0, 134.50, 137.00, 8664, tse]
[2732, 135.5, 130.0, 133.50, 130.50, 941, otc]
[2734, 38.45, 37.15, 38.15, 37.55, 572, otc]
[2736, 25.7, 24.8, 25.70, 24.85, 735, otc]
[2739, 54.3, 51.2, 52.40, 51.20, 2040, tse]
[2740, 39.9, 35.5, 35.50, 36.80, 7, otc]
[2743, 117.5, 112.5, 116.50, 114.50, 1392, otc]
[2745, 80.5, 77.4, 80.30, 78.60, 742, otc]
[2748, 73.5, 71.4, 71.90, 72.60, 1723, tse]
[2752, 268.5, 259.0, 268.00, 266.00, 36, otc]
[2753, 165.5, 163.5, 164.50, 165.00, 793, tse]
[2754, 108.0, 103.5, 103.50, 104.50, 396, otc]
[2755, 97.7, 96.2, 97.70, 96.30, 89, otc]
[2756, 85.0, 82.0, 82.80, 85.00, 99, otc]
[2762, 121.0, 107.5, 114.50, 119.50, 4015, tse]
[2801, 18.5, 17.95, 18.45, 18.25, 70079, tse]
[2809, 52.8, 48.6, 49.20, 52.50, 25219, tse]
[2812, 17.3, 16.75, 17.20, 17.00, 41423, tse]
[2816, 31.05, 28.75, 31.05, 28.90, 7414, tse]
[2820, 15.35, 14.8, 15.25, 15.00, 9804, tse]
[2832, 26.6, 26.2, 26.45, 26.40, 2095, tse]
[2834, 16.15, 15.5, 16.10, 15.75, 263690, tse]
[2836, 11.8, 11.55, 11.55, 11.80, 32717, tse]
[2838, 15.4, 14.95, 15.20, 15.25, 10444, tse]
[2845, 14.35, 14.0, 14.25, 14.20, 37973, tse]
[2849, 14.1, 13.95, 14.05, 14.00, 264, tse]
[2850, 83.5, 81.5, 81.80, 82.30, 3042, tse]
[2851, 24.9, 24.2, 24.30, 24.70, 9464, tse]
[2852, 19.55, 19.2, 19.50, 19.40, 2412, tse]
[2855, 23.8, 22.8, 23.35, 23.55, 19937, tse]
[2867, 4.91, 4.8, 4.91, 4.81, 27799, tse]
[2880, 23.15, 22.5, 23.05, 22.95, 89137, tse]
[2881, 71.4, 69.0, 69.50, 69.60, 87417, tse]
[2882, 49.3, 47.15, 47.70, 48.55, 147732, tse]
[2883, 14.4, 13.8, 14.25, 14.05, 277685, tse]
[2884, 27.25, 26.3, 26.70, 27.10, 163618, tse]
[2885, 30.2, 28.85, 30.00, 29.45, 127874, tse]
[2886, 40.9, 40.0, 40.85, 40.10, 98898, tse]
[2887, 18.2, 17.85, 18.15, 18.05, 77992, tse]
[2888, 8.38, 8.03, 8.38, 8.13, 237641, tse]
[2889, 13.9, 13.5, 13.90, 13.70, 50808, tse]
[2890, 21.45, 20.65, 21.40, 21.15, 89351, tse]
[2891, 32.8, 31.2, 31.60, 31.90, 256585, tse]
[2892, 27.6, 27.2, 27.55, 27.60, 70512, tse]
[2897, 10.15, 9.93, 10.15, 9.97, 41892, tse]
[2901, 27.25, 26.05, 26.85, 26.40, 114, tse]
[2903, 28.8, 26.45, 26.50, 28.20, 33685, tse]
[2904, 18.2, 18.05, 18.10, 18.10, 256, tse]
[2905, 12.5, 12.1, 12.50, 12.35, 4426, tse]
[2906, 19.95, 19.15, 19.55, 19.75, 3527, tse]
[2908, 20.65, 20.35, 20.45, 20.40, 1182, tse]
[2910, 27.65, 26.3, 27.65, 27.05, 244, tse]
[2911, 7.4, 6.76, 7.13, 7.02, 1311, tse]
[2912, 270.0, 266.0, 268.00, 267.50, 5437, tse]
[2913, 20.4, 20.0, 20.20, 20.30, 8598, tse]
[2915, 59.9, 57.6, 59.60, 59.00, 14780, tse]
[2916, 65.2, 59.9, 60.00, 64.00, 1571, otc]
[2923, 25.05, 23.3, 24.95, 24.20, 188, tse]
[2924, 25.6, 23.55, 24.80, 25.60, 20, otc]
[2926, 60.2, 58.0, 60.20, 59.40, 94, otc]
[2929, 10.1, 9.4, 9.88, 9.79, 1623, tse]
[2937, 36.65, 35.0, 35.00, 36.60, 170, otc]
[2939, 28.0, 27.05, 27.05, 27.90, 114, tse]
[2941, 92.0, 80.7, 90.20, 83.40, 720, otc]
[2945, 46.6, 41.8, 41.85, 45.10, 488, tse]
[2947, 80.5, 77.0, 77.00, 80.00, 104, otc]
[2948, 68.0, 66.5, 68.00, 67.70, 92, otc]
[2949, 110.0, 105.5, 109.50, 107.50, 120, otc]
[3002, 14.6, 14.3, 14.55, 14.55, 1254, tse]
[3003, 70.6, 68.2, 68.20, 70.40, 1395, tse]
[3004, 100.0, 96.6, 97.10, 99.70, 1538, tse]
[3005, 161.5, 128.0, 131.00, 145.50, 212164, tse]
[3006, 92.5, 83.9, 84.50, 91.30, 30369, tse]
[3008, 2600.0, 2435.0, 2,515.00, 2,445.00, 3340, tse]
[3010, 113.0, 106.5, 108.00, 111.50, 7366, tse]
[3011, 30.95, 29.0, 29.30, 30.90, 2621, tse]
[3013, 56.4, 49.0, 49.05, 56.20, 21828, tse]
[3014, 184.5, 165.5, 167.50, 176.00, 26124, tse]
[3015, 57.2, 54.9, 56.00, 56.40, 1686, tse]
[3016, 61.3, 56.1, 58.00, 59.10, 6775, tse]
[3017, 631.0, 561.0, 610.00, 589.00, 85809, tse]
[3018, 14.6, 13.45, 14.60, 14.00, 113, tse]
[3019, 65.5, 63.3, 63.50, 64.70, 3633, tse]
[3021, 22.05, 21.2, 22.00, 21.80, 1254, tse]
[3022, 82.8, 78.0, 78.90, 81.40, 4835, tse]
[3023, 279.0, 258.5, 265.00, 278.00, 6004, tse]
[3024, 17.75, 16.9, 17.60, 17.15, 6774, tse]
[3025, 70.6, 66.6, 67.50, 68.10, 11952, tse]
[3026, 96.5, 94.9, 95.50, 96.40, 1204, tse]
[3027, 44.85, 42.1, 42.80, 44.75, 5534, tse]
[3028, 35.85, 34.8, 34.85, 35.55, 2863, tse]
[3029, 79.8, 72.7, 78.50, 73.30, 19335, tse]
[3030, 82.0, 78.5, 78.50, 80.80, 3735, tse]
[3031, 20.35, 18.9, 18.90, 20.05, 2416, tse]
[3032, 78.3, 75.2, 75.90, 77.80, 8314, tse]
[3033, 33.25, 30.5, 30.65, 31.60, 33354, tse]
[3034, 615.0, 584.0, 609.00, 594.00, 34914, tse]
[3035, 360.5, 344.5, 357.00, 351.50, 26661, tse]
[3036, 167.5, 154.5, 155.50, 159.00, 70564, tse]
[3037, 204.0, 174.5, 174.50, 200.00, 170950, tse]
[3038, 33.55, 32.5, 32.55, 33.15, 4208, tse]
[3040, 29.95, 29.7, 29.90, 29.75, 286, tse]
[3041, 25.5, 20.2, 22.05, 24.50, 76226, tse]
[3042, 124.0, 113.0, 114.50, 117.00, 46996, tse]
[3043, 32.35, 29.65, 30.00, 30.70, 1344, tse]
[3044, 221.5, 207.0, 208.00, 218.00, 43207, tse]
[3045, 100.0, 98.5, 99.30, 99.90, 19833, tse]
[3046, 65.2, 63.0, 63.00, 64.30, 1144, tse]
[3047, 15.45, 14.9, 15.15, 15.35, 9718, tse]
[3048, 24.05, 23.3, 23.60, 23.80, 2062, tse]
[3049, 8.43, 8.12, 8.20, 8.36, 11253, tse]
[3050, 24.0, 19.8, 23.00, 21.65, 20822, tse]
[3051, 40.6, 37.0, 37.50, 38.65, 15165, tse]
[3052, 12.75, 12.2, 12.20, 12.50, 3900, tse]
[3054, 20.85, 20.0, 20.30, 20.80, 247, tse]
[3055, 73.2, 68.0, 68.20, 70.60, 11467, tse]
[3056, 28.55, 27.5, 27.90, 27.95, 5916, tse]
[3057, 13.0, 12.3, 12.40, 12.65, 810, tse]
[3058, 23.4, 19.15, 19.60, 23.40, 18307, tse]
[3059, 36.65, 32.95, 33.15, 36.15, 32196, tse]
[3060, 21.6, 20.4, 21.10, 20.75, 2561, tse]
[3062, 23.4, 21.15, 22.10, 23.40, 26196, tse]
[3064, 34.0, 32.9, 32.90, 34.00, 60, otc]
[3066, 23.85, 21.55, 22.35, 21.55, 1239, otc]
[3067, 36.15, 33.55, 33.55, 35.50, 21, otc]
[3071, 39.6, 37.5, 37.80, 38.00, 5714, otc]
[3073, 33.25, 30.0, 31.50, 30.00, 118, otc]
[3078, 82.6, 79.9, 81.20, 81.00, 12501, otc]
[3081, 156.5, 135.5, 144.00, 139.00, 16845, otc]
[3083, 58.0, 48.5, 48.80, 51.80, 18770, otc]
[3085, 11.45, 10.25, 10.75, 10.90, 26, otc]
[3086, 129.5, 116.0, 121.50, 120.50, 1179, otc]
[3088, 95.8, 88.1, 88.30, 91.90, 9575, otc]
[3090, 60.6, 59.3, 59.60, 59.50, 3285, tse]
[3092, 31.95, 30.2, 30.85, 31.25, 1231, tse]
[3093, 30.8, 30.0, 30.05, 30.50, 494, otc]
[3094, 34.05, 33.0, 33.45, 33.80, 2996, tse]
[3095, 31.0, 29.85, 30.30, 30.50, 46, otc]
[3105, 157.0, 145.0, 147.00, 153.50, 16805, otc]
[3114, 27.85, 26.95, 27.20, 27.40, 557, otc]
[3115, 10.9, 10.4, 10.45, 10.45, 38, otc]
[3118, 31.2, 30.9, 30.95, 31.00, 203, otc]
[3122, 41.7, 38.25, 40.85, 38.80, 1849, otc]
[3128, 31.7, 30.4, 31.45, 30.70, 876, otc]
[3130, 228.5, 225.0, 225.50, 226.50, 103, tse]
[3131, 1015.0, 853.0, 853.00, 926.00, 9756, otc]
[3138, 136.0, 127.5, 128.50, 132.50, 1620, tse]
[3141, 79.7, 75.6, 76.60, 78.90, 3116, otc]
[3147, 151.0, 122.0, 123.00, 143.50, 13040, otc]
[3149, 25.5, 23.75, 25.35, 24.10, 2808, tse]
[3152, 249.0, 232.5, 233.00, 233.50, 1337, otc]
[3162, 38.6, 36.55, 37.20, 38.10, 2888, otc]
[3163, 105.0, 100.0, 103.00, 102.50, 26074, otc]
[3164, 22.8, 22.2, 22.65, 22.55, 623, tse]
[3167, 57.9, 54.6, 55.80, 56.70, 1749, tse]
[3169, 137.5, 130.0, 136.50, 133.00, 6811, otc]
[3171, 29.35, 28.5, 28.95, 29.00, 1860, otc]
[3176, 38.4, 37.2, 37.90, 37.40, 1036, otc]
[3178, 118.5, 111.0, 118.50, 114.00, 2738, otc]
[3188, 26.9, 23.85, 23.85, 26.00, 7495, otc]
[3189, 103.5, 92.6, 92.60, 101.50, 34220, tse]
[3191, 22.3, 20.2, 21.40, 20.75, 91, otc]
[3202, 12.65, 12.1, 12.65, 12.30, 1866, otc]
[3205, 43.15, 41.1, 41.65, 42.50, 364, otc]
[3206, 47.5, 46.45, 46.90, 47.15, 1201, otc]
[3207, 146.0, 111.0, 111.00, 132.00, 45767, otc]
[3209, 36.6, 35.6, 35.70, 36.45, 3256, tse]
[3211, 94.5, 90.3, 91.50, 92.80, 10499, otc]
[3213, 92.1, 87.0, 87.80, 90.00, 2425, otc]
[3217, 187.5, 164.0, 164.50, 184.00, 15517, otc]
[3218, 278.5, 266.0, 268.50, 275.50, 2943, otc]
[3219, 41.4, 39.05, 39.30, 41.00, 118, otc]
[3221, 28.4, 27.3, 28.05, 27.95, 3134, otc]
[3224, 36.95, 34.4, 35.45, 36.55, 671, otc]
[3226, 57.3, 55.6, 56.40, 56.20, 60, otc]
[3227, 167.5, 151.0, 152.50, 159.50, 10727, otc]
[3228, 492.0, 430.5, 438.50, 479.00, 5416, otc]
[3229, 16.2, 15.2, 15.75, 15.50, 136, tse]
[3230, 10.4, 10.0, 10.10, 10.05, 729, otc]
[3231, 125.5, 118.5, 120.00, 123.00, 400012, tse]
[3232, 31.85, 29.7, 29.70, 31.20, 1054, otc]
[3234, 40.35, 37.15, 39.00, 38.25, 10128, otc]
[3236, 20.45, 19.8, 20.40, 20.15, 791, otc]
[3252, 21.0, 20.0, 20.00, 20.70, 520, otc]
[3257, 74.9, 70.6, 71.10, 73.00, 2131, tse]
[3259, 26.95, 25.4, 26.90, 25.95, 121, otc]
[3260, 102.0, 95.6, 96.50, 98.70, 41300, otc]
[3264, 88.6, 77.3, 77.30, 81.90, 80226, otc]
[3265, 133.5, 126.0, 127.00, 127.00, 7524, otc]
[3266, 18.45, 17.15, 17.25, 17.95, 1678, tse]
[3268, 28.2, 26.6, 27.75, 26.95, 1101, otc]
[3272, 31.8, 30.75, 31.75, 31.35, 459, otc]
[3276, 20.45, 19.35, 20.15, 19.65, 1750, otc]
[3284, 26.75, 24.25, 24.40, 25.15, 4388, otc]
[3285, 26.7, 25.9, 26.50, 26.00, 109, otc]
[3287, 34.75, 32.7, 34.00, 32.90, 2016, otc]
[3288, 31.5, 28.05, 28.40, 29.40, 172, otc]
[3289, 130.5, 117.0, 119.50, 120.50, 13620, otc]
[3290, 23.5, 23.2, 23.45, 23.30, 1175, otc]
[3293, 1175.0, 1010.0, 1,105.00, 1,025.00, 13810, otc]
[3294, 45.5, 40.3, 45.00, 45.00, 52241, otc]
[3296, 24.05, 21.75, 23.10, 22.55, 4360, tse]
[3297, 19.75, 18.45, 19.00, 18.80, 796, otc]
[3303, 34.0, 32.2, 33.10, 32.85, 1290, otc]
[3305, 66.6, 64.2, 65.50, 65.90, 5328, tse]
[3306, 53.9, 45.0, 45.95, 51.00, 10032, otc]
[3308, 35.6, 28.0, 35.60, 28.20, 6607, tse]
[3310, 104.5, 101.5, 101.50, 104.50, 104, otc]
[3311, 41.3, 40.0, 41.30, 40.65, 638, tse]
[3312, 42.4, 36.7, 37.00, 38.50, 58778, tse]
[3313, 20.2, 18.1, 18.70, 18.10, 3660, otc]
[3317, 53.5, 52.2, 52.30, 53.20, 713, otc]
[3321, 18.1, 16.9, 16.90, 17.65, 2377, tse]
[3322, 28.1, 25.25, 26.25, 26.60, 49747, otc]
[3323, 26.1, 24.55, 26.10, 25.55, 1487, otc]
[3324, 745.0, 652.0, 685.00, 702.00, 50388, otc]
[3325, 39.45, 36.75, 38.85, 37.65, 10342, otc]
[3332, 44.45, 42.9, 44.45, 44.10, 86, otc]
[3338, 69.4, 65.0, 67.80, 65.70, 10344, tse]
[3339, 26.95, 25.4, 25.90, 26.30, 8242, otc]
[3346, 49.5, 47.5, 47.95, 48.00, 4705, tse]
[3349, 24.6, 23.5, 24.30, 23.90, 55, otc]
[3354, 25.5, 22.5, 23.35, 23.90, 4798, otc]
[3356, 54.4, 52.0, 54.10, 52.00, 8950, tse]
[3357, 122.0, 112.5, 114.00, 118.50, 1648, otc]
[3360, 17.8, 15.95, 17.55, 16.00, 7347, otc]
[3362, 240.0, 227.0, 233.00, 231.00, 9516, otc]
[3363, 129.5, 109.5, 116.00, 113.00, 22307, otc]
[3372, 21.45, 18.5, 18.50, 19.00, 13993, otc]
[3373, 25.2, 24.25, 24.60, 25.00, 497, otc]
[3374, 131.0, 124.0, 124.00, 128.50, 6920, otc]
[3376, 207.5, 195.5, 202.50, 206.50, 7820, tse]
[3379, 14.95, 14.25, 14.45, 14.65, 375, otc]
[3380, 36.3, 34.9, 34.90, 36.20, 8515, tse]
[3388, 75.2, 73.6, 73.60, 74.40, 436, otc]
[3390, 30.25, 28.7, 29.25, 29.75, 5774, otc]
[3402, 94.4, 88.6, 88.60, 92.10, 3066, otc]
[3406, 483.0, 415.5, 420.00, 482.50, 24584, tse]
[3413, 303.0, 267.0, 273.50, 297.50, 21188, tse]
[3416, 144.0, 131.5, 133.00, 142.00, 1986, tse]
[3419, 16.8, 15.9, 16.30, 16.55, 2258, tse]
[3426, 42.95, 40.3, 40.70, 41.30, 190, otc]
[3430, 49.0, 46.9, 48.35, 47.65, 615, otc]
[3432, 20.45, 19.4, 19.55, 19.75, 320, tse]
[3434, 31.2, 29.8, 30.25, 30.45, 524, otc]
[3437, 30.6, 29.6, 29.90, 30.10, 6930, tse]
[3438, 93.8, 84.6, 85.10, 89.10, 10543, otc]
[3441, 34.9, 33.0, 33.40, 33.95, 553, otc]
[3443, 1375.0, 1280.0, 1,360.00, 1,320.00, 11287, tse]
[3444, 107.0, 100.5, 107.00, 101.00, 2397, otc]
[3447, 35.65, 32.8, 35.65, 32.90, 504, tse]
[3450, 76.8, 68.5, 68.90, 76.00, 42008, tse]
[3454, 147.5, 141.0, 144.00, 145.00, 861, tse]
[3455, 84.5, 79.4, 79.70, 80.90, 2671, otc]
[3465, 68.6, 64.8, 68.50, 65.70, 103, otc]
[3466, 28.9, 26.0, 28.00, 27.45, 3244, otc]
[3479, 126.5, 121.0, 122.00, 123.00, 14536, otc]
[3481, 15.8, 14.4, 14.95, 15.55, 390268, tse]
[3483, 157.0, 145.0, 147.00, 155.50, 12809, otc]
[3484, 47.95, 44.5, 45.10, 47.45, 1520, otc]
[3489, 22.7, 21.2, 21.55, 22.65, 1967, otc]
[3490, 29.0, 25.85, 26.45, 27.85, 2278, otc]
[3491, 164.5, 153.0, 153.00, 161.00, 3417, otc]
[3492, 19.15, 18.75, 18.95, 18.85, 227, otc]
[3494, 6.0, 5.35, 5.63, 5.50, 959, tse]
[3498, 42.35, 32.0, 32.00, 39.65, 24720, otc]
[3499, 22.3, 20.6, 21.80, 21.90, 1947, otc]
[3501, 57.5, 54.7, 55.00, 57.10, 2055, tse]
[3504, 63.0, 58.3, 59.10, 60.80, 2433, tse]
[3508, 29.3, 23.1, 24.00, 26.75, 6294, otc]
[3511, 25.55, 24.45, 25.55, 25.10, 1066, otc]
[3512, 34.15, 33.55, 33.90, 33.90, 2994, otc]
[3515, 279.5, 250.0, 252.50, 268.50, 12341, tse]
[3516, 26.5, 22.55, 24.35, 22.85, 1735, otc]
[3518, 32.6, 30.25, 32.00, 30.25, 1385, tse]
[3520, 18.95, 17.75, 18.10, 18.10, 1884, otc]
[3521, 21.45, 20.3, 20.95, 20.80, 995, otc]
[3522, 19.35, 18.05, 18.50, 18.40, 1277, otc]
[3523, 19.0, 18.0, 18.75, 18.80, 108, otc]
[3526, 218.0, 205.0, 205.50, 216.00, 1838, otc]
[3527, 97.0, 95.5, 95.60, 96.50, 389, otc]
[3528, 49.05, 42.8, 49.05, 45.85, 1349, tse]
[3529, 2775.0, 2440.0, 2,735.00, 2,495.00, 2728, otc]
[3530, 111.5, 104.0, 104.00, 106.50, 2789, tse]
[3531, 32.8, 32.05, 32.30, 32.80, 117, otc]
[3532, 170.5, 159.0, 160.00, 168.00, 8922, tse]
[3533, 1420.0, 1240.0, 1,265.00, 1,405.00, 12128, tse]
[3535, 20.6, 19.8, 20.40, 20.40, 2871, tse]
[3537, 41.45, 40.1, 40.10, 41.00, 1228, otc]
[3540, 54.9, 49.2, 54.00, 49.40, 10000, otc]
[3541, 32.8, 31.0, 32.35, 31.30, 896, otc]
[3543, 23.8, 23.1, 23.25, 23.40, 866, tse]
[3545, 94.2, 88.1, 90.30, 92.70, 17471, tse]
[3546, 83.8, 80.9, 81.70, 82.70, 1381, otc]
[3548, 296.5, 259.5, 286.00, 262.00, 31925, otc]
[3550, 14.85, 14.5, 14.85, 14.70, 779, tse]
[3551, 110.5, 101.0, 101.50, 107.00, 3158, otc]
[3552, 122.5, 119.0, 119.50, 122.50, 1107, otc]
[3555, 27.3, 23.0, 27.30, 23.20, 204, otc]
[3556, 53.3, 51.8, 53.10, 51.80, 664, otc]
[3557, 62.0, 59.3, 59.90, 60.50, 883, tse]
[3558, 235.0, 222.0, 223.00, 223.50, 1637, otc]
[3563, 374.5, 313.0, 315.00, 374.50, 14373, tse]
[3564, 73.5, 65.5, 66.80, 65.50, 12588, otc]
[3567, 45.2, 42.2, 42.45, 44.45, 2626, otc]
[3570, 175.5, 164.5, 166.50, 172.50, 707, otc]
[3576, 11.7, 10.9, 11.65, 11.50, 48335, tse]
[3577, 71.4, 66.1, 68.60, 67.50, 115, otc]
[3580, 52.5, 51.3, 51.60, 51.60, 808, otc]
[3581, 35.1, 31.05, 31.05, 33.80, 12371, otc]
[3583, 298.0, 267.0, 267.50, 287.00, 41001, tse]
[3587, 276.0, 261.0, 261.00, 271.00, 3994, otc]
[3588, 114.5, 102.5, 107.00, 106.00, 12093, tse]
[3591, 25.8, 24.85, 25.20, 25.80, 2326, tse]
[3592, 506.0, 481.0, 487.50, 486.50, 4874, tse]
[3593, 11.65, 11.15, 11.30, 11.40, 143, tse]
[3594, 47.0, 39.0, 39.00, 44.80, 16201, otc]
[3596, 205.5, 185.0, 191.50, 199.00, 21330, tse]
[3597, 25.55, 22.5, 22.50, 25.55, 849, otc]
[3605, 37.3, 35.5, 37.00, 35.80, 2805, tse]
[3607, 17.5, 16.8, 17.05, 17.40, 4762, tse]
[3609, 30.65, 27.35, 27.70, 28.00, 686, otc]
[3611, 243.0, 235.5, 238.50, 238.50, 1075, otc]
[3615, 26.8, 24.65, 25.00, 26.40, 5242, otc]
[3617, 224.5, 212.5, 220.00, 218.00, 6361, tse]
[3622, 63.6, 58.3, 61.40, 63.20, 31443, tse]
[3623, 33.8, 31.2, 32.75, 33.65, 1761, otc]
[3624, 50.5, 49.4, 49.60, 50.50, 1621, otc]
[3625, 14.2, 13.05, 14.20, 13.40, 1079, otc]
[3628, 50.7, 45.55, 48.50, 49.15, 3995, otc]
[3629, 20.75, 19.5, 19.50, 20.00, 23, otc]
[3630, 32.5, 31.3, 31.45, 31.70, 1059, otc]
[3631, 38.8, 36.9, 38.30, 37.40, 647, otc]
[3632, 13.7, 12.6, 13.45, 13.20, 41, otc]
[3645, 41.6, 39.8, 40.75, 40.15, 4354, tse]
[3646, 30.95, 30.4, 30.90, 30.55, 393, otc]
[3652, 29.75, 28.7, 28.70, 29.20, 625, tse]
[3653, 946.0, 839.0, 910.00, 889.00, 7522, tse]
[3661, 3725.0, 3300.0, 3,650.00, 3,450.00, 16523, tse]
[3663, 52.7, 46.8, 49.60, 47.30, 9695, otc]
[3664, 30.3, 28.0, 29.70, 28.70, 941, otc]
[3665, 263.5, 244.0, 247.50, 262.50, 7201, tse]
[3666, 24.8, 23.5, 24.20, 24.05, 640, otc]
[3669, 56.3, 53.2, 53.70, 53.20, 3072, tse]
[3672, 24.3, 20.1, 20.10, 23.25, 1448, otc]
[3673, 35.85, 33.8, 34.00, 35.65, 8692, tse]
[3675, 254.5, 244.0, 245.00, 254.50, 800, otc]
[3679, 114.5, 112.0, 113.00, 113.50, 413, tse]
[3680, 462.0, 404.0, 412.50, 417.50, 8238, otc]
[3684, 42.9, 42.2, 42.50, 42.30, 82, otc]
[3685, 20.3, 19.7, 19.95, 20.00, 426, otc]
[3686, 14.5, 13.55, 13.55, 14.05, 2473, tse]
[3687, 105.5, 97.5, 98.30, 100.50, 1911, otc]
[3689, 78.3, 71.6, 72.90, 77.10, 20047, otc]
[3691, 121.0, 111.0, 111.00, 115.50, 3398, otc]
[3693, 390.0, 360.5, 382.00, 367.00, 4601, otc]
[3694, 57.0, 51.1, 51.90, 54.20, 25606, tse]
[3701, 58.8, 56.5, 57.50, 58.60, 3493, tse]
[3702, 95.4, 88.1, 92.00, 89.20, 78456, tse]
[3703, 29.1, 28.5, 28.80, 28.85, 6609, tse]
[3704, 52.0, 45.65, 47.10, 49.70, 58584, tse]
[3705, 48.25, 47.45, 47.45, 47.60, 1499, tse]
[3706, 59.3, 45.2, 45.60, 54.00, 585243, tse]
[3707, 61.2, 56.9, 59.60, 59.30, 11021, otc]
[3708, 127.5, 103.0, 103.50, 127.50, 27252, tse]
[3709, 27.45, 25.9, 26.20, 26.05, 1536, otc]
[3710, 9.79, 9.54, 9.72, 9.60, 3082, otc]
[3711, 161.0, 153.5, 153.50, 159.00, 78232, tse]
[3712, 43.8, 41.4, 41.70, 43.70, 15708, tse]
[3713, 25.15, 23.1, 23.50, 24.60, 404, otc]
[3714, 40.55, 39.7, 40.00, 40.05, 9619, tse]
[3715, 72.5, 68.0, 70.10, 70.40, 48784, tse]
[4102, 39.8, 37.55, 38.00, 39.65, 1914, otc]
[4104, 94.8, 93.0, 94.10, 94.20, 1440, tse]
[4105, 82.3, 80.9, 81.80, 81.80, 5436, otc]
[4106, 28.25, 27.8, 27.90, 28.00, 536, tse]
[4107, 124.5, 121.0, 122.50, 122.00, 950, otc]
[4108, 20.85, 20.4, 20.80, 20.60, 1563, tse]
[4109, 27.0, 24.15, 24.15, 26.50, 16059, otc]
[4111, 26.1, 25.65, 25.95, 26.10, 422, otc]
[4113, 37.0, 33.2, 35.30, 36.50, 5448, otc]
[4114, 39.25, 38.45, 38.60, 38.95, 5028, otc]
[4116, 57.9, 57.1, 57.40, 57.10, 301, otc]
[4119, 88.6, 86.6, 87.10, 87.60, 1121, tse]
[4120, 42.5, 41.7, 42.25, 41.95, 355, otc]
[4121, 28.0, 25.9, 26.00, 27.90, 4243, otc]
[4123, 43.35, 42.1, 42.85, 43.35, 6409, otc]
[4126, 90.4, 88.7, 88.90, 89.60, 619, otc]
[4127, 24.65, 17.2, 17.20, 24.65, 27251, otc]
[4128, 45.0, 43.0, 44.00, 44.45, 7507, otc]
[4129, 107.0, 97.7, 106.50, 98.30, 10903, otc]
[4130, 25.15, 24.7, 25.10, 24.90, 718, otc]
[4131, 34.5, 31.75, 32.60, 32.70, 105, otc]
[4133, 31.9, 31.4, 31.50, 31.75, 560, tse]
[4137, 195.5, 192.0, 193.50, 194.00, 354, tse]
[4138, 138.0, 129.5, 130.00, 133.50, 1332, otc]
[4139, 33.5, 28.85, 33.50, 29.40, 207, otc]
[4142, 26.95, 26.2, 26.50, 26.35, 3148, tse]
[4147, 92.7, 88.1, 90.40, 88.80, 5236, otc]
[4148, 54.8, 52.3, 54.00, 53.80, 815, tse]
[4153, 39.7, 38.45, 38.60, 38.60, 255, otc]
[4154, 14.8, 14.3, 14.70, 14.40, 140, otc]
[4155, 24.95, 23.9, 24.20, 24.00, 1845, tse]
[4157, 14.9, 14.35, 14.75, 14.90, 4864, otc]
[4160, 43.55, 40.8, 41.00, 42.85, 424, otc]
[4161, 38.5, 37.0, 37.50, 37.10, 626, otc]
[4162, 98.0, 93.2, 93.80, 96.50, 3486, otc]
[4163, 124.0, 121.0, 123.00, 124.00, 365, otc]
[4164, 62.6, 57.6, 57.80, 61.60, 6696, tse]
[4167, 19.15, 18.1, 18.30, 18.95, 5100, otc]
[4168, 26.0, 24.6, 26.00, 24.95, 1195, otc]
[4171, 34.8, 33.5, 34.40, 33.70, 689, otc]
[4173, 22.6, 21.85, 22.05, 22.50, 1051, otc]
[4174, 64.0, 60.5, 60.60, 62.00, 2348, otc]
[4175, 79.5, 76.9, 79.30, 78.30, 443, otc]
[4183, 21.25, 20.15, 21.25, 20.35, 243, otc]
[4188, 28.8, 27.5, 27.70, 27.85, 785, otc]
[4190, 52.5, 49.95, 52.50, 50.70, 562, tse]
[4192, 38.6, 35.0, 36.70, 37.25, 178, otc]
[4198, 30.7, 28.4, 30.60, 28.75, 248, otc]
[4205, 96.2, 95.1, 96.20, 95.40, 189, otc]
[4207, 18.5, 18.1, 18.50, 18.25, 2466, otc]
[4303, 47.45, 42.2, 43.35, 43.60, 33616, otc]
[4304, 8.82, 7.91, 8.66, 8.09, 365, otc]
[4305, 40.9, 40.1, 40.40, 40.30, 127, otc]
[4306, 18.35, 17.65, 17.85, 18.25, 13430, tse]
[4401, 24.5, 23.3, 24.50, 23.70, 707, otc]
[4402, 17.95, 16.9, 17.05, 17.15, 2137, otc]
[4406, 10.25, 9.99, 10.10, 10.10, 104, otc]
[4413, 19.2, 18.3, 18.35, 19.10, 146, otc]
[4414, 3.91, 3.6, 3.70, 3.64, 5775, tse]
[4416, 103.0, 99.6, 100.50, 102.00, 96, otc]
[4417, 39.45, 38.3, 39.00, 39.10, 513, otc]
[4419, 40.0, 39.8, 40.00, 40.00, 45, otc]
[4420, 74.4, 70.1, 70.20, 71.30, 7725, otc]
[4426, 18.0, 17.5, 17.85, 17.95, 751, tse]
[4430, 21.8, 21.3, 21.30, 21.45, 41, otc]
[4432, 26.05, 23.6, 24.95, 26.05, 1246, otc]
[4433, 29.4, 28.75, 29.00, 29.10, 207, otc]
[4438, 112.0, 110.5, 111.00, 110.50, 270, tse]
[4439, 114.5, 106.0, 110.50, 106.50, 241, tse]
[4440, 24.25, 23.5, 24.25, 23.80, 781, tse]
[4442, 23.2, 22.25, 22.25, 22.95, 49, otc]
[4502, 36.5, 36.0, 36.30, 36.50, 146, otc]
[4503, 70.7, 62.6, 65.40, 65.40, 35090, otc]
[4506, 90.4, 86.5, 86.50, 90.00, 477, otc]
[4510, 16.4, 15.3, 15.35, 15.85, 1738, otc]
[4513, 28.4, 23.65, 23.95, 26.75, 13874, otc]
[4523, 58.0, 47.9, 49.55, 55.90, 2528, otc]
[4526, 20.8, 18.95, 19.10, 20.20, 11517, tse]
[4527, 40.8, 39.15, 39.15, 40.45, 438, otc]
[4528, 30.75, 30.1, 30.25, 30.50, 121, otc]
[4529, 15.7, 12.8, 13.20, 15.40, 3281, otc]
[4530, 7.97, 6.81, 7.30, 7.92, 303, otc]
[4532, 24.85, 23.1, 23.25, 24.60, 21988, tse]
[4533, 28.4, 25.05, 25.25, 26.75, 21471, otc]
[4534, 11.25, 10.7, 10.90, 10.70, 976, otc]
[4535, 33.55, 32.9, 33.50, 33.40, 413, otc]
[4536, 199.5, 181.5, 182.00, 189.50, 4272, tse]
[4538, 21.65, 19.9, 20.80, 21.45, 854, otc]
[4540, 35.3, 32.8, 33.10, 34.40, 2333, tse]
[4541, 29.8, 27.9, 28.20, 29.15, 1208, otc]
[4542, 67.2, 61.4, 61.50, 65.00, 1882, otc]
[4543, 51.6, 49.25, 50.10, 50.80, 4500, otc]
[4545, 33.4, 30.7, 31.35, 30.80, 585, tse]
[4549, 95.7, 94.0, 94.80, 94.90, 209, otc]
[4550, 39.85, 38.05, 38.20, 38.45, 963, otc]
[4551, 108.0, 101.5, 103.00, 107.00, 1374, tse]
[4552, 31.15, 30.35, 30.50, 30.85, 1318, tse]
[4554, 32.85, 28.4, 28.55, 30.95, 2356, otc]
[4555, 65.3, 62.9, 62.90, 65.00, 159, tse]
[4556, 40.0, 35.95, 36.40, 38.50, 1464, otc]
[4557, 127.0, 120.0, 121.50, 123.50, 375, tse]
[4558, 25.3, 24.3, 24.30, 24.95, 86, otc]
[4560, 37.6, 36.5, 36.95, 36.75, 421, tse]
[4561, 34.3, 32.8, 32.80, 33.35, 968, otc]
[4562, 16.1, 15.35, 15.70, 15.70, 371, tse]
[4563, 47.75, 43.4, 43.85, 47.20, 2260, otc]
[4564, 23.35, 22.75, 22.90, 23.05, 2299, tse]
[4566, 51.8, 50.7, 51.10, 51.50, 981, tse]
[4568, 57.4, 56.6, 56.90, 57.10, 39, otc]
[4569, 91.5, 88.2, 88.20, 90.30, 110, tse]
[4571, 101.0, 89.1, 92.10, 96.30, 785, tse]
[4572, 166.0, 155.5, 158.00, 164.50, 1853, tse]
[4576, 81.9, 64.7, 65.90, 75.50, 5752, tse]
[4577, 20.4, 19.2, 19.95, 19.95, 269, otc]
[4580, 98.3, 92.4, 93.20, 96.30, 1108, otc]
[4581, 71.5, 68.0, 69.40, 69.60, 1166, tse]
[4583, 272.5, 231.0, 231.00, 243.00, 3991, tse]
[4584, 63.8, 55.1, 55.10, 61.90, 463, otc]
[4588, 112.0, 99.5, 99.50, 103.00, 4605, tse]
[4609, 6.65, 6.01, 6.01, 6.45, 161, otc]
[4702, 13.55, 13.0, 13.45, 13.20, 492, otc]
[4706, 29.9, 28.7, 28.85, 28.85, 84, otc]
[4707, 14.0, 13.65, 13.85, 13.65, 3089, otc]
[4711, 17.2, 16.8, 17.20, 16.85, 146, otc]
[4714, 23.7, 22.2, 22.95, 22.60, 119151, otc]
[4716, 13.45, 12.9, 13.25, 13.05, 1062, otc]
[4720, 15.7, 15.2, 15.55, 15.65, 3085, tse]
[4721, 74.9, 72.5, 74.90, 74.00, 1202, otc]
[4722, 40.3, 37.25, 37.50, 38.50, 761, tse]
[4726, 38.6, 37.2, 37.85, 37.20, 1911, otc]
[4728, 216.0, 205.5, 213.00, 211.00, 365, otc]
[4729, 19.7, 17.4, 17.55, 19.15, 1483, otc]
[4735, 36.55, 35.1, 36.50, 35.50, 381, otc]
[4736, 154.0, 149.0, 152.00, 151.50, 919, tse]
[4737, 71.2, 69.8, 70.70, 69.80, 265, tse]
[4739, 64.7, 60.3, 63.50, 64.70, 1688, tse]
[4741, 36.2, 35.15, 35.15, 35.75, 116, otc]
[4743, 176.5, 164.0, 169.50, 172.50, 8121, otc]
[4744, 24.7, 23.75, 24.05, 24.20, 1280, otc]
[4745, 24.6, 24.15, 24.50, 24.40, 220, otc]
[4746, 103.0, 98.6, 101.50, 100.50, 4487, tse]
[4747, 73.7, 69.9, 71.90, 72.60, 1483, otc]
[4754, 41.45, 40.5, 40.60, 40.55, 141, otc]
[4755, 154.0, 146.0, 148.50, 151.50, 3086, tse]
[4760, 70.8, 69.3, 69.30, 69.60, 152, otc]
[4763, 927.0, 879.0, 900.00, 894.00, 10766, tse]
[4764, 40.45, 37.9, 39.25, 37.90, 167, tse]
[4766, 345.0, 303.0, 322.00, 315.00, 8051, tse]
[4767, 32.0, 31.0, 31.20, 32.00, 136, otc]
[4768, 243.5, 209.0, 209.00, 227.00, 14498, otc]
[4770, 432.0, 390.0, 393.00, 415.00, 4532, tse]
[4771, 384.5, 305.5, 306.00, 380.50, 9091, tse]
[4804, 4.9, 4.41, 4.70, 4.68, 215, otc]
[4806, 11.7, 10.6, 11.05, 11.70, 52, otc]
[4807, 17.75, 17.25, 17.35, 17.25, 98, tse]
[4903, 17.4, 16.8, 17.15, 17.10, 555, otc]
[4904, 79.5, 77.7, 78.60, 79.20, 24036, tse]
[4905, 91.4, 84.7, 89.70, 87.00, 871, otc]
[4906, 35.5, 34.25, 34.35, 35.10, 21991, tse]
[4907, 48.15, 45.85, 46.15, 47.95, 324, otc]
[4908, 109.0, 102.0, 102.50, 107.00, 15762, otc]
[4909, 85.5, 79.0, 79.00, 82.00, 11284, otc]
[4911, 58.0, 56.4, 57.40, 57.00, 145, otc]
[4912, 133.0, 114.0, 115.00, 127.00, 6130, tse]
[4915, 90.5, 79.3, 79.70, 84.50, 50887, tse]
[4916, 32.65, 30.5, 32.20, 32.25, 3538, tse]
[4919, 125.0, 119.0, 120.50, 123.50, 10942, tse]
[4923, 49.7, 46.2, 46.20, 48.00, 655, otc]
[4924, 15.0, 14.0, 14.50, 14.65, 244, otc]
[4927, 41.85, 40.05, 40.45, 41.65, 3446, tse]
[4930, 36.7, 35.2, 35.20, 36.35, 1802, tse]
[4931, 32.3, 29.8, 30.05, 32.10, 1531, otc]
[4933, 59.0, 56.8, 56.80, 58.30, 1540, otc]
[4934, 26.2, 24.15, 25.15, 25.70, 6246, tse]
[4935, 50.4, 49.35, 49.70, 49.95, 491, tse]
[4938, 109.5, 88.5, 88.70, 102.00, 239797, tse]
[4939, 23.1, 21.65, 21.65, 22.65, 2648, otc]
[4942, 46.2, 44.6, 44.90, 45.80, 1533, tse]
[4943, 29.65, 24.0, 25.60, 28.60, 887, tse]
[4945, 125.5, 107.5, 108.50, 120.50, 6449, otc]
[4946, 47.2, 44.9, 47.15, 44.95, 81, otc]
[4951, 77.4, 74.7, 74.90, 76.00, 600, otc]
[4952, 49.2, 48.0, 48.80, 49.05, 724, tse]
[4953, 155.5, 146.5, 151.00, 150.00, 14279, otc]
[4956, 19.0, 18.0, 18.80, 18.20, 3286, tse]
[4958, 116.0, 104.0, 105.50, 115.00, 43597, tse]
[4960, 13.4, 12.35, 12.60, 13.30, 34816, tse]
[4961, 273.0, 256.0, 264.00, 260.00, 25211, tse]
[4966, 1070.0, 965.0, 1,065.00, 980.00, 5942, otc]
[4967, 85.1, 77.3, 77.60, 80.80, 22307, tse]
[4968, 230.0, 212.5, 223.00, 225.00, 15039, tse]
[4971, 65.4, 59.3, 65.40, 60.80, 937, otc]
[4972, 28.6, 28.15, 28.30, 28.45, 122, otc]
[4973, 42.6, 38.7, 39.45, 40.65, 10229, otc]
[4974, 69.3, 68.2, 68.50, 68.30, 832, otc]
[4976, 41.6, 38.75, 39.30, 41.05, 3892, tse]
[4977, 74.9, 72.0, 74.90, 73.50, 3475, tse]
[4979, 150.5, 137.0, 147.50, 139.00, 18112, otc]
[4987, 63.0, 61.1, 61.20, 62.60, 101, otc]
[4989, 24.65, 23.3, 24.00, 23.90, 783, tse]
[4991, 30.25, 28.25, 29.10, 29.30, 295, otc]
[4994, 136.0, 118.0, 125.00, 131.00, 2251, tse]
[4995, 51.4, 49.55, 49.90, 50.90, 471, otc]
[4999, 33.7, 33.15, 33.60, 33.30, 654, tse]
[5007, 58.7, 57.5, 57.50, 58.40, 3660, tse]
[5009, 49.6, 47.75, 47.80, 49.00, 22955, otc]
[5011, 26.7, 25.2, 25.35, 26.05, 7157, otc]
[5013, 34.25, 33.65, 34.20, 34.00, 17, otc]
[5014, 13.1, 12.75, 13.05, 13.05, 1082, otc]
[5015, 45.6, 44.6, 44.75, 45.35, 473, otc]
[5016, 28.2, 27.5, 28.20, 27.85, 47, otc]
[5201, 39.6, 34.45, 34.90, 37.45, 12795, otc]
[5202, 25.5, 23.75, 24.00, 24.65, 5500, otc]
[5203, 88.7, 85.8, 87.50, 87.40, 877, tse]
[5205, 28.6, 27.35, 28.60, 28.40, 30, otc]
[5206, 33.0, 30.0, 30.00, 31.90, 796, otc]
[5209, 198.0, 187.0, 189.50, 197.00, 638, otc]
[5210, 42.5, 40.25, 41.00, 41.00, 1974, otc]
[5211, 23.4, 22.85, 23.25, 22.90, 250, otc]
[5212, 62.0, 59.1, 59.50, 60.60, 168, otc]
[5213, 40.0, 38.2, 38.20, 39.85, 3236, otc]
[5215, 56.7, 50.1, 55.60, 51.60, 2107, tse]
[5220, 27.35, 26.3, 26.35, 26.60, 123, otc]
[5222, 179.0, 169.5, 175.00, 178.00, 5680, tse]
[5223, 39.4, 38.5, 39.25, 39.20, 438, otc]
[5225, 123.5, 111.0, 118.50, 113.50, 11840, tse]
[5227, 41.1, 39.8, 40.50, 40.00, 587, otc]
[5228, 22.85, 22.1, 22.75, 22.85, 38, otc]
[5230, 26.1, 25.3, 25.70, 25.50, 985, otc]
[5234, 153.5, 140.5, 142.00, 146.00, 9311, tse]
[5236, 150.0, 142.0, 143.00, 149.00, 1214, otc]
[5243, 59.1, 56.4, 59.10, 58.20, 12786, tse]
[5244, 48.45, 47.0, 47.30, 47.75, 1377, tse]
[5245, 36.95, 32.0, 33.00, 36.35, 694, otc]
[5251, 24.65, 22.35, 23.45, 22.60, 2096, otc]
[5258, 140.5, 132.0, 136.00, 136.00, 11577, tse]
[5263, 120.0, 112.5, 114.00, 116.00, 1122, otc]
[5269, 2320.0, 2165.0, 2,270.00, 2,190.00, 2581, tse]
[5272, 38.5, 36.6, 37.65, 37.15, 3238, otc]
[5274, 2990.0, 2770.0, 2,890.00, 2,915.00, 2941, otc]
[5276, 15.15, 14.0, 14.80, 14.30, 35, otc]
[5278, 276.0, 242.0, 242.00, 270.50, 161, otc]
[5283, 117.0, 112.0, 117.00, 114.50, 970, tse]
[5284, 208.0, 191.5, 193.00, 196.50, 8843, tse]
[5285, 62.8, 61.8, 61.80, 62.50, 485, tse]
[5287, 211.0, 205.5, 205.50, 207.50, 431, otc]
[5288, 199.5, 185.0, 186.50, 198.00, 819, tse]
[5289, 306.5, 290.5, 291.50, 301.00, 4043, otc]
[5291, 27.4, 26.6, 26.70, 27.00, 241, otc]
[5292, 163.5, 142.5, 145.50, 161.00, 3695, tse]
[5299, 118.0, 113.5, 117.50, 114.00, 1049, otc]
[5301, 9.0, 8.46, 9.00, 8.57, 242, otc]
[5302, 11.5, 10.9, 11.30, 11.10, 1243, otc]
[5306, 151.0, 140.5, 141.00, 143.00, 2156, tse]
[5309, 36.65, 35.6, 36.15, 36.20, 3799, otc]
[5310, 53.5, 42.85, 46.50, 53.40, 2447, otc]
[5312, 112.0, 101.0, 104.50, 106.00, 1851, otc]
[5314, 350.5, 284.0, 284.00, 300.00, 3854, otc]
[5315, 18.75, 18.35, 18.55, 18.35, 1334, otc]
[5321, 81.2, 76.0, 80.10, 78.70, 1088, otc]
[5324, 11.15, 10.8, 10.85, 11.05, 1469, otc]
[5328, 15.0, 14.4, 14.70, 14.85, 2713, otc]
[5340, 55.1, 51.8, 54.90, 53.50, 2852, otc]
[5344, 22.65, 21.5, 21.75, 22.00, 444, otc]
[5345, 12.5, 12.1, 12.50, 12.25, 16, otc]
[5347, 92.4, 83.4, 84.00, 87.90, 170683, otc]
[5348, 19.4, 17.6, 19.40, 18.55, 367, otc]
[5351, 51.5, 48.15, 48.45, 50.40, 18660, otc]
[5353, 38.15, 36.6, 37.40, 36.75, 989, otc]
[5355, 11.4, 10.75, 11.00, 11.00, 1872, otc]
[5356, 34.5, 32.5, 33.00, 34.40, 2635, otc]
[5364, 16.55, 16.15, 16.55, 16.45, 432, otc]
[5371, 76.0, 71.4, 71.40, 73.80, 12949, otc]
[5381, 34.5, 32.15, 33.20, 33.40, 8857, otc]
[5383, 40.75, 36.7, 39.10, 38.35, 1462, otc]
[5386, 88.7, 80.6, 82.40, 85.00, 5845, otc]
[5388, 151.5, 136.0, 140.00, 149.00, 51146, tse]
[5392, 23.55, 22.7, 23.20, 23.10, 2898, otc]
[5398, 18.95, 18.3, 18.95, 18.80, 295, otc]
[5403, 142.5, 136.5, 140.50, 137.00, 2314, otc]
[5410, 34.75, 33.9, 34.05, 34.35, 1768, otc]
[5425, 77.9, 73.1, 75.30, 77.10, 13367, otc]
[5426, 36.75, 34.1, 36.00, 34.10, 9083, otc]
[5432, 166.5, 152.5, 155.00, 157.50, 4293, otc]
[5434, 220.0, 210.0, 212.00, 216.50, 6053, tse]
[5438, 20.1, 18.2, 18.25, 19.00, 1817, otc]
[5439, 129.5, 113.0, 114.50, 128.00, 19544, otc]
[5443, 57.8, 49.85, 50.00, 56.10, 79980, otc]
[5450, 21.6, 19.6, 19.85, 20.10, 609, otc]
[5452, 27.2, 25.35, 26.45, 26.10, 9643, otc]
[5455, 45.0, 43.6, 44.00, 45.00, 64, otc]
[5457, 64.7, 59.3, 59.60, 62.80, 7712, otc]
[5460, 14.55, 14.3, 14.50, 14.35, 368, otc]
[5464, 29.05, 28.3, 28.50, 28.70, 421, otc]
[5465, 46.7, 44.55, 44.55, 46.00, 2825, otc]
[5468, 18.5, 17.1, 17.75, 17.30, 769, otc]
[5469, 70.0, 55.3, 56.20, 62.40, 113244, tse]
[5471, 50.4, 48.0, 48.80, 49.30, 1967, tse]
[5474, 139.5, 129.0, 131.00, 138.50, 2893, otc]
[5475, 11.8, 11.5, 11.55, 11.55, 899, otc]
[5478, 168.0, 150.5, 157.00, 150.50, 5316, otc]
[5481, 13.65, 13.4, 13.55, 13.40, 169, otc]
[5483, 244.5, 203.0, 207.50, 224.00, 112568, otc]
[5484, 25.5, 24.0, 25.50, 24.45, 496, tse]
[5487, 32.35, 30.4, 30.85, 31.30, 395, otc]
[5488, 14.7, 13.05, 13.65, 13.40, 9675, otc]
[5489, 37.5, 35.3, 35.55, 37.20, 461, otc]
[5490, 25.2, 24.5, 24.75, 24.75, 586, otc]
[5493, 99.4, 69.3, 70.70, 92.60, 12892, otc]
[5498, 15.2, 13.05, 14.90, 13.50, 26918, otc]
[5508, 131.0, 120.0, 121.00, 125.00, 6033, otc]
[5511, 74.1, 72.3, 73.90, 72.50, 3085, otc]
[5512, 10.3, 9.77, 9.83, 10.10, 11952, otc]
[5514, 19.95, 19.5, 19.75, 19.85, 268, otc]
[5515, 20.55, 18.55, 20.45, 19.70, 19285, tse]
[5516, 20.35, 19.3, 19.55, 19.55, 175, otc]
[5519, 39.15, 36.05, 37.90, 38.00, 8129, tse]
[5520, 90.4, 79.3, 80.30, 79.50, 518, otc]
[5521, 13.6, 12.7, 13.15, 13.15, 27668, tse]
[5522, 57.7, 56.0, 56.40, 57.00, 4995, tse]
[5523, 27.8, 26.65, 26.65, 27.55, 616, otc]
[5525, 32.55, 30.55, 30.75, 32.55, 1760, tse]
[5529, 27.6, 24.6, 25.65, 24.80, 4313, otc]
[5530, 41.85, 40.75, 41.85, 40.90, 1826, otc]
[5531, 9.69, 9.32, 9.64, 9.40, 3119, tse]
[5533, 23.35, 22.75, 22.85, 22.95, 1853, tse]
[5534, 85.8, 83.5, 83.90, 85.10, 6259, tse]
[5536, 205.0, 192.5, 193.00, 205.00, 2973, otc]
[5538, 32.25, 31.3, 32.05, 32.25, 85, tse]
[5543, 48.6, 40.2, 40.25, 46.15, 1054, otc]
[5546, 31.1, 28.65, 29.70, 29.65, 148, tse]
[5548, 32.95, 30.0, 32.55, 32.10, 1713, otc]
[5601, 36.8, 35.8, 36.80, 36.20, 30, otc]
[5603, 22.65, 22.25, 22.45, 22.65, 1016, otc]
[5604, 42.7, 40.15, 40.15, 42.20, 276, otc]
[5607, 57.7, 56.0, 57.50, 56.90, 3558, tse]
[5608, 19.75, 18.9, 19.40, 19.05, 8766, tse]
[5609, 91.1, 89.0, 90.00, 90.20, 1758, otc]
[5701, 6.15, 5.33, 6.15, 5.78, 571, otc]
[5703, 21.8, 21.15, 21.25, 21.40, 75, otc]
[5704, 49.5, 47.6, 47.90, 49.00, 219, otc]
[5706, 69.4, 66.1, 67.80, 68.40, 2525, tse]
[5864, 18.85, 17.1, 17.55, 18.85, 7337, otc]
[5871, 177.0, 170.5, 176.00, 171.50, 23167, tse]
[5876, 47.95, 45.9, 46.40, 47.90, 42984, tse]
[5878, 48.2, 47.9, 47.90, 48.05, 51, otc]
[5880, 26.2, 25.65, 26.05, 26.00, 55903, tse]
[5902, 33.6, 32.7, 33.20, 33.05, 104, otc]
[5903, 190.0, 186.5, 189.00, 187.00, 386, otc]
[5904, 510.0, 496.0, 502.00, 501.00, 1054, otc]
[5905, 12.15, 12.05, 12.15, 12.15, 1964, otc]
[5906, 66.0, 63.8, 64.90, 65.20, 36, tse]
[5907, 9.29, 8.8, 9.24, 9.14, 1595, tse]
[6005, 19.25, 18.4, 18.70, 19.10, 72789, tse]
[6015, 12.6, 11.55, 11.95, 12.35, 9608, otc]
[6016, 16.8, 15.85, 16.40, 16.60, 28468, otc]
[6020, 19.6, 19.25, 19.30, 19.50, 68, otc]
[6021, 17.3, 16.1, 16.70, 16.85, 364, otc]
[6023, 79.7, 72.3, 73.30, 78.80, 2209, otc]
[6024, 55.1, 52.8, 53.10, 54.60, 2242, tse]
[6026, 16.0, 15.25, 15.70, 15.70, 25727, otc]
[6101, 46.4, 45.0, 45.15, 46.20, 817, otc]
[6103, 38.65, 32.75, 34.45, 34.35, 12, otc]
[6104, 110.0, 105.0, 106.00, 109.00, 5594, otc]
[6108, 22.1, 21.35, 21.60, 21.80, 2982, tse]
[6109, 15.6, 15.2, 15.50, 15.30, 1406, otc]
[6111, 73.5, 68.0, 73.40, 69.60, 5597, otc]
[6112, 69.1, 66.4, 66.60, 67.90, 6499, tse]
[6113, 33.25, 30.25, 32.35, 30.70, 4718, otc]
[6114, 29.2, 25.0, 25.45, 26.10, 2377, otc]
[6115, 53.8, 50.5, 50.50, 53.80, 2391, tse]
[6116, 11.0, 10.3, 10.55, 10.85, 42691, tse]
[6117, 83.8, 77.1, 81.40, 79.10, 18788, tse]
[6118, 24.5, 23.45, 23.50, 24.05, 1193, otc]
[6120, 16.3, 15.5, 15.95, 15.95, 18577, tse]
[6121, 517.0, 449.0, 472.00, 456.00, 26663, otc]
[6122, 71.4, 67.5, 67.60, 70.10, 13331, otc]
[6123, 70.0, 68.7, 69.00, 70.00, 248, otc]
[6124, 40.95, 37.6, 38.50, 37.65, 2360, otc]
[6125, 81.8, 78.2, 80.80, 80.40, 48465, otc]
[6126, 37.35, 34.0, 34.30, 34.90, 16686, otc]
[6127, 27.95, 26.35, 26.75, 27.30, 4121, otc]
[6128, 40.5, 37.55, 38.25, 39.15, 7024, tse]
[6129, 26.8, 26.05, 26.70, 26.65, 3435, otc]
[6130, 27.1, 25.35, 27.10, 25.75, 224, otc]
[6133, 14.1, 13.55, 13.80, 13.90, 1615, tse]
[6134, 21.6, 20.0, 21.15, 20.10, 1265, otc]
[6136, 23.8, 23.15, 23.20, 23.50, 1330, tse]
[6138, 221.0, 206.5, 212.50, 209.00, 7503, otc]
[6139, 207.5, 175.0, 177.00, 207.50, 63605, tse]
[6140, 31.2, 29.85, 30.30, 30.20, 3025, otc]
[6141, 19.75, 18.5, 19.75, 18.50, 2303, tse]
[6142, 10.3, 9.97, 10.20, 10.10, 1922, tse]
[6143, 98.3, 94.5, 94.70, 96.50, 4746, otc]
[6144, 16.65, 14.3, 15.80, 15.00, 136, otc]
[6146, 297.0, 250.5, 250.50, 262.00, 11408, otc]
[6147, 80.8, 75.6, 76.90, 75.70, 64429, otc]
[6148, 32.8, 31.2, 31.20, 32.15, 1079, otc]
[6150, 93.7, 87.5, 91.70, 88.50, 3934, otc]
[6151, 28.9, 27.65, 28.20, 28.20, 857, otc]
[6152, 10.35, 10.05, 10.20, 10.25, 2308, tse]
[6153, 20.4, 19.35, 19.70, 20.25, 7612, tse]
[6154, 17.55, 16.8, 17.50, 17.20, 565, otc]
[6155, 26.45, 26.0, 26.45, 26.30, 701, tse]
[6156, 24.6, 23.15, 23.40, 23.65, 3197, otc]
[6158, 31.9, 30.95, 31.20, 31.10, 589, otc]
[6160, 23.65, 21.6, 22.30, 23.35, 5098, otc]
[6161, 49.7, 47.2, 47.90, 48.45, 2990, otc]
[6163, 23.1, 20.2, 20.35, 22.90, 18188, otc]
[6164, 14.8, 14.2, 14.40, 14.55, 4239, tse]
[6165, 45.6, 41.1, 41.90, 42.20, 6680, tse]
[6166, 72.6, 61.0, 61.90, 67.00, 18806, tse]
[6167, 16.85, 16.25, 16.60, 16.35, 3360, otc]
[6168, 24.85, 24.1, 24.30, 24.55, 3843, tse]
[6169, 22.9, 22.05, 22.90, 22.05, 156, otc]
[6170, 54.9, 52.0, 53.30, 53.60, 3346, otc]
[6171, 33.7, 31.5, 31.50, 33.30, 1131, otc]
[6173, 45.5, 44.0, 44.30, 44.90, 1827, otc]
[6174, 23.8, 22.6, 23.05, 22.75, 141, otc]
[6175, 34.3, 33.3, 33.60, 34.05, 389, otc]
[6176, 202.0, 170.5, 172.50, 176.00, 57983, tse]
[6177, 40.0, 37.4, 37.60, 39.65, 12235, tse]
[6179, 33.75, 32.0, 32.90, 33.45, 8650, otc]
[6180, 74.9, 73.2, 74.90, 73.80, 3094, otc]
[6182, 40.85, 38.75, 39.55, 39.70, 22922, otc]
[6183, 72.9, 71.2, 71.30, 72.70, 171, tse]
[6184, 53.8, 52.6, 53.00, 53.30, 151, tse]
[6185, 16.8, 16.4, 16.50, 16.70, 706, otc]
[6186, 62.9, 58.7, 59.40, 62.10, 5771, otc]
[6187, 260.0, 226.0, 226.00, 250.50, 4325, otc]
[6188, 106.0, 79.1, 79.40, 104.00, 118409, otc]
[6189, 86.5, 72.0, 72.10, 86.50, 42093, tse]
[6190, 36.2, 34.65, 35.40, 34.90, 12080, otc]
[6191, 76.6, 64.9, 65.60, 71.40, 88740, tse]
[6192, 101.5, 96.1, 98.20, 99.20, 1239, tse]
[6194, 35.65, 34.45, 34.45, 35.55, 693, otc]
[6195, 41.9, 41.5, 41.80, 41.75, 195, otc]
[6196, 163.5, 155.0, 155.00, 161.00, 6525, tse]
[6197, 109.0, 97.1, 103.00, 103.50, 19387, tse]
[6198, 47.6, 43.3, 44.10, 45.75, 2247, otc]
[6199, 30.95, 27.2, 29.00, 28.10, 153, otc]
[6201, 65.0, 62.4, 62.90, 64.20, 595, tse]
[6202, 54.8, 52.8, 53.20, 54.70, 4689, tse]
[6203, 90.5, 87.4, 87.80, 89.60, 1511, otc]
[6204, 147.5, 140.5, 141.00, 144.50, 3290, otc]
[6205, 84.5, 80.5, 80.70, 82.80, 4084, tse]
[6206, 81.4, 78.1, 78.60, 78.70, 5102, tse]
[6207, 40.85, 36.15, 36.60, 38.60, 8943, otc]
[6208, 60.4, 55.2, 55.60, 59.40, 2843, otc]
[6209, 27.05, 24.25, 24.30, 25.70, 6678, tse]
[6210, 26.55, 22.85, 23.60, 26.55, 485, otc]
[6212, 61.0, 55.8, 58.00, 59.50, 116, otc]
[6213, 85.7, 82.2, 82.30, 85.70, 10013, tse]
[6214, 127.5, 116.0, 116.00, 122.00, 7964, tse]
[6215, 33.85, 28.2, 28.60, 30.10, 15690, tse]
[6216, 37.0, 34.95, 35.40, 36.75, 4083, tse]
[6217, 43.55, 41.65, 41.70, 42.50, 7373, otc]
[6218, 27.4, 26.4, 26.80, 27.35, 1332, otc]
[6219, 36.15, 34.1, 35.10, 34.75, 9162, otc]
[6220, 26.25, 24.7, 25.95, 24.90, 1699, otc]
[6221, 76.9, 72.4, 73.50, 76.20, 183, otc]
[6222, 36.6, 31.55, 35.05, 34.10, 511, otc]
[6223, 333.0, 306.5, 316.00, 313.00, 11717, otc]
[6224, 56.9, 54.8, 55.60, 55.30, 628, tse]
[6225, 16.9, 15.05, 16.90, 15.75, 50, tse]
[6226, 10.6, 10.2, 10.20, 10.45, 1328, tse]
[6227, 58.4, 51.5, 51.50, 58.40, 7834, otc]
[6228, 23.8, 21.35, 22.65, 22.75, 169, otc]
[6229, 33.5, 31.2, 32.55, 31.80, 2046, otc]
[6230, 225.5, 195.0, 215.00, 195.00, 8483, tse]
[6231, 276.0, 255.5, 272.00, 257.50, 4979, otc]
[6233, 45.7, 41.5, 41.55, 42.45, 19740, otc]
[6234, 30.35, 28.15, 28.20, 29.30, 7769, otc]
[6235, 120.0, 110.0, 111.00, 110.50, 28711, tse]
[6236, 32.8, 30.1, 30.95, 32.80, 17, otc]
[6237, 62.3, 59.8, 60.30, 61.80, 3720, otc]
[6239, 209.5, 189.0, 191.00, 195.00, 64918, tse]
[6240, 22.4, 21.7, 22.05, 22.00, 124, otc]
[6241, 15.65, 15.05, 15.40, 15.40, 343, otc]
[6242, 53.7, 53.1, 53.30, 53.10, 112, otc]
[6243, 72.9, 67.0, 69.50, 68.50, 4113, tse]
[6244, 28.65, 25.9, 27.00, 28.10, 28328, otc]
[6245, 103.5, 100.0, 101.00, 101.50, 4079, otc]
[6246, 15.4, 14.85, 15.15, 15.20, 139, otc]
[6248, 33.25, 32.65, 32.75, 32.75, 3048, otc]
[6257, 78.5, 69.4, 69.40, 72.40, 67666, tse]
[6259, 21.8, 20.8, 21.20, 21.75, 160, otc]
[6261, 71.0, 67.1, 68.10, 69.80, 5909, otc]
[6263, 169.0, 156.5, 167.00, 157.00, 1373, otc]
[6264, 8.11, 7.93, 7.94, 8.04, 266, otc]
[6265, 12.2, 11.65, 12.20, 11.95, 3352, otc]
[6266, 34.25, 33.65, 34.20, 33.65, 1917, otc]
[6269, 92.8, 88.5, 89.00, 91.20, 14703, tse]
[6270, 24.55, 23.9, 24.50, 23.90, 1417, otc]
[6271, 146.0, 140.0, 143.00, 145.50, 6124, tse]
[6274, 175.0, 159.5, 163.00, 168.00, 93701, otc]
[6275, 70.8, 64.6, 66.00, 65.50, 44631, otc]
[6276, 74.8, 69.1, 69.50, 71.40, 1556, otc]
[6277, 80.1, 79.4, 80.00, 80.00, 527, tse]
[6278, 115.5, 104.0, 108.00, 104.50, 33767, tse]
[6279, 167.5, 161.0, 163.00, 163.00, 3283, otc]
[6281, 88.4, 82.7, 87.30, 83.70, 2274, tse]
[6282, 40.8, 39.3, 39.45, 40.20, 28534, tse]
[6283, 25.45, 24.1, 25.00, 24.35, 964, tse]
[6284, 86.3, 82.6, 83.30, 85.90, 11886, otc]
[6285, 165.0, 152.5, 156.50, 154.00, 64260, tse]
[6287, 15.25, 14.5, 15.00, 14.80, 23, otc]
[6288, 36.15, 32.2, 32.45, 34.05, 19728, tse]
[6290, 97.9, 87.0, 88.10, 95.80, 42065, otc]
[6291, 185.0, 170.0, 184.00, 178.50, 498, otc]
[6292, 80.5, 73.5, 74.00, 78.40, 2879, otc]
[6294, 124.0, 120.5, 122.00, 122.50, 938, otc]
[6405, 24.35, 23.6, 24.30, 24.20, 429, tse]
[6409, 1795.0, 1595.0, 1,780.00, 1,635.00, 969, tse]
[6411, 105.5, 103.0, 103.50, 105.00, 1609, otc]
[6412, 196.0, 173.0, 188.00, 184.50, 7589, tse]
[6414, 338.5, 286.5, 299.00, 329.00, 42913, tse]
[6415, 376.0, 354.0, 375.00, 367.00, 8718, tse]
[6416, 126.5, 117.5, 119.00, 123.00, 6730, tse]
[6417, 103.0, 96.9, 98.40, 103.00, 585, otc]
[6418, 22.5, 22.05, 22.20, 22.05, 426, otc]
[6419, 60.4, 49.5, 60.40, 50.20, 2757, otc]
[6425, 65.7, 51.1, 51.90, 60.30, 20212, otc]
[6426, 71.2, 68.6, 70.60, 70.60, 696, tse]
[6431, 15.75, 13.4, 15.75, 13.70, 502, tse]
[6432, 33.8, 33.25, 33.30, 33.50, 127, otc]
[6435, 110.0, 105.5, 105.50, 107.00, 585, otc]
[6438, 127.0, 112.0, 112.00, 123.00, 15251, tse]
[6441, 44.0, 41.95, 42.65, 43.20, 536, otc]
[6442, 135.0, 120.5, 120.50, 129.50, 17604, tse]
[6443, 30.15, 26.1, 27.10, 29.35, 82926, tse]
[6446, 336.0, 324.0, 327.50, 326.00, 3983, tse]
[6449, 76.2, 72.2, 72.20, 73.80, 821, tse]
[6451, 217.0, 185.0, 185.50, 200.00, 14871, tse]
[6456, 58.3, 56.0, 57.00, 58.20, 2973, tse]
[6457, 54.9, 49.3, 54.50, 49.50, 1406, otc]
[6461, 28.5, 27.7, 27.80, 28.05, 408, otc]
[6462, 268.5, 227.0, 229.50, 254.00, 54180, otc]
[6464, 87.6, 86.5, 87.50, 87.50, 395, tse]
[6465, 23.7, 22.2, 22.60, 22.75, 315, otc]
[6469, 308.0, 300.5, 305.50, 302.00, 876, otc]
[6470, 57.7, 55.2, 55.80, 57.50, 1116, otc]
[6472, 643.0, 618.0, 635.00, 620.00, 3221, tse]
[6477, 42.5, 38.55, 38.90, 40.85, 12893, tse]
[6482, 54.7, 51.6, 53.80, 52.80, 152, otc]
[6485, 89.9, 80.8, 81.20, 87.20, 4399, otc]
[6486, 85.2, 83.5, 85.00, 84.20, 1551, otc]
[6488, 612.0, 573.0, 579.00, 592.00, 13851, otc]
[6491, 468.0, 429.0, 434.50, 455.50, 4986, tse]
[6492, 44.8, 41.3, 42.45, 43.15, 1109, otc]
[6494, 74.1, 71.7, 73.00, 72.20, 813, otc]
[6496, 28.6, 27.7, 28.15, 28.35, 111, otc]
[6499, 44.9, 39.45, 40.00, 43.30, 1597, otc]
[6504, 72.7, 70.1, 72.70, 70.20, 453, tse]
[6505, 71.4, 68.0, 71.20, 68.10, 30323, tse]
[6506, 17.0, 16.65, 17.00, 16.80, 116, otc]
[6508, 33.1, 32.0, 33.10, 32.15, 768, otc]
[6509, 38.9, 37.9, 38.20, 38.75, 1977, otc]
[6510, 526.0, 508.0, 513.00, 521.00, 524, otc]
[6512, 21.9, 21.2, 21.25, 21.40, 28, otc]
[6514, 52.7, 52.2, 52.70, 52.40, 478, otc]
[6515, 752.0, 707.0, 713.00, 735.00, 2950, tse]
[6516, 78.3, 76.9, 77.40, 77.80, 175, otc]
[6517, 81.0, 73.2, 73.20, 81.00, 1999, otc]
[6523, 176.0, 156.5, 157.50, 166.00, 1972, otc]
[6525, 69.3, 68.0, 68.30, 68.60, 671, tse]
[6526, 676.0, 601.0, 601.00, 648.00, 5378, tse]
[6527, 85.6, 83.3, 85.50, 83.70, 288, otc]
[6530, 57.5, 53.1, 55.20, 55.00, 12454, otc]
[6531, 417.0, 393.5, 414.00, 405.00, 14116, tse]
[6532, 75.3, 71.0, 71.60, 73.00, 2386, otc]
[6533, 462.0, 421.0, 428.00, 449.00, 3693, tse]
[6534, 93.5, 86.6, 92.30, 87.00, 323, tse]
[6535, 197.5, 161.5, 167.00, 181.00, 6523, otc]
[6538, 161.5, 140.0, 142.50, 159.00, 9320, otc]
[6541, 51.9, 48.6, 50.10, 49.15, 1346, tse]
[6542, 60.0, 56.0, 56.10, 57.10, 86, otc]
[6546, 146.0, 123.0, 123.50, 129.00, 16851, otc]
[6547, 55.1, 51.7, 55.10, 53.00, 7421, otc]
[6548, 33.8, 32.75, 32.95, 33.55, 3122, otc]
[6550, 67.3, 60.5, 61.50, 67.10, 8402, tse]
[6552, 34.4, 33.65, 34.20, 33.85, 309, tse]
[6556, 85.0, 83.1, 84.40, 85.00, 76, otc]
[6558, 23.45, 22.6, 22.70, 23.20, 571, tse]
[6560, 29.8, 28.7, 29.80, 29.00, 137, otc]
[6561, 379.0, 364.0, 364.00, 374.50, 475, otc]
[6568, 151.0, 142.5, 143.50, 144.00, 407, otc]
[6569, 175.0, 164.5, 169.00, 174.00, 776, otc]
[6570, 57.2, 51.7, 51.70, 52.90, 1927, otc]
[6573, 13.95, 13.1, 13.95, 13.45, 424, tse]
[6574, 52.9, 50.0, 52.30, 50.50, 84, otc]
[6576, 96.9, 93.2, 93.50, 95.50, 1076, otc]
[6577, 143.5, 117.5, 119.50, 141.00, 7297, otc]
[6578, 24.7, 22.95, 23.70, 23.65, 3406, otc]
[6579, 169.5, 158.0, 161.00, 165.50, 2749, tse]
[6581, 93.7, 91.7, 93.00, 92.40, 205, tse]
[6582, 48.5, 47.9, 48.40, 48.00, 405, tse]
[6584, 225.0, 196.5, 200.00, 211.50, 7045, otc]
[6585, 198.5, 167.5, 172.00, 184.00, 5497, tse]
[6588, 34.5, 32.15, 32.15, 34.00, 145, otc]
[6589, 89.0, 85.2, 88.50, 87.20, 3325, otc]
[6590, 103.5, 96.3, 102.50, 96.30, 517, otc]
[6591, 64.5, 59.7, 60.00, 60.90, 5660, tse]
[6592, 124.5, 121.0, 121.00, 121.00, 4418, tse]
[6593, 183.0, 154.0, 156.50, 179.50, 7938, otc]
[6596, 79.5, 72.1, 73.60, 78.80, 7760, otc]
[6598, 21.9, 21.05, 21.35, 21.30, 257, tse]
[6603, 15.4, 14.95, 15.10, 15.20, 1691, otc]
[6605, 220.0, 174.5, 175.50, 200.00, 26072, tse]
[6606, 25.6, 24.85, 25.00, 25.40, 558, tse]
[6609, 36.55, 32.35, 32.65, 34.70, 1216, otc]
[6612, 114.5, 110.0, 112.00, 111.00, 197, otc]
[6613, 193.5, 183.0, 185.00, 193.50, 1479, otc]
[6615, 42.0, 40.8, 41.00, 41.20, 54, otc]
[6616, 14.45, 13.65, 14.40, 14.10, 1996, otc]
[6624, 44.0, 40.5, 44.00, 41.15, 512, otc]
[6625, 99.9, 95.5, 95.90, 98.10, 1145, tse]
[6629, 74.4, 70.5, 71.10, 71.70, 294, otc]
[6640, 414.5, 293.0, 300.00, 400.50, 1837, otc]
[6641, 40.5, 38.95, 40.00, 39.30, 217, tse]
[6642, 52.0, 50.2, 50.40, 51.30, 223, otc]
[6643, 1500.0, 1305.0, 1,340.00, 1,450.00, 547, otc]
[6645, 40.2, 37.0, 39.35, 37.50, 419, tse]
[6649, 26.6, 24.95, 26.60, 25.65, 275, otc]
[6651, 79.6, 77.5, 77.90, 78.00, 391, otc]
[6654, 54.0, 46.1, 46.15, 50.20, 424, otc]
[6655, 118.0, 115.0, 115.00, 117.00, 34, tse]
[6657, 56.9, 54.1, 54.60, 54.60, 441, tse]
[6658, 40.5, 38.8, 38.90, 39.60, 170, tse]
[6661, 23.1, 22.05, 22.85, 22.50, 126, otc]
[6662, 36.1, 34.85, 35.80, 35.90, 54, otc]
[6664, 164.5, 155.5, 158.00, 163.00, 2254, otc]
[6666, 64.2, 62.0, 62.00, 62.30, 153, tse]
[6667, 158.0, 145.5, 151.50, 155.50, 8256, otc]
[6668, 62.4, 52.7, 53.30, 59.30, 27566, tse]
[6669, 2335.0, 2155.0, 2,215.00, 2,295.00, 12849, tse]
[6670, 237.5, 230.5, 235.00, 234.00, 1405, tse]
[6671, 43.2, 42.4, 43.10, 42.75, 360, tse]
[6672, 90.6, 88.3, 89.20, 89.70, 1245, tse]
[6674, 23.95, 22.7, 23.70, 23.10, 83, tse]
[6679, 494.5, 457.0, 480.00, 457.00, 4886, otc]
[6680, 82.5, 81.3, 82.30, 81.60, 22, otc]
[6683, 311.0, 292.5, 295.00, 298.00, 1610, otc]
[6684, 89.0, 84.0, 85.40, 85.20, 10037, otc]
[6689, 119.0, 112.0, 116.00, 115.00, 1459, tse]
[6690, 183.5, 176.5, 183.50, 177.50, 331, otc]
[6691, 400.0, 375.0, 385.00, 385.00, 2868, tse]
[6692, 30.95, 30.25, 30.95, 30.45, 330, otc]
[6693, 75.0, 70.3, 72.00, 73.50, 446, otc]
[6695, 67.7, 64.0, 65.60, 64.50, 10034, tse]
[6697, 56.8, 53.7, 54.00, 54.50, 358, otc]
[6698, 36.15, 33.9, 34.50, 36.00, 1819, tse]
[6703, 295.5, 288.0, 294.00, 288.00, 562, otc]
[6706, 54.1, 51.7, 53.50, 52.50, 1615, tse]
[6708, 47.25, 43.0, 43.90, 44.40, 175, otc]
[6712, 219.0, 208.0, 210.50, 209.50, 4696, otc]
[6715, 195.0, 176.0, 176.50, 194.00, 4053, tse]
[6716, 107.0, 100.0, 107.00, 102.50, 485, otc]
[6719, 279.0, 265.0, 272.00, 278.50, 4992, tse]
[6721, 53.4, 51.5, 51.50, 51.90, 49, otc]
[6727, 57.9, 56.8, 57.90, 57.20, 506, otc]
[6728, 137.0, 135.0, 136.50, 136.00, 74, otc]
[6732, 417.5, 399.0, 405.50, 415.00, 1927, otc]
[6733, 38.7, 37.4, 38.50, 37.70, 1112, otc]
[6735, 117.0, 90.5, 92.00, 108.00, 10727, otc]
[6741, 95.4, 88.0, 95.40, 88.00, 3099, otc]
[6742, 81.1, 75.4, 76.10, 79.60, 2904, tse]
[6743, 50.6, 45.2, 45.95, 49.50, 1596, tse]
[6747, 194.0, 185.5, 188.00, 190.00, 272, otc]
[6751, 75.0, 74.0, 74.60, 74.20, 49, otc]
[6752, 139.0, 129.5, 131.00, 136.50, 952, otc]
[6753, 118.0, 85.5, 88.30, 109.50, 37188, tse]
[6754, 61.3, 59.0, 59.60, 59.90, 595, tse]
[6756, 225.0, 212.5, 217.00, 221.50, 1380, tse]
[6757, 32.6, 31.25, 32.40, 31.55, 2189, tse]
[6761, 84.2, 79.9, 81.90, 82.00, 1012, otc]
[6762, 259.0, 253.0, 256.00, 255.50, 15, otc]
[6763, 440.0, 412.5, 440.00, 418.00, 109, otc]
[6767, 39.05, 37.1, 38.50, 37.80, 149, otc]
[6768, 75.0, 73.5, 73.90, 74.30, 3783, tse]
[6770, 27.2, 26.4, 26.40, 26.60, 55265, tse]
[6776, 67.1, 64.4, 65.90, 66.40, 1644, tse]
[6781, 722.0, 690.0, 703.00, 717.00, 1227, tse]
[6782, 263.0, 240.0, 256.50, 242.50, 3271, tse]
[6785, 341.5, 303.0, 316.00, 303.00, 2494, otc]
[6788, 137.0, 131.5, 133.50, 135.00, 1197, otc]
[6789, 312.0, 283.5, 286.00, 306.50, 14489, tse]
[6790, 49.8, 47.45, 47.80, 48.95, 3165, tse]
[6791, 90.0, 87.2, 88.00, 88.90, 105, otc]
[6792, 86.4, 84.8, 85.10, 85.20, 299, tse]
[6796, 93.8, 85.0, 92.80, 88.40, 807, tse]
[6799, 183.0, 174.0, 177.00, 181.00, 3787, tse]
[6803, 311.5, 307.0, 307.50, 310.50, 138, otc]
[6804, 52.0, 51.0, 51.30, 51.30, 135, otc]
[6805, 938.0, 830.0, 899.00, 855.00, 4419, tse]
[6806, 149.0, 137.5, 138.00, 147.00, 33649, tse]
[6807, 40.5, 39.2, 39.70, 40.40, 621, tse]
[6811, 301.0, 283.0, 297.50, 291.00, 1674, otc]
[6821, 44.95, 42.75, 44.95, 43.55, 357, otc]
[6823, 85.3, 76.9, 82.50, 76.90, 450, otc]
[6829, 122.0, 109.5, 112.50, 120.50, 4018, otc]
[6830, 148.0, 142.0, 143.00, 144.00, 1005, tse]
[6834, 24.15, 23.35, 24.10, 23.55, 234, tse]
[6835, 52.8, 47.55, 48.55, 49.80, 3932, tse]
[6840, 73.7, 70.0, 73.70, 73.00, 63, otc]
[6841, 88.6, 83.2, 88.40, 84.00, 2321, otc]
[6843, 57.8, 55.3, 56.70, 57.50, 75, otc]
[6844, 187.5, 178.5, 187.50, 182.00, 723, otc]
[6846, 83.3, 79.7, 81.50, 79.80, 353, otc]
[6854, 91.0, 85.7, 91.00, 85.70, 405, tse]
[6855, 128.0, 122.0, 123.00, 126.00, 178, otc]
[6856, 69.5, 67.5, 68.10, 68.20, 226, otc]
[6859, 134.5, 122.5, 124.50, 132.50, 401, otc]
[6861, 81.1, 79.9, 80.50, 80.00, 266, tse]
[6863, 149.5, 141.5, 145.50, 145.00, 1894, tse]
[6865, 61.8, 59.2, 60.50, 59.30, 71, otc]
[6869, 133.5, 127.0, 130.00, 132.50, 2124, tse]
[6870, 136.0, 128.5, 131.00, 129.00, 63, otc]
[6873, 158.0, 151.5, 157.50, 154.50, 1081, tse]
[6874, 125.0, 119.0, 121.50, 121.50, 331, otc]
[6877, 34.95, 33.45, 34.95, 34.30, 165, otc]
[6894, 221.0, 202.0, 219.50, 204.50, 613, otc]
[6895, 106.5, 102.5, 103.50, 103.00, 399, otc]
[6901, 43.05, 41.6, 43.05, 42.25, 4681, tse]
[6902, 156.0, 152.5, 152.50, 155.00, 16, tse]
[6904, 242.5, 205.0, 208.50, 240.00, 191, otc]
[6906, 171.0, 165.0, 170.00, 167.00, 463, tse]
[6916, 28.4, 26.5, 28.10, 27.00, 840, tse]
[6922, 119.5, 116.0, 117.50, 116.00, 124, otc]
[6933, 395.0, 315.0, 320.00, 344.00, 8540, tse]
[6937, 226.0, 203.5, 203.50, 211.50, 1227, tse]
[6949, 83.6, 70.6, 83.60, 72.20, 1341, tse]
[7402, 104.5, 89.3, 89.30, 104.50, 9296, otc]
[7556, 140.5, 131.0, 131.00, 137.00, 69, otc]
[8011, 27.5, 24.8, 25.20, 24.90, 92104, tse]
[8016, 323.0, 281.5, 283.50, 300.00, 21408, tse]
[8021, 28.8, 27.3, 27.50, 28.80, 1581, tse]
[8024, 21.5, 20.35, 20.70, 21.00, 541, otc]
[8027, 97.6, 89.3, 89.50, 91.90, 8721, otc]
[8028, 53.6, 51.0, 51.00, 52.50, 11070, tse]
[8032, 29.25, 28.5, 29.10, 28.90, 80, otc]
[8033, 56.1, 50.5, 50.80, 56.10, 8226, tse]
[8034, 28.95, 27.2, 27.60, 27.85, 9447, otc]
[8038, 30.6, 28.5, 29.50, 30.60, 1196, otc]
[8039, 46.5, 45.25, 46.00, 46.05, 1703, tse]
[8040, 91.5, 82.0, 82.90, 86.10, 10023, otc]
[8042, 36.0, 35.05, 35.60, 35.25, 131, otc]
[8043, 24.9, 23.9, 23.95, 24.45, 407, otc]
[8044, 34.55, 33.1, 34.20, 34.00, 4900, otc]
[8046, 216.0, 201.5, 203.50, 211.00, 13479, tse]
[8047, 14.25, 13.35, 13.65, 13.65, 1361, otc]
[8048, 71.1, 69.1, 69.10, 69.70, 1450, otc]
[8049, 42.2, 41.0, 41.00, 41.60, 2450, otc]
[8050, 88.8, 83.2, 84.10, 87.70, 14355, otc]
[8054, 140.0, 125.0, 126.50, 131.00, 55304, otc]
[8059, 38.95, 33.0, 33.65, 36.80, 13372, otc]
[8064, 30.45, 27.4, 27.80, 28.50, 30570, otc]
[8066, 30.7, 29.9, 30.30, 29.95, 112, otc]
[8067, 19.05, 16.45, 16.50, 19.00, 99, otc]
[8068, 35.55, 33.7, 33.70, 35.00, 1089, otc]
[8069, 244.5, 232.5, 236.00, 236.50, 25824, otc]
[8070, 39.85, 38.1, 38.50, 39.70, 16549, tse]
[8071, 14.4, 14.05, 14.35, 14.40, 393, otc]
[8072, 28.0, 27.15, 28.00, 27.35, 455, tse]
[8074, 21.65, 20.7, 20.80, 21.65, 1608, otc]
[8076, 29.2, 28.35, 28.85, 29.15, 3379, otc]
[8077, 53.7, 49.3, 53.50, 50.20, 149, otc]
[8080, 18.1, 16.9, 17.40, 17.15, 225, otc]
[8081, 278.0, 262.0, 267.50, 272.00, 4961, tse]
[8083, 170.0, 167.0, 168.50, 168.00, 416, otc]
[8084, 92.8, 84.2, 87.20, 91.70, 1256, otc]
[8085, 75.4, 71.3, 72.40, 74.30, 22837, otc]
[8086, 163.5, 144.0, 154.50, 152.00, 35998, otc]
[8087, 60.3, 56.8, 59.00, 59.50, 902, otc]
[8088, 45.95, 43.45, 43.65, 45.50, 8603, otc]
[8089, 69.9, 58.5, 60.00, 62.50, 14368, otc]
[8091, 127.0, 114.5, 115.50, 121.00, 5574, otc]
[8092, 28.8, 24.2, 24.20, 28.80, 5846, otc]
[8093, 15.95, 15.4, 15.55, 15.85, 444, otc]
[8096, 26.8, 24.7, 26.30, 25.40, 55539, otc]
[8097, 65.8, 63.8, 65.00, 65.10, 1340, otc]
[8099, 73.8, 66.7, 67.70, 72.90, 2208, otc]
[8101, 4.01, 3.87, 4.01, 3.94, 204, tse]
[8103, 44.0, 40.55, 41.10, 43.80, 2191, tse]
[8104, 34.5, 32.5, 34.50, 33.85, 820, tse]
[8105, 14.9, 13.6, 14.00, 14.55, 15639, tse]
[8107, 16.3, 15.8, 16.00, 15.95, 334, otc]
[8109, 105.5, 100.5, 101.50, 103.50, 1395, otc]
[8110, 18.2, 15.9, 16.10, 17.55, 39609, tse]
[8111, 21.3, 20.1, 20.10, 21.20, 1998, otc]
[8112, 78.2, 68.6, 68.70, 75.60, 120042, tse]
[8114, 122.5, 116.5, 116.50, 121.00, 1447, tse]
[8121, 26.8, 24.55, 24.85, 26.40, 2128, otc]
[8131, 36.55, 35.45, 35.60, 36.15, 1577, tse]
[8147, 132.5, 114.0, 114.00, 132.50, 10825, otc]
[8150, 52.5, 47.95, 48.05, 50.90, 43799, tse]
[8155, 148.0, 128.5, 133.00, 144.00, 6079, otc]
[8162, 44.75, 42.75, 44.45, 43.15, 559, tse]
[8163, 65.0, 59.7, 60.20, 64.30, 14963, tse]
[8171, 43.55, 38.6, 40.00, 41.40, 4694, otc]
[8176, 14.1, 13.4, 14.00, 13.95, 1106, otc]
[8182, 35.75, 34.3, 35.15, 34.80, 837, otc]
[8183, 52.4, 47.25, 47.35, 49.60, 5362, otc]
[8201, 19.8, 17.3, 17.40, 19.80, 2172, tse]
[8210, 276.0, 238.0, 240.00, 268.50, 27654, tse]
[8213, 44.65, 41.95, 41.95, 44.05, 7916, tse]
[8215, 34.3, 33.65, 33.90, 34.25, 3901, tse]
[8222, 47.35, 42.55, 43.05, 46.40, 7227, tse]
[8227, 298.0, 263.5, 263.50, 282.00, 714, otc]
[8234, 55.5, 44.55, 44.65, 51.10, 30671, otc]
[8240, 35.45, 34.3, 34.80, 34.95, 513, otc]
[8249, 29.6, 28.85, 29.10, 29.35, 722, tse]
[8255, 177.5, 167.5, 169.50, 176.50, 3387, otc]
[8261, 86.5, 83.9, 84.70, 85.30, 2413, tse]
[8271, 76.4, 67.2, 68.00, 70.80, 28674, tse]
[8277, 12.3, 11.6, 11.75, 11.90, 1599, otc]
[8279, 163.0, 156.0, 156.50, 162.00, 65, otc]
[8284, 63.5, 62.3, 62.60, 62.40, 183, otc]
[8289, 35.2, 34.05, 34.80, 34.15, 1005, otc]
[8291, 7.75, 5.89, 6.09, 7.16, 227, otc]
[8299, 677.0, 596.0, 600.00, 653.00, 22007, otc]
[8341, 100.0, 95.3, 100.00, 99.00, 2145, tse]
[8342, 72.0, 67.5, 68.00, 70.20, 83, otc]
[8349, 69.7, 64.3, 64.40, 66.40, 5415, otc]
[8354, 15.35, 14.9, 15.20, 15.00, 507, otc]
[8358, 59.9, 57.4, 57.40, 59.40, 10562, otc]
[8367, 43.5, 42.1, 42.70, 43.05, 710, tse]
[8374, 32.2, 28.6, 28.80, 30.35, 5344, tse]
[8383, 41.5, 39.55, 39.55, 40.50, 2920, otc]
[8390, 53.4, 51.9, 52.20, 52.60, 2939, otc]
[8401, 25.2, 24.45, 24.65, 24.70, 2168, otc]
[8403, 31.55, 31.05, 31.55, 31.05, 957, otc]
[8404, 18.55, 17.9, 18.15, 18.45, 1105, tse]
[8409, 23.3, 22.1, 22.85, 22.75, 185, otc]
[8410, 67.0, 64.2, 65.00, 66.60, 529, otc]
[8411, 14.1, 13.6, 14.00, 13.75, 527, tse]
[8415, 33.75, 33.4, 33.55, 33.70, 658, otc]
[8416, 150.0, 145.5, 147.00, 149.50, 106, otc]
[8420, 57.3, 55.6, 55.60, 56.80, 158, otc]
[8421, 13.75, 13.1, 13.70, 13.45, 420, otc]
[8422, 181.0, 179.5, 180.00, 180.00, 610, tse]
[8423, 29.3, 24.1, 25.70, 25.95, 726, otc]
[8424, 70.2, 68.7, 69.70, 69.80, 96, otc]
[8426, 65.8, 59.5, 65.70, 60.90, 4482, otc]
[8429, 9.83, 9.5, 9.83, 9.62, 1476, tse]
[8431, 58.3, 54.9, 57.30, 56.30, 660, otc]
[8432, 56.1, 53.7, 54.20, 55.50, 402, otc]
[8433, 103.0, 94.2, 96.00, 101.00, 1865, otc]
[8435, 79.5, 71.5, 71.80, 76.00, 883, otc]
[8436, 154.0, 151.5, 152.00, 154.00, 1064, otc]
[8437, 33.2, 31.75, 33.00, 31.85, 227, otc]
[8438, 29.2, 26.7, 26.70, 27.30, 463, tse]
[8440, 39.1, 37.9, 38.50, 38.55, 650, otc]
[8442, 122.5, 116.5, 117.50, 117.50, 718, tse]
[8443, 12.85, 11.75, 11.95, 11.85, 1986, tse]
[8444, 36.8, 35.95, 36.75, 36.05, 134, otc]
[8446, 110.0, 107.5, 107.50, 108.50, 807, otc]
[8450, 23.2, 22.75, 22.80, 23.10, 107, otc]
[8454, 413.5, 387.0, 403.50, 389.50, 5039, tse]
[8455, 20.7, 20.05, 20.10, 20.70, 10, otc]
[8462, 125.0, 113.0, 123.50, 115.00, 862, tse]
[8463, 24.85, 24.0, 24.55, 24.50, 281, tse]
[8464, 369.0, 348.5, 362.50, 352.50, 2866, tse]
[8466, 47.5, 44.7, 46.75, 46.00, 243, tse]
[8467, 217.5, 175.5, 196.50, 179.00, 8433, tse]
[8472, 30.25, 27.5, 29.80, 28.80, 80, otc]
[8473, 46.8, 38.55, 38.55, 43.10, 19196, tse]
[8476, 62.8, 59.6, 62.10, 61.90, 735, tse]
[8477, 18.15, 17.5, 18.00, 17.95, 247, otc]
[8478, 404.0, 378.0, 380.50, 389.00, 2806, tse]
[8481, 51.8, 50.3, 50.60, 50.80, 132, tse]
[8482, 65.1, 61.1, 65.10, 63.00, 83, tse]
[8488, 16.55, 16.0, 16.30, 16.05, 289, tse]
[8489, 29.0, 26.9, 27.05, 27.50, 860, otc]
[8499, 116.0, 114.5, 115.50, 114.50, 115, tse]
[8905, 31.6, 30.95, 30.95, 31.20, 600, otc]
[8906, 17.0, 16.65, 16.85, 16.85, 126, otc]
[8908, 59.0, 57.0, 59.00, 57.40, 227, otc]
[8916, 61.0, 59.0, 59.80, 59.80, 2069, otc]
[8917, 60.1, 57.9, 59.20, 58.20, 346, otc]
[8921, 15.0, 14.0, 14.00, 14.20, 207, otc]
[8923, 22.75, 20.25, 21.30, 21.65, 195, otc]
[8924, 91.6, 88.9, 89.20, 91.60, 739, otc]
[8926, 48.4, 46.3, 46.55, 47.50, 26701, tse]
[8927, 56.2, 55.0, 55.90, 55.40, 998, otc]
[8928, 29.0, 28.25, 29.00, 28.35, 202, otc]
[8929, 20.2, 19.85, 19.85, 20.20, 103, otc]
[8930, 43.0, 41.2, 41.50, 41.95, 4663, otc]
[8931, 58.5, 53.6, 53.60, 57.20, 1620, otc]
[8932, 121.5, 112.0, 113.00, 118.00, 5389, otc]
[8933, 10.6, 10.0, 10.15, 10.30, 2544, otc]
[8935, 12.75, 11.3, 11.30, 12.10, 1978, otc]
[8936, 81.4, 66.9, 66.90, 77.00, 119661, otc]
[8937, 21.8, 20.6, 21.35, 21.20, 266, otc]
[8938, 72.5, 70.8, 71.50, 71.00, 1427, otc]
[8940, 26.5, 24.95, 25.00, 25.25, 960, tse]
[8941, 82.9, 74.2, 77.10, 79.60, 407, otc]
[8942, 75.2, 74.3, 74.50, 74.30, 1807, otc]
[8996, 387.5, 302.5, 302.50, 387.50, 72931, tse]
[9103, 7.4, 6.95, 7.25, 7.04, 6138, tse]
[9105, 3.73, 3.6, 3.65, 3.63, 46050, tse]
[9110, 7.8, 7.55, 7.55, 7.80, 413, tse]
[9136, 6.55, 6.14, 6.54, 6.31, 2644, tse]
[9802, 126.0, 122.0, 123.50, 122.50, 1828, tse]
[9902, 17.1, 15.15, 16.85, 15.25, 16981, tse]
[9904, 35.3, 33.1, 33.15, 35.10, 96322, tse]
[9905, 24.0, 23.85, 23.90, 23.85, 885, tse]
[9906, 72.3, 68.3, 70.10, 72.30, 2339, tse]
[9907, 15.0, 13.9, 14.05, 14.60, 24998, tse]
[9908, 32.8, 32.2, 32.40, 32.35, 1033, tse]
[9910, 167.0, 159.0, 166.50, 161.00, 7700, tse]
[9911, 82.4, 79.7, 80.80, 80.50, 2099, tse]
[9912, 12.1, 11.15, 11.20, 11.85, 487, tse]
[9914, 228.0, 205.0, 205.00, 217.50, 9853, tse]
[9917, 122.0, 118.5, 121.50, 119.00, 3223, tse]
[9918, 40.85, 40.25, 40.30, 40.60, 47, tse]
[9919, 22.1, 21.2, 21.95, 21.50, 7241, tse]
[9921, 237.5, 209.5, 213.00, 222.00, 22664, tse]
[9924, 54.0, 52.1, 52.80, 53.60, 1865, tse]
[9925, 41.3, 40.7, 40.70, 41.00, 1465, tse]
[9926, 55.0, 54.7, 54.80, 54.80, 24, tse]
[9927, 79.9, 73.0, 75.60, 78.50, 8178, tse]
[9928, 18.15, 17.0, 17.80, 17.35, 334, tse]
[9929, 15.6, 14.65, 15.05, 14.80, 291, tse]
[9930, 62.0, 59.5, 60.00, 61.30, 1315, tse]
[9931, 39.0, 37.5, 38.00, 37.75, 319, tse]
[9933, 46.0, 44.3, 44.45, 45.75, 12963, tse]
[9934, 16.7, 16.15, 16.30, 16.45, 7272, tse]
[9935, 21.65, 20.4, 20.60, 21.50, 1179, tse]
[9937, 67.9, 66.3, 67.90, 66.30, 72, tse]
[9938, 58.7, 55.5, 56.30, 57.10, 5502, tse]
[9939, 146.0, 142.0, 143.50, 144.00, 3677, tse]
[9940, 29.7, 29.3, 29.45, 29.65, 1227, tse]
[9941, 150.0, 145.5, 149.50, 146.50, 6901, tse]
[9942, 136.5, 133.5, 133.50, 135.00, 964, tse]
[9943, 87.8, 86.4, 87.60, 87.00, 1572, tse]
[9944, 20.15, 19.9, 20.00, 20.05, 551, tse]
[9945, 35.35, 33.65, 35.00, 35.10, 43883, tse]
[9946, 24.85, 22.9, 23.05, 24.30, 3175, tse]
[9949, 19.5, 17.65, 17.85, 18.80, 368, otc]
[9950, 18.75, 16.85, 18.75, 17.10, 4071, otc]
[9951, 73.8, 71.8, 72.10, 73.00, 715, otc]
[9955, 24.3, 23.2, 23.75, 23.85, 1749, tse]
[9958, 229.0, 197.0, 225.00, 221.00, 46370, tse]
[9960, 27.1, 26.85, 27.10, 26.85, 126, otc]
[9962, 17.8, 17.2, 17.35, 17.70, 1608, otc]
