[1101, 32.75, 31.9, 31.90, 32.40, 68864, tse]
[1102, 44.25, 43.0, 43.00, 43.95, 29756, tse]
[1103, 18.95, 17.9, 17.90, 18.55, 8723, tse]
[1104, 36.25, 33.7, 33.80, 35.25, 12229, tse]
[1108, 17.5, 16.85, 16.95, 17.10, 8147, tse]
[1109, 21.05, 19.35, 19.40, 20.70, 5054, tse]
[1110, 21.25, 20.0, 20.20, 20.75, 2077, tse]
[1201, 19.0, 18.65, 18.75, 19.00, 1686, tse]
[1203, 50.3, 48.6, 48.60, 49.95, 64, tse]
[1210, 57.9, 57.0, 57.10, 57.00, 4963, tse]
[1213, 7.19, 6.95, 7.03, 7.09, 78, tse]
[1215, 107.5, 105.0, 105.00, 105.50, 1318, tse]
[1216, 77.8, 75.8, 76.60, 76.00, 37577, tse]
[1217, 12.4, 11.85, 11.85, 12.15, 11088, tse]
[1218, 22.55, 21.5, 21.50, 22.05, 7702, tse]
[1219, 19.4, 18.9, 18.95, 19.25, 3211, tse]
[1220, 17.75, 15.95, 15.95, 17.25, 9399, tse]
[1225, 63.0, 58.9, 58.90, 62.80, 177, tse]
[1227, 38.75, 38.1, 38.10, 38.50, 2924, tse]
[1229, 67.0, 65.5, 65.60, 66.60, 2722, tse]
[1231, 99.0, 96.6, 96.80, 97.50, 545, tse]
[1232, 146.5, 144.0, 145.00, 145.50, 274, tse]
[1233, 33.9, 33.4, 33.40, 33.90, 44, tse]
[1234, 42.4, 41.9, 41.90, 42.20, 738, tse]
[1235, 83.0, 81.9, 82.00, 82.90, 30, tse]
[1236, 24.4, 23.55, 23.70, 23.85, 139, tse]
[1240, 53.1, 51.3, 52.00, 52.00, 174, otc]
[1256, 220.0, 212.5, 212.50, 216.00, 49, tse]
[1259, 75.1, 74.1, 74.10, 74.10, 46, otc]
[1264, 301.0, 300.0, 300.50, 300.50, 26, otc]
[1268, 159.0, 153.5, 154.50, 158.00, 659, otc]
[1301, 69.7, 68.0, 68.10, 68.30, 26369, tse]
[1303, 57.9, 55.7, 55.70, 56.80, 31276, tse]
[1304, 16.5, 15.85, 16.20, 16.10, 21678, tse]
[1305, 18.5, 17.85, 17.90, 18.15, 5561, tse]
[1307, 31.65, 28.9, 28.90, 30.90, 3986, tse]
[1308, 19.6, 19.05, 19.10, 19.05, 3639, tse]
[1309, 15.7, 15.15, 15.15, 15.35, 2282, tse]
[1310, 13.5, 13.05, 13.10, 13.30, 3614, tse]
[1312, 13.7, 13.25, 13.30, 13.45, 9026, tse]
[1313, 14.1, 13.6, 13.60, 13.70, 7594, tse]
[1314, 11.8, 10.3, 10.40, 11.35, 649870, tse]
[1315, 71.5, 71.0, 71.20, 71.20, 72, tse]
[1316, 23.7, 18.75, 18.80, 22.30, 265364, tse]
[1319, 124.5, 116.0, 117.50, 119.50, 16203, tse]
[1321, 42.0, 38.6, 39.20, 42.00, 4726, tse]
[1323, 31.2, 31.0, 31.00, 31.15, 66, tse]
[1324, 15.45, 15.0, 15.30, 15.10, 481, tse]
[1325, 28.5, 27.55, 27.60, 27.75, 828, tse]
[1326, 57.0, 54.2, 54.20, 56.10, 23674, tse]
[1336, 19.9, 18.4, 19.00, 19.75, 1364, otc]
[1337, 7.94, 7.62, 7.72, 7.63, 6092, tse]
[1338, 34.15, 33.2, 33.20, 33.90, 194, tse]
[1339, 81.5, 75.6, 79.60, 76.80, 4510, tse]
[1340, 10.1, 9.99, 10.05, 10.05, 415, tse]
[1341, 66.9, 64.5, 64.60, 66.00, 116, tse]
[1342, 123.0, 118.5, 122.00, 119.50, 1056, tse]
[1402, 33.6, 32.3, 32.30, 33.20, 27818, tse]
[1409, 17.5, 17.0, 17.00, 17.25, 26994, tse]
[1410, 39.0, 36.4, 36.40, 38.15, 357, tse]
[1413, 11.85, 10.15, 10.45, 11.05, 8855, tse]
[1414, 21.6, 20.1, 20.60, 20.40, 3701, tse]
[1416, 14.8, 13.2, 13.45, 14.10, 11173, tse]
[1417, 11.75, 11.3, 11.45, 11.65, 1728, tse]
[1418, 33.85, 32.3, 32.55, 32.65, 252, tse]
[1419, 55.3, 49.65, 50.60, 51.20, 2626, tse]
[1423, 32.0, 31.2, 31.35, 31.55, 635, tse]
[1432, 18.95, 17.75, 17.80, 18.95, 1274, tse]
[1434, 23.2, 22.6, 22.60, 22.90, 5363, tse]
[1435, 52.3, 45.0, 48.00, 47.00, 28, tse]
[1436, 162.0, 134.5, 137.00, 160.00, 3592, tse]
[1437, 34.75, 32.85, 33.10, 34.50, 1550, tse]
[1438, 57.4, 53.9, 54.20, 55.80, 1872, tse]
[1439, 31.0, 28.2, 28.70, 29.65, 1329, tse]
[1440, 20.65, 19.4, 20.05, 19.60, 90197, tse]
[1441, 13.55, 13.1, 13.10, 13.45, 155, tse]
[1442, 62.5, 54.2, 56.20, 61.30, 25470, tse]
[1443, 32.3, 30.05, 31.50, 30.55, 166, tse]
[1444, 9.8, 9.53, 9.54, 9.61, 7626, tse]
[1445, 24.9, 22.4, 22.45, 23.20, 11687, tse]
[1446, 47.75, 37.95, 38.05, 46.25, 19092, tse]
[1447, 8.35, 8.03, 8.03, 8.17, 8517, tse]
[1449, 18.7, 17.6, 18.05, 17.75, 1250, tse]
[1451, 21.3, 20.6, 20.60, 20.95, 1189, tse]
[1452, 17.7, 17.05, 17.05, 17.50, 942, tse]
[1453, 27.55, 22.2, 23.90, 27.55, 28440, tse]
[1454, 16.15, 15.65, 15.70, 15.85, 213, tse]
[1455, 15.8, 14.15, 15.20, 14.20, 17755, tse]
[1456, 22.95, 21.1, 21.80, 22.60, 1947, tse]
[1457, 26.4, 23.15, 23.40, 24.70, 23325, tse]
[1459, 12.65, 10.8, 11.55, 11.55, 9067, tse]
[1460, 8.48, 7.64, 7.75, 8.32, 5224, tse]
[1463, 19.0, 18.0, 19.00, 18.60, 1172, tse]
[1464, 13.5, 13.25, 13.35, 13.35, 1213, tse]
[1465, 15.8, 15.05, 15.20, 15.80, 1279, tse]
[1466, 13.3, 12.4, 12.65, 13.10, 587, tse]
[1467, 12.55, 12.0, 12.15, 12.30, 4258, tse]
[1468, 13.55, 12.0, 12.20, 13.35, 441, tse]
[1470, 20.25, 19.1, 20.25, 19.45, 83, tse]
[1471, 15.35, 14.55, 14.55, 15.00, 2293, tse]
[1472, 84.4, 80.2, 80.30, 82.00, 305, tse]
[1473, 35.5, 33.3, 33.90, 33.60, 2688, tse]
[1474, 14.35, 13.7, 13.90, 13.90, 3292, tse]
[1475, 58.0, 54.4, 54.70, 57.00, 817, tse]
[1476, 521.0, 494.0, 519.00, 495.00, 2662, tse]
[1477, 403.5, 383.0, 398.00, 385.00, 5699, tse]
[1503, 308.5, 276.5, 308.00, 281.00, 62728, tse]
[1504, 58.1, 55.6, 57.20, 55.70, 61708, tse]
[1506, 17.0, 16.25, 16.50, 16.80, 1439, tse]
[1512, 10.6, 9.68, 10.30, 10.15, 1409, tse]
[1513, 190.0, 176.0, 189.00, 178.50, 79067, tse]
[1514, 156.5, 135.0, 156.50, 135.00, 41050, tse]
[1515, 52.1, 49.05, 49.05, 49.40, 9478, tse]
[1516, 21.3, 19.45, 20.85, 20.25, 7443, tse]
[1517, 16.45, 16.2, 16.40, 16.20, 1058, tse]
[1519, 872.0, 799.0, 858.00, 818.00, 36399, tse]
[1521, 40.0, 37.5, 38.35, 38.80, 181, tse]
[1522, 52.4, 49.5, 50.20, 51.20, 18885, tse]
[1524, 37.4, 33.8, 34.85, 36.00, 20806, tse]
[1525, 71.0, 68.4, 69.40, 70.70, 150, tse]
[1526, 34.55, 33.85, 34.40, 33.95, 472, tse]
[1527, 42.5, 41.3, 41.50, 42.00, 1140, tse]
[1528, 12.5, 12.1, 12.20, 12.15, 2339, tse]
[1529, 34.8, 33.5, 34.55, 33.50, 6055, tse]
[1530, 32.6, 32.0, 32.05, 32.40, 367, tse]
[1531, 13.55, 13.3, 13.45, 13.45, 684, tse]
[1532, 55.9, 44.7, 45.20, 55.50, 84527, tse]
[1533, 51.8, 45.65, 45.65, 48.30, 3709, tse]
[1535, 79.4, 72.6, 79.10, 72.60, 3615, tse]
[1536, 56.4, 53.8, 54.40, 54.00, 8277, tse]
[1537, 138.0, 137.0, 137.00, 137.50, 168, tse]
[1538, 17.05, 14.8, 15.70, 16.55, 187, tse]
[1539, 25.1, 24.2, 24.20, 24.85, 722, tse]
[1540, 21.25, 19.95, 19.95, 20.80, 3385, tse]
[1541, 33.9, 32.45, 32.75, 33.25, 195, tse]
[1558, 99.2, 98.2, 98.20, 98.90, 235, tse]
[1560, 270.0, 242.5, 260.00, 243.50, 14305, tse]
[1565, 190.0, 185.0, 185.00, 187.00, 364, otc]
[1568, 29.7, 28.45, 28.45, 29.15, 1190, tse]
[1569, 24.2, 23.8, 23.95, 23.95, 664, otc]
[1570, 27.45, 25.2, 25.30, 26.80, 2421, otc]
[1580, 157.0, 154.0, 154.00, 156.50, 214, otc]
[1582, 96.1, 90.6, 91.20, 93.70, 14892, tse]
[1583, 74.8, 71.7, 71.80, 74.20, 219, tse]
[1584, 35.95, 34.3, 34.35, 34.75, 8975, otc]
[1586, 32.8, 31.7, 31.75, 32.10, 792, otc]
[1587, 66.9, 58.1, 64.20, 66.20, 58488, tse]
[1589, 49.25, 46.25, 48.80, 46.60, 4689, tse]
[1590, 1190.0, 1090.0, 1,140.00, 1,095.00, 2288, tse]
[1591, 66.9, 60.5, 63.00, 65.00, 3350, otc]
[1593, 45.15, 44.05, 44.95, 45.00, 72, otc]
[1595, 35.7, 35.1, 35.50, 35.65, 62, otc]
[1597, 70.0, 65.3, 65.70, 67.30, 2948, tse]
[1598, 31.3, 30.6, 30.60, 31.00, 513, tse]
[1599, 31.8, 31.55, 31.60, 31.60, 115, otc]
[1603, 47.1, 42.9, 46.90, 42.90, 14487, tse]
[1604, 29.5, 28.9, 29.35, 29.15, 2971, tse]
[1605, 37.55, 36.6, 37.00, 36.65, 61075, tse]
[1608, 38.2, 34.3, 37.40, 34.30, 64835, tse]
[1609, 59.8, 54.0, 59.40, 54.00, 198763, tse]
[1611, 17.4, 16.9, 17.30, 16.90, 4404, tse]
[1612, 37.65, 35.5, 37.50, 35.60, 25432, tse]
[1614, 44.9, 40.2, 40.20, 44.05, 3475, tse]
[1615, 61.0, 57.6, 61.00, 58.50, 2479, tse]
[1616, 26.6, 23.7, 26.05, 24.00, 18454, tse]
[1617, 25.2, 23.5, 25.20, 24.00, 4595, tse]
[1618, 57.5, 48.5, 57.10, 48.55, 50099, tse]
[1626, 16.2, 16.0, 16.15, 16.20, 470, tse]
[1701, 22.3, 21.9, 22.00, 22.00, 2368, tse]
[1702, 62.3, 60.0, 62.20, 60.20, 4069, tse]
[1707, 159.0, 156.0, 157.00, 158.00, 716, tse]
[1708, 32.0, 31.25, 31.25, 31.55, 3390, tse]
[1709, 19.65, 19.4, 19.45, 19.50, 1495, tse]
[1710, 17.65, 17.25, 17.30, 17.35, 4079, tse]
[1711, 20.6, 19.95, 19.95, 20.05, 4735, tse]
[1712, 41.6, 39.8, 39.80, 40.95, 8019, tse]
[1713, 48.9, 45.25, 45.85, 48.10, 1638, tse]
[1714, 9.17, 8.87, 8.87, 9.09, 10374, tse]
[1717, 32.3, 30.75, 30.85, 31.75, 8987, tse]
[1718, 7.9, 7.43, 7.43, 7.77, 20331, tse]
[1720, 63.6, 62.8, 63.00, 63.30, 1024, tse]
[1721, 14.7, 14.15, 14.15, 14.30, 3269, tse]
[1722, 68.2, 65.0, 65.00, 65.70, 19516, tse]
[1723, 115.0, 112.0, 113.50, 112.00, 1812, tse]
[1725, 51.3, 42.8, 48.60, 43.40, 13950, tse]
[1726, 79.9, 77.9, 77.90, 79.20, 2253, tse]
[1727, 30.55, 29.6, 29.60, 29.60, 2455, tse]
[1730, 56.6, 56.2, 56.30, 56.60, 92, tse]
[1731, 26.1, 25.45, 25.75, 25.50, 1863, tse]
[1732, 28.3, 27.6, 27.95, 27.60, 418, tse]
[1733, 34.7, 33.6, 33.75, 34.30, 1841, tse]
[1734, 37.45, 36.7, 36.85, 36.80, 1995, tse]
[1735, 17.7, 17.2, 17.30, 17.35, 81, tse]
[1736, 86.0, 81.0, 82.40, 85.50, 9080, tse]
[1737, 34.45, 33.95, 34.00, 34.10, 1654, tse]
[1742, 18.25, 17.95, 18.10, 18.20, 568, otc]
[1752, 45.5, 44.55, 44.55, 44.60, 617, tse]
[1760, 98.7, 96.1, 97.30, 96.80, 1442, tse]
[1762, 46.65, 45.1, 45.25, 46.00, 726, tse]
[1773, 179.0, 168.0, 177.50, 170.00, 2257, tse]
[1776, 18.0, 17.45, 17.45, 17.70, 257, tse]
[1777, 84.7, 83.8, 84.60, 84.40, 71, otc]
[1781, 15.8, 15.2, 15.30, 15.60, 366, otc]
[1783, 43.6, 42.4, 42.60, 42.90, 407, tse]
[1784, 68.7, 64.1, 66.80, 65.90, 2519, otc]
[1785, 45.35, 43.4, 44.50, 43.40, 13394, otc]
[1786, 108.5, 103.5, 108.50, 107.00, 2137, tse]
[1788, 141.0, 139.0, 139.50, 140.00, 109, otc]
[1789, 29.3, 28.25, 28.50, 28.40, 6857, tse]
[1795, 332.5, 306.5, 316.00, 307.50, 17665, tse]
[1796, 57.4, 54.6, 57.40, 54.80, 111, otc]
[1799, 72.5, 66.4, 67.40, 70.10, 728, otc]
[1802, 17.4, 17.05, 17.05, 17.10, 9369, tse]
[1805, 23.15, 19.8, 20.70, 22.40, 7149, tse]
[1806, 11.9, 10.7, 10.70, 11.25, 8673, tse]
[1808, 119.0, 112.0, 113.50, 116.00, 18627, tse]
[1809, 26.75, 24.8, 25.40, 25.40, 8849, tse]
[1810, 20.1, 18.9, 19.95, 19.00, 6352, tse]
[1813, 20.7, 20.0, 20.70, 20.35, 133, otc]
[1815, 19.1, 17.65, 17.80, 18.50, 49663, otc]
[1817, 39.9, 36.85, 37.00, 39.00, 4285, tse]
[1903, 70.9, 62.4, 62.40, 68.70, 18490, tse]
[1904, 29.5, 28.9, 28.90, 29.10, 3158, tse]
[1905, 24.6, 23.05, 23.15, 23.80, 44594, tse]
[1906, 16.0, 15.7, 15.75, 15.75, 764, tse]
[1907, 32.1, 30.6, 30.60, 31.35, 11106, tse]
[1909, 16.05, 15.35, 15.50, 15.70, 11904, tse]
[2002, 25.25, 24.65, 24.65, 24.95, 81435, tse]
[2006, 74.3, 72.2, 73.50, 72.80, 7124, tse]
[2007, 12.1, 11.5, 11.70, 11.50, 3478, tse]
[2008, 25.85, 22.7, 22.70, 25.50, 1047, tse]
[2009, 50.7, 45.3, 47.45, 45.40, 73885, tse]
[2010, 22.9, 21.75, 21.80, 22.55, 14198, tse]
[2012, 24.35, 24.0, 24.15, 24.20, 216, tse]
[2013, 62.7, 60.9, 62.70, 60.90, 542, tse]
[2014, 23.8, 23.05, 23.20, 23.35, 23754, tse]
[2015, 71.3, 69.0, 69.70, 70.80, 1235, tse]
[2017, 15.75, 15.0, 15.05, 15.10, 9569, tse]
[2020, 40.5, 39.3, 39.30, 39.90, 8244, tse]
[2022, 12.55, 12.1, 12.35, 12.10, 2790, tse]
[2023, 15.7, 15.2, 15.20, 15.45, 6337, tse]
[2024, 22.1, 21.55, 21.55, 22.00, 149, tse]
[2025, 11.35, 10.75, 11.00, 10.85, 5300, tse]
[2027, 37.7, 36.7, 36.80, 37.30, 22082, tse]
[2028, 27.15, 26.0, 26.85, 26.05, 1916, tse]
[2029, 29.85, 28.8, 28.80, 29.40, 1684, tse]
[2030, 19.15, 18.75, 18.80, 18.95, 1773, tse]
[2031, 61.5, 58.1, 58.10, 61.30, 11730, tse]
[2032, 18.1, 17.3, 17.60, 17.45, 802, tse]
[2033, 17.3, 16.5, 16.70, 16.60, 536, tse]
[2034, 25.65, 25.0, 25.00, 25.45, 1901, tse]
[2035, 33.0, 32.5, 33.00, 32.75, 127, otc]
[2038, 21.35, 20.3, 20.85, 20.30, 3756, tse]
[2049, 237.0, 227.0, 237.00, 229.50, 6410, tse]
[2059, 1260.0, 1180.0, 1,215.00, 1,185.00, 4360, tse]
[2061, 24.9, 20.75, 22.65, 23.50, 6784, otc]
[2062, 30.6, 29.0, 29.50, 29.60, 3737, tse]
[2063, 58.5, 56.9, 57.00, 58.00, 510, otc]
[2064, 15.2, 14.95, 15.20, 15.00, 90, otc]
[2065, 64.0, 62.4, 62.40, 63.20, 359, otc]
[2066, 154.0, 140.0, 148.00, 141.50, 9326, otc]
[2067, 12.7, 12.0, 12.25, 12.70, 218, otc]
[2069, 16.7, 16.35, 16.35, 16.45, 548, tse]
[2070, 34.4, 33.0, 33.95, 33.15, 301, otc]
[2073, 30.45, 29.95, 30.00, 30.40, 43, otc]
[2101, 62.9, 58.2, 60.70, 60.70, 135682, tse]
[2102, 20.95, 19.4, 20.75, 20.30, 8240, tse]
[2103, 25.2, 23.9, 24.20, 24.60, 13106, tse]
[2104, 18.4, 17.55, 17.55, 17.75, 8647, tse]
[2105, 47.55, 46.0, 46.00, 46.90, 19803, tse]
[2106, 33.9, 32.8, 32.85, 33.60, 2247, tse]
[2107, 27.7, 26.1, 26.15, 26.95, 7026, tse]
[2108, 34.35, 33.35, 33.40, 33.95, 4058, tse]
[2109, 17.3, 16.65, 16.65, 17.10, 2127, tse]
[2114, 107.5, 106.0, 107.00, 107.00, 178, tse]
[2115, 33.3, 30.75, 30.75, 32.45, 1723, tse]
[2201, 74.4, 67.8, 67.90, 73.70, 41748, tse]
[2204, 148.5, 138.5, 143.00, 147.00, 12286, tse]
[2206, 89.6, 83.9, 84.80, 85.50, 63039, tse]
[2207, 630.0, 614.0, 614.00, 623.00, 1286, tse]
[2208, 18.55, 18.05, 18.30, 18.15, 8783, tse]
[2211, 152.5, 143.5, 143.50, 147.00, 5160, tse]
[2221, 33.5, 33.0, 33.05, 33.35, 88, otc]
[2227, 135.5, 126.5, 126.50, 134.00, 272, tse]
[2228, 102.0, 95.8, 95.80, 101.50, 1456, tse]
[2230, 179.0, 165.0, 168.50, 167.50, 4512, otc]
[2231, 116.5, 107.0, 107.50, 109.50, 3152, tse]
[2233, 133.5, 125.0, 125.00, 133.00, 732, tse]
[2235, 47.95, 46.75, 47.05, 46.85, 61, otc]
[2236, 74.9, 71.1, 74.50, 71.30, 1710, tse]
[2239, 59.5, 57.5, 58.50, 58.80, 231, tse]
[2241, 48.95, 44.15, 48.60, 44.15, 24458, tse]
[2243, 14.2, 13.5, 14.20, 13.85, 358, tse]
[2247, 336.0, 319.5, 322.00, 323.50, 1054, tse]
[2250, 106.0, 100.0, 102.00, 101.00, 477, tse]
[2254, 93.8, 86.9, 90.00, 92.20, 977, tse]
[2258, 44.2, 42.55, 43.30, 43.95, 1463, tse]
[2301, 103.0, 97.2, 102.50, 99.70, 53070, tse]
[2302, 17.5, 17.0, 17.20, 17.25, 618, tse]
[2303, 51.5, 49.9, 50.30, 51.40, 212390, tse]
[2305, 22.65, 21.95, 22.00, 22.00, 1801, tse]
[2308, 333.5, 305.0, 320.50, 327.50, 56051, tse]
[2312, 14.85, 14.55, 14.70, 14.60, 7492, tse]
[2313, 80.8, 76.4, 78.30, 78.00, 49105, tse]
[2314, 31.95, 30.25, 30.25, 31.00, 2678, tse]
[2316, 50.7, 44.25, 44.30, 45.35, 67008, tse]
[2317, 161.0, 152.0, 157.00, 156.00, 308239, tse]
[2321, 19.0, 16.8, 17.90, 16.80, 48, tse]
[2323, 14.35, 13.15, 14.10, 13.15, 157125, tse]
[2324, 36.65, 34.85, 36.20, 35.10, 64266, tse]
[2327, 685.0, 619.0, 619.00, 655.00, 19887, tse]
[2328, 35.3, 33.9, 33.95, 34.00, 7388, tse]
[2329, 65.4, 61.5, 64.50, 61.70, 33195, tse]
[2330, 802.0, 772.0, 790.00, 780.00, 150893, tse]
[2331, 31.15, 30.0, 30.85, 30.05, 10125, tse]
[2332, 18.2, 17.7, 17.75, 17.85, 6119, tse]
[2337, 27.6, 26.2, 26.20, 27.20, 49044, tse]
[2338, 68.8, 66.9, 67.10, 68.20, 2582, tse]
[2340, 39.3, 38.15, 38.20, 38.30, 3609, tse]
[2342, 31.45, 30.2, 30.25, 30.65, 1219, tse]
[2344, 26.15, 25.2, 25.50, 25.20, 74617, tse]
[2345, 482.0, 435.5, 450.00, 442.50, 26165, tse]
[2347, 82.0, 76.0, 76.00, 80.20, 18945, tse]
[2348, 206.5, 189.0, 204.50, 196.00, 5051, tse]
[2349, 7.85, 7.61, 7.85, 7.63, 6658, tse]
[2351, 109.0, 101.5, 102.50, 107.50, 7808, tse]
[2352, 42.4, 41.15, 41.80, 41.25, 25373, tse]
[2353, 46.3, 44.3, 45.00, 45.50, 91539, tse]
[2354, 64.4, 60.4, 62.00, 60.70, 55028, tse]
[2355, 42.55, 40.45, 40.45, 40.95, 10969, tse]
[2356, 54.2, 51.8, 54.00, 52.00, 55487, tse]
[2357, 435.0, 420.5, 420.50, 429.00, 9537, tse]
[2359, 108.5, 90.0, 108.50, 91.70, 91648, tse]
[2360, 272.0, 247.0, 253.50, 259.00, 10039, tse]
[2362, 43.6, 41.4, 41.70, 41.50, 10642, tse]
[2363, 71.6, 55.8, 69.20, 56.20, 403536, tse]
[2364, 86.6, 83.2, 84.80, 83.30, 472, tse]
[2365, 19.6, 18.7, 19.00, 18.80, 14770, tse]
[2367, 27.3, 25.45, 26.50, 26.90, 74379, tse]
[2368, 203.5, 192.0, 196.50, 192.00, 20763, tse]
[2369, 22.6, 21.8, 22.20, 21.85, 7173, tse]
[2371, 68.4, 63.3, 68.30, 63.80, 317170, tse]
[2373, 73.8, 72.8, 73.40, 73.50, 362, tse]
[2374, 42.05, 39.4, 39.70, 40.70, 51974, tse]
[2375, 68.9, 62.6, 63.30, 66.10, 5896, tse]
[2376, 302.5, 285.0, 300.00, 286.00, 27456, tse]
[2377, 162.5, 156.5, 156.50, 159.00, 9863, tse]
[2379, 536.0, 506.0, 523.00, 511.00, 13793, tse]
[2380, 6.97, 6.75, 6.88, 6.94, 611, tse]
[2382, 266.0, 251.0, 260.50, 256.50, 75717, tse]
[2383, 435.0, 401.5, 407.50, 416.50, 34337, tse]
[2385, 211.0, 201.0, 205.00, 205.00, 14106, tse]
[2387, 63.1, 61.1, 61.10, 62.20, 3827, tse]
[2388, 133.5, 123.5, 132.50, 123.50, 12698, tse]
[2390, 13.45, 13.15, 13.20, 13.30, 1180, tse]
[2392, 49.0, 46.0, 46.10, 48.75, 25596, tse]
[2393, 64.8, 61.5, 62.00, 64.80, 14464, tse]
[2395, 383.5, 353.5, 371.00, 357.00, 6667, tse]
[2397, 68.5, 66.1, 66.30, 67.60, 340, tse]
[2399, 20.65, 20.05, 20.40, 20.30, 3070, tse]
[2401, 31.2, 27.8, 27.80, 28.75, 52119, tse]
[2402, 34.25, 32.25, 32.45, 33.30, 11637, tse]
[2404, 416.5, 388.0, 416.50, 394.50, 5809, tse]
[2405, 18.25, 17.65, 18.15, 17.80, 7425, tse]
[2406, 21.65, 20.05, 20.35, 21.10, 16405, tse]
[2408, 67.8, 65.6, 66.50, 65.80, 43447, tse]
[2409, 18.8, 17.5, 18.40, 18.25, 196736, tse]
[2412, 125.5, 123.5, 124.00, 124.00, 32552, tse]
[2413, 24.8, 24.5, 24.55, 24.55, 597, tse]
[2414, 37.0, 36.0, 36.45, 36.90, 610, tse]
[2415, 30.6, 29.2, 29.75, 30.10, 714, tse]
[2417, 37.3, 36.0, 36.70, 36.05, 3473, tse]
[2419, 30.75, 29.85, 30.00, 29.95, 1909, tse]
[2420, 55.7, 53.4, 53.40, 55.20, 826, tse]
[2421, 116.0, 110.0, 114.50, 111.50, 14291, tse]
[2423, 48.5, 43.85, 45.80, 46.35, 6410, tse]
[2424, 29.7, 28.0, 29.05, 28.00, 41, tse]
[2425, 37.95, 37.15, 37.35, 37.35, 1796, tse]
[2426, 17.9, 17.4, 17.40, 17.50, 1000, tse]
[2427, 30.15, 28.5, 28.90, 28.65, 17821, tse]
[2428, 160.5, 155.5, 157.00, 157.00, 699, tse]
[2429, 19.7, 19.0, 19.45, 19.30, 136, tse]
[2430, 37.2, 36.2, 36.25, 36.75, 368, tse]
[2431, 12.45, 12.05, 12.30, 12.25, 996, tse]
[2432, 41.4, 39.45, 39.45, 41.00, 81, tse]
[2433, 53.4, 53.0, 53.10, 53.40, 104, tse]
[2434, 35.05, 31.9, 31.90, 33.15, 139, tse]
[2436, 62.5, 61.2, 61.30, 61.40, 2100, tse]
[2438, 21.85, 20.0, 20.30, 21.30, 944, tse]
[2439, 123.5, 118.0, 120.50, 122.00, 8173, tse]
[2440, 16.4, 15.4, 16.10, 15.80, 3379, tse]
[2441, 62.4, 60.1, 60.10, 61.00, 2457, tse]
[2442, 33.35, 30.4, 32.00, 32.30, 25715, tse]
[2444, 11.4, 11.05, 11.05, 11.20, 717, tse]
[2449, 105.0, 93.3, 104.00, 93.50, 96065, tse]
[2450, 39.25, 38.55, 38.70, 39.15, 649, tse]
[2451, 95.0, 91.8, 92.00, 94.50, 4291, tse]
[2453, 62.3, 57.0, 57.80, 58.10, 4174, tse]
[2454, 1055.0, 982.0, 1,055.00, 1,040.00, 27048, tse]
[2455, 158.0, 143.5, 145.00, 146.00, 11560, tse]
[2457, 54.3, 50.7, 51.00, 51.50, 17117, tse]
[2458, 170.0, 151.5, 167.50, 157.00, 16504, tse]
[2459, 73.9, 71.0, 71.20, 72.50, 790, tse]
[2460, 32.0, 30.3, 30.90, 31.00, 1856, tse]
[2461, 26.5, 25.3, 25.55, 25.85, 10447, tse]
[2462, 33.3, 32.5, 32.80, 32.50, 1441, tse]
[2464, 51.9, 46.15, 51.50, 46.45, 20503, tse]
[2465, 133.0, 120.5, 127.50, 123.50, 19962, tse]
[2466, 37.3, 35.95, 36.90, 36.90, 106, tse]
[2467, 137.5, 128.0, 130.00, 129.50, 12297, tse]
[2468, 27.1, 26.3, 26.50, 26.35, 592, tse]
[2471, 57.6, 55.0, 56.90, 56.90, 1427, tse]
[2472, 79.6, 74.9, 75.80, 76.60, 8620, tse]
[2474, 225.0, 213.0, 216.00, 220.50, 10324, tse]
[2476, 75.4, 73.2, 73.50, 73.80, 3644, tse]
[2477, 21.05, 20.8, 20.90, 20.90, 153, tse]
[2478, 50.0, 45.95, 45.95, 48.00, 1921, tse]
[2480, 129.5, 126.5, 127.00, 127.50, 788, tse]
[2481, 58.9, 54.9, 55.00, 56.30, 4503, tse]
[2482, 29.75, 28.95, 29.20, 29.15, 950, tse]
[2483, 23.6, 23.05, 23.35, 23.60, 238, tse]
[2484, 32.7, 32.05, 32.30, 32.35, 1423, tse]
[2485, 20.4, 19.75, 19.90, 20.00, 3062, tse]
[2486, 77.1, 70.1, 74.10, 74.60, 131359, tse]
[2488, 48.55, 46.65, 47.00, 47.85, 1434, tse]
[2489, 15.75, 15.0, 15.50, 15.10, 16807, tse]
[2491, 14.9, 14.35, 14.85, 14.35, 290, tse]
[2492, 121.0, 108.5, 108.50, 117.00, 28620, tse]
[2493, 101.0, 97.7, 99.80, 99.00, 790, tse]
[2495, 21.4, 20.9, 21.10, 21.05, 1891, tse]
[2496, 70.5, 69.0, 69.10, 69.20, 143, tse]
[2497, 58.4, 50.1, 50.50, 56.10, 10133, tse]
[2498, 43.45, 42.25, 42.40, 42.85, 13247, tse]
[2501, 42.3, 37.45, 39.85, 40.50, 426882, tse]
[2504, 51.8, 46.3, 47.50, 49.40, 84383, tse]
[2505, 32.15, 28.15, 31.50, 31.40, 39352, tse]
[2506, 13.85, 12.65, 13.30, 13.50, 40772, tse]
[2509, 26.8, 24.2, 25.25, 26.25, 15857, tse]
[2511, 14.2, 12.5, 13.05, 13.80, 111450, tse]
[2514, 19.45, 17.35, 17.65, 18.70, 15018, tse]
[2515, 19.55, 17.2, 18.25, 17.45, 523992, tse]
[2516, 13.25, 12.3, 12.45, 12.90, 11557, tse]
[2520, 61.2, 53.3, 56.50, 61.00, 123044, tse]
[2524, 57.8, 50.4, 51.40, 55.00, 7112, tse]
[2527, 63.2, 50.4, 58.70, 55.10, 42236, tse]
[2528, 54.7, 49.55, 50.00, 54.30, 5774, tse]
[2530, 55.0, 49.25, 50.30, 54.90, 12278, tse]
[2534, 29.9, 25.95, 26.20, 29.35, 35504, tse]
[2535, 59.3, 56.0, 56.40, 59.10, 4108, tse]
[2536, 40.25, 36.85, 39.15, 39.85, 19389, tse]
[2537, 19.75, 16.45, 16.80, 19.00, 144072, tse]
[2538, 17.8, 15.65, 15.90, 17.80, 23850, tse]
[2539, 76.2, 73.9, 74.70, 75.30, 4401, tse]
[2540, 149.0, 134.0, 136.00, 145.50, 11204, tse]
[2542, 48.2, 42.9, 43.25, 47.20, 92636, tse]
[2543, 59.7, 47.55, 50.50, 59.70, 61511, tse]
[2545, 67.2, 55.5, 60.00, 67.20, 24476, tse]
[2546, 116.5, 103.0, 110.50, 116.50, 6772, tse]
[2547, 12.85, 11.7, 12.00, 12.55, 80941, tse]
[2548, 182.5, 158.0, 162.00, 173.00, 22461, tse]
[2596, 41.9, 38.2, 38.55, 40.85, 2085, otc]
[2597, 186.5, 173.0, 175.00, 186.00, 3347, tse]
[2601, 7.94, 7.7, 7.80, 7.74, 7332, tse]
[2603, 193.5, 178.5, 193.00, 180.00, 150261, tse]
[2605, 27.45, 25.65, 27.20, 25.95, 36052, tse]
[2606, 57.2, 54.2, 56.20, 54.80, 20893, tse]
[2607, 34.95, 33.0, 33.80, 34.25, 31921, tse]
[2608, 43.85, 42.0, 42.80, 42.55, 3213, tse]
[2609, 55.5, 49.85, 55.00, 50.40, 416725, tse]
[2610, 22.2, 20.85, 22.00, 21.50, 286572, tse]
[2611, 32.4, 28.5, 29.45, 28.90, 76154, tse]
[2612, 47.7, 45.25, 46.95, 45.55, 2588, tse]
[2613, 23.3, 22.2, 23.00, 22.35, 1900, tse]
[2614, 20.05, 19.5, 19.50, 19.80, 1958, tse]
[2615, 52.7, 48.45, 50.40, 49.40, 91967, tse]
[2616, 27.15, 26.85, 26.85, 26.95, 457, tse]
[2617, 37.85, 35.95, 36.85, 36.00, 21264, tse]
[2618, 38.45, 35.2, 37.50, 37.70, 907459, tse]
[2630, 45.85, 41.8, 45.50, 41.90, 16069, tse]
[2633, 30.15, 29.9, 29.95, 30.05, 12841, tse]
[2634, 58.4, 56.6, 58.30, 56.80, 46444, tse]
[2636, 106.0, 100.0, 102.00, 101.00, 6826, tse]
[2637, 71.0, 67.6, 69.70, 69.00, 20053, tse]
[2640, 127.0, 122.5, 123.50, 122.50, 700, otc]
[2641, 20.85, 19.9, 20.40, 20.45, 20525, otc]
[2642, 37.85, 37.35, 37.45, 37.65, 237, tse]
[2643, 91.5, 82.6, 82.60, 89.60, 1919, otc]
[2645, 112.5, 109.0, 110.00, 110.00, 5530, tse]
[2701, 13.1, 12.8, 12.90, 13.00, 2192, tse]
[2702, 20.5, 19.75, 20.50, 20.15, 1429, tse]
[2704, 69.5, 66.0, 69.00, 67.20, 4651, tse]
[2705, 22.45, 19.85, 20.60, 22.20, 33318, tse]
[2706, 15.75, 15.4, 15.55, 15.55, 2016, tse]
[2707, 243.0, 228.0, 229.00, 238.00, 4420, tse]
[2712, 33.65, 30.45, 30.60, 32.25, 599, tse]
[2718, 138.5, 103.0, 103.00, 138.00, 1151, otc]
[2719, 74.9, 63.2, 72.40, 67.50, 1456, otc]
[2722, 67.0, 62.0, 67.00, 63.70, 3525, tse]
[2723, 92.3, 90.0, 90.00, 91.20, 1822, tse]
[2724, 40.0, 36.1, 37.90, 38.80, 303, otc]
[2726, 26.15, 22.9, 22.90, 26.15, 243, otc]
[2727, 246.5, 232.0, 232.00, 246.00, 4986, tse]
[2729, 239.5, 235.0, 235.50, 239.00, 298, otc]
[2731, 160.0, 151.0, 156.00, 151.50, 16839, tse]
[2732, 125.5, 120.5, 122.50, 123.50, 492, otc]
[2734, 45.6, 40.9, 45.00, 42.40, 2384, otc]
[2736, 31.95, 28.6, 31.80, 28.80, 7763, otc]
[2739, 76.4, 60.5, 63.90, 75.20, 35400, tse]
[2740, 39.9, 35.8, 39.90, 35.80, 16, otc]
[2743, 165.0, 145.0, 165.00, 151.50, 19399, otc]
[2745, 137.5, 114.0, 127.00, 136.00, 5560, otc]
[2748, 77.3, 73.6, 76.20, 74.30, 6643, tse]
[2752, 294.5, 276.0, 292.00, 294.50, 58, otc]
[2753, 171.0, 168.0, 169.00, 170.50, 891, tse]
[2754, 101.0, 99.5, 100.00, 99.90, 258, otc]
[2755, 98.8, 93.9, 93.90, 98.10, 87, otc]
[2756, 85.9, 84.8, 85.90, 84.80, 12, otc]
[2762, 98.9, 95.9, 97.90, 97.00, 663, tse]
[2801, 18.4, 18.1, 18.10, 18.25, 79010, tse]
[2809, 58.5, 55.5, 55.50, 57.20, 20665, tse]
[2812, 17.95, 17.45, 17.45, 17.80, 22192, tse]
[2816, 36.45, 31.2, 31.20, 35.05, 8785, tse]
[2820, 15.55, 15.05, 15.10, 15.40, 6941, tse]
[2832, 29.75, 28.8, 28.90, 29.50, 4106, tse]
[2834, 17.25, 16.5, 16.55, 17.05, 162227, tse]
[2836, 11.8, 11.55, 11.55, 11.70, 17201, tse]
[2838, 15.5, 15.15, 15.15, 15.45, 10929, tse]
[2845, 15.7, 14.9, 14.90, 15.55, 35022, tse]
[2849, 14.15, 14.0, 14.05, 14.10, 394, tse]
[2850, 98.7, 94.7, 95.00, 97.90, 2664, tse]
[2851, 27.65, 26.85, 27.20, 27.50, 12361, tse]
[2852, 24.35, 20.75, 20.75, 24.25, 18118, tse]
[2855, 28.2, 27.15, 27.40, 28.05, 14749, tse]
[2867, 5.89, 5.6, 5.71, 5.79, 70049, tse]
[2880, 24.4, 22.7, 22.70, 24.25, 161315, tse]
[2881, 69.8, 68.1, 68.20, 69.00, 60688, tse]
[2882, 51.2, 49.25, 49.30, 50.20, 130420, tse]
[2883, 13.85, 13.1, 13.25, 13.65, 190683, tse]
[2884, 27.8, 27.1, 27.15, 27.60, 108894, tse]
[2885, 31.1, 30.2, 30.25, 30.55, 74328, tse]
[2886, 40.35, 39.3, 39.30, 40.05, 74786, tse]
[2887, 18.5, 17.65, 17.65, 18.35, 135742, tse]
[2888, 8.85, 8.42, 8.45, 8.66, 346510, tse]
[2889, 15.25, 13.95, 13.95, 15.10, 86461, tse]
[2890, 22.35, 21.5, 21.65, 22.05, 83890, tse]
[2891, 35.1, 33.35, 33.45, 34.75, 437737, tse]
[2892, 27.6, 27.0, 27.00, 27.40, 60632, tse]
[2897, 10.15, 9.9, 9.92, 10.00, 37872, tse]
[2901, 29.35, 28.0, 28.15, 28.45, 261, tse]
[2903, 34.55, 32.8, 33.50, 34.35, 16125, tse]
[2904, 18.3, 18.1, 18.20, 18.30, 122, tse]
[2905, 14.8, 14.1, 14.10, 14.65, 14204, tse]
[2906, 21.8, 19.4, 19.40, 21.45, 12103, tse]
[2908, 20.85, 20.65, 20.85, 20.85, 937, tse]
[2910, 27.4, 27.0, 27.35, 27.30, 96, tse]
[2911, 6.91, 6.75, 6.81, 6.82, 573, tse]
[2912, 278.5, 271.5, 276.00, 274.50, 5211, tse]
[2913, 24.25, 21.5, 21.50, 23.10, 111124, tse]
[2915, 64.4, 60.2, 60.50, 62.60, 33220, tse]
[2916, 65.9, 60.9, 62.30, 63.10, 1059, otc]
[2923, 26.05, 24.8, 25.00, 25.25, 197, tse]
[2924, 29.75, 29.2, 29.65, 29.75, 5, otc]
[2926, 59.6, 58.6, 59.40, 59.30, 32, otc]
[2929, 9.99, 9.08, 9.08, 9.55, 2165, tse]
[2937, 35.95, 35.1, 35.95, 35.10, 40, otc]
[2939, 26.45, 25.35, 25.75, 25.50, 285, tse]
[2941, 93.5, 91.6, 92.00, 93.40, 70, otc]
[2945, 44.65, 43.7, 43.80, 44.60, 74, tse]
[2947, 84.5, 83.0, 83.00, 83.80, 63, otc]
[2948, 67.0, 65.2, 66.00, 67.00, 50, otc]
[2949, 107.0, 101.5, 102.50, 103.00, 68, otc]
[3002, 14.95, 14.5, 14.80, 14.50, 511, tse]
[3003, 77.5, 73.8, 74.70, 76.00, 6431, tse]
[3004, 117.5, 109.0, 113.00, 109.50, 3795, tse]
[3005, 109.0, 103.0, 107.50, 105.50, 19635, tse]
[3006, 93.2, 86.4, 87.30, 91.10, 30820, tse]
[3008, 2265.0, 2170.0, 2,190.00, 2,215.00, 1723, tse]
[3010, 130.5, 125.0, 125.00, 130.00, 7365, tse]
[3011, 29.3, 27.1, 28.00, 28.60, 2333, tse]
[3013, 76.6, 71.2, 73.20, 74.10, 84686, tse]
[3014, 173.0, 162.5, 163.50, 168.00, 6467, tse]
[3015, 64.2, 61.0, 62.30, 61.10, 4441, tse]
[3016, 63.0, 60.3, 62.00, 60.30, 2840, tse]
[3017, 672.0, 622.0, 663.00, 662.00, 66534, tse]
[3018, 14.95, 14.6, 14.85, 14.80, 59, tse]
[3019, 65.5, 63.6, 63.80, 64.30, 3391, tse]
[3021, 23.7, 22.3, 22.45, 23.70, 1288, tse]
[3022, 80.1, 78.1, 78.10, 78.90, 2231, tse]
[3023, 290.0, 277.0, 283.00, 282.00, 2526, tse]
[3024, 21.05, 19.4, 20.00, 20.70, 24952, tse]
[3025, 72.0, 66.0, 67.80, 70.50, 7825, tse]
[3026, 98.8, 95.2, 95.20, 97.30, 1334, tse]
[3027, 46.85, 44.1, 46.60, 44.10, 8756, tse]
[3028, 36.6, 35.2, 35.90, 36.10, 2834, tse]
[3029, 76.4, 74.0, 74.90, 75.70, 3378, tse]
[3030, 114.5, 100.5, 105.50, 110.50, 21999, tse]
[3031, 20.6, 20.0, 20.30, 20.10, 1504, tse]
[3032, 79.3, 75.3, 76.10, 75.60, 7159, tse]
[3033, 37.0, 33.35, 33.50, 36.25, 56986, tse]
[3034, 635.0, 606.0, 609.00, 634.00, 18888, tse]
[3035, 305.5, 288.0, 302.00, 289.00, 23072, tse]
[3036, 156.5, 142.5, 144.00, 150.00, 28772, tse]
[3037, 187.0, 176.0, 183.00, 176.00, 34071, tse]
[3038, 32.35, 31.4, 31.45, 31.75, 2517, tse]
[3040, 31.25, 29.8, 29.80, 30.90, 4659, tse]
[3041, 24.0, 21.9, 21.95, 23.00, 5240, tse]
[3042, 113.5, 107.5, 108.00, 111.50, 11627, tse]
[3043, 31.25, 29.9, 30.35, 30.30, 483, tse]
[3044, 202.0, 193.5, 195.00, 196.00, 10607, tse]
[3045, 104.5, 103.0, 103.50, 104.50, 19903, tse]
[3046, 62.2, 60.2, 60.20, 61.50, 898, tse]
[3047, 14.9, 14.4, 14.55, 14.45, 4614, tse]
[3048, 23.85, 23.05, 23.10, 23.50, 1506, tse]
[3049, 8.56, 8.07, 8.09, 8.36, 7948, tse]
[3050, 22.8, 20.5, 20.85, 22.65, 7180, tse]
[3051, 37.5, 35.85, 36.90, 36.45, 4138, tse]
[3052, 14.45, 13.6, 14.10, 13.90, 12365, tse]
[3054, 22.5, 20.7, 20.70, 21.05, 164, tse]
[3055, 81.0, 71.4, 71.50, 78.00, 18612, tse]
[3056, 35.3, 32.4, 32.60, 34.90, 32130, tse]
[3057, 12.0, 11.65, 11.80, 11.65, 408, tse]
[3058, 21.85, 20.9, 21.75, 21.10, 4207, tse]
[3059, 40.2, 37.8, 39.50, 37.85, 11543, tse]
[3060, 29.3, 26.6, 28.50, 27.80, 13108, tse]
[3062, 22.05, 21.3, 21.60, 21.50, 6478, tse]
[3064, 48.8, 39.2, 39.35, 48.80, 72, otc]
[3066, 21.9, 20.8, 21.20, 21.90, 435, otc]
[3067, 35.05, 32.6, 34.00, 32.85, 14, otc]
[3071, 35.65, 34.05, 35.15, 34.10, 1042, otc]
[3073, 36.0, 33.2, 36.00, 33.90, 113, otc]
[3078, 78.0, 74.0, 74.40, 76.90, 4897, otc]
[3081, 140.0, 122.0, 124.50, 132.50, 11332, otc]
[3083, 51.5, 48.55, 48.55, 50.20, 1733, otc]
[3085, 15.8, 13.8, 14.50, 14.65, 58, otc]
[3086, 134.5, 113.0, 119.00, 127.00, 2920, otc]
[3088, 88.6, 85.2, 85.40, 87.70, 1846, otc]
[3090, 63.5, 59.5, 59.50, 62.50, 5530, tse]
[3092, 34.45, 32.55, 33.60, 32.60, 1756, tse]
[3093, 30.8, 30.2, 30.75, 30.30, 556, otc]
[3094, 31.75, 30.8, 31.15, 31.00, 757, tse]
[3095, 48.4, 37.2, 37.20, 43.45, 799, otc]
[3105, 149.5, 143.0, 148.00, 143.50, 11179, otc]
[3114, 28.65, 27.85, 28.10, 28.25, 239, otc]
[3115, 10.2, 10.05, 10.20, 10.05, 28, otc]
[3118, 33.35, 32.7, 33.25, 33.20, 518, otc]
[3122, 43.7, 39.3, 40.40, 41.90, 4202, otc]
[3128, 30.9, 29.35, 29.45, 30.70, 424, otc]
[3130, 232.5, 227.5, 227.50, 232.50, 51, tse]
[3131, 1210.0, 1055.0, 1,205.00, 1,095.00, 3721, otc]
[3138, 131.5, 127.0, 128.50, 129.50, 692, tse]
[3141, 87.3, 83.0, 84.00, 86.20, 2229, otc]
[3147, 153.5, 136.0, 137.00, 144.00, 11617, otc]
[3149, 23.8, 22.8, 22.80, 23.20, 1537, tse]
[3152, 224.0, 209.5, 209.50, 219.50, 391, otc]
[3162, 38.8, 36.3, 37.40, 36.70, 1694, otc]
[3163, 109.5, 99.9, 101.00, 103.50, 47441, otc]
[3164, 23.5, 22.9, 23.05, 23.15, 816, tse]
[3167, 65.2, 60.1, 61.00, 64.00, 1674, tse]
[3168, 63.6, 61.8, 63.60, 62.10, 413, tse]
[3169, 121.0, 115.0, 116.50, 118.00, 698, otc]
[3171, 31.05, 30.25, 30.75, 30.40, 1342, otc]
[3176, 39.35, 38.5, 39.20, 39.20, 649, otc]
[3178, 124.0, 118.0, 123.00, 121.00, 3916, otc]
[3188, 35.0, 26.75, 27.50, 33.40, 21596, otc]
[3189, 98.1, 94.0, 97.10, 95.40, 9865, tse]
[3191, 22.75, 21.4, 22.75, 21.50, 70, otc]
[3202, 13.0, 12.3, 12.30, 12.40, 1655, otc]
[3205, 42.5, 41.05, 41.10, 41.50, 339, otc]
[3206, 49.8, 46.15, 46.60, 48.65, 3900, otc]
[3207, 160.0, 149.0, 149.50, 157.50, 8524, otc]
[3209, 34.9, 34.2, 34.20, 34.65, 1760, tse]
[3211, 99.5, 90.6, 91.00, 95.30, 13160, otc]
[3213, 104.0, 98.0, 98.50, 100.50, 2532, otc]
[3217, 163.5, 157.0, 161.00, 157.00, 5222, otc]
[3218, 260.5, 241.5, 242.50, 253.50, 1501, otc]
[3219, 41.05, 38.8, 39.75, 39.15, 105, otc]
[3221, 29.3, 26.2, 26.45, 28.70, 3170, otc]
[3224, 44.1, 39.05, 41.50, 43.80, 2298, otc]
[3226, 59.0, 55.5, 55.80, 56.00, 54, otc]
[3227, 160.0, 154.5, 159.00, 158.00, 3733, otc]
[3228, 358.0, 319.0, 319.00, 340.00, 1153, otc]
[3229, 15.45, 15.05, 15.30, 15.10, 65, tse]
[3230, 13.8, 11.65, 12.70, 13.20, 3732, otc]
[3231, 116.5, 110.5, 114.50, 111.00, 153103, tse]
[3232, 30.8, 29.05, 30.30, 29.20, 911, otc]
[3234, 51.0, 46.0, 48.40, 47.70, 31855, otc]
[3236, 22.15, 19.85, 19.90, 22.15, 2860, otc]
[3252, 22.8, 21.6, 22.30, 22.55, 1345, otc]
[3257, 63.3, 60.0, 60.00, 62.30, 853, tse]
[3259, 28.9, 26.8, 28.90, 28.00, 89, otc]
[3260, 104.5, 98.5, 100.00, 104.00, 18445, otc]
[3264, 76.4, 71.4, 76.40, 72.60, 27006, otc]
[3265, 135.0, 127.0, 130.00, 133.50, 9632, otc]
[3266, 26.35, 21.1, 21.45, 25.60, 28471, tse]
[3268, 25.75, 24.65, 25.35, 25.00, 399, otc]
[3272, 31.35, 29.15, 29.15, 30.50, 327, otc]
[3276, 19.55, 18.75, 18.75, 19.05, 897, otc]
[3284, 37.4, 33.3, 34.50, 33.95, 8395, otc]
[3285, 26.8, 25.95, 26.70, 25.95, 52, otc]
[3287, 59.0, 47.5, 47.50, 47.90, 29043, otc]
[3288, 28.0, 27.0, 27.85, 27.35, 93, otc]
[3289, 147.0, 138.0, 142.00, 140.00, 25331, otc]
[3290, 26.75, 25.65, 25.80, 26.30, 2295, otc]
[3293, 1030.0, 990.0, 1,025.00, 990.00, 3391, otc]
[3294, 38.9, 35.15, 35.60, 37.10, 7371, otc]
[3296, 25.75, 23.1, 23.55, 25.05, 2812, tse]
[3297, 21.05, 19.7, 21.00, 19.70, 1216, otc]
[3303, 35.55, 33.55, 34.10, 34.55, 880, otc]
[3305, 65.8, 61.4, 61.40, 64.60, 5131, tse]
[3306, 59.2, 53.3, 54.90, 54.00, 10184, otc]
[3308, 26.65, 25.8, 26.00, 25.80, 676, tse]
[3310, 107.0, 105.0, 106.50, 105.00, 150, otc]
[3311, 39.6, 38.6, 39.05, 39.60, 240, tse]
[3312, 48.4, 42.7, 46.20, 46.40, 52114, tse]
[3313, 22.45, 17.6, 17.60, 22.45, 9396, otc]
[3317, 52.1, 50.9, 50.90, 51.50, 455, otc]
[3321, 19.0, 17.0, 17.50, 18.80, 2345, tse]
[3322, 22.55, 21.65, 21.90, 22.10, 2716, otc]
[3323, 25.95, 24.1, 24.35, 24.45, 940, otc]
[3324, 847.0, 769.0, 846.00, 817.00, 30797, otc]
[3325, 33.1, 31.8, 32.65, 31.80, 2581, otc]
[3332, 43.4, 43.2, 43.30, 43.30, 5, otc]
[3338, 76.5, 71.6, 72.40, 72.10, 25665, tse]
[3339, 39.0, 37.0, 37.00, 37.40, 4832, otc]
[3346, 43.6, 41.8, 42.10, 42.25, 2291, tse]
[3349, 23.5, 22.3, 23.25, 23.50, 52, otc]
[3354, 24.55, 22.45, 22.50, 22.85, 1408, otc]
[3356, 54.4, 52.5, 53.40, 54.00, 2513, tse]
[3357, 132.0, 119.5, 124.00, 129.50, 6643, otc]
[3360, 15.4, 14.45, 14.75, 14.75, 2501, otc]
[3362, 210.5, 201.0, 203.50, 205.50, 2995, otc]
[3363, 132.5, 118.0, 122.00, 119.50, 85494, otc]
[3372, 18.25, 17.3, 18.00, 17.45, 3085, otc]
[3373, 23.65, 22.7, 23.00, 23.30, 288, otc]
[3374, 120.0, 116.0, 119.00, 117.00, 2154, otc]
[3376, 176.5, 157.5, 157.50, 169.50, 28539, tse]
[3379, 14.4, 14.15, 14.20, 14.35, 121, otc]
[3380, 33.25, 32.15, 32.50, 32.65, 4558, tse]
[3388, 78.4, 76.2, 76.30, 77.90, 264, otc]
[3390, 27.75, 26.65, 27.25, 27.35, 2033, otc]
[3402, 113.5, 105.0, 105.50, 107.50, 7660, otc]
[3406, 463.0, 428.5, 430.00, 460.00, 6746, tse]
[3413, 304.0, 288.5, 292.00, 297.50, 5095, tse]
[3416, 150.0, 143.0, 148.00, 145.00, 1459, tse]
[3419, 16.95, 16.1, 16.10, 16.65, 1150, tse]
[3426, 45.2, 43.7, 43.70, 45.20, 50, otc]
[3430, 54.5, 50.6, 50.80, 52.50, 1587, otc]
[3432, 19.9, 17.65, 17.75, 19.55, 620, tse]
[3434, 29.05, 28.25, 29.00, 28.45, 162, otc]
[3437, 27.5, 26.4, 26.80, 26.75, 1939, tse]
[3438, 80.4, 73.3, 74.10, 79.70, 3891, otc]
[3441, 40.15, 37.75, 40.10, 38.05, 2878, otc]
[3443, 1410.0, 1335.0, 1,350.00, 1,345.00, 13729, tse]
[3444, 121.5, 114.0, 120.50, 115.00, 2789, otc]
[3447, 31.5, 29.85, 30.60, 30.30, 127, tse]
[3450, 64.7, 62.2, 62.50, 63.30, 11755, tse]
[3454, 139.5, 132.5, 137.00, 133.00, 654, tse]
[3455, 93.8, 88.7, 92.30, 90.50, 6297, otc]
[3465, 71.8, 64.2, 64.20, 71.00, 65, otc]
[3466, 51.3, 37.75, 38.00, 50.30, 38348, otc]
[3479, 123.0, 116.5, 117.00, 118.50, 3288, otc]
[3481, 14.55, 13.55, 14.15, 13.70, 319503, tse]
[3483, 168.0, 154.5, 158.50, 160.50, 29913, otc]
[3484, 50.9, 48.1, 48.70, 50.20, 966, otc]
[3489, 30.35, 26.8, 27.50, 29.65, 4316, otc]
[3490, 32.85, 29.7, 31.55, 29.80, 4083, otc]
[3491, 205.5, 190.0, 199.00, 200.00, 14016, otc]
[3492, 19.4, 19.0, 19.35, 19.20, 218, otc]
[3494, 5.3, 5.05, 5.20, 5.17, 362, tse]
[3498, 33.4, 31.65, 32.80, 31.80, 662, otc]
[3499, 19.9, 19.2, 19.90, 19.45, 491, otc]
[3501, 62.7, 58.8, 59.60, 61.60, 2951, tse]
[3504, 55.8, 54.0, 54.60, 55.30, 1016, tse]
[3508, 24.6, 23.85, 24.35, 24.30, 389, otc]
[3511, 26.5, 25.5, 26.10, 25.75, 246, otc]
[3512, 48.75, 41.2, 41.90, 47.30, 15306, otc]
[3515, 232.0, 219.5, 225.50, 219.50, 3181, tse]
[3516, 23.45, 22.4, 23.45, 22.40, 538, otc]
[3518, 28.25, 27.05, 27.60, 27.60, 600, tse]
[3520, 18.1, 17.2, 17.65, 17.20, 551, otc]
[3521, 21.9, 20.35, 21.10, 21.00, 898, otc]
[3522, 17.75, 17.05, 17.45, 17.65, 784, otc]
[3523, 20.0, 19.05, 19.60, 19.80, 112, otc]
[3526, 231.0, 218.5, 223.00, 230.00, 1702, otc]
[3527, 97.0, 92.5, 92.80, 94.80, 942, otc]
[3528, 49.5, 48.05, 48.90, 49.45, 177, tse]
[3529, 2435.0, 2165.0, 2,165.00, 2,250.00, 3246, otc]
[3530, 96.3, 93.1, 94.50, 93.60, 795, tse]
[3531, 32.35, 31.15, 31.55, 31.85, 99, otc]
[3532, 184.0, 171.5, 179.00, 171.50, 6897, tse]
[3533, 1485.0, 1395.0, 1,475.00, 1,425.00, 2801, tse]
[3535, 23.5, 22.3, 22.95, 22.30, 3037, tse]
[3537, 43.95, 41.2, 41.20, 43.45, 2067, otc]
[3540, 42.75, 41.2, 42.05, 41.35, 1409, otc]
[3541, 28.05, 26.8, 27.90, 27.35, 834, otc]
[3543, 24.65, 23.6, 23.60, 24.25, 824, tse]
[3545, 86.6, 83.1, 83.50, 84.80, 5033, tse]
[3546, 82.7, 80.3, 80.90, 81.50, 853, otc]
[3548, 228.0, 212.5, 219.50, 213.50, 13562, otc]
[3550, 15.0, 14.7, 14.85, 14.80, 280, tse]
[3551, 109.5, 103.0, 106.50, 103.00, 1145, otc]
[3552, 118.5, 104.5, 104.50, 116.50, 3297, otc]
[3555, 39.6, 32.2, 34.95, 39.60, 420, otc]
[3556, 52.1, 49.8, 50.20, 51.30, 239, otc]
[3557, 78.6, 72.7, 73.50, 77.70, 4332, tse]
[3558, 186.0, 176.0, 178.00, 179.00, 854, otc]
[3563, 485.0, 431.0, 480.00, 433.00, 10827, tse]
[3564, 68.3, 54.3, 54.30, 68.30, 2573, otc]
[3567, 42.35, 41.05, 41.60, 41.85, 472, otc]
[3570, 157.0, 153.0, 153.50, 157.00, 202, otc]
[3576, 12.3, 11.7, 12.05, 11.75, 18891, tse]
[3577, 60.0, 57.0, 58.70, 57.00, 157, otc]
[3580, 52.2, 50.1, 51.20, 50.20, 362, otc]
[3581, 29.5, 28.05, 28.60, 28.05, 497, otc]
[3583, 356.0, 329.0, 342.00, 342.50, 19965, tse]
[3587, 302.5, 288.0, 299.50, 295.50, 2831, otc]
[3588, 92.0, 87.2, 87.20, 87.70, 2590, tse]
[3591, 24.5, 23.3, 23.65, 24.45, 1645, tse]
[3592, 434.5, 420.0, 430.00, 429.00, 1660, tse]
[3593, 11.7, 11.0, 11.40, 11.20, 86, tse]
[3594, 43.4, 42.25, 43.00, 42.65, 644, otc]
[3596, 179.5, 170.5, 172.50, 171.00, 6756, tse]
[3597, 24.1, 23.7, 24.10, 23.85, 86, otc]
[3605, 41.95, 40.15, 41.60, 40.20, 4161, tse]
[3607, 17.25, 16.8, 17.05, 16.95, 1942, tse]
[3609, 43.85, 38.9, 40.40, 40.50, 764, otc]
[3611, 230.5, 226.5, 227.00, 228.50, 187, otc]
[3615, 25.7, 24.7, 24.80, 24.70, 1922, otc]
[3617, 294.5, 254.0, 261.50, 294.50, 9632, tse]
[3622, 59.4, 56.6, 59.10, 57.10, 5987, tse]
[3623, 33.0, 31.0, 33.00, 31.00, 902, otc]
[3624, 51.2, 46.0, 46.45, 50.10, 3380, otc]
[3625, 13.2, 13.05, 13.20, 13.10, 347, otc]
[3628, 50.5, 48.0, 50.30, 48.00, 447, otc]
[3629, 30.9, 25.1, 25.45, 29.70, 83, otc]
[3630, 30.2, 29.0, 29.70, 29.00, 622, otc]
[3631, 46.75, 43.35, 43.70, 46.15, 1547, otc]
[3632, 13.75, 13.15, 13.15, 13.20, 32, otc]
[3645, 47.5, 43.25, 43.60, 44.25, 5094, tse]
[3646, 31.25, 30.3, 30.40, 30.95, 297, otc]
[3652, 30.15, 29.2, 29.70, 29.50, 583, tse]
[3653, 992.0, 923.0, 978.00, 925.00, 3847, tse]
[3661, 3270.0, 3090.0, 3,270.00, 3,145.00, 11116, tse]
[3663, 46.5, 44.55, 45.60, 44.55, 1653, otc]
[3664, 30.75, 29.3, 30.00, 29.80, 713, otc]
[3665, 237.5, 225.0, 232.00, 225.00, 4957, tse]
[3666, 41.6, 36.75, 37.00, 40.20, 5824, otc]
[3669, 48.5, 46.85, 48.05, 46.95, 401, tse]
[3672, 25.0, 23.0, 23.25, 23.95, 720, otc]
[3673, 39.0, 37.35, 38.10, 37.40, 7237, tse]
[3675, 317.5, 297.0, 303.00, 297.00, 1955, otc]
[3679, 154.0, 137.0, 141.00, 146.50, 6248, tse]
[3680, 433.0, 396.0, 428.50, 397.00, 6702, otc]
[3684, 45.3, 44.0, 44.50, 45.25, 60, otc]
[3685, 18.8, 18.4, 18.65, 18.65, 132, otc]
[3686, 20.9, 18.7, 20.40, 18.80, 6304, tse]
[3687, 95.4, 91.1, 94.00, 93.00, 469, otc]
[3689, 64.2, 61.7, 63.10, 62.00, 2898, otc]
[3691, 166.5, 142.5, 145.00, 163.50, 6851, otc]
[3693, 319.0, 308.5, 314.00, 308.50, 1118, otc]
[3694, 45.25, 43.5, 43.80, 44.05, 2682, tse]
[3701, 59.0, 55.9, 56.60, 56.20, 3094, tse]
[3702, 92.1, 85.6, 85.60, 91.80, 21754, tse]
[3703, 40.9, 37.8, 39.20, 39.60, 76600, tse]
[3704, 42.1, 40.65, 41.25, 40.65, 6776, tse]
[3705, 49.7, 48.55, 48.55, 49.55, 1716, tse]
[3706, 46.55, 43.75, 46.30, 43.75, 39864, tse]
[3707, 71.5, 67.1, 69.30, 67.10, 12368, otc]
[3708, 155.0, 144.0, 149.50, 147.50, 21860, tse]
[3709, 24.3, 23.65, 23.70, 24.20, 168, otc]
[3710, 10.45, 10.15, 10.15, 10.20, 2445, otc]
[3711, 149.0, 142.0, 143.50, 148.00, 47196, tse]
[3712, 45.45, 43.1, 44.85, 43.35, 7152, tse]
[3713, 23.85, 22.3, 23.00, 22.40, 290, otc]
[3714, 43.4, 41.5, 41.50, 42.60, 14139, tse]
[3715, 69.8, 60.4, 61.10, 63.80, 94452, tse]
[4102, 39.2, 35.6, 38.80, 35.60, 1156, otc]
[4104, 93.8, 90.9, 91.60, 91.90, 838, tse]
[4105, 77.8, 76.6, 76.60, 77.60, 1723, otc]
[4106, 28.1, 27.7, 27.85, 28.00, 454, tse]
[4107, 124.0, 120.0, 124.00, 122.00, 705, otc]
[4108, 20.2, 19.75, 19.80, 20.20, 691, tse]
[4109, 26.0, 24.75, 24.80, 25.30, 5288, otc]
[4111, 26.05, 25.8, 26.05, 26.00, 105, otc]
[4113, 50.0, 45.7, 46.20, 49.50, 4685, otc]
[4114, 39.0, 38.15, 38.15, 38.75, 2799, otc]
[4116, 57.0, 55.3, 55.50, 55.90, 392, otc]
[4119, 89.2, 88.2, 89.10, 88.50, 325, tse]
[4120, 43.4, 41.85, 41.85, 42.45, 203, otc]
[4121, 23.1, 22.4, 22.55, 22.55, 835, otc]
[4123, 43.9, 43.05, 43.05, 43.55, 3597, otc]
[4126, 91.3, 90.5, 91.10, 90.70, 332, otc]
[4127, 40.4, 34.5, 34.50, 39.35, 25977, otc]
[4128, 42.85, 40.95, 41.20, 42.40, 3972, otc]
[4129, 101.5, 98.0, 98.20, 100.00, 4535, otc]
[4130, 24.6, 24.05, 24.25, 24.05, 832, otc]
[4131, 33.25, 30.5, 31.00, 32.50, 168, otc]
[4133, 31.9, 31.15, 31.20, 31.40, 394, tse]
[4137, 191.5, 187.5, 188.00, 188.50, 505, tse]
[4138, 121.0, 114.5, 115.00, 115.00, 632, otc]
[4139, 30.45, 29.7, 29.70, 30.00, 21, otc]
[4142, 27.75, 27.05, 27.05, 27.60, 2388, tse]
[4147, 86.3, 83.5, 83.90, 85.80, 2833, otc]
[4148, 53.3, 51.3, 51.70, 52.40, 231, tse]
[4153, 39.6, 38.75, 38.80, 38.85, 196, otc]
[4154, 13.45, 13.05, 13.45, 13.05, 31, otc]
[4155, 28.2, 25.8, 26.50, 25.95, 16540, tse]
[4157, 15.9, 15.0, 15.40, 15.00, 8861, otc]
[4160, 54.7, 49.6, 53.00, 53.20, 2189, otc]
[4161, 36.3, 33.9, 34.20, 34.80, 587, otc]
[4162, 96.0, 91.5, 91.50, 93.80, 1798, otc]
[4163, 119.5, 118.0, 119.50, 118.50, 217, otc]
[4164, 56.4, 52.0, 55.80, 52.90, 3432, tse]
[4167, 22.15, 20.75, 21.40, 20.75, 7204, otc]
[4168, 26.0, 25.2, 25.40, 25.20, 754, otc]
[4171, 32.8, 31.85, 32.00, 32.50, 549, otc]
[4173, 22.0, 21.7, 21.70, 21.85, 408, otc]
[4174, 62.6, 59.5, 59.60, 61.50, 1156, otc]
[4175, 78.0, 76.5, 78.00, 76.80, 81, otc]
[4183, 22.15, 21.3, 21.35, 21.75, 163, otc]
[4188, 28.15, 26.7, 27.20, 26.85, 423, otc]
[4190, 54.0, 49.95, 50.70, 52.50, 662, tse]
[4192, 51.7, 46.7, 48.60, 48.20, 281, otc]
[4198, 50.7, 45.05, 47.65, 49.10, 657, otc]
[4205, 96.9, 95.8, 95.90, 96.50, 70, otc]
[4207, 19.35, 19.05, 19.20, 19.15, 997, otc]
[4303, 64.6, 49.6, 50.40, 64.60, 27163, otc]
[4304, 5.18, 4.8, 5.00, 5.18, 41, otc]
[4305, 41.75, 41.15, 41.75, 41.65, 43, otc]
[4306, 21.3, 20.1, 20.45, 20.70, 32913, tse]
[4401, 27.05, 26.1, 26.80, 26.35, 800, otc]
[4402, 44.4, 31.0, 38.70, 34.75, 10342, otc]
[4406, 11.0, 10.25, 10.45, 10.55, 367, otc]
[4413, 18.4, 17.7, 18.10, 18.00, 24, otc]
[4414, 3.67, 3.51, 3.57, 3.67, 2120, tse]
[4416, 111.0, 104.5, 105.00, 107.00, 195, otc]
[4417, 39.65, 38.95, 38.95, 39.35, 347, otc]
[4419, 44.95, 40.55, 44.50, 43.55, 31, otc]
[4420, 50.3, 48.05, 50.30, 48.10, 1120, otc]
[4426, 18.2, 17.15, 18.20, 17.35, 762, tse]
[4430, 21.65, 21.45, 21.50, 21.60, 47, otc]
[4432, 24.0, 23.35, 23.50, 23.90, 503, otc]
[4433, 29.6, 29.25, 29.25, 29.50, 195, otc]
[4438, 110.0, 107.0, 107.00, 109.00, 244, tse]
[4439, 111.0, 108.0, 109.50, 109.00, 142, tse]
[4440, 26.45, 24.75, 26.45, 25.70, 868, tse]
[4442, 25.75, 23.6, 23.65, 25.35, 242, otc]
[4502, 35.05, 32.0, 35.00, 32.00, 152, otc]
[4503, 55.8, 53.7, 54.30, 54.30, 668, otc]
[4506, 115.0, 107.5, 109.00, 114.00, 721, otc]
[4510, 17.95, 17.05, 17.90, 17.10, 2453, otc]
[4513, 43.2, 38.2, 40.40, 40.55, 20862, otc]
[4523, 51.9, 50.9, 51.50, 51.80, 84, otc]
[4526, 25.15, 22.3, 23.70, 22.85, 48691, tse]
[4527, 45.85, 43.2, 43.95, 45.15, 689, otc]
[4528, 29.7, 29.5, 29.65, 29.55, 128, otc]
[4529, 12.5, 11.15, 11.40, 11.95, 402, otc]
[4530, 7.26, 7.0, 7.05, 7.05, 75, otc]
[4532, 29.2, 26.7, 29.05, 26.75, 20081, tse]
[4533, 41.05, 35.25, 38.80, 38.15, 66838, otc]
[4534, 12.0, 10.8, 11.05, 11.90, 927, otc]
[4535, 33.65, 33.35, 33.40, 33.60, 104, otc]
[4536, 198.0, 193.0, 195.50, 194.00, 1103, tse]
[4538, 20.65, 20.3, 20.30, 20.60, 136, otc]
[4540, 33.3, 32.5, 32.65, 32.85, 436, tse]
[4541, 31.9, 30.8, 31.75, 31.00, 688, otc]
[4542, 69.6, 64.9, 65.70, 67.30, 1351, otc]
[4543, 49.25, 47.25, 48.25, 47.25, 1804, otc]
[4545, 32.5, 31.35, 31.50, 31.80, 265, tse]
[4549, 96.0, 94.1, 94.30, 96.00, 136, otc]
[4550, 38.4, 37.9, 38.20, 38.15, 226, otc]
[4551, 103.0, 95.9, 95.90, 99.20, 707, tse]
[4552, 30.55, 30.2, 30.50, 30.50, 646, tse]
[4554, 30.8, 27.85, 27.90, 29.35, 1044, otc]
[4555, 64.6, 62.9, 64.60, 63.80, 59, tse]
[4556, 40.25, 37.55, 38.50, 37.60, 692, otc]
[4557, 125.0, 119.5, 120.00, 122.00, 239, tse]
[4558, 39.4, 29.45, 29.45, 34.90, 3048, otc]
[4560, 37.75, 37.0, 37.20, 37.40, 873, tse]
[4561, 35.3, 33.3, 33.90, 34.90, 843, otc]
[4562, 19.35, 18.0, 19.35, 18.00, 2070, tse]
[4563, 49.35, 46.7, 47.70, 47.75, 770, otc]
[4564, 22.85, 22.15, 22.40, 22.65, 2335, tse]
[4566, 51.1, 49.6, 50.10, 50.40, 564, tse]
[4568, 53.9, 52.6, 53.20, 52.60, 80, otc]
[4569, 97.4, 90.4, 95.80, 93.00, 15, tse]
[4571, 96.7, 93.6, 94.90, 94.30, 218, tse]
[4572, 161.0, 155.5, 160.00, 156.50, 1471, tse]
[4576, 76.3, 72.4, 75.60, 73.00, 604, tse]
[4577, 19.65, 19.1, 19.45, 19.40, 119, otc]
[4580, 97.4, 96.0, 96.50, 96.60, 147, otc]
[4581, 65.0, 64.0, 64.00, 64.80, 143, tse]
[4583, 268.0, 252.5, 268.00, 259.00, 1533, tse]
[4584, 72.5, 68.2, 68.30, 70.80, 114, otc]
[4588, 126.0, 114.0, 117.00, 115.00, 1885, tse]
[4609, 8.88, 8.28, 8.40, 8.47, 137, otc]
[4702, 12.9, 12.6, 12.80, 12.90, 290, otc]
[4706, 27.0, 26.4, 26.85, 26.50, 113, otc]
[4707, 14.15, 13.9, 13.95, 14.10, 2327, otc]
[4711, 17.15, 16.75, 17.00, 17.00, 252, otc]
[4714, 25.2, 20.15, 20.15, 22.60, 74771, otc]
[4716, 19.25, 17.6, 18.90, 18.10, 11357, otc]
[4720, 17.55, 16.65, 16.65, 17.05, 3627, tse]
[4721, 76.5, 69.0, 69.20, 72.00, 3022, otc]
[4722, 40.6, 39.9, 40.30, 40.05, 369, tse]
[4726, 44.85, 43.05, 44.65, 43.80, 4300, otc]
[4728, 238.0, 225.5, 226.00, 232.50, 149, otc]
[4729, 18.0, 17.35, 17.55, 17.55, 210, otc]
[4735, 35.55, 34.85, 35.50, 35.30, 108, otc]
[4736, 157.0, 153.0, 154.00, 156.00, 1131, tse]
[4737, 69.0, 68.0, 69.00, 68.00, 142, tse]
[4739, 65.8, 58.3, 58.30, 62.30, 5979, tse]
[4741, 43.0, 39.6, 40.20, 41.25, 397, otc]
[4743, 162.5, 154.0, 154.00, 158.00, 5313, otc]
[4744, 25.4, 24.1, 24.30, 25.20, 1161, otc]
[4745, 24.0, 23.35, 23.35, 23.60, 77, otc]
[4746, 103.5, 98.7, 100.00, 98.70, 5585, tse]
[4747, 79.4, 74.2, 74.20, 76.50, 1447, otc]
[4754, 42.35, 41.5, 41.50, 42.00, 73, otc]
[4755, 151.5, 141.5, 144.00, 144.00, 1175, tse]
[4760, 122.5, 103.5, 110.00, 114.50, 9121, otc]
[4763, 834.0, 780.0, 780.00, 794.00, 7981, tse]
[4764, 34.5, 33.2, 33.20, 34.35, 110, tse]
[4766, 366.5, 341.0, 344.00, 356.00, 3293, tse]
[4767, 30.45, 30.1, 30.20, 30.35, 30, otc]
[4768, 282.0, 255.0, 263.00, 276.00, 2074, otc]
[4770, 433.0, 410.0, 411.50, 413.00, 1236, tse]
[4771, 324.0, 306.5, 312.00, 313.50, 1012, tse]
[4804, 4.28, 4.0, 4.03, 4.07, 317, otc]
[4806, 13.6, 12.3, 12.90, 12.75, 86, otc]
[4807, 17.65, 17.1, 17.30, 17.55, 73, tse]
[4903, 17.25, 16.6, 17.00, 16.80, 396, otc]
[4904, 81.5, 80.6, 80.90, 81.00, 22158, tse]
[4905, 108.0, 99.1, 99.80, 108.00, 1073, otc]
[4906, 33.6, 32.8, 33.00, 33.30, 6917, tse]
[4907, 84.3, 68.7, 69.80, 82.80, 2058, otc]
[4908, 103.0, 97.0, 99.00, 97.00, 7231, otc]
[4909, 91.8, 80.2, 89.80, 80.50, 22551, otc]
[4911, 60.0, 58.9, 58.90, 59.10, 111, otc]
[4912, 133.0, 125.5, 132.50, 127.00, 1530, tse]
[4915, 98.0, 87.3, 87.80, 96.40, 45211, tse]
[4916, 33.3, 32.8, 33.10, 32.90, 999, tse]
[4919, 134.0, 128.5, 132.50, 130.00, 8837, tse]
[4923, 49.5, 46.5, 46.75, 49.10, 441, otc]
[4924, 19.3, 18.0, 18.85, 18.45, 1827, otc]
[4927, 42.9, 39.0, 39.20, 42.20, 4514, tse]
[4930, 36.45, 34.4, 35.00, 34.45, 867, tse]
[4931, 33.35, 31.35, 31.35, 32.05, 1424, otc]
[4933, 59.7, 57.0, 57.00, 59.70, 827, otc]
[4934, 23.1, 22.0, 23.00, 22.45, 1462, tse]
[4935, 64.5, 60.8, 61.70, 63.80, 1322, tse]
[4938, 98.8, 95.1, 97.30, 97.10, 32939, tse]
[4939, 22.35, 21.35, 21.50, 21.60, 1248, otc]
[4942, 46.15, 45.55, 45.80, 45.95, 867, tse]
[4943, 21.75, 19.55, 20.90, 20.45, 183, tse]
[4945, 106.0, 98.9, 106.00, 99.90, 766, otc]
[4946, 45.15, 42.55, 45.15, 42.90, 37, otc]
[4951, 74.8, 72.9, 74.40, 73.10, 210, otc]
[4952, 50.9, 48.9, 48.90, 50.30, 1064, tse]
[4953, 140.0, 136.5, 136.50, 137.00, 1468, otc]
[4956, 20.15, 19.35, 19.85, 19.60, 2079, tse]
[4958, 118.5, 113.5, 115.00, 115.50, 14760, tse]
[4960, 13.75, 12.75, 12.85, 12.95, 28516, tse]
[4961, 268.0, 241.0, 242.00, 260.00, 11168, tse]
[4966, 826.0, 736.0, 739.00, 784.00, 7770, otc]
[4967, 98.6, 86.1, 88.00, 94.70, 47202, tse]
[4968, 188.5, 172.5, 173.50, 183.00, 13205, tse]
[4971, 65.4, 62.8, 63.00, 63.90, 779, otc]
[4972, 28.15, 27.7, 27.90, 28.05, 119, otc]
[4973, 37.55, 36.3, 36.40, 37.20, 2179, otc]
[4974, 73.8, 70.8, 71.70, 72.80, 1409, otc]
[4976, 45.3, 39.55, 39.55, 41.65, 7464, tse]
[4977, 74.1, 72.0, 73.10, 72.00, 1154, tse]
[4979, 123.5, 115.0, 116.00, 120.00, 11860, otc]
[4987, 61.9, 60.9, 61.80, 61.90, 44, otc]
[4989, 27.7, 26.2, 26.35, 26.55, 1068, tse]
[4991, 30.9, 27.55, 28.75, 30.00, 387, otc]
[4994, 137.5, 119.0, 119.50, 126.50, 5770, tse]
[4995, 58.2, 54.5, 58.20, 55.70, 747, otc]
[4999, 33.8, 33.4, 33.65, 33.55, 412, tse]
[5007, 57.8, 56.7, 56.80, 57.10, 298, tse]
[5009, 59.0, 53.1, 53.20, 57.00, 127733, otc]
[5011, 25.5, 24.4, 25.25, 24.65, 1083, otc]
[5013, 35.2, 34.5, 34.55, 35.05, 71, otc]
[5014, 13.6, 13.35, 13.50, 13.40, 849, otc]
[5015, 45.6, 44.5, 44.80, 45.60, 233, otc]
[5016, 28.95, 28.2, 28.25, 28.35, 51, otc]
[5201, 31.9, 30.4, 30.40, 31.50, 752, otc]
[5202, 20.45, 19.3, 20.20, 19.70, 1473, otc]
[5203, 91.9, 88.3, 88.30, 90.50, 1138, tse]
[5205, 28.95, 27.55, 27.55, 28.90, 14, otc]
[5206, 39.95, 37.35, 38.50, 39.65, 1387, otc]
[5209, 204.0, 195.5, 196.00, 199.50, 202, otc]
[5210, 36.5, 33.05, 34.20, 35.25, 3903, otc]
[5211, 27.0, 25.8, 25.80, 26.60, 386, otc]
[5212, 67.5, 66.3, 67.50, 66.90, 167, otc]
[5213, 48.5, 41.15, 41.15, 47.95, 15090, otc]
[5215, 51.2, 48.65, 48.65, 50.00, 337, tse]
[5220, 27.2, 26.55, 27.20, 26.85, 133, otc]
[5222, 172.0, 167.0, 170.50, 167.00, 1901, tse]
[5223, 38.4, 37.45, 38.05, 37.65, 110, otc]
[5225, 120.5, 108.0, 112.50, 119.50, 5558, tse]
[5227, 37.9, 34.6, 35.30, 34.95, 1608, otc]
[5228, 22.7, 22.05, 22.70, 22.50, 31, otc]
[5230, 40.55, 34.1, 38.90, 34.40, 51092, otc]
[5234, 156.5, 149.0, 155.00, 149.00, 3861, tse]
[5236, 154.5, 142.5, 143.00, 150.00, 1439, otc]
[5243, 57.8, 55.3, 55.50, 55.60, 2930, tse]
[5244, 44.95, 42.65, 43.40, 43.45, 367, tse]
[5245, 33.4, 33.0, 33.15, 33.25, 88, otc]
[5251, 41.95, 35.8, 38.45, 36.80, 17544, otc]
[5258, 130.5, 125.5, 128.00, 128.00, 6630, tse]
[5263, 128.5, 122.0, 123.50, 126.50, 1863, otc]
[5269, 2090.0, 1910.0, 1,965.00, 2,035.00, 2892, tse]
[5272, 33.65, 32.3, 32.50, 32.35, 929, otc]
[5274, 3310.0, 3015.0, 3,060.00, 3,235.00, 1280, otc]
[5276, 14.6, 14.05, 14.20, 14.55, 26, otc]
[5278, 248.0, 241.0, 241.50, 248.00, 47, otc]
[5283, 115.5, 114.0, 114.50, 115.50, 224, tse]
[5284, 164.5, 150.0, 160.00, 151.50, 3813, tse]
[5285, 67.1, 65.5, 65.80, 66.20, 348, tse]
[5287, 203.0, 200.0, 200.00, 201.50, 154, otc]
[5288, 198.0, 190.0, 191.00, 193.50, 121, tse]
[5289, 295.0, 287.5, 288.50, 287.50, 1147, otc]
[5291, 27.5, 26.7, 26.95, 27.20, 169, otc]
[5292, 146.0, 140.5, 146.00, 142.00, 431, tse]
[5299, 104.0, 98.1, 98.10, 102.00, 1003, otc]
[5301, 13.4, 10.75, 10.85, 12.55, 2602, otc]
[5302, 10.75, 10.4, 10.60, 10.40, 525, otc]
[5306, 147.0, 142.0, 142.00, 142.50, 835, tse]
[5309, 35.3, 34.05, 34.05, 34.75, 2340, otc]
[5310, 43.85, 40.0, 43.60, 41.90, 583, otc]
[5312, 107.0, 102.5, 102.50, 103.00, 365, otc]
[5314, 299.0, 252.0, 252.00, 279.50, 438, otc]
[5315, 18.55, 18.15, 18.30, 18.25, 362, otc]
[5321, 72.1, 70.0, 71.00, 71.30, 597, otc]
[5324, 16.35, 14.3, 15.30, 15.90, 13522, otc]
[5328, 15.4, 13.9, 14.10, 14.65, 5340, otc]
[5340, 55.6, 53.2, 53.80, 53.20, 1835, otc]
[5344, 21.1, 19.7, 19.80, 20.30, 253, otc]
[5345, 11.95, 11.2, 11.95, 11.80, 16, otc]
[5347, 94.3, 83.4, 83.50, 92.80, 109453, otc]
[5348, 15.95, 14.0, 14.80, 15.95, 290, otc]
[5351, 48.75, 47.4, 47.50, 47.60, 7063, otc]
[5353, 33.4, 31.95, 32.00, 32.80, 373, otc]
[5355, 11.3, 11.0, 11.15, 11.25, 544, otc]
[5356, 36.6, 35.6, 35.80, 36.30, 1954, otc]
[5364, 18.4, 16.35, 16.35, 18.15, 2234, otc]
[5371, 105.0, 93.2, 96.50, 93.90, 67809, otc]
[5381, 34.95, 33.65, 34.80, 34.00, 4929, otc]
[5383, 43.4, 41.0, 42.10, 41.25, 1868, otc]
[5386, 70.5, 66.3, 69.40, 68.50, 1873, otc]
[5388, 127.0, 121.5, 124.50, 121.50, 11711, tse]
[5392, 29.55, 26.5, 26.50, 27.05, 17541, otc]
[5398, 17.95, 17.0, 17.50, 17.15, 245, otc]
[5403, 131.5, 129.0, 130.00, 131.00, 397, otc]
[5410, 37.1, 35.8, 35.90, 36.40, 1253, otc]
[5425, 74.3, 70.7, 70.80, 72.00, 5202, otc]
[5426, 32.85, 31.05, 31.95, 31.30, 3905, otc]
[5432, 144.5, 132.5, 138.50, 143.50, 2010, otc]
[5434, 256.0, 244.0, 252.00, 249.50, 6219, tse]
[5438, 18.85, 18.6, 18.70, 18.60, 95, otc]
[5439, 108.0, 97.0, 106.50, 97.00, 12667, otc]
[5443, 57.6, 55.0, 56.30, 55.40, 11091, otc]
[5450, 21.5, 20.0, 20.65, 20.05, 1108, otc]
[5452, 23.5, 22.7, 23.30, 22.90, 2347, otc]
[5455, 68.0, 61.6, 63.50, 66.50, 194, otc]
[5457, 67.5, 58.2, 58.20, 61.30, 22605, otc]
[5460, 14.0, 13.85, 13.90, 13.85, 97, otc]
[5464, 32.65, 30.9, 30.90, 32.30, 1015, otc]
[5465, 42.65, 41.5, 42.40, 41.55, 832, otc]
[5468, 17.0, 16.7, 16.85, 17.00, 88, otc]
[5469, 57.5, 54.3, 55.50, 54.30, 10605, tse]
[5471, 51.5, 49.75, 49.75, 50.80, 805, tse]
[5474, 130.0, 123.5, 125.50, 125.00, 365, otc]
[5475, 10.75, 10.15, 10.20, 10.40, 771, otc]
[5478, 153.0, 142.5, 142.50, 149.00, 2455, otc]
[5481, 13.6, 13.3, 13.45, 13.40, 149, otc]
[5483, 198.5, 192.0, 193.50, 192.50, 12121, otc]
[5484, 26.8, 23.15, 23.30, 26.20, 424, tse]
[5487, 31.35, 29.25, 30.80, 29.30, 772, otc]
[5488, 12.6, 11.8, 12.35, 12.20, 1894, otc]
[5489, 38.45, 37.5, 38.00, 37.55, 119, otc]
[5490, 29.1, 26.8, 26.85, 28.45, 2497, otc]
[5493, 121.0, 103.5, 117.00, 103.50, 8773, otc]
[5498, 13.55, 12.2, 12.35, 13.55, 7468, otc]
[5508, 231.5, 180.0, 190.00, 229.50, 43373, otc]
[5511, 78.7, 74.6, 77.00, 74.80, 9435, otc]
[5512, 14.55, 13.05, 13.90, 14.35, 187739, otc]
[5514, 26.25, 23.5, 24.15, 24.80, 2508, otc]
[5515, 25.95, 24.05, 24.70, 25.10, 20071, tse]
[5516, 26.4, 23.7, 24.00, 24.85, 3193, otc]
[5519, 55.1, 43.95, 44.80, 54.50, 39445, tse]
[5520, 81.0, 79.2, 79.20, 80.50, 74, otc]
[5521, 15.6, 13.7, 13.95, 14.95, 104689, tse]
[5522, 88.6, 68.4, 68.90, 88.60, 46870, tse]
[5523, 33.0, 30.35, 30.90, 33.00, 1844, otc]
[5525, 41.4, 37.75, 38.45, 40.95, 2657, tse]
[5529, 37.9, 32.6, 35.70, 33.55, 7216, otc]
[5530, 45.75, 42.85, 42.85, 44.85, 4094, otc]
[5531, 14.75, 11.85, 12.85, 14.30, 117628, tse]
[5533, 28.15, 26.25, 27.70, 27.90, 9973, tse]
[5534, 139.0, 125.0, 131.00, 136.00, 22018, tse]
[5536, 209.0, 204.0, 204.00, 206.00, 1499, otc]
[5538, 30.75, 30.1, 30.10, 30.40, 40, tse]
[5543, 52.4, 48.0, 49.20, 49.25, 222, otc]
[5546, 33.5, 32.0, 32.10, 32.65, 70, tse]
[5548, 41.0, 38.75, 40.10, 40.00, 418, otc]
[5601, 36.7, 36.4, 36.70, 36.40, 9, otc]
[5603, 23.55, 22.85, 23.10, 22.85, 805, otc]
[5604, 40.45, 39.95, 40.00, 40.00, 252, otc]
[5607, 60.4, 57.7, 58.00, 58.80, 6320, tse]
[5608, 20.45, 19.4, 19.80, 19.55, 23472, tse]
[5609, 95.8, 92.4, 93.10, 94.20, 1706, otc]
[5701, 6.5, 6.0, 6.04, 6.39, 667, otc]
[5703, 25.0, 23.3, 25.00, 24.50, 711, otc]
[5704, 52.4, 48.1, 51.20, 50.20, 509, otc]
[5706, 82.9, 76.3, 82.90, 78.60, 16541, tse]
[5864, 23.7, 21.65, 21.80, 23.40, 13004, otc]
[5871, 175.0, 167.0, 167.50, 172.00, 23910, tse]
[5876, 47.35, 45.2, 45.20, 47.00, 27649, tse]
[5878, 48.3, 48.1, 48.30, 48.15, 38, otc]
[5880, 26.6, 25.85, 25.85, 26.40, 53620, tse]
[5902, 34.1, 32.9, 33.15, 33.80, 267, otc]
[5903, 191.0, 188.5, 188.50, 190.00, 172, otc]
[5904, 508.0, 486.5, 486.50, 498.50, 1074, otc]
[5905, 12.35, 12.15, 12.30, 12.15, 2207, otc]
[5906, 60.9, 60.0, 60.40, 60.50, 19, tse]
[5907, 9.8, 8.7, 8.79, 9.43, 1580, tse]
[6005, 26.6, 24.0, 24.20, 26.20, 67223, tse]
[6015, 13.45, 12.95, 12.95, 13.20, 11439, otc]
[6016, 16.4, 15.9, 15.90, 16.15, 13571, otc]
[6020, 19.15, 18.9, 19.00, 19.00, 49, otc]
[6021, 19.15, 18.85, 19.00, 18.95, 306, otc]
[6023, 83.5, 79.8, 80.30, 83.00, 801, otc]
[6024, 58.0, 54.7, 54.70, 57.90, 2673, tse]
[6026, 16.35, 15.9, 15.90, 16.15, 12879, otc]
[6101, 48.0, 46.5, 46.70, 47.60, 598, otc]
[6103, NaN, NaN, NaN, NaN, 0, otc]
[6104, 98.0, 94.2, 94.60, 95.60, 1755, otc]
[6108, 20.65, 20.15, 20.45, 20.15, 700, tse]
[6109, 14.35, 13.9, 13.95, 14.05, 682, otc]
[6111, 72.7, 70.0, 71.20, 71.10, 1798, otc]
[6112, 59.8, 56.3, 56.40, 58.30, 3207, tse]
[6113, 37.35, 28.3, 28.30, 35.35, 30187, otc]
[6114, 25.05, 23.85, 24.60, 23.85, 144, otc]
[6115, 58.0, 51.9, 51.90, 56.10, 2946, tse]
[6116, 10.55, 10.1, 10.30, 10.15, 26013, tse]
[6117, 84.0, 80.2, 82.70, 81.60, 8402, tse]
[6118, 23.3, 22.55, 22.55, 22.90, 533, otc]
[6120, 17.65, 15.3, 17.15, 15.45, 51182, tse]
[6121, 441.0, 428.5, 432.00, 430.00, 3252, otc]
[6122, 61.5, 58.3, 59.00, 60.10, 3920, otc]
[6123, 70.9, 69.8, 70.00, 70.60, 274, otc]
[6124, 41.9, 37.5, 41.70, 37.75, 1795, otc]
[6125, 95.3, 88.6, 94.00, 89.50, 108503, otc]
[6126, 33.15, 31.4, 31.50, 31.55, 4539, otc]
[6127, 27.45, 24.85, 25.15, 26.40, 4000, otc]
[6128, 38.85, 37.35, 38.80, 38.00, 1516, tse]
[6129, 24.95, 24.1, 24.10, 24.50, 1254, otc]
[6130, 26.7, 19.6, 20.65, 26.70, 698, otc]
[6133, 13.85, 13.3, 13.30, 13.55, 1341, tse]
[6134, 20.5, 20.05, 20.15, 20.10, 507, otc]
[6136, 22.85, 22.35, 22.35, 22.70, 780, tse]
[6138, 208.0, 200.0, 200.00, 204.00, 2767, otc]
[6139, 284.0, 253.0, 268.00, 253.00, 32928, tse]
[6140, 31.9, 28.5, 28.95, 29.15, 3761, otc]
[6141, 17.3, 16.65, 17.10, 16.95, 2139, tse]
[6142, 9.72, 9.56, 9.56, 9.66, 772, tse]
[6143, 124.5, 107.5, 119.00, 122.00, 29502, otc]
[6144, 21.8, 20.0, 20.00, 20.55, 69, otc]
[6146, 249.5, 242.0, 242.50, 243.00, 1701, otc]
[6147, 78.4, 75.2, 77.20, 77.90, 21496, otc]
[6148, 31.4, 30.4, 30.85, 30.70, 351, otc]
[6150, 78.3, 71.7, 78.10, 75.70, 3733, otc]
[6151, 26.7, 26.15, 26.20, 26.65, 363, otc]
[6152, 10.15, 9.9, 10.05, 10.00, 1120, tse]
[6153, 20.0, 19.5, 19.65, 19.75, 3871, tse]
[6154, 17.15, 16.75, 16.80, 16.95, 151, otc]
[6155, 27.65, 26.05, 26.20, 27.15, 1106, tse]
[6156, 22.65, 22.15, 22.55, 22.50, 952, otc]
[6158, 30.9, 28.55, 28.80, 30.00, 381, otc]
[6160, 21.8, 20.45, 20.45, 21.20, 1268, otc]
[6161, 45.45, 44.55, 44.90, 45.00, 643, otc]
[6163, 21.0, 20.1, 20.60, 20.25, 2503, otc]
[6164, 15.05, 14.65, 14.75, 14.90, 2003, tse]
[6165, 41.5, 38.45, 41.00, 38.45, 2638, tse]
[6166, 65.8, 63.7, 65.00, 63.70, 1746, tse]
[6167, 15.85, 15.25, 15.50, 15.40, 1712, otc]
[6168, 24.3, 23.35, 23.35, 23.85, 5906, tse]
[6169, 22.95, 22.05, 22.40, 22.30, 141, otc]
[6170, 55.5, 52.5, 52.80, 54.50, 1632, otc]
[6171, 46.6, 41.9, 44.20, 46.25, 1611, otc]
[6173, 49.05, 43.6, 43.60, 49.05, 5079, otc]
[6174, 22.1, 21.8, 21.80, 21.85, 82, otc]
[6175, 41.0, 36.55, 36.55, 38.45, 3877, otc]
[6176, 212.0, 193.0, 195.00, 207.00, 19333, tse]
[6177, 68.5, 56.2, 56.90, 68.40, 134164, tse]
[6179, 32.25, 31.15, 32.00, 31.25, 3299, otc]
[6180, 81.3, 74.0, 74.00, 79.70, 9796, otc]
[6182, 39.75, 38.85, 39.20, 38.85, 6477, otc]
[6183, 74.7, 73.5, 74.70, 73.70, 95, tse]
[6184, 55.3, 54.1, 54.30, 54.40, 162, tse]
[6185, 17.0, 16.65, 16.80, 16.85, 580, otc]
[6186, 92.4, 79.4, 81.80, 91.70, 7377, otc]
[6187, 253.0, 229.0, 230.50, 249.00, 13555, otc]
[6188, 94.1, 87.6, 94.00, 88.10, 16345, otc]
[6189, 92.0, 85.1, 89.60, 89.20, 21617, tse]
[6190, 40.25, 37.25, 38.70, 37.50, 30113, otc]
[6191, 74.5, 70.4, 70.40, 73.20, 17596, tse]
[6192, 118.5, 104.5, 105.00, 117.00, 3682, tse]
[6194, 35.45, 34.0, 34.00, 34.55, 322, otc]
[6195, 42.3, 41.7, 41.70, 42.00, 119, otc]
[6196, 161.0, 156.0, 159.00, 160.50, 2777, tse]
[6197, 153.0, 138.0, 148.00, 139.50, 17794, tse]
[6198, 68.1, 60.5, 60.90, 65.70, 989, otc]
[6199, 32.9, 28.2, 32.90, 29.60, 104, otc]
[6201, 61.8, 61.0, 61.00, 61.20, 239, tse]
[6202, 60.8, 58.4, 59.30, 58.90, 8916, tse]
[6203, 84.1, 82.8, 83.70, 83.00, 644, otc]
[6204, 130.0, 122.5, 126.00, 126.50, 1026, otc]
[6205, 73.0, 70.2, 70.90, 72.70, 1325, tse]
[6206, 86.0, 84.3, 85.30, 85.20, 1250, tse]
[6207, 70.2, 60.0, 67.00, 67.70, 50104, otc]
[6208, 60.3, 59.1, 60.00, 59.40, 817, otc]
[6209, 25.2, 24.7, 24.85, 24.90, 1102, tse]
[6210, 25.3, 24.35, 24.45, 24.80, 92, otc]
[6212, 84.9, 80.6, 80.60, 83.00, 245, otc]
[6213, 112.5, 105.5, 111.50, 107.00, 24081, tse]
[6214, 126.0, 122.0, 123.50, 124.00, 2565, tse]
[6215, 50.2, 42.6, 47.80, 44.40, 58376, tse]
[6216, 36.5, 35.2, 35.65, 36.20, 1247, tse]
[6217, 47.0, 45.15, 47.00, 45.80, 11699, otc]
[6218, 26.4, 25.5, 25.50, 26.10, 522, otc]
[6219, 46.05, 40.3, 41.00, 45.10, 13256, otc]
[6220, 23.85, 23.35, 23.60, 23.40, 387, otc]
[6221, 84.5, 82.0, 82.00, 83.70, 85, otc]
[6222, 30.25, 28.6, 28.60, 29.85, 80, otc]
[6223, 454.5, 405.0, 415.00, 406.50, 22116, otc]
[6224, 55.0, 52.3, 52.30, 54.40, 439, tse]
[6225, 17.75, 16.05, 16.50, 16.05, 24, tse]
[6226, 10.15, 9.92, 10.00, 9.95, 968, tse]
[6227, 68.3, 62.0, 64.20, 64.50, 3875, otc]
[6228, 23.0, 21.45, 22.60, 22.20, 78, otc]
[6229, 35.2, 33.75, 34.45, 34.25, 1444, otc]
[6230, 356.0, 286.0, 320.00, 326.00, 31545, tse]
[6231, 254.0, 236.0, 239.00, 242.50, 1908, otc]
[6233, 37.55, 36.3, 36.90, 36.30, 2262, otc]
[6234, 29.0, 27.1, 28.50, 27.15, 2208, otc]
[6235, 98.3, 85.3, 85.60, 93.30, 30635, tse]
[6236, 35.0, 35.0, 35.00, 35.00, 3, otc]
[6237, 53.0, 50.5, 52.00, 50.70, 1060, otc]
[6239, 177.5, 168.0, 173.50, 170.00, 23964, tse]
[6240, 21.95, 21.25, 21.55, 21.70, 57, otc]
[6241, 14.3, 13.75, 13.90, 14.05, 218, otc]
[6242, 53.0, 51.5, 52.80, 51.90, 66, otc]
[6243, 59.4, 57.9, 58.30, 58.30, 1052, tse]
[6244, 27.15, 26.25, 26.80, 26.35, 7879, otc]
[6245, 98.4, 94.1, 94.10, 96.10, 1707, otc]
[6246, 14.35, 13.9, 14.30, 14.20, 138, otc]
[6248, 35.65, 35.05, 35.55, 35.30, 2604, otc]
[6257, 79.5, 71.7, 72.40, 76.40, 37211, tse]
[6259, 23.55, 22.4, 23.15, 23.10, 90, otc]
[6261, 77.2, 74.1, 74.20, 76.60, 2278, otc]
[6263, 152.0, 149.0, 151.00, 150.00, 369, otc]
[6264, 18.5, 14.95, 15.45, 16.25, 13123, otc]
[6265, 12.45, 10.95, 11.20, 12.45, 1807, otc]
[6266, 35.0, 33.85, 34.20, 34.85, 2056, otc]
[6269, 98.1, 89.8, 93.00, 97.20, 34384, tse]
[6270, 23.45, 22.7, 23.30, 23.30, 752, otc]
[6271, 154.0, 144.0, 145.00, 151.50, 9106, tse]
[6274, 192.0, 180.5, 183.00, 188.00, 43858, otc]
[6275, 64.0, 60.7, 63.30, 61.40, 15367, otc]
[6276, 59.6, 55.7, 55.70, 58.10, 683, otc]
[6277, 80.9, 80.1, 80.40, 80.50, 329, tse]
[6278, 124.0, 111.5, 111.50, 118.50, 36701, tse]
[6279, 157.5, 152.5, 152.50, 155.50, 1227, otc]
[6281, 84.7, 84.2, 84.30, 84.30, 256, tse]
[6282, 40.25, 39.0, 39.90, 39.35, 16818, tse]
[6283, 36.6, 31.6, 31.60, 34.00, 6469, tse]
[6284, 90.8, 83.0, 83.20, 88.30, 20694, otc]
[6285, 154.5, 147.5, 147.50, 152.00, 9344, tse]
[6287, 13.6, 12.9, 13.00, 12.90, 27, otc]
[6288, 32.65, 30.65, 31.85, 31.85, 9584, tse]
[6290, 85.2, 77.6, 85.20, 77.90, 32297, otc]
[6291, 156.5, 149.0, 150.00, 150.50, 282, otc]
[6292, 74.5, 71.8, 72.00, 72.20, 561, otc]
[6294, 119.0, 117.0, 118.50, 118.50, 221, otc]
[6405, 23.5, 22.95, 23.25, 23.05, 152, tse]
[6409, 1570.0, 1450.0, 1,480.00, 1,500.00, 1091, tse]
[6411, 102.5, 96.9, 96.90, 99.00, 1178, otc]
[6412, 176.0, 158.0, 170.50, 159.00, 3882, tse]
[6414, 337.5, 320.0, 335.00, 320.00, 4366, tse]
[6415, 436.5, 382.0, 384.00, 423.00, 22282, tse]
[6416, 117.5, 112.5, 114.50, 114.50, 976, tse]
[6417, 102.5, 100.5, 100.50, 102.00, 289, otc]
[6418, 23.15, 22.6, 22.75, 22.95, 289, otc]
[6419, 77.5, 56.5, 57.70, 75.20, 3258, otc]
[6425, 96.0, 89.1, 92.60, 90.00, 16045, otc]
[6426, 67.7, 64.8, 66.00, 65.60, 367, tse]
[6431, 13.75, 11.8, 11.85, 12.75, 1004, tse]
[6432, 36.7, 34.1, 35.35, 35.70, 537, otc]
[6435, 100.0, 96.3, 96.30, 99.20, 200, otc]
[6438, 132.5, 122.5, 130.00, 122.50, 3958, tse]
[6441, 42.8, 38.85, 38.85, 41.00, 541, otc]
[6442, 172.0, 126.0, 129.50, 161.00, 68750, tse]
[6443, 28.3, 27.35, 27.95, 27.35, 13888, tse]
[6446, 312.5, 286.0, 286.00, 309.00, 4937, tse]
[6449, 138.0, 119.5, 138.00, 135.00, 17896, tse]
[6451, 194.0, 164.0, 165.50, 194.00, 39101, tse]
[6456, 63.4, 58.1, 58.10, 62.20, 6084, tse]
[6457, 49.75, 48.2, 49.15, 48.30, 309, otc]
[6461, 27.8, 27.1, 27.15, 27.10, 331, otc]
[6462, 257.0, 234.0, 253.00, 238.50, 9800, otc]
[6464, 86.3, 85.0, 85.60, 85.80, 382, tse]
[6465, 24.0, 22.5, 24.00, 22.70, 100, otc]
[6469, 286.0, 278.5, 278.50, 279.50, 376, otc]
[6470, 57.9, 55.0, 55.20, 56.50, 908, otc]
[6472, 790.0, 743.0, 757.00, 746.00, 6514, tse]
[6477, 38.05, 37.05, 37.70, 37.05, 1329, tse]
[6482, 52.1, 49.3, 50.00, 51.70, 87, otc]
[6485, 80.4, 78.2, 78.40, 78.70, 469, otc]
[6486, 93.2, 91.0, 92.80, 92.70, 1032, otc]
[6488, 526.0, 513.0, 514.00, 520.00, 6054, otc]
[6491, 548.0, 499.5, 514.00, 501.00, 6274, tse]
[6492, 42.7, 40.7, 40.70, 41.75, 416, otc]
[6494, 71.7, 66.6, 66.60, 70.50, 588, otc]
[6496, 28.4, 27.8, 28.40, 28.00, 38, otc]
[6499, 43.45, 42.4, 43.00, 42.55, 132, otc]
[6504, 72.0, 69.9, 69.90, 70.70, 162, tse]
[6505, 72.6, 71.3, 71.70, 71.70, 10495, tse]
[6506, 17.1, 16.7, 16.80, 16.95, 139, otc]
[6508, 32.1, 31.75, 31.80, 32.00, 215, otc]
[6509, 39.7, 37.6, 37.60, 38.30, 5294, otc]
[6510, 486.0, 445.0, 445.00, 473.00, 885, otc]
[6512, 21.5, 20.95, 21.30, 21.15, 61, otc]
[6514, 52.6, 52.4, 52.60, 52.50, 273, otc]
[6515, 884.0, 817.0, 853.00, 840.00, 2159, tse]
[6516, 75.5, 74.1, 75.50, 74.60, 119, otc]
[6517, 74.6, 71.9, 71.90, 72.80, 508, otc]
[6523, 177.0, 174.0, 175.00, 174.50, 210, otc]
[6525, 68.5, 67.1, 67.10, 67.80, 530, tse]
[6526, 713.0, 652.0, 659.00, 690.00, 7836, tse]
[6527, 79.4, 77.8, 77.80, 79.40, 65, otc]
[6530, 52.8, 49.35, 51.50, 49.90, 5925, otc]
[6531, 383.0, 370.0, 379.00, 373.50, 5800, tse]
[6532, 65.9, 63.7, 64.30, 64.00, 381, otc]
[6533, 393.5, 379.0, 387.00, 382.00, 1748, tse]
[6534, 84.3, 82.4, 83.00, 83.00, 111, tse]
[6535, 178.0, 168.5, 171.50, 170.00, 1596, otc]
[6538, 183.0, 160.5, 165.00, 172.50, 9327, otc]
[6541, 48.15, 45.2, 47.80, 45.60, 1627, tse]
[6542, 72.6, 70.0, 70.20, 70.70, 29, otc]
[6546, 131.5, 120.5, 123.50, 127.00, 3931, otc]
[6547, 53.0, 49.6, 49.60, 52.40, 3842, otc]
[6548, 41.6, 39.55, 40.60, 39.65, 12122, otc]
[6550, 71.1, 66.1, 66.30, 69.50, 5174, tse]
[6552, 52.3, 43.05, 43.05, 47.80, 21348, tse]
[6556, 80.6, 76.8, 77.00, 79.60, 61, otc]
[6558, 24.3, 22.65, 22.85, 23.45, 712, tse]
[6560, 29.2, 28.1, 28.40, 28.30, 97, otc]
[6561, 374.5, 355.0, 361.50, 358.50, 319, otc]
[6568, 139.0, 131.5, 131.50, 137.00, 187, otc]
[6569, 168.5, 163.0, 164.50, 165.00, 121, otc]
[6570, 55.9, 54.4, 54.70, 55.90, 307, otc]
[6573, 13.0, 12.65, 13.00, 12.80, 187, tse]
[6574, 50.8, 50.0, 50.50, 50.70, 34, otc]
[6576, 96.9, 95.0, 95.00, 95.70, 536, otc]
[6577, 137.0, 133.0, 134.50, 134.50, 231, otc]
[6578, 29.8, 27.1, 28.85, 27.80, 3934, otc]
[6579, 156.5, 153.5, 154.50, 154.00, 375, tse]
[6581, 101.5, 97.1, 97.90, 99.50, 555, tse]
[6582, 51.0, 49.95, 50.30, 50.00, 269, tse]
[6584, 184.0, 164.5, 180.00, 168.00, 1295, otc]
[6585, 203.5, 192.5, 197.00, 197.50, 2132, tse]
[6588, 44.6, 35.65, 37.95, 37.80, 1082, otc]
[6589, 82.0, 78.8, 78.80, 80.50, 1394, otc]
[6590, 91.0, 89.1, 89.50, 90.00, 86, otc]
[6591, 57.0, 55.0, 55.90, 55.50, 788, tse]
[6592, 120.5, 117.5, 117.50, 119.50, 1925, tse]
[6593, 142.0, 132.5, 142.00, 132.50, 649, otc]
[6596, 91.0, 79.8, 91.00, 80.20, 3969, otc]
[6598, 20.0, 19.2, 19.55, 19.75, 220, tse]
[6603, 17.9, 17.05, 17.85, 17.35, 2894, otc]
[6605, 209.0, 195.0, 204.00, 197.00, 6280, tse]
[6606, 27.4, 27.0, 27.40, 27.05, 402, tse]
[6609, 36.1, 34.45, 34.70, 35.30, 378, otc]
[6612, 136.5, 129.0, 132.00, 131.00, 342, otc]
[6613, 207.0, 199.0, 207.00, 202.00, 696, otc]
[6615, 49.5, 44.8, 46.80, 48.90, 917, otc]
[6616, 15.75, 14.55, 14.55, 14.85, 1173, otc]
[6624, 42.3, 40.75, 41.50, 42.10, 50, otc]
[6625, 107.0, 97.8, 100.00, 101.00, 4422, tse]
[6629, 94.0, 87.0, 87.00, 93.60, 108, otc]
[6640, 448.0, 389.0, 429.00, 389.00, 2680, otc]
[6641, 44.3, 41.85, 42.55, 43.50, 126, tse]
[6642, 67.4, 63.2, 63.20, 65.60, 464, otc]
[6643, 1280.0, 1170.0, 1,220.00, 1,180.00, 3685, otc]
[6645, 40.35, 38.55, 39.05, 38.95, 198, tse]
[6649, 30.5, 29.25, 30.00, 30.00, 131, otc]
[6651, 73.6, 71.0, 71.60, 72.40, 153, otc]
[6654, 51.2, 49.5, 50.00, 50.90, 70, otc]
[6655, 119.5, 117.0, 119.00, 117.00, 38, tse]
[6657, 57.1, 55.0, 55.40, 55.20, 327, tse]
[6658, 41.9, 40.5, 41.75, 40.80, 27, tse]
[6661, 23.1, 22.5, 22.70, 22.80, 52, otc]
[6662, 35.75, 34.1, 35.75, 35.00, 28, otc]
[6664, 191.5, 179.0, 183.50, 187.50, 2130, otc]
[6666, 66.0, 64.1, 64.20, 65.40, 66, tse]
[6667, 168.0, 156.5, 168.00, 156.50, 2616, otc]
[6668, 76.4, 68.9, 74.00, 76.40, 16576, tse]
[6669, 2410.0, 2225.0, 2,375.00, 2,225.00, 4512, tse]
[6670, 282.0, 266.0, 271.00, 272.50, 3384, tse]
[6671, 43.2, 42.9, 42.95, 42.95, 180, tse]
[6672, 86.2, 82.8, 82.90, 85.00, 616, tse]
[6674, 24.05, 23.5, 23.65, 23.80, 86, tse]
[6679, 389.5, 368.0, 388.00, 373.50, 978, otc]
[6680, 89.0, 86.6, 86.60, 88.10, 44, otc]
[6683, 308.5, 288.0, 297.50, 295.50, 1417, otc]
[6684, 89.0, 82.4, 88.20, 82.50, 2482, otc]
[6689, 105.0, 101.5, 101.50, 102.50, 753, tse]
[6690, 176.5, 167.0, 168.00, 174.00, 251, otc]
[6691, 387.5, 377.0, 387.50, 381.00, 1004, tse]
[6692, 30.25, 29.95, 30.20, 30.05, 90, otc]
[6693, 75.5, 69.8, 70.20, 71.10, 402, otc]
[6695, 56.3, 52.7, 56.30, 52.70, 2861, tse]
[6697, 49.05, 48.2, 48.20, 48.55, 35, otc]
[6698, 34.05, 32.85, 32.90, 32.85, 562, tse]
[6703, 296.5, 290.0, 294.00, 292.00, 215, otc]
[6706, 54.7, 51.0, 51.00, 52.70, 1344, tse]
[6708, 42.1, 41.0, 41.40, 41.50, 44, otc]
[6712, 213.5, 207.0, 207.50, 207.50, 1697, otc]
[6715, 164.0, 155.5, 161.50, 155.50, 655, tse]
[6716, 106.5, 102.5, 106.50, 102.50, 142, otc]
[6719, 277.5, 269.0, 271.50, 270.50, 1980, tse]
[6721, 52.9, 51.5, 51.60, 52.20, 57, otc]
[6727, 63.2, 60.7, 62.70, 62.80, 641, otc]
[6728, 142.0, 139.5, 140.00, 140.00, 93, otc]
[6732, 357.0, 335.5, 337.00, 346.50, 708, otc]
[6733, 38.0, 36.2, 36.25, 37.25, 438, otc]
[6735, 93.6, 88.5, 88.50, 91.80, 434, otc]
[6741, 89.8, 85.3, 85.30, 88.50, 568, otc]
[6742, 83.8, 77.0, 83.20, 78.60, 1216, tse]
[6743, 61.7, 58.7, 58.70, 60.30, 2124, tse]
[6747, 182.0, 177.5, 178.00, 182.00, 91, otc]
[6751, 67.5, 64.0, 64.40, 67.30, 36, otc]
[6752, 126.0, 122.5, 125.50, 124.00, 146, otc]
[6753, 121.5, 112.5, 118.00, 113.50, 4462, tse]
[6754, 63.8, 61.8, 63.10, 63.60, 335, tse]
[6756, 199.0, 192.5, 193.00, 194.50, 435, tse]
[6757, 37.95, 35.8, 36.55, 37.25, 3599, tse]
[6761, 101.0, 96.1, 98.60, 100.00, 1131, otc]
[6762, 249.0, 246.0, 249.00, 247.00, 30, otc]
[6763, 407.0, 391.5, 397.50, 399.00, 100, otc]
[6767, 38.85, 35.0, 38.85, 37.15, 286, otc]
[6768, 89.9, 84.3, 87.10, 85.40, 2694, tse]
[6770, 25.9, 22.4, 22.40, 25.35, 178853, tse]
[6776, 63.8, 62.5, 62.50, 63.80, 312, tse]
[6781, 645.0, 616.0, 630.00, 617.00, 577, tse]
[6782, 261.0, 242.0, 260.00, 242.00, 2628, tse]
[6785, 290.0, 263.0, 271.00, 266.00, 1966, otc]
[6788, 139.0, 135.0, 137.00, 136.00, 476, otc]
[6789, 278.0, 266.5, 268.00, 270.00, 2576, tse]
[6790, 56.1, 53.6, 53.80, 55.50, 3315, tse]
[6791, 82.7, 80.8, 81.10, 81.60, 34, otc]
[6792, 80.5, 78.4, 79.30, 79.30, 246, tse]
[6796, 86.1, 76.0, 76.00, 83.40, 368, tse]
[6799, 152.0, 145.0, 148.00, 145.50, 1453, tse]
[6803, 311.0, 307.5, 307.50, 310.50, 83, otc]
[6804, 48.4, 47.5, 48.30, 48.15, 118, otc]
[6805, 809.0, 719.0, 737.00, 780.00, 6270, tse]
[6806, 139.5, 131.0, 139.00, 131.50, 11311, tse]
[6807, 45.6, 44.55, 45.00, 45.25, 355, tse]
[6811, 268.5, 258.5, 261.00, 262.50, 476, otc]
[6821, 43.15, 38.4, 42.65, 39.45, 805, otc]
[6823, 75.8, 74.0, 75.60, 74.70, 95, otc]
[6829, 110.0, 107.0, 108.50, 107.50, 766, otc]
[6830, 147.0, 141.0, 141.50, 141.00, 1447, tse]
[6834, 24.25, 23.7, 23.70, 24.10, 209, tse]
[6835, 53.8, 50.4, 51.30, 52.70, 1355, tse]
[6840, 72.5, 70.3, 71.00, 71.80, 42, otc]
[6841, 87.6, 84.7, 86.70, 84.70, 1036, otc]
[6843, 54.9, 54.2, 54.30, 54.70, 32, otc]
[6844, 169.0, 155.0, 168.00, 157.00, 294, otc]
[6846, 79.8, 77.5, 79.80, 78.30, 76, otc]
[6854, 85.8, 79.3, 79.30, 82.90, 133, tse]
[6855, 126.0, 122.5, 126.00, 124.50, 87, otc]
[6856, 66.2, 65.5, 66.10, 65.60, 46, otc]
[6859, 127.0, 122.0, 124.00, 123.50, 320, otc]
[6861, 72.0, 70.2, 70.20, 71.50, 83, tse]
[6863, 147.5, 144.0, 147.50, 146.50, 502, tse]
[6865, 51.8, 50.7, 51.50, 50.70, 66, otc]
[6869, 155.0, 144.5, 145.00, 154.00, 1310, tse]
[6870, 131.0, 128.0, 129.00, 130.50, 37, otc]
[6873, 191.0, 182.0, 183.50, 186.00, 778, tse]
[6874, 109.0, 104.0, 105.00, 105.50, 113, otc]
[6875, 77.0, 64.5, 64.50, 71.80, 2167, otc]
[6877, 35.1, 34.25, 34.90, 34.55, 140, otc]
[6894, 245.0, 224.0, 224.50, 234.00, 647, otc]
[6895, 102.0, 98.7, 99.80, 98.70, 114, otc]
[6899, 65.0, 62.4, 62.40, 63.10, 261, otc]
[6901, 41.05, 39.7, 39.70, 40.05, 3228, tse]
[6902, 158.0, 153.0, 155.00, 157.00, 15, tse]
[6904, 221.5, 212.0, 212.50, 218.00, 140, otc]
[6906, 143.5, 131.0, 133.00, 141.00, 465, tse]
[6914, 202.0, 185.5, 198.00, 188.50, 1472, tse]
[6916, 26.15, 25.1, 26.15, 25.70, 191, tse]
[6922, 123.5, 120.5, 122.00, 122.00, 101, otc]
[6929, 74.2, 71.1, 72.00, 72.60, 117, otc]
[6933, 372.0, 348.5, 358.50, 348.50, 2641, tse]
[6937, 218.0, 211.0, 212.00, 211.00, 516, tse]
[6949, 178.5, 158.0, 175.00, 177.00, 452, tse]
[7402, 117.5, 103.5, 110.50, 115.50, 4809, otc]
[7556, 145.0, 137.5, 139.00, 140.00, 35, otc]
[8011, 22.25, 21.55, 22.25, 21.65, 8977, tse]
[8016, 281.0, 274.0, 275.50, 275.00, 2635, tse]
[8021, 30.05, 29.35, 29.35, 29.80, 1176, tse]
[8024, 19.2, 18.9, 19.15, 18.95, 243, otc]
[8027, 96.7, 91.0, 92.90, 91.50, 6507, otc]
[8028, 56.4, 54.0, 55.00, 54.00, 17957, tse]
[8032, 29.1, 28.65, 28.70, 28.85, 50, otc]
[8033, 75.7, 70.5, 75.00, 71.40, 10757, tse]
[8034, 24.7, 24.0, 24.05, 24.35, 1634, otc]
[8038, 31.1, 28.15, 28.15, 29.90, 2283, otc]
[8039, 52.8, 49.9, 50.50, 50.80, 10222, tse]
[8040, 75.0, 72.0, 73.40, 72.70, 1270, otc]
[8042, 36.25, 34.55, 34.70, 35.95, 133, otc]
[8043, 25.65, 24.0, 24.50, 25.00, 899, otc]
[8044, 34.6, 29.6, 29.60, 33.75, 7497, otc]
[8046, 191.0, 182.0, 189.00, 184.50, 6706, tse]
[8047, 15.8, 14.8, 15.80, 14.85, 581, otc]
[8048, 66.6, 59.6, 59.70, 66.60, 2545, otc]
[8049, 40.4, 39.7, 39.70, 40.05, 1312, otc]
[8050, 84.5, 81.4, 81.70, 81.90, 3723, otc]
[8054, 166.0, 145.5, 163.00, 146.50, 28408, otc]
[8059, 26.75, 24.65, 26.75, 24.85, 3018, otc]
[8064, 37.45, 30.0, 30.30, 30.90, 78501, otc]
[8066, 29.45, 29.0, 29.20, 29.15, 82, otc]
[8067, 17.65, 16.65, 16.80, 17.40, 27, otc]
[8068, 37.5, 32.4, 32.40, 34.40, 3808, otc]
[8069, 230.5, 209.5, 230.00, 217.50, 31685, otc]
[8070, 44.9, 43.95, 44.15, 44.50, 10015, tse]
[8071, 15.1, 14.1, 14.10, 14.55, 1172, otc]
[8072, 26.7, 26.15, 26.25, 26.55, 256, tse]
[8074, 23.7, 22.9, 23.65, 23.05, 631, otc]
[8076, 29.6, 28.15, 28.15, 29.60, 2672, otc]
[8077, 70.5, 65.2, 68.70, 69.80, 54, otc]
[8080, 19.8, 17.25, 19.80, 18.00, 835, otc]
[8081, 304.5, 284.0, 287.50, 297.50, 3546, tse]
[8083, 187.0, 181.0, 184.50, 183.00, 465, otc]
[8084, 86.7, 78.5, 79.90, 83.30, 1126, otc]
[8085, 67.9, 65.5, 66.30, 66.50, 5115, otc]
[8086, 142.0, 130.0, 132.00, 139.00, 13051, otc]
[8087, 66.0, 61.9, 62.30, 63.40, 829, otc]
[8088, 47.5, 44.3, 44.80, 45.90, 9197, otc]
[8089, 79.6, 74.4, 79.30, 76.00, 6521, otc]
[8091, 128.0, 120.0, 128.00, 125.50, 1331, otc]
[8092, 28.15, 25.7, 28.05, 25.70, 2471, otc]
[8093, 15.7, 15.1, 15.50, 15.50, 166, otc]
[8096, 35.5, 26.6, 26.60, 33.65, 175390, otc]
[8097, 70.4, 66.9, 70.40, 68.10, 2005, otc]
[8099, 73.0, 63.8, 66.90, 66.40, 1567, otc]
[8101, 3.72, 3.69, 3.70, 3.71, 140, tse]
[8103, 43.6, 42.0, 42.30, 43.35, 1232, tse]
[8104, 33.45, 32.75, 33.25, 33.00, 502, tse]
[8105, 13.35, 12.9, 13.35, 12.90, 3166, tse]
[8107, 15.8, 15.3, 15.30, 15.45, 228, otc]
[8109, 96.6, 93.0, 93.70, 96.10, 410, otc]
[8110, 19.1, 17.65, 18.85, 18.30, 40733, tse]
[8111, 24.6, 23.4, 24.50, 23.40, 1250, otc]
[8112, 98.5, 85.3, 86.40, 93.90, 73382, tse]
[8114, 123.0, 115.0, 118.00, 122.00, 1061, tse]
[8121, 35.85, 31.95, 32.00, 34.95, 9160, otc]
[8131, 36.85, 36.4, 36.55, 36.60, 698, tse]
[8147, 106.5, 99.3, 100.00, 101.50, 2303, otc]
[8150, 47.1, 45.5, 46.95, 45.50, 9079, tse]
[8155, 146.0, 139.0, 142.50, 140.00, 1539, otc]
[8162, 41.0, 39.85, 40.40, 39.85, 108, tse]
[8163, 69.9, 62.0, 62.00, 67.70, 12197, tse]
[8171, 39.2, 38.5, 39.10, 38.70, 415, otc]
[8176, 14.5, 13.9, 14.10, 14.30, 695, otc]
[8182, 34.65, 33.35, 33.45, 34.05, 388, otc]
[8183, 45.2, 42.4, 42.40, 44.00, 2429, otc]
[8201, 18.45, 17.5, 18.15, 18.00, 581, tse]
[8210, 297.0, 273.0, 297.00, 280.00, 21268, tse]
[8213, 40.2, 39.6, 39.60, 39.65, 2931, tse]
[8215, 34.85, 34.3, 34.40, 34.40, 2924, tse]
[8222, 45.5, 43.85, 45.35, 43.85, 2257, tse]
[8227, 251.0, 233.5, 241.00, 237.00, 3341, otc]
[8234, 57.8, 51.3, 54.90, 54.40, 18720, otc]
[8240, 37.45, 36.15, 36.25, 36.40, 517, otc]
[8249, 29.3, 28.8, 28.85, 29.20, 295, tse]
[8255, 194.5, 184.5, 186.00, 186.00, 4406, otc]
[8261, 83.2, 81.0, 81.00, 81.60, 1197, tse]
[8271, 69.8, 66.2, 67.00, 67.40, 6266, tse]
[8277, 12.05, 11.7, 11.80, 11.80, 716, otc]
[8279, 154.5, 149.5, 154.50, 150.00, 35, otc]
[8284, 64.0, 63.4, 63.40, 63.90, 109, otc]
[8289, 31.55, 30.8, 31.15, 31.40, 272, otc]
[8291, 6.43, 5.53, 5.53, 6.40, 11, otc]
[8299, 727.0, 690.0, 720.00, 710.00, 7391, otc]
[8341, 104.0, 100.0, 100.00, 102.50, 923, tse]
[8342, 72.3, 70.2, 71.90, 71.10, 26, otc]
[8349, 75.5, 71.0, 71.30, 72.20, 2403, otc]
[8354, 15.25, 14.8, 14.90, 15.10, 222, otc]
[8358, 69.0, 64.6, 65.50, 65.40, 18411, otc]
[8367, 49.0, 47.35, 48.35, 47.40, 306, tse]
[8374, 31.5, 30.65, 30.85, 30.70, 346, tse]
[8383, 41.3, 39.75, 40.85, 39.90, 2142, otc]
[8390, 56.9, 55.1, 56.50, 55.10, 3165, otc]
[8401, 28.5, 25.0, 25.40, 27.40, 7049, otc]
[8403, 33.0, 31.45, 31.45, 32.30, 1440, otc]
[8404, 21.0, 20.15, 20.40, 20.40, 2087, tse]
[8409, 22.3, 21.75, 22.20, 21.90, 141, otc]
[8410, 72.3, 70.4, 71.30, 71.80, 228, otc]
[8411, 13.6, 13.45, 13.55, 13.45, 287, tse]
[8415, 35.7, 34.45, 34.45, 35.05, 1094, otc]
[8416, 157.5, 155.0, 156.00, 156.00, 53, otc]
[8420, 40.5, 39.95, 40.25, 40.20, 248, otc]
[8421, 13.65, 13.3, 13.65, 13.30, 190, otc]
[8422, 195.0, 191.0, 192.50, 192.50, 1117, tse]
[8423, 22.5, 22.0, 22.50, 22.25, 169, otc]
[8424, 72.9, 71.3, 71.60, 72.00, 55, otc]
[8426, 56.8, 55.5, 56.40, 55.50, 340, otc]
[8429, 10.4, 10.05, 10.25, 10.15, 2213, tse]
[8431, 54.8, 52.8, 53.80, 53.80, 792, otc]
[8432, 61.2, 58.0, 60.30, 59.50, 580, otc]
[8433, 103.0, 98.5, 99.80, 99.60, 795, otc]
[8435, 73.8, 71.2, 72.40, 71.30, 183, otc]
[8436, 148.0, 143.0, 145.50, 147.50, 735, otc]
[8437, 31.3, 30.65, 30.90, 30.65, 217, otc]
[8438, 40.15, 33.9, 38.90, 34.40, 3044, tse]
[8440, 42.6, 40.6, 42.10, 40.85, 1281, otc]
[8442, 127.5, 119.0, 119.00, 124.00, 926, tse]
[8443, 12.25, 12.05, 12.10, 12.15, 212, tse]
[8444, 33.75, 32.1, 32.65, 33.65, 86, otc]
[8446, 101.0, 99.4, 100.50, 100.00, 753, otc]
[8450, 24.5, 23.7, 23.70, 24.35, 388, otc]
[8454, 450.0, 419.5, 427.00, 419.50, 8884, tse]
[8455, 26.8, 21.2, 21.20, 26.80, 273, otc]
[8462, 118.0, 110.5, 110.50, 114.50, 383, tse]
[8463, 30.9, 28.5, 29.05, 28.80, 3798, tse]
[8464, 384.5, 344.5, 377.50, 346.00, 3570, tse]
[8466, 59.4, 52.6, 52.60, 57.90, 1378, tse]
[8467, 192.0, 171.5, 186.50, 175.00, 1934, tse]
[8472, 29.1, 25.5, 25.75, 28.00, 259, otc]
[8473, 46.95, 44.1, 45.60, 44.40, 7109, tse]
[8476, 58.5, 55.3, 57.90, 57.10, 457, tse]
[8477, 20.1, 16.7, 16.90, 20.10, 1218, otc]
[8478, 404.0, 383.0, 403.00, 383.00, 1011, tse]
[8481, 51.8, 50.5, 51.00, 51.40, 87, tse]
[8482, 61.5, 60.8, 61.10, 60.80, 21, tse]
[8487, 80.5, 78.1, 79.50, 78.10, 95, tse]
[8488, 16.2, 15.95, 16.10, 16.20, 40, tse]
[8489, 25.05, 23.95, 25.00, 24.70, 142, otc]
[8499, 114.0, 112.5, 114.00, 113.50, 51, tse]
[8905, 31.6, 31.1, 31.15, 31.50, 302, otc]
[8906, 26.3, 22.1, 22.35, 26.30, 7918, otc]
[8908, 56.0, 55.2, 55.80, 55.70, 217, otc]
[8916, 61.0, 59.2, 59.90, 59.80, 1420, otc]
[8917, 60.0, 58.7, 58.70, 59.20, 62, otc]
[8921, 16.2, 15.5, 15.60, 15.95, 50, otc]
[8923, 20.2, 19.9, 20.10, 20.00, 15, otc]
[8924, 90.0, 87.3, 87.30, 89.70, 259, otc]
[8926, 48.15, 46.2, 47.90, 46.45, 13319, tse]
[8927, 63.8, 61.0, 61.00, 63.50, 1864, otc]
[8928, 31.1, 30.7, 30.75, 31.00, 329, otc]
[8929, 20.15, 19.9, 20.10, 19.90, 48, otc]
[8930, 40.0, 38.3, 39.30, 38.60, 2896, otc]
[8931, 54.0, 51.7, 53.60, 51.90, 547, otc]
[8932, 123.0, 113.5, 119.00, 116.50, 1592, otc]
[8933, 10.95, 10.5, 10.50, 10.60, 2650, otc]
[8935, 12.4, 11.4, 11.60, 12.20, 798, otc]
[8936, 87.8, 80.7, 84.90, 85.10, 47638, otc]
[8937, 20.6, 20.1, 20.50, 20.45, 164, otc]
[8938, 76.4, 74.1, 75.20, 76.30, 2411, otc]
[8940, 33.05, 30.75, 31.45, 32.80, 3878, tse]
[8941, 80.9, 79.0, 79.90, 79.00, 35, otc]
[8942, 73.6, 72.2, 72.20, 73.30, 1093, otc]
[8996, 442.5, 384.0, 395.00, 417.00, 64370, tse]
[9103, 6.83, 6.54, 6.55, 6.62, 16184, tse]
[9105, 3.63, 3.54, 3.54, 3.57, 27396, tse]
[9110, 7.48, 7.11, 7.30, 7.40, 113, tse]
[9136, 6.35, 6.27, 6.35, 6.30, 659, tse]
[9802, 122.5, 118.0, 118.00, 122.00, 1540, tse]
[9902, 17.8, 16.25, 17.00, 16.55, 8541, tse]
[9904, 36.6, 35.9, 36.20, 35.90, 43399, tse]
[9905, 24.55, 23.95, 24.00, 24.25, 917, tse]
[9906, 98.5, 87.9, 88.50, 98.50, 1991, tse]
[9907, 15.3, 14.75, 14.75, 15.10, 9662, tse]
[9908, 32.5, 32.35, 32.40, 32.40, 398, tse]
[9910, 168.0, 160.5, 161.00, 167.00, 5196, tse]
[9911, 95.3, 87.4, 87.60, 93.50, 2733, tse]
[9912, 12.8, 11.55, 11.65, 12.45, 1116, tse]
[9914, 239.5, 215.0, 239.00, 217.50, 7617, tse]
[9917, 129.5, 126.5, 126.50, 129.00, 870, tse]
[9918, 41.8, 41.2, 41.60, 41.60, 33, tse]
[9919, 22.5, 21.75, 22.00, 22.00, 15289, tse]
[9921, 228.0, 213.0, 224.50, 213.00, 7483, tse]
[9924, 57.0, 53.5, 53.90, 56.70, 3863, tse]
[9925, 41.55, 41.3, 41.30, 41.45, 990, tse]
[9926, 55.6, 53.7, 54.90, 54.80, 48, tse]
[9927, 76.2, 73.4, 73.40, 76.00, 2055, tse]
[9928, 17.3, 16.95, 16.95, 17.05, 246, tse]
[9929, 15.9, 15.3, 15.50, 15.50, 121, tse]
[9930, 66.5, 64.0, 64.20, 65.20, 747, tse]
[9931, 37.55, 37.1, 37.10, 37.45, 54, tse]
[9933, 54.5, 50.9, 51.40, 53.90, 19201, tse]
[9934, 18.95, 17.75, 17.75, 18.65, 12961, tse]
[9935, 26.5, 24.65, 24.90, 26.00, 2367, tse]
[9937, 68.5, 66.7, 66.70, 67.60, 111, tse]
[9938, 65.9, 62.9, 64.40, 64.00, 8077, tse]
[9939, 169.5, 158.0, 158.50, 168.00, 3650, tse]
[9940, 34.9, 32.45, 32.55, 34.45, 5225, tse]
[9941, 150.0, 146.0, 147.00, 147.50, 2920, tse]
[9942, 130.5, 127.5, 128.00, 129.50, 506, tse]
[9943, 90.0, 88.4, 88.60, 89.40, 831, tse]
[9944, 21.2, 20.75, 21.10, 20.95, 1398, tse]
[9945, 43.3, 37.9, 38.20, 42.45, 227270, tse]
[9946, 39.2, 35.75, 38.00, 39.00, 12008, tse]
[9949, 24.0, 21.65, 21.65, 23.10, 666, otc]
[9950, 16.3, 15.6, 15.60, 15.90, 638, otc]
[9951, 71.7, 70.6, 70.60, 71.40, 345, otc]
[9955, 33.55, 31.55, 33.55, 32.05, 2951, tse]
[9958, 234.5, 216.0, 218.00, 230.00, 21684, tse]
[9960, 27.35, 26.9, 27.10, 27.10, 300, otc]
[9962, 17.0, 16.75, 16.80, 16.80, 757, otc]
