[1101, 32.95, 31.8, 32.20, 32.20, 86083, tse]
[1102, 42.65, 41.3, 41.50, 41.80, 22763, tse]
[1103, 18.0, 17.45, 17.70, 17.55, 2110, tse]
[1104, 33.6, 32.25, 32.25, 32.65, 17935, tse]
[1108, 16.75, 16.05, 16.10, 16.35, 11660, tse]
[1109, 20.15, 19.0, 19.60, 19.35, 5015, tse]
[1110, 18.6, 17.85, 18.00, 18.20, 1099, tse]
[1201, 19.1, 18.8, 18.80, 18.80, 1320, tse]
[1203, 50.2, 47.55, 49.00, 48.75, 113, tse]
[1210, 58.3, 57.1, 57.40, 57.20, 8198, tse]
[1213, 7.26, 7.1, 7.10, 7.12, 285, tse]
[1215, 112.0, 106.0, 112.00, 106.00, 2262, tse]
[1216, 76.8, 74.5, 74.50, 76.80, 31633, tse]
[1217, 12.05, 11.8, 11.95, 11.90, 4059, tse]
[1218, 22.2, 21.2, 21.55, 21.35, 4675, tse]
[1219, 18.9, 18.65, 18.65, 18.65, 1582, tse]
[1220, 15.45, 14.95, 15.45, 14.95, 1869, tse]
[1225, 57.3, 56.0, 56.00, 57.10, 61, tse]
[1227, 38.85, 38.2, 38.20, 38.25, 2276, tse]
[1229, 68.6, 67.1, 67.10, 67.50, 3264, tse]
[1231, 98.9, 96.0, 97.50, 96.70, 925, tse]
[1232, 146.5, 145.0, 146.00, 145.50, 219, tse]
[1233, 34.1, 33.5, 33.90, 33.60, 60, tse]
[1234, 42.15, 41.2, 41.90, 41.65, 1059, tse]
[1235, 82.9, 81.5, 82.10, 82.30, 31, tse]
[1236, 23.75, 23.0, 23.75, 23.45, 128, tse]
[1240, 53.2, 51.7, 52.30, 53.00, 212, otc]
[1256, 236.5, 230.0, 230.00, 233.50, 92, tse]
[1259, 75.5, 74.5, 75.00, 75.00, 59, otc]
[1264, 305.5, 304.0, 304.00, 305.00, 49, otc]
[1268, 155.5, 151.5, 153.50, 152.50, 490, otc]
[1301, 72.4, 69.4, 69.90, 69.70, 38458, tse]
[1303, 58.9, 55.9, 56.00, 57.40, 42737, tse]
[1304, 16.7, 15.85, 16.05, 16.10, 10062, tse]
[1305, 19.25, 18.25, 18.55, 18.60, 7750, tse]
[1307, 30.45, 29.05, 30.00, 29.45, 4343, tse]
[1308, 19.9, 19.2, 19.25, 19.35, 4476, tse]
[1309, 16.3, 15.4, 15.60, 15.65, 3006, tse]
[1310, 13.65, 13.05, 13.30, 13.10, 4876, tse]
[1312, 13.75, 13.1, 13.20, 13.35, 10567, tse]
[1313, 13.9, 13.15, 13.15, 13.50, 8258, tse]
[1314, 9.98, 9.46, 9.47, 9.63, 124340, tse]
[1315, 73.9, 71.4, 73.40, 71.50, 296, tse]
[1316, 20.5, 19.0, 19.70, 19.15, 46123, tse]
[1319, 134.5, 119.0, 121.00, 131.50, 25716, tse]
[1321, 36.45, 34.3, 34.65, 36.20, 1434, tse]
[1323, 31.2, 30.9, 30.95, 31.15, 160, tse]
[1324, 15.8, 14.4, 14.55, 14.65, 1449, tse]
[1325, 29.75, 28.55, 29.05, 28.55, 1542, tse]
[1326, 56.5, 54.6, 55.10, 55.30, 20744, tse]
[1336, 20.1, 18.9, 19.60, 19.70, 1403, otc]
[1337, 7.38, 7.12, 7.12, 7.31, 1623, tse]
[1338, 36.3, 34.8, 35.80, 35.05, 525, tse]
[1339, 72.6, 69.8, 72.20, 70.40, 1509, tse]
[1340, 10.05, 9.9, 10.05, 10.00, 507, tse]
[1341, 64.5, 63.0, 63.50, 63.20, 244, tse]
[1342, 136.0, 129.0, 136.00, 129.50, 2613, tse]
[1402, 33.05, 32.2, 32.35, 32.35, 17928, tse]
[1409, 16.4, 15.6, 15.75, 16.25, 14208, tse]
[1410, 36.0, 35.15, 35.75, 35.30, 562, tse]
[1413, 9.44, 9.0, 9.03, 9.21, 575, tse]
[1414, 19.4, 18.15, 19.15, 18.45, 2965, tse]
[1416, 12.55, 12.1, 12.15, 12.45, 5387, tse]
[1417, 11.5, 11.25, 11.30, 11.30, 1709, tse]
[1418, 34.6, 33.15, 33.40, 33.40, 454, tse]
[1419, 47.7, 46.15, 46.15, 47.20, 340, tse]
[1423, 31.3, 31.0, 31.20, 31.05, 352, tse]
[1432, 18.4, 17.85, 18.00, 18.15, 1344, tse]
[1434, 22.85, 22.15, 22.20, 22.55, 6552, tse]
[1435, 52.3, 48.0, 49.50, 52.00, 23, tse]
[1436, 113.5, 108.0, 108.50, 110.50, 1236, tse]
[1437, 33.4, 32.25, 32.25, 32.60, 1002, tse]
[1438, 52.0, 48.3, 48.55, 51.70, 1487, tse]
[1439, 27.8, 26.25, 27.20, 26.45, 300, tse]
[1440, 16.35, 15.5, 15.50, 15.80, 10939, tse]
[1441, 13.6, 13.2, 13.30, 13.50, 147, tse]
[1442, 48.35, 44.75, 44.80, 48.05, 7404, tse]
[1443, 29.35, 28.4, 29.35, 28.55, 161, tse]
[1444, 9.32, 9.06, 9.10, 9.13, 5924, tse]
[1445, 22.65, 21.85, 22.00, 22.40, 4640, tse]
[1446, 36.4, 33.5, 33.70, 36.20, 1295, tse]
[1447, 8.08, 7.88, 7.95, 7.94, 3394, tse]
[1449, 20.2, 18.5, 18.70, 18.65, 3247, tse]
[1451, 20.35, 19.3, 19.30, 20.20, 1336, tse]
[1452, 17.25, 16.7, 16.70, 17.00, 983, tse]
[1453, 23.25, 15.55, 15.60, 23.25, 16147, tse]
[1454, 16.5, 15.8, 15.90, 15.95, 257, tse]
[1455, 14.95, 13.15, 14.55, 13.30, 17381, tse]
[1456, 21.8, 19.55, 19.60, 20.30, 1781, tse]
[1457, 20.65, 19.8, 20.10, 20.30, 1955, tse]
[1459, 10.1, 9.8, 9.84, 9.84, 562, tse]
[1460, 8.51, 7.99, 8.51, 7.99, 6738, tse]
[1463, 19.35, 18.1, 18.35, 18.35, 1197, tse]
[1464, 13.3, 13.0, 13.00, 13.05, 1996, tse]
[1465, 15.4, 14.7, 15.40, 14.90, 701, tse]
[1466, 13.4, 12.75, 13.05, 12.95, 707, tse]
[1467, 11.95, 11.15, 11.20, 11.60, 27262, tse]
[1468, 14.0, 13.45, 13.55, 13.60, 271, tse]
[1470, 20.45, 19.35, 20.45, 20.20, 91, tse]
[1471, 16.35, 15.7, 16.10, 15.90, 4397, tse]
[1472, 77.0, 71.2, 71.20, 72.20, 472, tse]
[1473, 31.8, 29.6, 30.80, 30.45, 3768, tse]
[1474, 13.05, 12.3, 12.50, 12.85, 1202, tse]
[1475, 54.0, 49.85, 50.50, 53.60, 1212, tse]
[1476, 555.0, 527.0, 546.00, 527.00, 3359, tse]
[1477, 395.0, 366.0, 375.00, 384.50, 8778, tse]
[1503, 358.0, 301.5, 310.00, 334.00, 103353, tse]
[1504, 61.8, 55.3, 55.40, 60.80, 137703, tse]
[1506, 17.15, 16.0, 16.00, 17.00, 2524, tse]
[1512, 10.7, 10.2, 10.25, 10.30, 137, tse]
[1513, 212.0, 178.5, 180.50, 212.00, 391241, tse]
[1514, 168.0, 107.5, 107.50, 168.00, 384221, tse]
[1515, 52.3, 47.0, 47.00, 50.10, 12437, tse]
[1516, 18.1, 16.9, 16.95, 17.30, 688, tse]
[1517, 16.9, 15.65, 16.00, 16.55, 4820, tse]
[1519, 946.0, 775.0, 826.00, 946.00, 32204, tse]
[1521, 40.4, 39.2, 39.65, 39.35, 242, tse]
[1522, 60.7, 53.0, 58.70, 53.90, 29705, tse]
[1524, 38.95, 35.3, 38.90, 36.75, 32104, tse]
[1525, 74.2, 73.0, 73.10, 73.00, 168, tse]
[1526, 35.4, 33.7, 33.95, 35.00, 954, tse]
[1527, 43.6, 41.9, 42.70, 42.25, 3839, tse]
[1528, 13.55, 12.75, 13.00, 13.05, 6695, tse]
[1529, 37.0, 33.0, 33.10, 36.25, 27067, tse]
[1530, 32.95, 31.9, 32.35, 32.85, 684, tse]
[1531, 13.6, 13.25, 13.30, 13.60, 636, tse]
[1532, 41.9, 37.75, 37.80, 41.35, 22783, tse]
[1533, 48.95, 47.05, 48.00, 47.10, 794, tse]
[1535, 78.6, 72.6, 72.70, 77.00, 3692, tse]
[1536, 55.9, 51.4, 52.40, 54.10, 13089, tse]
[1537, 140.0, 138.0, 139.50, 138.50, 642, tse]
[1538, 18.95, 17.3, 18.80, 18.20, 130, tse]
[1539, 26.3, 24.6, 25.35, 24.85, 1303, tse]
[1540, 19.95, 18.95, 19.15, 19.70, 4448, tse]
[1541, 33.9, 31.4, 31.75, 32.85, 216, tse]
[1558, 98.6, 97.2, 98.50, 98.30, 463, tse]
[1560, 268.0, 250.5, 266.50, 256.00, 12288, tse]
[1565, 191.5, 189.0, 190.50, 189.50, 405, otc]
[1568, 31.25, 29.95, 30.40, 29.95, 2718, tse]
[1569, 25.6, 24.85, 24.90, 25.00, 1244, otc]
[1570, 49.1, 32.6, 44.20, 32.60, 13558, otc]
[1580, 159.5, 152.0, 159.50, 152.50, 964, otc]
[1582, 92.5, 88.4, 89.70, 91.40, 12197, tse]
[1583, 77.9, 75.7, 77.10, 75.80, 252, tse]
[1584, 37.25, 34.4, 34.90, 34.80, 27149, otc]
[1586, 32.15, 30.5, 31.90, 31.45, 725, otc]
[1587, 44.8, 38.0, 42.40, 44.80, 34252, tse]
[1589, 51.6, 49.2, 51.00, 49.70, 4728, tse]
[1590, 1200.0, 1085.0, 1,105.00, 1,150.00, 4298, tse]
[1591, 66.4, 61.8, 65.40, 62.10, 1824, otc]
[1593, 48.1, 46.6, 47.30, 47.65, 122, otc]
[1595, 36.4, 35.5, 36.05, 35.80, 89, otc]
[1597, 76.4, 71.1, 73.20, 72.60, 4190, tse]
[1598, 31.6, 30.6, 30.65, 30.85, 914, tse]
[1599, 32.4, 31.5, 32.05, 32.20, 199, otc]
[1603, 47.8, 40.95, 41.05, 46.60, 59836, tse]
[1604, 30.35, 28.4, 29.95, 28.70, 10893, tse]
[1605, 39.85, 36.25, 36.30, 39.20, 178817, tse]
[1608, 38.55, 30.2, 30.30, 38.00, 199018, tse]
[1609, 50.6, 41.0, 41.30, 50.60, 439228, tse]
[1611, 17.75, 16.7, 16.80, 17.60, 7981, tse]
[1612, 38.05, 31.25, 31.30, 38.05, 83063, tse]
[1614, 39.7, 38.7, 39.30, 39.00, 509, tse]
[1615, 61.5, 57.2, 57.20, 60.60, 4028, tse]
[1616, 22.9, 20.45, 20.95, 22.90, 13836, tse]
[1617, 19.8, 18.1, 18.60, 18.90, 5623, tse]
[1618, 43.05, 36.3, 36.30, 43.05, 78515, tse]
[1626, 16.1, 15.95, 16.00, 16.00, 434, tse]
[1701, 23.15, 22.55, 22.65, 22.65, 3747, tse]
[1702, 58.8, 55.9, 58.80, 56.10, 3925, tse]
[1707, 162.0, 158.5, 160.50, 159.00, 1353, tse]
[1708, 31.45, 30.65, 30.85, 30.80, 2576, tse]
[1709, 20.0, 19.4, 19.55, 19.60, 2682, tse]
[1710, 18.4, 17.5, 17.85, 17.85, 8218, tse]
[1711, 20.85, 20.2, 20.35, 20.25, 5288, tse]
[1712, 39.3, 38.65, 38.75, 39.05, 2399, tse]
[1713, 53.0, 44.55, 48.30, 45.00, 5297, tse]
[1714, 8.91, 8.71, 8.73, 8.78, 4946, tse]
[1717, 33.55, 31.8, 32.10, 32.10, 17099, tse]
[1718, 7.51, 7.27, 7.29, 7.35, 11585, tse]
[1720, 66.8, 64.1, 65.70, 64.20, 3254, tse]
[1721, 15.25, 14.5, 14.50, 14.50, 4686, tse]
[1722, 64.3, 62.7, 63.40, 63.00, 9922, tse]
[1723, 120.0, 115.0, 118.00, 115.00, 2428, tse]
[1725, 38.35, 33.6, 35.35, 33.60, 2883, tse]
[1726, 80.9, 79.2, 79.80, 80.30, 106, tse]
[1727, 30.3, 29.2, 29.50, 29.85, 3439, tse]
[1730, 56.9, 56.3, 56.90, 56.60, 167, tse]
[1731, 25.95, 24.15, 25.90, 24.80, 5079, tse]
[1732, 28.65, 27.3, 28.50, 27.35, 711, tse]
[1733, 37.8, 34.5, 35.30, 35.00, 13498, tse]
[1734, 38.15, 36.5, 37.00, 36.60, 8366, tse]
[1735, 17.5, 16.8, 17.10, 16.85, 150, tse]
[1736, 81.3, 69.9, 71.30, 80.20, 21114, tse]
[1737, 33.9, 33.7, 33.85, 33.70, 1248, tse]
[1742, 17.05, 16.75, 17.00, 17.00, 287, otc]
[1752, 47.5, 45.9, 46.60, 46.15, 1090, tse]
[1760, 115.0, 103.5, 114.00, 104.00, 5562, tse]
[1762, 48.95, 47.05, 47.75, 47.15, 1864, tse]
[1773, 194.5, 181.0, 183.00, 190.00, 7851, tse]
[1776, 18.0, 17.1, 17.20, 17.50, 375, tse]
[1777, 83.7, 82.5, 83.70, 83.00, 175, otc]
[1781, 16.5, 15.45, 16.15, 15.95, 602, otc]
[1783, 46.25, 44.9, 45.60, 45.40, 737, tse]
[1784, 67.9, 63.9, 64.90, 64.00, 1525, otc]
[1785, 50.4, 47.55, 48.55, 48.75, 50337, otc]
[1786, 119.0, 104.5, 118.00, 108.50, 17840, tse]
[1788, 140.5, 139.0, 140.00, 139.50, 72, otc]
[1789, 29.2, 27.3, 28.10, 27.45, 12740, tse]
[1795, 347.0, 317.0, 322.00, 342.00, 53247, tse]
[1796, 66.5, 61.2, 66.40, 61.40, 513, otc]
[1799, 70.6, 64.5, 70.60, 66.00, 686, otc]
[1802, 17.75, 17.1, 17.25, 17.20, 15551, tse]
[1805, 20.5, 18.55, 18.70, 18.90, 2836, tse]
[1806, 10.2, 9.42, 9.42, 9.96, 2956, tse]
[1808, 116.5, 110.5, 116.00, 112.50, 16420, tse]
[1809, 27.3, 24.95, 26.30, 25.10, 13119, tse]
[1810, 18.15, 17.15, 17.40, 17.30, 3744, tse]
[1813, 20.55, 20.0, 20.55, 20.50, 190, otc]
[1815, 19.8, 18.45, 19.00, 19.30, 71367, otc]
[1817, 38.6, 37.0, 37.30, 37.25, 1276, tse]
[1903, 61.2, 57.4, 57.60, 59.20, 2838, tse]
[1904, 29.6, 28.75, 28.80, 28.95, 5083, tse]
[1905, 24.0, 22.6, 22.75, 23.00, 20340, tse]
[1906, 15.8, 15.25, 15.65, 15.50, 1432, tse]
[1907, 30.5, 29.8, 29.80, 29.90, 5674, tse]
[1909, 15.3, 14.75, 14.80, 14.95, 10687, tse]
[2002, 26.25, 24.55, 24.65, 24.85, 265963, tse]
[2006, 73.3, 70.7, 71.50, 70.80, 9780, tse]
[2007, 12.65, 10.6, 10.65, 11.45, 22413, tse]
[2008, 23.7, 22.5, 23.10, 22.75, 443, tse]
[2009, 53.5, 41.4, 41.75, 51.30, 177020, tse]
[2010, 22.3, 20.6, 20.75, 21.25, 20718, tse]
[2012, 24.65, 23.45, 23.45, 23.85, 711, tse]
[2013, 65.4, 61.1, 63.60, 61.20, 3516, tse]
[2014, 25.45, 22.5, 22.90, 23.00, 120085, tse]
[2015, 74.4, 68.4, 73.60, 68.50, 3745, tse]
[2017, 15.5, 14.1, 14.10, 14.40, 10821, tse]
[2020, 39.55, 38.2, 39.00, 38.45, 9025, tse]
[2022, 13.2, 11.65, 11.65, 12.35, 18597, tse]
[2023, 16.8, 15.4, 15.40, 15.50, 25643, tse]
[2024, 22.0, 21.0, 21.90, 21.50, 104, tse]
[2025, 13.2, 10.65, 10.65, 11.90, 40065, tse]
[2027, 37.9, 36.15, 36.15, 36.50, 39010, tse]
[2028, 30.3, 26.65, 26.95, 27.40, 17915, tse]
[2029, 31.0, 28.8, 29.75, 29.00, 4162, tse]
[2030, 19.7, 18.35, 18.35, 18.50, 5415, tse]
[2031, 65.3, 60.0, 61.50, 60.10, 18366, tse]
[2032, 19.4, 16.8, 17.15, 17.70, 11539, tse]
[2033, 18.3, 16.5, 16.50, 18.30, 5359, tse]
[2034, 26.25, 25.35, 25.40, 25.50, 2356, tse]
[2035, 33.0, 32.0, 32.50, 32.70, 95, otc]
[2038, 22.3, 19.25, 19.40, 20.05, 25730, tse]
[2049, 271.5, 253.0, 270.50, 253.00, 13478, tse]
[2059, 1430.0, 1270.0, 1,325.00, 1,355.00, 8367, tse]
[2061, 17.25, 16.15, 16.45, 16.85, 468, otc]
[2062, 30.3, 28.1, 29.15, 28.50, 3918, tse]
[2063, 55.3, 53.5, 54.20, 55.10, 675, otc]
[2064, 15.6, 15.0, 15.10, 15.20, 350, otc]
[2065, 64.0, 62.5, 62.50, 63.20, 499, otc]
[2066, 135.5, 118.5, 119.50, 129.00, 16078, otc]
[2067, 12.65, 11.75, 12.05, 12.20, 117, otc]
[2069, 17.55, 16.15, 16.45, 16.35, 2257, tse]
[2070, 36.75, 35.25, 36.75, 35.60, 488, otc]
[2073, 30.55, 29.8, 29.95, 30.00, 124, otc]
[2101, 46.9, 40.4, 40.60, 46.70, 48618, tse]
[2102, 18.5, 17.2, 17.60, 18.15, 2454, tse]
[2103, 24.35, 23.0, 23.10, 24.20, 11128, tse]
[2104, 17.65, 17.0, 17.10, 17.55, 7086, tse]
[2105, 49.85, 48.2, 48.20, 48.70, 17597, tse]
[2106, 33.55, 31.8, 31.85, 33.50, 7019, tse]
[2107, 25.45, 24.7, 24.75, 25.45, 3203, tse]
[2108, 33.95, 33.15, 33.30, 33.60, 1751, tse]
[2109, 18.0, 17.05, 17.65, 17.70, 8534, tse]
[2114, 110.5, 108.5, 108.50, 109.00, 131, tse]
[2115, 31.2, 29.55, 29.65, 30.60, 1013, tse]
[2201, 70.5, 66.9, 66.90, 69.00, 24854, tse]
[2204, 150.0, 133.5, 133.50, 147.50, 22347, tse]
[2206, 76.4, 74.4, 75.00, 75.20, 17745, tse]
[2207, 655.0, 634.0, 634.00, 638.00, 993, tse]
[2208, 20.0, 18.9, 18.95, 19.05, 37049, tse]
[2211, 140.0, 126.5, 130.00, 135.00, 9611, tse]
[2221, 35.2, 33.45, 33.80, 33.90, 199, otc]
[2227, 136.0, 130.5, 130.50, 133.00, 235, tse]
[2228, 105.0, 98.7, 104.00, 98.70, 2052, tse]
[2230, 178.0, 167.5, 170.50, 168.50, 2774, otc]
[2231, 117.0, 113.0, 117.00, 113.00, 1364, tse]
[2233, 136.5, 132.5, 132.50, 133.50, 859, tse]
[2235, 49.15, 48.0, 49.15, 48.90, 58, otc]
[2236, 81.8, 75.2, 76.90, 77.30, 5701, tse]
[2239, 58.9, 56.4, 57.50, 57.00, 455, tse]
[2241, 39.65, 36.45, 39.05, 36.95, 5550, tse]
[2243, 14.9, 13.6, 13.60, 14.05, 1012, tse]
[2247, 320.0, 308.5, 316.00, 318.00, 371, tse]
[2250, 105.0, 99.6, 100.50, 102.50, 650, tse]
[2254, 92.4, 85.0, 91.50, 88.90, 1223, tse]
[2258, 45.9, 43.65, 45.85, 43.70, 1664, tse]
[2301, 106.0, 102.5, 104.50, 103.00, 53687, tse]
[2302, 17.85, 17.4, 17.50, 17.75, 1112, tse]
[2303, 53.6, 51.6, 51.60, 52.70, 295238, tse]
[2305, 24.95, 24.15, 24.75, 24.15, 1527, tse]
[2308, 341.5, 315.5, 336.00, 317.00, 46674, tse]
[2312, 15.35, 14.85, 15.00, 15.00, 23793, tse]
[2313, 84.9, 78.9, 79.60, 81.90, 138703, tse]
[2314, 35.1, 33.0, 33.10, 33.05, 7157, tse]
[2316, 48.2, 43.7, 44.30, 45.05, 33859, tse]
[2317, 161.5, 147.0, 159.00, 150.50, 602808, tse]
[2321, 17.6, 15.6, 16.35, 16.40, 56, tse]
[2323, 12.55, 12.05, 12.25, 12.05, 41047, tse]
[2324, 37.35, 35.8, 36.50, 36.40, 101439, tse]
[2327, 631.0, 608.0, 630.00, 618.00, 13728, tse]
[2328, 35.65, 34.35, 35.60, 34.50, 14661, tse]
[2329, 71.2, 64.7, 65.90, 67.70, 151092, tse]
[2330, 826.0, 783.0, 789.00, 818.00, 193563, tse]
[2331, 32.4, 30.8, 31.00, 31.80, 23734, tse]
[2332, 18.6, 17.7, 18.40, 18.10, 18915, tse]
[2337, 28.15, 26.9, 27.35, 26.90, 43687, tse]
[2338, 72.7, 68.1, 69.30, 70.80, 11702, tse]
[2340, 42.75, 39.25, 39.70, 41.40, 11683, tse]
[2342, 32.95, 31.5, 31.85, 32.00, 1852, tse]
[2344, 28.2, 26.7, 26.90, 26.90, 175213, tse]
[2345, 498.0, 456.0, 457.00, 456.00, 17422, tse]
[2347, 77.3, 74.3, 75.90, 76.20, 19827, tse]
[2348, 166.0, 136.0, 144.00, 163.50, 6508, tse]
[2349, 7.89, 7.67, 7.72, 7.74, 6520, tse]
[2351, 105.0, 101.0, 104.50, 102.00, 3537, tse]
[2352, 43.65, 42.4, 43.35, 42.40, 37284, tse]
[2353, 51.0, 45.6, 46.10, 48.50, 349293, tse]
[2354, 64.6, 58.2, 63.60, 58.50, 116339, tse]
[2355, 48.7, 43.2, 47.90, 44.10, 28882, tse]
[2356, 59.5, 57.3, 59.40, 57.40, 147823, tse]
[2357, 455.0, 420.0, 420.50, 443.50, 19848, tse]
[2359, 116.0, 96.6, 98.00, 103.50, 26737, tse]
[2360, 270.0, 250.0, 254.00, 259.50, 10003, tse]
[2362, 44.9, 41.4, 41.45, 42.85, 24771, tse]
[2363, 64.2, 46.05, 46.05, 61.40, 851497, tse]
[2364, 92.3, 89.8, 90.50, 90.10, 533, tse]
[2365, 23.8, 21.0, 21.00, 21.90, 82684, tse]
[2367, 29.35, 26.05, 26.25, 29.20, 246834, tse]
[2368, 251.0, 227.5, 241.00, 229.50, 29572, tse]
[2369, 25.6, 24.1, 24.35, 24.20, 18799, tse]
[2371, 61.7, 54.2, 55.90, 60.50, 479296, tse]
[2373, 74.3, 73.1, 73.10, 73.70, 235, tse]
[2374, 38.9, 31.8, 35.45, 38.90, 185554, tse]
[2375, 65.3, 61.8, 62.20, 64.60, 3236, tse]
[2376, 348.0, 315.5, 324.00, 318.00, 112531, tse]
[2377, 175.0, 170.5, 170.50, 170.50, 14937, tse]
[2379, 577.0, 560.0, 570.00, 569.00, 12485, tse]
[2380, 6.9, 6.45, 6.69, 6.70, 824, tse]
[2382, 296.5, 271.0, 294.50, 271.00, 203002, tse]
[2383, 450.0, 399.5, 429.00, 402.00, 56722, tse]
[2385, 220.0, 207.5, 215.00, 209.00, 23895, tse]
[2387, 63.9, 61.6, 62.90, 62.80, 6818, tse]
[2388, 140.0, 126.5, 129.00, 140.00, 38246, tse]
[2390, 13.9, 13.1, 13.10, 13.55, 2885, tse]
[2392, 46.7, 45.55, 46.40, 46.25, 9855, tse]
[2393, 62.0, 55.5, 55.50, 60.70, 29813, tse]
[2395, 394.5, 378.0, 386.00, 378.50, 6814, tse]
[2397, 68.9, 66.3, 66.40, 67.40, 410, tse]
[2399, 23.3, 22.7, 23.10, 22.95, 5872, tse]
[2401, 28.7, 27.65, 28.05, 28.30, 12291, tse]
[2402, 37.0, 34.65, 35.90, 35.05, 40779, tse]
[2404, 417.0, 390.0, 400.00, 415.50, 12080, tse]
[2405, 20.15, 18.7, 18.95, 19.95, 45990, tse]
[2406, 22.0, 18.9, 19.05, 20.95, 65261, tse]
[2408, 72.3, 67.8, 68.80, 71.80, 116544, tse]
[2409, 19.35, 17.6, 17.70, 17.90, 280317, tse]
[2412, 126.5, 125.0, 125.00, 125.50, 34117, tse]
[2413, 26.75, 26.0, 26.25, 26.10, 993, tse]
[2414, 37.0, 36.2, 36.20, 36.30, 1124, tse]
[2415, 31.1, 29.8, 31.00, 30.25, 709, tse]
[2417, 45.5, 41.55, 44.65, 42.80, 14809, tse]
[2419, 33.8, 31.65, 31.65, 31.85, 9015, tse]
[2420, 55.6, 53.8, 53.90, 55.00, 1854, tse]
[2421, 134.0, 121.5, 129.50, 123.00, 31894, tse]
[2423, 41.85, 40.4, 41.45, 41.55, 1621, tse]
[2424, 29.35, 28.45, 29.30, 28.55, 84, tse]
[2425, 46.9, 44.4, 44.85, 45.10, 5436, tse]
[2426, 18.5, 17.85, 17.95, 17.90, 2441, tse]
[2427, 30.4, 25.0, 25.05, 27.65, 45607, tse]
[2428, 174.0, 164.5, 169.00, 167.00, 1923, tse]
[2429, 20.1, 19.35, 19.50, 19.80, 176, tse]
[2430, 37.85, 36.75, 37.45, 36.85, 1095, tse]
[2431, 13.85, 12.9, 13.30, 13.25, 3689, tse]
[2432, 40.35, 38.3, 38.60, 40.35, 69, tse]
[2433, 53.3, 52.8, 53.00, 53.00, 214, tse]
[2434, 32.5, 31.4, 32.50, 31.75, 34, tse]
[2436, 64.2, 62.1, 63.30, 63.20, 5226, tse]
[2438, 23.0, 22.0, 22.40, 22.05, 875, tse]
[2439, 130.0, 120.0, 121.50, 124.00, 20357, tse]
[2440, 16.15, 14.65, 15.10, 15.95, 8038, tse]
[2441, 63.9, 62.0, 62.80, 62.40, 3770, tse]
[2442, 27.55, 26.5, 26.95, 27.15, 7098, tse]
[2444, 11.75, 11.2, 11.30, 11.40, 1495, tse]
[2449, 109.5, 103.5, 107.00, 107.00, 59281, tse]
[2450, 39.35, 38.95, 39.25, 39.20, 1023, tse]
[2451, 95.4, 89.4, 89.40, 94.50, 9287, tse]
[2453, 65.7, 61.3, 61.70, 61.80, 10904, tse]
[2454, 1230.0, 1145.0, 1,175.00, 1,180.00, 25969, tse]
[2455, 177.0, 160.0, 175.50, 161.00, 12323, tse]
[2457, 55.0, 51.7, 53.40, 53.80, 16907, tse]
[2458, 163.5, 156.0, 158.50, 158.50, 10363, tse]
[2459, 71.7, 68.6, 71.70, 69.10, 935, tse]
[2460, 39.0, 34.45, 35.35, 36.60, 11225, tse]
[2461, 25.8, 23.95, 23.95, 24.65, 12615, tse]
[2462, 35.75, 34.85, 35.10, 35.40, 1976, tse]
[2464, 58.5, 47.2, 47.40, 50.20, 112537, tse]
[2465, 140.5, 118.5, 125.00, 138.00, 28413, tse]
[2466, 37.85, 36.75, 36.95, 37.70, 77, tse]
[2467, 143.0, 124.0, 126.00, 133.50, 33320, tse]
[2468, 30.55, 27.1, 29.40, 28.15, 2897, tse]
[2471, 60.9, 58.7, 59.30, 58.70, 2231, tse]
[2472, 76.7, 73.5, 75.10, 76.60, 11156, tse]
[2474, 212.0, 205.5, 210.50, 207.50, 8058, tse]
[2476, 83.0, 74.6, 74.60, 79.00, 24859, tse]
[2477, 22.65, 21.85, 22.60, 22.20, 1106, tse]
[2478, 47.6, 46.5, 47.50, 46.80, 692, tse]
[2480, 130.0, 128.0, 129.50, 129.00, 833, tse]
[2481, 60.0, 58.4, 58.40, 59.40, 7854, tse]
[2482, 33.95, 32.3, 32.85, 32.35, 2570, tse]
[2483, 25.0, 23.85, 24.00, 24.50, 915, tse]
[2484, 34.6, 33.4, 34.40, 33.65, 2782, tse]
[2485, 21.3, 20.3, 20.85, 20.45, 6793, tse]
[2486, 77.0, 68.9, 71.50, 73.60, 225468, tse]
[2488, 49.2, 45.1, 45.10, 47.60, 4591, tse]
[2489, 15.35, 14.45, 14.50, 14.95, 28866, tse]
[2491, 15.85, 14.5, 14.55, 15.25, 877, tse]
[2492, 123.0, 113.5, 121.50, 114.50, 15351, tse]
[2493, 111.0, 94.6, 94.60, 106.00, 4388, tse]
[2495, 23.65, 21.55, 21.55, 23.45, 7848, tse]
[2496, 77.7, 69.7, 75.70, 69.70, 795, tse]
[2497, 60.4, 54.6, 54.70, 56.70, 5504, tse]
[2498, 47.5, 45.25, 47.00, 46.05, 20483, tse]
[2501, 30.65, 22.1, 22.10, 29.10, 150487, tse]
[2504, 43.5, 40.05, 40.10, 43.40, 45285, tse]
[2505, 28.75, 26.75, 27.20, 27.80, 5011, tse]
[2506, 12.75, 10.1, 10.10, 12.05, 38759, tse]
[2509, 22.95, 18.5, 18.50, 22.05, 25395, tse]
[2511, 11.65, 10.6, 10.60, 11.40, 25935, tse]
[2514, 16.0, 15.3, 15.30, 15.80, 7939, tse]
[2515, 16.9, 15.65, 15.95, 16.00, 332470, tse]
[2516, 13.2, 12.4, 12.50, 12.80, 15873, tse]
[2520, 45.5, 41.7, 41.90, 45.25, 31556, tse]
[2524, 49.7, 45.65, 45.80, 47.95, 2235, tse]
[2527, 55.8, 45.8, 46.50, 49.50, 24719, tse]
[2528, 49.25, 46.5, 46.65, 49.10, 5731, tse]
[2530, 53.5, 47.55, 47.75, 53.20, 16654, tse]
[2534, 23.65, 22.7, 23.00, 23.55, 12125, tse]
[2535, 59.2, 54.5, 58.50, 56.70, 11896, tse]
[2536, 35.55, 31.55, 31.85, 34.90, 6044, tse]
[2537, 17.25, 13.15, 13.15, 16.05, 116370, tse]
[2538, 15.2, 14.65, 14.80, 15.10, 3949, tse]
[2539, 75.7, 72.5, 72.50, 73.70, 6561, tse]
[2540, 119.5, 97.8, 98.10, 119.00, 12140, tse]
[2542, 41.7, 40.25, 40.25, 40.80, 22290, tse]
[2543, 45.65, 40.6, 41.60, 45.65, 12677, tse]
[2545, 50.4, 45.5, 45.55, 49.80, 8086, tse]
[2546, 90.8, 89.0, 89.00, 89.50, 618, tse]
[2547, 10.85, 9.91, 10.05, 10.75, 26034, tse]
[2548, 137.0, 126.5, 128.50, 134.50, 9615, tse]
[2596, 37.1, 33.8, 33.80, 35.45, 1492, otc]
[2597, 166.0, 154.5, 156.50, 164.50, 3568, tse]
[2601, 7.75, 7.5, 7.65, 7.60, 8826, tse]
[2603, 177.5, 165.0, 166.00, 176.50, 126400, tse]
[2605, 26.7, 23.65, 23.90, 26.35, 47689, tse]
[2606, 56.5, 52.0, 52.40, 55.90, 29152, tse]
[2607, 32.3, 30.5, 31.60, 30.55, 25972, tse]
[2608, 39.35, 38.4, 38.80, 38.60, 1478, tse]
[2609, 45.6, 43.6, 43.85, 45.20, 92406, tse]
[2610, 20.2, 19.05, 19.10, 20.05, 160163, tse]
[2611, 24.45, 23.2, 23.60, 23.90, 14741, tse]
[2612, 46.45, 43.7, 44.05, 45.70, 2175, tse]
[2613, 22.15, 21.65, 21.90, 21.90, 597, tse]
[2614, 20.0, 19.55, 19.75, 19.95, 3091, tse]
[2615, 45.3, 43.2, 43.75, 45.00, 27619, tse]
[2616, 27.5, 27.05, 27.50, 27.15, 761, tse]
[2617, 35.4, 34.1, 34.50, 35.15, 5787, tse]
[2618, 32.9, 31.05, 31.20, 32.30, 377326, tse]
[2630, 43.65, 35.6, 36.20, 40.55, 64623, tse]
[2633, 30.2, 29.95, 30.00, 30.15, 13517, tse]
[2634, 59.3, 52.7, 53.20, 56.80, 179041, tse]
[2636, 107.5, 92.9, 93.50, 106.00, 11268, tse]
[2637, 66.8, 57.4, 58.40, 66.70, 42079, tse]
[2640, 123.0, 118.0, 119.00, 119.50, 675, otc]
[2641, 20.15, 19.0, 19.00, 20.10, 12641, otc]
[2642, 38.35, 37.65, 37.65, 37.75, 285, tse]
[2643, 81.0, 74.4, 75.00, 80.50, 1689, otc]
[2645, 121.0, 107.0, 108.00, 114.00, 24685, tse]
[2701, 12.65, 12.35, 12.45, 12.55, 1527, tse]
[2702, 19.9, 19.05, 19.25, 19.35, 982, tse]
[2704, 66.1, 57.3, 57.40, 66.10, 6121, tse]
[2705, 18.7, 17.65, 18.00, 18.10, 3550, tse]
[2706, 15.25, 14.8, 14.85, 15.05, 1262, tse]
[2707, 227.0, 213.0, 217.00, 220.00, 1577, tse]
[2712, 31.7, 29.05, 31.65, 30.10, 539, tse]
[2718, 90.5, 86.0, 88.00, 89.80, 272, otc]
[2719, 63.4, 54.6, 54.70, 59.70, 683, otc]
[2722, 62.8, 54.0, 54.10, 60.90, 4708, tse]
[2723, 91.6, 89.7, 91.50, 90.60, 1806, tse]
[2724, 27.05, 19.5, 19.70, 27.05, 994, otc]
[2726, 25.5, 24.6, 25.30, 24.90, 81, otc]
[2727, 243.0, 231.5, 235.00, 239.50, 5903, tse]
[2729, 239.0, 233.5, 235.50, 236.50, 363, otc]
[2731, 146.0, 133.0, 137.00, 142.50, 17601, tse]
[2732, 127.0, 120.0, 127.00, 121.00, 1249, otc]
[2734, 41.35, 37.0, 37.60, 39.10, 2198, otc]
[2736, 29.05, 24.1, 24.25, 28.15, 9668, otc]
[2739, 53.4, 48.35, 48.80, 52.20, 5241, tse]
[2740, 35.3, 35.2, 35.30, 35.20, 2, otc]
[2743, 138.0, 114.5, 118.00, 126.00, 6492, otc]
[2745, 96.3, 76.8, 79.10, 89.10, 3862, otc]
[2748, 73.3, 67.0, 68.50, 71.50, 5734, tse]
[2752, 300.0, 281.5, 286.00, 300.00, 67, otc]
[2753, 171.0, 164.5, 170.00, 167.50, 1496, tse]
[2754, 105.0, 97.0, 102.50, 99.30, 1050, otc]
[2755, 98.9, 95.4, 95.90, 97.30, 64, otc]
[2756, 91.0, 85.1, 86.00, 88.30, 184, otc]
[2762, 110.5, 103.5, 104.50, 105.00, 677, tse]
[2801, 18.4, 18.0, 18.00, 18.15, 47040, tse]
[2809, 56.4, 54.3, 55.20, 55.20, 17388, tse]
[2812, 17.5, 16.95, 17.05, 17.25, 23265, tse]
[2816, 32.0, 29.15, 29.40, 30.50, 5305, tse]
[2820, 15.25, 15.05, 15.10, 15.05, 4158, tse]
[2832, 27.75, 26.0, 26.35, 27.75, 3399, tse]
[2834, 16.2, 15.85, 15.85, 16.05, 79677, tse]
[2836, 11.85, 11.6, 11.75, 11.60, 14512, tse]
[2838, 15.55, 15.05, 15.05, 15.40, 8500, tse]
[2845, 14.6, 14.15, 14.15, 14.45, 24833, tse]
[2849, 14.2, 14.0, 14.00, 14.10, 150, tse]
[2850, 90.2, 83.3, 85.20, 88.70, 4252, tse]
[2851, 25.8, 24.05, 24.45, 25.20, 16425, tse]
[2852, 21.2, 19.75, 20.00, 20.15, 11174, tse]
[2855, 27.3, 25.5, 25.65, 26.85, 32995, tse]
[2867, 5.35, 4.81, 4.82, 5.35, 58079, tse]
[2880, 23.3, 22.85, 22.90, 23.00, 47001, tse]
[2881, 70.0, 67.8, 68.00, 67.80, 76319, tse]
[2882, 50.5, 47.75, 48.00, 49.05, 155554, tse]
[2883, 14.25, 13.7, 13.80, 13.80, 237416, tse]
[2884, 27.3, 26.9, 26.90, 27.10, 87244, tse]
[2885, 31.25, 29.8, 29.80, 30.30, 110162, tse]
[2886, 40.65, 39.7, 39.70, 39.95, 59856, tse]
[2887, 18.2, 17.9, 17.90, 17.90, 74934, tse]
[2888, 8.48, 8.01, 8.04, 8.26, 238258, tse]
[2889, 14.05, 13.75, 13.75, 13.85, 32338, tse]
[2890, 22.2, 21.05, 21.05, 21.85, 106671, tse]
[2891, 32.45, 31.55, 32.00, 31.75, 150203, tse]
[2892, 27.65, 27.2, 27.20, 27.35, 49422, tse]
[2897, 10.2, 9.96, 9.96, 10.05, 44373, tse]
[2901, 27.8, 26.6, 26.60, 27.20, 195, tse]
[2903, 31.75, 30.3, 30.30, 30.95, 21310, tse]
[2904, 18.35, 18.15, 18.25, 18.20, 312, tse]
[2905, 14.3, 12.4, 12.40, 13.65, 10683, tse]
[2906, 19.8, 19.1, 19.40, 19.50, 3172, tse]
[2908, 20.8, 20.55, 20.70, 20.65, 1094, tse]
[2910, 27.35, 26.95, 27.10, 27.10, 100, tse]
[2911, 7.0, 6.76, 6.82, 6.85, 716, tse]
[2912, 277.5, 270.0, 271.50, 275.00, 5405, tse]
[2913, 21.3, 20.45, 20.50, 20.75, 9821, tse]
[2915, 60.3, 59.1, 59.10, 59.30, 9459, tse]
[2916, 64.0, 61.7, 62.00, 61.90, 844, otc]
[2923, 26.25, 24.4, 24.50, 24.65, 206, tse]
[2924, 27.8, 25.0, 25.75, 27.00, 83, otc]
[2926, 61.1, 60.0, 60.30, 60.80, 67, otc]
[2929, 10.1, 9.58, 9.72, 9.81, 1117, tse]
[2937, 36.75, 34.3, 36.55, 35.35, 167, otc]
[2939, 28.2, 27.35, 28.05, 27.35, 87, tse]
[2941, 95.4, 84.8, 85.20, 92.90, 239, otc]
[2945, 45.5, 44.3, 44.30, 45.40, 101, tse]
[2947, 84.3, 78.8, 78.80, 82.30, 115, otc]
[2948, 68.8, 65.8, 68.50, 66.50, 85, otc]
[2949, 111.0, 105.5, 111.00, 107.00, 98, otc]
[3002, 16.3, 15.05, 15.05, 16.05, 3154, tse]
[3003, 69.7, 67.7, 68.00, 68.90, 1504, tse]
[3004, 121.5, 111.5, 113.00, 112.00, 7085, tse]
[3005, 126.0, 117.0, 125.50, 119.00, 40236, tse]
[3006, 89.4, 84.9, 86.40, 87.80, 25939, tse]
[3008, 2515.0, 2315.0, 2,405.00, 2,350.00, 5303, tse]
[3010, 132.5, 125.0, 129.00, 129.50, 17065, tse]
[3011, 32.3, 30.2, 30.60, 30.40, 1955, tse]
[3013, 80.1, 64.9, 64.90, 74.30, 189663, tse]
[3014, 169.0, 163.0, 167.50, 165.50, 7260, tse]
[3015, 63.4, 57.2, 58.70, 60.20, 12964, tse]
[3016, 63.0, 59.1, 60.80, 60.70, 7380, tse]
[3017, 636.0, 547.0, 548.00, 628.00, 74559, tse]
[3018, 14.0, 12.4, 12.40, 14.00, 405, tse]
[3019, 67.3, 65.5, 65.80, 66.50, 5399, tse]
[3021, 23.5, 21.75, 21.90, 23.00, 1621, tse]
[3022, 82.6, 79.2, 82.60, 80.20, 3617, tse]
[3023, 286.0, 274.0, 283.00, 278.50, 3390, tse]
[3024, 19.1, 17.35, 17.55, 19.00, 14881, tse]
[3025, 74.0, 67.1, 71.10, 68.60, 18203, tse]
[3026, 97.9, 96.8, 97.00, 97.50, 744, tse]
[3027, 44.8, 41.5, 44.60, 44.65, 12352, tse]
[3028, 36.7, 35.25, 35.30, 36.35, 4385, tse]
[3029, 79.2, 71.5, 72.10, 77.30, 17775, tse]
[3030, 101.5, 86.1, 89.00, 97.40, 15243, tse]
[3031, 20.5, 19.7, 20.10, 19.75, 1418, tse]
[3032, 87.5, 78.3, 84.10, 79.60, 32196, tse]
[3033, 34.4, 32.3, 32.95, 33.70, 30201, tse]
[3034, 639.0, 590.0, 591.00, 630.00, 27044, tse]
[3035, 352.5, 315.5, 347.00, 323.00, 34708, tse]
[3036, 167.0, 135.0, 143.00, 165.50, 146166, tse]
[3037, 200.0, 189.0, 195.50, 194.00, 56215, tse]
[3038, 33.9, 32.15, 33.00, 32.20, 5470, tse]
[3040, 30.4, 29.7, 29.70, 29.95, 340, tse]
[3041, 24.0, 23.05, 24.00, 23.45, 9271, tse]
[3042, 114.0, 108.0, 110.50, 113.00, 14296, tse]
[3043, 34.65, 31.5, 33.20, 31.65, 1211, tse]
[3044, 213.5, 200.0, 213.00, 200.50, 12656, tse]
[3045, 104.5, 102.5, 102.50, 104.50, 23580, tse]
[3046, 68.3, 61.9, 61.90, 63.80, 3052, tse]
[3047, 15.55, 15.1, 15.20, 15.20, 6670, tse]
[3048, 24.05, 23.25, 23.45, 23.85, 2059, tse]
[3049, 8.48, 8.17, 8.24, 8.18, 6939, tse]
[3050, 24.45, 22.4, 23.70, 22.55, 12901, tse]
[3051, 39.85, 37.2, 38.70, 38.00, 9535, tse]
[3052, 13.9, 13.15, 13.55, 13.40, 15329, tse]
[3054, 21.6, 20.25, 20.45, 21.00, 170, tse]
[3055, 81.4, 73.5, 76.00, 76.70, 12927, tse]
[3056, 30.45, 28.35, 28.35, 30.10, 14389, tse]
[3057, 12.4, 11.95, 12.05, 12.35, 697, tse]
[3058, 23.4, 22.1, 22.80, 22.70, 9582, tse]
[3059, 41.75, 38.3, 38.80, 41.00, 82845, tse]
[3060, 28.8, 20.3, 20.40, 28.80, 63237, tse]
[3062, 24.0, 22.2, 23.70, 22.40, 20929, tse]
[3064, 38.35, 33.85, 38.20, 36.15, 84, otc]
[3066, 24.1, 21.8, 21.80, 22.30, 1603, otc]
[3067, 39.0, 33.35, 38.85, 35.75, 35, otc]
[3071, 37.35, 35.7, 36.80, 35.85, 2341, otc]
[3073, 35.5, 32.05, 33.20, 32.05, 252, otc]
[3078, 79.4, 77.6, 77.80, 78.80, 7160, otc]
[3081, 145.5, 134.5, 145.50, 136.50, 7829, otc]
[3083, 55.5, 50.6, 52.00, 51.50, 4786, otc]
[3085, 11.2, 10.05, 10.65, 10.25, 43, otc]
[3086, 127.0, 117.5, 121.00, 118.50, 570, otc]
[3088, 93.6, 88.7, 90.60, 88.90, 4974, otc]
[3090, 61.1, 59.9, 59.90, 60.90, 2364, tse]
[3092, 36.5, 34.1, 34.10, 35.00, 4172, tse]
[3093, 31.4, 30.7, 30.80, 31.00, 708, otc]
[3094, 33.9, 32.2, 33.30, 32.30, 2614, tse]
[3095, 42.95, 34.9, 34.90, 38.30, 1330, otc]
[3105, 156.0, 143.5, 147.50, 150.50, 18000, otc]
[3114, 28.95, 27.6, 27.80, 28.50, 589, otc]
[3115, 10.95, 10.45, 10.75, 10.50, 111, otc]
[3118, 32.9, 31.65, 31.65, 32.40, 493, otc]
[3122, 43.6, 40.7, 42.50, 40.85, 3314, otc]
[3128, 31.5, 30.65, 31.25, 31.15, 843, otc]
[3130, 230.0, 226.0, 226.50, 230.00, 115, tse]
[3131, 1005.0, 889.0, 973.00, 1,005.00, 6496, otc]
[3138, 138.0, 131.0, 133.00, 134.50, 1229, tse]
[3141, 82.7, 77.7, 79.10, 82.50, 3431, otc]
[3147, 146.0, 133.5, 136.00, 135.00, 3963, otc]
[3149, 26.1, 24.15, 24.35, 25.05, 3558, tse]
[3152, 239.0, 223.5, 238.00, 223.50, 510, otc]
[3162, 40.4, 38.55, 38.75, 39.10, 2152, otc]
[3163, 106.5, 100.0, 105.50, 100.00, 17336, otc]
[3164, 22.95, 21.95, 21.95, 22.75, 1093, tse]
[3167, 72.2, 62.6, 64.50, 65.40, 21634, tse]
[3168, 65.4, 62.0, 63.00, 65.00, 1729, tse]
[3169, 127.0, 122.0, 124.50, 122.00, 1849, otc]
[3171, 31.9, 29.35, 30.75, 29.60, 2877, otc]
[3176, 42.5, 38.85, 38.85, 40.65, 2821, otc]
[3178, 136.0, 124.5, 133.00, 134.50, 11913, otc]
[3188, 26.25, 23.45, 26.25, 23.65, 7190, otc]
[3189, 102.0, 97.6, 102.00, 97.80, 11983, tse]
[3191, 21.7, 20.1, 20.75, 20.15, 162, otc]
[3202, 13.45, 12.15, 12.20, 12.90, 2541, otc]
[3205, 44.8, 41.4, 41.80, 42.25, 885, otc]
[3206, 49.9, 46.3, 47.05, 47.65, 3689, otc]
[3207, 146.5, 132.5, 137.00, 144.00, 9682, otc]
[3209, 36.6, 33.6, 36.60, 34.80, 5893, tse]
[3211, 93.9, 86.0, 93.60, 88.20, 13315, otc]
[3213, 114.0, 95.2, 97.70, 108.50, 16054, otc]
[3217, 181.0, 166.0, 179.00, 168.00, 10116, otc]
[3218, 275.5, 269.0, 273.00, 269.50, 2212, otc]
[3219, 41.4, 38.5, 39.00, 40.40, 147, otc]
[3221, 28.65, 27.65, 27.90, 28.20, 1793, otc]
[3224, 36.6, 34.8, 36.00, 36.30, 394, otc]
[3226, 62.3, 57.5, 58.20, 59.40, 45, otc]
[3227, 162.0, 154.5, 157.00, 159.50, 5271, otc]
[3228, 520.0, 472.0, 503.00, 501.00, 2861, otc]
[3229, 15.55, 15.05, 15.15, 15.35, 177, tse]
[3230, 10.45, 10.05, 10.05, 10.10, 809, otc]
[3231, 133.0, 122.0, 132.00, 122.50, 466604, tse]
[3232, 33.8, 31.1, 31.70, 31.95, 2726, otc]
[3234, 39.1, 36.2, 38.90, 36.70, 6501, otc]
[3236, 21.2, 20.65, 20.95, 20.75, 511, otc]
[3252, 21.75, 20.45, 20.55, 20.80, 886, otc]
[3257, 66.5, 63.8, 65.30, 63.80, 3204, tse]
[3259, 28.35, 26.5, 27.50, 28.00, 156, otc]
[3260, 116.0, 99.6, 99.60, 113.00, 139062, otc]
[3264, 82.4, 78.6, 81.40, 79.30, 22976, otc]
[3265, 139.5, 125.0, 137.50, 126.50, 10210, otc]
[3266, 20.35, 18.45, 18.45, 19.45, 4748, tse]
[3268, 28.95, 26.9, 28.60, 27.10, 800, otc]
[3272, 31.5, 30.55, 30.70, 31.05, 304, otc]
[3276, 20.75, 19.5, 19.90, 20.20, 1320, otc]
[3284, 31.45, 25.3, 25.60, 27.80, 8721, otc]
[3285, 27.4, 25.8, 26.30, 26.95, 241, otc]
[3287, 41.75, 32.25, 33.00, 39.90, 19614, otc]
[3288, 31.6, 26.85, 26.85, 29.55, 302, otc]
[3289, 138.5, 125.0, 132.00, 138.50, 22646, otc]
[3290, 25.05, 24.0, 24.75, 24.40, 1559, otc]
[3293, 1150.0, 1070.0, 1,145.00, 1,085.00, 6650, otc]
[3294, 53.0, 42.85, 43.00, 44.65, 74844, otc]
[3296, 25.65, 22.8, 22.80, 25.45, 5212, tse]
[3297, 21.0, 18.6, 18.70, 19.90, 1900, otc]
[3303, 35.35, 33.2, 33.40, 34.95, 2298, otc]
[3305, 69.6, 62.7, 62.70, 65.50, 13932, tse]
[3306, 59.0, 51.5, 51.50, 52.90, 12442, otc]
[3308, 30.5, 26.85, 29.80, 27.65, 2089, tse]
[3310, 111.0, 106.5, 111.00, 110.50, 163, otc]
[3311, 41.3, 39.95, 40.90, 40.05, 680, tse]
[3312, 51.5, 40.45, 41.25, 51.50, 93652, tse]
[3313, 21.5, 18.65, 19.55, 18.75, 5500, otc]
[3317, 53.9, 52.1, 53.30, 52.10, 762, otc]
[3321, 19.6, 16.8, 16.80, 18.60, 5834, tse]
[3322, 25.1, 22.75, 23.20, 24.60, 9908, otc]
[3323, 26.95, 26.0, 26.40, 26.05, 972, otc]
[3324, 873.0, 755.0, 802.00, 772.00, 56615, otc]
[3325, 38.75, 35.3, 37.30, 35.45, 10320, otc]
[3332, 44.8, 43.3, 44.35, 43.80, 196, otc]
[3338, 71.3, 64.9, 64.90, 68.80, 16397, tse]
[3339, 39.3, 35.05, 35.40, 37.15, 26487, otc]
[3346, 49.45, 47.1, 48.70, 47.55, 8129, tse]
[3349, 25.0, 23.8, 24.50, 24.20, 43, otc]
[3354, 27.6, 23.3, 24.65, 26.85, 8299, otc]
[3356, 58.0, 54.0, 55.90, 55.30, 10109, tse]
[3357, 123.5, 115.5, 123.00, 117.50, 1622, otc]
[3360, 18.2, 15.15, 15.40, 16.60, 14436, otc]
[3362, 242.5, 221.0, 226.00, 228.00, 11859, otc]
[3363, 114.0, 100.0, 102.50, 108.00, 52162, otc]
[3372, 21.5, 18.95, 19.10, 21.40, 18533, otc]
[3373, 26.1, 24.55, 25.30, 24.60, 440, otc]
[3374, 131.5, 124.0, 127.00, 124.50, 6765, otc]
[3376, 183.0, 172.0, 177.50, 175.00, 23849, tse]
[3379, 14.8, 14.25, 14.80, 14.60, 333, otc]
[3380, 35.9, 34.6, 35.90, 34.65, 7674, tse]
[3388, 78.2, 75.3, 75.80, 77.80, 501, otc]
[3390, 32.2, 29.05, 32.20, 29.20, 5263, otc]
[3402, 116.5, 96.3, 98.00, 116.50, 15345, otc]
[3406, 494.0, 464.5, 473.00, 472.00, 10037, tse]
[3413, 314.0, 292.0, 309.00, 307.50, 8838, tse]
[3416, 144.0, 138.0, 139.50, 140.00, 3051, tse]
[3419, 17.3, 16.2, 16.20, 16.55, 1853, tse]
[3426, 46.3, 41.2, 41.25, 46.30, 146, otc]
[3430, 52.3, 46.4, 46.50, 48.95, 2194, otc]
[3432, 20.5, 19.5, 19.80, 19.65, 2699, tse]
[3434, 30.25, 28.5, 28.60, 29.60, 340, otc]
[3437, 30.55, 28.25, 30.00, 28.65, 7270, tse]
[3438, 82.9, 76.4, 82.90, 76.80, 2573, otc]
[3441, 36.3, 34.3, 34.60, 35.20, 529, otc]
[3443, 1370.0, 1240.0, 1,330.00, 1,255.00, 14844, tse]
[3444, 130.0, 104.5, 104.50, 126.50, 9245, otc]
[3447, 33.3, 32.2, 33.00, 32.55, 172, tse]
[3450, 78.2, 70.4, 76.80, 73.80, 62778, tse]
[3454, 148.0, 141.5, 143.00, 141.50, 896, tse]
[3455, 86.3, 83.6, 85.10, 86.00, 2596, otc]
[3465, 75.5, 68.8, 73.90, 68.80, 229, otc]
[3466, 40.2, 34.95, 35.00, 40.20, 17839, otc]
[3479, 124.0, 118.5, 123.50, 120.00, 3495, otc]
[3481, 15.75, 13.95, 14.60, 14.15, 587122, tse]
[3483, 152.5, 144.5, 152.00, 148.00, 5113, otc]
[3484, 54.7, 48.0, 48.85, 53.70, 4819, otc]
[3489, 27.4, 26.0, 26.20, 26.40, 3577, otc]
[3490, 29.9, 26.85, 27.65, 29.50, 4089, otc]
[3491, 173.5, 162.5, 170.00, 168.50, 6478, otc]
[3492, 20.2, 18.95, 19.15, 19.75, 466, otc]
[3494, 5.43, 5.1, 5.34, 5.35, 681, tse]
[3498, 39.65, 36.5, 37.45, 36.50, 3706, otc]
[3499, 24.75, 20.95, 22.80, 21.15, 4301, otc]
[3501, 60.2, 57.1, 57.50, 60.00, 3016, tse]
[3504, 59.6, 57.1, 59.10, 57.20, 2663, tse]
[3508, 26.45, 25.4, 25.80, 25.70, 884, otc]
[3511, 26.1, 25.4, 26.10, 25.60, 339, otc]
[3512, 38.2, 36.65, 37.50, 37.75, 5578, otc]
[3515, 265.0, 252.0, 255.50, 260.50, 4283, tse]
[3516, 26.45, 22.35, 23.00, 24.80, 3429, otc]
[3518, 30.9, 29.35, 30.00, 29.65, 953, tse]
[3520, 18.4, 17.25, 17.40, 18.15, 1359, otc]
[3521, 23.2, 21.0, 22.95, 21.55, 2932, otc]
[3522, 17.9, 17.0, 17.90, 17.40, 1162, otc]
[3523, 20.0, 17.0, 17.50, 19.85, 226, otc]
[3526, 240.0, 228.0, 240.00, 235.00, 2439, otc]
[3527, 98.2, 93.5, 95.60, 95.50, 648, otc]
[3528, 49.0, 46.55, 46.70, 48.55, 280, tse]
[3529, 2660.0, 2270.0, 2,610.00, 2,480.00, 3683, otc]
[3530, 109.5, 104.0, 109.50, 104.00, 1877, tse]
[3531, 32.35, 31.5, 32.35, 31.90, 142, otc]
[3532, 174.5, 168.0, 170.00, 174.50, 6469, tse]
[3533, 1675.0, 1470.0, 1,525.00, 1,500.00, 7851, tse]
[3535, 24.65, 22.85, 23.80, 23.00, 12251, tse]
[3537, 42.5, 41.5, 41.50, 41.75, 1434, otc]
[3540, 47.8, 45.1, 47.60, 45.10, 4330, otc]
[3541, 30.9, 28.75, 30.90, 29.80, 971, otc]
[3543, 24.2, 23.45, 23.85, 23.55, 1213, tse]
[3545, 93.0, 89.1, 91.20, 89.30, 11660, tse]
[3546, 83.2, 80.2, 82.90, 80.90, 1048, otc]
[3548, 293.0, 261.0, 279.00, 276.00, 39069, otc]
[3550, 15.6, 14.85, 14.90, 15.35, 619, tse]
[3551, 130.5, 115.0, 123.50, 118.00, 8877, otc]
[3552, 119.0, 111.0, 118.50, 112.50, 1633, otc]
[3555, 40.55, 28.4, 32.00, 37.20, 2016, otc]
[3556, 53.3, 51.7, 53.30, 51.80, 518, otc]
[3557, 73.5, 60.4, 61.00, 71.20, 7797, tse]
[3558, 213.5, 189.0, 213.50, 189.50, 2703, otc]
[3563, 422.0, 373.0, 395.50, 413.00, 6684, tse]
[3564, 65.0, 60.0, 60.60, 60.20, 2907, otc]
[3567, 44.25, 42.55, 43.00, 43.00, 1463, otc]
[3570, 165.0, 155.5, 165.00, 158.50, 532, otc]
[3576, 12.7, 11.0, 11.20, 11.85, 68944, tse]
[3577, 67.6, 63.1, 67.20, 66.60, 170, otc]
[3580, 53.8, 51.4, 53.20, 51.40, 896, otc]
[3581, 32.6, 30.5, 32.10, 30.55, 1384, otc]
[3583, 386.5, 335.5, 380.50, 341.00, 41506, tse]
[3587, 315.0, 292.0, 305.00, 309.50, 9940, otc]
[3588, 110.0, 95.8, 109.00, 96.30, 8285, tse]
[3591, 26.1, 25.15, 25.65, 25.30, 2572, tse]
[3592, 495.0, 452.5, 480.00, 453.00, 4882, tse]
[3593, 11.35, 10.95, 11.10, 11.20, 151, tse]
[3594, 43.9, 42.8, 43.30, 43.25, 1140, otc]
[3596, 192.5, 184.0, 192.00, 184.50, 5012, tse]
[3597, 26.25, 23.35, 24.00, 23.95, 2369, otc]
[3605, 40.6, 37.8, 39.10, 37.80, 5287, tse]
[3607, 19.65, 17.45, 17.70, 18.65, 7206, tse]
[3609, 38.95, 27.5, 27.70, 38.70, 1617, otc]
[3611, 239.0, 228.5, 239.00, 228.50, 958, otc]
[3615, 30.5, 25.55, 25.75, 29.10, 21629, otc]
[3617, 252.5, 231.0, 245.00, 251.50, 8483, tse]
[3622, 69.4, 62.0, 66.30, 69.40, 35300, tse]
[3623, 32.65, 30.75, 31.25, 32.15, 912, otc]
[3624, 51.2, 49.85, 51.00, 51.10, 1371, otc]
[3625, 13.4, 13.1, 13.40, 13.20, 739, otc]
[3628, 51.3, 48.1, 50.70, 50.10, 1189, otc]
[3629, 35.6, 27.0, 35.60, 28.90, 93, otc]
[3630, 31.8, 30.1, 30.80, 30.10, 1575, otc]
[3631, 40.7, 39.1, 39.90, 40.30, 597, otc]
[3632, 13.7, 13.05, 13.50, 13.25, 75, otc]
[3645, 47.8, 41.0, 41.00, 45.10, 23896, tse]
[3646, 31.45, 30.6, 30.80, 31.00, 524, otc]
[3652, 30.05, 29.2, 29.35, 29.30, 461, tse]
[3653, 962.0, 885.0, 943.00, 920.00, 6066, tse]
[3661, 3435.0, 2860.0, 3,435.00, 2,900.00, 16861, tse]
[3663, 49.3, 44.0, 45.00, 47.85, 5895, otc]
[3664, 30.95, 27.75, 27.90, 28.45, 945, otc]
[3665, 259.5, 247.5, 259.00, 247.50, 3189, tse]
[3666, 37.6, 30.55, 32.55, 36.60, 15451, otc]
[3669, 51.9, 49.65, 51.30, 49.90, 1129, tse]
[3672, 22.6, 21.8, 22.10, 21.95, 153, otc]
[3673, 40.55, 38.3, 39.15, 38.80, 20584, tse]
[3675, 292.0, 270.0, 273.50, 284.00, 3929, otc]
[3679, 123.0, 117.5, 118.50, 122.50, 779, tse]
[3680, 489.5, 446.0, 477.50, 479.00, 10738, otc]
[3684, 46.1, 44.05, 45.05, 45.75, 66, otc]
[3685, 20.0, 19.35, 19.80, 19.60, 378, otc]
[3686, 16.35, 13.95, 14.15, 16.15, 9962, tse]
[3687, 102.5, 97.1, 99.10, 97.10, 941, otc]
[3689, 72.6, 68.6, 71.90, 68.60, 9076, otc]
[3691, 153.0, 113.5, 113.50, 152.50, 13541, otc]
[3693, 382.5, 361.5, 376.00, 368.00, 2520, otc]
[3694, 55.1, 51.0, 53.90, 51.20, 8884, tse]
[3701, 63.2, 58.5, 59.40, 58.80, 5705, tse]
[3702, 93.0, 89.2, 90.90, 91.60, 31480, tse]
[3703, 33.25, 31.3, 31.75, 32.55, 20308, tse]
[3704, 48.2, 45.45, 47.95, 46.05, 14975, tse]
[3705, 49.25, 48.1, 48.90, 48.45, 1961, tse]
[3706, 50.8, 48.45, 50.40, 48.60, 64164, tse]
[3707, 73.2, 65.6, 68.70, 71.60, 34430, otc]
[3708, 127.5, 120.5, 126.00, 125.50, 15720, tse]
[3709, 25.75, 24.85, 25.50, 24.85, 622, otc]
[3710, 10.75, 10.0, 10.25, 10.35, 5928, otc]
[3711, 161.0, 151.5, 157.00, 160.50, 76953, tse]
[3712, 47.0, 43.3, 43.65, 46.55, 16446, tse]
[3713, 24.0, 22.5, 23.50, 23.30, 213, otc]
[3714, 40.9, 38.45, 38.60, 40.10, 13386, tse]
[3715, 83.6, 78.0, 82.00, 78.90, 89739, tse]
[4102, 40.25, 39.3, 39.30, 39.95, 1509, otc]
[4104, 98.1, 94.0, 97.20, 96.30, 1825, tse]
[4105, 78.8, 78.1, 78.50, 78.20, 2889, otc]
[4106, 28.75, 28.1, 28.65, 28.40, 586, tse]
[4107, 127.5, 123.0, 125.00, 126.50, 917, otc]
[4108, 20.75, 20.15, 20.30, 20.35, 1111, tse]
[4109, 27.8, 26.0, 27.00, 26.15, 12266, otc]
[4111, 27.0, 26.15, 26.30, 26.45, 980, otc]
[4113, 44.4, 38.5, 40.00, 44.40, 8683, otc]
[4114, 40.05, 39.1, 39.90, 39.10, 5270, otc]
[4116, 58.7, 56.8, 57.90, 57.00, 309, otc]
[4119, 90.0, 87.8, 88.50, 88.50, 1085, tse]
[4120, 44.85, 43.5, 44.80, 43.80, 738, otc]
[4121, 25.2, 24.2, 25.20, 24.35, 1718, otc]
[4123, 45.3, 43.0, 43.00, 43.80, 7122, otc]
[4126, 91.8, 89.9, 90.20, 90.90, 498, otc]
[4127, 35.5, 31.7, 33.40, 32.45, 4517, otc]
[4128, 45.8, 44.45, 44.80, 44.85, 6227, otc]
[4129, 101.0, 96.6, 98.30, 96.80, 5547, otc]
[4130, 25.4, 24.8, 25.20, 24.95, 1357, otc]
[4131, 33.2, 30.8, 32.30, 30.80, 160, otc]
[4133, 32.15, 31.45, 31.85, 31.55, 485, tse]
[4137, 204.0, 195.5, 202.50, 197.50, 537, tse]
[4138, 141.0, 131.0, 140.00, 135.50, 1346, otc]
[4139, 31.6, 29.35, 31.00, 30.15, 75, otc]
[4142, 26.7, 26.25, 26.50, 26.55, 2344, tse]
[4147, 97.7, 90.3, 91.40, 94.00, 14560, otc]
[4148, 53.9, 51.5, 52.40, 51.60, 351, tse]
[4153, 39.5, 38.3, 39.00, 38.50, 223, otc]
[4154, 13.85, 13.0, 13.20, 13.40, 117, otc]
[4155, 25.35, 24.2, 24.40, 24.85, 2937, tse]
[4157, 15.35, 14.85, 15.10, 14.95, 5470, otc]
[4160, 44.3, 43.0, 43.10, 43.20, 375, otc]
[4161, 38.35, 34.25, 36.05, 36.60, 1563, otc]
[4162, 101.0, 97.1, 99.50, 97.10, 2724, otc]
[4163, 124.5, 121.5, 123.00, 122.00, 363, otc]
[4164, 61.6, 59.4, 60.80, 59.50, 4721, tse]
[4167, 22.25, 20.65, 20.80, 21.25, 15249, otc]
[4168, 28.65, 25.0, 25.00, 26.85, 6179, otc]
[4171, 32.95, 31.4, 32.80, 31.40, 555, otc]
[4173, 23.05, 21.8, 23.00, 21.90, 2884, otc]
[4174, 64.9, 62.5, 64.30, 62.50, 1467, otc]
[4175, 80.8, 78.4, 80.00, 78.90, 165, otc]
[4183, 24.65, 20.3, 20.30, 22.45, 1551, otc]
[4188, 29.2, 27.0, 28.55, 27.10, 1189, otc]
[4190, 54.4, 51.0, 52.20, 51.10, 394, tse]
[4192, 57.8, 45.95, 45.95, 52.00, 1469, otc]
[4198, 61.9, 50.3, 56.00, 52.70, 1297, otc]
[4205, 97.9, 96.6, 96.70, 97.50, 102, otc]
[4207, 19.35, 18.4, 18.40, 19.20, 3545, otc]
[4303, 56.3, 48.7, 55.80, 50.60, 48965, otc]
[4304, 6.46, 5.24, 6.46, 5.56, 782, otc]
[4305, 43.1, 40.3, 40.90, 42.25, 213, otc]
[4306, 20.4, 18.95, 19.00, 19.35, 36244, tse]
[4401, 28.25, 25.65, 26.75, 25.65, 3718, otc]
[4402, 26.6, 19.8, 19.80, 26.00, 12166, otc]
[4406, 10.2, 10.0, 10.20, 10.05, 71, otc]
[4413, 18.5, 17.55, 17.85, 18.50, 136, otc]
[4414, 3.7, 3.57, 3.63, 3.61, 2808, tse]
[4416, 106.0, 102.5, 103.50, 103.50, 137, otc]
[4417, 39.4, 39.0, 39.40, 39.10, 450, otc]
[4419, 50.6, 43.5, 43.50, 44.85, 453, otc]
[4420, 49.1, 46.1, 46.10, 47.20, 1432, otc]
[4426, 17.4, 16.9, 17.05, 17.20, 578, tse]
[4430, 21.55, 21.05, 21.40, 21.40, 79, otc]
[4432, 26.0, 23.75, 24.60, 24.05, 1492, otc]
[4433, 29.45, 28.8, 29.25, 29.40, 162, otc]
[4438, 112.0, 110.0, 112.00, 110.50, 246, tse]
[4439, 111.0, 102.0, 104.00, 105.00, 309, tse]
[4440, 24.2, 23.75, 23.75, 24.00, 338, tse]
[4442, 23.8, 22.65, 22.65, 23.35, 124, otc]
[4502, 36.4, 36.0, 36.20, 36.40, 201, otc]
[4503, 63.3, 59.5, 61.60, 59.50, 2465, otc]
[4506, 103.5, 97.7, 100.00, 101.50, 1297, otc]
[4510, 18.45, 17.0, 17.20, 18.05, 9697, otc]
[4513, 42.6, 30.4, 30.40, 42.45, 23970, otc]
[4523, 64.5, 58.1, 64.50, 59.10, 612, otc]
[4526, 24.6, 22.2, 22.70, 23.75, 41040, tse]
[4527, 42.8, 39.9, 40.20, 41.95, 860, otc]
[4528, 30.75, 30.0, 30.75, 30.10, 281, otc]
[4529, 11.4, 9.72, 11.25, 10.30, 2416, otc]
[4530, 7.76, 6.81, 7.76, 7.35, 73, otc]
[4532, 25.95, 24.5, 25.00, 25.45, 20720, tse]
[4533, 40.25, 28.65, 29.50, 40.25, 214058, otc]
[4534, 12.5, 10.95, 10.95, 12.10, 2298, otc]
[4535, 34.0, 33.0, 33.60, 33.35, 387, otc]
[4536, 197.0, 189.0, 192.50, 193.00, 1052, tse]
[4538, 22.05, 20.65, 21.10, 20.80, 706, otc]
[4540, 36.05, 34.15, 35.20, 34.15, 1761, tse]
[4541, 34.2, 30.3, 30.85, 32.30, 3311, otc]
[4542, 72.9, 64.9, 67.80, 66.50, 2683, otc]
[4543, 58.0, 49.7, 49.70, 52.50, 16787, otc]
[4545, 34.85, 29.9, 30.70, 34.00, 3878, tse]
[4549, 98.0, 95.0, 98.00, 95.30, 212, otc]
[4550, 42.5, 38.05, 38.50, 38.40, 2980, otc]
[4551, 108.0, 103.5, 107.50, 103.50, 703, tse]
[4552, 31.0, 30.25, 30.45, 30.45, 1199, tse]
[4554, 30.75, 29.7, 29.80, 29.80, 460, otc]
[4555, 64.2, 58.3, 60.90, 62.10, 382, tse]
[4556, 39.95, 36.8, 36.90, 38.00, 850, otc]
[4557, 129.5, 121.5, 129.00, 121.50, 1064, tse]
[4558, 29.95, 24.45, 24.45, 26.90, 1367, otc]
[4560, 38.2, 36.45, 36.85, 38.00, 741, tse]
[4561, 39.6, 34.05, 34.20, 36.85, 8805, otc]
[4562, 18.95, 17.55, 18.05, 17.70, 3201, tse]
[4563, 53.0, 49.25, 49.25, 52.00, 2242, otc]
[4564, 23.6, 22.9, 23.20, 23.00, 2832, tse]
[4566, 52.6, 51.2, 51.60, 52.40, 951, tse]
[4568, 56.8, 55.9, 56.70, 56.10, 81, otc]
[4569, 98.0, 95.0, 95.50, 97.40, 98, tse]
[4571, 107.0, 94.8, 102.00, 95.20, 551, tse]
[4572, 178.0, 168.5, 173.50, 169.50, 2414, tse]
[4576, 89.6, 79.1, 88.00, 80.10, 3595, tse]
[4577, 20.3, 19.5, 19.80, 19.95, 107, otc]
[4580, 98.4, 96.0, 98.00, 96.20, 529, otc]
[4581, 69.0, 66.5, 68.10, 66.50, 455, tse]
[4583, 267.0, 246.0, 246.00, 247.00, 2376, tse]
[4584, 72.5, 65.3, 65.30, 70.90, 290, otc]
[4588, 108.0, 95.2, 96.00, 108.00, 3658, tse]
[4609, 7.43, 6.49, 6.49, 7.43, 459, otc]
[4702, 13.4, 12.9, 13.10, 12.95, 378, otc]
[4706, 30.85, 27.65, 27.65, 28.55, 123, otc]
[4707, 14.1, 13.85, 13.95, 13.85, 2809, otc]
[4711, 17.25, 16.8, 17.00, 16.80, 143, otc]
[4714, 23.4, 22.0, 22.85, 22.30, 48287, otc]
[4716, 17.55, 15.45, 15.50, 15.90, 26502, otc]
[4720, 16.7, 15.6, 15.75, 16.35, 3283, tse]
[4721, 76.0, 72.1, 74.00, 74.00, 1073, otc]
[4722, 39.85, 38.9, 38.95, 39.30, 501, tse]
[4726, 42.4, 39.2, 39.50, 41.65, 6788, otc]
[4728, 242.5, 226.5, 231.50, 234.00, 440, otc]
[4729, 19.45, 18.25, 18.60, 18.70, 1009, otc]
[4735, 36.35, 35.3, 35.50, 35.90, 124, otc]
[4736, 155.5, 152.0, 154.00, 153.00, 575, tse]
[4737, 70.8, 69.4, 69.40, 69.70, 156, tse]
[4739, 65.3, 63.0, 64.90, 63.20, 1126, tse]
[4741, 43.1, 38.1, 38.10, 40.60, 747, otc]
[4743, 178.5, 171.0, 172.50, 172.00, 8637, otc]
[4744, 25.75, 23.45, 23.45, 24.40, 2294, otc]
[4745, 23.8, 23.5, 23.80, 23.70, 194, otc]
[4746, 121.0, 105.0, 115.00, 113.00, 34949, tse]
[4747, 72.3, 66.3, 69.00, 67.30, 1610, otc]
[4754, 42.4, 41.1, 41.10, 42.10, 265, otc]
[4755, 153.5, 146.0, 153.00, 147.50, 3205, tse]
[4760, 80.7, 73.3, 73.30, 75.60, 1188, otc]
[4763, 976.0, 902.0, 975.00, 917.00, 10326, tse]
[4764, 34.9, 33.4, 33.40, 34.10, 193, tse]
[4766, 364.5, 318.0, 325.00, 351.00, 9308, tse]
[4767, 33.0, 29.5, 32.50, 29.70, 301, otc]
[4768, 254.0, 221.5, 231.50, 254.00, 8985, otc]
[4770, 449.5, 413.0, 424.50, 442.00, 3806, tse]
[4771, 354.0, 329.0, 354.00, 330.00, 2214, tse]
[4804, 4.55, 4.14, 4.45, 4.21, 245, otc]
[4806, 14.0, 11.6, 11.60, 13.05, 383, otc]
[4807, 17.95, 17.1, 17.10, 17.85, 113, tse]
[4903, 16.9, 16.35, 16.80, 16.60, 608, otc]
[4904, 82.1, 80.2, 80.60, 81.60, 23886, tse]
[4905, 118.0, 88.7, 89.40, 98.20, 3807, otc]
[4906, 34.85, 33.85, 33.95, 34.55, 19836, tse]
[4907, 64.3, 54.5, 54.60, 60.40, 1185, otc]
[4908, 113.0, 102.0, 111.50, 104.00, 9403, otc]
[4909, 102.5, 94.0, 96.10, 97.90, 6666, otc]
[4911, 62.2, 60.4, 61.00, 61.40, 378, otc]
[4912, 139.5, 125.5, 127.00, 129.00, 6377, tse]
[4915, 86.8, 82.0, 82.50, 85.00, 17761, tse]
[4916, 34.95, 31.55, 31.65, 34.45, 5629, tse]
[4919, 131.0, 125.5, 128.00, 129.50, 9454, tse]
[4923, 48.7, 47.8, 47.80, 47.85, 302, otc]
[4924, 15.5, 14.55, 14.70, 15.30, 238, otc]
[4927, 40.45, 38.7, 39.00, 39.35, 2300, tse]
[4930, 34.85, 33.0, 33.35, 34.40, 1402, tse]
[4931, 33.85, 31.9, 32.10, 33.10, 2611, otc]
[4933, 60.3, 57.8, 58.20, 59.40, 1715, otc]
[4934, 25.25, 24.05, 24.15, 24.20, 5059, tse]
[4935, 57.2, 52.5, 52.70, 56.30, 2749, tse]
[4938, 103.0, 98.0, 99.10, 98.30, 66082, tse]
[4939, 22.45, 21.1, 22.30, 21.65, 2549, otc]
[4942, 46.2, 45.45, 45.50, 45.50, 1164, tse]
[4943, 23.65, 20.6, 22.60, 22.00, 623, tse]
[4945, 125.5, 102.5, 123.50, 102.50, 3438, otc]
[4946, 47.1, 46.75, 46.85, 46.85, 45, otc]
[4951, 78.2, 73.3, 73.30, 76.60, 1123, otc]
[4952, 51.5, 47.5, 47.75, 49.20, 5440, tse]
[4953, 148.0, 142.0, 144.00, 142.50, 3588, otc]
[4956, 20.25, 18.75, 19.45, 19.80, 5777, tse]
[4958, 128.5, 115.5, 128.50, 117.50, 68005, tse]
[4960, 13.8, 13.25, 13.50, 13.55, 49209, tse]
[4961, 270.5, 252.0, 269.50, 259.00, 13159, tse]
[4966, 950.0, 893.0, 909.00, 899.00, 4958, otc]
[4967, 93.3, 83.8, 84.70, 89.90, 63640, tse]
[4968, 204.0, 182.0, 202.50, 187.00, 18291, tse]
[4971, 64.0, 60.4, 60.90, 63.30, 655, otc]
[4972, 28.55, 28.25, 28.50, 28.40, 215, otc]
[4973, 43.15, 40.15, 41.95, 42.80, 9297, otc]
[4974, 70.0, 68.6, 69.60, 68.90, 621, otc]
[4976, 42.8, 40.45, 40.60, 40.70, 2888, tse]
[4977, 77.5, 73.3, 76.00, 75.10, 3249, tse]
[4979, 132.5, 123.0, 127.00, 126.50, 12628, otc]
[4987, 61.9, 61.2, 61.70, 61.60, 101, otc]
[4989, 26.95, 24.55, 24.55, 26.60, 2071, tse]
[4991, 30.7, 29.65, 30.05, 29.65, 273, otc]
[4994, 131.0, 111.0, 120.00, 119.00, 4085, tse]
[4995, 50.8, 50.3, 50.40, 50.50, 206, otc]
[4999, 34.15, 33.45, 33.65, 33.70, 875, tse]
[5007, 56.7, 55.6, 56.10, 56.10, 343, tse]
[5009, 53.1, 49.1, 49.75, 52.50, 65722, otc]
[5011, 25.85, 24.55, 25.70, 24.55, 1805, otc]
[5013, 35.25, 34.2, 34.40, 34.75, 276, otc]
[5014, 13.85, 13.0, 13.20, 13.50, 2679, otc]
[5015, 45.3, 44.45, 44.70, 44.85, 364, otc]
[5016, 28.95, 28.0, 28.95, 28.80, 92, otc]
[5201, 33.7, 30.2, 32.80, 30.80, 2764, otc]
[5202, 24.2, 22.25, 23.45, 22.40, 3090, otc]
[5203, 88.6, 86.9, 87.60, 87.30, 550, tse]
[5205, 29.1, 27.75, 28.70, 28.45, 30, otc]
[5206, 40.4, 34.2, 34.25, 38.45, 1125, otc]
[5209, 219.5, 193.0, 217.50, 194.50, 1257, otc]
[5210, 42.95, 37.2, 39.05, 38.10, 6987, otc]
[5211, 27.55, 25.9, 26.05, 26.45, 1126, otc]
[5212, 65.9, 59.9, 63.10, 63.60, 953, otc]
[5213, 41.9, 39.3, 39.55, 41.10, 5745, otc]
[5215, 51.6, 50.3, 50.40, 50.60, 447, tse]
[5220, 27.3, 26.3, 26.65, 27.05, 214, otc]
[5222, 185.5, 173.5, 184.00, 175.50, 6417, tse]
[5223, 39.25, 38.4, 38.55, 38.75, 225, otc]
[5225, 126.0, 113.0, 121.50, 115.00, 8302, tse]
[5227, 44.45, 39.05, 39.55, 39.60, 2158, otc]
[5228, 23.1, 21.7, 22.80, 22.05, 286, otc]
[5230, 28.7, 25.3, 25.30, 28.15, 3396, otc]
[5234, 163.0, 144.5, 150.00, 159.00, 15016, tse]
[5236, 152.0, 147.5, 151.00, 148.00, 1044, otc]
[5243, 61.9, 57.1, 58.40, 61.40, 12502, tse]
[5244, 45.3, 43.0, 44.85, 44.00, 1591, tse]
[5245, 36.2, 33.0, 34.00, 34.85, 150, otc]
[5251, 27.2, 22.7, 23.50, 25.85, 4683, otc]
[5258, 147.0, 137.0, 143.50, 140.50, 12203, tse]
[5263, 119.0, 113.5, 113.50, 116.00, 866, otc]
[5269, 2570.0, 2200.0, 2,535.00, 2,245.00, 5582, tse]
[5272, 35.4, 33.95, 35.40, 34.00, 1752, otc]
[5274, 3485.0, 3100.0, 3,435.00, 3,170.00, 1952, otc]
[5276, 14.2, 13.9, 14.20, 13.90, 5, otc]
[5278, 260.5, 255.0, 256.00, 255.00, 24, otc]
[5283, 116.5, 114.5, 116.00, 115.00, 351, tse]
[5284, 213.0, 194.0, 199.00, 198.00, 9310, tse]
[5285, 66.4, 63.5, 64.00, 65.30, 917, tse]
[5287, 209.5, 205.0, 207.50, 205.00, 330, otc]
[5288, 198.5, 192.0, 197.00, 193.00, 266, tse]
[5289, 322.5, 311.0, 314.00, 313.50, 2921, otc]
[5291, 27.55, 26.65, 26.80, 27.05, 437, otc]
[5292, 157.5, 139.0, 155.50, 141.00, 1763, tse]
[5299, 113.5, 108.0, 113.50, 108.00, 964, otc]
[5301, 9.06, 8.07, 8.53, 8.90, 717, otc]
[5302, 11.4, 11.0, 11.15, 11.15, 1161, otc]
[5306, 148.0, 136.0, 139.00, 146.00, 1692, tse]
[5309, 36.35, 34.8, 35.00, 35.50, 7477, otc]
[5310, 49.5, 43.9, 47.00, 44.25, 1964, otc]
[5312, 114.0, 105.0, 109.00, 105.50, 1215, otc]
[5314, 429.0, 365.0, 417.00, 393.00, 565, otc]
[5315, 18.7, 18.25, 18.35, 18.50, 733, otc]
[5321, 78.2, 75.6, 77.40, 75.60, 384, otc]
[5324, 14.65, 12.8, 13.10, 14.55, 18119, otc]
[5328, 15.25, 14.5, 15.00, 14.65, 4264, otc]
[5340, 63.4, 54.6, 55.10, 61.80, 12960, otc]
[5344, 23.3, 21.6, 21.60, 22.80, 591, otc]
[5345, 11.95, 10.4, 11.40, 11.65, 41, otc]
[5347, 88.8, 84.4, 85.10, 87.70, 49041, otc]
[5348, 18.3, 17.55, 17.90, 17.55, 123, otc]
[5351, 57.0, 51.6, 52.20, 53.00, 46773, otc]
[5353, 36.35, 35.0, 36.05, 35.25, 825, otc]
[5355, 11.6, 10.85, 10.85, 11.20, 1329, otc]
[5356, 37.9, 34.65, 37.75, 35.70, 3421, otc]
[5364, 16.75, 16.2, 16.45, 16.60, 637, otc]
[5371, 104.5, 91.0, 93.20, 98.10, 74738, otc]
[5381, 38.7, 33.35, 33.60, 38.55, 28915, otc]
[5383, 41.8, 38.8, 41.50, 40.60, 1715, otc]
[5386, 86.4, 73.0, 85.50, 74.30, 12028, otc]
[5388, 138.0, 132.5, 136.00, 134.00, 14562, tse]
[5392, 28.6, 24.5, 24.55, 27.65, 16709, otc]
[5398, 19.95, 18.5, 19.00, 18.90, 492, otc]
[5403, 137.5, 131.0, 134.00, 132.50, 1183, otc]
[5410, 37.6, 34.2, 34.40, 37.50, 6761, otc]
[5425, 81.0, 76.2, 76.80, 80.80, 22016, otc]
[5426, 40.8, 36.65, 36.80, 39.30, 39379, otc]
[5432, 173.5, 161.0, 173.00, 170.50, 3217, otc]
[5434, 262.5, 240.5, 245.00, 248.50, 11850, tse]
[5438, 19.2, 18.2, 18.20, 18.80, 266, otc]
[5439, 128.5, 118.0, 121.50, 122.50, 16144, otc]
[5443, 73.3, 65.2, 69.40, 65.90, 100890, otc]
[5450, 22.2, 19.6, 19.65, 20.80, 1942, otc]
[5452, 26.2, 24.35, 24.40, 25.60, 5600, otc]
[5455, 52.5, 49.7, 50.10, 50.40, 152, otc]
[5457, 63.3, 58.6, 58.80, 61.80, 8518, otc]
[5460, 14.7, 13.7, 14.20, 14.25, 553, otc]
[5464, 30.5, 29.6, 29.85, 29.65, 411, otc]
[5465, 51.6, 45.9, 49.10, 46.25, 11023, otc]
[5468, 17.4, 16.85, 17.35, 16.95, 197, otc]
[5469, 62.2, 58.2, 61.30, 58.90, 18351, tse]
[5471, 55.1, 53.2, 54.20, 53.90, 2686, tse]
[5474, 154.0, 136.0, 142.00, 136.50, 4376, otc]
[5475, 11.7, 11.15, 11.15, 11.30, 1163, otc]
[5478, 146.5, 141.0, 141.00, 143.50, 1249, otc]
[5481, 13.8, 13.0, 13.70, 13.60, 308, otc]
[5483, 214.0, 207.0, 210.00, 211.50, 16761, otc]
[5484, 25.0, 24.0, 25.00, 24.00, 407, tse]
[5487, 31.2, 29.55, 29.75, 30.25, 167, otc]
[5488, 12.8, 12.1, 12.10, 12.25, 3942, otc]
[5489, 39.1, 37.75, 38.10, 39.05, 473, otc]
[5490, 27.8, 26.15, 26.30, 26.60, 2086, otc]
[5493, 94.5, 86.1, 93.90, 92.80, 2521, otc]
[5498, 13.95, 13.15, 13.30, 13.25, 8925, otc]
[5508, 152.5, 135.0, 136.00, 150.50, 9058, otc]
[5511, 72.3, 67.0, 71.60, 67.40, 6505, otc]
[5512, 11.3, 10.4, 10.50, 11.05, 42537, otc]
[5514, 20.95, 20.1, 20.10, 20.40, 191, otc]
[5515, 23.2, 20.95, 20.95, 23.00, 19597, tse]
[5516, 20.8, 19.6, 20.10, 19.95, 251, otc]
[5519, 41.25, 38.5, 40.30, 39.80, 10213, tse]
[5520, 80.2, 79.0, 79.00, 79.30, 64, otc]
[5521, 14.75, 13.6, 13.75, 13.60, 76910, tse]
[5522, 60.0, 57.8, 57.90, 59.60, 5724, tse]
[5523, 29.7, 29.0, 29.00, 29.30, 586, otc]
[5525, 34.9, 31.9, 31.90, 34.60, 2169, tse]
[5529, 25.6, 24.25, 24.35, 24.35, 1204, otc]
[5530, 41.3, 38.55, 41.20, 39.85, 2748, otc]
[5531, 10.3, 9.7, 9.78, 9.90, 8174, tse]
[5533, 25.0, 24.0, 24.00, 24.60, 2887, tse]
[5534, 100.5, 90.5, 90.60, 99.00, 17360, tse]
[5536, 231.0, 202.5, 204.00, 230.00, 6710, otc]
[5538, 31.7, 31.0, 31.30, 31.30, 64, tse]
[5543, 50.8, 46.25, 49.75, 48.15, 193, otc]
[5546, 32.7, 29.7, 29.95, 31.65, 165, tse]
[5548, 39.45, 32.15, 32.15, 36.75, 1379, otc]
[5601, 36.95, 36.05, 36.45, 36.50, 40, otc]
[5603, 24.2, 23.0, 23.80, 23.15, 1564, otc]
[5604, 40.6, 39.85, 40.05, 39.90, 597, otc]
[5607, 58.0, 55.9, 56.20, 57.70, 3707, tse]
[5608, 19.55, 18.2, 18.45, 19.45, 11895, tse]
[5609, 92.8, 89.3, 89.30, 92.40, 2415, otc]
[5701, 5.9, 5.4, 5.48, 5.67, 517, otc]
[5703, 23.5, 21.0, 21.30, 22.70, 746, otc]
[5704, 51.2, 46.8, 47.15, 47.80, 433, otc]
[5706, 76.0, 67.3, 67.80, 73.10, 12811, tse]
[5864, 21.85, 20.4, 21.40, 20.55, 13945, otc]
[5871, 180.5, 174.0, 174.00, 174.50, 24008, tse]
[5876, 47.7, 45.6, 45.60, 47.50, 23195, tse]
[5878, 48.3, 48.1, 48.10, 48.20, 40, otc]
[5880, 26.35, 25.95, 26.00, 26.05, 38390, tse]
[5902, 34.05, 32.9, 33.75, 33.00, 169, otc]
[5903, 191.5, 188.5, 188.50, 190.00, 413, otc]
[5904, 496.0, 485.5, 495.00, 491.00, 696, otc]
[5905, 12.25, 11.85, 12.05, 11.95, 3028, otc]
[5906, 62.8, 58.6, 61.40, 61.10, 69, tse]
[5907, 9.4, 8.25, 8.74, 9.08, 3808, tse]
[6005, 21.8, 19.95, 19.95, 21.75, 93294, tse]
[6015, 13.65, 12.5, 12.75, 13.30, 37293, otc]
[6016, 17.9, 16.0, 17.10, 16.05, 67038, otc]
[6020, 20.1, 19.3, 19.30, 19.80, 328, otc]
[6021, 19.45, 17.0, 17.00, 18.85, 1161, otc]
[6023, 81.6, 79.2, 80.10, 80.00, 1131, otc]
[6024, 56.0, 54.1, 54.50, 55.50, 3050, tse]
[6026, 17.35, 15.75, 16.25, 15.85, 41597, otc]
[6101, 49.5, 46.4, 49.50, 46.65, 1319, otc]
[6103, 37.4, 32.65, 34.00, 33.95, 13, otc]
[6104, 111.0, 102.0, 110.00, 103.50, 4921, otc]
[6108, 21.7, 21.0, 21.65, 21.25, 2118, tse]
[6109, 14.95, 14.5, 14.85, 14.80, 1244, otc]
[6111, 73.6, 70.3, 70.50, 72.80, 2606, otc]
[6112, 62.0, 59.8, 62.00, 59.80, 5930, tse]
[6113, 37.5, 28.8, 28.80, 34.70, 18170, otc]
[6114, 25.8, 24.5, 24.95, 25.30, 391, otc]
[6115, 54.8, 52.0, 52.30, 53.30, 1473, tse]
[6116, 10.95, 10.35, 10.45, 10.45, 36041, tse]
[6117, 114.5, 90.9, 94.30, 93.10, 104978, tse]
[6118, 25.0, 23.7, 23.75, 24.50, 1419, otc]
[6120, 19.6, 16.65, 19.05, 16.75, 117832, tse]
[6121, 439.5, 421.0, 437.00, 430.00, 8263, otc]
[6122, 69.5, 60.6, 68.50, 65.00, 14411, otc]
[6123, 70.9, 70.0, 70.40, 70.90, 268, otc]
[6124, 40.5, 37.15, 37.70, 38.65, 2528, otc]
[6125, 85.9, 79.6, 81.10, 80.00, 56839, otc]
[6126, 36.0, 33.8, 36.00, 34.70, 10714, otc]
[6127, 28.8, 27.0, 27.25, 27.00, 6010, otc]
[6128, 43.65, 41.25, 41.85, 42.55, 5216, tse]
[6129, 27.05, 26.2, 26.75, 26.20, 2828, otc]
[6130, 24.5, 22.8, 23.00, 23.00, 204, otc]
[6133, 14.75, 13.65, 13.75, 14.15, 2575, tse]
[6134, 21.05, 19.75, 19.80, 20.35, 1226, otc]
[6136, 23.7, 23.15, 23.45, 23.25, 1851, tse]
[6138, 214.0, 201.0, 208.50, 205.50, 7888, otc]
[6139, 366.0, 279.0, 288.00, 366.00, 31849, tse]
[6140, 31.8, 29.35, 30.15, 30.40, 4993, otc]
[6141, 19.25, 17.7, 18.00, 18.70, 2436, tse]
[6142, 9.95, 9.68, 9.86, 9.69, 2050, tse]
[6143, 105.0, 94.6, 97.10, 97.00, 11733, otc]
[6144, 20.3, 17.15, 17.30, 19.80, 293, otc]
[6146, 250.0, 242.0, 248.00, 245.00, 2988, otc]
[6147, 78.1, 75.3, 75.90, 77.70, 13926, otc]
[6148, 33.9, 30.05, 31.30, 32.40, 2335, otc]
[6150, 93.1, 88.6, 93.10, 89.00, 1878, otc]
[6151, 26.55, 26.2, 26.45, 26.40, 205, otc]
[6152, 10.25, 10.0, 10.10, 10.10, 2543, tse]
[6153, 21.15, 20.05, 20.45, 20.05, 8275, tse]
[6154, 17.4, 16.85, 16.90, 17.10, 168, otc]
[6155, 27.3, 26.5, 27.20, 26.70, 596, tse]
[6156, 23.7, 23.05, 23.25, 23.45, 2044, otc]
[6158, 31.4, 30.65, 31.20, 31.15, 420, otc]
[6160, 23.25, 21.8, 22.30, 21.80, 2156, otc]
[6161, 47.25, 45.7, 47.00, 46.15, 1784, otc]
[6163, 23.5, 21.5, 21.80, 22.80, 19313, otc]
[6164, 16.0, 15.25, 15.50, 15.55, 9983, tse]
[6165, 42.6, 38.85, 39.10, 41.95, 7395, tse]
[6166, 77.0, 67.9, 68.20, 69.40, 13056, tse]
[6167, 16.55, 15.5, 16.55, 15.70, 3577, otc]
[6168, 24.5, 23.45, 23.55, 23.70, 4303, tse]
[6169, 22.85, 21.95, 22.40, 22.80, 196, otc]
[6170, 56.6, 53.4, 54.00, 55.40, 4178, otc]
[6171, 40.3, 37.65, 37.65, 39.10, 1036, otc]
[6173, 48.25, 45.85, 47.00, 46.05, 3631, otc]
[6174, 23.7, 22.6, 22.85, 22.60, 137, otc]
[6175, 36.2, 34.6, 34.60, 36.15, 770, otc]
[6176, 176.5, 170.0, 173.00, 175.50, 15681, tse]
[6177, 48.0, 43.9, 44.30, 46.50, 24578, tse]
[6179, 37.3, 32.7, 37.05, 33.15, 15909, otc]
[6180, 76.0, 72.9, 73.00, 74.70, 3686, otc]
[6182, 40.45, 39.35, 40.00, 39.45, 8863, otc]
[6183, 75.3, 72.3, 75.20, 73.90, 312, tse]
[6184, 54.5, 53.8, 53.80, 54.40, 209, tse]
[6185, 17.35, 16.7, 16.95, 17.35, 1377, otc]
[6186, 71.9, 68.7, 68.70, 69.40, 4376, otc]
[6187, 291.0, 254.0, 283.50, 271.00, 16432, otc]
[6188, 108.5, 95.5, 96.00, 97.60, 83642, otc]
[6189, 98.0, 88.2, 94.40, 92.80, 78960, tse]
[6190, 37.0, 35.95, 36.05, 36.65, 9031, otc]
[6191, 72.4, 69.6, 72.00, 69.70, 17668, tse]
[6192, 116.5, 100.0, 100.50, 113.50, 4951, tse]
[6194, 36.0, 34.5, 36.00, 34.80, 875, otc]
[6195, 42.25, 41.75, 42.00, 41.85, 126, otc]
[6196, 180.5, 165.0, 169.50, 172.50, 22535, tse]
[6197, 179.0, 159.0, 171.00, 175.00, 14664, tse]
[6198, 65.8, 49.3, 49.75, 65.60, 3854, otc]
[6199, 27.1, 24.0, 27.10, 24.05, 108, otc]
[6201, 64.2, 60.0, 63.20, 60.60, 1234, tse]
[6202, 59.5, 57.1, 59.00, 59.00, 6761, tse]
[6203, 88.8, 86.0, 88.60, 86.10, 1177, otc]
[6204, 150.5, 142.0, 142.00, 143.50, 2082, otc]
[6205, 79.0, 76.8, 77.90, 78.60, 1525, tse]
[6206, 83.8, 78.9, 80.30, 83.30, 3667, tse]
[6207, 64.5, 51.4, 53.30, 62.40, 80403, otc]
[6208, 64.8, 60.4, 61.00, 62.70, 6146, otc]
[6209, 26.95, 25.95, 26.35, 26.05, 2658, tse]
[6210, 26.2, 25.1, 25.90, 26.20, 105, otc]
[6212, 79.9, 65.8, 65.90, 76.20, 610, otc]
[6213, 128.0, 109.5, 114.50, 121.50, 130219, tse]
[6214, 126.0, 117.0, 118.50, 121.50, 3613, tse]
[6215, 48.1, 35.8, 36.45, 39.90, 61950, tse]
[6216, 38.15, 36.05, 36.15, 36.90, 4191, tse]
[6217, 48.05, 42.7, 42.95, 46.65, 17865, otc]
[6218, 29.2, 26.35, 26.70, 27.50, 2558, otc]
[6219, 39.85, 37.1, 38.50, 38.80, 10482, otc]
[6220, 24.35, 23.8, 23.85, 23.90, 745, otc]
[6221, 80.5, 78.3, 80.00, 80.20, 159, otc]
[6222, 31.0, 27.5, 30.85, 27.70, 588, otc]
[6223, 408.0, 318.0, 328.50, 408.00, 22822, otc]
[6224, 57.9, 55.1, 57.10, 55.80, 704, tse]
[6225, 16.8, 15.3, 15.50, 16.00, 111, tse]
[6226, 10.35, 10.0, 10.25, 10.10, 1743, tse]
[6227, 86.6, 71.6, 79.60, 72.90, 24160, otc]
[6228, 23.0, 22.05, 22.35, 22.65, 97, otc]
[6229, 38.4, 30.85, 31.40, 38.40, 3580, otc]
[6230, 195.5, 181.0, 194.00, 182.50, 1444, tse]
[6231, 278.0, 258.0, 277.50, 260.00, 5617, otc]
[6233, 40.8, 38.05, 40.70, 39.05, 7072, otc]
[6234, 33.7, 29.4, 31.75, 29.60, 10685, otc]
[6235, 107.0, 99.0, 107.00, 99.10, 13180, tse]
[6236, 33.5, 32.5, 32.50, 33.50, 4, otc]
[6237, 62.4, 56.8, 61.90, 57.00, 4836, otc]
[6239, 193.0, 181.0, 193.00, 185.50, 18230, tse]
[6240, 22.4, 21.3, 22.05, 21.60, 115, otc]
[6241, 15.4, 14.65, 15.40, 15.05, 478, otc]
[6242, 54.0, 53.0, 54.00, 53.30, 157, otc]
[6243, 68.1, 63.8, 68.00, 63.80, 2851, tse]
[6244, 28.75, 26.85, 27.45, 27.95, 17510, otc]
[6245, 104.0, 98.0, 100.50, 99.70, 6613, otc]
[6246, 14.65, 13.25, 14.50, 13.55, 403, otc]
[6248, 35.2, 33.8, 34.00, 35.05, 5067, otc]
[6257, 73.7, 70.4, 71.80, 73.20, 26805, tse]
[6259, 23.25, 21.75, 21.75, 22.50, 307, otc]
[6261, 75.4, 73.4, 75.00, 74.00, 2990, otc]
[6263, 163.5, 154.5, 163.50, 156.00, 1160, otc]
[6264, 9.62, 7.9, 8.16, 8.70, 4031, otc]
[6265, 12.35, 11.5, 11.50, 11.80, 4007, otc]
[6266, 34.2, 33.45, 33.80, 33.55, 1657, otc]
[6269, 93.2, 90.3, 91.30, 92.60, 8890, tse]
[6270, 25.0, 23.5, 23.50, 24.50, 1685, otc]
[6271, 154.0, 149.0, 154.00, 150.50, 5739, tse]
[6274, 201.5, 182.5, 189.00, 188.00, 82148, otc]
[6275, 61.9, 58.5, 61.10, 60.00, 7551, otc]
[6276, 70.4, 63.8, 69.00, 63.80, 900, otc]
[6277, 82.0, 80.5, 81.80, 80.70, 401, tse]
[6278, 113.0, 107.0, 109.50, 110.50, 15135, tse]
[6279, 170.5, 154.5, 170.00, 154.50, 5434, otc]
[6281, 85.7, 84.2, 85.10, 84.60, 1009, tse]
[6282, 40.85, 38.3, 38.90, 40.45, 37588, tse]
[6283, 28.65, 22.3, 23.70, 28.65, 5677, tse]
[6284, 89.1, 83.6, 86.80, 88.30, 22605, otc]
[6285, 159.5, 153.5, 158.50, 154.50, 17995, tse]
[6287, 14.5, 14.0, 14.00, 14.50, 32, otc]
[6288, 37.4, 34.55, 37.40, 34.80, 43196, tse]
[6290, 107.0, 90.9, 91.00, 105.50, 79452, otc]
[6291, 184.0, 168.0, 168.00, 173.00, 487, otc]
[6292, 80.2, 76.5, 79.90, 77.20, 1627, otc]
[6294, 128.5, 117.0, 123.50, 118.00, 2114, otc]
[6405, 25.5, 23.45, 23.65, 24.55, 585, tse]
[6409, 1665.0, 1550.0, 1,550.00, 1,655.00, 747, tse]
[6411, 107.0, 102.0, 106.00, 102.50, 1385, otc]
[6412, 182.5, 171.5, 179.00, 178.50, 2522, tse]
[6414, 352.0, 332.0, 338.00, 344.00, 17489, tse]
[6415, 396.0, 315.5, 321.00, 387.00, 28837, tse]
[6416, 125.0, 118.5, 123.50, 121.00, 3729, tse]
[6417, 105.5, 101.5, 104.50, 104.50, 1510, otc]
[6418, 23.35, 22.6, 22.95, 23.10, 755, otc]
[6419, 60.5, 53.3, 54.10, 58.30, 1205, otc]
[6425, 88.1, 74.8, 78.00, 82.50, 40025, otc]
[6426, 70.3, 67.8, 69.30, 68.00, 482, tse]
[6431, 14.05, 10.3, 12.00, 14.05, 2940, tse]
[6432, 38.5, 33.3, 33.30, 35.00, 2767, otc]
[6435, 106.0, 100.0, 105.50, 100.00, 810, otc]
[6438, 137.5, 126.5, 137.00, 136.00, 16646, tse]
[6441, 43.2, 40.2, 42.60, 40.55, 834, otc]
[6442, 148.5, 135.0, 136.00, 143.00, 24527, tse]
[6443, 30.9, 27.5, 27.85, 29.25, 54885, tse]
[6446, 333.0, 317.5, 328.00, 320.50, 6989, tse]
[6449, 96.2, 87.2, 88.20, 93.10, 4965, tse]
[6451, 175.5, 164.5, 175.50, 164.50, 8730, tse]
[6456, 62.0, 58.6, 60.00, 60.50, 5426, tse]
[6457, 55.3, 48.1, 48.10, 51.50, 2008, otc]
[6461, 29.2, 27.5, 27.80, 28.35, 985, otc]
[6462, 303.0, 251.0, 299.50, 252.00, 33635, otc]
[6464, 87.6, 86.0, 87.20, 86.80, 545, tse]
[6465, 26.35, 22.2, 22.85, 24.65, 665, otc]
[6469, 298.0, 282.0, 298.00, 292.00, 1962, otc]
[6470, 58.3, 56.5, 57.20, 57.30, 1229, otc]
[6472, 845.0, 730.0, 772.00, 790.00, 29688, tse]
[6477, 40.8, 38.55, 39.15, 39.25, 5066, tse]
[6482, 54.8, 52.0, 52.80, 52.60, 150, otc]
[6485, 87.3, 82.2, 85.60, 84.60, 1997, otc]
[6486, 89.1, 86.9, 86.90, 89.10, 1802, otc]
[6488, 559.0, 544.0, 551.00, 545.00, 10331, otc]
[6491, 503.0, 474.0, 487.50, 483.00, 5985, tse]
[6492, 44.75, 43.15, 43.70, 43.30, 727, otc]
[6494, 72.4, 70.3, 71.70, 70.80, 656, otc]
[6496, 28.15, 27.0, 27.85, 28.00, 172, otc]
[6499, 43.9, 43.0, 43.05, 43.20, 184, otc]
[6504, 71.4, 69.8, 70.70, 70.20, 396, tse]
[6505, 74.2, 71.8, 72.10, 72.50, 19483, tse]
[6506, 17.35, 17.0, 17.05, 17.10, 130, otc]
[6508, 32.2, 31.75, 31.80, 32.10, 371, otc]
[6509, 39.4, 38.15, 38.40, 38.20, 2470, otc]
[6510, 524.0, 507.0, 509.00, 507.00, 416, otc]
[6512, 22.2, 21.3, 21.85, 21.90, 39, otc]
[6514, 52.8, 52.4, 52.70, 52.50, 876, otc]
[6515, 938.0, 760.0, 775.00, 931.00, 9279, tse]
[6516, 79.3, 75.8, 79.30, 76.50, 271, otc]
[6517, 86.8, 81.5, 84.00, 82.30, 1718, otc]
[6523, 181.0, 165.0, 165.00, 176.50, 1383, otc]
[6525, 68.8, 67.3, 67.40, 68.40, 390, tse]
[6526, 668.0, 639.0, 655.00, 650.00, 3141, tse]
[6527, 83.9, 79.1, 83.60, 80.90, 421, otc]
[6530, 55.0, 50.8, 52.80, 50.80, 5416, otc]
[6531, 416.0, 388.0, 416.00, 388.00, 10612, tse]
[6532, 74.2, 70.1, 74.00, 70.70, 2559, otc]
[6533, 444.5, 421.5, 432.50, 422.00, 3825, tse]
[6534, 89.9, 85.4, 87.40, 85.60, 312, tse]
[6535, 233.5, 191.0, 196.00, 197.50, 9531, otc]
[6538, 169.5, 158.0, 158.50, 160.50, 9205, otc]
[6541, 50.7, 48.2, 50.00, 48.25, 2204, tse]
[6542, 72.5, 68.5, 71.10, 70.10, 244, otc]
[6546, 145.5, 127.0, 129.50, 135.50, 16024, otc]
[6547, 53.3, 51.5, 52.00, 52.20, 4524, otc]
[6548, 38.3, 34.8, 35.60, 37.35, 23181, otc]
[6550, 74.9, 69.3, 73.20, 70.00, 10669, tse]
[6552, 35.65, 34.65, 34.70, 35.00, 307, tse]
[6556, 84.1, 82.6, 83.20, 82.60, 64, otc]
[6558, 25.4, 22.6, 22.80, 23.55, 2666, tse]
[6560, 29.5, 28.2, 28.30, 29.25, 167, otc]
[6561, 388.0, 367.0, 371.50, 380.00, 443, otc]
[6568, 147.0, 140.0, 143.00, 140.00, 426, otc]
[6569, 185.0, 171.0, 182.50, 171.50, 614, otc]
[6570, 57.2, 53.1, 53.30, 55.60, 936, otc]
[6573, 13.35, 12.8, 13.10, 13.25, 287, tse]
[6574, 52.7, 49.9, 51.20, 50.40, 84, otc]
[6576, 101.0, 98.2, 98.50, 99.40, 1243, otc]
[6577, 147.0, 141.0, 141.50, 143.50, 850, otc]
[6578, 31.0, 27.4, 29.40, 28.00, 19851, otc]
[6579, 167.0, 158.5, 163.00, 159.00, 1277, tse]
[6581, 93.0, 90.3, 90.90, 92.70, 255, tse]
[6582, 49.95, 48.1, 48.40, 49.40, 307, tse]
[6584, 218.0, 196.0, 205.00, 199.00, 5073, otc]
[6585, 209.0, 174.5, 175.00, 209.00, 7470, tse]
[6588, 40.5, 37.0, 39.25, 38.90, 1570, otc]
[6589, 87.4, 85.2, 86.80, 85.30, 2114, otc]
[6590, 96.1, 90.0, 96.10, 90.80, 357, otc]
[6591, 58.8, 56.4, 58.80, 56.90, 2464, tse]
[6592, 122.5, 119.5, 120.50, 120.00, 2370, tse]
[6593, 152.0, 140.5, 143.00, 142.50, 4124, otc]
[6596, 74.0, 70.1, 73.80, 73.50, 3011, otc]
[6598, 21.8, 20.7, 21.70, 21.00, 367, tse]
[6603, 17.8, 16.15, 16.25, 17.40, 12273, otc]
[6605, 227.0, 216.0, 223.50, 217.50, 6497, tse]
[6606, 28.0, 26.0, 26.85, 26.45, 1062, tse]
[6609, 36.0, 35.1, 35.10, 35.30, 615, otc]
[6612, 139.0, 115.0, 116.00, 133.00, 1467, otc]
[6613, 233.0, 190.5, 192.50, 226.50, 4716, otc]
[6615, 41.3, 40.75, 41.30, 40.80, 109, otc]
[6616, 15.5, 14.4, 14.80, 14.95, 1189, otc]
[6624, 42.75, 40.6, 42.00, 41.40, 180, otc]
[6625, 102.5, 97.2, 99.80, 99.80, 2350, tse]
[6629, 91.8, 78.5, 85.00, 91.60, 1263, otc]
[6640, 458.0, 402.0, 435.00, 458.00, 1604, otc]
[6641, 43.0, 39.4, 39.40, 42.50, 237, tse]
[6642, 63.0, 61.4, 62.00, 62.70, 458, otc]
[6643, 1545.0, 1275.0, 1,540.00, 1,295.00, 6804, otc]
[6645, 40.6, 38.1, 38.45, 38.30, 308, tse]
[6649, 33.65, 30.1, 30.95, 30.70, 429, otc]
[6651, 77.7, 74.7, 77.70, 75.00, 483, otc]
[6654, 52.6, 49.6, 50.30, 49.95, 102, otc]
[6655, 121.0, 119.0, 120.00, 120.00, 16, tse]
[6657, 63.9, 58.1, 58.80, 58.40, 2225, tse]
[6658, 43.0, 40.2, 42.15, 41.85, 112, tse]
[6661, 22.9, 22.05, 22.85, 22.60, 33, otc]
[6662, 36.7, 34.95, 36.70, 35.00, 75, otc]
[6664, 186.0, 171.0, 175.00, 184.00, 3665, otc]
[6666, 71.7, 67.7, 69.10, 69.00, 318, tse]
[6667, 195.0, 181.0, 183.00, 193.00, 15683, otc]
[6668, 79.7, 70.7, 77.90, 72.80, 38315, tse]
[6669, 2540.0, 2315.0, 2,520.00, 2,405.00, 10055, tse]
[6670, 252.5, 240.5, 252.50, 244.50, 2680, tse]
[6671, 43.4, 42.7, 43.20, 42.85, 130, tse]
[6672, 92.2, 88.1, 92.20, 88.50, 1680, tse]
[6674, 26.65, 24.8, 26.65, 25.30, 39, tse]
[6679, 440.0, 416.5, 431.50, 431.00, 1762, otc]
[6680, 81.2, 79.2, 81.20, 80.50, 52, otc]
[6683, 314.0, 286.0, 290.00, 307.50, 3353, otc]
[6684, 103.5, 85.7, 100.50, 86.10, 10125, otc]
[6689, 115.5, 108.0, 110.00, 112.00, 1308, tse]
[6690, 183.0, 178.0, 183.00, 179.00, 260, otc]
[6691, 419.5, 382.0, 390.00, 409.50, 2304, tse]
[6692, 30.5, 30.2, 30.30, 30.35, 230, otc]
[6693, 73.0, 69.8, 72.00, 70.30, 268, otc]
[6695, 69.0, 60.7, 68.10, 61.10, 10740, tse]
[6697, 51.9, 50.2, 50.60, 50.40, 177, otc]
[6698, 34.5, 31.0, 34.00, 34.15, 2063, tse]
[6703, 316.0, 294.5, 294.50, 315.00, 1383, otc]
[6706, 53.6, 52.1, 52.20, 52.40, 959, tse]
[6708, 45.2, 43.7, 44.90, 43.85, 132, otc]
[6712, 219.0, 213.5, 216.50, 214.50, 2250, otc]
[6715, 210.0, 180.5, 198.00, 183.00, 4220, tse]
[6716, 118.0, 106.0, 107.50, 110.00, 1912, otc]
[6719, 306.0, 278.5, 287.50, 295.50, 9023, tse]
[6721, 52.1, 51.7, 51.90, 52.00, 94, otc]
[6727, 64.5, 57.0, 57.80, 63.90, 2760, otc]
[6728, 139.5, 135.5, 135.50, 137.50, 75, otc]
[6732, 423.0, 377.5, 421.50, 387.50, 3368, otc]
[6733, 38.7, 36.7, 37.35, 38.10, 1292, otc]
[6735, 116.0, 98.9, 105.50, 99.80, 3207, otc]
[6741, 95.3, 91.2, 92.50, 92.10, 1329, otc]
[6742, 93.8, 80.7, 86.10, 82.90, 7041, tse]
[6743, 62.6, 56.0, 57.40, 57.60, 4774, tse]
[6747, 191.5, 187.5, 188.00, 189.00, 123, otc]
[6751, 72.0, 70.5, 71.20, 70.90, 62, otc]
[6752, 134.5, 128.5, 134.00, 128.50, 266, otc]
[6753, 141.0, 123.0, 134.50, 127.00, 20904, tse]
[6754, 64.8, 57.9, 58.60, 63.90, 915, tse]
[6756, 221.0, 212.0, 221.00, 218.50, 1438, tse]
[6757, 34.85, 32.8, 32.80, 34.00, 3432, tse]
[6761, 98.2, 91.1, 95.20, 96.70, 2775, otc]
[6762, 258.0, 252.0, 255.00, 253.00, 24, otc]
[6763, 413.5, 404.0, 408.50, 409.00, 101, otc]
[6767, 40.0, 38.45, 38.50, 39.80, 179, otc]
[6768, 79.2, 75.3, 76.00, 77.60, 2273, tse]
[6770, 26.4, 25.1, 25.30, 25.20, 71383, tse]
[6776, 65.0, 63.2, 63.80, 64.70, 734, tse]
[6781, 691.0, 651.0, 685.00, 665.00, 1448, tse]
[6782, 243.5, 222.5, 230.50, 235.50, 4829, tse]
[6785, 380.0, 320.5, 359.00, 320.50, 4974, otc]
[6788, 146.0, 138.5, 138.50, 145.00, 2181, otc]
[6789, 317.5, 283.0, 310.00, 286.00, 17394, tse]
[6790, 51.8, 49.35, 49.55, 50.40, 3115, tse]
[6791, 88.2, 86.4, 86.50, 87.00, 58, otc]
[6792, 87.0, 82.5, 86.00, 82.90, 482, tse]
[6796, 88.7, 85.8, 85.80, 87.20, 311, tse]
[6799, 173.5, 168.0, 171.50, 168.00, 2207, tse]
[6803, 313.0, 309.0, 310.00, 310.00, 112, otc]
[6804, 51.0, 49.9, 50.90, 50.00, 310, otc]
[6805, 852.0, 726.0, 730.00, 827.00, 7989, tse]
[6806, 161.0, 145.5, 150.50, 150.00, 49990, tse]
[6807, 47.65, 41.05, 41.30, 46.75, 2048, tse]
[6811, 293.5, 281.0, 283.50, 283.50, 1160, otc]
[6821, 46.65, 43.5, 44.00, 44.20, 225, otc]
[6823, 78.3, 76.4, 77.70, 76.80, 103, otc]
[6829, 122.0, 112.5, 121.50, 113.50, 2862, otc]
[6830, 151.0, 144.0, 150.00, 147.50, 1544, tse]
[6834, 24.9, 23.8, 24.35, 24.40, 174, tse]
[6835, 58.9, 52.8, 55.40, 56.40, 5372, tse]
[6840, 72.1, 71.0, 72.00, 72.10, 159, otc]
[6841, 97.7, 89.2, 89.20, 91.50, 6067, otc]
[6843, 58.4, 55.6, 57.70, 55.60, 86, otc]
[6844, 180.0, 172.0, 179.50, 179.50, 309, otc]
[6846, 80.7, 79.6, 79.60, 79.90, 77, otc]
[6854, 80.8, 74.0, 75.00, 80.20, 249, tse]
[6855, 133.0, 122.5, 130.00, 123.00, 182, otc]
[6856, 68.0, 67.5, 67.60, 67.80, 79, otc]
[6859, 141.5, 132.5, 141.50, 136.00, 253, otc]
[6861, 80.6, 75.5, 79.00, 75.80, 525, tse]
[6863, 156.5, 146.0, 146.00, 150.50, 1983, tse]
[6865, 61.0, 59.5, 60.00, 59.60, 37, otc]
[6869, 142.0, 133.5, 142.00, 139.50, 1739, tse]
[6870, 143.5, 129.0, 137.00, 130.00, 407, otc]
[6873, 180.0, 153.5, 159.00, 179.50, 3168, tse]
[6874, 122.5, 114.5, 117.00, 115.00, 501, otc]
[6875, 83.7, 79.7, 83.20, 79.80, 2069, otc]
[6877, 35.85, 34.8, 35.85, 34.85, 208, otc]
[6894, 239.0, 208.0, 209.00, 219.50, 892, otc]
[6895, 101.5, 93.0, 101.00, 93.50, 672, otc]
[6899, 72.2, 67.0, 68.90, 67.60, 3284, otc]
[6901, 43.1, 41.7, 42.80, 41.70, 4675, tse]
[6902, 165.0, 149.0, 149.00, 158.00, 76, tse]
[6904, 214.0, 202.0, 209.50, 207.50, 124, otc]
[6906, 166.5, 150.5, 166.00, 157.50, 745, tse]
[6916, 27.0, 26.3, 26.75, 26.40, 312, tse]
[6922, 126.0, 115.0, 117.00, 119.00, 255, otc]
[6929, 79.6, 71.1, 76.90, 79.60, 922, otc]
[6933, 404.0, 360.5, 373.50, 364.00, 7940, tse]
[6937, 240.0, 206.0, 207.50, 238.50, 11309, tse]
[6949, 133.5, 84.6, 84.60, 125.00, 3318, tse]
[7402, 129.5, 119.0, 129.50, 123.00, 3850, otc]
[7556, 152.5, 144.5, 146.00, 145.50, 97, otc]
[8011, 26.85, 23.25, 23.40, 26.15, 63071, tse]
[8016, 297.5, 285.0, 296.50, 289.00, 6202, tse]
[8021, 31.4, 29.2, 29.25, 30.60, 6646, tse]
[8024, 20.65, 20.15, 20.45, 20.15, 465, otc]
[8027, 105.5, 93.1, 105.00, 100.50, 20268, otc]
[8028, 54.2, 52.1, 53.10, 53.20, 9461, tse]
[8032, 29.9, 29.15, 29.20, 29.90, 67, otc]
[8033, 81.2, 68.5, 72.40, 75.90, 50977, tse]
[8034, 27.95, 25.1, 27.50, 25.15, 7193, otc]
[8038, 30.8, 29.6, 29.60, 29.90, 616, otc]
[8039, 49.1, 46.9, 47.15, 48.00, 5234, tse]
[8040, 82.7, 75.2, 81.00, 78.50, 11266, otc]
[8042, 36.25, 35.2, 35.40, 35.80, 121, otc]
[8043, 26.3, 24.2, 24.40, 25.30, 575, otc]
[8044, 32.75, 30.55, 32.50, 31.05, 3790, otc]
[8046, 209.0, 199.0, 208.00, 199.00, 8925, tse]
[8047, 18.4, 14.95, 14.95, 16.15, 8328, otc]
[8048, 69.5, 65.9, 68.90, 65.90, 2071, otc]
[8049, 41.85, 39.7, 41.85, 40.10, 3926, otc]
[8050, 83.5, 80.2, 83.40, 81.50, 5935, otc]
[8054, 181.5, 153.5, 178.50, 154.50, 68730, otc]
[8059, 34.45, 29.75, 32.00, 31.45, 9734, otc]
[8064, 31.0, 28.3, 30.70, 30.25, 42428, otc]
[8066, 30.1, 29.5, 29.90, 29.50, 308, otc]
[8067, 17.9, 17.15, 17.50, 17.30, 33, otc]
[8068, 37.95, 35.8, 35.80, 36.50, 2089, otc]
[8069, 245.0, 226.0, 226.00, 245.00, 26777, otc]
[8070, 43.95, 41.85, 42.50, 42.30, 21163, tse]
[8071, 15.5, 14.3, 14.45, 14.70, 1110, otc]
[8072, 27.1, 26.7, 26.90, 26.90, 441, tse]
[8074, 23.7, 23.25, 23.60, 23.40, 1288, otc]
[8076, 29.45, 28.15, 28.40, 29.40, 3298, otc]
[8077, 65.1, 48.0, 48.00, 65.10, 545, otc]
[8080, 17.3, 15.0, 16.90, 15.20, 225, otc]
[8081, 296.0, 267.5, 274.00, 288.00, 5044, tse]
[8083, 180.0, 174.0, 174.00, 178.00, 835, otc]
[8084, 82.4, 76.2, 82.40, 77.50, 1918, otc]
[8085, 78.4, 66.1, 78.30, 68.10, 25457, otc]
[8086, 153.0, 139.0, 153.00, 139.50, 17700, otc]
[8087, 66.5, 61.2, 61.70, 64.10, 1648, otc]
[8088, 49.65, 45.7, 47.00, 47.40, 39102, otc]
[8089, 72.9, 65.8, 72.40, 68.10, 1836, otc]
[8091, 140.0, 124.5, 126.50, 138.00, 3894, otc]
[8092, 34.3, 28.85, 32.50, 29.70, 7648, otc]
[8093, 16.2, 15.05, 15.30, 15.75, 522, otc]
[8096, 34.75, 27.35, 28.70, 30.75, 199616, otc]
[8097, 68.5, 65.5, 66.20, 68.10, 2193, otc]
[8099, 76.6, 69.7, 76.10, 71.80, 1233, otc]
[8101, 3.97, 3.83, 3.88, 3.90, 179, tse]
[8103, 47.85, 44.0, 47.45, 45.55, 3501, tse]
[8104, 34.3, 33.0, 33.05, 33.70, 886, tse]
[8105, 14.0, 13.25, 13.75, 13.35, 7380, tse]
[8107, 15.95, 15.5, 15.85, 15.80, 337, otc]
[8109, 97.3, 94.8, 97.00, 95.20, 594, otc]
[8110, 18.55, 17.15, 17.45, 18.50, 35597, tse]
[8111, 27.6, 25.5, 26.15, 26.40, 13730, otc]
[8112, 89.7, 74.3, 75.20, 86.60, 132098, tse]
[8114, 119.0, 117.0, 118.50, 117.50, 469, tse]
[8121, 30.2, 27.2, 27.20, 29.25, 5044, otc]
[8131, 37.35, 36.2, 36.55, 36.90, 1271, tse]
[8147, 131.0, 116.5, 130.50, 117.00, 3606, otc]
[8150, 49.65, 48.0, 49.05, 48.70, 18239, tse]
[8155, 166.5, 138.0, 142.50, 158.00, 11753, otc]
[8162, 44.5, 40.85, 41.50, 42.55, 397, tse]
[8163, 64.1, 61.3, 63.90, 62.00, 8295, tse]
[8171, 41.1, 39.35, 40.60, 39.50, 1503, otc]
[8176, 14.95, 13.75, 13.90, 14.45, 1590, otc]
[8182, 37.5, 35.7, 35.85, 36.05, 1018, otc]
[8183, 49.4, 47.05, 48.60, 47.15, 2110, otc]
[8201, 19.65, 18.65, 19.40, 18.65, 1656, tse]
[8210, 284.0, 254.0, 273.50, 264.50, 33683, tse]
[8213, 44.75, 43.5, 44.05, 44.50, 5222, tse]
[8215, 35.45, 34.5, 34.75, 34.60, 7184, tse]
[8222, 50.8, 46.5, 47.60, 47.80, 16081, tse]
[8227, 282.5, 246.0, 281.00, 249.50, 4829, otc]
[8234, 54.0, 49.95, 49.95, 51.40, 8641, otc]
[8240, 37.85, 36.25, 37.85, 36.60, 1262, otc]
[8249, 29.55, 29.1, 29.25, 29.25, 400, tse]
[8255, 193.0, 180.5, 185.50, 180.50, 10455, otc]
[8261, 88.7, 85.4, 88.10, 85.60, 2972, tse]
[8271, 75.7, 70.5, 71.80, 74.20, 12598, tse]
[8277, 12.5, 12.05, 12.20, 12.20, 1413, otc]
[8279, 160.0, 155.0, 155.00, 160.00, 13, otc]
[8284, 64.0, 62.8, 63.20, 63.80, 283, otc]
[8289, 34.0, 33.0, 33.45, 33.05, 818, otc]
[8291, 7.13, 6.33, 6.62, 6.59, 33, otc]
[8299, 785.0, 698.0, 720.00, 748.00, 18252, otc]
[8341, 101.5, 97.2, 97.80, 98.70, 697, tse]
[8342, 75.4, 71.0, 75.40, 71.80, 117, otc]
[8349, 69.2, 65.0, 67.20, 67.00, 1854, otc]
[8354, 15.05, 14.55, 14.70, 15.05, 556, otc]
[8358, 70.0, 64.7, 65.10, 67.20, 87431, otc]
[8367, 45.65, 45.0, 45.55, 45.50, 469, tse]
[8374, 33.0, 30.3, 30.35, 31.80, 1275, tse]
[8383, 42.75, 40.55, 40.60, 41.75, 7136, otc]
[8390, 64.5, 57.6, 57.60, 59.60, 17564, otc]
[8401, 25.95, 24.7, 25.10, 25.40, 3022, otc]
[8403, 32.35, 31.2, 31.40, 31.50, 876, otc]
[8404, 19.25, 18.25, 18.25, 18.75, 1576, tse]
[8409, 23.15, 22.2, 22.90, 22.45, 192, otc]
[8410, 68.7, 67.0, 68.00, 68.50, 458, otc]
[8411, 13.7, 13.25, 13.35, 13.60, 1767, tse]
[8415, 35.0, 34.15, 34.20, 34.95, 3098, otc]
[8416, 160.0, 148.5, 148.50, 156.50, 159, otc]
[8420, 60.1, 58.0, 58.80, 59.00, 231, otc]
[8421, 13.9, 13.45, 13.60, 13.65, 470, otc]
[8422, 185.0, 178.0, 178.50, 184.00, 1796, tse]
[8423, 23.15, 22.3, 22.40, 22.70, 302, otc]
[8424, 73.2, 71.3, 72.50, 72.10, 90, otc]
[8426, 60.8, 58.2, 60.70, 58.20, 1162, otc]
[8429, 10.05, 9.57, 9.63, 9.93, 753, tse]
[8431, 57.2, 55.0, 56.50, 55.60, 989, otc]
[8432, 61.0, 57.3, 60.50, 57.50, 722, otc]
[8433, 107.0, 100.5, 103.50, 103.50, 1517, otc]
[8435, 75.0, 70.3, 75.00, 72.20, 391, otc]
[8436, 158.5, 153.0, 156.50, 153.50, 1161, otc]
[8437, 33.95, 30.85, 31.50, 31.40, 1117, otc]
[8438, 29.2, 27.2, 27.45, 27.90, 581, tse]
[8440, 39.95, 38.05, 38.05, 39.10, 767, otc]
[8442, 129.5, 115.0, 129.50, 119.00, 1449, tse]
[8443, 12.4, 12.05, 12.25, 12.35, 591, tse]
[8444, 37.2, 35.65, 36.85, 36.50, 48, otc]
[8446, 109.5, 107.0, 108.00, 107.50, 772, otc]
[8450, 24.05, 22.6, 24.05, 23.65, 363, otc]
[8454, 406.0, 386.0, 386.00, 386.50, 5280, tse]
[8455, 21.25, 20.85, 21.10, 21.15, 28, otc]
[8462, 116.0, 110.0, 111.00, 112.00, 429, tse]
[8463, 27.1, 25.65, 26.10, 26.05, 1455, tse]
[8464, 360.5, 346.0, 346.50, 351.00, 3406, tse]
[8466, 50.6, 47.4, 48.20, 49.25, 698, tse]
[8467, 208.0, 189.5, 198.00, 205.00, 3678, tse]
[8472, 27.6, 24.9, 27.60, 25.70, 273, otc]
[8473, 41.7, 38.4, 41.50, 39.30, 4804, tse]
[8476, 64.4, 59.9, 63.30, 60.80, 607, tse]
[8477, 18.3, 17.4, 18.05, 17.90, 325, otc]
[8478, 432.0, 395.5, 431.50, 396.00, 4463, tse]
[8481, 52.2, 50.4, 50.90, 51.50, 213, tse]
[8482, 63.6, 61.6, 61.80, 62.40, 20, tse]
[8487, 85.0, 80.0, 82.90, 81.00, 231, tse]
[8488, 17.5, 16.45, 17.00, 16.60, 576, tse]
[8489, 28.2, 25.85, 27.70, 25.90, 379, otc]
[8499, 117.5, 114.0, 114.00, 117.50, 124, tse]
[8905, 32.05, 31.6, 31.80, 31.65, 415, otc]
[8906, 19.0, 17.95, 18.20, 18.00, 465, otc]
[8908, 57.7, 56.2, 57.60, 56.60, 135, otc]
[8916, 62.3, 60.5, 62.00, 60.50, 1238, otc]
[8917, 59.8, 58.2, 58.20, 58.40, 72, otc]
[8921, 15.9, 15.35, 15.35, 15.40, 25, otc]
[8923, 20.65, 20.0, 20.35, 20.20, 16, otc]
[8924, 90.9, 89.5, 90.10, 89.90, 426, otc]
[8926, 48.95, 46.55, 47.30, 47.70, 22134, tse]
[8927, 59.4, 57.0, 57.30, 57.20, 2157, otc]
[8928, 30.65, 28.75, 28.75, 30.55, 387, otc]
[8929, 20.15, 19.9, 20.15, 20.00, 45, otc]
[8930, 41.85, 38.9, 41.80, 39.15, 9322, otc]
[8931, 55.4, 49.95, 54.30, 50.80, 1781, otc]
[8932, 120.0, 113.0, 116.00, 116.50, 2020, otc]
[8933, 11.05, 10.3, 10.40, 10.60, 3322, otc]
[8935, 12.45, 11.8, 12.40, 12.00, 364, otc]
[8936, 83.8, 78.2, 80.00, 83.50, 64213, otc]
[8937, 20.9, 20.4, 20.80, 20.50, 155, otc]
[8938, 75.1, 70.9, 71.00, 74.70, 1950, otc]
[8940, 29.85, 26.5, 26.50, 28.95, 5157, tse]
[8941, 82.6, 75.6, 79.20, 80.10, 312, otc]
[8942, 73.7, 72.2, 72.80, 72.50, 1471, otc]
[8996, 381.0, 348.0, 364.00, 360.00, 28276, tse]
[9103, 7.09, 6.73, 6.92, 6.79, 12583, tse]
[9105, 3.8, 3.66, 3.70, 3.72, 48749, tse]
[9110, 7.79, 7.57, 7.70, 7.68, 419, tse]
[9136, 6.5, 6.25, 6.49, 6.46, 1475, tse]
[9802, 122.5, 111.0, 122.50, 113.50, 6950, tse]
[9902, 16.0, 14.45, 14.95, 14.55, 4060, tse]
[9904, 36.3, 34.8, 34.90, 35.35, 50142, tse]
[9905, 24.05, 23.85, 23.90, 23.90, 910, tse]
[9906, 78.0, 74.5, 74.50, 75.80, 1405, tse]
[9907, 14.75, 14.2, 14.30, 14.70, 9268, tse]
[9908, 32.6, 32.3, 32.35, 32.45, 421, tse]
[9910, 162.0, 158.0, 158.00, 160.00, 4077, tse]
[9911, 90.2, 83.9, 86.20, 89.30, 3587, tse]
[9912, 11.9, 11.4, 11.70, 11.65, 272, tse]
[9914, 243.0, 204.5, 205.00, 235.50, 11458, tse]
[9917, 126.0, 122.0, 122.00, 125.00, 1863, tse]
[9918, 41.55, 40.15, 40.95, 41.45, 67, tse]
[9919, 22.4, 21.4, 22.35, 21.45, 5276, tse]
[9921, 229.5, 205.0, 206.50, 225.00, 15131, tse]
[9924, 55.9, 53.4, 54.80, 53.50, 2233, tse]
[9925, 41.4, 41.05, 41.10, 41.25, 730, tse]
[9926, 56.0, 54.3, 54.90, 54.60, 37, tse]
[9927, 78.3, 74.0, 75.00, 74.60, 5782, tse]
[9928, 18.45, 17.05, 17.45, 17.50, 501, tse]
[9929, 16.1, 15.2, 15.70, 15.35, 87, tse]
[9930, 60.8, 60.0, 60.10, 60.30, 408, tse]
[9931, 38.65, 36.7, 37.70, 36.70, 217, tse]
[9933, 50.0, 47.35, 48.00, 49.55, 24539, tse]
[9934, 17.3, 16.3, 16.95, 16.55, 8518, tse]
[9935, 23.3, 20.7, 20.70, 22.95, 3620, tse]
[9937, 68.5, 66.6, 66.70, 66.60, 77, tse]
[9938, 59.8, 56.2, 56.60, 57.90, 8616, tse]
[9939, 159.0, 146.0, 146.00, 155.00, 4810, tse]
[9940, 31.75, 30.55, 30.70, 30.95, 2528, tse]
[9941, 151.0, 146.0, 146.50, 150.00, 5352, tse]
[9942, 136.5, 130.0, 135.00, 131.00, 1558, tse]
[9943, 89.5, 87.4, 87.90, 87.90, 1145, tse]
[9944, 21.9, 20.4, 20.40, 21.30, 3880, tse]
[9945, 35.4, 34.35, 34.50, 34.95, 25241, tse]
[9946, 32.6, 26.45, 26.45, 29.90, 10822, tse]
[9949, 23.4, 18.65, 19.10, 23.40, 1015, otc]
[9950, 17.35, 15.8, 17.35, 15.95, 1596, otc]
[9951, 73.3, 71.8, 72.50, 72.00, 603, otc]
[9955, 29.8, 25.4, 25.55, 29.05, 34846, tse]
[9958, 230.0, 195.5, 216.00, 206.50, 37078, tse]
[9960, 27.3, 26.65, 26.90, 27.00, 169, otc]
[9962, 18.95, 18.15, 18.15, 18.60, 3556, otc]
