[1101, 32.55, 31.85, 32.40, 32.05, 73332, tse]
[1102, 40.45, 39.95, 40.10, 40.15, 11699, tse]
[1103, 18.15, 17.7, 17.95, 17.80, 1260, tse]
[1104, 29.9, 29.1, 29.25, 29.75, 3494, tse]
[1108, 15.85, 15.5, 15.55, 15.80, 3019, tse]
[1109, 17.9, 17.65, 17.75, 17.80, 1120, tse]
[1110, 18.15, 17.85, 18.05, 17.85, 559, tse]
[1201, 19.2, 18.7, 18.85, 19.05, 2161, tse]
[1203, 54.9, 53.4, 54.70, 54.50, 99, tse]
[1210, 59.4, 58.0, 58.90, 58.90, 5783, tse]
[1213, 7.14, 7.0, 7.02, 7.14, 207, tse]
[1215, 97.7, 96.7, 97.00, 97.60, 1213, tse]
[1216, 76.7, 75.0, 75.30, 75.80, 27756, tse]
[1217, 11.95, 11.75, 11.95, 11.80, 3277, tse]
[1218, 21.25, 20.65, 20.70, 21.00, 2958, tse]
[1219, 19.05, 18.85, 18.95, 18.90, 947, tse]
[1220, 14.0, 13.8, 14.00, 13.85, 339, tse]
[1225, 55.7, 54.1, 54.70, 55.00, 60, tse]
[1227, 38.1, 37.65, 37.95, 37.65, 1910, tse]
[1229, 65.7, 64.4, 64.70, 65.50, 4159, tse]
[1231, 87.5, 86.4, 87.00, 86.90, 762, tse]
[1232, 145.5, 143.0, 143.00, 145.50, 374, tse]
[1233, 35.0, 34.55, 34.70, 34.70, 46, tse]
[1234, 40.2, 39.9, 40.05, 39.90, 688, tse]
[1235, 84.5, 82.9, 83.20, 83.90, 76, tse]
[1236, 25.65, 23.85, 23.95, 24.30, 208, tse]
[1240, 50.5, 49.5, 50.50, 49.75, 163, otc]
[1256, 262.0, 245.0, 261.00, 250.00, 64, tse]
[1259, 75.9, 74.5, 75.80, 74.90, 69, otc]
[1264, 301.0, 298.5, 299.50, 299.50, 32, otc]
[1268, 155.0, 148.5, 152.50, 150.00, 518, otc]
[1301, 72.2, 71.3, 71.80, 71.60, 23115, tse]
[1303, 59.9, 58.5, 59.50, 58.50, 34391, tse]
[1304, 18.6, 18.1, 18.50, 18.10, 2834, tse]
[1305, 20.85, 20.1, 20.60, 20.10, 3828, tse]
[1307, 27.25, 26.35, 26.40, 26.85, 1544, tse]
[1308, 22.5, 21.75, 22.30, 21.85, 2711, tse]
[1309, 17.25, 16.6, 17.10, 16.70, 1799, tse]
[1310, 14.35, 14.1, 14.15, 14.15, 1602, tse]
[1312, 14.35, 14.05, 14.20, 14.10, 7102, tse]
[1313, 15.1, 14.55, 15.00, 14.70, 4530, tse]
[1314, 9.62, 9.36, 9.51, 9.37, 37592, tse]
[1315, 72.4, 71.7, 71.70, 71.90, 57, tse]
[1316, 23.1, 18.1, 18.20, 21.30, 242588, tse]
[1319, 103.5, 92.1, 93.50, 100.50, 38735, tse]
[1321, 36.45, 35.9, 36.05, 36.05, 682, tse]
[1323, 31.15, 31.0, 31.15, 31.10, 212, tse]
[1324, 17.2, 16.4, 17.05, 16.60, 651, tse]
[1325, 35.9, 33.6, 34.00, 33.70, 5756, tse]
[1326, 57.2, 55.9, 56.40, 56.10, 18648, tse]
[1336, 23.25, 21.8, 23.20, 22.40, 616, otc]
[1337, 7.96, 7.66, 7.85, 7.76, 1913, tse]
[1338, 39.5, 38.0, 39.50, 38.10, 455, tse]
[1339, 75.0, 68.0, 68.00, 74.20, 3094, tse]
[1340, 11.2, 10.95, 11.20, 11.00, 214, tse]
[1341, 61.7, 61.0, 61.50, 61.30, 44, tse]
[1342, 136.0, 124.0, 124.50, 132.50, 8784, tse]
[1402, 32.6, 31.4, 31.50, 31.90, 28689, tse]
[1409, 15.6, 15.2, 15.55, 15.25, 7383, tse]
[1410, 37.4, 36.7, 36.95, 37.00, 419, tse]
[1413, 9.18, 9.0, 9.15, 9.11, 228, tse]
[1414, 21.5, 19.25, 20.20, 19.95, 5335, tse]
[1416, 12.4, 12.05, 12.05, 12.25, 1434, tse]
[1417, 12.05, 11.85, 12.00, 11.90, 709, tse]
[1418, 29.45, 27.85, 28.20, 28.35, 279, tse]
[1419, 46.45, 45.0, 45.90, 45.30, 174, tse]
[1423, 31.3, 31.0, 31.00, 31.15, 226, tse]
[1432, 25.0, 22.4, 22.45, 23.10, 7135, tse]
[1434, 23.85, 23.55, 23.75, 23.55, 3789, tse]
[1435, 52.2, 50.0, 51.50, 51.00, 17, tse]
[1436, 91.8, 89.2, 91.30, 91.40, 310, tse]
[1437, 31.35, 31.0, 31.15, 31.30, 393, tse]
[1438, 49.3, 44.55, 49.30, 47.25, 2851, tse]
[1439, 25.1, 24.6, 25.05, 24.70, 94, tse]
[1440, 15.5, 15.2, 15.45, 15.35, 3341, tse]
[1441, 14.1, 13.6, 14.00, 14.00, 105, tse]
[1442, 39.0, 37.55, 37.55, 38.60, 1976, tse]
[1443, 28.65, 28.35, 28.65, 28.35, 127, tse]
[1444, 10.2, 10.05, 10.15, 10.10, 4978, tse]
[1445, 25.95, 23.5, 23.80, 25.85, 3447, tse]
[1446, 35.4, 34.65, 35.20, 35.05, 373, tse]
[1447, 8.81, 8.26, 8.81, 8.33, 9931, tse]
[1449, 22.9, 21.2, 21.75, 22.15, 5916, tse]
[1451, 19.2, 18.9, 19.10, 19.00, 375, tse]
[1452, 17.0, 16.6, 16.95, 16.75, 482, tse]
[1453, 15.6, 14.4, 14.65, 14.75, 1862, tse]
[1454, 16.55, 16.1, 16.10, 16.20, 135, tse]
[1455, 12.75, 12.1, 12.15, 12.55, 12840, tse]
[1456, 20.9, 16.45, 16.45, 20.90, 2305, tse]
[1457, 18.55, 18.35, 18.55, 18.50, 713, tse]
[1459, 9.96, 9.61, 9.78, 9.80, 253, tse]
[1460, 7.44, 7.25, 7.41, 7.26, 2077, tse]
[1463, 18.65, 18.05, 18.55, 18.05, 2035, tse]
[1464, 13.8, 13.45, 13.65, 13.50, 1024, tse]
[1465, 14.9, 14.55, 14.70, 14.65, 289, tse]
[1466, 13.65, 13.1, 13.65, 13.45, 799, tse]
[1467, 11.15, 10.9, 11.05, 10.90, 976, tse]
[1468, 14.6, 14.05, 14.20, 14.50, 227, tse]
[1470, 21.2, 20.15, 20.20, 20.45, 21, tse]
[1471, 17.75, 16.2, 16.25, 16.30, 6734, tse]
[1472, 74.9, 68.3, 69.00, 73.70, 553, tse]
[1473, 29.3, 28.45, 28.85, 28.90, 548, tse]
[1474, 12.7, 11.7, 11.80, 12.45, 1450, tse]
[1475, 51.3, 50.3, 51.10, 50.80, 165, tse]
[1476, 568.0, 526.0, 532.00, 564.00, 3035, tse]
[1477, 380.0, 366.5, 372.00, 373.50, 3828, tse]
[1503, 189.0, 169.5, 180.00, 184.00, 155233, tse]
[1504, 49.5, 47.05, 48.50, 48.65, 78895, tse]
[1506, 16.75, 16.15, 16.70, 16.60, 1161, tse]
[1512, 11.35, 10.65, 11.35, 10.85, 121, tse]
[1513, 179.5, 149.0, 150.00, 171.00, 402228, tse]
[1514, 108.5, 89.4, 91.80, 106.50, 271526, tse]
[1515, 48.6, 47.25, 47.30, 48.40, 4877, tse]
[1516, 17.85, 17.45, 17.80, 17.60, 157, tse]
[1517, 16.3, 15.6, 15.60, 16.25, 1238, tse]
[1519, 562.0, 520.0, 562.00, 538.00, 6226, tse]
[1521, 46.0, 41.75, 42.35, 43.30, 1485, tse]
[1522, 53.0, 44.65, 44.80, 50.80, 122258, tse]
[1524, 38.05, 34.3, 34.40, 36.10, 77686, tse]
[1525, 76.3, 74.0, 75.00, 74.00, 273, tse]
[1526, 32.05, 31.45, 31.85, 31.75, 324, tse]
[1527, 41.25, 40.65, 41.00, 41.00, 817, tse]
[1528, 15.1, 14.2, 14.20, 14.40, 14967, tse]
[1529, 36.25, 33.6, 34.45, 34.90, 34256, tse]
[1530, 33.4, 32.55, 33.40, 32.55, 226, tse]
[1531, 13.6, 13.3, 13.60, 13.40, 581, tse]
[1532, 39.55, 38.45, 39.05, 38.80, 4223, tse]
[1533, 53.2, 52.0, 52.60, 52.10, 561, tse]
[1535, 67.5, 59.9, 60.00, 65.90, 2834, tse]
[1536, 58.7, 54.3, 55.00, 55.20, 21881, tse]
[1537, 135.0, 132.5, 134.50, 134.50, 449, tse]
[1538, 22.5, 22.4, 22.50, 22.40, 81, tse]
[1539, 24.3, 23.8, 24.00, 23.90, 391, tse]
[1540, 18.1, 17.75, 18.00, 18.05, 1043, tse]
[1541, 32.65, 32.25, 32.50, 32.40, 39, tse]
[1558, 103.0, 101.5, 102.00, 102.50, 357, tse]
[1560, 277.0, 250.0, 273.00, 256.00, 25535, tse]
[1565, 206.5, 200.0, 202.00, 202.50, 798, otc]
[1568, 35.3, 32.8, 32.80, 34.25, 9484, tse]
[1569, 25.25, 23.95, 24.00, 25.15, 3488, otc]
[1570, 25.8, 24.65, 25.20, 25.40, 841, otc]
[1580, 154.0, 150.5, 153.00, 154.00, 407, otc]
[1582, 79.7, 77.6, 79.10, 78.80, 3444, tse]
[1583, 71.2, 69.6, 69.70, 70.40, 38, tse]
[1584, 35.1, 32.8, 33.30, 34.60, 9219, otc]
[1586, 33.1, 32.3, 32.45, 32.80, 382, otc]
[1587, 23.8, 23.3, 23.45, 23.35, 321, tse]
[1589, 60.0, 52.7, 52.70, 58.90, 14634, tse]
[1590, 1290.0, 1055.0, 1,055.00, 1,200.00, 4760, tse]
[1591, 65.8, 58.3, 58.60, 65.50, 5185, otc]
[1593, 52.9, 51.7, 52.90, 52.00, 125, otc]
[1595, 36.95, 35.85, 36.95, 35.85, 194, otc]
[1597, 68.2, 64.7, 65.60, 65.80, 499, tse]
[1598, 32.3, 30.6, 31.40, 31.85, 1888, tse]
[1599, 35.0, 34.2, 34.25, 34.90, 139, otc]
[1603, 38.75, 35.5, 36.00, 37.90, 12271, tse]
[1604, 29.15, 28.6, 28.80, 29.00, 1197, tse]
[1605, 37.0, 35.3, 35.90, 36.10, 47475, tse]
[1608, 23.2, 22.15, 22.15, 22.50, 25094, tse]
[1609, 38.45, 35.55, 36.65, 37.85, 136916, tse]
[1611, 17.3, 16.3, 16.80, 16.95, 3758, tse]
[1612, 27.45, 26.2, 26.40, 27.20, 7223, tse]
[1614, 39.05, 37.75, 37.95, 38.70, 777, tse]
[1615, 50.1, 47.8, 47.80, 49.50, 964, tse]
[1616, 15.15, 14.1, 14.70, 14.45, 6338, tse]
[1617, 17.5, 16.6, 16.60, 17.10, 851, tse]
[1618, 37.15, 32.2, 33.40, 35.75, 64265, tse]
[1626, 16.55, 16.3, 16.50, 16.40, 505, tse]
[1701, 24.6, 23.85, 24.40, 23.90, 2254, tse]
[1702, 55.4, 53.9, 54.10, 54.90, 2271, tse]
[1707, 158.0, 154.0, 155.00, 156.50, 1465, tse]
[1708, 32.4, 31.45, 31.75, 31.60, 2147, tse]
[1709, 21.3, 20.6, 20.60, 20.85, 2864, tse]
[1710, 20.25, 18.8, 18.80, 19.00, 18208, tse]
[1711, 23.8, 20.3, 20.30, 21.45, 76444, tse]
[1712, 42.5, 40.8, 40.80, 41.90, 12784, tse]
[1713, 44.65, 42.0, 42.80, 43.05, 1783, tse]
[1714, 9.2, 8.99, 8.99, 9.05, 7646, tse]
[1717, 33.9, 31.5, 32.95, 31.95, 37418, tse]
[1718, 7.93, 7.69, 7.75, 7.75, 13571, tse]
[1720, 68.9, 66.1, 67.10, 66.50, 3804, tse]
[1721, 17.65, 14.8, 14.90, 16.45, 50375, tse]
[1722, 67.3, 65.8, 67.00, 66.20, 6296, tse]
[1723, 114.5, 111.0, 112.50, 111.50, 1459, tse]
[1725, 31.45, 21.5, 21.50, 31.45, 8422, tse]
[1726, 77.2, 76.4, 76.70, 76.60, 79, tse]
[1727, 34.5, 28.45, 28.65, 31.25, 47323, tse]
[1730, 56.9, 56.5, 56.80, 56.70, 139, tse]
[1731, 25.0, 23.8, 24.10, 24.95, 2671, tse]
[1732, 32.4, 29.6, 29.90, 30.30, 3689, tse]
[1733, 35.3, 32.8, 33.50, 32.90, 4885, tse]
[1734, 33.9, 33.15, 33.55, 33.40, 1931, tse]
[1735, 18.75, 17.5, 17.90, 18.05, 382, tse]
[1736, 66.7, 65.0, 65.30, 66.60, 812, tse]
[1737, 34.6, 34.2, 34.55, 34.55, 882, tse]
[1742, 16.85, 16.55, 16.65, 16.70, 334, otc]
[1752, 50.5, 49.2, 49.60, 49.25, 899, tse]
[1760, 107.0, 101.5, 103.50, 102.00, 1614, tse]
[1762, 51.0, 49.8, 49.80, 50.00, 1295, tse]
[1773, 166.0, 151.0, 151.00, 155.00, 6310, tse]
[1776, 19.65, 16.9, 16.90, 17.95, 3269, tse]
[1777, 83.5, 81.7, 83.50, 82.40, 189, otc]
[1781, 17.8, 16.8, 17.20, 17.20, 842, otc]
[1783, 48.05, 47.1, 47.35, 47.20, 528, tse]
[1784, 64.0, 62.0, 62.00, 62.00, 1244, otc]
[1785, 44.8, 43.2, 43.60, 43.90, 19414, otc]
[1786, 89.7, 85.7, 86.60, 89.40, 1949, tse]
[1788, 140.0, 137.5, 137.50, 140.00, 136, otc]
[1789, 25.5, 25.0, 25.15, 25.25, 1840, tse]
[1795, 303.5, 273.0, 273.00, 289.50, 43367, tse]
[1796, 60.9, 59.3, 60.50, 60.30, 172, otc]
[1799, 55.3, 51.5, 51.80, 54.80, 989, otc]
[1802, 18.35, 18.0, 18.20, 18.05, 8440, tse]
[1805, 20.45, 18.65, 18.95, 19.65, 2318, tse]
[1806, 12.7, 12.05, 12.50, 12.15, 9923, tse]
[1808, 104.5, 96.9, 96.90, 102.00, 4950, tse]
[1809, 32.7, 27.55, 28.25, 31.75, 23690, tse]
[1810, 18.0, 17.4, 17.40, 17.70, 2905, tse]
[1813, 20.1, 19.85, 20.10, 19.90, 130, otc]
[1815, 19.3, 17.35, 17.85, 18.55, 134056, otc]
[1817, 38.1, 36.95, 37.20, 37.95, 667, tse]
[1903, 53.7, 52.5, 53.20, 52.50, 602, tse]
[1904, 29.15, 28.8, 28.95, 29.00, 1965, tse]
[1905, 23.35, 22.1, 22.30, 22.75, 8246, tse]
[1906, 15.65, 15.25, 15.50, 15.65, 340, tse]
[1907, 30.5, 29.9, 30.00, 29.95, 5012, tse]
[1909, 14.15, 13.9, 14.05, 14.00, 4267, tse]
[2002, 25.0, 24.35, 24.90, 24.45, 97168, tse]
[2006, 78.2, 74.2, 74.20, 78.00, 10973, tse]
[2007, 10.85, 10.45, 10.65, 10.45, 2335, tse]
[2008, 22.1, 21.75, 22.05, 21.85, 191, tse]
[2009, 32.9, 31.15, 32.45, 31.15, 3096, tse]
[2010, 17.75, 17.4, 17.70, 17.40, 1973, tse]
[2012, 24.0, 23.0, 23.20, 23.30, 167, tse]
[2013, 53.7, 52.5, 53.10, 52.80, 183, tse]
[2014, 23.6, 22.9, 23.30, 23.05, 12664, tse]
[2015, 69.9, 68.2, 68.50, 69.00, 1056, tse]
[2017, 14.7, 14.25, 14.65, 14.30, 2706, tse]
[2020, 35.9, 34.65, 35.30, 35.70, 4596, tse]
[2022, 11.6, 11.15, 11.55, 11.25, 1835, tse]
[2023, 15.6, 15.0, 15.50, 15.30, 7211, tse]
[2024, 21.0, 20.6, 20.60, 21.00, 153, tse]
[2025, 10.9, 9.3, 9.93, 10.30, 26316, tse]
[2027, 36.35, 35.7, 36.20, 36.05, 14861, tse]
[2028, 26.5, 24.5, 24.55, 25.45, 1701, tse]
[2029, 28.3, 27.6, 28.05, 27.75, 1665, tse]
[2030, 19.6, 18.85, 19.35, 18.95, 2081, tse]
[2031, 67.5, 63.5, 63.50, 66.80, 26111, tse]
[2032, 17.2, 16.55, 17.15, 16.55, 579, tse]
[2033, 17.2, 16.6, 17.00, 16.75, 498, tse]
[2034, 26.1, 25.45, 25.95, 25.55, 2850, tse]
[2035, 33.2, 32.55, 32.95, 32.90, 61, otc]
[2038, 20.65, 19.65, 20.35, 19.75, 2319, tse]
[2049, 261.0, 235.0, 254.50, 238.00, 12647, tse]
[2059, 1385.0, 1265.0, 1,300.00, 1,375.00, 7784, tse]
[2061, 16.7, 16.05, 16.55, 16.40, 185, otc]
[2062, 30.95, 28.85, 29.50, 29.65, 4652, tse]
[2063, 55.1, 53.4, 53.70, 54.30, 314, otc]
[2064, 16.5, 15.9, 16.05, 15.90, 149, otc]
[2065, 67.0, 64.3, 66.00, 64.90, 2122, otc]
[2066, 94.8, 90.6, 92.20, 94.20, 1054, otc]
[2067, 13.3, 12.5, 12.75, 12.95, 446, otc]
[2069, 16.35, 15.9, 16.10, 15.95, 722, tse]
[2070, 35.1, 31.6, 31.85, 33.80, 256, otc]
[2073, 30.15, 29.4, 29.80, 29.60, 72, otc]
[2101, 40.25, 39.2, 40.25, 39.70, 11299, tse]
[2102, 19.0, 18.45, 18.65, 18.50, 730, tse]
[2103, 23.25, 22.7, 23.05, 22.85, 3636, tse]
[2104, 18.3, 18.05, 18.25, 18.15, 5917, tse]
[2105, 46.95, 45.9, 46.10, 46.65, 16463, tse]
[2106, 30.25, 29.75, 29.95, 30.10, 2079, tse]
[2107, 23.85, 23.6, 23.75, 23.70, 1182, tse]
[2108, 35.9, 35.1, 35.60, 35.20, 1858, tse]
[2109, 14.7, 14.5, 14.55, 14.60, 1216, tse]
[2114, 109.0, 107.0, 108.00, 107.50, 189, tse]
[2115, 30.75, 30.0, 30.60, 30.00, 426, tse]
[2201, 71.8, 68.5, 71.00, 70.70, 18208, tse]
[2204, 127.0, 120.0, 120.50, 123.00, 13456, tse]
[2206, 79.0, 73.3, 73.30, 78.20, 34098, tse]
[2207, 671.0, 647.0, 647.00, 663.00, 1480, tse]
[2208, 18.65, 17.95, 17.95, 18.20, 17669, tse]
[2211, 108.0, 102.5, 103.00, 105.00, 4914, tse]
[2221, 35.25, 34.4, 34.45, 35.25, 115, otc]
[2227, 172.5, 168.0, 172.50, 169.00, 274, tse]
[2228, 92.7, 90.3, 90.60, 91.50, 796, tse]
[2230, 170.0, 148.5, 149.50, 170.00, 6513, otc]
[2231, 132.0, 128.0, 130.50, 128.00, 866, tse]
[2233, 144.5, 137.0, 137.00, 141.00, 2314, tse]
[2235, 46.95, 44.85, 44.95, 46.40, 142, otc]
[2236, 71.3, 67.5, 68.90, 70.80, 2384, tse]
[2239, 59.2, 57.1, 57.80, 58.10, 176, tse]
[2241, 32.25, 30.15, 31.85, 30.50, 3540, tse]
[2243, 16.9, 16.2, 16.45, 16.60, 471, tse]
[2247, 302.0, 296.0, 298.00, 302.00, 356, tse]
[2250, 98.0, 90.4, 92.50, 95.30, 1028, tse]
[2254, 83.0, 80.0, 80.00, 82.30, 612, tse]
[2258, 47.4, 45.0, 46.00, 46.30, 3401, tse]
[2301, 113.5, 106.0, 108.50, 112.50, 107585, tse]
[2302, 20.7, 19.5, 19.90, 19.55, 5590, tse]
[2303, 49.0, 47.85, 48.00, 48.30, 194847, tse]
[2305, 28.7, 24.4, 24.40, 28.70, 13591, tse]
[2308, 295.5, 287.0, 291.50, 293.50, 26147, tse]
[2312, 15.8, 15.25, 15.60, 15.25, 18395, tse]
[2313, 79.2, 72.8, 78.40, 74.30, 139611, tse]
[2314, 34.15, 32.2, 33.85, 32.70, 2800, tse]
[2316, 36.65, 34.45, 35.60, 36.65, 5502, tse]
[2317, 104.5, 102.0, 103.00, 102.00, 116817, tse]
[2321, 17.3, 15.65, 17.25, 16.05, 9, tse]
[2323, 11.0, 10.7, 10.75, 10.80, 14728, tse]
[2324, 38.05, 35.4, 36.05, 36.70, 141021, tse]
[2327, 575.0, 538.0, 541.00, 563.00, 18544, tse]
[2328, 33.5, 32.6, 33.20, 32.75, 4516, tse]
[2329, 76.9, 70.4, 76.50, 71.40, 194014, tse]
[2330, 701.0, 688.0, 700.00, 689.00, 148869, tse]
[2331, 32.25, 30.55, 31.20, 31.75, 35949, tse]
[2332, 19.8, 19.05, 19.55, 19.10, 16520, tse]
[2337, 28.65, 28.0, 28.60, 28.20, 21180, tse]
[2338, 73.2, 69.3, 72.40, 69.30, 7494, tse]
[2340, 43.25, 40.9, 42.30, 41.10, 8276, tse]
[2342, 32.45, 31.15, 31.95, 31.15, 1318, tse]
[2344, 28.1, 27.2, 27.65, 27.70, 74424, tse]
[2345, 544.0, 498.0, 535.00, 504.00, 20755, tse]
[2347, 77.8, 75.6, 75.80, 76.70, 16860, tse]
[2348, 106.5, 101.0, 102.50, 104.50, 1041, tse]
[2349, 8.02, 7.72, 7.86, 7.88, 4427, tse]
[2351, 106.5, 101.0, 106.00, 103.00, 2191, tse]
[2352, 47.2, 45.8, 46.45, 46.95, 20401, tse]
[2353, 46.7, 44.85, 45.80, 46.00, 136708, tse]
[2354, 50.2, 49.2, 49.85, 49.30, 8192, tse]
[2355, 53.7, 50.6, 51.00, 51.00, 51854, tse]
[2356, 56.3, 52.8, 55.10, 56.00, 110542, tse]
[2357, 473.5, 448.0, 472.00, 457.00, 19793, tse]
[2358, 8.55, 8.15, 8.31, 8.25, 2382, tse]
[2359, 40.45, 37.15, 37.15, 39.75, 16722, tse]
[2360, 246.0, 225.0, 242.50, 234.00, 17123, tse]
[2362, 41.85, 39.65, 41.35, 39.90, 11614, tse]
[2363, 48.2, 42.85, 42.85, 43.60, 182945, tse]
[2364, 104.5, 95.5, 102.00, 96.80, 1553, tse]
[2365, 25.25, 22.95, 23.45, 25.10, 20565, tse]
[2367, 22.15, 20.55, 21.00, 21.75, 90431, tse]
[2368, 267.0, 247.0, 262.00, 261.50, 27700, tse]
[2369, 27.7, 25.8, 26.90, 26.35, 74835, tse]
[2371, 53.8, 46.4, 47.00, 53.40, 246899, tse]
[2373, 74.8, 73.8, 74.50, 73.90, 248, tse]
[2374, 26.25, 25.3, 25.55, 25.90, 6770, tse]
[2375, 67.6, 63.4, 64.00, 65.90, 2711, tse]
[2376, 361.0, 323.0, 346.00, 361.00, 90445, tse]
[2377, 193.5, 187.0, 191.00, 191.00, 15444, tse]
[2379, 582.0, 535.0, 541.00, 565.00, 26145, tse]
[2380, 7.09, 6.89, 7.08, 7.02, 707, tse]
[2382, 243.0, 228.0, 240.00, 237.00, 106257, tse]
[2383, 529.0, 488.0, 510.00, 494.00, 25882, tse]
[2385, 197.0, 182.0, 185.00, 189.50, 19262, tse]
[2387, 65.6, 62.6, 62.80, 63.90, 11723, tse]
[2388, 136.5, 128.5, 134.50, 131.00, 19349, tse]
[2390, 15.05, 14.3, 14.70, 14.35, 3918, tse]
[2392, 46.3, 44.0, 44.35, 46.05, 11553, tse]
[2393, 51.9, 49.75, 50.10, 51.70, 7615, tse]
[2395, 394.0, 373.0, 378.50, 392.00, 5662, tse]
[2397, 65.7, 64.0, 65.30, 64.00, 134, tse]
[2399, 28.0, 24.2, 24.40, 25.95, 44530, tse]
[2401, 33.75, 32.45, 33.20, 32.60, 12248, tse]
[2402, 36.5, 34.05, 34.60, 34.10, 26441, tse]
[2404, 303.0, 289.0, 292.00, 297.00, 5804, tse]
[2405, 22.1, 20.0, 21.35, 20.05, 104987, tse]
[2406, 18.2, 17.3, 17.30, 17.95, 8152, tse]
[2408, 69.1, 65.7, 67.40, 66.30, 58881, tse]
[2409, 17.85, 17.1, 17.85, 17.10, 112825, tse]
[2412, 122.5, 120.0, 122.00, 121.00, 47969, tse]
[2413, 30.0, 29.05, 29.50, 29.30, 1790, tse]
[2414, 33.9, 33.5, 33.85, 33.70, 726, tse]
[2415, 30.2, 28.55, 29.45, 29.45, 458, tse]
[2417, 39.7, 36.15, 36.65, 39.30, 28852, tse]
[2419, 31.8, 29.8, 30.85, 30.25, 5247, tse]
[2420, 53.2, 50.8, 51.70, 52.80, 3321, tse]
[2421, 132.0, 121.5, 125.00, 131.00, 56946, tse]
[2423, 42.5, 40.2, 40.20, 41.85, 2682, tse]
[2424, 30.0, 29.3, 29.85, 29.35, 68, tse]
[2425, 51.0, 46.2, 48.35, 47.70, 18424, tse]
[2426, 20.15, 19.15, 20.00, 19.20, 3454, tse]
[2427, 24.45, 23.6, 23.90, 23.95, 2652, tse]
[2428, 176.0, 164.5, 164.50, 172.50, 6035, tse]
[2429, 21.95, 19.65, 20.80, 21.15, 688, tse]
[2430, 41.0, 38.35, 38.60, 39.60, 861, tse]
[2431, 15.55, 13.7, 14.15, 14.35, 12532, tse]
[2432, 41.9, 40.0, 40.30, 40.85, 259, tse]
[2433, 52.5, 52.1, 52.40, 52.30, 144, tse]
[2434, 35.6, 33.8, 34.40, 34.00, 75, tse]
[2436, 71.3, 66.6, 69.10, 66.70, 7294, tse]
[2438, 26.15, 21.9, 23.95, 23.00, 5066, tse]
[2439, 118.5, 110.0, 110.50, 115.50, 13771, tse]
[2440, 15.05, 13.8, 13.80, 14.40, 4256, tse]
[2441, 61.0, 59.6, 60.90, 60.00, 2274, tse]
[2442, 28.75, 25.95, 26.10, 26.65, 10172, tse]
[2443, 5.3, 4.75, 5.20, 5.06, 2732, tse]
[2444, 13.1, 12.55, 12.75, 12.80, 1321, tse]
[2449, 94.0, 87.6, 94.00, 89.50, 68604, tse]
[2450, 39.15, 38.35, 38.60, 38.50, 911, tse]
[2451, 83.2, 80.0, 81.20, 82.90, 2680, tse]
[2453, 56.1, 53.6, 54.20, 54.80, 3227, tse]
[2454, 1165.0, 1060.0, 1,090.00, 1,105.00, 52535, tse]
[2455, 178.5, 158.5, 164.50, 176.00, 29733, tse]
[2457, 61.9, 59.3, 60.00, 60.30, 22102, tse]
[2458, 173.5, 164.0, 166.00, 165.50, 15718, tse]
[2459, 67.0, 64.0, 64.50, 66.20, 512, tse]
[2460, 42.45, 39.05, 40.20, 41.30, 29455, tse]
[2461, 23.85, 22.75, 23.70, 23.00, 3707, tse]
[2462, 40.1, 37.8, 38.50, 39.75, 11911, tse]
[2464, 39.9, 37.45, 38.35, 39.45, 8465, tse]
[2465, 146.0, 121.0, 123.00, 146.00, 6880, tse]
[2466, 37.1, 36.6, 37.00, 36.80, 173, tse]
[2467, 143.0, 122.5, 140.00, 124.50, 28406, tse]
[2468, 30.2, 27.9, 28.45, 29.50, 3404, tse]
[2471, 55.9, 53.5, 54.30, 55.70, 1694, tse]
[2472, 74.0, 70.2, 71.40, 71.70, 4800, tse]
[2474, 198.5, 195.5, 195.50, 197.00, 7200, tse]
[2476, 84.9, 79.2, 80.00, 82.60, 25280, tse]
[2477, 20.7, 19.5, 20.50, 20.20, 805, tse]
[2478, 48.35, 46.25, 47.00, 48.30, 998, tse]
[2480, 133.0, 123.5, 124.00, 128.00, 3054, tse]
[2481, 63.6, 61.6, 62.00, 62.00, 3463, tse]
[2482, 35.95, 34.1, 34.70, 34.10, 2133, tse]
[2483, 24.1, 23.6, 24.00, 23.70, 339, tse]
[2484, 37.4, 34.75, 35.50, 35.35, 14315, tse]
[2485, 22.05, 21.2, 21.85, 21.30, 4745, tse]
[2486, 51.9, 47.9, 48.30, 51.10, 48691, tse]
[2488, 43.45, 42.0, 42.95, 43.00, 4442, tse]
[2489, 15.85, 14.9, 15.65, 14.90, 28823, tse]
[2491, 16.35, 14.05, 14.15, 16.25, 2271, tse]
[2492, 114.5, 108.5, 110.50, 110.50, 16055, tse]
[2493, 93.2, 90.2, 91.70, 90.30, 1670, tse]
[2495, 25.65, 22.7, 22.70, 24.90, 44312, tse]
[2496, 62.5, 61.1, 62.50, 61.80, 83, tse]
[2497, 59.3, 56.8, 56.80, 57.30, 1464, tse]
[2498, 51.0, 48.3, 48.60, 48.95, 25953, tse]
[2501, 18.75, 18.35, 18.70, 18.35, 6428, tse]
[2504, 34.45, 31.85, 31.90, 34.00, 28682, tse]
[2505, 23.1, 22.15, 22.95, 22.25, 1934, tse]
[2506, 10.25, 10.0, 10.15, 10.00, 2236, tse]
[2509, 18.2, 17.8, 18.05, 18.05, 647, tse]
[2511, 10.5, 10.25, 10.45, 10.40, 8929, tse]
[2514, 15.7, 15.35, 15.65, 15.55, 2383, tse]
[2515, 12.35, 12.0, 12.15, 12.30, 35816, tse]
[2516, 13.0, 12.3, 12.75, 12.60, 7515, tse]
[2520, 39.8, 38.65, 39.70, 39.15, 6432, tse]
[2524, 35.65, 31.55, 31.55, 35.65, 728, tse]
[2527, 32.2, 30.9, 31.70, 31.10, 2055, tse]
[2528, 39.1, 38.0, 38.40, 38.65, 2022, tse]
[2530, 39.2, 37.8, 39.20, 38.20, 5022, tse]
[2534, 20.25, 19.95, 20.20, 20.15, 1475, tse]
[2535, 49.9, 48.9, 49.40, 49.50, 903, tse]
[2536, 29.85, 29.45, 29.70, 29.50, 590, tse]
[2537, 10.4, 9.91, 10.05, 10.35, 8946, tse]
[2538, 15.65, 15.3, 15.65, 15.35, 1856, tse]
[2539, 63.4, 58.4, 62.00, 61.10, 5644, tse]
[2540, 90.7, 86.9, 86.90, 88.50, 1420, tse]
[2542, 40.05, 39.65, 39.70, 39.70, 7512, tse]
[2543, 46.05, 35.85, 36.05, 46.05, 39963, tse]
[2545, 43.45, 42.55, 43.05, 43.20, 819, tse]
[2546, 89.9, 85.4, 85.40, 89.00, 1261, tse]
[2547, 9.62, 9.22, 9.62, 9.30, 9561, tse]
[2548, 102.5, 95.6, 95.70, 99.30, 5630, tse]
[2596, 33.0, 30.1, 33.00, 31.00, 1476, otc]
[2597, 123.0, 120.5, 121.00, 122.50, 535, tse]
[2601, 8.48, 8.24, 8.42, 8.33, 6948, tse]
[2603, 168.5, 158.0, 160.00, 165.00, 88875, tse]
[2605, 28.3, 26.45, 27.35, 27.20, 58737, tse]
[2606, 56.0, 53.0, 54.10, 54.60, 45043, tse]
[2607, 33.6, 32.35, 33.00, 32.85, 7314, tse]
[2608, 38.2, 37.55, 37.55, 38.05, 929, tse]
[2609, 50.0, 48.55, 49.20, 49.15, 127302, tse]
[2610, 20.0, 19.7, 19.90, 19.80, 69196, tse]
[2611, 17.95, 16.95, 17.30, 17.50, 6306, tse]
[2612, 49.85, 46.7, 48.10, 48.35, 5910, tse]
[2613, 23.5, 22.45, 23.00, 22.90, 867, tse]
[2614, 20.9, 20.1, 20.80, 20.25, 3529, tse]
[2615, 51.2, 48.1, 49.55, 49.90, 48766, tse]
[2616, 29.9, 29.65, 29.70, 29.85, 391, tse]
[2617, 35.85, 34.5, 35.00, 35.35, 16911, tse]
[2618, 31.45, 30.7, 30.80, 31.05, 113585, tse]
[2630, 34.45, 32.9, 32.90, 33.40, 3997, tse]
[2633, 30.2, 29.35, 29.35, 29.90, 20182, tse]
[2634, 50.0, 48.55, 48.55, 49.60, 20151, tse]
[2636, 92.9, 90.4, 92.20, 91.00, 4552, tse]
[2637, 62.0, 56.9, 56.90, 61.10, 48215, tse]
[2640, 113.0, 109.0, 111.00, 110.00, 242, otc]
[2641, 21.1, 20.25, 20.60, 20.80, 15943, otc]
[2642, 39.4, 38.65, 39.15, 38.70, 396, tse]
[2643, 71.2, 70.3, 71.10, 71.00, 155, otc]
[2645, 106.0, 103.0, 103.00, 104.50, 2886, tse]
[2701, 12.65, 12.5, 12.55, 12.50, 519, tse]
[2702, 19.95, 19.5, 19.80, 19.70, 372, tse]
[2704, 48.2, 46.7, 46.70, 47.55, 522, tse]
[2705, 17.0, 16.75, 16.85, 16.80, 1446, tse]
[2706, 15.0, 14.75, 14.85, 14.90, 738, tse]
[2707, 208.5, 204.5, 205.50, 208.00, 937, tse]
[2712, 34.45, 33.5, 34.35, 34.15, 98, tse]
[2718, 76.0, 69.1, 76.00, 72.60, 358, otc]
[2719, 53.3, 51.7, 52.80, 52.00, 133, otc]
[2722, 49.6, 48.55, 48.80, 49.10, 360, tse]
[2723, 90.7, 87.6, 90.00, 89.10, 2932, tse]
[2724, 15.5, 14.45, 15.00, 15.00, 60, otc]
[2726, 27.0, 26.1, 26.30, 27.00, 32, otc]
[2727, 240.5, 235.0, 237.00, 236.50, 2579, tse]
[2729, 234.0, 228.0, 231.50, 229.00, 656, otc]
[2731, 119.5, 115.0, 119.00, 118.00, 3354, tse]
[2732, 133.5, 127.0, 131.00, 130.00, 785, otc]
[2734, 38.0, 36.65, 37.50, 37.60, 574, otc]
[2736, 26.35, 25.25, 25.85, 25.85, 903, otc]
[2739, 50.2, 48.55, 49.50, 48.80, 1775, tse]
[2740, 39.5, 35.05, 37.70, 35.25, 32, otc]
[2743, 112.0, 107.0, 108.00, 112.00, 854, otc]
[2745, 77.4, 75.0, 76.30, 77.40, 364, otc]
[2748, 74.8, 72.0, 73.70, 72.90, 2513, tse]
[2752, 273.0, 265.0, 268.50, 273.00, 18, otc]
[2753, 172.0, 167.5, 167.50, 170.50, 1100, tse]
[2754, 116.0, 111.5, 114.00, 113.00, 352, otc]
[2755, 113.0, 101.0, 112.50, 104.00, 660, otc]
[2756, 88.7, 87.0, 88.00, 88.30, 76, otc]
[2762, 101.0, 98.1, 98.70, 99.60, 722, tse]
[2801, 17.8, 17.6, 17.60, 17.75, 39504, tse]
[2809, 44.95, 40.85, 40.85, 44.70, 22196, tse]
[2812, 16.85, 16.1, 16.10, 16.80, 68158, tse]
[2816, 35.0, 33.95, 34.00, 34.65, 2098, tse]
[2820, 14.85, 14.6, 14.70, 14.80, 6869, tse]
[2832, 26.65, 26.3, 26.35, 26.60, 961, tse]
[2834, 14.15, 13.5, 13.50, 14.00, 93706, tse]
[2836, 11.55, 11.35, 11.45, 11.40, 9630, tse]
[2838, 14.4, 14.05, 14.05, 14.30, 7462, tse]
[2845, 12.5, 12.2, 12.25, 12.40, 15861, tse]
[2849, 14.15, 13.9, 14.00, 13.95, 262, tse]
[2850, 69.5, 68.2, 68.40, 69.50, 1421, tse]
[2851, 22.85, 22.3, 22.75, 22.35, 5862, tse]
[2852, 18.5, 18.3, 18.50, 18.40, 1290, tse]
[2855, 20.85, 19.85, 20.15, 20.65, 10815, tse]
[2867, 4.98, 4.93, 4.98, 4.93, 16753, tse]
[2880, 22.0, 21.6, 21.65, 21.85, 39931, tse]
[2881, 68.3, 66.3, 66.30, 67.40, 56745, tse]
[2882, 45.05, 44.2, 44.35, 44.65, 75323, tse]
[2883, 12.65, 12.3, 12.40, 12.50, 131277, tse]
[2884, 25.35, 24.3, 24.35, 25.35, 151989, tse]
[2885, 27.45, 27.05, 27.20, 27.30, 64956, tse]
[2886, 38.85, 38.1, 38.15, 38.55, 53701, tse]
[2887, 17.4, 17.2, 17.30, 17.35, 57257, tse]
[2888, 8.35, 8.21, 8.31, 8.22, 116572, tse]
[2889, 12.4, 12.1, 12.10, 12.25, 15975, tse]
[2890, 20.1, 19.7, 19.85, 19.95, 59873, tse]
[2891, 29.4, 28.9, 28.90, 29.05, 148206, tse]
[2892, 27.25, 26.9, 27.05, 27.05, 65147, tse]
[2897, 9.98, 9.73, 9.74, 9.86, 18912, tse]
[2901, 26.95, 26.55, 26.55, 26.90, 59, tse]
[2903, 24.65, 24.25, 24.25, 24.50, 5100, tse]
[2904, 18.7, 18.55, 18.70, 18.60, 264, tse]
[2905, 12.95, 12.55, 12.55, 12.65, 2908, tse]
[2906, 21.55, 20.75, 21.30, 21.15, 4529, tse]
[2908, 20.7, 20.55, 20.55, 20.60, 875, tse]
[2910, 27.9, 27.3, 27.85, 27.70, 90, tse]
[2911, 6.23, 6.05, 6.22, 6.23, 877, tse]
[2912, 271.5, 268.0, 269.00, 270.50, 4768, tse]
[2913, 21.1, 20.4, 20.80, 20.70, 6817, tse]
[2915, 60.5, 58.8, 60.20, 59.50, 9417, tse]
[2916, 51.0, 48.5, 48.50, 51.00, 448, otc]
[2923, 26.0, 24.0, 24.70, 24.20, 168, tse]
[2924, 25.0, 24.4, 24.80, 25.00, 7, otc]
[2926, 64.3, 60.2, 63.50, 60.60, 85, otc]
[2929, 11.35, 10.85, 11.35, 10.90, 835, tse]
[2937, 33.7, 32.7, 33.05, 33.70, 158, otc]
[2939, 29.35, 28.65, 29.10, 28.85, 108, tse]
[2945, 44.5, 42.5, 42.50, 42.50, 157, tse]
[2947, 77.0, 74.0, 77.00, 74.40, 168, otc]
[2948, 67.5, 64.7, 65.20, 66.90, 85, otc]
[2949, 109.5, 104.0, 107.00, 109.00, 173, otc]
[3002, 18.4, 16.65, 17.55, 17.10, 3279, tse]
[3003, 72.3, 70.6, 71.30, 71.00, 1506, tse]
[3004, 107.5, 99.3, 102.00, 103.00, 6491, tse]
[3005, 131.0, 116.0, 117.00, 131.00, 97116, tse]
[3006, 98.9, 90.4, 91.40, 97.70, 52912, tse]
[3008, 2665.0, 2535.0, 2,555.00, 2,570.00, 4213, tse]
[3010, 116.0, 109.5, 110.00, 110.50, 11579, tse]
[3011, 34.85, 33.85, 34.85, 34.05, 1702, tse]
[3013, 49.9, 44.5, 46.05, 49.90, 34397, tse]
[3014, 172.0, 164.5, 166.50, 165.50, 8402, tse]
[3015, 56.3, 53.7, 54.40, 56.10, 1546, tse]
[3016, 55.0, 53.4, 54.50, 53.80, 1793, tse]
[3017, 558.0, 487.0, 498.50, 539.00, 58997, tse]
[3018, 15.55, 14.9, 15.50, 14.95, 93, tse]
[3019, 69.0, 66.6, 68.00, 67.00, 2981, tse]
[3021, 22.3, 21.5, 22.30, 22.00, 878, tse]
[3022, 86.2, 82.5, 83.40, 84.00, 5684, tse]
[3023, 266.0, 253.0, 256.50, 266.00, 5533, tse]
[3024, 18.4, 17.75, 18.30, 17.80, 6589, tse]
[3025, 80.4, 73.0, 79.70, 73.40, 34521, tse]
[3026, 96.9, 95.1, 95.50, 96.80, 764, tse]
[3027, 48.8, 45.0, 45.75, 46.45, 19357, tse]
[3028, 37.2, 35.95, 35.95, 36.80, 6377, tse]
[3029, 78.2, 70.5, 72.80, 76.80, 24432, tse]
[3030, 73.6, 69.8, 69.80, 73.00, 4487, tse]
[3031, 20.35, 19.7, 20.05, 20.15, 1372, tse]
[3032, 81.4, 75.5, 79.50, 79.50, 18128, tse]
[3033, 33.6, 32.35, 33.10, 33.00, 18144, tse]
[3034, 616.0, 577.0, 579.00, 599.00, 31858, tse]
[3035, 403.0, 375.0, 387.00, 398.50, 46786, tse]
[3036, 176.5, 154.5, 170.50, 163.00, 78898, tse]
[3037, 196.5, 172.5, 189.00, 178.00, 145699, tse]
[3038, 36.65, 34.85, 34.85, 35.20, 11079, tse]
[3040, 32.25, 31.25, 31.45, 31.25, 385, tse]
[3041, 32.85, 30.8, 31.45, 31.35, 40199, tse]
[3042, 101.0, 98.0, 100.00, 98.90, 6159, tse]
[3043, 37.0, 34.15, 34.20, 35.65, 960, tse]
[3044, 217.0, 206.0, 216.00, 207.50, 20993, tse]
[3045, 99.9, 98.2, 99.10, 98.40, 20036, tse]
[3046, 69.3, 66.9, 67.70, 68.00, 1916, tse]
[3047, 19.2, 17.8, 18.85, 17.90, 34224, tse]
[3048, 26.0, 25.25, 26.00, 25.80, 1872, tse]
[3049, 9.29, 9.02, 9.29, 9.03, 9215, tse]
[3050, 19.75, 18.2, 18.50, 19.15, 9816, tse]
[3051, 36.6, 35.0, 36.50, 36.10, 8696, tse]
[3052, 12.85, 12.3, 12.55, 12.70, 3856, tse]
[3054, 21.05, 20.35, 20.85, 20.70, 117, tse]
[3055, 88.5, 73.5, 82.50, 81.90, 48883, tse]
[3056, 29.35, 27.8, 28.95, 28.00, 5155, tse]
[3057, 14.4, 13.6, 13.85, 13.60, 1843, tse]
[3058, 21.25, 20.1, 20.35, 20.75, 3796, tse]
[3059, 35.75, 34.75, 34.95, 34.85, 5703, tse]
[3060, 20.7, 19.9, 20.50, 20.20, 1396, tse]
[3062, 21.4, 20.0, 20.20, 21.20, 7327, tse]
[3064, 40.35, 37.65, 39.45, 38.70, 33, otc]
[3066, 28.0, 24.85, 25.45, 26.25, 2633, otc]
[3067, 32.75, 31.25, 32.65, 32.60, 55, otc]
[3071, 42.5, 33.85, 34.80, 37.80, 14030, otc]
[3073, 35.85, 32.45, 32.80, 34.15, 599, otc]
[3078, 83.8, 81.2, 82.00, 82.70, 12172, otc]
[3081, 162.5, 147.0, 158.00, 158.50, 25266, otc]
[3083, 44.95, 42.8, 43.30, 43.20, 1129, otc]
[3085, 11.75, 10.7, 10.75, 11.40, 45, otc]
[3086, 118.5, 112.5, 115.00, 115.00, 479, otc]
[3088, 87.9, 84.5, 86.30, 87.00, 2875, otc]
[3090, 63.8, 60.9, 61.30, 61.90, 6669, tse]
[3092, 34.05, 33.0, 33.70, 33.10, 1161, tse]
[3093, 30.85, 30.45, 30.75, 30.85, 363, otc]
[3094, 35.9, 34.25, 35.05, 34.40, 2817, tse]
[3095, 28.95, 27.4, 28.50, 27.60, 17, otc]
[3105, 159.5, 151.0, 158.00, 155.50, 11178, otc]
[3114, 29.75, 28.7, 29.60, 29.35, 1045, otc]
[3115, 10.75, 10.45, 10.75, 10.45, 22, otc]
[3118, 30.35, 30.0, 30.20, 30.25, 179, otc]
[3122, 45.65, 42.65, 42.75, 43.30, 3751, otc]
[3128, 34.8, 29.15, 30.20, 34.45, 5943, otc]
[3130, 230.0, 217.0, 230.00, 222.50, 267, tse]
[3131, 877.0, 770.0, 850.00, 868.00, 6072, otc]
[3138, 143.5, 137.0, 142.00, 138.50, 1264, tse]
[3141, 91.5, 87.6, 87.60, 89.50, 2082, otc]
[3147, 140.0, 110.0, 112.00, 140.00, 11469, otc]
[3149, 30.2, 27.05, 29.30, 27.35, 4457, tse]
[3152, 232.0, 224.0, 231.50, 226.00, 781, otc]
[3162, 43.15, 41.9, 42.25, 42.50, 2246, otc]
[3163, 113.5, 97.6, 101.00, 97.60, 82853, otc]
[3164, 23.35, 22.6, 23.20, 22.70, 667, tse]
[3167, 69.4, 60.8, 67.60, 61.50, 3643, tse]
[3169, 147.5, 137.0, 141.00, 137.50, 10406, otc]
[3171, 24.1, 22.1, 22.60, 23.95, 1336, otc]
[3176, 43.0, 40.95, 41.00, 41.25, 1477, otc]
[3178, 132.0, 121.0, 125.00, 130.00, 6257, otc]
[3188, 19.1, 18.5, 19.10, 18.55, 1437, otc]
[3189, 100.5, 95.4, 98.80, 96.90, 12019, tse]
[3191, 23.5, 22.4, 23.50, 22.70, 349, otc]
[3202, 14.9, 13.95, 14.65, 14.05, 1553, otc]
[3205, 46.95, 45.3, 45.90, 45.70, 559, otc]
[3206, 49.6, 48.15, 48.90, 48.70, 1379, otc]
[3207, 93.8, 87.4, 90.30, 91.70, 8071, otc]
[3209, 36.9, 36.05, 36.80, 36.35, 1821, tse]
[3211, 84.2, 80.1, 83.40, 83.00, 4214, otc]
[3213, 91.5, 86.8, 87.00, 90.00, 4317, otc]
[3217, 195.0, 179.0, 195.00, 183.50, 11331, otc]
[3218, 307.0, 287.0, 298.50, 304.00, 4525, otc]
[3219, 41.95, 40.8, 41.00, 41.10, 84, otc]
[3221, 32.9, 29.1, 32.80, 29.20, 10945, otc]
[3224, 40.7, 40.0, 40.10, 40.00, 382, otc]
[3226, 61.6, 60.8, 61.10, 60.80, 9, otc]
[3227, 181.5, 167.0, 168.00, 169.00, 33945, otc]
[3228, 510.0, 466.0, 478.00, 504.00, 6115, otc]
[3229, 17.6, 16.05, 16.20, 17.05, 375, tse]
[3230, 12.35, 10.7, 12.10, 10.85, 2110, otc]
[3231, 119.5, 111.0, 117.00, 118.00, 300055, tse]
[3232, 36.5, 29.75, 30.00, 34.80, 11096, otc]
[3234, 41.75, 37.7, 40.00, 38.80, 15697, otc]
[3236, 23.25, 22.35, 22.60, 23.05, 1063, otc]
[3252, 20.9, 20.5, 20.75, 20.80, 554, otc]
[3257, 72.8, 70.3, 71.00, 71.00, 933, tse]
[3259, 30.5, 28.9, 30.30, 29.00, 78, otc]
[3260, 102.0, 97.7, 100.50, 99.20, 30287, otc]
[3264, 74.6, 70.8, 74.50, 72.70, 24258, otc]
[3265, 133.0, 120.5, 131.00, 124.00, 13426, otc]
[3266, 20.25, 19.15, 19.40, 20.15, 1039, tse]
[3268, 38.7, 32.95, 33.30, 38.70, 4124, otc]
[3272, 35.1, 33.7, 34.05, 34.40, 514, otc]
[3276, 23.6, 22.4, 23.60, 22.70, 1604, otc]
[3284, 22.45, 21.45, 21.80, 22.10, 2118, otc]
[3285, 29.35, 26.15, 27.15, 28.00, 492, otc]
[3287, 39.1, 37.0, 38.10, 37.35, 3022, otc]
[3288, 37.3, 33.8, 36.40, 34.55, 454, otc]
[3289, 135.0, 126.5, 132.00, 128.50, 16844, otc]
[3290, 25.4, 24.9, 25.20, 25.00, 1336, otc]
[3293, 890.0, 829.0, 831.00, 878.00, 4342, otc]
[3294, 60.4, 52.5, 53.20, 52.70, 6748, otc]
[3296, 26.5, 22.4, 24.65, 23.60, 13166, tse]
[3297, 22.3, 20.05, 20.10, 22.30, 2485, otc]
[3303, 33.0, 31.4, 32.45, 31.45, 1791, otc]
[3305, 75.4, 70.3, 71.90, 72.10, 9976, tse]
[3306, 49.45, 48.0, 49.30, 48.45, 1019, otc]
[3308, 36.4, 34.3, 35.90, 35.50, 1306, tse]
[3310, 106.5, 104.0, 106.00, 104.00, 131, otc]
[3311, 45.5, 42.25, 43.80, 42.55, 3803, tse]
[3312, 44.2, 37.0, 40.00, 42.15, 72728, tse]
[3313, 24.5, 20.85, 21.10, 23.10, 8409, otc]
[3317, 57.8, 55.4, 56.20, 56.90, 1474, otc]
[3321, 19.95, 18.5, 19.30, 19.70, 4213, tse]
[3322, 26.4, 23.9, 24.85, 25.05, 13574, otc]
[3323, 28.3, 27.1, 28.10, 27.45, 522, otc]
[3324, 584.0, 448.0, 462.00, 559.00, 43139, otc]
[3325, 37.95, 35.35, 36.05, 37.10, 12136, otc]
[3332, 45.6, 44.1, 44.50, 44.70, 49, otc]
[3338, 69.2, 62.5, 64.00, 68.00, 12134, tse]
[3339, 25.05, 23.7, 24.35, 24.30, 7906, otc]
[3346, 52.1, 49.95, 50.00, 51.50, 9619, tse]
[3349, 26.6, 26.0, 26.40, 26.20, 112, otc]
[3354, 31.55, 27.8, 31.35, 28.00, 15484, otc]
[3356, 50.3, 43.7, 44.70, 50.30, 9468, tse]
[3357, 122.5, 112.0, 116.50, 122.50, 1713, otc]
[3360, 24.25, 20.0, 21.10, 21.00, 50773, otc]
[3362, 289.0, 263.5, 263.50, 279.50, 5899, otc]
[3363, 126.5, 105.0, 105.00, 120.50, 113661, otc]
[3372, 21.3, 15.95, 16.45, 21.30, 65103, otc]
[3373, 28.9, 26.9, 27.90, 27.20, 1635, otc]
[3374, 135.0, 128.0, 134.00, 129.50, 7926, otc]
[3376, 185.5, 160.5, 165.50, 185.50, 40516, tse]
[3379, 15.5, 15.0, 15.25, 15.25, 330, otc]
[3380, 39.65, 36.45, 38.20, 36.65, 13716, tse]
[3388, 73.5, 72.5, 72.90, 73.50, 275, otc]
[3390, 39.8, 34.3, 34.50, 38.50, 80344, otc]
[3402, 98.5, 92.3, 96.10, 94.50, 5965, otc]
[3406, 432.0, 411.0, 411.00, 426.00, 9380, tse]
[3413, 259.5, 239.0, 252.50, 247.50, 9477, tse]
[3416, 141.0, 135.0, 141.00, 135.50, 1510, tse]
[3419, 18.2, 17.7, 17.95, 17.70, 1369, tse]
[3426, 40.2, 39.5, 40.20, 39.50, 14, otc]
[3430, 49.75, 47.9, 47.90, 49.15, 772, otc]
[3432, 21.5, 20.0, 20.30, 20.55, 849, tse]
[3434, 33.05, 29.6, 29.80, 33.05, 1232, otc]
[3437, 38.15, 35.45, 37.35, 35.55, 26723, tse]
[3438, 86.0, 80.7, 83.00, 84.90, 3965, otc]
[3441, 38.4, 37.0, 37.80, 37.15, 611, otc]
[3443, 1615.0, 1430.0, 1,460.00, 1,580.00, 15654, tse]
[3444, 109.0, 103.5, 106.00, 105.50, 2957, otc]
[3447, 37.55, 36.1, 37.50, 36.10, 232, tse]
[3450, 77.7, 67.5, 73.60, 72.20, 93465, tse]
[3454, 155.0, 144.5, 151.00, 153.50, 1771, tse]
[3455, 79.9, 73.0, 73.10, 78.10, 5574, otc]
[3465, 75.1, 73.0, 74.10, 74.20, 102, otc]
[3466, 27.2, 26.05, 27.15, 26.25, 612, otc]
[3479, 130.5, 117.5, 130.00, 118.00, 12003, otc]
[3481, 15.55, 14.9, 15.50, 15.20, 240339, tse]
[3483, 174.0, 160.5, 165.00, 170.50, 16446, otc]
[3484, 44.0, 42.9, 43.25, 43.10, 547, otc]
[3489, 21.6, 19.6, 21.45, 20.00, 2696, otc]
[3490, 29.4, 26.2, 26.50, 27.90, 3807, otc]
[3491, 164.0, 159.0, 161.00, 162.00, 1727, otc]
[3492, 21.5, 20.7, 21.35, 20.90, 507, otc]
[3494, 6.95, 6.5, 6.73, 6.59, 353, tse]
[3498, 32.9, 30.45, 30.75, 32.55, 1150, otc]
[3499, 22.6, 21.5, 21.75, 21.60, 1422, otc]
[3501, 55.6, 53.4, 54.00, 55.40, 1796, tse]
[3504, 66.6, 63.2, 64.30, 65.70, 5962, tse]
[3508, 26.8, 26.1, 26.35, 26.20, 606, otc]
[3511, 27.75, 26.55, 27.50, 26.55, 516, otc]
[3512, 34.7, 32.0, 32.10, 33.50, 1496, otc]
[3515, 278.5, 228.0, 249.50, 278.50, 18306, tse]
[3516, 30.75, 24.0, 26.05, 27.90, 9289, otc]
[3518, 36.0, 34.4, 35.40, 35.35, 763, tse]
[3520, 21.4, 19.7, 20.25, 19.75, 5555, otc]
[3521, 21.8, 19.25, 21.45, 20.70, 3358, otc]
[3522, 21.3, 20.05, 20.40, 21.20, 4864, otc]
[3523, 19.65, 18.95, 19.40, 19.50, 64, otc]
[3526, 214.5, 204.0, 212.00, 212.50, 2545, otc]
[3527, 111.0, 107.0, 108.00, 107.50, 586, otc]
[3528, 51.1, 49.85, 50.60, 50.20, 445, tse]
[3529, 2865.0, 2615.0, 2,760.00, 2,855.00, 2730, otc]
[3530, 139.5, 121.0, 121.00, 135.00, 22806, tse]
[3531, 34.0, 32.0, 32.15, 33.25, 417, otc]
[3532, 163.0, 155.5, 161.50, 157.00, 2690, tse]
[3533, 1125.0, 984.0, 1,050.00, 1,125.00, 6363, tse]
[3535, 25.3, 23.45, 25.00, 23.45, 9096, tse]
[3537, 40.8, 39.7, 40.10, 40.05, 639, otc]
[3540, 46.95, 42.2, 42.60, 46.25, 6499, otc]
[3541, 37.65, 36.75, 37.60, 36.75, 356, otc]
[3543, 25.65, 24.4, 25.45, 24.45, 1918, tse]
[3545, 103.5, 97.1, 103.50, 99.20, 18978, tse]
[3546, 77.0, 76.0, 76.10, 76.30, 386, otc]
[3548, 269.5, 232.5, 239.00, 262.50, 30812, otc]
[3550, 16.1, 15.25, 15.45, 15.90, 821, tse]
[3551, 133.0, 118.5, 133.00, 121.00, 11317, otc]
[3552, 134.0, 131.0, 131.50, 131.50, 644, otc]
[3555, 32.5, 30.6, 31.50, 30.85, 47, otc]
[3556, 63.3, 58.3, 61.40, 58.80, 1758, otc]
[3557, 64.1, 62.1, 62.70, 63.40, 728, tse]
[3558, 254.5, 231.5, 247.00, 232.00, 2904, otc]
[3563, 331.0, 310.0, 319.00, 312.00, 4454, tse]
[3564, 51.5, 47.5, 48.35, 49.55, 1914, otc]
[3567, 42.5, 41.2, 41.20, 41.70, 684, otc]
[3570, 165.0, 155.0, 155.00, 165.00, 570, otc]
[3576, 12.7, 12.05, 12.25, 12.35, 22219, tse]
[3577, 78.0, 75.7, 77.70, 76.40, 176, otc]
[3580, 59.0, 56.0, 58.90, 56.20, 2150, otc]
[3581, 34.8, 30.0, 32.20, 32.55, 7074, otc]
[3583, 295.5, 261.0, 281.00, 268.00, 50506, tse]
[3587, 282.5, 264.5, 281.50, 276.00, 5394, otc]
[3588, 122.5, 102.5, 104.50, 118.00, 46041, tse]
[3591, 27.8, 26.2, 27.75, 27.45, 4386, tse]
[3592, 488.5, 442.5, 460.00, 477.00, 5152, tse]
[3593, 12.95, 12.0, 12.55, 12.15, 400, tse]
[3594, 43.1, 41.65, 42.30, 41.95, 760, otc]
[3596, 185.0, 175.5, 183.00, 178.50, 10154, tse]
[3597, 24.15, 22.9, 24.15, 23.60, 338, otc]
[3605, 43.05, 37.0, 37.70, 43.00, 14373, tse]
[3607, 21.2, 19.75, 21.10, 20.15, 14910, tse]
[3609, 30.7, 27.3, 28.20, 27.75, 347, otc]
[3611, 240.0, 235.5, 238.00, 238.00, 261, otc]
[3615, 28.8, 27.05, 28.10, 27.85, 5798, otc]
[3617, 211.0, 200.0, 204.00, 206.50, 1967, tse]
[3622, 59.5, 55.3, 57.10, 57.80, 11875, tse]
[3623, 40.2, 36.9, 39.00, 37.50, 2529, otc]
[3624, 57.4, 52.6, 53.50, 55.40, 4496, otc]
[3625, 15.75, 15.0, 15.65, 15.00, 791, otc]
[3628, 42.4, 41.6, 42.15, 42.25, 283, otc]
[3629, 24.1, 21.15, 24.10, 21.15, 67, otc]
[3630, 34.3, 33.2, 33.55, 33.40, 1220, otc]
[3631, 33.3, 30.55, 31.35, 32.70, 480, otc]
[3632, 15.45, 14.4, 14.65, 14.70, 94, otc]
[3645, 44.6, 42.55, 42.85, 42.70, 6084, tse]
[3646, 30.95, 30.2, 30.70, 30.60, 439, otc]
[3652, 31.45, 30.1, 30.75, 30.65, 877, tse]
[3653, 994.0, 835.0, 851.00, 962.00, 6932, tse]
[3661, 4340.0, 3815.0, 3,970.00, 4,340.00, 7326, tse]
[3663, 48.6, 45.9, 47.15, 46.90, 4998, otc]
[3664, 29.65, 27.65, 27.65, 28.00, 1203, otc]
[3665, 247.0, 236.0, 243.50, 238.50, 5586, tse]
[3666, 25.8, 24.6, 25.00, 25.05, 646, otc]
[3669, 50.6, 48.1, 49.80, 49.20, 1270, tse]
[3672, 27.0, 24.1, 25.50, 24.25, 788, otc]
[3673, 36.05, 34.7, 35.55, 35.15, 5027, tse]
[3675, 273.0, 255.0, 258.00, 269.00, 3013, otc]
[3679, 126.5, 110.5, 120.50, 111.50, 1765, tse]
[3680, 473.5, 436.5, 473.50, 451.50, 8440, otc]
[3684, 47.0, 45.7, 47.00, 46.40, 65, otc]
[3685, 20.3, 19.9, 20.05, 20.00, 243, otc]
[3686, 13.9, 13.5, 13.85, 13.60, 895, tse]
[3687, 107.5, 93.8, 93.80, 103.50, 5903, otc]
[3689, 79.3, 70.6, 76.00, 75.00, 59724, otc]
[3691, 116.5, 107.0, 108.50, 115.00, 3119, otc]
[3693, 435.5, 417.0, 417.00, 428.00, 2819, otc]
[3694, 53.8, 50.7, 51.60, 52.20, 11604, tse]
[3701, 68.5, 60.5, 60.50, 68.50, 25342, tse]
[3702, 94.0, 87.6, 94.00, 88.70, 28663, tse]
[3703, 27.15, 26.7, 26.90, 27.10, 4626, tse]
[3704, 46.8, 44.6, 46.20, 45.60, 6007, tse]
[3705, 47.35, 46.75, 46.75, 47.15, 963, tse]
[3706, 44.0, 41.1, 44.00, 43.05, 57665, tse]
[3707, 63.6, 59.1, 60.80, 59.50, 10988, otc]
[3708, 126.5, 111.5, 112.50, 117.00, 27860, tse]
[3709, 29.5, 27.75, 29.40, 28.20, 647, otc]
[3710, 10.5, 10.2, 10.40, 10.25, 2111, otc]
[3711, 142.0, 135.5, 141.00, 138.00, 38886, tse]
[3712, 50.5, 44.9, 45.00, 48.65, 66103, tse]
[3713, 23.7, 22.1, 23.70, 22.25, 658, otc]
[3714, 44.7, 42.0, 44.10, 42.00, 10410, tse]
[3715, 78.4, 72.3, 74.60, 73.30, 42126, tse]
[4102, 41.35, 37.3, 40.30, 37.40, 5070, otc]
[4104, 91.2, 87.9, 88.00, 91.20, 1532, tse]
[4105, 81.9, 80.6, 81.00, 80.80, 3465, otc]
[4106, 28.9, 28.15, 28.70, 28.65, 728, tse]
[4107, 123.5, 114.5, 114.50, 117.50, 1863, otc]
[4108, 23.5, 22.05, 22.40, 22.10, 4203, tse]
[4109, 23.5, 20.95, 22.40, 22.25, 22272, otc]
[4111, 26.45, 26.15, 26.20, 26.35, 294, otc]
[4113, 40.0, 36.7, 36.70, 39.50, 5059, otc]
[4114, 39.4, 38.4, 38.50, 38.90, 4431, otc]
[4116, 60.6, 59.0, 59.60, 59.00, 535, otc]
[4119, 92.7, 91.0, 91.00, 91.40, 792, tse]
[4120, 42.0, 40.4, 42.00, 41.50, 403, otc]
[4121, 24.95, 24.15, 24.60, 24.60, 980, otc]
[4123, 48.2, 45.5, 45.65, 47.35, 9037, otc]
[4126, 89.8, 87.5, 87.60, 89.40, 892, otc]
[4127, 14.85, 14.35, 14.35, 14.60, 363, otc]
[4128, 47.4, 45.75, 46.50, 45.75, 4202, otc]
[4129, 109.5, 97.5, 97.50, 99.30, 12852, otc]
[4130, 26.3, 25.5, 25.55, 26.30, 1031, otc]
[4131, 37.6, 34.1, 34.40, 37.00, 898, otc]
[4133, 33.65, 32.4, 33.25, 32.45, 812, tse]
[4137, 192.0, 188.5, 188.50, 191.00, 211, tse]
[4138, 108.5, 100.0, 100.50, 108.50, 780, otc]
[4139, 38.0, 36.4, 37.85, 36.55, 128, otc]
[4142, 30.3, 29.0, 30.00, 29.20, 3855, tse]
[4147, 116.5, 101.5, 101.50, 109.00, 33163, otc]
[4148, 53.8, 50.9, 51.40, 52.70, 630, tse]
[4153, 38.4, 37.2, 38.05, 37.35, 196, otc]
[4154, 15.1, 14.4, 14.55, 14.95, 161, otc]
[4155, 25.1, 24.7, 25.00, 24.85, 1344, tse]
[4157, 15.4, 14.95, 15.10, 15.20, 5214, otc]
[4160, 43.55, 41.6, 42.95, 41.60, 229, otc]
[4161, 38.7, 36.45, 38.20, 38.35, 950, otc]
[4162, 107.0, 101.5, 102.00, 101.50, 7292, otc]
[4163, 127.0, 124.0, 124.50, 124.00, 261, otc]
[4164, 62.1, 60.2, 60.90, 61.00, 4790, tse]
[4167, 20.9, 19.85, 19.85, 20.00, 7177, otc]
[4168, 27.5, 26.6, 27.05, 26.60, 757, otc]
[4171, 39.5, 37.8, 37.90, 38.20, 637, otc]
[4173, 22.5, 22.0, 22.15, 22.20, 605, otc]
[4174, 68.3, 66.1, 66.10, 66.30, 2122, otc]
[4175, 84.3, 82.0, 83.80, 82.10, 378, otc]
[4183, 21.2, 20.5, 20.55, 21.00, 143, otc]
[4188, 31.0, 29.65, 29.65, 30.10, 1123, otc]
[4190, 56.0, 55.0, 56.00, 55.80, 215, tse]
[4192, 37.95, 36.5, 37.85, 37.80, 36, otc]
[4198, 25.85, 25.45, 25.85, 25.75, 11, otc]
[4205, 98.6, 97.9, 98.60, 97.90, 155, otc]
[4207, 17.4, 17.15, 17.40, 17.30, 927, otc]
[4303, 49.25, 37.0, 37.50, 46.00, 68216, otc]
[4304, 7.94, 7.72, 7.88, 7.79, 113, otc]
[4305, 40.0, 38.0, 39.10, 38.85, 271, otc]
[4306, 17.3, 16.95, 17.15, 17.00, 4636, tse]
[4401, 25.45, 22.8, 23.60, 23.50, 2872, otc]
[4402, 20.0, 17.6, 18.30, 19.00, 10391, otc]
[4406, 10.2, 9.98, 10.05, 10.05, 79, otc]
[4413, 19.95, 19.1, 19.95, 19.25, 160, otc]
[4414, 3.93, 3.74, 3.87, 3.76, 2879, tse]
[4416, 100.0, 95.9, 95.90, 99.00, 101, otc]
[4417, 39.8, 39.1, 39.45, 39.60, 473, otc]
[4419, 41.95, 39.0, 39.00, 40.05, 17, otc]
[4420, 56.8, 51.2, 54.10, 56.30, 1562, otc]
[4426, 19.55, 18.95, 19.55, 19.05, 563, tse]
[4430, 22.9, 22.2, 22.55, 22.35, 72, otc]
[4432, 24.35, 23.7, 23.75, 24.25, 343, otc]
[4433, 30.55, 29.3, 29.80, 29.40, 359, otc]
[4438, 111.5, 110.0, 110.00, 110.00, 122, tse]
[4439, 126.5, 123.5, 126.50, 125.00, 150, tse]
[4440, 25.0, 24.0, 24.85, 24.20, 239, tse]
[4442, 24.95, 24.2, 24.95, 24.45, 98, otc]
[4502, 36.6, 36.4, 36.60, 36.40, 140, otc]
[4503, 68.8, 60.0, 62.50, 62.60, 13947, otc]
[4506, 85.2, 84.2, 84.40, 85.00, 149, otc]
[4510, 16.15, 15.75, 15.85, 15.90, 590, otc]
[4513, 23.7, 19.5, 19.50, 22.80, 14792, otc]
[4523, 40.6, 38.7, 40.60, 38.80, 147, otc]
[4526, 23.3, 20.4, 23.30, 21.10, 49173, tse]
[4527, 38.45, 37.3, 37.35, 37.85, 180, otc]
[4528, 31.55, 31.05, 31.45, 31.40, 163, otc]
[4529, 17.1, 15.2, 15.45, 15.55, 4133, otc]
[4530, 7.95, 7.15, 7.15, 7.59, 120, otc]
[4532, 23.8, 23.0, 23.15, 23.40, 7552, tse]
[4533, 25.3, 24.1, 24.40, 25.10, 4237, otc]
[4534, 14.4, 12.45, 13.10, 13.50, 8366, otc]
[4535, 33.95, 33.5, 33.85, 33.90, 259, otc]
[4536, 191.0, 182.5, 187.00, 187.50, 1302, tse]
[4538, 21.35, 19.1, 19.15, 21.35, 2304, otc]
[4540, 35.65, 33.7, 33.90, 34.75, 1606, tse]
[4541, 30.8, 29.95, 30.15, 30.35, 635, otc]
[4542, 78.7, 70.0, 71.60, 72.90, 14736, otc]
[4543, 59.3, 47.4, 47.40, 58.30, 54452, otc]
[4545, 31.7, 30.45, 31.00, 31.20, 378, tse]
[4549, 99.0, 95.8, 97.00, 96.20, 255, otc]
[4550, 38.0, 35.95, 36.55, 36.75, 537, otc]
[4551, 115.0, 112.0, 113.00, 113.00, 751, tse]
[4552, 31.9, 31.2, 31.35, 31.85, 1036, tse]
[4554, 29.6, 28.5, 28.65, 28.75, 91, otc]
[4555, 69.0, 61.7, 63.80, 67.50, 456, tse]
[4556, 47.4, 39.15, 39.95, 44.30, 10561, otc]
[4557, 133.0, 118.0, 118.00, 123.00, 1666, tse]
[4558, 26.5, 25.8, 26.20, 25.95, 45, otc]
[4560, 37.9, 37.15, 37.90, 37.40, 532, tse]
[4561, 37.95, 33.95, 35.65, 35.00, 2245, otc]
[4562, 17.0, 15.9, 15.95, 17.00, 720, tse]
[4563, 54.2, 51.0, 53.30, 51.00, 2937, otc]
[4564, 24.2, 23.05, 23.55, 23.30, 3411, tse]
[4566, 54.0, 52.5, 52.80, 53.20, 1042, tse]
[4568, 57.3, 56.5, 56.80, 57.20, 55, otc]
[4569, 90.0, 88.8, 89.40, 89.90, 37, tse]
[4571, 101.0, 94.1, 100.00, 96.40, 502, tse]
[4572, 159.5, 155.0, 156.50, 155.50, 941, tse]
[4576, 71.4, 67.4, 71.40, 68.00, 620, tse]
[4577, 23.45, 22.7, 23.45, 23.15, 52, otc]
[4580, 92.3, 91.5, 92.00, 92.10, 184, otc]
[4581, 66.1, 63.1, 64.80, 65.50, 332, tse]
[4583, 234.0, 216.0, 218.50, 231.00, 1355, tse]
[4584, 55.3, 53.4, 54.40, 55.30, 82, otc]
[4588, 111.0, 97.0, 99.00, 102.00, 7333, tse]
[4609, 6.68, 6.2, 6.40, 6.58, 246, otc]
[4702, 14.05, 13.6, 13.80, 13.80, 517, otc]
[4706, 30.55, 29.35, 29.70, 29.65, 279, otc]
[4707, 13.45, 12.9, 12.90, 13.35, 7514, otc]
[4711, 18.1, 17.1, 17.30, 17.30, 1125, otc]
[4714, 24.7, 21.5, 22.05, 23.65, 29274, otc]
[4716, 13.9, 12.95, 13.00, 13.25, 2317, otc]
[4720, 18.7, 17.1, 18.50, 17.45, 6546, tse]
[4721, 81.3, 78.7, 79.90, 78.80, 616, otc]
[4722, 40.95, 38.4, 38.45, 40.20, 1290, tse]
[4726, 40.05, 37.35, 37.45, 38.70, 2894, otc]
[4728, 206.5, 199.0, 200.50, 205.00, 285, otc]
[4729, 22.2, 20.1, 20.90, 21.80, 6823, otc]
[4735, 38.65, 38.05, 38.50, 38.55, 77, otc]
[4736, 161.0, 157.5, 158.50, 158.50, 701, tse]
[4737, 73.9, 72.2, 73.00, 72.90, 350, tse]
[4739, 71.0, 67.1, 67.50, 67.30, 1399, tse]
[4741, 36.6, 35.8, 36.45, 35.80, 80, otc]
[4743, 182.0, 173.5, 176.50, 174.00, 7523, otc]
[4744, 27.75, 26.7, 27.35, 26.90, 975, otc]
[4745, 25.1, 24.7, 25.00, 24.70, 235, otc]
[4746, 114.0, 107.5, 111.00, 108.00, 8432, tse]
[4747, 86.2, 81.1, 86.20, 83.80, 1378, otc]
[4754, 44.55, 43.5, 44.20, 44.35, 220, otc]
[4755, 156.0, 139.0, 139.00, 152.00, 15858, tse]
[4760, 74.2, 70.4, 71.00, 72.60, 277, otc]
[4763, 1020.0, 874.0, 881.00, 1,020.00, 23022, tse]
[4764, 43.1, 39.55, 39.60, 40.20, 210, tse]
[4766, 315.0, 298.0, 308.00, 298.50, 2586, tse]
[4767, 31.2, 30.05, 30.65, 31.10, 67, otc]
[4768, 206.0, 192.5, 201.50, 195.50, 4229, otc]
[4770, 415.5, 387.0, 387.50, 391.00, 10772, tse]
[4804, 5.17, 4.56, 4.62, 5.08, 827, otc]
[4806, 13.0, 10.95, 12.50, 11.10, 93, otc]
[4807, 17.8, 16.65, 17.10, 16.75, 106, tse]
[4903, 18.2, 17.3, 17.60, 17.70, 1039, otc]
[4904, 79.9, 77.6, 79.30, 77.80, 23900, tse]
[4905, 86.6, 82.4, 82.50, 84.40, 108, otc]
[4906, 36.45, 35.1, 36.15, 35.20, 13704, tse]
[4907, 51.8, 47.4, 51.80, 47.60, 789, otc]
[4908, 135.0, 115.5, 126.00, 120.50, 84387, otc]
[4909, 71.3, 55.0, 56.00, 68.90, 120404, otc]
[4911, 57.5, 56.5, 57.10, 57.20, 181, otc]
[4912, 112.0, 99.3, 101.00, 111.50, 1905, tse]
[4915, 73.8, 71.0, 72.70, 73.10, 16983, tse]
[4916, 34.75, 33.7, 34.25, 34.45, 1921, tse]
[4919, 133.0, 127.0, 131.00, 128.50, 5906, tse]
[4923, 48.9, 47.8, 48.70, 48.40, 263, otc]
[4924, 16.9, 14.8, 14.95, 16.90, 1026, otc]
[4927, 48.8, 45.2, 48.80, 45.45, 3940, tse]
[4930, 35.45, 33.5, 33.70, 35.10, 1437, tse]
[4931, 32.2, 31.0, 32.20, 31.50, 1038, otc]
[4933, 64.1, 60.9, 62.30, 62.60, 2126, otc]
[4934, 26.45, 25.45, 25.60, 26.05, 2784, tse]
[4935, 51.9, 50.4, 51.50, 51.40, 510, tse]
[4938, 86.7, 83.8, 85.60, 84.90, 21640, tse]
[4939, 25.6, 23.25, 23.60, 25.15, 13095, otc]
[4942, 44.6, 43.35, 43.85, 44.30, 1292, tse]
[4943, 16.8, 15.35, 15.35, 16.80, 272, tse]
[4945, 141.0, 122.5, 126.00, 141.00, 3698, otc]
[4946, 54.2, 51.9, 54.20, 51.90, 50, otc]
[4951, 82.8, 74.8, 75.00, 81.70, 5444, otc]
[4952, 52.2, 50.2, 51.50, 50.30, 1054, tse]
[4953, 151.0, 143.0, 151.00, 145.50, 7155, otc]
[4956, 21.0, 19.7, 20.95, 19.70, 7285, tse]
[4958, 100.5, 98.2, 98.20, 99.40, 10820, tse]
[4960, 14.35, 13.35, 13.65, 13.40, 35564, tse]
[4961, 250.5, 239.0, 245.00, 243.50, 5809, tse]
[4966, 1155.0, 998.0, 1,155.00, 1,025.00, 9335, otc]
[4967, 88.0, 83.1, 85.30, 84.90, 12516, tse]
[4968, 248.0, 213.5, 223.50, 248.00, 26181, tse]
[4971, 60.2, 59.1, 59.90, 60.00, 169, otc]
[4972, 29.75, 28.7, 29.05, 29.75, 591, otc]
[4973, 43.1, 37.0, 37.00, 42.05, 19911, otc]
[4974, 69.5, 67.5, 68.40, 68.90, 898, otc]
[4976, 40.0, 38.25, 40.00, 39.05, 1616, tse]
[4977, 83.5, 79.7, 79.70, 80.30, 19718, tse]
[4979, 174.0, 153.0, 164.50, 156.00, 42402, otc]
[4987, 62.8, 60.3, 60.30, 62.80, 108, otc]
[4989, 27.35, 26.35, 26.85, 26.50, 746, tse]
[4991, 31.8, 30.2, 30.90, 30.75, 211, otc]
[4994, 85.0, 77.0, 77.00, 83.00, 1594, tse]
[4995, 51.0, 47.6, 47.80, 49.95, 596, otc]
[4999, 34.7, 34.0, 34.70, 34.25, 520, tse]
[5007, 57.4, 56.0, 56.30, 56.70, 2420, tse]
[5009, 48.4, 46.3, 46.70, 48.30, 24114, otc]
[5011, 24.25, 23.0, 24.05, 23.30, 1756, otc]
[5013, 34.55, 34.2, 34.50, 34.35, 28, otc]
[5014, 14.05, 13.55, 13.95, 13.95, 1090, otc]
[5015, 44.35, 43.85, 44.10, 44.20, 215, otc]
[5016, 28.2, 27.85, 27.95, 28.10, 77, otc]
[5201, 30.5, 30.0, 30.30, 30.25, 149, otc]
[5202, 25.0, 21.85, 22.00, 23.90, 8163, otc]
[5203, 92.4, 88.6, 91.20, 89.10, 2009, tse]
[5205, 29.75, 28.0, 28.10, 28.95, 32, otc]
[5206, 33.15, 30.95, 31.55, 32.35, 514, otc]
[5209, 185.5, 177.0, 180.00, 184.50, 779, otc]
[5210, 49.9, 44.55, 48.90, 44.85, 3707, otc]
[5211, 26.75, 25.25, 26.25, 25.25, 807, otc]
[5212, 52.0, 50.2, 50.20, 51.20, 33, otc]
[5213, 35.5, 34.85, 35.30, 35.05, 980, otc]
[5215, 59.9, 57.7, 59.70, 58.50, 464, tse]
[5220, 27.65, 27.1, 27.30, 27.30, 131, otc]
[5222, 166.5, 160.0, 160.00, 163.50, 1694, tse]
[5223, 43.5, 41.0, 42.00, 41.20, 516, otc]
[5225, 99.6, 88.8, 91.40, 95.90, 16686, tse]
[5227, 45.95, 44.75, 45.80, 44.95, 1124, otc]
[5228, 23.1, 22.7, 22.90, 22.75, 80, otc]
[5230, 25.65, 24.5, 25.20, 24.75, 441, otc]
[5234, 134.0, 117.5, 118.50, 134.00, 18146, tse]
[5236, 174.0, 165.0, 165.50, 167.50, 1658, otc]
[5243, 56.0, 54.6, 55.50, 54.70, 1438, tse]
[5244, 49.75, 46.0, 49.50, 47.30, 1953, tse]
[5245, 39.0, 38.3, 39.00, 38.50, 91, otc]
[5251, 25.5, 22.0, 23.45, 25.50, 4217, otc]
[5258, 140.5, 131.0, 133.50, 136.50, 23541, tse]
[5263, 133.5, 125.5, 133.50, 125.50, 2172, otc]
[5269, 2415.0, 2230.0, 2,290.00, 2,375.00, 4806, tse]
[5272, 44.15, 38.7, 41.55, 42.20, 36999, otc]
[5274, 2885.0, 2655.0, 2,685.00, 2,865.00, 2160, otc]
[5276, 14.0, 13.5, 13.55, 14.00, 39, otc]
[5278, 239.0, 230.5, 238.00, 231.00, 50, otc]
[5283, 116.0, 114.5, 116.00, 115.00, 376, tse]
[5284, 207.0, 180.0, 185.50, 202.00, 4643, tse]
[5285, 67.2, 65.0, 67.00, 65.00, 516, tse]
[5287, 206.5, 204.0, 204.00, 205.50, 370, otc]
[5288, 184.5, 175.0, 175.00, 183.50, 297, tse]
[5289, 311.0, 298.0, 307.00, 308.00, 2854, otc]
[5291, 28.0, 26.4, 26.85, 27.60, 614, otc]
[5292, 138.5, 132.5, 135.50, 134.00, 1004, tse]
[5299, 130.0, 124.0, 125.50, 125.00, 599, otc]
[5301, 9.87, 9.45, 9.75, 9.45, 101, otc]
[5302, 12.1, 11.3, 11.40, 11.60, 2076, otc]
[5306, 158.0, 144.0, 147.00, 151.00, 2851, tse]
[5309, 35.4, 33.75, 33.85, 34.70, 5139, otc]
[5310, 27.4, 24.4, 25.05, 26.50, 314, otc]
[5312, 93.3, 88.5, 88.50, 92.50, 928, otc]
[5314, 215.0, 170.0, 170.00, 215.00, 1767, otc]
[5315, 20.55, 19.05, 20.00, 19.25, 4795, otc]
[5321, 89.6, 86.3, 87.00, 86.60, 708, otc]
[5324, 11.4, 10.8, 11.15, 10.80, 1260, otc]
[5328, 16.7, 15.1, 15.30, 16.10, 9870, otc]
[5340, 63.5, 58.2, 60.30, 58.20, 5974, otc]
[5344, 24.75, 22.7, 24.75, 23.45, 1421, otc]
[5345, 10.9, 10.1, 10.20, 10.90, 54, otc]
[5347, 73.6, 71.5, 72.90, 72.60, 26306, otc]
[5348, 19.35, 18.45, 18.95, 18.80, 287, otc]
[5351, 55.5, 51.3, 51.60, 52.80, 55854, otc]
[5353, 37.2, 36.25, 36.75, 36.75, 572, otc]
[5355, 13.9, 12.35, 13.85, 13.20, 4683, otc]
[5356, 34.8, 32.95, 33.30, 34.15, 1481, otc]
[5364, 17.3, 17.0, 17.10, 17.10, 321, otc]
[5371, 72.3, 70.7, 71.90, 70.90, 2356, otc]
[5381, 38.9, 33.6, 38.25, 35.25, 21150, otc]
[5383, 41.5, 36.05, 36.05, 40.20, 3278, otc]
[5386, 61.0, 51.4, 52.20, 57.90, 7455, otc]
[5388, 139.0, 133.5, 139.00, 135.50, 16075, tse]
[5392, 24.9, 24.1, 24.40, 24.65, 2452, otc]
[5398, 19.5, 18.2, 18.20, 19.20, 1022, otc]
[5403, 146.5, 137.5, 145.50, 142.00, 1352, otc]
[5410, 34.6, 33.05, 33.35, 33.30, 1449, otc]
[5425, 82.9, 79.2, 82.00, 79.40, 10597, otc]
[5426, 40.8, 36.3, 39.15, 36.60, 22686, otc]
[5432, 168.0, 143.5, 168.00, 155.50, 9053, otc]
[5434, 200.0, 193.0, 195.00, 197.50, 2743, tse]
[5438, 19.8, 18.5, 19.60, 19.05, 1566, otc]
[5439, 110.5, 105.0, 109.50, 107.50, 5130, otc]
[5443, 51.7, 48.5, 50.50, 49.85, 15561, otc]
[5450, 22.5, 21.05, 21.75, 21.40, 1301, otc]
[5452, 32.45, 25.25, 25.25, 27.25, 72548, otc]
[5455, 41.5, 39.1, 40.70, 41.50, 50, otc]
[5457, 70.0, 66.2, 67.20, 70.00, 14608, otc]
[5460, 14.6, 14.3, 14.45, 14.35, 469, otc]
[5464, 32.0, 30.7, 31.15, 31.85, 766, otc]
[5465, 47.65, 43.6, 45.15, 47.10, 3701, otc]
[5468, 17.65, 17.3, 17.65, 17.65, 174, otc]
[5469, 58.7, 56.6, 58.40, 57.50, 11183, tse]
[5471, 54.6, 52.2, 53.00, 52.50, 2146, tse]
[5474, 147.5, 132.0, 141.50, 133.00, 2404, otc]
[5475, 12.85, 12.1, 12.75, 12.20, 1629, otc]
[5478, 137.5, 131.0, 136.00, 135.00, 1373, otc]
[5481, 14.0, 13.7, 13.95, 13.85, 668, otc]
[5483, 192.0, 185.0, 187.00, 189.50, 14208, otc]
[5484, 28.3, 25.25, 28.25, 27.75, 811, tse]
[5487, 34.0, 30.0, 30.00, 31.80, 988, otc]
[5488, 15.15, 13.55, 13.85, 14.20, 18774, otc]
[5489, 35.5, 34.55, 34.65, 35.15, 136, otc]
[5490, 27.55, 26.0, 26.80, 26.90, 1835, otc]
[5493, 63.7, 57.2, 59.70, 62.70, 569, otc]
[5498, 13.25, 12.7, 12.85, 12.80, 10202, otc]
[5508, 108.5, 98.4, 99.20, 107.00, 6944, otc]
[5511, 78.8, 70.4, 70.40, 76.60, 7589, otc]
[5512, 10.6, 10.1, 10.10, 10.30, 21826, otc]
[5514, 19.85, 19.65, 19.65, 19.75, 26, otc]
[5515, 17.95, 17.5, 17.50, 17.60, 2706, tse]
[5516, 20.35, 19.7, 19.90, 19.90, 353, otc]
[5519, 35.7, 34.35, 35.30, 34.70, 2705, tse]
[5520, 80.9, 76.7, 76.80, 78.30, 58, otc]
[5521, 13.4, 12.6, 13.20, 12.60, 23833, tse]
[5522, 56.5, 56.0, 56.30, 56.10, 1387, tse]
[5523, 28.1, 27.2, 27.20, 27.90, 506, otc]
[5525, 28.15, 27.3, 27.70, 27.95, 591, tse]
[5529, 20.1, 19.75, 20.00, 20.00, 1232, otc]
[5530, 39.6, 39.1, 39.35, 39.15, 989, otc]
[5531, 10.2, 9.75, 10.10, 9.80, 5137, tse]
[5533, 23.75, 22.95, 22.95, 23.75, 1849, tse]
[5534, 78.7, 76.8, 76.80, 78.70, 1849, tse]
[5536, 206.5, 190.0, 206.50, 192.50, 3662, otc]
[5538, 33.9, 32.65, 33.90, 32.65, 42, tse]
[5543, 40.7, 40.0, 40.25, 40.30, 20, otc]
[5546, 32.0, 30.2, 30.20, 31.10, 60, tse]
[5601, 36.6, 36.5, 36.50, 36.55, 16, otc]
[5603, 22.7, 22.2, 22.40, 22.70, 921, otc]
[5604, 45.7, 41.4, 45.70, 42.15, 352, otc]
[5607, 65.0, 61.0, 63.30, 61.50, 9659, tse]
[5608, 20.15, 19.3, 19.75, 20.00, 10852, tse]
[5609, 85.8, 83.5, 85.00, 84.30, 890, otc]
[5701, 6.6, 6.39, 6.50, 6.55, 367, otc]
[5703, 22.45, 21.75, 22.30, 22.10, 126, otc]
[5704, 46.35, 45.05, 45.05, 45.95, 81, otc]
[5706, 62.2, 61.0, 61.20, 61.90, 1022, tse]
[5864, 17.15, 16.3, 16.40, 17.05, 2880, otc]
[5871, 176.5, 171.0, 176.00, 174.00, 18791, tse]
[5876, 45.2, 44.3, 44.55, 44.55, 13928, tse]
[5878, 48.5, 47.6, 47.60, 48.50, 42, otc]
[5880, 25.95, 25.6, 25.65, 25.80, 38719, tse]
[5902, 34.1, 33.5, 33.95, 33.90, 129, otc]
[5903, 190.0, 186.0, 189.00, 189.00, 364, otc]
[5904, 505.0, 491.0, 493.00, 491.00, 1420, otc]
[5905, 12.5, 12.0, 12.05, 12.45, 2693, otc]
[5906, 62.0, 59.8, 61.00, 60.30, 43, tse]
[5907, 11.3, 10.9, 11.30, 10.95, 545, tse]
[6005, 17.15, 16.35, 16.40, 17.05, 25968, tse]
[6015, 11.2, 10.65, 10.95, 11.15, 4204, otc]
[6016, 15.2, 14.2, 14.45, 15.15, 16726, otc]
[6020, 18.9, 18.7, 18.80, 18.85, 27, otc]
[6021, 15.3, 14.85, 14.90, 15.00, 125, otc]
[6023, 70.0, 63.2, 63.40, 69.60, 2726, otc]
[6024, 55.0, 51.3, 51.50, 54.80, 2351, tse]
[6026, 13.75, 12.95, 13.00, 13.70, 14107, otc]
[6101, 43.5, 41.35, 41.95, 43.30, 886, otc]
[6103, 34.05, 30.2, 34.05, 30.20, 6, otc]
[6104, 133.0, 120.0, 125.00, 122.00, 33400, otc]
[6108, 23.0, 22.0, 22.80, 22.05, 3030, tse]
[6109, 16.3, 15.7, 15.90, 15.90, 1638, otc]
[6111, 76.4, 73.5, 74.90, 74.30, 2445, otc]
[6112, 73.2, 66.7, 71.90, 67.30, 13816, tse]
[6113, 47.5, 40.2, 43.60, 41.85, 40966, otc]
[6114, 32.0, 30.3, 32.00, 30.70, 276, otc]
[6115, 50.9, 49.3, 50.60, 49.95, 1111, tse]
[6116, 11.65, 11.2, 11.65, 11.20, 37450, tse]
[6117, 77.5, 73.1, 76.80, 74.60, 7762, tse]
[6118, 26.8, 25.4, 26.15, 25.45, 1440, otc]
[6120, 16.4, 15.4, 16.30, 15.40, 19038, tse]
[6121, 439.0, 421.0, 423.00, 421.00, 3360, otc]
[6122, 71.5, 62.5, 62.50, 69.00, 26586, otc]
[6123, 69.7, 68.8, 69.30, 69.50, 232, otc]
[6124, 38.2, 35.6, 37.10, 37.45, 1053, otc]
[6125, 93.0, 74.4, 74.50, 86.70, 212001, otc]
[6126, 43.8, 37.55, 41.00, 38.10, 70195, otc]
[6127, 31.25, 27.25, 27.60, 30.40, 26383, otc]
[6128, 34.65, 34.05, 34.50, 34.55, 563, tse]
[6129, 29.45, 28.2, 28.75, 28.65, 3703, otc]
[6130, 30.75, 28.55, 29.70, 28.55, 129, otc]
[6133, 15.65, 15.0, 15.20, 15.25, 1714, tse]
[6134, 23.1, 21.15, 21.70, 21.25, 1807, otc]
[6136, 25.25, 24.05, 25.00, 24.40, 3892, tse]
[6138, 246.0, 215.5, 220.00, 228.50, 19830, otc]
[6139, 178.5, 162.0, 167.00, 175.50, 48235, tse]
[6140, 40.75, 36.8, 40.20, 37.45, 6701, otc]
[6141, 22.1, 18.9, 19.60, 21.25, 19757, tse]
[6142, 11.05, 10.4, 10.60, 10.60, 2499, tse]
[6143, 102.0, 86.0, 89.30, 99.90, 16302, otc]
[6144, 15.6, 13.1, 13.30, 14.70, 199, otc]
[6146, 244.0, 228.0, 230.00, 237.50, 3765, otc]
[6147, 74.7, 71.0, 74.40, 71.30, 18052, otc]
[6148, 37.2, 33.65, 34.95, 34.90, 3804, otc]
[6150, 104.0, 90.5, 91.20, 96.00, 16298, otc]
[6151, 27.5, 27.1, 27.25, 27.30, 310, otc]
[6152, 11.5, 10.75, 10.75, 11.00, 9267, tse]
[6153, 21.4, 20.65, 21.20, 20.70, 5514, tse]
[6154, 17.45, 17.0, 17.00, 17.30, 394, otc]
[6155, 27.8, 26.85, 27.30, 26.85, 833, tse]
[6156, 25.7, 24.55, 25.10, 24.65, 3595, otc]
[6158, 34.2, 33.0, 34.20, 33.45, 712, otc]
[6160, 22.4, 21.25, 22.20, 21.25, 1406, otc]
[6161, 48.1, 44.0, 45.45, 45.90, 6763, otc]
[6163, 20.65, 19.35, 19.35, 20.05, 5733, otc]
[6164, 16.7, 15.85, 16.40, 15.95, 9713, tse]
[6165, 51.2, 46.35, 47.85, 49.55, 14847, tse]
[6166, 67.9, 63.3, 64.60, 64.50, 3723, tse]
[6167, 18.9, 17.45, 18.05, 18.25, 34285, otc]
[6168, 30.15, 26.2, 29.90, 26.35, 21672, tse]
[6169, 23.0, 22.4, 22.90, 22.40, 155, otc]
[6170, 58.6, 54.7, 58.20, 55.40, 4840, otc]
[6171, 28.95, 28.35, 28.50, 28.65, 337, otc]
[6173, 47.35, 45.0, 45.70, 46.50, 2541, otc]
[6174, 24.7, 23.55, 24.50, 24.00, 270, otc]
[6175, 36.15, 35.3, 35.60, 35.85, 379, otc]
[6176, 148.5, 142.5, 145.50, 144.00, 11442, tse]
[6177, 35.3, 34.4, 34.75, 35.05, 1942, tse]
[6179, 37.0, 33.6, 34.00, 35.75, 26454, otc]
[6180, 71.3, 69.5, 70.00, 70.60, 2285, otc]
[6182, 41.15, 39.8, 41.10, 39.90, 9533, otc]
[6183, 70.5, 69.5, 70.50, 69.90, 175, tse]
[6184, 52.5, 51.5, 51.60, 51.90, 208, tse]
[6185, 18.75, 17.65, 18.30, 17.65, 5658, otc]
[6186, 56.6, 53.9, 55.20, 56.40, 3478, otc]
[6187, 252.0, 226.5, 246.00, 252.00, 3569, otc]
[6188, 78.7, 75.9, 78.70, 78.10, 7780, otc]
[6189, 82.2, 77.8, 82.20, 78.50, 27384, tse]
[6190, 32.4, 31.4, 31.80, 32.00, 3535, otc]
[6191, 68.6, 65.3, 68.40, 66.00, 12174, tse]
[6192, 101.0, 93.3, 94.40, 101.00, 1450, tse]
[6194, 39.9, 38.4, 38.50, 39.80, 1912, otc]
[6195, 42.0, 41.8, 41.95, 41.95, 122, otc]
[6196, 169.5, 158.0, 161.50, 158.50, 12496, tse]
[6197, 96.7, 89.8, 91.60, 93.60, 10682, tse]
[6198, 37.6, 31.75, 34.00, 36.80, 2613, otc]
[6199, 29.8, 27.8, 29.35, 28.70, 46, otc]
[6201, 69.9, 61.5, 61.50, 66.10, 890, tse]
[6202, 61.6, 59.7, 61.20, 59.80, 3642, tse]
[6203, 98.0, 93.9, 94.80, 96.30, 1895, otc]
[6204, 171.0, 145.0, 159.00, 146.00, 5394, otc]
[6205, 86.1, 81.0, 83.00, 81.50, 5105, tse]
[6206, 71.7, 70.0, 71.10, 70.30, 1018, tse]
[6207, 42.55, 39.2, 41.40, 39.50, 22810, otc]
[6208, 65.5, 52.4, 52.40, 62.90, 19653, otc]
[6209, 27.15, 26.2, 26.55, 26.30, 1053, tse]
[6210, 28.4, 27.35, 27.50, 28.25, 226, otc]
[6212, 57.6, 53.7, 54.70, 56.50, 43, otc]
[6213, 92.3, 86.0, 88.50, 90.60, 16612, tse]
[6214, 115.0, 112.0, 115.00, 113.00, 2964, tse]
[6215, 30.3, 29.0, 29.95, 29.95, 2274, tse]
[6216, 34.45, 32.5, 32.80, 34.10, 3105, tse]
[6217, 44.95, 42.3, 44.40, 42.35, 5960, otc]
[6218, 31.45, 28.0, 29.45, 28.20, 22531, otc]
[6219, 36.25, 33.3, 36.25, 33.75, 7401, otc]
[6220, 25.45, 25.05, 25.40, 25.25, 627, otc]
[6221, 70.1, 69.1, 69.40, 70.10, 160, otc]
[6222, 39.0, 37.3, 38.60, 38.00, 254, otc]
[6223, 338.0, 315.5, 338.00, 326.00, 12524, otc]
[6224, 60.9, 57.0, 57.00, 60.90, 1050, tse]
[6225, 16.3, 15.1, 16.10, 15.75, 68, tse]
[6226, 12.4, 11.25, 11.25, 11.40, 8825, tse]
[6227, 60.2, 48.55, 49.70, 59.90, 25060, otc]
[6228, 28.55, 26.1, 27.90, 26.50, 203, otc]
[6229, 46.55, 39.8, 40.35, 43.60, 11892, otc]
[6230, 146.0, 138.0, 138.00, 143.00, 443, tse]
[6231, 318.0, 254.0, 264.50, 312.00, 21619, otc]
[6233, 49.8, 42.45, 43.00, 47.00, 96849, otc]
[6234, 27.05, 25.8, 26.60, 26.45, 587, otc]
[6235, 109.5, 102.0, 105.00, 105.00, 16204, tse]
[6236, 31.7, 31.0, 31.00, 31.00, 40, otc]
[6237, 74.9, 66.8, 68.00, 68.70, 41793, otc]
[6239, 160.5, 147.5, 150.50, 156.00, 33532, tse]
[6240, 23.0, 21.65, 21.85, 22.35, 216, otc]
[6241, 16.3, 15.0, 15.10, 15.90, 1025, otc]
[6242, 56.3, 53.5, 55.00, 54.40, 360, otc]
[6243, 81.2, 75.9, 75.90, 77.00, 11491, tse]
[6244, 27.75, 25.8, 26.10, 27.35, 12637, otc]
[6245, 109.0, 103.5, 105.50, 106.00, 14224, otc]
[6246, 16.95, 16.3, 16.50, 16.45, 461, otc]
[6248, 32.75, 31.2, 31.95, 32.10, 11563, otc]
[6257, 74.1, 67.1, 74.00, 67.20, 31270, tse]
[6259, 24.5, 23.0, 24.20, 23.35, 390, otc]
[6261, 63.4, 61.9, 62.60, 62.20, 841, otc]
[6263, 181.0, 163.0, 171.00, 170.00, 5087, otc]
[6264, 8.67, 8.05, 8.10, 8.10, 188, otc]
[6265, 15.8, 14.05, 14.55, 14.50, 15123, otc]
[6266, 35.25, 33.4, 33.55, 34.40, 3279, otc]
[6269, 88.5, 86.0, 87.80, 87.10, 6215, tse]
[6270, 29.2, 27.25, 27.70, 28.55, 5397, otc]
[6271, 158.0, 144.5, 146.00, 154.50, 19852, tse]
[6274, 170.5, 151.5, 167.50, 163.00, 61684, otc]
[6275, 52.2, 47.3, 50.20, 51.80, 21284, otc]
[6276, 76.8, 71.0, 76.00, 74.30, 2279, otc]
[6277, 80.8, 79.9, 79.90, 80.00, 439, tse]
[6278, 98.4, 95.2, 96.40, 95.20, 5610, tse]
[6279, 173.0, 156.0, 156.50, 167.50, 6819, otc]
[6281, 86.6, 84.4, 84.50, 86.00, 740, tse]
[6282, 42.95, 39.5, 40.55, 42.25, 69299, tse]
[6283, 25.75, 24.4, 25.65, 25.20, 1090, tse]
[6284, 86.0, 78.1, 79.00, 84.90, 23893, otc]
[6285, 161.5, 150.0, 157.00, 152.50, 31874, tse]
[6287, 17.35, 15.8, 15.80, 16.10, 11, otc]
[6288, 37.95, 33.2, 35.75, 36.15, 84677, tse]
[6290, 104.0, 86.8, 89.20, 101.00, 102322, otc]
[6291, 209.5, 197.5, 206.00, 202.00, 570, otc]
[6292, 88.9, 75.5, 88.80, 79.10, 8108, otc]
[6294, 113.0, 111.5, 112.50, 112.50, 125, otc]
[6405, 27.5, 25.4, 26.50, 26.45, 1940, tse]
[6409, 1635.0, 1510.0, 1,530.00, 1,625.00, 942, tse]
[6411, 119.5, 114.0, 116.50, 115.00, 3182, otc]
[6412, 173.5, 158.0, 160.00, 169.00, 3075, tse]
[6414, 304.5, 281.0, 281.00, 301.00, 13192, tse]
[6415, 425.0, 400.0, 409.50, 401.50, 9793, tse]
[6416, 118.0, 112.0, 116.00, 114.50, 5326, tse]
[6417, 105.5, 100.0, 103.00, 102.50, 812, otc]
[6418, 24.85, 23.9, 23.90, 24.20, 1025, otc]
[6419, 52.5, 48.6, 49.75, 48.70, 927, otc]
[6425, 67.3, 62.2, 64.00, 67.30, 2410, otc]
[6426, 80.9, 70.2, 71.20, 76.00, 7582, tse]
[6431, 16.5, 15.9, 16.05, 16.15, 136, tse]
[6432, 35.3, 34.15, 34.75, 34.80, 290, otc]
[6435, 119.0, 112.5, 113.50, 119.00, 3210, otc]
[6438, 121.5, 109.0, 109.50, 120.00, 20166, tse]
[6441, 47.45, 45.45, 45.70, 45.60, 359, otc]
[6442, 150.0, 137.0, 145.50, 150.00, 4179, tse]
[6443, 28.1, 27.0, 27.55, 27.20, 16018, tse]
[6446, 333.5, 318.0, 325.00, 324.50, 6524, tse]
[6449, 84.1, 73.3, 75.80, 82.50, 4914, tse]
[6451, 239.5, 206.0, 220.50, 208.00, 25062, tse]
[6456, 61.3, 56.8, 60.70, 58.00, 4972, tse]
[6457, 68.7, 64.5, 67.50, 65.10, 437, otc]
[6461, 31.4, 28.85, 28.85, 30.50, 1776, otc]
[6462, 347.5, 295.0, 295.00, 334.00, 33802, otc]
[6464, 86.7, 86.0, 86.10, 86.10, 247, tse]
[6465, 28.5, 25.65, 26.90, 26.60, 1960, otc]
[6469, 314.5, 300.5, 302.50, 302.50, 1721, otc]
[6470, 62.2, 60.0, 61.00, 60.60, 1174, otc]
[6472, 684.0, 651.0, 652.00, 668.00, 5604, tse]
[6477, 40.2, 37.35, 37.75, 39.75, 5619, tse]
[6482, 58.8, 55.5, 57.90, 58.50, 215, otc]
[6485, 98.6, 92.8, 94.70, 93.00, 4550, otc]
[6486, 82.0, 79.7, 79.80, 81.90, 3053, otc]
[6488, 581.0, 548.0, 570.00, 560.00, 7536, otc]
[6491, 413.5, 396.0, 400.00, 396.50, 3377, tse]
[6492, 46.65, 44.2, 44.95, 44.25, 1131, otc]
[6494, 94.4, 82.3, 87.50, 82.30, 3911, otc]
[6496, 29.0, 28.65, 28.70, 28.75, 78, otc]
[6499, 45.8, 44.5, 45.75, 44.50, 638, otc]
[6504, 74.8, 71.9, 73.50, 72.00, 239, tse]
[6505, 74.3, 71.3, 72.30, 72.30, 12057, tse]
[6506, 17.5, 17.05, 17.30, 17.20, 120, otc]
[6508, 34.5, 34.05, 34.05, 34.40, 305, otc]
[6509, 41.3, 39.25, 39.25, 39.95, 6644, otc]
[6510, 571.0, 549.0, 559.00, 552.00, 679, otc]
[6512, 22.35, 21.55, 21.60, 21.80, 76, otc]
[6514, 51.8, 50.0, 50.00, 51.60, 250, otc]
[6515, 809.0, 764.0, 769.00, 795.00, 2529, tse]
[6516, 81.5, 78.1, 79.50, 80.40, 175, otc]
[6517, 84.4, 80.7, 82.00, 81.00, 994, otc]
[6523, 157.5, 151.0, 153.00, 153.00, 549, otc]
[6525, 68.5, 67.4, 67.40, 67.80, 320, tse]
[6526, 710.0, 669.0, 685.00, 681.00, 9241, tse]
[6527, 88.4, 86.0, 86.10, 86.60, 304, otc]
[6530, 59.9, 52.1, 54.60, 52.50, 29930, otc]
[6531, 483.0, 435.0, 440.50, 477.50, 23949, tse]
[6532, 88.4, 77.3, 78.90, 81.20, 23554, otc]
[6533, 505.0, 484.5, 487.00, 501.00, 5347, tse]
[6534, 95.0, 92.0, 93.10, 94.20, 811, tse]
[6535, 187.5, 132.0, 132.00, 178.50, 11214, otc]
[6538, 149.5, 142.0, 147.50, 144.50, 3757, otc]
[6541, 64.5, 61.8, 62.80, 61.90, 1190, tse]
[6542, 51.2, 48.85, 49.95, 49.40, 232, otc]
[6546, 149.0, 136.0, 145.50, 143.00, 9617, otc]
[6547, 62.0, 60.6, 60.70, 60.80, 3484, otc]
[6548, 34.9, 34.0, 34.55, 34.05, 3276, otc]
[6550, 72.1, 69.9, 70.50, 70.20, 4944, tse]
[6552, 36.15, 34.8, 35.15, 34.85, 324, tse]
[6556, 95.0, 85.0, 85.00, 91.50, 241, otc]
[6558, 27.5, 24.85, 25.15, 25.50, 3821, tse]
[6560, 31.5, 30.4, 31.00, 30.80, 97, otc]
[6561, 367.0, 348.5, 348.50, 364.00, 839, otc]
[6568, 164.0, 152.0, 152.00, 161.00, 825, otc]
[6569, 168.5, 149.5, 151.50, 164.50, 1986, otc]
[6570, 53.7, 52.6, 53.50, 52.80, 370, otc]
[6573, 14.9, 14.3, 14.70, 14.70, 289, tse]
[6574, 49.85, 47.25, 49.10, 48.65, 27, otc]
[6576, 106.0, 101.0, 102.00, 104.50, 1617, otc]
[6577, 99.0, 97.0, 99.00, 97.60, 277, otc]
[6578, 25.0, 22.5, 22.95, 23.80, 7553, otc]
[6579, 185.5, 159.0, 171.50, 160.00, 9795, tse]
[6581, 91.1, 90.1, 90.20, 90.60, 146, tse]
[6582, 50.7, 49.65, 50.70, 49.85, 222, tse]
[6584, 199.0, 168.0, 172.00, 191.00, 1669, otc]
[6585, 179.5, 156.5, 159.00, 178.00, 6341, tse]
[6588, 37.0, 33.85, 33.90, 35.55, 171, otc]
[6589, 97.2, 93.6, 93.80, 93.60, 2791, otc]
[6590, 102.5, 93.3, 93.30, 102.00, 489, otc]
[6591, 56.7, 50.0, 50.30, 56.70, 4102, tse]
[6592, 123.5, 119.0, 123.00, 120.00, 3212, tse]
[6593, 168.0, 150.5, 158.50, 150.50, 4979, otc]
[6596, 53.3, 51.6, 51.60, 53.10, 313, otc]
[6598, 23.7, 22.8, 23.50, 22.85, 152, tse]
[6603, 16.5, 15.9, 16.40, 16.05, 1798, otc]
[6605, 163.0, 149.0, 149.00, 157.00, 4110, tse]
[6606, 24.6, 24.0, 24.15, 24.30, 299, tse]
[6609, 33.4, 32.45, 32.45, 33.25, 556, otc]
[6612, 123.5, 118.0, 118.00, 120.00, 145, otc]
[6613, 174.5, 166.5, 168.50, 171.00, 3017, otc]
[6615, 43.05, 41.05, 43.00, 42.05, 116, otc]
[6616, 14.5, 13.7, 14.30, 13.85, 395, otc]
[6624, 43.35, 42.5, 42.50, 43.20, 74, otc]
[6625, 99.8, 96.6, 99.80, 97.50, 972, tse]
[6629, 69.1, 66.5, 68.90, 68.70, 97, otc]
[6640, 318.0, 290.5, 292.50, 318.00, 830, otc]
[6641, 44.0, 42.2, 43.95, 42.20, 173, tse]
[6642, 52.0, 49.9, 49.90, 52.00, 196, otc]
[6643, 1985.0, 1700.0, 1,750.00, 1,985.00, 2441, otc]
[6645, 44.7, 41.85, 43.10, 42.10, 422, tse]
[6649, 28.8, 28.2, 28.40, 28.25, 91, otc]
[6651, 83.2, 81.2, 82.90, 81.80, 382, otc]
[6654, 46.2, 43.95, 44.05, 46.10, 166, otc]
[6655, 116.5, 110.5, 113.00, 112.50, 75, tse]
[6657, 61.7, 60.1, 60.10, 60.20, 472, tse]
[6658, 43.75, 42.2, 42.85, 42.90, 193, tse]
[6661, 23.0, 22.55, 22.95, 23.00, 74, otc]
[6662, 39.5, 36.55, 37.20, 38.60, 253, otc]
[6664, 162.0, 154.0, 158.00, 159.00, 2354, otc]
[6666, 65.9, 63.7, 65.30, 63.80, 79, tse]
[6667, 149.5, 139.5, 149.50, 143.50, 8959, otc]
[6668, 65.7, 53.2, 53.20, 58.60, 42287, tse]
[6669, 2510.0, 2030.0, 2,170.00, 2,500.00, 16292, tse]
[6670, 227.0, 223.0, 223.50, 224.50, 905, tse]
[6671, 41.45, 40.6, 40.60, 41.00, 765, tse]
[6672, 93.8, 91.2, 93.00, 91.20, 1352, tse]
[6674, 26.7, 23.9, 25.80, 26.30, 211, tse]
[6679, 497.0, 462.5, 495.00, 469.50, 3664, otc]
[6680, 83.0, 80.2, 80.90, 82.20, 56, otc]
[6683, 320.0, 297.0, 319.50, 301.00, 1708, otc]
[6684, 126.0, 107.5, 108.50, 119.00, 50099, otc]
[6689, 128.0, 124.0, 126.00, 124.50, 1376, tse]
[6690, 192.5, 183.5, 187.50, 183.50, 279, otc]
[6691, 388.0, 346.0, 348.50, 379.00, 4190, tse]
[6692, 32.65, 30.75, 31.50, 31.90, 798, otc]
[6693, 80.0, 76.1, 77.50, 77.20, 666, otc]
[6695, 88.5, 81.3, 82.00, 81.90, 34622, tse]
[6697, 66.0, 55.5, 61.10, 56.50, 2386, otc]
[6698, 35.4, 33.5, 34.60, 35.30, 1327, tse]
[6703, 294.0, 277.0, 278.00, 291.00, 820, otc]
[6706, 65.6, 62.8, 64.50, 63.00, 936, tse]
[6708, 49.8, 47.5, 48.90, 48.00, 214, otc]
[6712, 227.5, 200.0, 201.00, 217.00, 7868, otc]
[6715, 202.5, 175.0, 175.00, 200.00, 5593, tse]
[6716, 132.0, 121.5, 129.50, 124.00, 735, otc]
[6719, 320.0, 297.0, 303.00, 315.00, 10330, tse]
[6721, 51.5, 50.4, 51.50, 51.20, 55, otc]
[6727, 57.8, 56.1, 56.20, 57.30, 190, otc]
[6728, 145.0, 138.5, 140.00, 140.00, 175, otc]
[6732, 486.5, 448.5, 479.50, 473.00, 7558, otc]
[6733, 40.45, 39.05, 39.50, 39.55, 1414, otc]
[6735, 98.5, 84.8, 91.40, 85.50, 1719, otc]
[6741, 102.0, 99.4, 100.50, 99.40, 919, otc]
[6742, 73.6, 69.0, 69.80, 69.80, 2209, tse]
[6743, 50.9, 49.6, 49.70, 50.80, 657, tse]
[6747, 184.5, 181.0, 182.00, 184.50, 48, otc]
[6751, 80.5, 79.1, 80.00, 80.40, 49, otc]
[6752, 130.0, 126.5, 130.00, 128.50, 187, otc]
[6753, 81.1, 78.8, 78.80, 80.40, 995, tse]
[6754, 59.6, 57.6, 57.70, 59.30, 476, tse]
[6756, 283.5, 262.5, 268.00, 267.50, 4507, tse]
[6757, 34.65, 33.3, 33.55, 34.20, 2296, tse]
[6761, 79.3, 74.5, 78.50, 76.50, 680, otc]
[6762, 259.0, 257.0, 257.00, 258.00, 20, otc]
[6763, 433.0, 419.0, 431.00, 423.00, 123, otc]
[6767, 38.9, 37.0, 38.10, 37.00, 226, otc]
[6768, 73.8, 71.2, 71.70, 72.00, 2076, tse]
[6770, 27.6, 26.25, 26.70, 26.90, 70945, tse]
[6776, 69.3, 63.6, 65.30, 68.60, 3801, tse]
[6781, 719.0, 667.0, 677.00, 706.00, 1249, tse]
[6782, 269.5, 244.0, 254.00, 264.00, 3418, tse]
[6785, 445.5, 383.0, 398.50, 414.50, 3209, otc]
[6788, 147.0, 139.0, 145.00, 145.00, 1906, otc]
[6789, 330.5, 297.0, 330.50, 305.50, 17780, tse]
[6790, 46.3, 44.75, 45.95, 45.60, 1326, tse]
[6791, 92.7, 85.9, 92.70, 86.00, 59, otc]
[6792, 91.3, 85.7, 89.50, 85.70, 615, tse]
[6796, 101.5, 97.4, 99.80, 97.60, 467, tse]
[6799, 214.0, 182.0, 182.00, 213.50, 27651, tse]
[6803, 300.0, 296.5, 298.00, 298.50, 183, otc]
[6804, 50.6, 50.0, 50.00, 50.20, 80, otc]
[6805, 757.0, 666.0, 694.00, 755.00, 3333, tse]
[6806, 156.0, 126.5, 126.50, 151.00, 117672, tse]
[6807, 37.9, 36.6, 36.60, 37.60, 231, tse]
[6811, 349.0, 319.0, 331.00, 346.00, 3537, otc]
[6821, 47.9, 45.35, 47.25, 46.80, 498, otc]
[6823, 74.5, 68.9, 68.90, 72.80, 647, otc]
[6829, 135.0, 122.0, 122.00, 134.00, 9987, otc]
[6830, 158.0, 148.5, 157.00, 150.50, 2326, tse]
[6834, 26.45, 25.3, 25.70, 25.35, 202, tse]
[6835, 53.0, 46.5, 46.60, 49.45, 4535, tse]
[6840, 76.3, 73.5, 75.90, 75.00, 30, otc]
[6841, 88.5, 84.7, 84.70, 86.40, 1368, otc]
[6843, 58.1, 57.5, 57.80, 57.60, 54, otc]
[6846, 83.5, 79.0, 80.20, 79.20, 167, otc]
[6854, 93.9, 91.3, 91.40, 91.50, 194, tse]
[6855, 122.5, 109.0, 116.50, 117.00, 602, otc]
[6856, 68.5, 67.9, 68.50, 68.10, 35, otc]
[6859, 130.0, 118.5, 118.50, 124.00, 260, otc]
[6861, 84.4, 80.8, 80.80, 84.40, 304, tse]
[6863, 166.0, 156.0, 164.00, 156.00, 1415, tse]
[6865, 63.5, 61.6, 62.60, 62.30, 113, otc]
[6869, 123.5, 112.5, 112.50, 120.50, 1567, tse]
[6870, 145.0, 137.5, 140.00, 137.50, 259, otc]
[6873, 162.5, 149.5, 150.00, 156.00, 2184, tse]
[6874, 125.5, 120.5, 125.00, 120.50, 239, otc]
[6877, 36.45, 34.1, 35.50, 34.35, 225, otc]
[6894, 247.0, 200.5, 204.50, 208.00, 1495, otc]
[6895, 114.0, 105.0, 109.50, 106.00, 555, otc]
[6901, 47.35, 43.5, 43.50, 44.70, 12003, tse]
[6902, 158.0, 153.0, 156.00, 154.00, 11, tse]
[6904, 218.5, 191.5, 191.50, 210.50, 119, otc]
[6906, 182.0, 166.5, 178.00, 171.00, 1106, tse]
[6916, 29.25, 28.75, 29.00, 29.00, 397, tse]
[6922, 122.5, 118.0, 122.00, 119.00, 178, otc]
[6933, 257.0, 214.0, 219.00, 244.00, 3201, tse]
[6937, 227.5, 207.0, 227.50, 208.50, 1839, tse]
[7402, 116.5, 89.3, 89.30, 116.50, 13972, otc]
[7556, 158.0, 142.5, 152.50, 144.00, 275, otc]
[8011, 24.45, 22.8, 23.95, 24.20, 25664, tse]
[8016, 300.0, 288.5, 293.00, 296.50, 4884, tse]
[8021, 29.9, 28.65, 29.40, 28.70, 1719, tse]
[8024, 23.6, 22.3, 22.75, 22.80, 1388, otc]
[8027, 106.0, 94.8, 101.00, 97.30, 22802, otc]
[8028, 55.5, 51.9, 52.50, 53.10, 16239, tse]
[8032, 31.2, 30.25, 30.95, 30.35, 257, otc]
[8033, 54.3, 51.6, 51.80, 53.50, 4747, tse]
[8034, 26.9, 25.15, 26.45, 26.60, 7159, otc]
[8038, 33.6, 32.6, 32.95, 32.60, 422, otc]
[8039, 46.65, 45.3, 46.50, 45.30, 3057, tse]
[8040, 67.0, 59.6, 62.10, 62.70, 63306, otc]
[8042, 37.0, 36.55, 36.70, 36.75, 119, otc]
[8043, 27.95, 27.05, 27.25, 27.20, 383, otc]
[8044, 39.2, 37.2, 38.95, 38.45, 5656, otc]
[8046, 224.5, 206.5, 221.00, 210.50, 14585, tse]
[8047, 19.75, 15.6, 16.65, 17.80, 16307, otc]
[8048, 72.9, 69.2, 70.00, 71.90, 4638, otc]
[8049, 40.7, 39.1, 39.30, 40.20, 3982, otc]
[8050, 87.8, 83.2, 83.20, 85.80, 16710, otc]
[8054, 178.5, 156.0, 158.00, 178.50, 5058, otc]
[8059, 42.3, 36.5, 39.35, 39.40, 23751, otc]
[8064, 33.15, 28.8, 29.90, 31.45, 77121, otc]
[8066, 31.6, 30.7, 31.20, 31.00, 112, otc]
[8067, 19.85, 18.0, 19.20, 19.85, 416, otc]
[8068, 39.2, 37.0, 37.60, 37.10, 2647, otc]
[8069, 253.5, 221.0, 228.00, 253.00, 47799, otc]
[8070, 39.2, 37.25, 37.45, 38.45, 13365, tse]
[8071, 15.15, 14.75, 14.80, 14.80, 515, otc]
[8072, 29.55, 27.35, 27.40, 29.00, 2117, tse]
[8074, 21.0, 20.55, 20.80, 20.90, 373, otc]
[8076, 30.85, 29.9, 30.00, 30.35, 1925, otc]
[8077, 49.0, 48.0, 49.00, 48.00, 33, otc]
[8080, 18.85, 15.6, 16.20, 18.85, 893, otc]
[8081, 265.5, 258.0, 265.00, 262.00, 1626, tse]
[8083, 159.5, 156.5, 159.50, 158.00, 339, otc]
[8084, 105.0, 94.7, 97.40, 96.60, 1883, otc]
[8085, 84.0, 68.2, 68.50, 73.80, 85951, otc]
[8086, 151.0, 135.0, 143.00, 149.00, 24903, otc]
[8087, 57.5, 53.0, 57.00, 55.90, 812, otc]
[8088, 47.0, 43.3, 43.65, 45.75, 16480, otc]
[8089, 93.5, 80.5, 83.00, 93.50, 6960, otc]
[8091, 111.0, 103.5, 106.00, 108.00, 4262, otc]
[8092, 24.85, 19.4, 19.50, 23.95, 11559, otc]
[8093, 17.15, 16.0, 16.30, 16.70, 724, otc]
[8096, 29.5, 24.8, 25.25, 25.55, 121996, otc]
[8097, 72.2, 66.8, 68.40, 67.50, 5467, otc]
[8099, 60.3, 56.3, 59.00, 59.50, 1626, otc]
[8101, 4.13, 4.0, 4.09, 4.12, 352, tse]
[8103, 47.55, 46.1, 46.90, 46.10, 1786, tse]
[8104, 34.6, 33.4, 33.85, 33.55, 589, tse]
[8105, 15.15, 13.8, 14.30, 14.80, 24656, tse]
[8107, 16.75, 16.2, 16.65, 16.30, 505, otc]
[8109, 98.6, 96.9, 97.40, 98.50, 366, otc]
[8110, 17.25, 16.3, 17.10, 16.70, 18591, tse]
[8111, 21.7, 20.8, 21.40, 20.85, 2455, otc]
[8112, 63.8, 61.4, 63.10, 62.60, 23679, tse]
[8114, 132.0, 125.0, 125.00, 129.50, 3977, tse]
[8121, 26.1, 24.85, 25.15, 25.45, 1073, otc]
[8131, 38.2, 35.8, 38.05, 35.85, 4079, tse]
[8147, 136.0, 122.0, 127.50, 127.50, 8287, otc]
[8150, 44.5, 42.9, 43.20, 43.95, 14547, tse]
[8155, 147.0, 141.0, 146.00, 144.00, 1574, otc]
[8163, 54.8, 52.0, 52.00, 54.40, 7217, tse]
[8171, 42.15, 39.9, 39.90, 41.20, 2419, otc]
[8176, 15.75, 14.75, 15.50, 15.00, 1938, otc]
[8182, 41.0, 36.95, 38.90, 37.30, 6937, otc]
[8183, 50.6, 49.25, 50.50, 49.60, 1165, otc]
[8201, 19.35, 18.5, 19.05, 18.70, 1156, tse]
[8210, 274.5, 256.0, 274.00, 269.50, 12822, tse]
[8213, 42.05, 41.5, 41.90, 41.90, 1263, tse]
[8215, 35.2, 34.05, 34.85, 34.20, 6433, tse]
[8222, 48.25, 45.3, 45.50, 45.55, 5709, tse]
[8227, 395.0, 345.0, 348.00, 395.00, 1297, otc]
[8234, 48.8, 46.8, 48.45, 47.90, 1456, otc]
[8240, 35.6, 34.75, 35.20, 35.10, 508, otc]
[8249, 31.3, 30.55, 31.20, 30.55, 721, tse]
[8255, 170.5, 167.0, 170.50, 169.50, 1668, otc]
[8261, 89.5, 87.0, 87.40, 88.30, 1934, tse]
[8271, 77.7, 61.6, 61.70, 74.60, 33884, tse]
[8277, 12.75, 11.9, 11.95, 12.20, 2411, otc]
[8279, 155.0, 150.0, 152.00, 154.50, 45, otc]
[8284, 62.1, 60.4, 61.10, 61.80, 164, otc]
[8289, 37.5, 35.75, 36.45, 36.05, 2792, otc]
[8291, 7.8, 6.38, 6.38, 7.50, 60, otc]
[8299, 637.0, 589.0, 612.00, 623.00, 14937, otc]
[8341, 105.5, 103.0, 105.00, 104.00, 996, tse]
[8342, 68.5, 67.9, 68.10, 68.30, 24, otc]
[8349, 61.3, 60.4, 60.60, 61.10, 519, otc]
[8354, 17.0, 16.35, 16.40, 16.45, 675, otc]
[8358, 61.2, 59.0, 59.70, 59.10, 6063, otc]
[8367, 44.0, 43.65, 43.95, 43.90, 244, tse]
[8374, 29.3, 27.6, 27.90, 29.30, 294, tse]
[8383, 41.8, 39.25, 39.60, 41.30, 6519, otc]
[8390, 51.4, 50.0, 50.00, 50.80, 1302, otc]
[8401, 23.4, 21.1, 21.45, 23.40, 4807, otc]
[8403, 32.25, 31.45, 31.60, 32.00, 847, otc]
[8404, 20.2, 19.15, 20.10, 19.50, 2460, tse]
[8409, 24.4, 24.0, 24.40, 24.15, 193, otc]
[8410, 74.9, 71.7, 71.70, 73.90, 477, otc]
[8411, 14.5, 14.4, 14.50, 14.50, 366, tse]
[8415, 34.05, 33.55, 33.85, 33.85, 847, otc]
[8416, 147.5, 144.0, 147.00, 146.50, 89, otc]
[8420, 57.1, 55.4, 56.00, 57.00, 187, otc]
[8421, 14.85, 14.2, 14.75, 14.40, 506, otc]
[8422, 180.5, 178.0, 180.00, 179.00, 816, tse]
[8423, 22.6, 20.6, 20.60, 22.15, 250, otc]
[8424, 69.3, 68.5, 68.70, 69.10, 68, otc]
[8426, 75.6, 70.2, 71.90, 72.80, 2575, otc]
[8429, 10.65, 10.3, 10.55, 10.35, 1298, tse]
[8431, 63.0, 60.0, 62.50, 61.40, 1012, otc]
[8432, 66.7, 61.0, 62.20, 63.80, 2328, otc]
[8433, 95.8, 90.7, 92.00, 95.00, 803, otc]
[8435, 70.9, 70.1, 70.50, 70.60, 698, otc]
[8436, 161.5, 157.5, 159.00, 158.50, 1745, otc]
[8437, 35.5, 33.5, 35.00, 33.50, 216, otc]
[8438, 27.45, 26.25, 26.25, 26.60, 163, tse]
[8440, 40.25, 38.3, 38.85, 39.35, 1874, otc]
[8442, 129.5, 117.5, 119.00, 122.00, 2244, tse]
[8443, 11.9, 11.7, 11.85, 11.90, 364, tse]
[8444, 41.2, 39.35, 39.90, 39.35, 182, otc]
[8446, 111.5, 108.5, 111.00, 111.00, 745, otc]
[8450, 24.2, 23.75, 24.05, 23.85, 126, otc]
[8454, 454.5, 423.0, 438.00, 432.00, 14697, tse]
[8455, 21.0, 20.5, 20.55, 20.85, 11, otc]
[8462, 114.5, 110.0, 113.50, 112.00, 471, tse]
[8463, 25.85, 24.95, 25.25, 25.50, 494, tse]
[8464, 384.0, 366.0, 368.50, 379.00, 3034, tse]
[8466, 47.75, 46.15, 46.75, 47.75, 112, tse]
[8467, 194.5, 171.0, 183.00, 182.00, 4037, tse]
[8472, 35.85, 31.65, 35.85, 31.65, 54, otc]
[8473, 42.6, 36.8, 36.80, 41.40, 12065, tse]
[8476, 56.0, 51.2, 53.50, 55.40, 379, tse]
[8477, 21.4, 19.75, 19.95, 19.85, 877, otc]
[8478, 388.0, 347.5, 347.50, 383.00, 3276, tse]
[8481, 52.0, 51.6, 51.90, 51.80, 76, tse]
[8482, 67.1, 66.2, 67.00, 66.70, 18, tse]
[8488, 16.2, 16.05, 16.20, 16.10, 77, tse]
[8489, 32.9, 31.05, 32.05, 31.50, 825, otc]
[8499, 125.0, 123.0, 124.00, 124.50, 80, tse]
[8905, 31.6, 30.05, 30.05, 31.20, 506, otc]
[8906, 16.55, 16.3, 16.35, 16.40, 60, otc]
[8908, 59.1, 56.6, 59.00, 56.70, 192, otc]
[8916, 59.3, 58.1, 58.50, 58.70, 966, otc]
[8917, 62.0, 61.1, 61.50, 61.40, 25, otc]
[8921, 14.25, 14.0, 14.15, 14.00, 5, otc]
[8923, 21.5, 20.35, 20.60, 20.85, 215, otc]
[8924, 93.0, 90.7, 93.00, 91.40, 396, otc]
[8926, 50.4, 43.0, 43.35, 47.85, 60495, tse]
[8927, 56.3, 53.0, 56.00, 53.00, 2299, otc]
[8928, 31.05, 30.5, 30.70, 30.55, 113, otc]
[8929, 20.25, 20.0, 20.25, 20.05, 74, otc]
[8930, 43.15, 41.25, 42.65, 42.90, 4824, otc]
[8931, 62.9, 57.8, 59.00, 59.80, 2617, otc]
[8932, 113.0, 105.5, 106.50, 109.50, 1884, otc]
[8933, 9.99, 9.81, 9.95, 9.86, 969, otc]
[8935, 11.45, 11.1, 11.35, 11.30, 433, otc]
[8936, 70.9, 61.8, 63.40, 68.00, 101220, otc]
[8937, 20.8, 20.35, 20.45, 20.45, 110, otc]
[8938, 76.7, 73.5, 76.00, 74.10, 1064, otc]
[8940, 29.3, 27.4, 28.00, 28.90, 1479, tse]
[8941, 62.1, 61.1, 61.30, 62.00, 74, otc]
[8942, 73.0, 71.7, 72.70, 72.80, 1476, otc]
[8996, 295.5, 252.5, 271.00, 292.50, 31615, tse]
[9103, 8.22, 7.4, 7.41, 7.70, 34076, tse]
[9105, 4.03, 3.61, 3.92, 3.65, 101112, tse]
[9110, 7.98, 7.58, 7.64, 7.95, 755, tse]
[9136, 6.68, 6.54, 6.67, 6.61, 774, tse]
[9802, 126.5, 120.5, 122.00, 123.50, 3601, tse]
[9902, 13.0, 12.85, 13.00, 12.95, 339, tse]
[9904, 30.6, 29.95, 30.05, 30.60, 33490, tse]
[9905, 24.1, 23.85, 23.95, 24.00, 879, tse]
[9906, 71.3, 68.7, 69.80, 70.00, 1623, tse]
[9907, 15.8, 15.4, 15.70, 15.45, 5339, tse]
[9908, 32.8, 32.4, 32.40, 32.45, 360, tse]
[9910, 168.0, 162.0, 162.00, 166.50, 4905, tse]
[9911, 75.2, 72.7, 72.80, 74.60, 1164, tse]
[9912, 13.6, 12.6, 13.20, 12.70, 932, tse]
[9914, 214.0, 195.0, 196.50, 205.50, 7697, tse]
[9917, 118.5, 117.0, 117.50, 118.00, 1119, tse]
[9918, 40.6, 40.3, 40.60, 40.30, 22, tse]
[9919, 26.05, 24.0, 25.15, 24.05, 13343, tse]
[9921, 207.5, 195.5, 200.00, 203.00, 10127, tse]
[9924, 52.4, 50.7, 52.20, 51.10, 2096, tse]
[9925, 40.25, 40.05, 40.10, 40.25, 1454, tse]
[9926, 54.9, 54.4, 54.60, 54.70, 33, tse]
[9927, 75.0, 70.6, 70.60, 74.40, 3726, tse]
[9928, 18.65, 17.9, 18.15, 18.30, 425, tse]
[9929, 16.75, 16.25, 16.75, 16.35, 192, tse]
[9930, 60.3, 57.6, 57.90, 59.70, 1034, tse]
[9931, 38.5, 38.15, 38.20, 38.35, 24, tse]
[9933, 44.1, 42.5, 42.65, 43.70, 7497, tse]
[9934, 16.4, 15.8, 16.35, 16.05, 4923, tse]
[9935, 22.9, 21.75, 21.75, 22.65, 1619, tse]
[9937, 68.7, 68.0, 68.70, 68.10, 405, tse]
[9938, 57.9, 56.0, 56.20, 57.20, 3826, tse]
[9939, 148.0, 140.5, 141.00, 146.00, 4300, tse]
[9940, 29.7, 29.05, 29.15, 29.50, 1079, tse]
[9941, 169.0, 163.0, 169.00, 165.50, 5854, tse]
[9942, 137.0, 133.5, 134.00, 136.50, 1150, tse]
[9943, 91.3, 89.5, 89.60, 90.70, 1049, tse]
[9944, 20.45, 20.15, 20.40, 20.30, 414, tse]
[9945, 36.85, 35.9, 36.70, 36.00, 17124, tse]
[9946, 23.55, 21.9, 21.90, 23.20, 3462, tse]
[9949, 18.4, 17.8, 18.10, 17.90, 102, otc]
[9950, 20.45, 19.8, 19.90, 20.05, 1119, otc]
[9951, 73.9, 72.0, 72.00, 73.40, 817, otc]
[9955, 23.65, 23.25, 23.30, 23.35, 763, tse]
[9958, 267.5, 246.0, 253.00, 260.00, 25017, tse]
[9960, 27.0, 26.55, 26.70, 26.75, 60, otc]
[9962, 18.05, 17.85, 18.05, 17.90, 859, otc]
