[1101, 32.15, 31.0, 31.10, 32.15, 66376, tse]
[1102, 41.6, 40.9, 41.10, 41.30, 16342, tse]
[1103, 17.6, 17.05, 17.05, 17.40, 1847, tse]
[1104, 31.75, 31.0, 31.75, 31.60, 5756, tse]
[1108, 16.15, 15.75, 15.75, 15.80, 6859, tse]
[1109, 19.45, 18.95, 18.95, 19.20, 2612, tse]
[1110, 18.0, 17.7, 17.80, 17.85, 343, tse]
[1201, 18.9, 18.7, 18.75, 18.90, 1416, tse]
[1203, 51.5, 50.0, 51.00, 50.70, 67, tse]
[1210, 58.2, 57.2, 57.80, 57.70, 6035, tse]
[1213, 7.65, 7.13, 7.13, 7.28, 166, tse]
[1215, 112.5, 104.5, 104.50, 112.00, 3454, tse]
[1216, 77.7, 74.4, 75.00, 77.50, 80683, tse]
[1217, 12.05, 11.75, 11.75, 11.90, 5518, tse]
[1218, 22.55, 21.8, 22.45, 22.10, 4832, tse]
[1219, 18.85, 18.5, 18.50, 18.70, 2246, tse]
[1220, 15.8, 14.9, 14.90, 15.25, 3957, tse]
[1225, 56.7, 55.2, 55.20, 56.50, 101, tse]
[1227, 38.3, 37.55, 37.60, 38.15, 2817, tse]
[1229, 68.1, 66.5, 67.70, 67.90, 6387, tse]
[1231, 97.8, 94.4, 94.90, 96.80, 1010, tse]
[1232, 147.5, 143.5, 144.50, 147.00, 396, tse]
[1233, 34.0, 33.5, 33.70, 33.85, 92, tse]
[1234, 41.45, 40.75, 40.95, 41.20, 784, tse]
[1235, 82.1, 80.3, 80.50, 81.50, 80, tse]
[1236, 23.65, 23.3, 23.45, 23.50, 152, tse]
[1240, 51.9, 50.8, 51.50, 51.20, 119, otc]
[1256, 236.5, 230.0, 232.00, 236.00, 68, tse]
[1259, 75.1, 73.9, 75.00, 74.90, 97, otc]
[1264, 307.5, 303.0, 307.50, 305.00, 45, otc]
[1268, 155.0, 152.5, 153.00, 154.00, 354, otc]
[1301, 69.4, 66.8, 66.90, 68.90, 31308, tse]
[1303, 56.8, 54.6, 54.70, 56.00, 32857, tse]
[1304, 16.3, 15.85, 16.15, 16.05, 10052, tse]
[1305, 18.6, 18.05, 18.25, 18.20, 6379, tse]
[1307, 29.75, 27.7, 27.70, 29.45, 5421, tse]
[1308, 19.6, 19.05, 19.20, 19.20, 3826, tse]
[1309, 15.8, 15.25, 15.30, 15.50, 3339, tse]
[1310, 13.8, 13.3, 13.75, 13.35, 2124, tse]
[1312, 13.7, 13.05, 13.40, 13.30, 9357, tse]
[1313, 13.35, 13.05, 13.30, 13.25, 5942, tse]
[1314, 9.61, 9.34, 9.41, 9.39, 58502, tse]
[1315, 72.5, 72.1, 72.40, 72.50, 192, tse]
[1316, 20.8, 18.1, 19.70, 19.20, 92118, tse]
[1319, 129.0, 113.5, 120.00, 125.00, 68868, tse]
[1321, 35.6, 34.45, 35.60, 34.70, 554, tse]
[1323, 31.15, 30.95, 30.95, 30.95, 117, tse]
[1324, 15.6, 14.5, 15.05, 14.55, 1592, tse]
[1325, 29.8, 28.85, 29.50, 29.30, 2809, tse]
[1326, 55.7, 54.1, 54.20, 55.20, 19983, tse]
[1336, 20.6, 20.2, 20.40, 20.50, 316, otc]
[1337, 7.3, 7.09, 7.09, 7.14, 2018, tse]
[1338, 35.7, 34.8, 35.50, 35.60, 401, tse]
[1339, 71.4, 66.7, 70.20, 68.10, 1047, tse]
[1340, 10.1, 9.94, 10.05, 9.96, 398, tse]
[1341, 65.3, 64.0, 64.80, 64.00, 189, tse]
[1342, 146.0, 128.0, 134.00, 137.50, 8446, tse]
[1402, 33.25, 32.1, 32.45, 33.25, 17922, tse]
[1409, 15.85, 15.55, 15.80, 15.60, 7728, tse]
[1410, 36.25, 35.5, 35.80, 35.60, 375, tse]
[1413, 9.15, 8.98, 9.01, 9.00, 304, tse]
[1414, 19.9, 18.9, 19.35, 19.45, 3033, tse]
[1416, 12.3, 12.05, 12.05, 12.05, 3389, tse]
[1417, 11.55, 11.2, 11.30, 11.35, 1297, tse]
[1418, 34.7, 31.2, 31.20, 33.65, 594, tse]
[1419, 45.75, 45.0, 45.05, 45.60, 136, tse]
[1423, 31.5, 30.75, 31.05, 31.00, 221, tse]
[1432, 20.2, 18.85, 19.45, 18.85, 4197, tse]
[1434, 22.35, 22.0, 22.10, 22.20, 5381, tse]
[1435, 50.5, 48.9, 50.00, 50.50, 19, tse]
[1436, 117.5, 107.5, 108.00, 111.50, 1558, tse]
[1437, 33.2, 31.5, 31.65, 32.00, 1559, tse]
[1438, 48.45, 43.95, 44.30, 48.00, 1679, tse]
[1439, 28.55, 26.15, 26.50, 28.00, 917, tse]
[1440, 15.5, 15.1, 15.25, 15.10, 6188, tse]
[1441, 14.65, 13.35, 13.35, 13.50, 185, tse]
[1442, 45.75, 43.5, 43.80, 45.00, 6776, tse]
[1443, 29.3, 28.35, 28.40, 28.40, 73, tse]
[1444, 9.35, 9.09, 9.24, 9.11, 7141, tse]
[1445, 22.15, 21.25, 21.60, 21.85, 3254, tse]
[1446, 34.25, 33.0, 33.50, 33.75, 703, tse]
[1447, 8.24, 7.99, 8.00, 8.03, 5933, tse]
[1449, 20.1, 18.65, 19.25, 18.95, 2858, tse]
[1451, 19.4, 19.1, 19.10, 19.30, 546, tse]
[1452, 16.5, 16.2, 16.25, 16.30, 910, tse]
[1453, 15.3, 14.45, 14.75, 15.00, 1325, tse]
[1454, 16.0, 15.75, 15.95, 15.80, 105, tse]
[1455, 15.4, 14.1, 14.50, 14.40, 27899, tse]
[1456, 20.4, 19.0, 19.40, 19.05, 805, tse]
[1457, 21.25, 19.65, 21.10, 19.95, 6731, tse]
[1459, 9.8, 9.35, 9.35, 9.77, 662, tse]
[1460, 8.54, 8.13, 8.35, 8.33, 9784, tse]
[1463, 18.5, 17.8, 18.05, 18.25, 641, tse]
[1464, 13.05, 12.8, 12.90, 12.80, 1154, tse]
[1465, 15.3, 14.95, 15.00, 15.15, 943, tse]
[1466, 13.9, 13.15, 13.40, 13.50, 957, tse]
[1467, 11.0, 10.8, 10.95, 10.95, 2143, tse]
[1468, 14.15, 13.25, 13.50, 13.75, 232, tse]
[1470, 21.0, 20.05, 20.80, 20.95, 83, tse]
[1471, 16.7, 15.8, 16.60, 16.10, 4823, tse]
[1472, 78.4, 71.4, 77.00, 71.90, 305, tse]
[1473, 31.75, 30.1, 31.05, 30.85, 1739, tse]
[1474, 12.35, 12.0, 12.05, 12.35, 654, tse]
[1475, 51.0, 48.35, 48.50, 50.60, 326, tse]
[1476, 558.0, 535.0, 535.00, 553.00, 3103, tse]
[1477, 404.0, 360.0, 399.50, 371.50, 15091, tse]
[1503, 324.5, 265.0, 269.00, 292.00, 39388, tse]
[1504, 58.7, 54.6, 56.40, 58.10, 185303, tse]
[1506, 16.2, 15.9, 16.05, 16.10, 730, tse]
[1512, 11.2, 10.5, 11.05, 10.55, 150, tse]
[1513, 199.5, 173.0, 179.50, 179.50, 268007, tse]
[1514, 120.0, 108.0, 113.00, 110.00, 126325, tse]
[1515, 51.6, 48.85, 51.50, 49.70, 4497, tse]
[1516, 16.55, 16.3, 16.50, 16.45, 173, tse]
[1517, 16.75, 15.95, 16.40, 16.15, 3200, tse]
[1519, 827.0, 654.0, 720.00, 683.00, 4906, tse]
[1521, 41.5, 39.75, 39.75, 40.05, 307, tse]
[1522, 55.0, 49.8, 49.85, 54.00, 50115, tse]
[1524, 37.35, 34.6, 35.80, 36.25, 25407, tse]
[1525, 74.7, 73.4, 74.50, 74.40, 204, tse]
[1526, 35.0, 33.35, 33.35, 33.90, 826, tse]
[1527, 41.8, 40.95, 41.55, 41.65, 1343, tse]
[1528, 13.9, 12.7, 13.00, 12.75, 8401, tse]
[1529, 37.7, 33.65, 36.15, 33.85, 36264, tse]
[1530, 33.5, 31.95, 31.95, 32.50, 492, tse]
[1531, 13.45, 13.15, 13.30, 13.20, 609, tse]
[1532, 37.7, 36.25, 36.25, 37.35, 7860, tse]
[1533, 49.5, 47.85, 48.40, 47.90, 622, tse]
[1535, 77.2, 70.7, 72.70, 76.80, 2909, tse]
[1536, 51.8, 50.2, 51.60, 50.60, 4840, tse]
[1537, 140.5, 139.0, 139.50, 139.50, 729, tse]
[1538, 19.9, 19.0, 19.45, 19.55, 147, tse]
[1539, 24.95, 24.4, 24.55, 24.55, 677, tse]
[1540, 19.2, 18.75, 18.80, 18.85, 3728, tse]
[1541, 31.85, 31.0, 31.10, 31.75, 153, tse]
[1558, 99.6, 97.3, 98.00, 99.20, 547, tse]
[1560, 270.0, 247.0, 248.50, 261.50, 27877, tse]
[1565, 190.0, 187.5, 189.00, 189.50, 493, otc]
[1568, 31.3, 30.3, 31.30, 30.45, 1762, tse]
[1569, 24.8, 24.25, 24.75, 24.60, 1176, otc]
[1570, 34.0, 30.5, 33.00, 33.00, 2589, otc]
[1580, 163.5, 157.0, 158.00, 160.00, 531, otc]
[1582, 92.9, 86.0, 88.40, 91.50, 22037, tse]
[1583, 79.8, 75.3, 75.70, 76.10, 398, tse]
[1584, 36.6, 34.3, 35.15, 35.25, 26703, otc]
[1586, 32.2, 31.6, 32.15, 32.00, 396, otc]
[1587, 31.15, 27.45, 27.70, 30.70, 17739, tse]
[1589, 53.6, 51.1, 52.50, 51.30, 4710, tse]
[1590, 1140.0, 1075.0, 1,080.00, 1,120.00, 2932, tse]
[1591, 67.7, 61.1, 61.20, 66.90, 4285, otc]
[1593, 48.5, 47.1, 48.45, 47.35, 123, otc]
[1595, 36.85, 35.2, 36.65, 35.95, 143, otc]
[1597, 83.9, 72.8, 75.60, 72.80, 13599, tse]
[1598, 31.25, 30.45, 30.80, 30.70, 593, tse]
[1599, 33.1, 31.55, 33.00, 32.30, 327, otc]
[1603, 48.8, 38.7, 39.50, 44.80, 120763, tse]
[1604, 29.9, 29.5, 29.65, 29.60, 2694, tse]
[1605, 38.8, 37.25, 37.85, 37.55, 114773, tse]
[1608, 31.8, 26.05, 26.30, 29.85, 276289, tse]
[1609, 46.95, 42.65, 44.00, 43.00, 514974, tse]
[1611, 18.4, 16.9, 17.20, 16.95, 16412, tse]
[1612, 32.75, 29.65, 30.15, 30.95, 93060, tse]
[1614, 40.5, 38.45, 38.45, 39.95, 1184, tse]
[1615, 63.0, 56.6, 59.20, 57.50, 5643, tse]
[1616, 24.0, 19.4, 19.90, 20.70, 60646, tse]
[1617, 20.35, 16.5, 16.60, 18.50, 21205, tse]
[1618, 40.8, 36.25, 37.15, 37.30, 111462, tse]
[1626, 16.3, 16.0, 16.25, 16.05, 307, tse]
[1701, 22.9, 22.4, 22.65, 22.70, 3100, tse]
[1702, 58.5, 56.8, 58.20, 57.30, 3630, tse]
[1707, 163.0, 157.5, 158.00, 158.50, 3426, tse]
[1708, 31.35, 30.65, 30.80, 30.90, 2369, tse]
[1709, 19.65, 19.35, 19.45, 19.50, 2004, tse]
[1710, 18.2, 17.9, 18.00, 18.00, 3966, tse]
[1711, 20.2, 19.45, 19.60, 19.80, 6603, tse]
[1712, 39.2, 38.4, 38.65, 38.70, 3338, tse]
[1713, 48.45, 42.25, 42.25, 47.50, 2504, tse]
[1714, 8.93, 8.64, 8.88, 8.78, 15709, tse]
[1717, 32.25, 30.75, 31.15, 31.35, 14478, tse]
[1718, 7.33, 7.23, 7.27, 7.25, 8368, tse]
[1720, 67.1, 65.0, 65.80, 66.40, 2090, tse]
[1721, 15.65, 14.55, 14.55, 14.80, 10838, tse]
[1722, 64.0, 62.7, 63.60, 63.00, 10621, tse]
[1723, 127.0, 116.0, 120.00, 120.50, 10919, tse]
[1725, 39.7, 27.8, 27.90, 33.60, 14950, tse]
[1726, 81.0, 77.3, 77.30, 80.00, 326, tse]
[1727, 31.15, 28.4, 28.40, 29.75, 13257, tse]
[1730, 56.8, 56.2, 56.30, 56.70, 187, tse]
[1731, 28.35, 25.4, 25.75, 26.55, 5270, tse]
[1732, 28.9, 27.35, 27.35, 28.05, 1098, tse]
[1733, 34.4, 33.25, 34.15, 33.75, 2627, tse]
[1734, 37.35, 34.95, 35.00, 36.45, 7999, tse]
[1735, 17.5, 16.95, 16.95, 17.10, 161, tse]
[1736, 72.6, 68.7, 69.00, 71.00, 2298, tse]
[1737, 34.0, 33.65, 33.65, 33.90, 1039, tse]
[1742, 17.2, 16.7, 16.80, 16.95, 531, otc]
[1752, 47.7, 46.15, 46.75, 46.95, 1013, tse]
[1760, 114.5, 105.0, 106.00, 110.00, 7941, tse]
[1762, 50.3, 48.7, 49.45, 48.85, 1524, tse]
[1773, 197.5, 179.0, 180.00, 185.50, 13443, tse]
[1776, 17.5, 17.1, 17.25, 17.25, 181, tse]
[1777, 84.6, 83.1, 83.10, 84.30, 130, otc]
[1781, 15.95, 15.2, 15.30, 15.65, 370, otc]
[1783, 46.35, 45.0, 45.00, 45.70, 459, tse]
[1784, 64.8, 61.9, 64.40, 62.40, 943, otc]
[1785, 52.5, 47.15, 49.00, 49.55, 91305, otc]
[1786, 97.7, 91.1, 91.10, 97.40, 5016, tse]
[1788, 140.5, 139.5, 139.50, 140.50, 116, otc]
[1789, 28.55, 26.0, 26.30, 27.65, 14177, tse]
[1795, 319.0, 289.0, 289.00, 304.00, 64492, tse]
[1796, 68.9, 53.3, 54.20, 64.70, 1769, otc]
[1799, 71.4, 64.5, 65.50, 69.50, 1278, otc]
[1802, 17.65, 17.1, 17.30, 17.20, 10502, tse]
[1805, 19.6, 17.55, 17.55, 18.60, 1950, tse]
[1806, 11.3, 10.35, 10.70, 10.45, 9371, tse]
[1808, 139.0, 121.0, 123.00, 124.00, 53335, tse]
[1809, 29.25, 26.15, 26.55, 26.90, 22248, tse]
[1810, 18.3, 16.75, 16.95, 17.40, 8987, tse]
[1813, 20.5, 19.5, 19.55, 20.45, 157, otc]
[1815, 19.1, 17.6, 17.85, 18.70, 122061, otc]
[1817, 38.1, 37.3, 37.90, 37.40, 640, tse]
[1903, 57.2, 53.3, 53.30, 56.00, 1821, tse]
[1904, 29.4, 28.9, 29.00, 29.00, 5526, tse]
[1905, 24.0, 22.9, 22.95, 23.20, 23356, tse]
[1906, 15.8, 15.25, 15.40, 15.60, 626, tse]
[1907, 30.4, 29.65, 30.25, 30.00, 10761, tse]
[1909, 14.85, 14.45, 14.55, 14.75, 10854, tse]
[2002, 24.05, 23.75, 23.95, 23.90, 68505, tse]
[2006, 70.5, 68.4, 68.60, 69.10, 10654, tse]
[2007, 10.25, 10.0, 10.15, 10.10, 2381, tse]
[2008, 23.2, 22.1, 22.10, 22.75, 324, tse]
[2009, 37.7, 34.35, 34.40, 37.45, 29931, tse]
[2010, 19.35, 18.7, 18.70, 19.00, 5852, tse]
[2012, 23.2, 22.85, 22.85, 23.10, 162, tse]
[2013, 63.8, 59.0, 60.00, 63.80, 1647, tse]
[2014, 22.45, 21.75, 22.20, 22.10, 14713, tse]
[2015, 71.1, 70.3, 70.40, 71.00, 948, tse]
[2017, 14.05, 13.7, 13.95, 13.75, 2568, tse]
[2020, 38.3, 36.9, 38.10, 38.25, 7759, tse]
[2022, 11.25, 10.7, 10.70, 11.20, 4794, tse]
[2023, 15.65, 15.15, 15.50, 15.15, 5555, tse]
[2024, 23.55, 21.4, 22.20, 21.60, 416, tse]
[2025, 11.35, 10.3, 10.45, 10.40, 13660, tse]
[2027, 37.35, 36.1, 36.80, 36.50, 40925, tse]
[2028, 26.4, 25.25, 25.65, 25.45, 1024, tse]
[2029, 29.2, 28.1, 28.20, 28.80, 2792, tse]
[2030, 18.35, 17.8, 18.20, 18.00, 2019, tse]
[2031, 64.3, 61.0, 64.20, 61.50, 8393, tse]
[2032, 16.0, 15.5, 15.85, 15.65, 848, tse]
[2033, 16.4, 15.8, 16.00, 16.00, 328, tse]
[2034, 25.25, 24.85, 24.85, 25.10, 2145, tse]
[2035, 32.5, 31.85, 32.00, 32.50, 52, otc]
[2038, 18.75, 18.0, 18.40, 18.10, 1597, tse]
[2049, 293.0, 250.0, 250.00, 275.50, 57285, tse]
[2059, 1330.0, 1190.0, 1,325.00, 1,250.00, 4399, tse]
[2061, 17.55, 16.0, 16.00, 16.55, 1318, otc]
[2062, 29.4, 27.15, 27.30, 29.20, 2873, tse]
[2063, 54.7, 52.5, 54.20, 53.90, 388, otc]
[2064, 15.5, 15.05, 15.15, 15.15, 205, otc]
[2065, 64.9, 63.0, 63.70, 63.40, 844, otc]
[2066, 99.7, 95.5, 98.20, 98.30, 982, otc]
[2067, 13.1, 12.4, 12.80, 12.75, 28, otc]
[2069, 16.1, 15.85, 16.00, 15.90, 517, tse]
[2070, 45.45, 37.4, 37.50, 38.15, 5350, otc]
[2073, 30.55, 29.8, 29.80, 29.95, 63, otc]
[2101, 40.6, 38.95, 39.05, 40.30, 13864, tse]
[2102, 18.4, 17.7, 18.15, 17.85, 2112, tse]
[2103, 23.7, 22.95, 23.05, 23.15, 5133, tse]
[2104, 17.45, 17.0, 17.00, 17.25, 6224, tse]
[2105, 50.3, 47.6, 47.85, 50.00, 34527, tse]
[2106, 32.4, 31.0, 31.20, 32.10, 6165, tse]
[2107, 24.3, 24.05, 24.10, 24.15, 1840, tse]
[2108, 34.2, 33.1, 33.95, 33.10, 2392, tse]
[2109, 17.8, 16.75, 17.35, 17.35, 6004, tse]
[2114, 113.5, 107.0, 107.00, 111.00, 438, tse]
[2115, 30.0, 29.55, 29.80, 29.75, 561, tse]
[2201, 69.5, 67.1, 68.80, 68.10, 13878, tse]
[2204, 131.5, 125.0, 128.00, 129.50, 7999, tse]
[2206, 77.6, 74.6, 77.00, 75.00, 20910, tse]
[2207, 656.0, 636.0, 640.00, 643.00, 802, tse]
[2208, 19.6, 18.75, 19.10, 18.85, 27945, tse]
[2211, 131.0, 121.5, 124.00, 124.50, 8634, tse]
[2221, 34.0, 33.55, 34.00, 33.75, 60, otc]
[2227, 136.0, 130.5, 133.00, 131.00, 646, tse]
[2228, 100.5, 96.5, 98.60, 99.70, 2023, tse]
[2230, 185.0, 166.0, 179.50, 170.00, 3752, otc]
[2231, 121.0, 116.5, 117.50, 120.00, 1540, tse]
[2233, 136.5, 128.5, 133.50, 131.00, 1179, tse]
[2235, 49.7, 46.7, 46.70, 49.00, 476, otc]
[2236, 81.7, 73.0, 81.60, 73.10, 9390, tse]
[2239, 58.8, 56.6, 58.50, 56.80, 312, tse]
[2241, 41.1, 35.9, 38.00, 40.20, 18509, tse]
[2243, 15.85, 15.0, 15.45, 15.05, 654, tse]
[2247, 320.0, 315.0, 316.50, 317.00, 351, tse]
[2250, 122.0, 104.0, 120.00, 107.50, 2349, tse]
[2254, 89.8, 85.0, 88.90, 88.00, 1175, tse]
[2258, 45.25, 43.75, 44.30, 44.30, 1217, tse]
[2301, 121.5, 99.4, 121.00, 101.00, 201062, tse]
[2302, 17.85, 17.3, 17.65, 17.45, 1708, tse]
[2303, 52.8, 50.8, 52.20, 52.20, 419500, tse]
[2305, 25.1, 23.9, 24.10, 24.35, 3695, tse]
[2308, 365.0, 337.5, 362.00, 341.00, 79544, tse]
[2312, 15.7, 15.05, 15.40, 15.20, 19887, tse]
[2313, 81.5, 75.3, 80.20, 80.40, 111252, tse]
[2314, 35.5, 32.3, 33.80, 34.20, 11165, tse]
[2316, 45.35, 40.7, 41.00, 43.30, 42094, tse]
[2317, 157.5, 139.0, 147.00, 150.00, 832195, tse]
[2321, 16.2, 15.25, 16.20, 15.60, 38, tse]
[2323, 12.8, 12.1, 12.55, 12.15, 68266, tse]
[2324, 39.3, 35.45, 38.85, 36.20, 164235, tse]
[2327, 600.0, 571.0, 590.00, 591.00, 16131, tse]
[2328, 38.65, 32.85, 34.40, 36.20, 95532, tse]
[2329, 69.4, 65.2, 69.00, 65.60, 55520, tse]
[2330, 792.0, 768.0, 783.00, 779.00, 132663, tse]
[2331, 32.1, 30.3, 30.50, 31.50, 32256, tse]
[2332, 19.05, 18.4, 18.70, 18.60, 8732, tse]
[2337, 27.65, 26.6, 27.50, 26.70, 34879, tse]
[2338, 69.0, 66.7, 68.80, 68.00, 3970, tse]
[2340, 40.8, 39.15, 40.25, 39.25, 5577, tse]
[2342, 33.1, 31.4, 32.60, 31.90, 2579, tse]
[2344, 28.1, 26.8, 27.40, 27.20, 113951, tse]
[2345, 486.0, 448.0, 486.00, 463.00, 12947, tse]
[2347, 79.2, 76.7, 77.60, 78.90, 18785, tse]
[2348, 135.5, 127.0, 133.50, 128.50, 2051, tse]
[2349, 7.9, 7.72, 7.82, 7.74, 3826, tse]
[2351, 99.9, 95.6, 98.60, 96.50, 1876, tse]
[2352, 45.15, 43.4, 44.90, 44.65, 100374, tse]
[2353, 47.45, 45.2, 46.30, 46.80, 153946, tse]
[2354, 68.7, 57.3, 59.20, 63.00, 304288, tse]
[2355, 48.2, 45.8, 47.50, 46.10, 16428, tse]
[2356, 61.5, 56.4, 61.40, 59.70, 550026, tse]
[2357, 430.0, 416.5, 421.50, 429.50, 14165, tse]
[2358, 6.88, 4.8, 4.90, 6.20, 10345, tse]
[2359, 74.4, 62.0, 65.50, 72.50, 112009, tse]
[2360, 265.0, 248.0, 260.00, 255.00, 11245, tse]
[2362, 42.4, 40.3, 41.90, 41.10, 11910, tse]
[2363, 40.5, 37.4, 40.20, 37.85, 30738, tse]
[2364, 93.4, 90.5, 91.50, 91.00, 855, tse]
[2365, 21.7, 20.0, 20.05, 20.75, 46729, tse]
[2367, 28.15, 26.0, 27.35, 26.65, 287401, tse]
[2368, 257.5, 240.5, 250.00, 245.50, 42555, tse]
[2369, 25.75, 23.65, 25.50, 23.80, 17684, tse]
[2371, 60.0, 49.1, 49.55, 56.50, 590166, tse]
[2373, 73.9, 72.6, 72.90, 73.50, 467, tse]
[2374, 27.45, 25.55, 26.80, 26.45, 15904, tse]
[2375, 61.4, 59.3, 60.40, 60.50, 1314, tse]
[2376, 324.0, 301.5, 305.50, 316.00, 88389, tse]
[2377, 172.5, 166.5, 171.00, 169.50, 16263, tse]
[2379, 592.0, 549.0, 592.00, 560.00, 20682, tse]
[2380, 6.64, 6.3, 6.40, 6.51, 628, tse]
[2382, 298.0, 251.0, 258.00, 293.50, 310714, tse]
[2383, 430.5, 400.0, 427.50, 403.50, 22304, tse]
[2385, 237.0, 209.0, 231.50, 222.00, 74046, tse]
[2387, 66.7, 62.5, 66.00, 63.20, 11098, tse]
[2388, 144.0, 125.5, 134.50, 125.50, 70878, tse]
[2390, 13.7, 13.05, 13.20, 13.20, 2872, tse]
[2392, 49.45, 44.2, 45.40, 46.40, 28062, tse]
[2393, 54.6, 53.3, 54.10, 53.60, 8299, tse]
[2395, 412.0, 399.0, 400.00, 404.00, 3948, tse]
[2397, 66.5, 65.4, 66.30, 65.70, 177, tse]
[2399, 24.0, 23.0, 23.25, 23.20, 6907, tse]
[2401, 29.65, 27.9, 28.90, 28.10, 16275, tse]
[2402, 35.3, 33.15, 33.90, 35.15, 23033, tse]
[2404, 418.0, 365.0, 385.00, 393.00, 35621, tse]
[2405, 19.95, 18.65, 19.00, 19.10, 37116, tse]
[2406, 20.0, 19.0, 19.75, 19.05, 25736, tse]
[2408, 70.5, 67.0, 69.70, 67.70, 79109, tse]
[2409, 18.45, 17.9, 18.45, 17.90, 103933, tse]
[2412, 127.0, 123.5, 123.50, 126.00, 55142, tse]
[2413, 27.25, 25.9, 27.25, 25.95, 1476, tse]
[2414, 36.0, 35.35, 36.00, 35.80, 642, tse]
[2415, 32.15, 28.6, 29.40, 30.20, 3119, tse]
[2417, 54.4, 43.35, 51.30, 43.40, 49757, tse]
[2419, 33.8, 31.5, 33.80, 31.50, 5193, tse]
[2420, 55.2, 52.8, 54.00, 53.50, 1938, tse]
[2421, 142.0, 121.0, 122.00, 131.00, 133893, tse]
[2423, 41.45, 40.15, 41.05, 40.80, 1069, tse]
[2424, 31.5, 28.85, 29.25, 30.00, 137, tse]
[2425, 44.7, 43.35, 44.25, 43.80, 4162, tse]
[2426, 18.4, 17.9, 18.30, 18.00, 2521, tse]
[2427, 24.55, 23.55, 23.60, 23.70, 3497, tse]
[2428, 177.0, 165.5, 174.50, 167.00, 2245, tse]
[2429, 20.9, 19.7, 20.15, 19.70, 287, tse]
[2430, 37.75, 36.7, 37.75, 37.25, 1123, tse]
[2431, 13.7, 12.7, 12.80, 13.25, 3958, tse]
[2432, 39.15, 38.05, 38.40, 39.15, 65, tse]
[2433, 53.4, 53.0, 53.10, 53.10, 156, tse]
[2434, 33.55, 30.8, 32.45, 31.85, 81, tse]
[2436, 65.4, 62.6, 65.20, 62.70, 3783, tse]
[2438, 23.5, 22.6, 23.00, 22.90, 823, tse]
[2439, 123.0, 116.0, 121.00, 117.50, 9860, tse]
[2440, 13.8, 13.05, 13.10, 13.55, 1644, tse]
[2441, 64.5, 61.3, 64.00, 61.70, 4870, tse]
[2442, 27.85, 26.6, 27.15, 26.85, 8624, tse]
[2443, 4.81, 4.35, 4.81, 4.55, 2187, tse]
[2444, 12.0, 11.2, 11.90, 11.65, 2445, tse]
[2449, 112.5, 104.0, 110.50, 105.50, 57688, tse]
[2450, 39.35, 38.8, 39.25, 39.20, 767, tse]
[2451, 90.4, 87.8, 89.20, 89.10, 4532, tse]
[2453, 67.0, 60.5, 64.90, 61.00, 19781, tse]
[2454, 1200.0, 1115.0, 1,120.00, 1,195.00, 32456, tse]
[2455, 187.0, 167.5, 186.50, 169.50, 14420, tse]
[2457, 55.5, 52.8, 54.90, 53.30, 10572, tse]
[2458, 172.0, 156.5, 170.50, 157.00, 10679, tse]
[2459, 70.5, 68.2, 70.10, 69.50, 496, tse]
[2460, 35.55, 33.6, 34.10, 34.70, 3796, tse]
[2461, 25.0, 23.2, 25.00, 23.65, 6499, tse]
[2462, 37.05, 34.9, 36.30, 35.25, 3345, tse]
[2464, 50.1, 44.6, 46.35, 46.55, 90365, tse]
[2465, 126.0, 112.0, 116.50, 120.50, 18603, tse]
[2466, 38.15, 36.75, 37.30, 37.05, 88, tse]
[2467, 134.0, 122.5, 128.00, 123.00, 17483, tse]
[2468, 32.3, 29.05, 29.05, 30.30, 11655, tse]
[2471, 61.5, 58.3, 61.30, 59.00, 3786, tse]
[2472, 73.0, 70.4, 72.30, 71.10, 2988, tse]
[2474, 220.5, 206.5, 213.00, 219.00, 21089, tse]
[2476, 78.2, 72.1, 76.80, 72.40, 10217, tse]
[2477, 20.6, 19.7, 20.00, 20.50, 650, tse]
[2478, 47.85, 46.45, 46.65, 47.20, 1059, tse]
[2480, 132.0, 128.0, 130.00, 129.00, 952, tse]
[2481, 58.9, 56.6, 58.20, 56.90, 7200, tse]
[2482, 37.25, 34.05, 37.25, 34.15, 3405, tse]
[2483, 24.5, 22.75, 22.75, 23.50, 1395, tse]
[2484, 35.5, 34.2, 35.20, 34.50, 2280, tse]
[2485, 22.1, 20.95, 21.80, 21.00, 7065, tse]
[2486, 65.2, 58.3, 61.00, 60.00, 138288, tse]
[2488, 46.5, 45.1, 45.35, 45.70, 2685, tse]
[2489, 14.55, 13.95, 13.95, 14.15, 14183, tse]
[2491, 15.6, 14.35, 15.20, 14.60, 338, tse]
[2492, 117.5, 107.5, 110.50, 113.00, 28600, tse]
[2493, 92.2, 88.5, 91.70, 89.10, 1676, tse]
[2495, 22.95, 21.6, 22.60, 21.65, 4080, tse]
[2496, 73.2, 71.7, 72.70, 72.90, 404, tse]
[2497, 56.0, 54.3, 55.40, 54.80, 1363, tse]
[2498, 50.3, 47.05, 49.65, 47.20, 24775, tse]
[2501, 21.85, 20.8, 20.85, 21.45, 18213, tse]
[2504, 38.45, 36.65, 37.00, 37.90, 19842, tse]
[2505, 28.85, 25.55, 26.15, 27.65, 11389, tse]
[2506, 9.88, 9.68, 9.68, 9.72, 2408, tse]
[2509, 18.3, 17.4, 17.40, 18.00, 1338, tse]
[2511, 10.7, 10.25, 10.25, 10.45, 15321, tse]
[2514, 15.4, 15.25, 15.30, 15.30, 3667, tse]
[2515, 14.8, 13.1, 13.25, 14.15, 234701, tse]
[2516, 12.35, 11.5, 11.55, 11.55, 6448, tse]
[2520, 42.0, 38.6, 38.60, 41.80, 20048, tse]
[2524, 44.7, 39.55, 39.65, 43.85, 2518, tse]
[2527, 40.55, 36.5, 37.00, 40.45, 6963, tse]
[2528, 48.1, 42.2, 42.20, 46.30, 6775, tse]
[2530, 46.0, 40.3, 40.40, 44.20, 10609, tse]
[2534, 22.0, 21.0, 21.20, 21.80, 4562, tse]
[2535, 57.3, 53.5, 54.10, 57.10, 2937, tse]
[2536, 30.5, 29.3, 29.50, 30.50, 1788, tse]
[2537, 11.9, 9.97, 9.97, 11.80, 47160, tse]
[2538, 15.45, 15.0, 15.40, 15.00, 3449, tse]
[2539, 74.0, 68.7, 69.10, 71.70, 7376, tse]
[2540, 99.2, 89.2, 92.00, 98.10, 3625, tse]
[2542, 40.8, 38.8, 38.80, 40.15, 25476, tse]
[2543, 43.95, 40.65, 42.20, 42.50, 17220, tse]
[2545, 45.3, 43.85, 43.85, 44.65, 2273, tse]
[2546, 86.8, 84.0, 85.10, 86.00, 610, tse]
[2547, 10.2, 9.53, 9.55, 9.85, 15788, tse]
[2548, 127.0, 116.5, 116.50, 124.00, 11738, tse]
[2596, 34.15, 31.45, 31.50, 33.40, 1143, otc]
[2597, 159.0, 149.0, 150.50, 154.50, 2449, tse]
[2601, 7.96, 7.8, 7.86, 7.84, 6369, tse]
[2603, 179.5, 168.0, 172.00, 172.00, 295160, tse]
[2605, 25.4, 24.0, 24.95, 24.05, 17309, tse]
[2606, 54.9, 52.4, 54.00, 53.00, 18870, tse]
[2607, 31.75, 30.85, 31.50, 31.35, 5815, tse]
[2608, 38.9, 38.55, 38.65, 38.75, 851, tse]
[2609, 45.8, 44.0, 45.20, 44.40, 91154, tse]
[2610, 19.8, 19.1, 19.25, 19.50, 72305, tse]
[2611, 24.5, 23.05, 24.30, 23.45, 17946, tse]
[2612, 45.6, 44.0, 45.25, 44.10, 1201, tse]
[2613, 22.5, 21.45, 21.65, 22.30, 870, tse]
[2614, 20.55, 19.75, 20.00, 20.25, 4538, tse]
[2615, 45.7, 44.0, 45.25, 44.10, 20871, tse]
[2616, 27.5, 26.6, 27.00, 27.45, 1973, tse]
[2617, 35.25, 34.1, 34.70, 34.40, 5049, tse]
[2618, 32.05, 30.9, 31.40, 31.95, 190135, tse]
[2630, 38.6, 33.6, 35.60, 36.80, 37526, tse]
[2633, 30.4, 30.0, 30.25, 30.10, 17165, tse]
[2634, 55.0, 49.35, 50.50, 52.60, 111251, tse]
[2636, 98.4, 93.1, 97.60, 94.90, 5181, tse]
[2637, 62.3, 57.8, 61.50, 58.40, 22076, tse]
[2640, 119.5, 116.0, 118.00, 119.00, 290, otc]
[2641, 20.8, 19.6, 20.55, 19.65, 10654, otc]
[2642, 37.85, 37.5, 37.80, 37.60, 482, tse]
[2643, 74.1, 72.4, 74.00, 73.50, 278, otc]
[2645, 113.0, 106.5, 108.50, 109.00, 12170, tse]
[2701, 12.6, 12.35, 12.50, 12.40, 1535, tse]
[2702, 19.35, 18.9, 18.95, 19.15, 515, tse]
[2704, 65.9, 52.5, 52.50, 61.10, 15190, tse]
[2705, 18.4, 17.1, 17.10, 18.25, 4662, tse]
[2706, 15.05, 14.85, 14.90, 14.90, 918, tse]
[2707, 229.0, 222.0, 228.00, 224.50, 1043, tse]
[2712, 32.25, 31.7, 32.15, 31.90, 146, tse]
[2718, 87.5, 82.9, 82.90, 85.40, 255, otc]
[2719, 56.7, 54.9, 55.50, 55.60, 67, otc]
[2722, 54.4, 50.4, 51.40, 52.00, 1196, tse]
[2723, 93.8, 90.7, 92.70, 92.30, 1864, tse]
[2724, 19.3, 18.1, 18.10, 19.00, 142, otc]
[2726, 25.9, 25.15, 25.55, 25.75, 59, otc]
[2727, 244.5, 240.0, 242.50, 241.50, 1934, tse]
[2729, 239.0, 233.0, 238.50, 235.50, 537, otc]
[2731, 139.0, 133.5, 137.00, 135.50, 4714, tse]
[2732, 135.0, 127.5, 132.50, 129.50, 1077, otc]
[2734, 38.5, 37.3, 37.60, 37.75, 590, otc]
[2736, 25.65, 24.7, 24.90, 24.95, 687, otc]
[2739, 52.4, 48.8, 51.20, 49.25, 2580, tse]
[2740, 37.1, 37.0, 37.10, 37.00, 4, otc]
[2743, 118.5, 113.5, 115.50, 116.50, 1176, otc]
[2745, 80.9, 78.0, 78.90, 80.60, 530, otc]
[2748, 73.4, 71.1, 73.00, 71.40, 1513, tse]
[2752, 294.5, 264.0, 268.00, 289.00, 196, otc]
[2753, 170.0, 164.5, 165.00, 169.50, 923, tse]
[2754, 106.0, 103.0, 104.50, 104.00, 346, otc]
[2755, 97.9, 92.9, 95.80, 94.50, 170, otc]
[2756, 86.8, 83.0, 85.90, 85.80, 148, otc]
[2762, 122.5, 109.0, 119.50, 111.00, 2439, tse]
[2801, 18.45, 18.1, 18.25, 18.30, 60701, tse]
[2809, 52.7, 50.1, 52.70, 51.60, 16947, tse]
[2812, 17.15, 16.75, 17.00, 17.10, 20350, tse]
[2816, 30.7, 28.8, 28.90, 29.65, 4238, tse]
[2820, 15.2, 14.95, 15.00, 15.15, 4413, tse]
[2832, 26.45, 26.0, 26.35, 26.40, 1450, tse]
[2834, 16.2, 15.7, 15.75, 16.15, 151676, tse]
[2836, 11.9, 11.75, 11.80, 11.90, 23335, tse]
[2838, 15.25, 15.05, 15.20, 15.25, 10442, tse]
[2845, 14.45, 14.15, 14.20, 14.40, 23123, tse]
[2849, 14.15, 13.95, 13.95, 14.15, 191, tse]
[2850, 86.3, 82.2, 82.40, 85.10, 3158, tse]
[2851, 25.1, 24.5, 24.70, 24.75, 10545, tse]
[2852, 19.8, 19.3, 19.35, 19.75, 2636, tse]
[2855, 24.65, 22.85, 23.50, 24.60, 25041, tse]
[2867, 4.85, 4.78, 4.81, 4.84, 21577, tse]
[2880, 23.35, 22.8, 22.85, 23.15, 60113, tse]
[2881, 69.9, 68.9, 69.50, 69.70, 57234, tse]
[2882, 48.7, 47.8, 48.60, 48.65, 81208, tse]
[2883, 14.6, 13.7, 14.05, 13.95, 442719, tse]
[2884, 27.45, 27.0, 27.10, 27.25, 113145, tse]
[2885, 30.45, 29.35, 29.35, 30.40, 95727, tse]
[2886, 40.7, 39.75, 39.90, 40.55, 57634, tse]
[2887, 18.15, 17.9, 18.00, 18.00, 59285, tse]
[2888, 8.16, 8.05, 8.12, 8.07, 124399, tse]
[2889, 13.95, 13.65, 13.75, 13.90, 31792, tse]
[2890, 21.8, 20.8, 21.15, 21.65, 88329, tse]
[2891, 33.25, 31.6, 31.70, 33.05, 264547, tse]
[2892, 27.85, 27.5, 27.60, 27.70, 57835, tse]
[2897, 10.05, 9.87, 9.96, 10.05, 34609, tse]
[2901, 26.8, 26.15, 26.60, 26.45, 111, tse]
[2903, 29.95, 28.1, 28.25, 29.60, 24191, tse]
[2904, 18.25, 18.1, 18.10, 18.25, 216, tse]
[2905, 12.75, 12.35, 12.35, 12.65, 2749, tse]
[2906, 20.15, 19.6, 19.65, 19.70, 2697, tse]
[2908, 20.55, 20.4, 20.45, 20.50, 1081, tse]
[2910, 27.5, 27.05, 27.05, 27.40, 139, tse]
[2911, 7.2, 6.9, 7.02, 6.99, 846, tse]
[2912, 268.5, 265.5, 267.00, 266.50, 4335, tse]
[2913, 21.25, 20.2, 20.20, 20.50, 18129, tse]
[2915, 60.1, 58.8, 59.00, 59.40, 7749, tse]
[2916, 66.3, 62.4, 64.40, 63.30, 953, otc]
[2923, 25.35, 23.95, 23.95, 24.30, 61, tse]
[2924, 26.5, 24.2, 25.60, 25.50, 60, otc]
[2926, 63.0, 59.1, 59.40, 60.60, 107, otc]
[2929, 9.91, 9.66, 9.86, 9.87, 1028, tse]
[2937, 36.7, 35.0, 35.95, 36.45, 134, otc]
[2939, 28.8, 27.6, 27.90, 27.80, 197, tse]
[2941, 87.2, 77.7, 87.20, 83.00, 385, otc]
[2945, 47.4, 45.05, 45.10, 45.90, 350, tse]
[2947, 80.2, 79.0, 80.00, 79.00, 38, otc]
[2948, 67.6, 65.8, 67.60, 66.90, 55, otc]
[2949, 115.0, 108.0, 109.00, 109.50, 231, otc]
[3002, 16.15, 14.7, 14.70, 15.65, 3350, tse]
[3003, 71.3, 69.3, 70.70, 70.40, 1247, tse]
[3004, 117.5, 100.0, 100.50, 113.00, 8398, tse]
[3005, 152.0, 126.5, 146.50, 127.50, 133746, tse]
[3006, 92.0, 86.5, 91.80, 86.90, 19563, tse]
[3008, 2545.0, 2410.0, 2,445.00, 2,445.00, 1982, tse]
[3010, 115.5, 109.5, 111.50, 113.00, 6467, tse]
[3011, 33.05, 30.15, 30.95, 30.15, 4782, tse]
[3013, 64.0, 50.5, 57.00, 61.30, 153590, tse]
[3014, 179.5, 171.0, 175.50, 175.50, 17732, tse]
[3015, 61.9, 55.0, 56.10, 59.40, 6656, tse]
[3016, 60.5, 57.0, 59.50, 59.60, 5339, tse]
[3017, 596.0, 511.0, 589.00, 546.00, 64035, tse]
[3018, 14.85, 14.0, 14.05, 14.85, 42, tse]
[3019, 66.5, 64.2, 65.00, 64.40, 4819, tse]
[3021, 23.0, 21.7, 21.85, 21.85, 1472, tse]
[3022, 84.5, 81.1, 82.50, 82.30, 5775, tse]
[3023, 286.0, 272.5, 279.50, 276.00, 5005, tse]
[3024, 17.95, 16.8, 17.15, 17.10, 9266, tse]
[3025, 76.5, 66.8, 68.30, 71.60, 20727, tse]
[3026, 96.6, 95.8, 96.20, 96.50, 749, tse]
[3027, 48.5, 44.15, 45.95, 44.55, 18185, tse]
[3028, 35.75, 35.0, 35.55, 35.35, 2059, tse]
[3029, 74.6, 71.7, 73.50, 71.80, 5350, tse]
[3030, 88.3, 80.7, 81.90, 87.50, 4508, tse]
[3031, 21.4, 20.05, 20.05, 20.30, 3363, tse]
[3032, 82.3, 76.8, 78.20, 81.00, 17377, tse]
[3033, 33.15, 31.3, 31.55, 31.65, 22582, tse]
[3034, 612.0, 575.0, 592.00, 604.00, 23846, tse]
[3035, 361.5, 333.5, 356.00, 344.00, 24698, tse]
[3036, 164.5, 146.5, 160.00, 147.50, 38465, tse]
[3037, 203.0, 188.5, 199.50, 191.00, 69279, tse]
[3038, 33.8, 32.7, 33.15, 32.80, 3359, tse]
[3040, 30.0, 29.7, 29.75, 29.80, 178, tse]
[3041, 24.8, 23.5, 24.35, 23.60, 15862, tse]
[3042, 118.0, 109.0, 118.00, 113.00, 43617, tse]
[3043, 33.9, 30.6, 30.80, 32.00, 1267, tse]
[3044, 221.5, 202.5, 220.00, 204.50, 22669, tse]
[3045, 103.5, 99.3, 99.30, 103.00, 23029, tse]
[3046, 64.8, 61.9, 64.50, 62.30, 1167, tse]
[3047, 15.55, 15.05, 15.35, 15.25, 8366, tse]
[3048, 24.3, 23.45, 23.80, 23.55, 1676, tse]
[3049, 8.47, 8.22, 8.38, 8.29, 5881, tse]
[3050, 24.05, 21.35, 21.70, 23.55, 31204, tse]
[3051, 39.45, 37.1, 38.90, 37.40, 8422, tse]
[3052, 13.7, 12.4, 12.60, 13.35, 11070, tse]
[3054, 21.2, 20.65, 20.75, 20.70, 307, tse]
[3055, 73.5, 69.7, 70.40, 70.20, 8833, tse]
[3056, 28.65, 27.85, 27.95, 28.20, 7030, tse]
[3057, 12.9, 12.15, 12.90, 12.35, 654, tse]
[3058, 25.4, 21.25, 23.85, 22.90, 30242, tse]
[3059, 39.75, 35.9, 39.70, 35.95, 75431, tse]
[3060, 21.05, 20.25, 20.75, 20.70, 2106, tse]
[3062, 26.55, 22.65, 23.45, 24.50, 171728, tse]
[3064, 38.7, 31.7, 34.00, 38.65, 96, otc]
[3066, 23.95, 21.6, 21.70, 22.40, 1790, otc]
[3067, 35.35, 32.85, 34.10, 34.00, 15, otc]
[3071, 38.65, 36.85, 38.00, 37.15, 3652, otc]
[3073, 34.0, 29.2, 29.20, 30.45, 276, otc]
[3078, 81.4, 78.7, 81.20, 79.20, 6471, otc]
[3081, 142.5, 131.5, 139.50, 135.50, 6598, otc]
[3083, 56.7, 50.5, 52.00, 51.90, 14802, otc]
[3085, 11.25, 10.2, 10.80, 10.35, 28, otc]
[3086, 122.0, 115.5, 120.00, 118.50, 458, otc]
[3088, 94.2, 90.0, 92.10, 91.80, 4349, otc]
[3090, 60.0, 58.6, 59.40, 59.70, 2500, tse]
[3092, 32.9, 31.35, 31.40, 31.70, 1284, tse]
[3093, 31.2, 30.45, 30.70, 30.45, 506, otc]
[3094, 34.2, 33.15, 33.55, 33.35, 1341, tse]
[3095, 33.6, 30.5, 30.50, 33.50, 84, otc]
[3105, 155.5, 145.0, 153.50, 146.00, 11063, otc]
[3114, 27.9, 27.2, 27.40, 27.55, 432, otc]
[3115, 10.6, 10.45, 10.60, 10.45, 17, otc]
[3118, 31.5, 30.95, 31.00, 31.20, 236, otc]
[3122, 39.85, 37.2, 38.90, 37.40, 1449, otc]
[3128, 32.3, 30.6, 30.95, 31.80, 1398, otc]
[3130, 228.5, 224.5, 226.50, 227.00, 101, tse]
[3131, 940.0, 845.0, 934.00, 877.00, 5500, otc]
[3138, 134.0, 129.5, 133.50, 133.00, 747, tse]
[3141, 79.5, 77.0, 79.00, 77.90, 2006, otc]
[3147, 148.5, 131.0, 143.50, 139.00, 5879, otc]
[3149, 26.75, 23.5, 24.50, 25.35, 6112, tse]
[3152, 240.5, 227.0, 233.50, 234.00, 725, otc]
[3162, 39.5, 38.0, 38.90, 38.45, 2949, otc]
[3163, 112.0, 101.0, 103.50, 102.00, 40224, otc]
[3164, 22.7, 22.0, 22.55, 22.35, 1062, tse]
[3167, 62.0, 58.1, 58.30, 60.20, 2153, tse]
[3168, 65.8, 61.5, 64.70, 62.40, 3904, tse]
[3169, 135.5, 124.5, 135.00, 125.00, 3190, otc]
[3171, 31.6, 28.05, 28.75, 29.80, 6884, otc]
[3176, 40.95, 37.35, 37.35, 38.95, 2141, otc]
[3178, 123.0, 112.5, 115.00, 119.00, 4642, otc]
[3188, 29.45, 25.85, 25.95, 28.20, 11078, otc]
[3189, 103.0, 98.2, 102.00, 98.70, 13183, tse]
[3191, 22.2, 21.0, 21.50, 21.95, 46, otc]
[3202, 12.7, 12.0, 12.30, 12.05, 2367, otc]
[3205, 42.75, 41.0, 42.15, 42.40, 475, otc]
[3206, 47.65, 46.7, 47.30, 47.35, 1351, otc]
[3207, 136.0, 120.0, 131.50, 129.00, 14199, otc]
[3209, 36.65, 35.8, 36.55, 36.20, 2187, tse]
[3211, 96.2, 90.9, 92.80, 94.40, 10153, otc]
[3213, 91.4, 87.7, 90.70, 90.10, 1746, otc]
[3217, 198.0, 178.5, 185.00, 179.50, 17880, otc]
[3218, 277.0, 267.0, 276.50, 271.50, 2093, otc]
[3219, 41.0, 39.3, 41.00, 39.60, 88, otc]
[3221, 28.8, 27.7, 28.05, 27.80, 2194, otc]
[3224, 36.8, 35.5, 36.55, 36.10, 194, otc]
[3226, 58.2, 54.2, 56.20, 58.20, 176, otc]
[3227, 165.0, 154.0, 160.50, 155.50, 5922, otc]
[3228, 577.0, 510.0, 526.00, 546.00, 9584, otc]
[3229, 15.85, 15.15, 15.50, 15.50, 94, tse]
[3230, 11.1, 10.1, 10.25, 10.95, 1062, otc]
[3231, 130.0, 115.0, 125.00, 125.00, 484539, tse]
[3232, 32.75, 30.7, 31.40, 31.20, 1308, otc]
[3234, 39.7, 37.15, 38.25, 39.50, 9163, otc]
[3236, 20.7, 20.15, 20.25, 20.55, 627, otc]
[3252, 21.5, 20.5, 20.85, 20.60, 509, otc]
[3257, 73.5, 70.6, 73.10, 71.40, 1923, tse]
[3259, 25.95, 24.5, 25.95, 25.60, 74, otc]
[3260, 100.5, 96.2, 98.70, 98.70, 27930, otc]
[3264, 85.5, 78.4, 82.10, 83.60, 68190, otc]
[3265, 129.5, 122.5, 127.00, 128.00, 10890, otc]
[3266, 18.7, 17.75, 18.10, 18.30, 1322, tse]
[3268, 30.55, 27.05, 27.05, 27.95, 2336, otc]
[3272, 31.65, 30.85, 31.35, 30.90, 349, otc]
[3276, 21.6, 19.8, 20.05, 19.95, 5150, otc]
[3284, 25.7, 24.4, 25.65, 24.70, 1973, otc]
[3285, 26.65, 25.9, 25.95, 25.90, 72, otc]
[3287, 34.7, 32.8, 33.30, 33.45, 2315, otc]
[3288, 30.0, 27.2, 29.90, 28.30, 124, otc]
[3289, 126.5, 118.0, 121.50, 123.50, 8058, otc]
[3290, 24.95, 23.25, 23.45, 24.50, 3002, otc]
[3293, 1160.0, 998.0, 1,040.00, 1,140.00, 15409, otc]
[3294, 49.6, 42.65, 45.20, 46.50, 55571, otc]
[3296, 24.3, 22.4, 22.50, 23.35, 2493, tse]
[3297, 19.85, 18.6, 18.60, 18.80, 711, otc]
[3303, 32.8, 31.8, 32.75, 32.45, 1159, otc]
[3305, 67.0, 62.2, 65.30, 63.20, 5617, tse]
[3306, 55.3, 50.5, 52.00, 52.60, 12946, otc]
[3310, 104.0, 101.5, 103.00, 103.00, 114, otc]
[3311, 41.4, 39.85, 40.50, 40.60, 553, tse]
[3312, 44.0, 38.4, 38.50, 43.75, 68533, tse]
[3313, 21.7, 16.75, 18.30, 20.15, 6011, otc]
[3317, 53.6, 51.4, 53.20, 52.00, 1278, otc]
[3321, 18.3, 16.8, 18.30, 16.90, 2035, tse]
[3322, 26.75, 23.75, 26.70, 23.95, 15761, otc]
[3323, 26.9, 25.6, 25.60, 25.80, 1093, otc]
[3324, 723.0, 648.0, 711.00, 689.00, 40968, otc]
[3325, 39.0, 36.1, 37.90, 37.40, 16120, otc]
[3332, 43.95, 43.8, 43.90, 43.80, 5, otc]
[3338, 68.2, 64.6, 66.00, 64.70, 9015, tse]
[3339, 31.0, 26.6, 26.60, 31.00, 32068, otc]
[3346, 49.2, 47.0, 48.00, 47.60, 7540, tse]
[3349, 24.8, 23.0, 24.00, 24.50, 26, otc]
[3354, 26.3, 23.65, 23.85, 23.80, 4970, otc]
[3356, 53.4, 50.3, 52.20, 52.00, 6001, tse]
[3357, 125.5, 115.0, 121.00, 115.50, 4275, otc]
[3360, 16.6, 15.1, 16.05, 15.20, 5470, otc]
[3362, 239.5, 220.0, 233.00, 226.00, 11069, otc]
[3363, 117.5, 96.0, 113.50, 96.20, 25969, otc]
[3372, 19.9, 18.05, 18.80, 18.40, 11383, otc]
[3373, 25.5, 24.25, 25.00, 24.50, 668, otc]
[3374, 129.0, 123.0, 128.00, 124.00, 4940, otc]
[3376, 220.5, 175.5, 208.00, 185.50, 63705, tse]
[3379, 15.5, 14.6, 14.60, 14.75, 555, otc]
[3380, 36.7, 35.3, 36.30, 35.80, 7634, tse]
[3388, 76.2, 74.5, 75.00, 75.80, 527, otc]
[3390, 32.9, 29.6, 29.75, 31.20, 16238, otc]
[3402, 92.9, 89.0, 92.20, 91.00, 2120, otc]
[3406, 538.0, 481.5, 486.00, 496.00, 24656, tse]
[3413, 320.5, 292.5, 299.00, 297.00, 13736, tse]
[3416, 162.5, 142.0, 142.00, 145.00, 7926, tse]
[3419, 16.7, 16.15, 16.55, 16.20, 898, tse]
[3426, 41.2, 40.3, 40.80, 41.00, 45, otc]
[3430, 48.0, 46.8, 47.75, 46.95, 556, otc]
[3432, 20.3, 19.55, 20.00, 19.70, 239, tse]
[3434, 31.55, 29.7, 30.80, 30.00, 362, otc]
[3437, 31.0, 29.1, 30.15, 30.00, 8650, tse]
[3438, 94.6, 84.2, 90.80, 85.10, 5644, otc]
[3441, 38.0, 33.95, 33.95, 34.80, 2687, otc]
[3443, 1335.0, 1215.0, 1,330.00, 1,245.00, 11056, tse]
[3444, 104.0, 98.5, 102.00, 100.00, 1797, otc]
[3447, 33.55, 32.25, 33.00, 32.75, 161, tse]
[3450, 77.0, 71.7, 76.50, 74.00, 32259, tse]
[3454, 152.0, 144.0, 145.50, 145.50, 1142, tse]
[3455, 84.3, 79.9, 80.90, 81.90, 2633, otc]
[3465, 67.1, 64.9, 67.00, 65.80, 86, otc]
[3466, 28.3, 27.25, 28.30, 27.65, 1748, otc]
[3479, 132.0, 121.0, 123.00, 123.00, 16973, otc]
[3481, 15.75, 15.0, 15.50, 15.05, 242477, tse]
[3483, 168.0, 153.0, 166.00, 153.00, 13805, otc]
[3484, 49.25, 46.25, 47.45, 47.75, 3270, otc]
[3489, 27.2, 22.7, 22.70, 25.80, 5505, otc]
[3490, 29.0, 27.25, 28.15, 28.05, 2160, otc]
[3491, 162.0, 156.5, 162.00, 158.00, 1633, otc]
[3492, 19.15, 18.7, 18.85, 18.85, 212, otc]
[3494, 5.64, 5.01, 5.53, 5.45, 717, tse]
[3498, 43.7, 36.9, 39.85, 39.85, 20245, otc]
[3499, 23.1, 20.8, 21.85, 22.60, 2529, otc]
[3501, 57.5, 55.9, 57.10, 56.60, 1205, tse]
[3504, 62.8, 59.0, 61.20, 59.30, 2214, tse]
[3508, 28.0, 25.8, 27.40, 26.70, 1807, otc]
[3511, 27.25, 25.05, 25.40, 26.10, 1098, otc]
[3512, 38.7, 34.05, 34.05, 37.80, 13588, otc]
[3515, 270.0, 253.0, 269.00, 254.00, 4190, tse]
[3516, 24.8, 21.9, 23.00, 22.00, 1444, otc]
[3518, 31.45, 30.25, 30.25, 30.80, 929, tse]
[3520, 18.3, 17.0, 18.30, 17.20, 1482, otc]
[3521, 22.35, 20.65, 20.80, 21.55, 2189, otc]
[3522, 18.7, 17.7, 18.70, 18.05, 1216, otc]
[3523, 18.7, 17.7, 18.45, 18.40, 77, otc]
[3526, 219.5, 210.5, 216.00, 216.50, 1337, otc]
[3527, 99.5, 95.8, 96.50, 96.80, 999, otc]
[3528, 47.3, 45.45, 45.80, 46.70, 233, tse]
[3529, 2665.0, 2390.0, 2,520.00, 2,490.00, 3587, otc]
[3530, 114.0, 105.0, 107.00, 111.00, 3269, tse]
[3531, 33.95, 32.85, 33.05, 33.60, 310, otc]
[3532, 171.0, 162.5, 169.00, 166.50, 5117, tse]
[3533, 1435.0, 1345.0, 1,385.00, 1,400.00, 6042, tse]
[3535, 21.15, 20.2, 20.40, 20.20, 3022, tse]
[3537, 41.3, 40.5, 41.00, 40.95, 1090, otc]
[3540, 52.6, 48.45, 49.40, 48.50, 9155, otc]
[3541, 32.65, 31.35, 31.35, 32.00, 410, otc]
[3543, 24.1, 23.3, 23.45, 23.55, 951, tse]
[3545, 97.0, 94.2, 94.70, 94.80, 27346, tse]
[3546, 84.5, 81.9, 83.00, 82.60, 1147, otc]
[3548, 286.5, 241.5, 262.50, 286.50, 42534, otc]
[3550, 15.15, 14.65, 14.70, 14.95, 674, tse]
[3551, 130.0, 106.5, 108.50, 129.00, 11829, otc]
[3552, 123.5, 118.5, 122.50, 120.50, 1075, otc]
[3555, 25.5, 22.7, 23.20, 23.15, 576, otc]
[3556, 53.0, 51.7, 51.80, 52.60, 488, otc]
[3557, 61.4, 59.8, 60.30, 60.30, 943, tse]
[3558, 225.5, 213.0, 225.50, 214.50, 1384, otc]
[3563, 423.0, 377.0, 377.00, 410.50, 13485, tse]
[3564, 66.5, 57.2, 65.50, 61.30, 8313, otc]
[3567, 44.8, 42.55, 44.80, 42.90, 1352, otc]
[3570, 172.5, 161.0, 172.50, 164.00, 559, otc]
[3576, 11.9, 11.1, 11.55, 11.55, 32723, tse]
[3577, 68.9, 67.1, 67.60, 68.10, 62, otc]
[3580, 53.9, 51.5, 51.60, 51.80, 1449, otc]
[3581, 34.6, 32.0, 33.35, 32.00, 3533, otc]
[3583, 323.0, 283.0, 289.00, 302.00, 65087, tse]
[3587, 283.0, 267.0, 273.50, 268.00, 4233, otc]
[3588, 109.0, 102.0, 107.00, 103.00, 4180, tse]
[3591, 26.1, 25.0, 26.10, 25.20, 1685, tse]
[3592, 487.5, 470.0, 487.00, 478.50, 1975, tse]
[3593, 11.5, 11.15, 11.40, 11.30, 99, tse]
[3594, 45.2, 41.55, 45.20, 43.40, 4466, otc]
[3596, 204.0, 183.5, 202.50, 191.50, 19918, tse]
[3597, 25.8, 24.05, 25.65, 24.35, 505, otc]
[3605, 39.6, 35.1, 35.90, 38.70, 7501, tse]
[3607, 18.1, 17.1, 17.50, 17.15, 4405, tse]
[3609, 28.85, 27.5, 28.00, 28.25, 98, otc]
[3611, 244.5, 236.5, 238.50, 242.00, 873, otc]
[3615, 26.8, 25.6, 26.65, 25.75, 2520, otc]
[3617, 253.5, 218.5, 220.50, 243.00, 13881, tse]
[3622, 67.4, 60.9, 64.40, 62.60, 30396, tse]
[3623, 36.3, 31.85, 33.70, 31.90, 1744, otc]
[3624, 51.2, 49.15, 51.00, 49.45, 1463, otc]
[3625, 14.2, 13.65, 14.20, 13.95, 612, otc]
[3628, 50.4, 47.5, 49.45, 47.60, 1616, otc]
[3629, 25.65, 19.35, 20.40, 25.65, 98, otc]
[3630, 32.65, 31.0, 31.75, 31.15, 1627, otc]
[3631, 42.5, 37.1, 37.60, 38.50, 1608, otc]
[3632, 14.2, 13.25, 13.25, 13.65, 58, otc]
[3645, 41.3, 40.15, 40.15, 40.20, 3135, tse]
[3646, 30.85, 30.25, 30.60, 30.65, 349, otc]
[3652, 29.8, 28.8, 29.35, 29.15, 752, tse]
[3653, 933.0, 867.0, 903.00, 921.00, 3996, tse]
[3661, 3640.0, 3040.0, 3,560.00, 3,340.00, 13605, tse]
[3663, 47.95, 46.05, 47.10, 46.30, 3882, otc]
[3664, 28.7, 26.95, 28.70, 27.60, 1011, otc]
[3665, 263.5, 251.0, 262.50, 259.00, 5549, tse]
[3666, 27.05, 23.7, 24.05, 27.05, 2728, otc]
[3669, 56.7, 50.9, 53.30, 51.30, 2884, tse]
[3672, 25.75, 23.05, 23.90, 23.05, 1403, otc]
[3673, 37.5, 35.5, 35.80, 36.85, 16678, tse]
[3675, 258.0, 247.5, 254.50, 251.50, 1076, otc]
[3679, 117.5, 112.0, 113.00, 116.50, 454, tse]
[3680, 454.0, 419.0, 419.00, 434.00, 7982, otc]
[3684, 45.95, 42.0, 42.30, 45.05, 90, otc]
[3685, 20.25, 19.7, 20.10, 19.95, 255, otc]
[3686, 16.0, 13.85, 14.05, 14.85, 6401, tse]
[3687, 108.0, 100.0, 101.00, 101.00, 2674, otc]
[3689, 80.5, 73.3, 77.40, 76.20, 21106, otc]
[3691, 125.0, 115.5, 115.50, 117.50, 3485, otc]
[3693, 392.0, 362.5, 369.50, 375.00, 3917, otc]
[3694, 55.3, 50.6, 54.30, 51.00, 8714, tse]
[3701, 65.0, 57.9, 59.30, 60.60, 9453, tse]
[3702, 97.4, 87.4, 88.50, 95.90, 74422, tse]
[3703, 31.5, 28.7, 28.85, 30.55, 22290, tse]
[3704, 50.5, 46.0, 49.85, 46.65, 51548, tse]
[3705, 48.6, 47.55, 47.70, 48.50, 1746, tse]
[3706, 57.0, 50.7, 55.00, 51.50, 279381, tse]
[3707, 62.2, 57.2, 59.60, 61.90, 17837, otc]
[3708, 136.5, 122.0, 133.50, 128.50, 52144, tse]
[3709, 26.05, 24.75, 26.05, 25.20, 567, otc]
[3710, 11.1, 9.65, 9.65, 10.70, 13067, otc]
[3711, 163.0, 152.0, 159.00, 161.00, 92922, tse]
[3712, 44.7, 42.5, 43.60, 42.55, 12834, tse]
[3713, 24.7, 23.6, 24.60, 24.00, 98, otc]
[3714, 40.75, 38.2, 40.00, 38.30, 13496, tse]
[3715, 73.2, 68.5, 70.80, 69.30, 24801, tse]
[4102, 39.9, 39.2, 39.65, 39.85, 1307, otc]
[4104, 97.4, 94.1, 94.40, 96.20, 1437, tse]
[4105, 82.2, 77.5, 82.00, 78.20, 8625, otc]
[4106, 28.6, 28.0, 28.05, 28.40, 602, tse]
[4107, 126.0, 122.0, 122.00, 126.00, 1035, otc]
[4108, 21.15, 20.25, 20.60, 20.60, 1660, tse]
[4109, 27.45, 25.0, 26.60, 25.15, 14895, otc]
[4111, 26.4, 25.8, 26.00, 26.25, 626, otc]
[4113, 38.9, 36.8, 36.80, 37.85, 2323, otc]
[4114, 40.2, 38.75, 39.10, 39.25, 8978, otc]
[4116, 58.6, 57.2, 57.20, 57.90, 356, otc]
[4119, 88.9, 86.9, 87.60, 88.40, 972, tse]
[4120, 44.45, 41.95, 41.95, 43.50, 565, otc]
[4121, 28.35, 25.35, 28.30, 25.45, 4414, otc]
[4123, 44.15, 43.15, 43.50, 43.25, 3849, otc]
[4126, 90.4, 88.8, 89.60, 89.60, 358, otc]
[4127, 32.75, 26.3, 26.80, 29.50, 15658, otc]
[4128, 45.5, 43.7, 44.55, 44.70, 6074, otc]
[4129, 100.0, 96.4, 98.30, 98.70, 4728, otc]
[4130, 25.3, 24.6, 24.80, 25.00, 754, otc]
[4131, 33.4, 30.05, 33.40, 31.30, 134, otc]
[4133, 32.6, 31.65, 31.65, 31.95, 788, tse]
[4137, 197.0, 193.5, 196.00, 196.50, 399, tse]
[4138, 139.5, 130.5, 133.50, 135.00, 1414, otc]
[4139, 30.8, 27.7, 29.00, 29.95, 293, otc]
[4142, 26.95, 26.35, 26.35, 26.75, 2537, tse]
[4147, 89.8, 87.5, 88.10, 87.50, 4757, otc]
[4148, 55.0, 50.5, 53.80, 50.50, 880, tse]
[4153, 39.7, 38.5, 38.60, 39.25, 271, otc]
[4154, 14.55, 13.5, 14.50, 13.50, 177, otc]
[4155, 24.75, 24.0, 24.05, 24.60, 1737, tse]
[4157, 15.85, 14.85, 14.90, 15.45, 14988, otc]
[4160, 43.8, 41.55, 43.70, 42.30, 458, otc]
[4161, 37.9, 35.5, 37.55, 35.90, 696, otc]
[4162, 101.5, 96.7, 99.60, 99.20, 7070, otc]
[4163, 124.5, 122.0, 123.00, 123.50, 259, otc]
[4164, 62.0, 59.0, 61.60, 60.30, 3709, tse]
[4167, 19.8, 18.9, 18.95, 19.55, 5443, otc]
[4168, 25.2, 24.5, 24.95, 25.00, 996, otc]
[4171, 34.5, 32.9, 33.80, 33.65, 637, otc]
[4173, 23.1, 22.45, 22.55, 22.85, 1923, otc]
[4174, 63.4, 60.5, 62.00, 62.70, 2272, otc]
[4175, 79.6, 76.3, 78.40, 79.30, 238, otc]
[4183, 20.55, 20.2, 20.50, 20.40, 100, otc]
[4188, 29.85, 27.85, 27.85, 29.50, 720, otc]
[4190, 55.8, 50.2, 50.70, 55.30, 596, tse]
[4192, 38.5, 37.2, 37.20, 38.40, 71, otc]
[4198, 38.55, 28.3, 29.00, 38.55, 802, otc]
[4205, 97.5, 95.1, 95.40, 97.20, 163, otc]
[4207, 18.45, 18.15, 18.30, 18.25, 2548, otc]
[4303, 53.2, 43.1, 44.05, 53.00, 67527, otc]
[4304, 8.25, 7.79, 8.10, 7.87, 243, otc]
[4305, 40.3, 39.8, 40.30, 39.95, 86, otc]
[4306, 19.0, 17.95, 18.30, 18.65, 25957, tse]
[4401, 26.6, 23.75, 23.75, 25.70, 5222, otc]
[4402, 19.35, 17.4, 17.40, 18.70, 5489, otc]
[4406, 10.4, 10.0, 10.15, 10.15, 113, otc]
[4413, 19.2, 18.3, 19.10, 18.35, 143, otc]
[4414, 3.74, 3.62, 3.64, 3.66, 2421, tse]
[4416, 103.0, 100.0, 102.00, 102.00, 100, otc]
[4417, 39.2, 38.9, 39.10, 39.15, 317, otc]
[4419, 45.1, 40.0, 40.00, 43.95, 66, otc]
[4420, 72.0, 47.4, 72.00, 47.70, 7891, otc]
[4426, 18.35, 17.55, 17.85, 17.60, 589, tse]
[4430, 21.85, 21.15, 21.65, 21.40, 48, otc]
[4432, 25.7, 24.35, 25.70, 24.80, 1055, otc]
[4433, 29.4, 28.9, 29.00, 29.20, 137, otc]
[4438, 111.5, 110.0, 111.00, 111.00, 211, tse]
[4439, 107.0, 104.0, 106.50, 104.00, 220, tse]
[4440, 23.8, 23.55, 23.75, 23.75, 285, tse]
[4442, 23.2, 22.45, 22.80, 22.95, 80, otc]
[4502, 36.6, 36.3, 36.40, 36.45, 55, otc]
[4503, 66.3, 61.1, 65.40, 63.00, 6175, otc]
[4506, 93.1, 89.5, 90.00, 93.00, 437, otc]
[4510, 18.3, 15.7, 16.00, 17.35, 9135, otc]
[4513, 29.4, 26.65, 26.75, 27.95, 8039, otc]
[4523, 67.5, 55.9, 55.90, 64.40, 5149, otc]
[4526, 24.95, 20.35, 20.35, 22.80, 84345, tse]
[4527, 41.5, 40.3, 40.60, 40.85, 460, otc]
[4528, 30.8, 30.1, 30.35, 30.40, 154, otc]
[4529, 15.2, 13.6, 15.15, 13.80, 2337, otc]
[4530, 7.96, 7.25, 7.89, 7.65, 86, otc]
[4532, 25.65, 24.4, 24.70, 24.50, 17387, tse]
[4533, 28.35, 26.15, 27.00, 26.95, 21520, otc]
[4534, 11.5, 10.7, 10.70, 11.10, 659, otc]
[4535, 33.75, 33.15, 33.40, 33.35, 348, otc]
[4536, 199.0, 188.0, 189.50, 192.50, 1184, tse]
[4538, 21.65, 20.8, 21.65, 21.25, 665, otc]
[4540, 40.9, 34.5, 34.50, 37.00, 11612, tse]
[4541, 31.65, 29.15, 29.70, 31.35, 3140, otc]
[4542, 70.2, 63.4, 67.00, 63.50, 2205, otc]
[4543, 53.3, 50.0, 51.00, 50.40, 4245, otc]
[4545, 32.2, 30.65, 30.80, 31.45, 329, tse]
[4549, 95.8, 94.5, 95.00, 95.10, 145, otc]
[4550, 38.75, 37.7, 38.45, 38.10, 566, otc]
[4551, 109.0, 104.0, 106.50, 106.00, 721, tse]
[4552, 31.1, 30.2, 30.70, 30.85, 1325, tse]
[4554, 31.9, 30.1, 30.85, 30.20, 672, otc]
[4555, 65.6, 62.8, 64.30, 63.30, 469, tse]
[4556, 39.45, 36.4, 38.70, 36.40, 695, otc]
[4557, 129.5, 120.5, 125.00, 125.50, 700, tse]
[4558, 25.0, 24.4, 24.70, 24.40, 54, otc]
[4560, 37.1, 36.5, 36.75, 36.90, 488, tse]
[4561, 36.55, 33.5, 33.60, 34.75, 2794, otc]
[4562, 19.95, 15.75, 15.75, 19.55, 9170, tse]
[4563, 50.7, 46.75, 47.60, 48.25, 2536, otc]
[4564, 23.75, 22.85, 23.10, 23.00, 3549, tse]
[4566, 52.9, 51.4, 51.80, 51.90, 970, tse]
[4568, 57.1, 56.1, 57.10, 56.40, 46, otc]
[4569, 95.9, 90.0, 90.30, 94.00, 204, tse]
[4571, 101.0, 93.8, 96.30, 96.80, 569, tse]
[4572, 180.0, 164.0, 165.00, 172.00, 5881, tse]
[4576, 93.7, 75.6, 76.90, 81.70, 14387, tse]
[4577, 20.35, 19.6, 19.95, 19.90, 97, otc]
[4580, 98.5, 95.3, 97.80, 96.10, 987, otc]
[4581, 70.1, 67.2, 69.80, 67.80, 623, tse]
[4583, 265.0, 241.0, 245.00, 244.00, 3148, tse]
[4584, 75.3, 61.3, 61.60, 73.50, 704, otc]
[4588, 109.5, 98.6, 102.00, 100.50, 3966, tse]
[4609, 6.96, 6.32, 6.41, 6.51, 77, otc]
[4702, 13.6, 13.1, 13.20, 13.10, 429, otc]
[4706, 29.65, 28.0, 28.85, 28.05, 216, otc]
[4707, 14.55, 13.65, 13.70, 14.15, 4723, otc]
[4711, 17.1, 16.7, 16.75, 16.85, 114, otc]
[4714, 24.45, 21.05, 22.90, 22.10, 101643, otc]
[4716, 13.65, 13.0, 13.00, 13.55, 1116, otc]
[4720, 15.9, 15.4, 15.70, 15.60, 2232, tse]
[4721, 75.1, 73.2, 73.80, 73.80, 859, otc]
[4722, 39.95, 38.5, 38.50, 38.90, 478, tse]
[4726, 39.45, 37.15, 37.25, 38.55, 2112, otc]
[4728, 245.0, 211.0, 211.00, 231.00, 1633, otc]
[4729, 19.8, 18.6, 19.15, 18.65, 981, otc]
[4735, 36.05, 35.2, 35.50, 35.90, 109, otc]
[4736, 157.0, 151.5, 151.50, 155.00, 743, tse]
[4737, 70.5, 68.0, 70.00, 70.50, 319, tse]
[4739, 66.0, 62.9, 64.80, 62.90, 1154, tse]
[4741, 37.0, 35.45, 35.70, 36.95, 163, otc]
[4743, 177.5, 169.0, 173.00, 175.50, 8277, otc]
[4744, 24.65, 23.95, 24.25, 23.95, 1118, otc]
[4745, 24.9, 23.8, 24.40, 23.90, 238, otc]
[4746, 113.0, 100.0, 100.50, 107.50, 19119, tse]
[4747, 73.4, 71.5, 72.10, 72.10, 781, otc]
[4754, 41.55, 40.55, 40.55, 40.90, 99, otc]
[4755, 166.5, 152.5, 157.50, 157.50, 10328, tse]
[4760, 70.6, 69.0, 69.80, 70.10, 400, otc]
[4763, 924.0, 878.0, 905.00, 898.00, 6666, tse]
[4764, 38.2, 34.7, 38.20, 34.75, 287, tse]
[4766, 332.5, 308.5, 315.50, 311.00, 3974, tse]
[4767, 32.2, 31.55, 31.80, 32.20, 55, otc]
[4768, 243.0, 219.0, 229.00, 236.50, 9421, otc]
[4770, 458.0, 413.0, 416.00, 421.00, 6277, tse]
[4771, 384.0, 341.0, 378.00, 344.00, 5127, tse]
[4804, 4.68, 4.14, 4.42, 4.25, 350, otc]
[4806, 11.7, 10.6, 11.25, 11.60, 68, otc]
[4807, 17.55, 16.75, 17.20, 17.10, 58, tse]
[4903, 17.2, 16.6, 16.85, 16.90, 525, otc]
[4904, 81.9, 78.5, 78.70, 81.50, 24511, tse]
[4905, 88.5, 83.9, 87.00, 84.10, 351, otc]
[4906, 35.35, 33.95, 35.20, 34.10, 21954, tse]
[4907, 53.0, 47.8, 47.95, 51.80, 695, otc]
[4908, 113.5, 102.5, 108.50, 108.50, 22624, otc]
[4909, 91.0, 80.0, 82.00, 87.90, 32568, otc]
[4911, 61.5, 57.0, 57.00, 59.50, 325, otc]
[4912, 132.0, 122.0, 126.50, 123.50, 2817, tse]
[4915, 88.4, 80.4, 84.30, 83.70, 55339, tse]
[4916, 32.8, 31.2, 32.25, 31.60, 2732, tse]
[4919, 126.0, 122.0, 124.00, 122.50, 11217, tse]
[4923, 48.45, 46.7, 48.00, 47.60, 186, otc]
[4924, 15.0, 14.15, 14.60, 14.30, 112, otc]
[4927, 42.5, 39.7, 41.75, 40.35, 4098, tse]
[4930, 36.8, 32.65, 36.60, 32.90, 3401, tse]
[4931, 33.9, 31.1, 32.40, 32.75, 4117, otc]
[4933, 59.5, 57.5, 58.10, 57.70, 1407, otc]
[4934, 26.1, 25.2, 25.50, 25.40, 3780, tse]
[4935, 52.2, 50.0, 50.20, 51.90, 887, tse]
[4938, 104.0, 95.3, 103.00, 102.00, 134612, tse]
[4939, 23.65, 21.9, 22.70, 22.40, 3879, otc]
[4942, 45.8, 44.7, 45.80, 45.20, 1128, tse]
[4943, 30.0, 24.35, 28.90, 24.35, 880, tse]
[4945, 129.5, 115.5, 121.50, 123.50, 4079, otc]
[4946, 49.5, 44.8, 45.00, 49.50, 135, otc]
[4951, 78.5, 73.8, 76.90, 74.00, 1816, otc]
[4952, 49.9, 48.0, 49.90, 48.10, 856, tse]
[4953, 150.5, 141.0, 150.50, 143.50, 5409, otc]
[4956, 18.5, 17.9, 18.25, 18.00, 3855, tse]
[4958, 127.5, 109.5, 116.00, 125.00, 80554, tse]
[4960, 13.45, 13.05, 13.20, 13.05, 16033, tse]
[4961, 284.0, 257.0, 263.00, 268.00, 34559, tse]
[4966, 994.0, 913.0, 980.00, 934.00, 5204, otc]
[4967, 83.7, 78.5, 80.40, 79.00, 10150, tse]
[4968, 230.0, 203.5, 228.00, 205.50, 9704, tse]
[4971, 61.4, 58.4, 61.00, 59.70, 459, otc]
[4972, 28.55, 28.0, 28.55, 28.10, 250, otc]
[4973, 41.3, 39.55, 40.75, 39.80, 3804, otc]
[4974, 69.0, 67.8, 68.30, 68.80, 446, otc]
[4976, 44.7, 41.55, 42.00, 41.85, 8881, tse]
[4977, 74.7, 72.5, 73.50, 72.70, 1605, tse]
[4979, 144.5, 118.5, 140.50, 124.00, 42185, otc]
[4987, 62.5, 61.4, 62.50, 61.60, 62, otc]
[4989, 24.35, 23.5, 23.90, 23.55, 458, tse]
[4991, 31.9, 28.6, 29.30, 30.35, 750, otc]
[4994, 135.0, 115.0, 130.50, 115.00, 1609, tse]
[4995, 51.0, 50.1, 51.00, 50.30, 216, otc]
[4999, 33.7, 33.15, 33.30, 33.50, 704, tse]
[5007, 60.0, 55.6, 58.50, 56.00, 2273, tse]
[5009, 50.8, 48.55, 49.35, 49.30, 35968, otc]
[5011, 26.55, 24.8, 26.20, 25.15, 3438, otc]
[5013, 34.65, 33.6, 33.95, 34.30, 29, otc]
[5014, 13.05, 12.8, 13.05, 12.90, 949, otc]
[5015, 45.3, 44.6, 45.10, 44.90, 227, otc]
[5016, 28.4, 27.6, 27.70, 28.25, 59, otc]
[5201, 38.95, 36.45, 38.00, 37.35, 3538, otc]
[5202, 25.15, 22.0, 24.90, 22.25, 6899, otc]
[5203, 91.0, 87.1, 87.60, 88.00, 1588, tse]
[5205, 29.5, 27.05, 28.45, 27.95, 20, otc]
[5206, 34.05, 32.25, 32.25, 33.50, 672, otc]
[5209, 209.5, 192.5, 200.00, 202.00, 987, otc]
[5210, 42.2, 40.15, 40.90, 40.45, 1711, otc]
[5211, 24.8, 23.0, 23.00, 24.05, 412, otc]
[5212, 66.6, 62.0, 62.20, 63.00, 575, otc]
[5213, 40.35, 38.8, 39.90, 39.20, 4435, otc]
[5215, 52.3, 50.3, 51.30, 51.00, 526, tse]
[5220, 26.65, 26.3, 26.60, 26.50, 82, otc]
[5222, 187.5, 175.0, 179.50, 177.50, 11374, tse]
[5223, 42.0, 38.5, 39.20, 39.25, 425, otc]
[5225, 120.0, 104.5, 113.50, 120.00, 9218, tse]
[5227, 41.3, 39.05, 39.05, 40.35, 830, otc]
[5228, 23.7, 22.25, 22.85, 22.75, 156, otc]
[5230, 25.8, 24.8, 25.50, 25.10, 689, otc]
[5234, 164.0, 143.0, 147.50, 152.00, 17986, tse]
[5236, 151.0, 143.0, 149.00, 145.00, 1092, otc]
[5243, 62.7, 55.9, 58.20, 59.40, 23980, tse]
[5244, 52.5, 46.8, 48.70, 46.90, 3315, tse]
[5245, 38.95, 34.4, 36.35, 34.55, 347, otc]
[5251, 23.75, 22.5, 22.65, 22.85, 1115, otc]
[5258, 148.5, 136.5, 136.50, 140.00, 29196, tse]
[5263, 118.5, 113.5, 116.00, 113.50, 495, otc]
[5269, 2480.0, 2205.0, 2,255.00, 2,395.00, 7450, tse]
[5272, 38.0, 34.2, 37.40, 34.35, 2934, otc]
[5274, 3460.0, 2885.0, 2,915.00, 3,330.00, 3436, otc]
[5276, 14.1, 13.75, 14.00, 14.10, 21, otc]
[5278, 272.0, 246.0, 270.50, 257.00, 191, otc]
[5283, 116.0, 114.5, 114.50, 115.50, 466, tse]
[5284, 236.0, 193.5, 197.50, 212.50, 24841, tse]
[5285, 63.3, 60.5, 62.50, 62.00, 670, tse]
[5287, 208.0, 205.0, 207.50, 206.50, 337, otc]
[5288, 201.0, 195.0, 201.00, 195.50, 373, tse]
[5289, 318.0, 302.5, 302.50, 305.50, 4716, otc]
[5291, 27.25, 26.75, 27.00, 27.05, 216, otc]
[5292, 164.5, 150.0, 163.00, 151.00, 1866, tse]
[5299, 116.0, 112.0, 114.00, 112.50, 762, otc]
[5301, 8.76, 8.5, 8.50, 8.59, 117, otc]
[5302, 11.3, 10.95, 11.15, 11.10, 781, otc]
[5306, 144.5, 140.0, 142.50, 141.00, 732, tse]
[5309, 40.6, 35.55, 36.85, 35.75, 53001, otc]
[5310, 53.0, 42.1, 50.50, 47.85, 2894, otc]
[5312, 112.0, 105.0, 108.50, 105.00, 1399, otc]
[5314, 434.0, 316.0, 318.00, 397.50, 3508, otc]
[5315, 18.6, 18.1, 18.35, 18.20, 1131, otc]
[5321, 79.3, 76.8, 79.30, 77.10, 400, otc]
[5324, 12.25, 10.9, 11.00, 11.85, 6403, otc]
[5328, 15.6, 14.55, 15.00, 14.95, 3677, otc]
[5340, 56.3, 52.2, 53.90, 53.10, 2454, otc]
[5344, 24.55, 22.1, 22.50, 22.20, 702, otc]
[5345, 12.2, 11.7, 12.20, 12.00, 19, otc]
[5347, 88.4, 83.4, 87.40, 85.50, 70683, otc]
[5348, 19.15, 17.2, 19.15, 17.85, 194, otc]
[5351, 53.0, 50.6, 51.10, 50.80, 26759, otc]
[5353, 37.0, 36.0, 36.85, 36.20, 679, otc]
[5355, 11.45, 10.85, 11.00, 11.05, 1089, otc]
[5356, 35.5, 34.45, 34.50, 34.90, 2495, otc]
[5364, 16.9, 16.45, 16.70, 16.60, 259, otc]
[5371, 82.5, 73.8, 74.30, 80.40, 36643, otc]
[5381, 37.8, 33.45, 33.90, 34.40, 24486, otc]
[5383, 40.65, 37.8, 38.80, 40.00, 1010, otc]
[5386, 93.4, 82.0, 85.00, 83.90, 10777, otc]
[5388, 151.5, 134.0, 150.00, 135.50, 44580, tse]
[5392, 23.65, 22.8, 23.25, 23.50, 3284, otc]
[5398, 19.95, 17.7, 18.60, 18.20, 3650, otc]
[5403, 137.5, 131.5, 137.00, 136.00, 1691, otc]
[5410, 34.8, 33.95, 34.40, 34.25, 1238, otc]
[5425, 77.7, 74.1, 77.50, 74.10, 7339, otc]
[5426, 39.8, 34.05, 34.25, 36.25, 41406, otc]
[5432, 179.5, 156.0, 157.00, 161.50, 6334, otc]
[5434, 222.5, 214.0, 216.00, 219.00, 3898, tse]
[5438, 19.05, 18.2, 19.05, 18.30, 264, otc]
[5439, 137.0, 119.5, 133.00, 124.00, 37403, otc]
[5443, 58.4, 53.8, 56.50, 54.60, 33345, otc]
[5450, 20.35, 19.6, 20.10, 19.85, 380, otc]
[5452, 27.15, 25.0, 26.40, 25.00, 8302, otc]
[5455, 47.1, 45.05, 45.10, 46.55, 31, otc]
[5457, 64.2, 60.3, 63.40, 60.70, 3132, otc]
[5460, 14.4, 14.2, 14.25, 14.25, 344, otc]
[5464, 29.6, 28.05, 29.00, 29.10, 400, otc]
[5465, 46.7, 44.85, 46.45, 45.25, 1929, otc]
[5468, 17.45, 17.05, 17.25, 17.25, 114, otc]
[5469, 66.2, 60.1, 62.70, 60.80, 72204, tse]
[5471, 54.8, 49.15, 49.30, 52.80, 9746, tse]
[5474, 143.5, 131.5, 139.50, 132.00, 2788, otc]
[5475, 11.7, 11.2, 11.70, 11.20, 819, otc]
[5478, 152.0, 141.0, 152.00, 144.00, 1891, otc]
[5481, 13.5, 13.35, 13.40, 13.45, 478, otc]
[5483, 226.0, 209.0, 225.00, 214.50, 75557, otc]
[5484, 25.6, 24.0, 24.60, 24.75, 267, tse]
[5487, 33.2, 29.9, 31.30, 31.20, 240, otc]
[5488, 13.5, 12.6, 13.40, 12.65, 6887, otc]
[5489, 37.4, 36.5, 37.15, 37.40, 526, otc]
[5490, 25.45, 24.65, 24.75, 25.15, 714, otc]
[5493, 96.4, 82.8, 92.60, 87.30, 3157, otc]
[5498, 14.5, 13.55, 13.60, 13.60, 20577, otc]
[5508, 130.5, 123.0, 125.00, 128.50, 5269, otc]
[5511, 73.6, 71.1, 72.60, 72.00, 2859, otc]
[5512, 10.85, 9.9, 10.10, 10.50, 31549, otc]
[5514, 20.9, 19.6, 19.85, 19.90, 330, otc]
[5515, 23.2, 19.1, 19.95, 20.75, 63396, tse]
[5516, 20.2, 19.5, 19.50, 19.95, 184, otc]
[5519, 41.0, 38.0, 38.00, 40.75, 6458, tse]
[5520, 82.0, 77.1, 79.10, 77.50, 106, otc]
[5521, 14.15, 13.05, 13.25, 13.20, 45222, tse]
[5522, 57.9, 56.8, 57.10, 57.20, 3033, tse]
[5523, 29.25, 27.5, 27.65, 29.00, 1095, otc]
[5525, 32.8, 31.55, 32.55, 32.25, 996, tse]
[5529, 25.5, 22.9, 24.80, 23.90, 2203, otc]
[5530, 41.0, 40.25, 41.00, 40.85, 1494, otc]
[5531, 9.98, 9.38, 9.38, 9.61, 3771, tse]
[5533, 23.95, 22.8, 23.15, 23.55, 1849, tse]
[5534, 88.4, 85.2, 85.30, 88.40, 5507, tse]
[5536, 206.5, 196.0, 206.50, 196.50, 2854, otc]
[5538, 32.0, 31.45, 31.65, 32.00, 43, tse]
[5543, 47.4, 44.95, 46.10, 46.10, 137, otc]
[5546, 30.95, 29.3, 29.95, 29.80, 94, tse]
[5548, 32.9, 31.6, 32.05, 32.35, 461, otc]
[5601, 36.55, 35.7, 36.05, 36.55, 18, otc]
[5603, 24.45, 22.8, 22.80, 23.90, 4261, otc]
[5604, 42.8, 41.45, 42.10, 41.80, 311, otc]
[5607, 57.7, 55.3, 56.90, 55.90, 3352, tse]
[5608, 19.2, 18.35, 19.00, 18.45, 7444, tse]
[5609, 90.7, 88.0, 90.20, 90.10, 1289, otc]
[5701, 5.98, 5.44, 5.78, 5.73, 185, otc]
[5703, 21.5, 21.2, 21.25, 21.20, 116, otc]
[5704, 50.2, 48.6, 48.95, 49.40, 171, otc]
[5706, 69.5, 67.2, 68.00, 68.40, 1979, tse]
[5864, 19.25, 18.55, 19.00, 19.05, 9312, otc]
[5871, 175.0, 170.5, 170.50, 172.00, 16220, tse]
[5876, 49.0, 46.6, 47.80, 48.35, 57532, tse]
[5878, 48.3, 47.85, 48.05, 48.30, 62, otc]
[5880, 26.35, 25.9, 26.00, 26.20, 47336, tse]
[5902, 33.2, 32.75, 32.75, 33.05, 113, otc]
[5903, 189.0, 187.0, 187.00, 188.50, 150, otc]
[5904, 503.0, 494.5, 501.00, 495.00, 683, otc]
[5905, 12.25, 12.05, 12.15, 12.10, 2152, otc]
[5906, 67.5, 62.0, 65.20, 66.70, 51, tse]
[5907, 9.21, 8.8, 9.10, 8.92, 836, tse]
[6005, 19.3, 18.7, 19.10, 19.15, 47097, tse]
[6015, 12.5, 12.05, 12.45, 12.15, 11313, otc]
[6016, 16.7, 16.05, 16.60, 16.65, 19834, otc]
[6020, 19.7, 19.3, 19.65, 19.30, 115, otc]
[6021, 17.2, 16.6, 16.90, 16.90, 315, otc]
[6023, 81.9, 77.7, 78.80, 81.10, 1627, otc]
[6024, 54.7, 53.4, 54.40, 54.50, 1639, tse]
[6026, 15.85, 15.35, 15.80, 15.65, 15424, otc]
[6101, 46.4, 45.2, 46.20, 45.75, 568, otc]
[6103, 37.15, 33.3, 33.30, 33.90, 10, otc]
[6104, 112.0, 106.5, 109.50, 107.00, 4991, otc]
[6108, 22.65, 21.25, 21.90, 21.55, 2740, tse]
[6109, 15.6, 14.8, 15.45, 14.95, 1439, otc]
[6111, 70.8, 68.9, 70.00, 69.90, 2394, otc]
[6112, 69.0, 66.2, 68.50, 66.40, 3779, tse]
[6113, 31.95, 29.3, 30.90, 29.40, 3599, otc]
[6114, 26.7, 25.2, 25.55, 25.20, 378, otc]
[6115, 54.4, 52.0, 53.90, 52.20, 1201, tse]
[6116, 11.0, 10.6, 10.85, 10.60, 26697, tse]
[6117, 83.0, 77.0, 78.60, 81.00, 20397, tse]
[6118, 26.1, 23.75, 25.90, 23.80, 1829, otc]
[6120, 16.5, 15.85, 16.05, 16.10, 24509, tse]
[6121, 464.0, 430.5, 455.50, 448.00, 26893, otc]
[6122, 71.7, 67.8, 70.00, 69.00, 13138, otc]
[6123, 71.2, 69.8, 70.30, 70.70, 275, otc]
[6124, 38.45, 36.5, 37.65, 36.95, 1275, otc]
[6125, 91.8, 82.7, 83.00, 82.80, 162355, otc]
[6126, 37.95, 34.2, 35.10, 37.45, 27660, otc]
[6127, 27.85, 26.7, 27.45, 26.70, 2925, otc]
[6128, 41.4, 39.0, 39.20, 40.10, 4208, tse]
[6129, 28.6, 26.2, 26.90, 27.25, 7038, otc]
[6130, 26.0, 24.1, 25.40, 24.15, 117, otc]
[6133, 14.35, 13.9, 13.90, 14.05, 1490, tse]
[6134, 20.8, 19.7, 20.50, 19.95, 716, otc]
[6136, 23.8, 23.4, 23.55, 23.45, 1466, tse]
[6138, 212.5, 200.5, 211.00, 202.00, 3758, otc]
[6139, 244.5, 196.5, 210.00, 240.50, 133667, tse]
[6140, 30.9, 28.5, 30.30, 29.20, 3109, otc]
[6141, 18.8, 17.85, 18.60, 18.05, 1959, tse]
[6142, 10.15, 9.96, 10.00, 9.97, 1378, tse]
[6143, 98.3, 92.2, 96.90, 92.30, 6673, otc]
[6144, 18.35, 15.25, 15.50, 18.35, 571, otc]
[6146, 272.0, 248.5, 265.00, 249.00, 8141, otc]
[6147, 80.0, 73.5, 76.10, 79.00, 64749, otc]
[6148, 33.95, 32.15, 32.30, 32.35, 850, otc]
[6150, 94.3, 88.5, 88.50, 90.80, 5046, otc]
[6151, 29.0, 26.2, 28.20, 26.65, 1325, otc]
[6152, 10.55, 10.2, 10.30, 10.30, 2143, tse]
[6153, 20.5, 19.95, 20.25, 20.25, 4568, tse]
[6154, 17.4, 17.15, 17.20, 17.20, 215, otc]
[6155, 26.75, 26.2, 26.20, 26.30, 657, tse]
[6156, 24.2, 23.35, 23.80, 23.35, 2259, otc]
[6158, 31.6, 30.6, 31.10, 31.25, 554, otc]
[6160, 23.6, 22.1, 23.60, 22.15, 1644, otc]
[6161, 49.25, 47.2, 48.75, 47.45, 2170, otc]
[6163, 24.2, 22.05, 22.60, 22.35, 36073, otc]
[6164, 15.25, 14.55, 14.65, 14.80, 5484, tse]
[6165, 42.05, 39.0, 41.85, 39.30, 4883, tse]
[6166, 73.7, 66.9, 68.00, 67.00, 18692, tse]
[6167, 17.0, 16.05, 16.35, 16.05, 4397, otc]
[6168, 24.7, 23.85, 24.45, 24.15, 3645, tse]
[6169, 22.55, 21.9, 22.15, 22.35, 145, otc]
[6170, 54.6, 53.2, 53.60, 53.80, 2011, otc]
[6171, 34.9, 33.0, 33.50, 34.60, 727, otc]
[6173, 46.8, 44.5, 45.10, 45.40, 2716, otc]
[6174, 22.8, 22.5, 22.70, 22.55, 104, otc]
[6175, 34.2, 33.45, 34.05, 33.80, 488, otc]
[6176, 181.0, 167.5, 176.50, 169.00, 47164, tse]
[6177, 42.1, 39.8, 39.95, 41.60, 7948, tse]
[6179, 38.4, 33.45, 33.50, 36.10, 57140, otc]
[6180, 74.2, 71.3, 74.10, 72.80, 3734, otc]
[6182, 40.05, 38.7, 39.70, 39.00, 12569, otc]
[6183, 76.3, 72.8, 72.80, 74.60, 359, tse]
[6184, 56.0, 53.1, 53.30, 54.20, 313, tse]
[6185, 17.25, 16.5, 16.70, 16.75, 1426, otc]
[6186, 64.9, 61.7, 62.20, 64.80, 2972, otc]
[6187, 254.0, 234.0, 252.00, 249.00, 2489, otc]
[6188, 112.5, 97.1, 105.00, 97.10, 92705, otc]
[6189, 93.9, 86.4, 88.30, 87.70, 52555, tse]
[6190, 37.0, 34.75, 35.15, 35.35, 11495, otc]
[6191, 76.5, 68.9, 71.50, 72.70, 51035, tse]
[6192, 101.5, 98.3, 99.20, 100.00, 820, tse]
[6194, 36.75, 35.5, 35.80, 35.75, 771, otc]
[6195, 41.75, 41.6, 41.75, 41.65, 107, otc]
[6196, 167.0, 158.5, 163.00, 163.50, 10879, tse]
[6197, 139.0, 105.0, 106.00, 139.00, 37094, tse]
[6198, 47.65, 44.9, 46.10, 46.95, 2072, otc]
[6199, 29.65, 26.85, 27.05, 29.65, 40, otc]
[6201, 64.6, 63.0, 64.60, 63.10, 456, tse]
[6202, 55.3, 53.7, 55.00, 53.90, 3566, tse]
[6203, 89.8, 86.5, 87.90, 88.00, 1155, otc]
[6204, 153.0, 141.5, 144.50, 145.00, 4344, otc]
[6205, 83.4, 77.2, 82.80, 77.70, 4674, tse]
[6206, 79.4, 76.7, 79.10, 78.00, 2709, tse]
[6207, 42.0, 38.8, 39.20, 40.65, 12065, otc]
[6208, 61.8, 58.0, 59.40, 58.30, 2764, otc]
[6209, 27.3, 25.7, 26.00, 25.90, 5621, tse]
[6210, 27.8, 25.6, 27.10, 25.65, 548, otc]
[6212, 63.4, 59.5, 59.50, 62.40, 187, otc]
[6213, 98.3, 83.2, 86.00, 98.30, 54733, tse]
[6214, 126.5, 116.5, 123.00, 118.50, 4210, tse]
[6215, 36.7, 30.1, 30.25, 34.10, 47569, tse]
[6216, 37.75, 35.2, 37.10, 35.95, 3548, tse]
[6217, 43.95, 42.0, 42.70, 42.20, 5701, otc]
[6218, 27.7, 26.45, 27.60, 26.65, 1089, otc]
[6219, 37.4, 34.5, 34.85, 37.40, 7405, otc]
[6220, 25.0, 24.05, 24.90, 24.10, 1239, otc]
[6221, 81.0, 75.8, 75.80, 79.10, 291, otc]
[6222, 35.3, 33.05, 33.60, 33.25, 179, otc]
[6223, 322.5, 304.0, 315.00, 312.00, 5950, otc]
[6224, 56.5, 55.0, 55.10, 56.40, 606, tse]
[6225, 16.75, 15.85, 16.45, 16.65, 46, tse]
[6226, 10.75, 10.3, 10.45, 10.35, 1604, tse]
[6227, 68.8, 59.4, 61.50, 62.70, 22455, otc]
[6228, 23.3, 22.25, 22.75, 23.05, 104, otc]
[6229, 33.7, 31.35, 31.85, 31.60, 1802, otc]
[6230, 197.0, 180.0, 194.50, 191.00, 987, tse]
[6231, 261.5, 242.5, 259.00, 250.00, 3460, otc]
[6233, 43.4, 41.35, 42.50, 41.35, 6006, otc]
[6234, 31.9, 28.65, 29.60, 28.65, 11263, otc]
[6235, 111.5, 102.0, 111.50, 102.50, 12193, tse]
[6236, 33.2, 30.2, 31.30, 32.80, 9, otc]
[6237, 64.0, 59.4, 62.20, 60.00, 5556, otc]
[6239, 204.0, 182.5, 192.50, 200.50, 59183, tse]
[6240, 24.3, 22.05, 22.05, 22.70, 198, otc]
[6241, 15.8, 15.1, 15.40, 15.25, 411, otc]
[6242, 54.4, 52.8, 53.10, 53.80, 151, otc]
[6243, 69.2, 64.8, 68.60, 66.30, 3875, tse]
[6244, 28.95, 27.0, 28.10, 27.75, 21823, otc]
[6245, 104.5, 99.4, 101.50, 100.50, 4747, otc]
[6246, 15.5, 14.75, 15.25, 15.00, 264, otc]
[6248, 34.85, 32.6, 32.95, 33.80, 4861, otc]
[6257, 75.6, 70.0, 73.60, 71.00, 59738, tse]
[6259, 22.0, 21.15, 21.75, 21.20, 174, otc]
[6261, 72.9, 68.6, 70.00, 72.20, 4226, otc]
[6263, 160.5, 154.5, 157.50, 157.00, 1306, otc]
[6264, 8.15, 7.88, 7.99, 7.91, 303, otc]
[6265, 12.3, 11.5, 12.05, 11.70, 3460, otc]
[6266, 34.0, 33.3, 33.65, 33.95, 1268, otc]
[6269, 92.5, 89.1, 91.30, 91.20, 9340, tse]
[6270, 24.3, 23.6, 23.90, 23.70, 1359, otc]
[6271, 149.5, 142.0, 145.50, 145.50, 6089, tse]
[6274, 187.5, 168.5, 169.00, 179.00, 147271, otc]
[6275, 66.7, 61.5, 66.20, 61.70, 12328, otc]
[6276, 73.4, 66.5, 73.40, 66.80, 954, otc]
[6277, 82.4, 79.9, 80.00, 81.50, 637, tse]
[6278, 110.5, 102.0, 105.50, 108.50, 15767, tse]
[6279, 168.0, 160.0, 162.50, 167.50, 3359, otc]
[6281, 84.1, 83.0, 83.70, 83.10, 1145, tse]
[6282, 40.4, 38.7, 40.30, 38.75, 27379, tse]
[6283, 24.65, 23.75, 24.50, 24.00, 719, tse]
[6284, 90.2, 84.5, 85.90, 85.60, 27235, otc]
[6285, 157.5, 146.5, 155.00, 155.00, 42955, tse]
[6287, 15.0, 13.0, 15.00, 13.95, 58, otc]
[6288, 34.95, 33.2, 34.25, 33.40, 7963, tse]
[6290, 102.0, 87.5, 96.00, 90.40, 60322, otc]
[6291, 177.5, 163.5, 176.50, 168.00, 447, otc]
[6292, 82.8, 78.1, 78.90, 79.00, 3394, otc]
[6294, 124.0, 121.0, 123.00, 122.00, 603, otc]
[6405, 24.4, 23.8, 24.20, 23.90, 346, tse]
[6409, 1690.0, 1615.0, 1,635.00, 1,640.00, 663, tse]
[6411, 108.5, 103.0, 106.00, 104.00, 1693, otc]
[6412, 185.0, 170.0, 185.00, 170.50, 2976, tse]
[6414, 376.0, 321.5, 331.00, 375.00, 40192, tse]
[6415, 369.5, 323.0, 363.00, 328.00, 13375, tse]
[6416, 134.5, 118.0, 123.00, 131.50, 7553, tse]
[6417, 103.5, 100.0, 102.50, 101.00, 269, otc]
[6418, 22.55, 21.95, 22.25, 22.30, 422, otc]
[6419, 56.8, 50.1, 50.20, 52.90, 1739, otc]
[6425, 74.5, 59.6, 60.30, 72.30, 34116, otc]
[6426, 71.9, 68.0, 70.60, 71.00, 1018, tse]
[6431, 13.75, 11.8, 13.60, 12.35, 1224, tse]
[6432, 33.6, 33.0, 33.60, 33.30, 276, otc]
[6435, 108.0, 104.0, 107.00, 104.00, 562, otc]
[6438, 124.5, 117.5, 122.00, 120.00, 6519, tse]
[6441, 45.5, 43.15, 43.90, 43.60, 508, otc]
[6442, 146.0, 128.0, 130.50, 140.50, 27956, tse]
[6443, 30.3, 28.6, 29.45, 29.20, 72933, tse]
[6446, 330.0, 316.0, 325.50, 322.00, 3887, tse]
[6449, 80.5, 71.8, 73.80, 78.00, 1298, tse]
[6451, 209.0, 176.5, 200.00, 176.50, 12793, tse]
[6456, 62.0, 55.9, 58.30, 60.80, 9470, tse]
[6457, 50.9, 46.45, 49.40, 46.50, 1265, otc]
[6461, 28.85, 27.7, 28.10, 27.75, 589, otc]
[6462, 278.0, 244.0, 255.50, 272.50, 47296, otc]
[6464, 87.8, 87.0, 87.50, 87.30, 495, tse]
[6465, 24.5, 22.4, 22.75, 22.90, 385, otc]
[6469, 303.0, 297.5, 302.00, 299.50, 642, otc]
[6470, 58.2, 55.6, 57.60, 56.60, 983, otc]
[6472, 661.0, 620.0, 625.00, 653.00, 7047, tse]
[6477, 42.2, 40.2, 41.60, 40.60, 6442, tse]
[6482, 54.9, 51.8, 51.80, 52.80, 147, otc]
[6485, 88.5, 82.6, 86.80, 83.50, 1701, otc]
[6486, 85.0, 83.6, 84.20, 84.00, 1168, otc]
[6488, 595.0, 540.0, 593.00, 580.00, 22471, otc]
[6491, 471.5, 444.5, 455.00, 454.00, 3298, tse]
[6492, 45.4, 42.95, 43.50, 44.10, 1043, otc]
[6494, 74.3, 70.4, 73.20, 70.40, 1136, otc]
[6496, 28.55, 28.05, 28.20, 28.05, 40, otc]
[6499, 43.8, 42.65, 43.05, 43.30, 280, otc]
[6504, 72.8, 70.0, 70.20, 71.30, 400, tse]
[6505, 70.4, 67.6, 67.90, 69.50, 22676, tse]
[6506, 17.4, 16.7, 16.70, 17.10, 114, otc]
[6508, 32.3, 31.75, 32.25, 31.95, 525, otc]
[6509, 39.3, 38.15, 38.80, 38.20, 2052, otc]
[6510, 527.0, 514.0, 523.00, 519.00, 652, otc]
[6512, 22.05, 21.35, 21.80, 21.45, 29, otc]
[6514, 53.6, 52.4, 52.50, 52.90, 408, otc]
[6515, 743.0, 697.0, 740.00, 719.00, 1544, tse]
[6516, 78.5, 76.8, 77.60, 77.50, 165, otc]
[6517, 93.8, 84.0, 85.00, 86.80, 16482, otc]
[6523, 172.0, 160.5, 166.00, 168.50, 1175, otc]
[6525, 68.9, 67.2, 68.90, 67.70, 421, tse]
[6526, 651.0, 606.0, 643.00, 619.00, 3299, tse]
[6527, 84.7, 83.4, 83.70, 83.60, 129, otc]
[6530, 63.0, 52.3, 55.00, 52.50, 18702, otc]
[6531, 415.0, 386.5, 407.50, 401.50, 10788, tse]
[6532, 74.2, 70.2, 73.10, 71.50, 1493, otc]
[6533, 482.5, 424.0, 461.00, 429.00, 5905, tse]
[6534, 88.2, 85.1, 88.00, 85.40, 214, tse]
[6535, 187.0, 175.0, 181.00, 178.00, 4263, otc]
[6538, 168.0, 151.5, 160.50, 154.50, 8327, otc]
[6541, 49.6, 48.05, 49.05, 48.70, 1225, tse]
[6542, 66.8, 57.0, 58.50, 66.40, 130, otc]
[6546, 136.5, 122.0, 131.50, 128.00, 10130, otc]
[6547, 54.0, 51.5, 53.00, 52.00, 4933, otc]
[6548, 34.75, 33.6, 33.70, 34.00, 5290, otc]
[6550, 73.5, 66.7, 67.50, 71.50, 14242, tse]
[6552, 35.4, 33.55, 33.85, 34.20, 336, tse]
[6556, 85.5, 82.1, 85.00, 85.00, 76, otc]
[6558, 23.65, 22.35, 23.05, 22.55, 674, tse]
[6560, 29.6, 28.3, 29.60, 28.50, 105, otc]
[6561, 386.0, 372.5, 372.50, 379.00, 528, otc]
[6568, 147.0, 142.0, 144.00, 142.50, 222, otc]
[6569, 196.0, 176.0, 177.50, 177.50, 2872, otc]
[6570, 54.0, 52.8, 52.90, 53.10, 383, otc]
[6573, 13.6, 13.0, 13.45, 13.15, 282, tse]
[6574, 51.3, 49.35, 49.35, 50.40, 140, otc]
[6576, 98.8, 95.0, 95.50, 98.00, 821, otc]
[6577, 154.5, 138.0, 141.00, 139.00, 3451, otc]
[6578, 26.65, 23.2, 23.60, 25.30, 6873, otc]
[6579, 172.5, 162.5, 166.50, 165.00, 2129, tse]
[6581, 93.4, 89.6, 92.50, 90.20, 440, tse]
[6582, 49.2, 47.9, 48.00, 48.15, 207, tse]
[6584, 212.0, 174.5, 212.00, 199.00, 8373, otc]
[6585, 197.0, 182.0, 185.00, 185.00, 2772, tse]
[6588, 35.0, 32.5, 35.00, 33.50, 286, otc]
[6589, 89.0, 85.3, 87.80, 87.00, 2604, otc]
[6590, 97.5, 94.2, 97.50, 95.30, 227, otc]
[6591, 62.4, 58.2, 61.10, 58.60, 3581, tse]
[6592, 122.5, 118.5, 119.50, 119.50, 3228, tse]
[6593, 186.5, 169.0, 184.50, 170.00, 3921, otc]
[6596, 81.6, 72.0, 81.00, 72.90, 5967, otc]
[6598, 22.0, 21.1, 21.50, 21.50, 222, tse]
[6603, 15.75, 15.05, 15.30, 15.10, 1563, otc]
[6605, 236.5, 194.5, 202.00, 219.50, 23418, tse]
[6606, 27.95, 25.4, 25.60, 27.20, 2012, tse]
[6609, 36.65, 34.5, 34.80, 34.90, 1136, otc]
[6612, 113.0, 106.0, 111.00, 111.00, 285, otc]
[6613, 198.5, 185.0, 195.00, 186.50, 2047, otc]
[6615, 41.6, 40.5, 41.10, 41.00, 82, otc]
[6616, 14.4, 13.8, 14.05, 14.10, 879, otc]
[6624, 42.35, 40.5, 40.85, 42.00, 165, otc]
[6625, 101.0, 95.5, 99.70, 96.10, 898, tse]
[6629, 72.9, 70.5, 72.70, 72.70, 156, otc]
[6640, 420.5, 381.0, 399.50, 384.50, 708, otc]
[6641, 40.0, 39.0, 39.30, 39.80, 135, tse]
[6642, 58.5, 51.9, 51.90, 57.10, 1042, otc]
[6643, 1525.0, 1285.0, 1,525.00, 1,410.00, 1586, otc]
[6645, 38.7, 36.8, 37.00, 38.45, 182, tse]
[6649, 31.1, 25.35, 25.65, 31.10, 527, otc]
[6651, 78.8, 76.5, 77.00, 76.50, 794, otc]
[6654, 53.3, 49.1, 53.10, 49.30, 97, otc]
[6655, 121.5, 118.0, 118.50, 120.50, 87, tse]
[6657, 62.5, 53.0, 54.70, 58.80, 2057, tse]
[6658, 42.4, 39.0, 39.60, 41.40, 140, tse]
[6661, 22.85, 22.2, 22.70, 22.60, 83, otc]
[6662, 36.95, 35.2, 35.90, 36.95, 41, otc]
[6664, 175.0, 160.0, 164.00, 172.00, 3957, otc]
[6666, 69.6, 62.2, 62.70, 69.60, 302, tse]
[6667, 167.0, 145.5, 154.00, 158.00, 16711, otc]
[6668, 67.7, 59.6, 60.30, 63.70, 39253, tse]
[6669, 2340.0, 2100.0, 2,340.00, 2,270.00, 10300, tse]
[6670, 237.0, 231.5, 234.50, 234.00, 1082, tse]
[6671, 43.7, 42.2, 42.60, 43.30, 212, tse]
[6672, 91.8, 88.6, 90.40, 91.00, 1336, tse]
[6674, 25.95, 22.8, 23.20, 25.95, 148, tse]
[6679, 464.5, 422.0, 463.00, 444.50, 2925, otc]
[6680, 82.0, 81.1, 81.10, 82.00, 2, otc]
[6683, 300.0, 278.5, 297.50, 282.00, 1894, otc]
[6684, 90.0, 79.9, 85.00, 84.60, 8632, otc]
[6689, 116.5, 110.0, 115.50, 111.50, 1740, tse]
[6690, 179.5, 173.5, 177.00, 175.00, 260, otc]
[6691, 394.0, 375.0, 385.50, 386.50, 1665, tse]
[6692, 31.25, 30.5, 30.50, 30.65, 464, otc]
[6693, 77.8, 72.4, 74.00, 72.60, 657, otc]
[6695, 65.7, 60.8, 64.60, 63.70, 11425, tse]
[6697, 55.8, 51.8, 54.50, 52.30, 358, otc]
[6698, 36.8, 34.15, 36.80, 34.65, 1283, tse]
[6703, 292.0, 282.0, 288.50, 285.50, 548, otc]
[6706, 53.5, 51.6, 52.40, 52.00, 1714, tse]
[6708, 47.45, 44.15, 44.40, 45.20, 84, otc]
[6712, 222.0, 210.0, 211.50, 217.50, 3563, otc]
[6715, 196.0, 181.0, 196.00, 186.00, 2503, tse]
[6716, 106.0, 100.0, 102.00, 101.50, 348, otc]
[6719, 297.5, 280.5, 284.50, 297.00, 9553, tse]
[6721, 53.3, 51.6, 53.30, 51.80, 43, otc]
[6727, 57.5, 56.4, 57.20, 56.80, 488, otc]
[6728, 138.0, 135.5, 135.50, 137.50, 46, otc]
[6732, 428.0, 404.5, 417.50, 408.00, 2155, otc]
[6733, 38.5, 37.4, 38.00, 37.90, 807, otc]
[6735, 112.0, 101.5, 108.00, 107.00, 3222, otc]
[6741, 95.0, 88.1, 88.30, 94.70, 2473, otc]
[6742, 81.7, 75.2, 80.20, 76.40, 2734, tse]
[6743, 53.2, 50.0, 50.00, 51.80, 2553, tse]
[6747, 191.0, 185.5, 190.00, 187.50, 82, otc]
[6751, 74.0, 70.0, 73.80, 71.20, 118, otc]
[6752, 142.5, 130.0, 138.00, 133.50, 1042, otc]
[6753, 124.0, 108.5, 109.50, 118.00, 23461, tse]
[6754, 60.5, 58.8, 60.40, 59.80, 340, tse]
[6756, 237.5, 215.0, 234.00, 215.00, 2501, tse]
[6757, 33.65, 31.65, 31.80, 33.50, 2506, tse]
[6761, 84.3, 81.2, 82.00, 82.40, 627, otc]
[6762, 257.0, 253.0, 255.00, 254.00, 25, otc]
[6763, 424.0, 406.5, 423.50, 406.50, 141, otc]
[6767, 40.8, 37.45, 40.80, 37.90, 325, otc]
[6768, 75.2, 73.6, 74.30, 74.10, 681, tse]
[6770, 26.6, 25.05, 26.55, 25.80, 89941, tse]
[6776, 66.6, 63.8, 66.60, 65.20, 1174, tse]
[6781, 724.0, 691.0, 721.00, 695.00, 732, tse]
[6782, 247.5, 226.0, 243.50, 229.00, 3007, tse]
[6785, 319.5, 296.0, 304.00, 302.50, 1969, otc]
[6788, 136.5, 131.0, 135.00, 135.50, 1214, otc]
[6789, 322.0, 298.5, 305.00, 302.00, 16805, tse]
[6790, 49.95, 48.8, 49.45, 49.15, 1831, tse]
[6791, 88.8, 86.3, 88.80, 88.00, 78, otc]
[6792, 86.9, 84.2, 85.20, 84.40, 506, tse]
[6796, 90.5, 85.0, 89.00, 85.50, 470, tse]
[6799, 183.0, 165.5, 182.00, 168.00, 4019, tse]
[6803, 311.5, 307.0, 311.50, 308.50, 110, otc]
[6804, 51.7, 50.2, 51.30, 50.50, 106, otc]
[6805, 859.0, 752.0, 856.00, 793.00, 4364, tse]
[6806, 155.5, 142.5, 149.50, 144.00, 46993, tse]
[6807, 42.25, 40.3, 40.40, 41.55, 756, tse]
[6811, 293.0, 282.5, 293.00, 284.00, 838, otc]
[6821, 44.0, 42.6, 44.00, 43.10, 178, otc]
[6823, 80.1, 76.4, 77.90, 80.00, 173, otc]
[6829, 129.5, 117.0, 120.50, 119.50, 5990, otc]
[6830, 148.5, 142.5, 145.50, 142.50, 913, tse]
[6834, 24.8, 23.35, 23.35, 24.50, 131, tse]
[6835, 50.7, 48.5, 49.75, 50.50, 1293, tse]
[6840, 73.0, 71.4, 71.40, 71.80, 30, otc]
[6841, 89.4, 84.4, 84.50, 87.90, 2286, otc]
[6843, 58.4, 56.2, 58.00, 57.80, 52, otc]
[6844, 181.5, 178.5, 180.50, 179.00, 207, otc]
[6846, 82.0, 79.8, 80.00, 80.00, 122, otc]
[6854, 85.7, 75.0, 85.70, 78.30, 998, tse]
[6855, 135.0, 126.5, 127.50, 127.50, 163, otc]
[6856, 69.0, 67.6, 68.30, 67.80, 85, otc]
[6859, 142.5, 133.0, 133.00, 135.50, 812, otc]
[6861, 80.6, 78.9, 80.50, 79.60, 270, tse]
[6863, 152.5, 143.0, 146.00, 144.50, 1572, tse]
[6865, 61.0, 59.0, 59.30, 59.70, 85, otc]
[6869, 142.0, 132.5, 132.50, 136.00, 2364, tse]
[6870, 132.5, 126.0, 131.50, 127.50, 99, otc]
[6873, 162.5, 154.0, 156.00, 156.50, 2884, tse]
[6874, 124.0, 116.5, 121.50, 118.50, 359, otc]
[6875, 97.0, 79.5, 96.80, 80.00, 8972, otc]
[6877, 35.75, 34.4, 34.55, 35.15, 319, otc]
[6894, 224.0, 208.0, 208.00, 211.00, 517, otc]
[6895, 106.0, 99.8, 105.00, 103.00, 261, otc]
[6901, 43.0, 41.8, 42.25, 41.90, 4055, tse]
[6902, 155.0, 148.0, 155.00, 150.50, 24, tse]
[6904, 239.5, 214.5, 238.50, 219.50, 155, otc]
[6906, 182.5, 167.5, 167.50, 168.00, 779, tse]
[6916, 27.1, 26.8, 27.00, 26.95, 271, tse]
[6922, 126.5, 117.0, 119.00, 118.50, 187, otc]
[6929, 86.0, 79.8, 86.00, 79.90, 1716, otc]
[6933, 369.0, 325.5, 345.50, 346.00, 3521, tse]
[6937, 218.0, 204.0, 211.50, 206.50, 632, tse]
[6949, 82.0, 72.0, 72.50, 81.40, 544, tse]
[7402, 128.5, 102.5, 109.50, 116.50, 36869, otc]
[7556, 141.5, 135.0, 135.00, 138.50, 62, otc]
[8011, 25.5, 22.9, 25.00, 23.75, 35247, tse]
[8016, 315.0, 289.0, 301.00, 291.50, 14328, tse]
[8021, 29.25, 28.4, 29.00, 28.60, 1769, tse]
[8024, 21.2, 20.5, 21.00, 20.60, 236, otc]
[8027, 96.5, 91.6, 92.00, 93.40, 10090, otc]
[8028, 54.0, 51.1, 53.20, 51.10, 6877, tse]
[8032, 30.05, 28.65, 28.95, 29.15, 76, otc]
[8033, 70.0, 56.1, 59.70, 65.10, 50919, tse]
[8034, 28.8, 27.15, 28.15, 27.15, 6259, otc]
[8038, 30.6, 29.3, 30.60, 30.00, 610, otc]
[8039, 46.65, 45.45, 46.00, 46.15, 2729, tse]
[8040, 89.5, 78.1, 86.50, 82.10, 15682, otc]
[8042, 35.9, 35.1, 35.20, 35.35, 72, otc]
[8043, 25.05, 24.35, 24.45, 24.60, 508, otc]
[8044, 34.25, 33.05, 34.05, 33.30, 2466, otc]
[8046, 212.5, 198.0, 211.50, 200.50, 10384, tse]
[8047, 15.55, 13.65, 13.80, 14.45, 2551, otc]
[8048, 70.7, 69.0, 70.00, 69.80, 1250, otc]
[8049, 42.25, 41.3, 41.60, 41.95, 2403, otc]
[8050, 88.0, 83.5, 88.00, 84.00, 9194, otc]
[8054, 156.5, 127.0, 132.00, 146.00, 59519, otc]
[8059, 38.6, 33.95, 36.85, 34.05, 8098, otc]
[8064, 30.4, 27.5, 28.55, 28.10, 25846, otc]
[8066, 30.9, 29.9, 30.00, 30.00, 222, otc]
[8067, 19.2, 17.7, 19.20, 18.20, 83, otc]
[8068, 38.55, 35.95, 36.10, 37.00, 7534, otc]
[8069, 239.0, 226.5, 237.50, 229.00, 24080, otc]
[8070, 41.8, 39.5, 39.85, 40.10, 17208, tse]
[8071, 14.5, 14.15, 14.45, 14.20, 364, otc]
[8072, 27.45, 27.05, 27.35, 27.15, 350, tse]
[8074, 22.3, 21.5, 21.65, 22.25, 1760, otc]
[8076, 29.5, 28.4, 29.45, 28.50, 2675, otc]
[8077, 50.2, 47.5, 50.00, 50.20, 58, otc]
[8080, 18.5, 15.8, 17.15, 17.15, 248, otc]
[8081, 276.0, 260.5, 272.00, 266.50, 3333, tse]
[8083, 169.5, 167.0, 168.50, 168.00, 206, otc]
[8084, 92.4, 86.8, 91.80, 88.00, 868, otc]
[8085, 77.6, 70.6, 74.30, 74.30, 28261, otc]
[8086, 159.0, 143.0, 157.00, 144.00, 19070, otc]
[8087, 65.0, 59.5, 59.50, 60.40, 1739, otc]
[8088, 45.6, 43.55, 45.10, 43.95, 4433, otc]
[8089, 69.3, 60.5, 64.20, 67.20, 6865, otc]
[8091, 125.5, 117.5, 122.50, 123.50, 1820, otc]
[8092, 35.7, 28.1, 30.00, 28.90, 26913, otc]
[8093, 16.0, 15.4, 15.60, 15.90, 400, otc]
[8096, 26.65, 25.25, 25.50, 25.65, 37442, otc]
[8097, 67.4, 64.4, 65.10, 65.80, 2103, otc]
[8099, 84.8, 73.0, 74.00, 78.10, 2447, otc]
[8101, 3.99, 3.86, 3.95, 3.86, 122, tse]
[8103, 49.2, 44.05, 44.05, 47.70, 6798, tse]
[8104, 34.15, 33.1, 33.95, 33.30, 511, tse]
[8105, 14.6, 13.85, 14.50, 14.00, 7923, tse]
[8107, 16.1, 15.6, 15.95, 15.85, 447, otc]
[8109, 105.0, 97.7, 104.00, 97.80, 2238, otc]
[8110, 18.5, 17.2, 17.60, 17.90, 48804, tse]
[8111, 23.8, 21.3, 21.40, 23.05, 12014, otc]
[8112, 76.5, 72.3, 76.40, 72.80, 45608, tse]
[8114, 121.5, 117.5, 121.00, 117.50, 827, tse]
[8121, 30.15, 26.4, 26.60, 27.75, 12829, otc]
[8131, 36.75, 36.0, 36.15, 36.70, 1256, tse]
[8147, 138.5, 123.0, 135.50, 130.00, 15971, otc]
[8150, 52.8, 47.7, 50.70, 50.00, 54408, tse]
[8155, 154.0, 139.5, 145.00, 140.00, 6656, otc]
[8162, 44.2, 40.4, 42.95, 41.00, 440, tse]
[8163, 64.8, 61.1, 64.50, 62.30, 9112, tse]
[8171, 42.7, 40.8, 41.40, 41.25, 2724, otc]
[8176, 14.1, 13.55, 13.75, 13.80, 798, otc]
[8182, 36.45, 34.7, 34.80, 36.20, 1078, otc]
[8183, 50.3, 48.6, 49.60, 49.00, 1952, otc]
[8201, 20.75, 18.7, 20.25, 20.00, 7331, tse]
[8210, 271.0, 246.0, 269.50, 255.00, 11465, tse]
[8213, 44.3, 42.9, 44.00, 43.80, 4573, tse]
[8215, 34.6, 33.8, 34.30, 33.90, 3111, tse]
[8222, 50.9, 45.5, 46.80, 47.10, 35469, tse]
[8227, 294.0, 266.0, 286.00, 277.00, 5156, otc]
[8234, 55.4, 49.3, 52.00, 49.40, 9637, otc]
[8240, 35.4, 34.6, 34.70, 34.85, 355, otc]
[8249, 29.85, 29.05, 29.70, 29.40, 369, tse]
[8255, 184.5, 169.0, 176.50, 184.00, 9734, otc]
[8261, 90.3, 83.6, 85.40, 87.00, 5717, tse]
[8271, 73.8, 69.8, 70.40, 70.00, 11375, tse]
[8277, 12.35, 11.9, 11.90, 12.20, 1876, otc]
[8279, 162.0, 156.0, 161.50, 157.50, 59, otc]
[8284, 63.3, 62.4, 62.40, 62.90, 166, otc]
[8289, 34.55, 33.5, 34.10, 33.60, 1074, otc]
[8291, 8.08, 6.32, 7.70, 6.72, 88, otc]
[8299, 714.0, 652.0, 660.00, 708.00, 18696, otc]
[8341, 99.6, 97.1, 99.00, 97.60, 662, tse]
[8342, 77.8, 69.9, 70.20, 76.00, 199, otc]
[8349, 67.9, 65.1, 66.40, 66.50, 1869, otc]
[8354, 15.25, 14.7, 15.25, 14.70, 585, otc]
[8358, 60.0, 57.2, 59.80, 59.50, 8588, otc]
[8367, 44.45, 42.9, 43.20, 44.10, 489, tse]
[8374, 32.0, 29.75, 30.55, 30.00, 1370, tse]
[8383, 42.3, 40.7, 40.70, 40.95, 4880, otc]
[8390, 58.4, 52.3, 53.00, 56.90, 9049, otc]
[8401, 25.25, 23.7, 25.00, 24.60, 3148, otc]
[8403, 31.75, 31.0, 31.40, 31.45, 1049, otc]
[8404, 18.75, 18.25, 18.30, 18.40, 1073, tse]
[8409, 23.35, 22.5, 22.75, 22.75, 168, otc]
[8410, 68.7, 65.1, 66.70, 67.70, 795, otc]
[8411, 14.0, 13.45, 13.70, 13.70, 1448, tse]
[8415, 33.95, 33.45, 33.60, 33.80, 771, otc]
[8416, 149.0, 145.5, 149.00, 146.50, 89, otc]
[8420, 57.6, 56.4, 57.00, 57.20, 163, otc]
[8421, 13.6, 13.2, 13.55, 13.25, 326, otc]
[8422, 180.0, 177.0, 178.00, 178.00, 1069, tse]
[8423, 26.45, 22.25, 26.05, 23.70, 1706, otc]
[8424, 70.6, 69.5, 70.00, 70.00, 93, otc]
[8426, 61.6, 59.5, 61.20, 60.70, 1434, otc]
[8429, 9.81, 9.56, 9.62, 9.69, 709, tse]
[8431, 58.5, 55.0, 56.50, 58.40, 1305, otc]
[8432, 59.5, 56.1, 56.20, 57.20, 855, otc]
[8433, 108.0, 99.5, 102.50, 107.50, 1360, otc]
[8435, 77.3, 75.4, 77.30, 76.90, 346, otc]
[8436, 157.0, 152.5, 154.00, 154.50, 1048, otc]
[8437, 31.6, 29.2, 31.60, 29.85, 498, otc]
[8438, 28.75, 27.2, 27.30, 27.95, 533, tse]
[8440, 39.95, 38.5, 38.75, 38.80, 1093, otc]
[8442, 133.0, 115.0, 119.00, 124.00, 3293, tse]
[8443, 12.1, 11.85, 12.05, 12.05, 429, tse]
[8444, 39.1, 36.7, 36.90, 37.55, 149, otc]
[8446, 108.5, 106.0, 108.50, 107.50, 852, otc]
[8450, 23.8, 22.9, 22.90, 23.25, 411, otc]
[8454, 395.5, 380.5, 389.50, 387.00, 4153, tse]
[8455, 21.0, 19.9, 20.60, 21.00, 30, otc]
[8462, 116.0, 111.0, 116.00, 111.50, 387, tse]
[8463, 27.0, 24.3, 24.60, 26.00, 821, tse]
[8464, 361.5, 343.5, 350.00, 351.50, 2381, tse]
[8466, 47.5, 45.5, 46.00, 45.95, 115, tse]
[8467, 215.5, 177.0, 179.50, 198.00, 9364, tse]
[8472, 29.25, 27.0, 28.75, 28.00, 135, otc]
[8473, 44.3, 41.05, 42.70, 42.95, 12000, tse]
[8476, 64.2, 61.6, 62.10, 63.70, 728, tse]
[8477, 18.6, 17.8, 18.05, 18.40, 320, otc]
[8478, 394.5, 376.5, 388.50, 383.50, 1517, tse]
[8481, 51.3, 50.7, 50.80, 50.70, 68, tse]
[8482, 62.9, 61.6, 62.90, 62.00, 46, tse]
[8487, 88.2, 75.1, 78.00, 86.00, 799, tse]
[8488, 16.3, 15.95, 15.95, 16.20, 400, tse]
[8489, 30.8, 28.0, 28.00, 29.95, 666, otc]
[8499, 115.0, 112.5, 114.50, 115.00, 155, tse]
[8905, 31.3, 30.75, 31.20, 31.25, 492, otc]
[8906, 17.4, 16.85, 16.85, 17.35, 258, otc]
[8908, 58.6, 57.0, 57.40, 57.40, 250, otc]
[8916, 61.6, 59.6, 60.00, 61.30, 1811, otc]
[8917, 61.2, 58.1, 59.10, 58.50, 343, otc]
[8921, 15.05, 14.25, 14.25, 14.80, 179, otc]
[8923, 22.6, 20.7, 21.60, 20.95, 103, otc]
[8924, 92.1, 90.0, 91.60, 90.30, 476, otc]
[8926, 48.5, 46.8, 47.90, 46.90, 23188, tse]
[8927, 56.3, 55.0, 55.80, 55.20, 911, otc]
[8928, 28.6, 28.05, 28.30, 28.20, 193, otc]
[8929, 20.2, 19.85, 20.15, 20.00, 68, otc]
[8930, 42.25, 38.8, 42.00, 38.90, 4030, otc]
[8931, 58.2, 54.8, 58.00, 55.20, 1006, otc]
[8932, 119.5, 115.5, 118.00, 117.00, 1981, otc]
[8933, 10.85, 10.3, 10.30, 10.80, 3541, otc]
[8935, 12.45, 11.85, 12.00, 12.25, 553, otc]
[8936, 85.1, 76.2, 77.10, 79.90, 115020, otc]
[8937, 21.35, 20.7, 21.30, 20.80, 131, otc]
[8938, 71.3, 69.1, 71.00, 69.80, 919, otc]
[8940, 25.95, 25.2, 25.50, 25.40, 335, tse]
[8941, 83.3, 78.5, 79.50, 79.20, 327, otc]
[8942, 74.6, 73.5, 74.30, 73.50, 1792, otc]
[8996, 401.0, 363.5, 395.00, 366.00, 80140, tse]
[9103, 7.07, 6.7, 7.04, 6.96, 2319, tse]
[9105, 3.95, 3.6, 3.62, 3.78, 111108, tse]
[9110, 7.93, 7.62, 7.62, 7.90, 187, tse]
[9136, 6.35, 5.94, 6.30, 6.16, 2726, tse]
[9802, 126.0, 120.5, 122.50, 123.00, 2390, tse]
[9902, 15.95, 15.05, 15.60, 15.30, 5181, tse]
[9904, 36.6, 34.3, 34.90, 36.15, 107941, tse]
[9905, 24.0, 23.85, 23.85, 23.95, 1014, tse]
[9906, 75.3, 70.2, 72.30, 74.30, 2604, tse]
[9907, 14.65, 14.2, 14.55, 14.30, 10905, tse]
[9908, 32.45, 32.25, 32.25, 32.35, 452, tse]
[9910, 163.0, 156.5, 160.00, 160.50, 9886, tse]
[9911, 84.9, 80.5, 80.50, 84.00, 2086, tse]
[9912, 11.95, 11.45, 11.95, 11.60, 259, tse]
[9914, 219.5, 208.0, 216.50, 209.50, 3585, tse]
[9917, 125.5, 120.0, 120.50, 122.00, 3870, tse]
[9918, 40.8, 40.25, 40.25, 40.70, 36, tse]
[9919, 22.85, 21.35, 21.50, 22.10, 11390, tse]
[9921, 229.0, 213.0, 224.00, 217.50, 19261, tse]
[9924, 54.3, 53.0, 53.50, 53.90, 1538, tse]
[9925, 41.15, 40.8, 40.95, 41.05, 1108, tse]
[9926, 55.3, 54.6, 54.70, 55.00, 21, tse]
[9927, 77.3, 73.1, 77.20, 74.30, 5365, tse]
[9928, 17.6, 17.15, 17.40, 17.25, 354, tse]
[9929, 15.25, 14.7, 14.80, 14.85, 352, tse]
[9930, 61.5, 60.6, 60.80, 60.80, 697, tse]
[9931, 38.1, 37.65, 38.10, 37.65, 89, tse]
[9933, 48.0, 45.35, 45.60, 47.40, 19062, tse]
[9934, 17.55, 16.3, 16.55, 17.55, 11181, tse]
[9935, 22.4, 21.0, 21.40, 21.20, 1250, tse]
[9937, 67.6, 65.5, 66.40, 66.10, 88, tse]
[9938, 58.2, 55.8, 57.10, 57.50, 3538, tse]
[9939, 148.0, 143.5, 144.50, 144.00, 2726, tse]
[9940, 30.9, 29.7, 29.75, 30.45, 2745, tse]
[9941, 147.5, 144.0, 146.50, 146.50, 6643, tse]
[9942, 136.0, 133.0, 133.00, 135.00, 1037, tse]
[9943, 88.2, 87.1, 87.30, 87.70, 777, tse]
[9944, 20.2, 19.95, 20.00, 20.15, 600, tse]
[9945, 35.9, 34.85, 35.10, 35.15, 24919, tse]
[9946, 26.1, 24.2, 24.20, 25.25, 5205, tse]
[9949, 18.95, 18.35, 18.80, 18.70, 156, otc]
[9950, 17.5, 16.45, 17.15, 16.60, 1873, otc]
[9951, 73.5, 72.0, 72.80, 72.30, 558, otc]
[9955, 26.4, 23.25, 23.75, 24.75, 4590, tse]
[9958, 243.5, 218.5, 224.50, 218.50, 39182, tse]
[9960, 27.1, 26.85, 27.00, 27.05, 172, otc]
[9962, 18.05, 17.45, 17.60, 17.95, 1521, otc]
