[1101, 33.15, 31.75, 32.00, 31.80, 92189, tse]
[1102, 43.2, 42.1, 42.20, 42.75, 30935, tse]
[1103, 18.0, 17.7, 17.75, 17.90, 2217, tse]
[1104, 34.35, 33.05, 33.30, 33.65, 9956, tse]
[1108, 17.4, 16.7, 16.80, 16.80, 8423, tse]
[1109, 19.55, 19.2, 19.30, 19.35, 2200, tse]
[1110, 20.45, 18.5, 18.65, 20.20, 2038, tse]
[1201, 18.85, 18.35, 18.35, 18.65, 1850, tse]
[1203, 49.3, 47.05, 47.80, 48.60, 66, tse]
[1210, 57.5, 55.9, 56.20, 57.00, 15232, tse]
[1213, 7.23, 7.03, 7.20, 7.16, 173, tse]
[1215, 107.0, 102.5, 103.50, 104.50, 1718, tse]
[1216, 78.9, 75.7, 76.50, 76.50, 41100, tse]
[1217, 11.95, 11.7, 11.75, 11.85, 4431, tse]
[1218, 21.6, 20.6, 20.75, 21.40, 3825, tse]
[1219, 19.0, 18.7, 18.80, 18.95, 1656, tse]
[1220, 15.7, 14.9, 15.00, 15.45, 2394, tse]
[1225, 59.0, 57.2, 58.30, 58.90, 118, tse]
[1227, 38.35, 37.15, 37.40, 38.05, 2086, tse]
[1229, 66.7, 65.0, 65.00, 65.50, 4058, tse]
[1231, 98.3, 95.7, 95.80, 96.80, 668, tse]
[1232, 146.0, 143.5, 144.50, 145.00, 190, tse]
[1233, 33.4, 33.0, 33.30, 33.40, 59, tse]
[1234, 42.05, 41.25, 41.55, 41.90, 636, tse]
[1235, 82.5, 81.4, 81.70, 82.10, 35, tse]
[1236, 23.8, 23.3, 23.40, 23.70, 195, tse]
[1240, 52.7, 50.8, 50.80, 52.00, 165, otc]
[1256, 217.0, 208.0, 213.00, 212.50, 84, tse]
[1259, 74.7, 73.5, 73.60, 74.10, 36, otc]
[1264, 302.0, 298.0, 299.50, 300.00, 46, otc]
[1268, 155.5, 147.5, 148.00, 155.00, 395, otc]
[1301, 69.9, 67.5, 67.90, 67.70, 36000, tse]
[1303, 57.9, 55.4, 56.10, 55.60, 31707, tse]
[1304, 16.7, 16.0, 16.00, 16.10, 9068, tse]
[1305, 18.35, 17.75, 18.00, 17.90, 6889, tse]
[1307, 29.65, 28.3, 28.60, 28.95, 2178, tse]
[1308, 19.3, 18.7, 18.75, 19.10, 3554, tse]
[1309, 15.55, 15.05, 15.05, 15.10, 2081, tse]
[1310, 13.25, 12.85, 12.85, 13.10, 2742, tse]
[1312, 13.35, 12.95, 12.95, 13.30, 8305, tse]
[1313, 13.65, 13.2, 13.25, 13.60, 5227, tse]
[1314, 10.5, 9.9, 9.90, 10.25, 238831, tse]
[1315, 71.4, 70.6, 71.40, 71.10, 86, tse]
[1316, 20.1, 17.75, 17.80, 18.70, 90440, tse]
[1319, 126.5, 115.0, 123.00, 116.00, 16904, tse]
[1321, 39.25, 36.85, 37.05, 39.05, 3203, tse]
[1323, 31.2, 31.0, 31.10, 31.20, 116, tse]
[1324, 15.7, 14.8, 15.00, 15.25, 901, tse]
[1325, 28.8, 27.4, 28.00, 27.50, 1963, tse]
[1326, 55.4, 53.0, 53.10, 53.90, 25537, tse]
[1336, 19.8, 18.75, 19.35, 18.95, 817, otc]
[1337, 7.84, 7.12, 7.22, 7.70, 6858, tse]
[1338, 34.5, 33.1, 33.10, 33.50, 249, tse]
[1339, 80.5, 67.0, 69.40, 78.30, 5206, tse]
[1340, 10.15, 9.93, 9.93, 10.00, 379, tse]
[1341, 65.1, 62.8, 63.00, 64.60, 87, tse]
[1342, 125.5, 120.5, 122.50, 121.00, 1770, tse]
[1402, 33.0, 31.6, 31.70, 32.05, 21928, tse]
[1409, 16.95, 16.3, 16.35, 16.90, 26494, tse]
[1410, 36.35, 34.7, 34.70, 36.20, 181, tse]
[1413, 10.1, 9.0, 9.16, 10.10, 1401, tse]
[1414, 20.95, 18.55, 18.55, 20.60, 7861, tse]
[1416, 13.45, 12.75, 12.85, 13.40, 7365, tse]
[1417, 11.4, 11.0, 11.00, 11.35, 1869, tse]
[1418, 33.55, 31.3, 31.55, 31.95, 283, tse]
[1419, 51.9, 46.95, 48.00, 50.30, 1661, tse]
[1423, 31.5, 30.95, 30.95, 31.45, 206, tse]
[1432, 17.85, 17.2, 17.35, 17.75, 815, tse]
[1434, 22.75, 22.15, 22.15, 22.50, 5834, tse]
[1435, 48.5, 43.55, 45.80, 48.00, 38, tse]
[1436, 138.5, 112.5, 117.00, 136.00, 3807, tse]
[1437, 33.2, 32.2, 32.30, 32.80, 2192, tse]
[1438, 58.5, 53.0, 56.00, 54.20, 1766, tse]
[1439, 29.9, 26.5, 26.50, 28.40, 2804, tse]
[1440, 20.45, 15.65, 15.65, 19.90, 193582, tse]
[1441, 13.35, 12.9, 13.10, 13.10, 187, tse]
[1442, 55.7, 49.35, 51.40, 55.20, 20169, tse]
[1443, 33.25, 29.9, 32.35, 32.00, 838, tse]
[1444, 9.5, 9.15, 9.15, 9.50, 6907, tse]
[1445, 22.5, 21.8, 22.15, 22.30, 2127, tse]
[1446, 37.5, 34.15, 34.15, 37.25, 1430, tse]
[1447, 8.08, 7.82, 7.83, 8.01, 7991, tse]
[1449, 19.05, 17.7, 18.10, 18.00, 1762, tse]
[1451, 20.8, 19.9, 20.05, 20.65, 864, tse]
[1452, 17.05, 16.75, 16.75, 17.00, 752, tse]
[1453, 24.8, 20.8, 22.15, 24.50, 6577, tse]
[1454, 15.7, 14.8, 15.35, 15.70, 103, tse]
[1455, 15.05, 13.0, 13.00, 15.05, 35101, tse]
[1456, 22.1, 20.4, 20.80, 21.45, 2557, tse]
[1457, 23.75, 20.15, 20.20, 23.55, 29404, tse]
[1459, 11.9, 9.62, 9.75, 11.90, 6648, tse]
[1460, 7.94, 7.6, 7.60, 7.71, 2099, tse]
[1463, 18.6, 18.0, 18.20, 18.45, 522, tse]
[1464, 13.25, 12.9, 12.95, 13.20, 1305, tse]
[1465, 15.15, 14.8, 14.80, 15.15, 616, tse]
[1466, 12.9, 12.15, 12.15, 12.50, 543, tse]
[1467, 12.45, 11.45, 11.60, 12.05, 10697, tse]
[1468, 12.6, 11.65, 11.80, 12.15, 236, tse]
[1470, 21.5, 19.85, 19.85, 20.10, 102, tse]
[1471, 15.15, 14.25, 14.55, 14.65, 2864, tse]
[1472, 84.7, 76.6, 79.00, 80.30, 538, tse]
[1473, 34.45, 29.85, 29.85, 33.65, 5887, tse]
[1474, 13.85, 12.8, 12.95, 13.70, 4235, tse]
[1475, 55.0, 53.1, 54.60, 54.50, 530, tse]
[1476, 519.0, 487.5, 494.50, 512.00, 4638, tse]
[1477, 401.0, 380.5, 382.50, 394.00, 10352, tse]
[1503, 343.0, 300.0, 338.00, 305.50, 112784, tse]
[1504, 60.9, 57.1, 60.80, 57.10, 111186, tse]
[1506, 16.4, 15.95, 16.15, 16.40, 916, tse]
[1512, 11.0, 9.85, 10.20, 10.40, 178, tse]
[1513, 202.5, 183.5, 201.50, 188.50, 169526, tse]
[1514, 171.0, 145.0, 170.00, 156.50, 15941, tse]
[1515, 50.2, 47.6, 49.20, 48.85, 5140, tse]
[1516, 19.05, 16.9, 17.50, 19.05, 941, tse]
[1517, 16.65, 15.6, 15.90, 16.30, 2219, tse]
[1519, 952.0, 789.0, 930.00, 854.00, 56735, tse]
[1521, 38.5, 37.2, 37.20, 38.20, 157, tse]
[1522, 50.3, 47.8, 49.65, 48.60, 10582, tse]
[1524, 35.3, 33.65, 34.35, 34.85, 9815, tse]
[1525, 70.1, 68.0, 68.10, 69.50, 119, tse]
[1526, 35.25, 33.85, 33.85, 34.40, 665, tse]
[1527, 41.7, 40.9, 41.00, 41.45, 902, tse]
[1528, 12.25, 11.85, 12.00, 12.15, 3725, tse]
[1529, 37.1, 34.2, 36.75, 34.30, 14724, tse]
[1530, 32.3, 31.6, 32.30, 32.00, 318, tse]
[1531, 13.6, 13.35, 13.40, 13.50, 391, tse]
[1532, 44.9, 41.35, 42.85, 44.15, 39466, tse]
[1533, 45.65, 44.15, 44.20, 45.30, 502, tse]
[1535, 92.9, 78.5, 92.20, 78.50, 6850, tse]
[1536, 55.8, 51.4, 53.10, 54.40, 10649, tse]
[1537, 138.5, 135.0, 137.00, 137.50, 748, tse]
[1538, 17.0, 15.3, 16.50, 15.70, 192, tse]
[1539, 24.7, 23.35, 23.60, 24.15, 794, tse]
[1540, 20.75, 19.85, 20.30, 19.90, 3379, tse]
[1541, 32.45, 31.65, 31.95, 32.35, 121, tse]
[1558, 98.6, 97.4, 97.60, 98.10, 263, tse]
[1560, 263.5, 220.0, 235.00, 256.00, 24674, tse]
[1565, 186.5, 181.0, 181.00, 184.50, 379, otc]
[1568, 28.75, 27.95, 28.40, 28.40, 1095, tse]
[1569, 24.2, 23.35, 23.80, 23.95, 872, otc]
[1570, 25.75, 24.2, 25.35, 25.05, 2647, otc]
[1580, 158.0, 151.5, 151.50, 154.00, 416, otc]
[1582, 90.9, 86.4, 89.10, 90.00, 7592, tse]
[1583, 72.5, 70.0, 72.10, 71.30, 335, tse]
[1584, 35.95, 34.0, 35.70, 34.30, 11620, otc]
[1586, 32.35, 31.4, 31.95, 31.65, 336, otc]
[1587, 62.3, 42.7, 46.35, 62.30, 37246, tse]
[1589, 50.1, 48.35, 49.80, 48.80, 2038, tse]
[1590, 1155.0, 1055.0, 1,060.00, 1,140.00, 2100, tse]
[1591, 63.6, 60.6, 63.30, 61.20, 1425, otc]
[1593, 46.05, 43.5, 44.05, 44.60, 79, otc]
[1595, 34.9, 34.4, 34.60, 34.85, 61, otc]
[1597, 66.7, 63.5, 65.00, 65.70, 1467, tse]
[1598, 31.3, 30.1, 30.40, 30.60, 1153, tse]
[1599, 31.7, 31.3, 31.60, 31.60, 114, otc]
[1603, 56.4, 45.6, 54.70, 46.15, 57729, tse]
[1604, 29.55, 28.8, 28.80, 29.35, 2895, tse]
[1605, 39.7, 36.8, 39.20, 36.80, 126734, tse]
[1608, 43.9, 35.9, 43.00, 37.10, 187011, tse]
[1609, 66.2, 56.1, 65.30, 60.00, 629086, tse]
[1611, 18.5, 17.15, 18.15, 17.25, 10622, tse]
[1612, 42.3, 36.45, 41.60, 37.30, 80290, tse]
[1614, 41.7, 39.35, 40.25, 40.20, 3245, tse]
[1615, 67.9, 59.1, 64.90, 60.20, 6465, tse]
[1616, 30.75, 25.3, 30.00, 26.05, 43786, tse]
[1617, 32.8, 23.1, 30.60, 24.85, 51739, tse]
[1618, 69.8, 54.3, 68.00, 57.30, 151792, tse]
[1626, 16.25, 15.85, 15.85, 16.05, 990, tse]
[1701, 22.2, 21.3, 21.30, 21.85, 3172, tse]
[1702, 62.0, 55.5, 56.00, 62.00, 12507, tse]
[1707, 158.5, 154.0, 155.50, 156.50, 750, tse]
[1708, 31.2, 30.6, 30.80, 31.10, 2628, tse]
[1709, 19.5, 19.1, 19.30, 19.40, 1706, tse]
[1710, 17.4, 17.0, 17.05, 17.30, 3974, tse]
[1711, 20.3, 19.5, 19.50, 19.95, 4335, tse]
[1712, 40.15, 39.15, 39.60, 39.70, 5458, tse]
[1713, 47.0, 43.35, 44.50, 45.60, 1105, tse]
[1714, 8.91, 8.76, 8.76, 8.86, 4875, tse]
[1717, 31.65, 30.45, 31.00, 30.55, 7665, tse]
[1718, 7.48, 7.26, 7.26, 7.40, 8092, tse]
[1720, 63.5, 61.1, 61.40, 63.00, 1863, tse]
[1721, 14.5, 14.05, 14.05, 14.10, 2965, tse]
[1722, 65.3, 62.7, 63.10, 64.60, 24023, tse]
[1723, 113.5, 111.0, 112.00, 113.00, 2037, tse]
[1725, 44.2, 33.15, 35.65, 44.20, 11032, tse]
[1726, 78.9, 77.8, 78.70, 77.90, 52, tse]
[1727, 29.75, 28.8, 28.80, 29.40, 2313, tse]
[1730, 56.5, 55.5, 56.10, 56.30, 141, tse]
[1731, 26.4, 23.6, 23.60, 25.50, 5973, tse]
[1732, 29.4, 26.95, 26.95, 27.80, 5732, tse]
[1733, 34.2, 33.3, 33.60, 33.75, 1533, tse]
[1734, 37.0, 35.65, 35.65, 36.65, 2398, tse]
[1735, 17.5, 16.65, 16.75, 17.30, 155, tse]
[1736, 83.2, 74.2, 75.00, 82.20, 12528, tse]
[1737, 35.1, 33.8, 34.80, 33.95, 3154, tse]
[1742, 18.8, 17.4, 17.45, 18.10, 1378, otc]
[1752, 45.2, 44.1, 44.10, 44.55, 536, tse]
[1760, 99.2, 96.4, 96.40, 96.50, 1964, tse]
[1762, 45.7, 43.8, 43.80, 44.90, 787, tse]
[1773, 183.0, 169.5, 177.00, 178.50, 2985, tse]
[1776, 17.6, 16.75, 16.90, 17.40, 303, tse]
[1777, 84.6, 81.8, 81.80, 84.60, 103, otc]
[1781, 16.0, 15.2, 15.95, 15.30, 490, otc]
[1783, 43.25, 42.05, 42.30, 42.25, 381, tse]
[1784, 74.0, 59.0, 59.00, 66.40, 6237, otc]
[1785, 46.2, 43.9, 45.60, 44.40, 17402, otc]
[1786, 112.5, 101.5, 104.00, 108.00, 2932, tse]
[1788, 140.0, 139.0, 139.50, 139.50, 57, otc]
[1789, 28.85, 26.8, 27.10, 28.15, 5834, tse]
[1795, 326.0, 309.0, 313.00, 314.50, 24222, tse]
[1796, 56.7, 54.0, 55.60, 55.80, 234, otc]
[1799, 70.0, 63.0, 64.00, 67.20, 528, otc]
[1802, 17.25, 16.7, 16.70, 17.00, 11863, tse]
[1805, 21.9, 19.7, 20.40, 20.45, 4730, tse]
[1806, 10.5, 9.99, 10.00, 10.35, 1793, tse]
[1808, 113.5, 104.5, 105.00, 112.00, 33702, tse]
[1809, 25.9, 22.4, 22.85, 25.20, 16742, tse]
[1810, 20.5, 19.0, 19.65, 19.70, 14710, tse]
[1813, 20.8, 20.0, 20.80, 20.15, 143, otc]
[1815, 17.85, 16.9, 17.75, 17.50, 27299, otc]
[1817, 37.2, 36.4, 36.70, 36.60, 1688, tse]
[1903, 63.4, 57.7, 57.70, 61.80, 11130, tse]
[1904, 29.75, 28.4, 28.40, 28.85, 5841, tse]
[1905, 23.9, 22.35, 22.35, 23.00, 28016, tse]
[1906, 15.75, 15.35, 15.45, 15.60, 578, tse]
[1907, 31.15, 29.7, 29.80, 30.60, 11710, tse]
[1909, 15.95, 14.6, 14.60, 15.45, 21928, tse]
[2002, 25.05, 24.4, 24.80, 24.55, 81349, tse]
[2006, 74.3, 72.2, 73.50, 73.30, 16831, tse]
[2007, 12.4, 11.45, 12.10, 11.70, 5834, tse]
[2008, 22.95, 22.5, 22.75, 22.70, 132, tse]
[2009, 54.4, 43.0, 53.00, 46.25, 90051, tse]
[2010, 21.8, 20.7, 21.30, 21.50, 8167, tse]
[2012, 24.6, 23.35, 23.55, 24.15, 234, tse]
[2013, 66.4, 61.6, 63.80, 61.70, 2198, tse]
[2014, 23.6, 22.65, 23.35, 23.20, 26943, tse]
[2015, 69.7, 68.0, 68.00, 69.40, 1123, tse]
[2017, 15.35, 14.85, 15.30, 14.85, 4255, tse]
[2020, 39.65, 38.3, 39.25, 39.25, 7635, tse]
[2022, 12.55, 12.0, 12.25, 12.20, 3750, tse]
[2023, 15.5, 15.05, 15.30, 15.20, 8155, tse]
[2024, 22.2, 20.85, 21.70, 21.90, 64, tse]
[2025, 11.85, 10.65, 11.70, 10.95, 8244, tse]
[2027, 38.25, 36.45, 38.10, 36.65, 29950, tse]
[2028, 28.6, 26.35, 28.10, 26.60, 2852, tse]
[2029, 28.9, 27.9, 28.30, 28.70, 1697, tse]
[2030, 19.2, 18.55, 18.95, 18.70, 2338, tse]
[2031, 60.3, 56.9, 60.00, 57.50, 7045, tse]
[2032, 18.55, 17.5, 18.15, 17.60, 2235, tse]
[2033, 17.75, 16.6, 17.70, 16.65, 867, tse]
[2034, 25.55, 24.9, 25.40, 25.00, 3366, tse]
[2035, 33.1, 32.45, 33.00, 33.00, 116, otc]
[2038, 22.7, 20.1, 22.20, 20.55, 9159, tse]
[2049, 241.5, 222.0, 228.50, 234.00, 13604, tse]
[2059, 1240.0, 1065.0, 1,240.00, 1,185.00, 8224, tse]
[2061, 23.6, 19.35, 22.40, 21.35, 7986, otc]
[2062, 31.4, 28.8, 29.70, 29.30, 7036, tse]
[2063, 57.8, 55.6, 56.20, 56.60, 323, otc]
[2064, 15.35, 15.0, 15.10, 15.05, 183, otc]
[2065, 62.6, 61.7, 62.00, 62.40, 304, otc]
[2066, 143.0, 120.5, 125.00, 143.00, 6677, otc]
[2067, 12.8, 12.0, 12.40, 12.60, 208, otc]
[2069, 16.7, 16.3, 16.50, 16.35, 536, tse]
[2070, 33.45, 30.8, 32.25, 32.75, 520, otc]
[2073, 31.0, 29.95, 30.00, 29.95, 140, otc]
[2101, 59.7, 49.25, 50.70, 59.50, 205715, tse]
[2102, 20.95, 18.4, 18.45, 20.55, 11042, tse]
[2103, 25.5, 23.8, 24.65, 24.10, 10229, tse]
[2104, 17.85, 17.15, 17.15, 17.55, 6597, tse]
[2105, 47.8, 45.6, 46.90, 45.90, 27635, tse]
[2106, 34.15, 32.75, 33.90, 32.85, 3997, tse]
[2107, 26.6, 25.3, 25.80, 25.90, 5075, tse]
[2108, 33.85, 32.8, 33.00, 33.50, 1797, tse]
[2109, 17.45, 16.35, 16.55, 16.65, 3746, tse]
[2114, 108.0, 106.0, 106.00, 107.50, 144, tse]
[2115, 30.8, 29.65, 30.15, 30.65, 962, tse]
[2201, 69.2, 67.0, 67.20, 67.50, 19232, tse]
[2204, 143.0, 130.0, 130.00, 142.00, 19194, tse]
[2206, 87.3, 74.3, 74.30, 83.60, 157627, tse]
[2207, 617.0, 600.0, 607.00, 609.00, 1127, tse]
[2208, 18.85, 18.0, 18.75, 18.15, 13731, tse]
[2211, 149.0, 140.0, 142.00, 143.00, 9194, tse]
[2221, 33.0, 32.4, 33.00, 32.50, 136, otc]
[2227, 129.0, 123.0, 124.00, 124.50, 156, tse]
[2228, 96.6, 92.6, 93.80, 95.50, 1241, tse]
[2230, 173.5, 155.0, 159.00, 167.50, 3629, otc]
[2231, 112.5, 106.0, 110.00, 107.00, 1933, tse]
[2233, 127.5, 123.5, 124.00, 125.00, 578, tse]
[2235, 47.5, 46.25, 46.60, 46.90, 61, otc]
[2236, 77.8, 69.7, 71.10, 74.40, 3625, tse]
[2239, 58.7, 57.5, 58.70, 58.00, 220, tse]
[2241, 51.0, 39.5, 40.95, 48.25, 56827, tse]
[2243, 14.05, 13.5, 13.50, 13.80, 283, tse]
[2247, 319.5, 310.5, 313.50, 319.50, 295, tse]
[2250, 102.0, 97.0, 98.00, 101.50, 368, tse]
[2254, 91.2, 86.0, 89.10, 90.00, 928, tse]
[2258, 45.6, 42.2, 45.60, 42.45, 1387, tse]
[2301, 102.0, 94.3, 96.20, 101.00, 77772, tse]
[2302, 17.2, 16.7, 17.00, 17.00, 541, tse]
[2303, 50.5, 48.3, 48.65, 49.80, 290495, tse]
[2305, 22.55, 21.55, 21.85, 22.00, 2173, tse]
[2308, 319.0, 294.0, 300.50, 315.00, 46230, tse]
[2312, 14.8, 14.4, 14.50, 14.60, 9903, tse]
[2313, 79.0, 72.8, 76.40, 77.60, 78593, tse]
[2314, 30.95, 29.9, 30.50, 30.25, 3033, tse]
[2316, 46.2, 39.45, 40.95, 44.05, 33353, tse]
[2317, 158.0, 141.5, 141.50, 155.00, 543066, tse]
[2321, 18.05, 15.95, 15.95, 18.05, 118, tse]
[2323, 13.75, 11.75, 11.95, 13.75, 148882, tse]
[2324, 36.35, 34.2, 35.30, 36.00, 99502, tse]
[2327, 625.0, 593.0, 593.00, 615.00, 14965, tse]
[2328, 34.1, 32.2, 32.95, 33.70, 7935, tse]
[2329, 64.4, 58.2, 62.40, 62.90, 82077, tse]
[2330, 789.0, 740.0, 740.00, 782.00, 191286, tse]
[2331, 31.85, 29.7, 31.00, 30.65, 21316, tse]
[2332, 17.9, 17.25, 17.25, 17.70, 7207, tse]
[2337, 26.5, 25.8, 26.05, 26.00, 36613, tse]
[2338, 67.4, 63.1, 65.50, 66.30, 4812, tse]
[2340, 38.4, 36.9, 37.55, 37.80, 4590, tse]
[2342, 30.4, 29.0, 29.80, 30.00, 1652, tse]
[2344, 25.65, 24.55, 25.35, 25.15, 128709, tse]
[2345, 432.0, 383.0, 395.50, 428.00, 21440, tse]
[2347, 79.5, 75.6, 76.80, 76.50, 32480, tse]
[2348, 204.5, 174.0, 193.00, 199.50, 11861, tse]
[2349, 7.78, 7.26, 7.29, 7.78, 10186, tse]
[2351, 101.5, 92.2, 96.00, 100.00, 5146, tse]
[2352, 42.1, 40.55, 40.60, 41.60, 31650, tse]
[2353, 45.15, 43.15, 43.85, 44.55, 89266, tse]
[2354, 63.0, 55.6, 56.10, 61.40, 116200, tse]
[2355, 41.45, 39.5, 41.35, 40.25, 9945, tse]
[2356, 54.9, 50.7, 52.50, 53.30, 115213, tse]
[2357, 422.5, 406.5, 415.50, 419.00, 12018, tse]
[2359, 119.0, 82.1, 92.80, 105.50, 111172, tse]
[2360, 260.0, 234.5, 244.00, 256.50, 7358, tse]
[2362, 43.15, 38.05, 38.65, 41.70, 21598, tse]
[2363, 76.0, 61.3, 69.40, 68.60, 130101, tse]
[2364, 85.0, 81.5, 82.80, 83.50, 581, tse]
[2365, 19.9, 18.65, 19.90, 18.85, 14593, tse]
[2367, 27.8, 25.7, 27.45, 26.15, 92415, tse]
[2368, 199.5, 181.5, 196.50, 192.50, 48241, tse]
[2369, 22.35, 21.15, 21.75, 22.00, 10037, tse]
[2371, 72.5, 63.1, 71.00, 67.50, 1013031, tse]
[2373, 73.4, 72.4, 73.00, 73.10, 278, tse]
[2374, 43.4, 38.35, 42.00, 39.50, 144993, tse]
[2375, 63.0, 61.5, 62.90, 62.60, 1463, tse]
[2376, 303.0, 280.5, 296.50, 295.50, 49594, tse]
[2377, 159.5, 152.0, 154.00, 156.00, 15687, tse]
[2379, 548.0, 501.0, 537.00, 520.00, 24918, tse]
[2380, 6.9, 6.56, 6.68, 6.88, 528, tse]
[2382, 269.0, 230.0, 238.00, 257.50, 183105, tse]
[2383, 402.0, 350.5, 371.00, 397.00, 39256, tse]
[2385, 204.0, 193.0, 201.50, 202.50, 17551, tse]
[2387, 61.3, 58.6, 59.80, 60.70, 3893, tse]
[2388, 136.0, 121.0, 125.50, 131.00, 41141, tse]
[2390, 13.35, 12.75, 12.90, 13.20, 2010, tse]
[2392, 46.0, 43.85, 44.55, 45.50, 6154, tse]
[2393, 62.3, 57.5, 59.90, 61.20, 17682, tse]
[2395, 375.0, 363.5, 371.50, 368.00, 4586, tse]
[2397, 67.0, 65.7, 66.00, 66.20, 230, tse]
[2399, 20.8, 20.15, 20.60, 20.30, 3528, tse]
[2401, 28.5, 26.7, 27.80, 27.70, 13842, tse]
[2402, 33.05, 31.65, 32.90, 32.10, 14767, tse]
[2404, 419.0, 385.0, 400.50, 408.00, 10609, tse]
[2405, 18.2, 17.35, 17.95, 17.90, 15799, tse]
[2406, 21.2, 20.0, 20.70, 20.20, 13852, tse]
[2408, 66.7, 60.6, 61.90, 65.70, 72497, tse]
[2409, 18.6, 16.75, 17.25, 18.25, 292776, tse]
[2412, 126.0, 123.0, 123.50, 123.50, 56858, tse]
[2413, 24.75, 24.0, 24.15, 24.25, 834, tse]
[2414, 36.5, 35.55, 35.80, 36.45, 482, tse]
[2415, 29.75, 27.9, 28.20, 29.50, 661, tse]
[2417, 37.3, 35.45, 37.20, 36.70, 7432, tse]
[2419, 30.25, 28.85, 29.50, 30.00, 3102, tse]
[2420, 54.5, 52.9, 54.50, 53.40, 824, tse]
[2421, 117.5, 108.0, 111.50, 113.00, 29206, tse]
[2423, 47.65, 40.45, 40.70, 45.45, 5624, tse]
[2424, 29.0, 28.0, 28.30, 29.00, 54, tse]
[2425, 39.5, 37.1, 38.05, 37.25, 3907, tse]
[2426, 17.5, 17.0, 17.10, 17.40, 1428, tse]
[2427, 31.9, 28.4, 31.35, 28.50, 36608, tse]
[2428, 160.0, 152.0, 156.50, 156.50, 1369, tse]
[2429, 19.85, 18.9, 19.80, 19.25, 164, tse]
[2430, 36.35, 35.2, 35.80, 36.25, 604, tse]
[2431, 12.8, 12.25, 12.80, 12.30, 1890, tse]
[2432, 40.2, 39.2, 40.10, 39.75, 39, tse]
[2433, 53.6, 52.8, 52.90, 53.20, 231, tse]
[2434, 32.55, 30.8, 31.55, 32.00, 95, tse]
[2436, 62.2, 59.1, 60.00, 60.80, 3571, tse]
[2438, 22.7, 18.7, 20.00, 20.70, 994, tse]
[2439, 121.0, 111.0, 114.50, 119.50, 9825, tse]
[2440, 16.95, 14.7, 16.90, 16.00, 6138, tse]
[2441, 61.0, 58.5, 59.00, 60.00, 4332, tse]
[2442, 31.6, 27.35, 27.40, 31.20, 36472, tse]
[2444, 11.2, 10.85, 10.90, 11.05, 860, tse]
[2449, 98.4, 89.9, 98.30, 95.50, 67176, tse]
[2450, 39.2, 38.3, 38.60, 39.05, 515, tse]
[2451, 91.9, 87.5, 88.80, 91.40, 4308, tse]
[2453, 58.8, 55.6, 56.90, 57.40, 2880, tse]
[2454, 1020.0, 966.0, 984.00, 1,005.00, 34852, tse]
[2455, 150.0, 140.0, 147.00, 143.00, 7665, tse]
[2457, 52.9, 50.6, 52.70, 50.70, 11400, tse]
[2458, 166.5, 146.5, 155.50, 163.50, 17597, tse]
[2459, 72.1, 70.0, 71.00, 71.30, 753, tse]
[2460, 31.4, 29.95, 31.00, 30.15, 2857, tse]
[2461, 25.7, 23.2, 23.25, 25.20, 11404, tse]
[2462, 33.95, 32.25, 33.20, 32.65, 1933, tse]
[2464, 52.0, 43.15, 45.00, 50.70, 42141, tse]
[2465, 132.5, 115.5, 124.50, 122.50, 28853, tse]
[2466, 37.55, 36.25, 36.70, 36.55, 114, tse]
[2467, 131.0, 117.5, 125.50, 126.00, 12692, tse]
[2468, 27.15, 26.0, 26.60, 26.40, 1071, tse]
[2471, 57.2, 55.3, 56.30, 56.90, 1092, tse]
[2472, 75.5, 70.2, 71.80, 75.30, 5676, tse]
[2474, 217.0, 207.0, 207.50, 213.50, 13327, tse]
[2476, 74.8, 70.8, 73.90, 72.90, 6647, tse]
[2477, 21.6, 20.85, 21.15, 20.90, 457, tse]
[2478, 46.05, 45.35, 45.50, 45.90, 408, tse]
[2480, 127.5, 123.5, 124.50, 126.00, 777, tse]
[2481, 55.5, 52.8, 54.00, 54.60, 3792, tse]
[2482, 29.25, 28.0, 29.00, 28.70, 1336, tse]
[2483, 23.5, 22.95, 23.15, 23.35, 359, tse]
[2484, 32.4, 31.35, 32.10, 32.10, 1722, tse]
[2485, 20.0, 19.25, 19.30, 19.75, 3322, tse]
[2486, 75.9, 64.8, 68.40, 72.60, 126741, tse]
[2488, 47.7, 45.3, 45.30, 46.70, 3064, tse]
[2489, 15.35, 13.9, 14.00, 15.20, 35563, tse]
[2491, 14.9, 14.05, 14.05, 14.65, 367, tse]
[2492, 110.5, 104.0, 104.50, 107.00, 11286, tse]
[2493, 99.0, 92.5, 95.50, 98.20, 1380, tse]
[2495, 21.15, 20.35, 21.00, 20.90, 2283, tse]
[2496, 69.7, 68.2, 69.60, 68.80, 153, tse]
[2497, 51.5, 49.15, 50.80, 49.95, 1214, tse]
[2498, 42.95, 41.3, 42.00, 42.05, 15535, tse]
[2501, 37.8, 29.45, 30.10, 37.80, 355950, tse]
[2504, 49.75, 43.65, 48.40, 46.95, 127278, tse]
[2505, 31.7, 26.75, 26.75, 31.30, 49765, tse]
[2506, 13.4, 11.9, 12.10, 13.00, 54716, tse]
[2509, 25.6, 20.75, 21.50, 24.80, 34875, tse]
[2511, 13.3, 11.95, 12.45, 12.85, 108730, tse]
[2514, 18.2, 16.7, 17.35, 17.25, 16511, tse]
[2515, 19.15, 16.0, 17.90, 18.00, 1006057, tse]
[2516, 13.75, 11.85, 12.25, 12.40, 16949, tse]
[2520, 57.5, 46.8, 50.60, 54.60, 165242, tse]
[2524, 54.8, 46.8, 47.50, 51.00, 9624, tse]
[2527, 58.1, 48.8, 48.80, 57.50, 14987, tse]
[2528, 52.5, 49.5, 51.40, 49.65, 5402, tse]
[2530, 55.0, 50.4, 53.30, 50.50, 10015, tse]
[2534, 26.35, 23.3, 23.40, 25.85, 27647, tse]
[2535, 59.9, 55.4, 57.40, 56.30, 5120, tse]
[2536, 39.8, 35.3, 35.30, 39.05, 23593, tse]
[2537, 17.4, 15.2, 16.00, 16.45, 69401, tse]
[2538, 16.0, 15.1, 15.20, 15.80, 10183, tse]
[2539, 80.0, 73.3, 76.70, 74.90, 10025, tse]
[2540, 134.5, 120.0, 125.00, 133.00, 10088, tse]
[2542, 44.45, 41.1, 41.45, 42.95, 56442, tse]
[2543, 58.4, 45.75, 57.00, 49.55, 88198, tse]
[2545, 58.2, 51.2, 51.60, 57.20, 17245, tse]
[2546, 112.5, 98.4, 106.00, 108.00, 12338, tse]
[2547, 13.3, 11.2, 12.60, 11.70, 146970, tse]
[2548, 171.5, 148.0, 150.00, 160.50, 43953, tse]
[2596, 39.0, 35.2, 35.70, 38.55, 1838, otc]
[2597, 173.5, 165.0, 171.00, 171.00, 5110, tse]
[2601, 7.78, 7.58, 7.58, 7.75, 8601, tse]
[2603, 190.0, 172.0, 175.00, 187.00, 209344, tse]
[2605, 27.2, 25.3, 27.00, 26.60, 65563, tse]
[2606, 57.0, 52.8, 55.90, 55.50, 35630, tse]
[2607, 33.1, 31.05, 31.10, 32.95, 21592, tse]
[2608, 42.65, 41.45, 42.60, 42.25, 4651, tse]
[2609, 51.8, 45.25, 46.40, 51.80, 357086, tse]
[2610, 21.6, 19.55, 19.55, 21.50, 465472, tse]
[2611, 27.65, 24.25, 24.95, 27.65, 40490, tse]
[2612, 47.15, 44.2, 46.20, 46.15, 2433, tse]
[2613, 23.55, 21.5, 21.60, 22.50, 2345, tse]
[2614, 19.7, 19.25, 19.45, 19.50, 1848, tse]
[2615, 49.65, 43.8, 44.15, 48.35, 64335, tse]
[2616, 27.0, 26.7, 27.00, 26.90, 375, tse]
[2617, 36.2, 34.7, 35.15, 36.20, 11586, tse]
[2618, 36.95, 31.25, 31.30, 36.65, 1324663, tse]
[2630, 46.4, 42.35, 46.20, 45.00, 38084, tse]
[2633, 30.15, 29.55, 29.60, 29.95, 16441, tse]
[2634, 59.3, 56.1, 58.20, 57.70, 105917, tse]
[2636, 99.3, 94.3, 94.80, 98.60, 7100, tse]
[2637, 70.4, 66.6, 67.40, 68.70, 55866, tse]
[2640, 124.0, 119.5, 120.00, 123.00, 273, otc]
[2641, 20.6, 19.45, 20.20, 20.15, 18887, otc]
[2642, 38.0, 37.0, 38.00, 37.20, 334, tse]
[2643, 82.3, 79.0, 79.00, 81.50, 779, otc]
[2645, 110.5, 106.5, 108.50, 109.50, 7458, tse]
[2701, 12.85, 12.45, 12.45, 12.80, 1777, tse]
[2702, 20.2, 18.7, 19.05, 19.60, 1271, tse]
[2704, 73.3, 67.1, 72.30, 68.00, 5420, tse]
[2705, 20.1, 18.35, 18.45, 19.90, 11688, tse]
[2706, 15.6, 14.95, 15.00, 15.40, 2535, tse]
[2707, 228.5, 214.5, 216.50, 224.00, 1411, tse]
[2712, 30.8, 29.6, 30.10, 29.90, 214, tse]
[2718, 108.0, 97.0, 99.00, 102.00, 563, otc]
[2719, 72.0, 57.0, 57.00, 70.00, 2334, otc]
[2722, 67.2, 57.5, 58.80, 62.00, 6698, tse]
[2723, 90.4, 87.2, 87.50, 89.30, 1498, tse]
[2724, 36.4, 28.55, 29.50, 36.30, 455, otc]
[2726, 23.5, 22.25, 23.50, 22.80, 41, otc]
[2727, 231.0, 216.5, 225.50, 229.00, 4906, tse]
[2729, 236.0, 229.0, 230.00, 234.50, 255, otc]
[2731, 159.0, 139.0, 139.00, 154.00, 45429, tse]
[2732, 123.5, 112.0, 112.50, 120.00, 666, otc]
[2734, 44.3, 37.3, 37.85, 42.95, 3713, otc]
[2736, 31.5, 25.15, 25.25, 29.85, 17218, otc]
[2739, 60.2, 49.25, 49.25, 59.80, 12755, tse]
[2740, 39.0, 35.1, 35.10, 39.00, 15, otc]
[2743, 161.5, 119.5, 119.50, 155.50, 37043, otc]
[2745, 124.5, 87.2, 88.40, 123.00, 13024, otc]
[2748, 77.8, 68.0, 68.80, 72.70, 10300, tse]
[2752, 295.0, 288.5, 289.00, 288.50, 56, otc]
[2753, 170.0, 163.0, 163.00, 168.50, 782, tse]
[2754, 101.0, 98.0, 98.00, 99.70, 367, otc]
[2755, 94.1, 92.7, 92.70, 93.80, 53, otc]
[2756, 85.9, 83.2, 85.20, 85.70, 37, otc]
[2762, 98.3, 94.1, 97.70, 97.60, 506, tse]
[2801, 18.3, 17.95, 17.95, 18.05, 51464, tse]
[2809, 56.3, 53.6, 54.40, 55.10, 39780, tse]
[2812, 17.85, 17.15, 17.15, 17.45, 33021, tse]
[2816, 31.8, 29.8, 29.80, 30.95, 3370, tse]
[2820, 15.15, 15.0, 15.00, 15.10, 2549, tse]
[2832, 28.9, 28.0, 28.05, 28.50, 2411, tse]
[2834, 16.7, 16.15, 16.20, 16.45, 156475, tse]
[2836, 11.6, 11.35, 11.40, 11.50, 10967, tse]
[2838, 15.3, 14.9, 14.95, 15.10, 7833, tse]
[2845, 14.9, 14.5, 14.50, 14.80, 44170, tse]
[2849, 14.1, 13.75, 13.75, 14.00, 261, tse]
[2850, 97.8, 90.7, 91.50, 95.00, 4444, tse]
[2851, 27.3, 25.0, 25.00, 27.05, 20714, tse]
[2852, 20.8, 19.95, 19.95, 20.65, 2563, tse]
[2855, 27.65, 26.55, 26.80, 27.05, 36638, tse]
[2867, 5.85, 5.64, 5.65, 5.71, 99393, tse]
[2880, 23.1, 22.4, 22.45, 22.55, 48123, tse]
[2881, 68.3, 65.3, 65.30, 67.60, 67385, tse]
[2882, 49.5, 47.75, 47.90, 48.90, 95722, tse]
[2883, 13.7, 13.3, 13.30, 13.45, 128119, tse]
[2884, 27.35, 26.75, 26.95, 27.10, 103759, tse]
[2885, 30.4, 29.7, 30.15, 30.00, 149435, tse]
[2886, 40.5, 38.95, 39.40, 39.10, 138351, tse]
[2887, 17.85, 17.45, 17.45, 17.60, 67467, tse]
[2888, 8.44, 8.12, 8.12, 8.35, 207771, tse]
[2889, 14.05, 13.65, 13.65, 13.95, 36821, tse]
[2890, 22.1, 21.25, 21.55, 21.30, 98649, tse]
[2891, 32.1, 30.95, 31.25, 31.15, 174976, tse]
[2892, 27.3, 26.8, 26.80, 26.95, 59963, tse]
[2897, 9.93, 9.78, 9.80, 9.88, 31661, tse]
[2901, 27.95, 26.5, 26.50, 27.70, 98, tse]
[2903, 33.95, 31.4, 31.45, 33.45, 28437, tse]
[2904, 18.2, 18.0, 18.00, 18.20, 177, tse]
[2905, 14.35, 13.25, 13.25, 14.05, 6645, tse]
[2906, 19.75, 18.95, 18.95, 19.35, 1648, tse]
[2908, 20.85, 20.55, 20.65, 20.75, 1137, tse]
[2910, 27.5, 26.8, 27.00, 27.35, 124, tse]
[2911, 6.94, 6.7, 6.94, 6.81, 1012, tse]
[2912, 277.5, 271.5, 272.50, 275.50, 5209, tse]
[2913, 21.85, 20.5, 20.50, 21.30, 28813, tse]
[2915, 60.7, 59.5, 59.70, 60.10, 12962, tse]
[2916, 62.4, 60.2, 60.20, 62.20, 527, otc]
[2923, 25.5, 22.5, 22.50, 25.00, 260, tse]
[2924, 30.6, 29.2, 30.00, 29.20, 115, otc]
[2926, 59.8, 58.0, 58.30, 59.40, 50, otc]
[2929, 9.24, 9.0, 9.09, 9.09, 1090, tse]
[2937, 35.6, 34.6, 34.70, 35.60, 33, otc]
[2939, 26.75, 25.5, 26.50, 26.20, 178, tse]
[2941, 93.5, 89.0, 93.10, 93.50, 82, otc]
[2945, 44.3, 43.15, 44.00, 44.25, 155, tse]
[2947, 83.8, 80.7, 81.50, 82.00, 21, otc]
[2948, 67.0, 65.5, 66.00, 65.90, 60, otc]
[2949, 104.0, 101.0, 102.50, 102.50, 41, otc]
[3002, 15.1, 14.55, 14.80, 14.70, 1113, tse]
[3003, 74.4, 70.6, 71.50, 73.50, 6762, tse]
[3004, 109.5, 101.0, 104.00, 108.00, 2103, tse]
[3005, 109.5, 104.0, 106.50, 106.50, 28181, tse]
[3006, 87.7, 76.0, 79.20, 87.00, 32611, tse]
[3008, 2215.0, 2090.0, 2,125.00, 2,185.00, 2561, tse]
[3010, 127.0, 120.0, 123.00, 124.00, 7314, tse]
[3011, 30.55, 27.0, 29.75, 27.90, 4342, tse]
[3013, 77.5, 66.8, 72.70, 72.20, 156251, tse]
[3014, 164.0, 155.0, 157.00, 162.50, 4996, tse]
[3015, 72.0, 60.6, 70.70, 61.50, 26367, tse]
[3016, 62.4, 58.6, 59.00, 61.50, 5238, tse]
[3017, 679.0, 567.0, 600.00, 642.00, 97081, tse]
[3018, 15.0, 14.2, 14.20, 15.00, 71, tse]
[3019, 63.6, 61.7, 62.10, 63.20, 2287, tse]
[3021, 22.75, 22.1, 22.30, 22.30, 538, tse]
[3022, 78.6, 75.7, 77.20, 78.10, 2276, tse]
[3023, 291.5, 274.0, 276.50, 282.00, 4325, tse]
[3024, 20.3, 18.3, 18.30, 19.55, 60546, tse]
[3025, 69.7, 64.8, 68.00, 67.30, 5920, tse]
[3026, 96.0, 94.6, 95.00, 95.60, 883, tse]
[3027, 50.4, 46.05, 47.50, 46.15, 38168, tse]
[3028, 36.2, 34.9, 35.00, 35.90, 2424, tse]
[3029, 74.8, 71.3, 73.10, 74.40, 3271, tse]
[3030, 110.0, 89.6, 93.20, 105.50, 23346, tse]
[3031, 20.25, 19.35, 19.60, 20.10, 1281, tse]
[3032, 75.9, 70.6, 73.40, 75.60, 6300, tse]
[3033, 34.15, 32.25, 32.55, 33.25, 23279, tse]
[3034, 614.0, 571.0, 584.00, 603.00, 21089, tse]
[3035, 308.0, 277.5, 306.00, 295.50, 65380, tse]
[3036, 153.5, 142.0, 150.50, 142.50, 41430, tse]
[3037, 194.0, 166.5, 170.00, 182.50, 99318, tse]
[3038, 31.7, 30.1, 30.65, 31.40, 2359, tse]
[3040, 29.85, 29.45, 29.60, 29.80, 94, tse]
[3041, 22.3, 20.8, 21.85, 21.90, 5149, tse]
[3042, 108.5, 102.5, 106.00, 106.50, 9299, tse]
[3043, 31.85, 30.25, 31.00, 30.25, 445, tse]
[3044, 196.5, 187.0, 196.00, 193.00, 19430, tse]
[3045, 105.0, 102.0, 103.00, 103.50, 40447, tse]
[3046, 61.0, 58.4, 58.50, 60.10, 937, tse]
[3047, 14.55, 14.15, 14.15, 14.40, 4270, tse]
[3048, 23.35, 22.65, 22.85, 23.10, 1094, tse]
[3049, 8.08, 7.7, 7.75, 8.03, 4612, tse]
[3050, 22.0, 20.45, 21.40, 20.85, 9010, tse]
[3051, 37.4, 34.85, 36.30, 36.30, 7481, tse]
[3052, 14.9, 13.65, 14.20, 13.90, 19970, tse]
[3054, 20.75, 20.2, 20.50, 20.70, 89, tse]
[3055, 75.2, 68.7, 72.70, 71.20, 6891, tse]
[3056, 32.5, 30.1, 31.00, 32.10, 20508, tse]
[3057, 11.95, 11.25, 11.30, 11.80, 560, tse]
[3058, 23.8, 21.55, 23.00, 21.65, 11492, tse]
[3059, 40.8, 36.3, 37.50, 39.05, 37503, tse]
[3060, 28.5, 24.8, 26.15, 27.90, 9649, tse]
[3062, 21.7, 20.9, 21.20, 21.40, 7471, tse]
[3064, 41.5, 36.25, 37.45, 39.15, 52, otc]
[3066, 22.4, 20.5, 21.45, 21.20, 723, otc]
[3067, 36.85, 32.55, 35.00, 34.90, 42, otc]
[3071, 35.6, 32.6, 33.00, 34.45, 2262, otc]
[3073, 35.8, 32.45, 35.40, 35.00, 430, otc]
[3078, 76.4, 73.3, 76.40, 73.70, 6777, otc]
[3081, 135.5, 118.5, 125.00, 123.50, 11521, otc]
[3083, 48.8, 46.8, 47.80, 48.55, 1854, otc]
[3085, 15.7, 13.3, 13.90, 14.50, 68, otc]
[3086, 113.0, 100.0, 102.50, 113.00, 393, otc]
[3088, 86.0, 82.6, 83.90, 84.60, 1726, otc]
[3090, 59.8, 58.1, 58.30, 59.50, 1774, tse]
[3092, 36.0, 32.65, 33.05, 33.30, 2845, tse]
[3093, 31.15, 30.1, 30.50, 30.75, 379, otc]
[3094, 31.2, 30.2, 30.50, 30.80, 884, tse]
[3095, 38.35, 36.1, 37.50, 37.15, 158, otc]
[3105, 145.0, 137.0, 141.50, 142.50, 8234, otc]
[3114, 28.0, 27.35, 27.40, 27.85, 241, otc]
[3115, 10.3, 10.25, 10.30, 10.25, 40, otc]
[3118, 34.5, 32.0, 32.50, 33.25, 665, otc]
[3122, 41.4, 38.9, 41.20, 39.75, 1338, otc]
[3128, 30.25, 29.15, 29.15, 29.35, 754, otc]
[3130, 230.0, 226.0, 226.50, 227.50, 70, tse]
[3131, 1175.0, 928.0, 1,010.00, 1,175.00, 6175, otc]
[3138, 131.5, 121.5, 125.00, 128.50, 847, tse]
[3141, 87.3, 79.9, 80.20, 83.70, 4686, otc]
[3147, 145.5, 123.5, 124.00, 135.50, 5194, otc]
[3149, 23.5, 22.7, 22.85, 22.75, 1677, tse]
[3152, 209.5, 200.0, 205.50, 209.50, 335, otc]
[3162, 37.8, 35.6, 37.00, 37.00, 2086, otc]
[3163, 103.0, 90.0, 92.50, 99.00, 18481, otc]
[3164, 22.9, 21.85, 21.85, 22.90, 574, tse]
[3167, 62.0, 56.9, 60.00, 60.60, 2302, tse]
[3168, 63.8, 62.0, 62.10, 63.10, 597, tse]
[3169, 115.5, 110.0, 113.00, 114.50, 1083, otc]
[3171, 30.65, 28.7, 29.30, 30.50, 1957, otc]
[3176, 40.2, 37.8, 37.80, 38.65, 937, otc]
[3178, 126.0, 114.0, 123.00, 121.00, 8840, otc]
[3188, 27.2, 24.05, 24.30, 26.90, 8045, otc]
[3189, 98.7, 93.8, 94.40, 97.00, 8422, tse]
[3191, 22.75, 21.55, 22.00, 22.50, 189, otc]
[3202, 12.45, 12.0, 12.20, 12.30, 1222, otc]
[3205, 45.0, 41.05, 43.40, 41.05, 1338, otc]
[3206, 46.45, 45.2, 45.30, 46.30, 1221, otc]
[3207, 152.5, 132.0, 140.50, 147.00, 9078, otc]
[3209, 34.25, 33.2, 33.55, 34.10, 1956, tse]
[3211, 91.0, 85.7, 87.40, 90.20, 3517, otc]
[3213, 99.5, 93.0, 95.00, 97.50, 2874, otc]
[3217, 165.5, 154.5, 157.50, 159.00, 4705, otc]
[3218, 245.5, 236.0, 245.50, 240.00, 2165, otc]
[3219, 43.0, 39.2, 40.55, 39.60, 110, otc]
[3221, 26.95, 25.9, 26.00, 26.30, 1279, otc]
[3224, 43.75, 35.25, 35.30, 42.35, 2526, otc]
[3226, 57.3, 55.0, 56.30, 55.40, 49, otc]
[3227, 157.0, 141.0, 146.00, 157.00, 5064, otc]
[3228, 422.5, 275.5, 419.00, 318.00, 7667, otc]
[3229, 15.4, 15.05, 15.40, 15.30, 119, tse]
[3230, 12.95, 9.95, 10.00, 12.40, 6444, otc]
[3231, 117.5, 108.5, 113.00, 113.00, 278626, tse]
[3232, 31.15, 29.9, 30.60, 30.00, 689, otc]
[3234, 44.95, 34.25, 35.65, 44.95, 19064, otc]
[3236, 19.95, 19.45, 19.80, 19.85, 260, otc]
[3252, 22.5, 20.35, 20.80, 21.60, 2046, otc]
[3257, 60.5, 58.6, 59.20, 59.90, 971, tse]
[3259, 28.8, 27.4, 27.40, 28.80, 103, otc]
[3260, 101.0, 93.1, 96.30, 99.10, 34954, otc]
[3264, 79.6, 76.5, 79.60, 77.50, 25212, otc]
[3265, 128.5, 114.0, 121.50, 128.00, 9734, otc]
[3266, 21.25, 19.65, 19.85, 20.95, 7019, tse]
[3268, 26.05, 23.35, 24.30, 25.15, 1371, otc]
[3272, 29.3, 28.8, 29.20, 29.15, 213, otc]
[3276, 19.75, 18.65, 19.75, 18.75, 817, otc]
[3284, 35.35, 30.3, 31.00, 34.00, 14857, otc]
[3285, 26.85, 25.9, 25.90, 26.50, 88, otc]
[3287, 46.0, 37.2, 45.50, 46.00, 22634, otc]
[3288, 29.75, 27.65, 28.00, 28.00, 67, otc]
[3289, 135.5, 117.0, 123.50, 134.00, 12517, otc]
[3290, 26.05, 24.25, 24.25, 25.70, 3355, otc]
[3293, 1065.0, 980.0, 1,005.00, 1,015.00, 4643, otc]
[3294, 38.8, 35.0, 36.95, 35.30, 12871, otc]
[3296, 27.2, 23.35, 26.50, 23.55, 5204, tse]
[3297, 23.65, 20.0, 20.15, 21.30, 9791, otc]
[3303, 34.45, 33.35, 33.65, 34.00, 670, otc]
[3305, 64.2, 61.2, 61.40, 61.50, 4310, tse]
[3306, 57.3, 46.95, 48.50, 54.50, 10931, otc]
[3308, 26.6, 25.25, 25.60, 25.50, 785, tse]
[3310, 109.5, 106.5, 108.00, 106.50, 157, otc]
[3311, 39.2, 38.55, 38.55, 38.90, 451, tse]
[3312, 47.3, 41.35, 46.35, 45.40, 42681, tse]
[3313, 19.6, 17.25, 17.30, 17.55, 4989, otc]
[3317, 51.1, 49.6, 49.95, 50.50, 535, otc]
[3321, 17.75, 16.9, 17.20, 17.10, 1640, tse]
[3322, 22.4, 21.35, 21.35, 21.85, 4601, otc]
[3323, 25.0, 24.2, 25.00, 24.20, 746, otc]
[3324, 847.0, 691.0, 747.00, 826.00, 47496, otc]
[3325, 34.9, 32.2, 34.90, 32.50, 3392, otc]
[3332, 44.3, 42.55, 43.20, 43.00, 146, otc]
[3338, 74.8, 64.8, 68.30, 70.50, 39889, tse]
[3339, 40.6, 36.45, 40.30, 37.00, 8525, otc]
[3346, 42.7, 41.2, 42.30, 41.60, 3885, tse]
[3349, 23.8, 23.2, 23.30, 23.25, 24, otc]
[3354, 24.1, 22.05, 24.10, 22.05, 1646, otc]
[3356, 54.5, 50.9, 51.50, 53.00, 4673, tse]
[3357, 124.0, 103.0, 110.00, 121.00, 4592, otc]
[3360, 15.05, 14.3, 14.65, 14.55, 2395, otc]
[3362, 208.0, 193.5, 203.50, 201.50, 4533, otc]
[3363, 129.0, 99.9, 102.50, 118.50, 65440, otc]
[3372, 18.15, 17.1, 18.10, 17.65, 4456, otc]
[3373, 24.05, 23.0, 23.75, 23.00, 414, otc]
[3374, 117.0, 111.0, 113.50, 117.00, 3234, otc]
[3376, 162.0, 149.5, 158.00, 154.00, 12935, tse]
[3379, 14.7, 14.15, 14.20, 14.15, 398, otc]
[3380, 33.1, 31.2, 31.30, 32.15, 7911, tse]
[3388, 79.0, 76.0, 79.00, 76.30, 441, otc]
[3390, 27.6, 26.1, 27.00, 27.10, 2161, otc]
[3402, 110.0, 98.5, 108.00, 104.00, 10114, otc]
[3406, 437.5, 415.0, 426.00, 424.50, 4837, tse]
[3413, 295.0, 276.0, 283.50, 290.00, 4862, tse]
[3416, 149.5, 137.5, 139.50, 148.00, 2460, tse]
[3419, 16.3, 15.65, 16.10, 16.05, 877, tse]
[3426, 44.55, 43.45, 44.30, 44.15, 77, otc]
[3430, 51.5, 49.85, 49.85, 50.90, 749, otc]
[3432, 17.9, 17.0, 17.20, 17.40, 633, tse]
[3434, 30.65, 27.75, 27.80, 29.00, 1074, otc]
[3437, 27.5, 26.5, 27.20, 26.75, 3036, tse]
[3438, 74.4, 67.3, 69.90, 73.30, 2123, otc]
[3441, 40.15, 35.25, 36.55, 39.80, 3566, otc]
[3443, 1320.0, 1090.0, 1,150.00, 1,320.00, 16171, tse]
[3444, 137.0, 120.0, 137.00, 120.00, 6169, otc]
[3447, 30.55, 29.55, 30.05, 30.40, 296, tse]
[3450, 64.0, 58.3, 61.20, 61.90, 20822, tse]
[3454, 139.5, 129.0, 131.50, 136.50, 858, tse]
[3455, 93.1, 82.7, 85.00, 90.80, 4328, otc]
[3465, 65.1, 63.7, 65.00, 64.30, 51, otc]
[3466, 44.0, 37.2, 40.00, 39.30, 9378, otc]
[3479, 119.0, 112.5, 119.00, 116.00, 2693, otc]
[3481, 14.25, 13.0, 13.40, 14.05, 514983, tse]
[3483, 158.0, 137.5, 139.50, 154.00, 13882, otc]
[3484, 50.1, 47.5, 50.10, 48.70, 1619, otc]
[3489, 27.25, 24.6, 24.95, 26.95, 4025, otc]
[3490, 33.3, 30.3, 33.30, 31.00, 7188, otc]
[3491, 202.0, 176.0, 185.00, 197.50, 28715, otc]
[3492, 19.35, 18.7, 18.80, 19.30, 131, otc]
[3494, 5.34, 5.0, 5.08, 5.15, 291, tse]
[3498, 33.5, 31.0, 32.05, 32.80, 1663, otc]
[3499, 20.0, 19.0, 19.65, 19.65, 611, otc]
[3501, 60.9, 58.9, 60.10, 59.50, 1763, tse]
[3504, 55.1, 53.0, 54.20, 53.50, 1223, tse]
[3508, 24.6, 23.3, 23.30, 24.35, 630, otc]
[3511, 26.8, 25.0, 25.30, 26.00, 434, otc]
[3512, 41.7, 39.15, 39.75, 41.10, 8494, otc]
[3515, 235.0, 217.5, 228.50, 222.50, 3594, tse]
[3516, 23.4, 21.5, 22.65, 22.95, 1374, otc]
[3518, 27.65, 26.0, 27.50, 27.15, 1180, tse]
[3520, 18.1, 17.0, 17.50, 17.55, 871, otc]
[3521, 22.7, 20.6, 20.60, 20.90, 2099, otc]
[3522, 17.6, 17.0, 17.00, 17.40, 573, otc]
[3523, 20.3, 18.6, 18.60, 20.20, 263, otc]
[3526, 224.0, 213.5, 224.00, 222.50, 1574, otc]
[3527, 93.5, 90.1, 90.40, 92.00, 223, otc]
[3528, 48.95, 47.3, 48.40, 48.25, 101, tse]
[3529, 2190.0, 1930.0, 2,160.00, 2,115.00, 5396, otc]
[3530, 95.4, 92.0, 93.80, 93.50, 1094, tse]
[3531, 31.4, 30.8, 30.80, 31.30, 118, otc]
[3532, 180.0, 164.0, 164.50, 176.50, 9233, tse]
[3533, 1470.0, 1265.0, 1,365.00, 1,455.00, 9271, tse]
[3535, 24.5, 21.9, 21.90, 22.80, 13205, tse]
[3537, 41.5, 40.5, 40.50, 41.20, 373, otc]
[3540, 42.5, 39.25, 40.45, 41.35, 2888, otc]
[3541, 29.55, 27.9, 29.25, 27.90, 517, otc]
[3543, 24.3, 22.5, 22.50, 23.65, 994, tse]
[3545, 83.7, 79.6, 81.50, 82.50, 6212, tse]
[3546, 80.6, 78.7, 79.90, 80.10, 423, otc]
[3548, 234.0, 206.5, 234.00, 214.50, 20749, otc]
[3550, 15.05, 14.35, 14.80, 14.75, 294, tse]
[3551, 110.5, 103.0, 108.50, 105.00, 2140, otc]
[3552, 107.0, 101.5, 102.00, 104.50, 876, otc]
[3555, 36.55, 30.1, 30.10, 34.35, 347, otc]
[3556, 49.85, 48.7, 49.35, 49.60, 474, otc]
[3557, 72.3, 67.1, 67.80, 72.20, 2302, tse]
[3558, 179.0, 170.5, 172.00, 174.50, 985, otc]
[3563, 447.0, 378.0, 413.50, 447.00, 10827, tse]
[3564, 56.9, 51.3, 53.90, 54.20, 2238, otc]
[3567, 41.7, 40.55, 41.10, 41.40, 477, otc]
[3570, 154.0, 151.0, 152.00, 153.50, 230, otc]
[3576, 12.75, 11.85, 12.25, 12.00, 46355, tse]
[3577, 64.9, 57.5, 64.90, 58.30, 356, otc]
[3580, 50.9, 49.4, 50.50, 50.40, 440, otc]
[3581, 28.7, 27.0, 27.95, 28.30, 611, otc]
[3583, 343.0, 302.5, 317.00, 335.00, 28155, tse]
[3587, 314.0, 280.0, 298.00, 297.00, 8697, otc]
[3588, 89.0, 83.8, 88.00, 87.10, 3010, tse]
[3591, 23.9, 22.55, 23.40, 23.40, 1744, tse]
[3592, 432.5, 411.0, 421.00, 428.00, 1726, tse]
[3593, 11.25, 10.55, 10.75, 11.15, 138, tse]
[3594, 43.85, 41.55, 43.00, 43.05, 722, otc]
[3596, 179.0, 170.5, 175.00, 171.50, 4904, tse]
[3597, 24.15, 23.75, 23.85, 23.80, 175, otc]
[3605, 41.85, 37.35, 40.80, 40.95, 7645, tse]
[3607, 17.1, 16.6, 16.65, 16.95, 2124, tse]
[3609, 41.3, 37.65, 38.00, 40.05, 423, otc]
[3611, 227.0, 222.0, 225.00, 226.00, 380, otc]
[3615, 25.7, 24.0, 25.50, 24.80, 3848, otc]
[3617, 270.5, 235.0, 235.00, 258.00, 15653, tse]
[3622, 66.8, 58.4, 63.50, 58.70, 18012, tse]
[3623, 34.85, 29.25, 29.35, 33.00, 9476, otc]
[3624, 47.6, 46.0, 46.20, 46.00, 1423, otc]
[3625, 13.4, 12.55, 12.55, 13.15, 686, otc]
[3628, 51.0, 49.6, 50.00, 49.70, 718, otc]
[3629, 28.85, 24.2, 26.70, 24.95, 182, otc]
[3630, 30.65, 28.2, 28.95, 29.70, 944, otc]
[3631, 43.2, 40.4, 41.50, 43.15, 658, otc]
[3632, 13.65, 12.9, 13.50, 13.50, 45, otc]
[3645, 46.6, 43.05, 46.50, 43.30, 7034, tse]
[3646, 30.75, 30.2, 30.25, 30.50, 230, otc]
[3652, 30.55, 27.85, 28.75, 29.60, 1092, tse]
[3653, 989.0, 853.0, 915.00, 958.00, 7227, tse]
[3661, 3110.0, 2760.0, 2,870.00, 3,110.00, 14012, tse]
[3663, 46.9, 41.75, 43.50, 45.30, 2665, otc]
[3664, 31.8, 28.65, 28.65, 29.85, 1819, otc]
[3665, 237.0, 224.0, 225.00, 232.00, 5488, tse]
[3666, 43.8, 36.55, 41.70, 37.00, 7798, otc]
[3669, 48.95, 46.7, 47.35, 47.90, 495, tse]
[3672, 24.8, 22.25, 24.80, 23.25, 827, otc]
[3673, 38.25, 35.8, 36.45, 37.75, 6093, tse]
[3675, 307.0, 278.0, 304.00, 301.00, 3119, otc]
[3679, 130.0, 120.5, 123.50, 129.00, 935, tse]
[3680, 442.0, 403.5, 412.00, 424.00, 7061, otc]
[3684, 45.05, 44.0, 45.05, 44.90, 23, otc]
[3685, 18.6, 18.0, 18.20, 18.55, 327, otc]
[3686, 22.75, 16.6, 16.95, 20.15, 28797, tse]
[3687, 93.1, 88.5, 89.20, 92.80, 546, otc]
[3689, 65.8, 60.6, 62.30, 62.40, 6739, otc]
[3691, 153.0, 141.5, 149.50, 144.00, 4766, otc]
[3693, 322.5, 301.0, 322.00, 310.00, 2356, otc]
[3694, 45.3, 43.25, 44.80, 43.70, 3948, tse]
[3701, 57.0, 54.8, 56.00, 55.80, 2116, tse]
[3702, 90.4, 84.4, 88.60, 85.10, 33099, tse]
[3703, 42.65, 35.1, 41.00, 39.00, 181758, tse]
[3704, 42.7, 40.65, 41.75, 40.95, 8200, tse]
[3705, 49.0, 47.85, 48.00, 48.60, 976, tse]
[3706, 46.2, 42.15, 44.00, 45.70, 62573, tse]
[3707, 71.4, 66.9, 67.10, 69.10, 24057, otc]
[3708, 159.5, 141.0, 145.50, 149.00, 66444, tse]
[3709, 23.9, 23.3, 23.30, 23.60, 220, otc]
[3710, 10.35, 10.0, 10.30, 10.10, 3462, otc]
[3711, 151.0, 141.5, 145.50, 142.50, 69536, tse]
[3712, 48.5, 44.5, 47.90, 44.85, 11145, tse]
[3713, 23.5, 22.4, 23.25, 23.00, 142, otc]
[3714, 42.05, 38.9, 39.00, 41.15, 13841, tse]
[3715, 72.5, 59.0, 71.30, 59.80, 101622, tse]
[4102, 39.9, 37.3, 38.65, 38.80, 2310, otc]
[4104, 93.0, 89.7, 90.00, 91.60, 1271, tse]
[4105, 76.8, 75.8, 76.10, 76.60, 1943, otc]
[4106, 28.0, 27.5, 27.60, 27.80, 373, tse]
[4107, 127.0, 122.5, 124.50, 123.50, 600, otc]
[4108, 20.1, 19.4, 19.70, 19.80, 783, tse]
[4109, 25.4, 23.85, 24.15, 24.80, 4288, otc]
[4111, 26.15, 25.6, 25.95, 25.70, 386, otc]
[4113, 46.7, 42.65, 43.00, 46.20, 4166, otc]
[4114, 38.4, 37.85, 37.90, 38.10, 3229, otc]
[4116, 55.9, 54.5, 55.20, 55.50, 193, otc]
[4119, 89.8, 86.0, 86.80, 89.00, 758, tse]
[4120, 42.85, 40.5, 40.80, 42.20, 392, otc]
[4121, 23.0, 22.0, 22.85, 22.50, 1528, otc]
[4123, 44.3, 41.9, 42.05, 42.95, 5337, otc]
[4126, 91.2, 89.1, 89.40, 91.00, 278, otc]
[4127, 33.5, 29.25, 31.10, 33.45, 8123, otc]
[4128, 41.75, 39.65, 39.65, 40.80, 7465, otc]
[4129, 97.9, 92.0, 92.60, 97.20, 2486, otc]
[4130, 24.4, 23.8, 23.80, 24.05, 798, otc]
[4131, 31.85, 30.05, 30.50, 31.20, 35, otc]
[4133, 31.5, 30.0, 30.00, 31.15, 492, tse]
[4137, 191.5, 187.5, 190.00, 188.50, 731, tse]
[4138, 118.5, 113.5, 117.50, 114.00, 666, otc]
[4139, 30.9, 29.0, 30.00, 29.70, 9, otc]
[4142, 27.55, 26.85, 27.35, 27.05, 3526, tse]
[4147, 85.0, 81.7, 84.20, 83.00, 4367, otc]
[4148, 52.7, 49.25, 50.00, 51.30, 434, tse]
[4153, 39.45, 38.25, 39.00, 38.70, 219, otc]
[4154, 13.4, 12.8, 13.25, 13.25, 51, otc]
[4155, 26.25, 23.75, 23.85, 25.95, 5053, tse]
[4157, 17.0, 15.25, 16.50, 15.40, 24577, otc]
[4160, 57.5, 45.95, 45.95, 55.20, 4273, otc]
[4161, 34.95, 33.35, 34.60, 34.25, 575, otc]
[4162, 92.8, 87.3, 89.00, 91.50, 1874, otc]
[4163, 123.0, 119.0, 123.00, 119.50, 202, otc]
[4164, 57.4, 55.7, 56.30, 55.80, 1763, tse]
[4167, 22.5, 21.0, 21.00, 21.20, 15009, otc]
[4168, 26.0, 25.15, 25.15, 25.50, 725, otc]
[4171, 32.0, 30.1, 30.35, 31.95, 626, otc]
[4173, 21.95, 21.45, 21.95, 21.65, 493, otc]
[4174, 59.8, 58.5, 58.70, 59.00, 875, otc]
[4175, 78.0, 76.4, 77.00, 77.00, 93, otc]
[4183, 21.9, 21.15, 21.20, 21.60, 263, otc]
[4188, 28.8, 23.95, 24.05, 27.15, 1443, otc]
[4190, 51.5, 49.25, 49.60, 49.85, 264, tse]
[4192, 52.5, 45.05, 45.05, 52.50, 341, otc]
[4198, 56.1, 42.7, 42.70, 48.50, 709, otc]
[4205, 96.9, 95.5, 95.90, 95.90, 67, otc]
[4207, 19.5, 18.9, 19.05, 19.10, 1370, otc]
[4303, 52.0, 40.85, 42.50, 50.00, 52079, otc]
[4304, 5.45, 4.93, 5.16, 5.00, 52, otc]
[4305, 41.8, 41.0, 41.50, 41.60, 86, otc]
[4306, 20.95, 19.35, 19.85, 20.30, 44949, tse]
[4401, 27.5, 24.15, 24.15, 26.75, 3299, otc]
[4402, 38.4, 30.75, 30.85, 38.30, 8997, otc]
[4406, 10.95, 10.3, 10.95, 10.45, 355, otc]
[4413, 18.2, 17.25, 17.25, 18.10, 42, otc]
[4414, 3.61, 3.5, 3.58, 3.53, 2353, tse]
[4416, 105.5, 103.0, 105.50, 104.50, 138, otc]
[4417, 39.15, 38.85, 38.95, 38.95, 184, otc]
[4419, 47.0, 44.05, 46.25, 45.20, 14, otc]
[4420, 49.95, 45.45, 45.50, 49.60, 1432, otc]
[4426, 18.55, 15.4, 16.00, 17.70, 2613, tse]
[4430, 21.6, 21.2, 21.55, 21.40, 29, otc]
[4432, 24.9, 23.4, 24.90, 23.50, 550, otc]
[4433, 29.5, 28.7, 29.05, 29.25, 157, otc]
[4438, 108.0, 106.0, 106.50, 107.00, 315, tse]
[4439, 109.0, 106.0, 106.50, 108.50, 157, tse]
[4440, 24.55, 23.65, 23.65, 24.50, 362, tse]
[4442, 23.5, 22.7, 22.90, 23.25, 56, otc]
[4502, 36.3, 31.75, 36.30, 35.00, 376, otc]
[4503, 56.9, 53.3, 56.50, 54.10, 1468, otc]
[4506, 115.0, 101.5, 103.50, 108.50, 2030, otc]
[4510, 18.3, 17.3, 17.30, 17.85, 3656, otc]
[4513, 41.1, 35.5, 39.35, 39.45, 14294, otc]
[4523, 54.0, 51.1, 51.10, 51.50, 161, otc]
[4526, 25.0, 23.1, 24.30, 23.20, 26237, tse]
[4527, 44.15, 41.9, 41.90, 43.20, 407, otc]
[4528, 30.0, 29.5, 29.50, 29.55, 102, otc]
[4529, 12.3, 10.9, 11.90, 11.45, 447, otc]
[4530, 7.54, 6.82, 7.00, 7.29, 100, otc]
[4532, 29.75, 26.65, 27.50, 28.40, 57045, tse]
[4533, 39.05, 32.3, 35.30, 38.10, 24050, otc]
[4534, 11.25, 10.5, 10.50, 11.05, 691, otc]
[4535, 33.45, 32.85, 33.10, 33.40, 191, otc]
[4536, 200.5, 184.5, 187.50, 195.00, 2558, tse]
[4538, 20.65, 20.0, 20.25, 20.40, 309, otc]
[4540, 33.1, 31.65, 32.25, 32.60, 565, tse]
[4541, 33.05, 31.65, 33.05, 31.70, 1175, otc]
[4542, 65.9, 60.6, 64.00, 65.50, 1091, otc]
[4543, 49.0, 44.55, 46.45, 47.60, 3595, otc]
[4545, 32.6, 31.1, 31.90, 31.30, 563, tse]
[4549, 95.0, 92.0, 93.30, 94.40, 137, otc]
[4550, 38.3, 36.8, 37.50, 38.00, 361, otc]
[4551, 98.0, 95.3, 95.70, 96.80, 434, tse]
[4552, 30.45, 29.85, 30.30, 30.30, 741, tse]
[4554, 28.5, 27.25, 28.00, 28.00, 191, otc]
[4555, 64.5, 61.5, 62.40, 63.80, 53, tse]
[4556, 46.9, 37.25, 45.40, 38.50, 7244, otc]
[4557, 123.0, 116.0, 117.50, 120.00, 348, tse]
[4558, 29.95, 27.2, 27.30, 28.80, 501, otc]
[4560, 37.85, 36.9, 37.10, 37.25, 737, tse]
[4561, 33.9, 32.5, 33.25, 33.35, 829, otc]
[4562, 21.0, 18.3, 18.40, 19.35, 10807, tse]
[4563, 49.2, 47.05, 48.50, 47.40, 802, otc]
[4564, 22.45, 21.45, 21.65, 22.20, 2637, tse]
[4566, 51.5, 49.85, 51.00, 49.85, 1124, tse]
[4568, 54.3, 52.1, 52.60, 54.00, 43, otc]
[4569, 99.0, 93.0, 93.00, 95.70, 54, tse]
[4571, 95.0, 90.1, 91.50, 94.00, 247, tse]
[4572, 163.0, 157.5, 163.00, 159.00, 822, tse]
[4576, 76.8, 69.6, 71.50, 74.20, 1502, tse]
[4577, 19.6, 19.2, 19.55, 19.60, 52, otc]
[4580, 97.0, 94.5, 94.90, 96.00, 389, otc]
[4581, 64.8, 62.8, 63.50, 64.00, 197, tse]
[4583, 256.5, 222.5, 222.50, 255.00, 1416, tse]
[4584, 69.7, 62.7, 69.00, 68.20, 185, otc]
[4588, 134.0, 115.0, 134.00, 116.00, 4488, tse]
[4609, 9.58, 8.16, 8.99, 8.60, 290, otc]
[4702, 13.05, 12.55, 12.65, 12.75, 686, otc]
[4706, 27.85, 26.75, 27.00, 26.85, 48, otc]
[4707, 14.0, 13.8, 13.90, 13.95, 1662, otc]
[4711, 17.1, 16.5, 16.80, 17.00, 200, otc]
[4714, 21.2, 19.15, 19.60, 20.00, 29226, otc]
[4716, 21.3, 15.9, 16.05, 18.50, 36929, otc]
[4720, 17.3, 16.3, 17.05, 16.45, 2418, tse]
[4721, 69.9, 67.6, 68.50, 69.00, 625, otc]
[4722, 41.2, 39.6, 39.80, 40.25, 480, tse]
[4726, 50.3, 42.7, 44.90, 43.85, 26490, otc]
[4728, 226.5, 222.0, 223.00, 225.50, 123, otc]
[4729, 17.8, 17.05, 17.45, 17.55, 548, otc]
[4735, 35.6, 35.0, 35.60, 35.40, 99, otc]
[4736, 156.5, 152.5, 152.50, 154.00, 607, tse]
[4737, 69.3, 68.3, 68.90, 68.80, 148, tse]
[4739, 60.5, 58.1, 58.70, 58.20, 1127, tse]
[4741, 41.1, 39.0, 39.45, 40.00, 207, otc]
[4743, 157.0, 144.0, 144.00, 153.00, 10538, otc]
[4744, 24.2, 23.5, 23.80, 24.05, 659, otc]
[4745, 23.45, 23.05, 23.35, 23.30, 63, otc]
[4746, 104.5, 98.2, 101.50, 100.00, 6402, tse]
[4747, 74.4, 66.0, 66.00, 74.20, 1527, otc]
[4754, 42.15, 41.1, 41.85, 41.80, 101, otc]
[4755, 145.5, 138.5, 145.50, 143.00, 1371, tse]
[4760, 103.0, 85.0, 88.40, 103.00, 5576, otc]
[4763, 791.0, 715.0, 758.00, 779.00, 11916, tse]
[4764, 36.3, 34.0, 36.30, 34.00, 166, tse]
[4766, 347.5, 322.0, 337.00, 343.50, 3747, tse]
[4767, 30.3, 29.25, 29.40, 30.15, 34, otc]
[4768, 271.5, 243.5, 260.00, 262.50, 3970, otc]
[4770, 426.5, 402.0, 418.00, 407.50, 2438, tse]
[4771, 315.5, 287.0, 289.00, 307.00, 1337, tse]
[4804, 4.22, 4.0, 4.22, 4.02, 211, otc]
[4806, 13.25, 11.45, 11.90, 12.60, 129, otc]
[4807, 18.6, 17.15, 17.85, 17.25, 231, tse]
[4903, 17.65, 16.55, 16.55, 17.00, 963, otc]
[4904, 81.5, 80.0, 80.60, 80.50, 33476, tse]
[4905, 104.5, 91.8, 91.80, 97.90, 1712, otc]
[4906, 33.0, 32.0, 32.20, 32.80, 7634, tse]
[4907, 69.4, 61.8, 64.80, 69.00, 1268, otc]
[4908, 104.5, 89.1, 95.60, 98.10, 8795, otc]
[4909, 97.9, 75.1, 97.60, 85.80, 36014, otc]
[4911, 59.9, 58.2, 58.60, 58.90, 117, otc]
[4912, 135.5, 117.5, 122.00, 131.00, 3400, tse]
[4915, 89.4, 84.6, 86.00, 87.40, 21354, tse]
[4916, 33.05, 32.1, 32.55, 32.95, 1736, tse]
[4919, 132.0, 127.0, 127.50, 130.50, 10330, tse]
[4923, 47.0, 44.9, 45.10, 46.80, 168, otc]
[4924, 19.95, 16.55, 16.65, 18.90, 2124, otc]
[4927, 40.1, 38.45, 38.70, 39.20, 1531, tse]
[4930, 35.35, 34.25, 34.30, 34.70, 1034, tse]
[4931, 32.45, 31.05, 31.90, 31.35, 1116, otc]
[4933, 57.1, 54.5, 55.70, 56.90, 726, otc]
[4934, 23.8, 22.7, 23.70, 22.90, 1939, tse]
[4935, 62.3, 58.7, 60.60, 61.30, 1600, tse]
[4938, 97.9, 93.6, 94.80, 97.00, 30117, tse]
[4939, 21.45, 20.3, 20.75, 21.40, 1242, otc]
[4942, 46.0, 45.05, 45.25, 45.85, 740, tse]
[4943, 22.2, 20.5, 22.00, 21.00, 156, tse]
[4945, 106.5, 96.5, 100.00, 103.50, 1222, otc]
[4946, 46.15, 42.0, 42.50, 43.50, 37, otc]
[4951, 74.0, 70.4, 72.00, 73.80, 347, otc]
[4952, 49.45, 47.8, 49.05, 48.75, 1222, tse]
[4953, 138.5, 133.5, 134.00, 135.50, 1670, otc]
[4956, 22.15, 19.4, 21.75, 19.65, 6820, tse]
[4958, 118.0, 111.5, 112.50, 114.00, 24784, tse]
[4960, 12.8, 12.1, 12.25, 12.75, 15579, tse]
[4961, 243.5, 222.5, 230.50, 240.00, 7087, tse]
[4966, 827.0, 704.0, 805.00, 723.00, 10304, otc]
[4967, 90.8, 77.5, 80.20, 87.50, 20564, tse]
[4968, 177.5, 162.0, 168.00, 172.50, 7013, tse]
[4971, 62.3, 59.5, 61.10, 61.90, 477, otc]
[4972, 28.3, 27.35, 28.30, 27.90, 379, otc]
[4973, 36.7, 34.35, 35.60, 36.40, 3270, otc]
[4974, 72.8, 68.0, 68.10, 71.40, 2596, otc]
[4976, 40.9, 38.6, 40.20, 39.00, 1787, tse]
[4977, 74.5, 70.5, 72.80, 72.70, 1806, tse]
[4979, 119.5, 110.0, 117.50, 115.00, 15153, otc]
[4987, 61.4, 60.7, 61.40, 61.40, 37, otc]
[4989, 26.45, 25.3, 25.50, 26.30, 738, tse]
[4991, 30.3, 28.8, 28.85, 29.00, 161, otc]
[4994, 127.0, 111.0, 117.00, 118.00, 1398, tse]
[4995, 59.7, 54.3, 55.00, 57.60, 1100, otc]
[4999, 33.85, 33.2, 33.20, 33.65, 347, tse]
[5007, 57.3, 56.0, 56.20, 56.80, 458, tse]
[5009, 55.6, 52.2, 55.60, 52.80, 64901, otc]
[5011, 24.9, 23.0, 23.15, 24.85, 1520, otc]
[5013, 34.6, 34.2, 34.40, 34.55, 18, otc]
[5014, 13.65, 13.4, 13.50, 13.40, 1027, otc]
[5015, 45.1, 44.1, 44.20, 44.60, 149, otc]
[5016, 28.45, 28.0, 28.05, 28.20, 26, otc]
[5201, 30.9, 29.95, 30.20, 30.45, 456, otc]
[5202, 21.4, 20.2, 21.20, 20.20, 1754, otc]
[5203, 89.5, 83.1, 84.20, 88.30, 1145, tse]
[5205, 28.15, 27.5, 27.60, 27.50, 20, otc]
[5206, 38.65, 36.4, 36.50, 38.20, 836, otc]
[5209, 199.0, 193.0, 197.50, 195.50, 233, otc]
[5210, 39.45, 34.2, 39.45, 34.25, 4772, otc]
[5211, 26.4, 25.4, 25.40, 25.85, 211, otc]
[5212, 75.9, 61.7, 61.90, 67.50, 1190, otc]
[5213, 41.45, 38.85, 38.90, 41.00, 6771, otc]
[5215, 49.2, 47.3, 48.00, 48.45, 235, tse]
[5220, 27.8, 26.95, 27.80, 27.15, 106, otc]
[5222, 173.5, 166.0, 173.00, 169.50, 3443, tse]
[5223, 38.8, 37.1, 38.75, 37.90, 159, otc]
[5225, 120.5, 111.0, 116.00, 112.00, 7756, tse]
[5227, 35.95, 34.3, 35.30, 35.25, 1065, otc]
[5228, 23.15, 22.05, 22.05, 22.25, 127, otc]
[5230, 37.5, 30.35, 36.55, 37.20, 93308, otc]
[5234, 158.0, 133.5, 138.50, 151.50, 13580, tse]
[5236, 143.5, 137.5, 140.00, 142.00, 492, otc]
[5243, 56.5, 53.2, 54.20, 55.10, 3932, tse]
[5244, 44.3, 43.0, 44.30, 43.15, 545, tse]
[5245, 33.6, 32.65, 33.15, 33.10, 164, otc]
[5251, 41.25, 30.45, 36.45, 38.20, 34750, otc]
[5258, 130.0, 123.0, 126.50, 126.50, 5153, tse]
[5263, 123.5, 112.5, 113.00, 123.50, 1426, otc]
[5269, 1990.0, 1760.0, 1,940.00, 1,905.00, 5758, tse]
[5272, 32.5, 31.2, 32.10, 32.30, 1245, otc]
[5274, 3095.0, 2840.0, 3,000.00, 3,020.00, 1782, otc]
[5276, 14.65, 13.75, 13.90, 14.50, 49, otc]
[5278, 245.0, 240.0, 243.00, 241.00, 47, otc]
[5283, 114.5, 113.5, 114.00, 114.50, 266, tse]
[5284, 166.0, 150.5, 166.00, 159.00, 7051, tse]
[5285, 66.1, 63.0, 63.70, 65.80, 434, tse]
[5287, 203.5, 200.0, 200.50, 200.00, 574, otc]
[5288, 192.5, 189.0, 192.50, 190.00, 154, tse]
[5289, 289.0, 274.5, 284.00, 286.50, 1543, otc]
[5291, 27.0, 26.5, 26.70, 26.90, 166, otc]
[5292, 149.5, 136.0, 137.00, 146.50, 840, tse]
[5299, 99.4, 95.7, 98.10, 97.80, 867, otc]
[5301, 10.6, 8.41, 8.41, 10.50, 669, otc]
[5302, 10.7, 10.2, 10.40, 10.45, 623, otc]
[5306, 144.5, 138.0, 138.50, 142.00, 611, tse]
[5309, 34.3, 33.1, 34.00, 33.85, 3644, otc]
[5310, 45.0, 41.6, 41.60, 44.00, 1418, otc]
[5312, 104.5, 100.0, 102.00, 102.00, 513, otc]
[5314, 280.0, 227.5, 280.00, 251.50, 1348, otc]
[5315, 18.45, 17.7, 17.70, 18.20, 501, otc]
[5321, 74.6, 71.0, 73.30, 71.00, 340, otc]
[5324, 16.6, 13.75, 13.75, 15.20, 20192, otc]
[5328, 14.1, 13.55, 13.85, 14.00, 2056, otc]
[5340, 57.4, 53.7, 56.30, 54.20, 2399, otc]
[5344, 20.6, 19.75, 20.20, 19.80, 308, otc]
[5345, 12.05, 11.15, 12.05, 11.75, 18, otc]
[5347, 85.4, 80.0, 81.20, 83.00, 49256, otc]
[5348, 17.15, 13.7, 16.75, 14.55, 405, otc]
[5351, 49.4, 44.05, 48.60, 47.45, 20529, otc]
[5353, 33.0, 31.8, 32.95, 31.95, 819, otc]
[5355, 11.35, 10.85, 11.35, 11.15, 1008, otc]
[5356, 35.75, 34.25, 34.65, 35.70, 2050, otc]
[5364, 16.85, 15.65, 15.90, 16.30, 707, otc]
[5371, 99.0, 87.1, 95.00, 95.50, 50392, otc]
[5381, 38.25, 34.45, 38.00, 34.50, 10109, otc]
[5383, 43.45, 37.9, 40.15, 42.05, 2839, otc]
[5386, 72.4, 67.3, 70.20, 68.70, 2992, otc]
[5388, 126.0, 120.0, 120.50, 123.00, 11415, tse]
[5392, 26.5, 24.5, 24.85, 26.00, 5273, otc]
[5398, 17.8, 16.4, 17.55, 17.15, 365, otc]
[5403, 131.5, 128.0, 129.50, 129.00, 649, otc]
[5410, 36.15, 35.15, 35.60, 35.80, 1258, otc]
[5425, 71.9, 67.9, 71.10, 70.10, 9172, otc]
[5426, 34.4, 32.0, 33.30, 32.00, 6976, otc]
[5432, 148.0, 115.5, 127.00, 136.50, 4960, otc]
[5434, 258.5, 247.0, 256.50, 250.50, 11924, tse]
[5438, 19.2, 18.55, 18.80, 18.65, 197, otc]
[5439, 113.5, 105.0, 113.50, 106.00, 5005, otc]
[5443, 57.6, 52.1, 56.60, 55.10, 26105, otc]
[5450, 20.15, 19.5, 19.55, 19.90, 287, otc]
[5452, 23.5, 22.5, 23.10, 23.00, 3490, otc]
[5455, 69.6, 60.6, 61.50, 63.90, 435, otc]
[5457, 57.5, 55.0, 57.00, 56.80, 2915, otc]
[5460, 14.45, 13.85, 13.85, 13.90, 141, otc]
[5464, 30.95, 29.35, 29.50, 30.85, 468, otc]
[5465, 42.45, 39.75, 41.30, 41.85, 1616, otc]
[5468, 17.1, 16.55, 16.90, 17.05, 129, otc]
[5469, 56.2, 54.3, 55.60, 55.20, 8890, tse]
[5471, 50.2, 48.75, 50.10, 49.75, 1224, tse]
[5474, 128.0, 118.0, 124.00, 124.00, 841, otc]
[5475, 10.55, 9.95, 10.55, 10.25, 1659, otc]
[5478, 142.0, 135.5, 137.50, 141.00, 711, otc]
[5481, 13.5, 13.25, 13.40, 13.45, 217, otc]
[5483, 197.0, 187.5, 192.00, 192.50, 20857, otc]
[5484, 24.85, 22.35, 22.80, 23.60, 308, tse]
[5487, 31.9, 30.0, 30.40, 31.00, 88, otc]
[5488, 12.4, 11.25, 11.35, 12.30, 1717, otc]
[5489, 38.75, 37.65, 38.75, 37.85, 360, otc]
[5490, 27.9, 25.75, 25.80, 26.85, 1059, otc]
[5493, 122.0, 87.3, 91.70, 117.00, 12709, otc]
[5498, 12.5, 11.95, 12.25, 12.25, 5126, otc]
[5508, 181.5, 159.5, 166.00, 181.00, 22410, otc]
[5511, 80.4, 70.7, 73.00, 76.00, 21744, otc]
[5512, 14.7, 12.25, 13.90, 13.35, 212220, otc]
[5514, 26.45, 21.2, 24.50, 24.10, 8183, otc]
[5515, 28.8, 24.25, 27.30, 24.45, 39077, tse]
[5516, 24.5, 21.25, 22.65, 24.00, 3705, otc]
[5519, 44.9, 41.2, 42.05, 44.10, 11903, tse]
[5520, 80.2, 78.6, 79.30, 79.50, 71, otc]
[5521, 15.75, 13.35, 14.75, 13.85, 152110, tse]
[5522, 69.8, 60.8, 62.20, 68.80, 26858, tse]
[5523, 31.4, 29.5, 29.65, 30.35, 1977, otc]
[5525, 38.3, 35.7, 35.90, 38.10, 2216, tse]
[5529, 35.45, 27.65, 28.00, 35.35, 20638, otc]
[5530, 43.7, 41.65, 41.80, 42.60, 3423, otc]
[5531, 11.85, 10.45, 10.70, 11.85, 52485, tse]
[5533, 28.95, 24.8, 24.80, 27.30, 24329, tse]
[5534, 133.0, 119.5, 122.50, 127.50, 37300, tse]
[5536, 209.0, 198.5, 203.00, 203.50, 2058, otc]
[5538, 30.4, 28.65, 28.65, 29.95, 92, tse]
[5543, 51.0, 48.25, 50.00, 49.55, 183, otc]
[5546, 32.95, 31.8, 31.80, 32.10, 94, tse]
[5548, 43.4, 36.8, 42.00, 40.00, 826, otc]
[5601, 36.75, 36.25, 36.45, 36.75, 12, otc]
[5603, 23.35, 22.65, 22.80, 23.05, 938, otc]
[5604, 40.3, 39.6, 39.90, 39.95, 306, otc]
[5607, 59.3, 56.6, 56.80, 57.40, 5320, tse]
[5608, 19.6, 18.5, 18.95, 19.35, 12544, tse]
[5609, 95.9, 91.5, 95.30, 92.40, 2018, otc]
[5701, 6.19, 5.33, 5.66, 6.05, 823, otc]
[5703, 25.0, 21.0, 21.00, 24.05, 1421, otc]
[5704, 50.8, 45.0, 45.90, 48.70, 589, otc]
[5706, 82.0, 69.6, 69.60, 79.70, 34610, tse]
[5864, 21.5, 19.9, 19.90, 21.45, 7859, otc]
[5871, 174.0, 167.5, 169.50, 168.00, 22851, tse]
[5876, 46.3, 45.0, 45.45, 45.05, 22091, tse]
[5878, 48.2, 48.1, 48.15, 48.15, 16, otc]
[5880, 26.3, 25.7, 25.80, 25.80, 44094, tse]
[5902, 33.45, 32.6, 32.70, 32.90, 234, otc]
[5903, 190.0, 188.0, 188.00, 188.50, 126, otc]
[5904, 491.5, 469.0, 472.00, 486.50, 749, otc]
[5905, 12.3, 11.6, 11.65, 12.20, 4107, otc]
[5906, 60.6, 59.0, 60.60, 60.40, 35, tse]
[5907, 8.69, 8.22, 8.45, 8.61, 848, tse]
[6005, 25.45, 23.5, 23.85, 23.90, 137661, tse]
[6015, 12.85, 12.5, 12.55, 12.80, 7300, otc]
[6016, 15.85, 15.45, 15.50, 15.80, 10221, otc]
[6020, 19.3, 18.8, 19.00, 18.95, 65, otc]
[6021, 19.5, 17.45, 17.85, 18.95, 476, otc]
[6023, 80.9, 79.3, 79.30, 80.30, 733, otc]
[6024, 55.0, 54.0, 54.00, 54.50, 1212, tse]
[6026, 15.85, 15.35, 15.40, 15.85, 9192, otc]
[6101, 48.1, 45.8, 46.05, 46.95, 806, otc]
[6103, 33.5, 32.35, 33.30, 33.50, 8, otc]
[6104, 94.8, 91.2, 93.20, 93.80, 2629, otc]
[6108, 20.75, 19.7, 19.95, 20.55, 2010, tse]
[6109, 14.15, 13.65, 14.10, 13.95, 904, otc]
[6111, 71.5, 69.3, 71.50, 71.00, 1585, otc]
[6112, 57.2, 55.5, 56.00, 56.20, 2103, tse]
[6113, 29.55, 27.85, 29.40, 28.30, 1930, otc]
[6114, 25.1, 21.45, 24.50, 24.25, 723, otc]
[6115, 52.9, 51.3, 51.30, 51.80, 1138, tse]
[6116, 10.4, 9.78, 10.00, 10.25, 43997, tse]
[6117, 85.0, 75.6, 80.80, 82.70, 20229, tse]
[6118, 22.8, 21.75, 21.80, 22.50, 913, otc]
[6120, 17.4, 15.6, 15.70, 17.00, 66307, tse]
[6121, 433.0, 411.0, 415.00, 430.00, 3874, otc]
[6122, 62.8, 58.1, 62.80, 58.60, 5778, otc]
[6123, 70.1, 68.6, 69.20, 69.80, 188, otc]
[6124, 38.75, 36.1, 38.00, 38.40, 1703, otc]
[6125, 94.7, 80.6, 88.00, 91.70, 254941, otc]
[6126, 32.65, 30.65, 32.10, 31.45, 6466, otc]
[6127, 25.75, 24.55, 25.15, 24.95, 2523, otc]
[6128, 39.05, 37.25, 37.30, 38.35, 1676, tse]
[6129, 24.25, 23.5, 23.60, 24.00, 2183, otc]
[6130, 22.5, 20.6, 22.50, 20.80, 204, otc]
[6133, 13.65, 13.1, 13.20, 13.45, 1867, tse]
[6134, 20.45, 19.3, 19.50, 20.00, 989, otc]
[6136, 22.5, 22.0, 22.35, 22.35, 1096, tse]
[6138, 201.5, 188.0, 189.00, 198.00, 3973, otc]
[6139, 325.0, 259.5, 314.00, 265.50, 31161, tse]
[6140, 31.2, 26.25, 27.80, 28.55, 3724, otc]
[6141, 18.5, 17.0, 18.05, 17.10, 1833, tse]
[6142, 9.72, 9.3, 9.41, 9.57, 1073, tse]
[6143, 118.0, 101.5, 109.00, 116.50, 24438, otc]
[6144, 22.6, 19.75, 20.70, 20.60, 155, otc]
[6146, 248.0, 238.5, 240.50, 242.50, 2304, otc]
[6147, 77.9, 72.4, 74.00, 77.80, 23857, otc]
[6148, 30.9, 29.95, 30.30, 30.50, 584, otc]
[6150, 80.1, 76.2, 79.10, 77.60, 1405, otc]
[6151, 26.6, 26.0, 26.10, 26.15, 216, otc]
[6152, 10.1, 9.8, 9.95, 10.00, 1638, tse]
[6153, 19.6, 18.9, 19.40, 19.45, 5872, tse]
[6154, 17.0, 16.55, 16.60, 16.95, 123, otc]
[6155, 26.0, 25.1, 25.55, 25.75, 447, tse]
[6156, 22.45, 21.55, 21.75, 22.35, 1281, otc]
[6158, 29.6, 28.3, 28.50, 28.75, 368, otc]
[6160, 20.85, 20.05, 20.25, 20.50, 534, otc]
[6161, 45.25, 43.5, 44.05, 44.45, 976, otc]
[6163, 21.45, 20.45, 21.05, 20.50, 3823, otc]
[6164, 15.25, 14.1, 14.30, 14.75, 4117, tse]
[6165, 42.8, 40.4, 41.70, 40.90, 2658, tse]
[6166, 66.6, 60.6, 62.70, 64.50, 4023, tse]
[6167, 15.7, 15.15, 15.60, 15.50, 1776, otc]
[6168, 23.6, 22.4, 22.70, 23.35, 3217, tse]
[6169, 22.9, 21.9, 21.90, 22.40, 178, otc]
[6170, 53.2, 51.9, 52.40, 52.30, 1708, otc]
[6171, 43.4, 38.2, 38.50, 43.20, 1426, otc]
[6173, 43.85, 42.5, 43.15, 43.50, 935, otc]
[6174, 22.45, 21.0, 21.40, 21.85, 128, otc]
[6175, 37.35, 35.7, 36.50, 36.50, 732, otc]
[6176, 197.0, 173.0, 177.00, 195.50, 32537, tse]
[6177, 56.2, 47.2, 47.50, 56.00, 41332, tse]
[6179, 32.75, 31.6, 32.40, 31.70, 4323, otc]
[6180, 74.7, 70.5, 70.50, 74.00, 2149, otc]
[6182, 39.4, 38.5, 39.05, 39.20, 8297, otc]
[6183, 74.7, 73.5, 74.40, 74.20, 166, tse]
[6184, 54.4, 53.9, 54.40, 54.10, 156, tse]
[6185, 17.0, 16.55, 17.00, 16.75, 839, otc]
[6186, 83.1, 77.0, 79.90, 81.60, 7362, otc]
[6187, 244.5, 202.5, 220.00, 225.50, 16424, otc]
[6188, 97.6, 81.5, 85.90, 92.00, 58517, otc]
[6189, 89.5, 79.8, 85.50, 86.40, 26061, tse]
[6190, 39.35, 35.95, 36.60, 38.70, 35000, otc]
[6191, 71.0, 66.5, 70.40, 69.90, 15474, tse]
[6192, 115.0, 101.0, 113.00, 104.50, 4283, tse]
[6194, 34.5, 33.2, 33.70, 33.90, 361, otc]
[6195, 42.15, 41.55, 41.55, 41.70, 109, otc]
[6196, 159.0, 149.0, 152.00, 157.00, 5358, tse]
[6197, 151.0, 131.5, 137.50, 142.00, 37300, tse]
[6198, 67.9, 60.2, 65.60, 60.90, 1609, otc]
[6199, 32.55, 22.05, 22.05, 32.00, 527, otc]
[6201, 61.7, 60.6, 60.80, 61.10, 199, tse]
[6202, 59.1, 55.7, 56.90, 58.30, 7764, tse]
[6203, 83.9, 81.0, 82.50, 83.30, 601, otc]
[6204, 128.0, 109.5, 113.00, 123.00, 2274, otc]
[6205, 71.7, 69.2, 69.80, 70.20, 2139, tse]
[6206, 86.0, 80.6, 81.80, 84.30, 2738, tse]
[6207, 72.4, 52.9, 58.00, 65.20, 62242, otc]
[6208, 61.0, 58.6, 59.40, 59.50, 1319, otc]
[6209, 26.0, 24.35, 24.60, 24.80, 1644, tse]
[6210, 25.7, 24.15, 25.70, 24.40, 69, otc]
[6212, 84.9, 79.4, 82.50, 81.50, 450, otc]
[6213, 117.0, 105.0, 110.00, 110.00, 56425, tse]
[6214, 125.0, 119.0, 122.00, 122.00, 4677, tse]
[6215, 45.65, 35.5, 38.15, 45.65, 47724, tse]
[6216, 35.7, 33.9, 34.00, 35.25, 1281, tse]
[6217, 47.5, 41.4, 41.70, 47.20, 16936, otc]
[6218, 25.6, 24.45, 25.10, 25.35, 495, otc]
[6219, 42.2, 38.4, 40.75, 40.80, 15866, otc]
[6220, 23.6, 22.8, 23.25, 23.55, 457, otc]
[6221, 83.8, 81.0, 81.00, 82.20, 107, otc]
[6222, 33.0, 28.5, 33.00, 29.25, 180, otc]
[6223, 417.5, 367.0, 400.00, 402.00, 26686, otc]
[6224, 52.5, 51.0, 51.20, 52.30, 589, tse]
[6225, 16.95, 15.5, 16.50, 16.35, 69, tse]
[6226, 10.15, 9.82, 9.97, 9.99, 1049, tse]
[6227, 67.8, 62.3, 67.80, 64.10, 4401, otc]
[6228, 23.5, 21.65, 21.70, 21.90, 50, otc]
[6229, 35.4, 32.1, 33.45, 34.30, 2236, otc]
[6230, 304.0, 222.0, 250.00, 304.00, 13291, tse]
[6231, 238.5, 221.0, 224.50, 234.50, 1950, otc]
[6233, 40.55, 36.2, 40.05, 36.75, 5933, otc]
[6234, 29.3, 27.75, 28.00, 28.45, 1650, otc]
[6235, 90.9, 81.7, 85.50, 84.80, 14873, tse]
[6236, 34.95, 31.6, 31.60, 34.95, 5, otc]
[6237, 52.6, 49.7, 51.60, 51.50, 1926, otc]
[6239, 175.0, 168.0, 172.50, 173.00, 20166, tse]
[6240, 22.25, 21.25, 21.70, 21.55, 69, otc]
[6241, 14.45, 13.7, 14.10, 13.85, 300, otc]
[6242, 51.9, 50.2, 50.50, 51.70, 83, otc]
[6243, 60.9, 57.4, 59.70, 58.30, 2294, tse]
[6244, 28.35, 26.55, 27.75, 26.65, 19602, otc]
[6245, 95.5, 90.9, 92.50, 93.80, 2635, otc]
[6246, 14.2, 13.65, 14.10, 14.00, 178, otc]
[6248, 37.15, 35.0, 36.90, 35.15, 6837, otc]
[6257, 71.7, 67.5, 70.50, 71.50, 15958, tse]
[6259, 23.2, 21.65, 22.10, 22.80, 166, otc]
[6261, 74.3, 71.1, 71.80, 73.60, 1437, otc]
[6263, 157.0, 141.0, 141.50, 149.00, 1468, otc]
[6264, 14.05, 10.9, 11.50, 14.05, 18031, otc]
[6265, 11.35, 10.5, 10.85, 11.10, 2478, otc]
[6266, 34.45, 32.0, 32.35, 34.00, 1684, otc]
[6269, 92.8, 90.1, 90.70, 92.40, 9756, tse]
[6270, 23.4, 22.6, 23.15, 23.10, 785, otc]
[6271, 151.0, 139.0, 141.50, 143.50, 9886, tse]
[6274, 184.5, 152.5, 163.00, 179.50, 74118, otc]
[6275, 65.9, 54.3, 57.00, 62.40, 22090, otc]
[6276, 58.5, 55.2, 57.30, 55.60, 657, otc]
[6277, 81.0, 79.9, 80.20, 80.90, 265, tse]
[6278, 115.0, 104.0, 107.50, 111.00, 22421, tse]
[6279, 152.5, 147.0, 150.00, 152.00, 1875, otc]
[6281, 84.9, 84.2, 84.60, 84.50, 362, tse]
[6282, 40.9, 38.7, 40.15, 39.50, 35601, tse]
[6283, 32.75, 29.0, 30.55, 31.55, 3689, tse]
[6284, 83.5, 78.1, 82.30, 82.80, 10777, otc]
[6285, 150.5, 144.0, 147.50, 147.50, 17092, tse]
[6287, 13.8, 12.9, 12.90, 13.75, 32, otc]
[6288, 33.1, 30.4, 32.00, 31.90, 11205, tse]
[6290, 90.5, 83.0, 88.40, 84.40, 19379, otc]
[6291, 160.0, 147.0, 159.00, 149.00, 595, otc]
[6292, 73.6, 69.9, 72.40, 71.10, 875, otc]
[6294, 119.0, 115.0, 116.00, 117.00, 299, otc]
[6405, 23.75, 23.1, 23.45, 23.30, 235, tse]
[6409, 1520.0, 1435.0, 1,500.00, 1,500.00, 993, tse]
[6411, 97.4, 93.5, 95.10, 96.40, 1276, otc]
[6412, 173.0, 161.0, 171.00, 168.00, 4237, tse]
[6414, 335.0, 316.0, 323.50, 331.00, 6222, tse]
[6415, 399.0, 327.0, 332.00, 388.00, 19917, tse]
[6416, 116.0, 105.0, 109.00, 114.00, 2085, tse]
[6417, 103.5, 97.3, 100.50, 101.00, 1282, otc]
[6418, 22.8, 22.0, 22.30, 22.65, 314, otc]
[6419, 57.5, 54.5, 57.40, 56.40, 507, otc]
[6425, 101.0, 71.7, 79.00, 92.80, 51666, otc]
[6426, 65.8, 61.8, 63.10, 65.30, 376, tse]
[6431, 12.45, 11.6, 12.30, 11.85, 438, tse]
[6432, 35.85, 33.95, 35.80, 35.35, 876, otc]
[6435, 97.3, 93.5, 94.10, 96.00, 300, otc]
[6438, 129.0, 120.5, 122.50, 126.00, 5993, tse]
[6441, 39.5, 38.2, 38.95, 38.70, 308, otc]
[6442, 144.5, 122.0, 128.00, 127.00, 16173, tse]
[6443, 29.4, 27.55, 29.00, 27.90, 33885, tse]
[6446, 300.0, 285.5, 289.00, 285.50, 5741, tse]
[6449, 129.5, 92.4, 97.00, 129.50, 19098, tse]
[6451, 178.5, 143.5, 151.00, 164.00, 13399, tse]
[6456, 58.5, 55.8, 56.20, 58.00, 2380, tse]
[6457, 50.7, 46.3, 48.30, 48.75, 699, otc]
[6461, 28.0, 26.6, 26.65, 27.30, 557, otc]
[6462, 267.0, 236.0, 261.50, 249.50, 22056, otc]
[6464, 87.5, 85.4, 86.00, 85.60, 382, tse]
[6465, 23.5, 21.5, 22.20, 22.90, 177, otc]
[6469, 287.5, 271.0, 275.00, 277.50, 932, otc]
[6470, 56.2, 54.6, 56.20, 54.90, 581, otc]
[6472, 771.0, 704.0, 712.00, 752.00, 13023, tse]
[6477, 38.8, 37.2, 37.95, 37.55, 2200, tse]
[6482, 50.6, 47.7, 49.05, 49.50, 62, otc]
[6485, 79.6, 76.3, 78.70, 77.60, 1061, otc]
[6486, 94.4, 88.9, 88.90, 92.80, 2270, otc]
[6488, 527.0, 501.0, 522.00, 511.00, 9124, otc]
[6491, 530.0, 446.5, 451.50, 514.00, 5540, tse]
[6492, 41.5, 40.5, 40.75, 40.70, 547, otc]
[6494, 67.9, 63.7, 65.10, 66.40, 380, otc]
[6496, 28.5, 27.5, 27.65, 28.35, 72, otc]
[6499, 43.0, 41.55, 41.55, 42.65, 160, otc]
[6504, 70.7, 68.9, 69.50, 70.40, 283, tse]
[6505, 73.1, 70.1, 70.40, 71.20, 20484, tse]
[6506, 16.9, 16.65, 16.85, 16.85, 95, otc]
[6508, 32.35, 31.85, 32.35, 31.85, 263, otc]
[6509, 37.75, 36.5, 36.80, 37.70, 1512, otc]
[6510, 458.5, 435.0, 450.00, 438.50, 802, otc]
[6512, 21.95, 20.85, 21.60, 21.40, 47, otc]
[6514, 52.8, 52.4, 52.50, 52.50, 278, otc]
[6515, 863.0, 764.0, 822.00, 843.00, 3577, tse]
[6516, 76.0, 73.0, 76.00, 74.80, 167, otc]
[6517, 74.3, 70.0, 73.10, 71.70, 979, otc]
[6523, 176.0, 168.0, 169.00, 175.00, 443, otc]
[6525, 67.5, 66.3, 66.90, 67.10, 294, tse]
[6526, 688.0, 625.0, 679.00, 652.00, 6720, tse]
[6527, 78.1, 76.9, 77.00, 77.80, 124, otc]
[6530, 52.5, 43.0, 45.05, 51.10, 10557, otc]
[6531, 378.5, 345.0, 359.50, 371.00, 11391, tse]
[6532, 65.0, 62.0, 62.90, 64.30, 716, otc]
[6533, 394.5, 370.5, 389.50, 380.00, 4173, tse]
[6534, 84.5, 81.7, 84.50, 83.00, 190, tse]
[6535, 181.0, 163.5, 180.50, 172.00, 4579, otc]
[6538, 171.5, 157.0, 161.00, 164.50, 10862, otc]
[6541, 48.3, 44.0, 45.70, 48.00, 2675, tse]
[6542, 71.4, 66.5, 67.50, 70.00, 96, otc]
[6546, 131.0, 118.0, 120.50, 121.50, 6968, otc]
[6547, 53.1, 48.75, 49.00, 51.30, 5488, otc]
[6548, 42.0, 36.0, 36.35, 40.35, 37030, otc]
[6550, 67.9, 64.1, 64.10, 65.70, 3816, tse]
[6552, 44.0, 33.05, 33.30, 43.00, 10600, tse]
[6556, 77.2, 75.8, 77.20, 76.50, 82, otc]
[6558, 23.1, 22.6, 22.65, 22.70, 325, tse]
[6560, 28.9, 27.75, 28.05, 28.60, 70, otc]
[6561, 366.5, 356.5, 366.50, 361.50, 264, otc]
[6568, 133.5, 128.0, 131.00, 130.50, 198, otc]
[6569, 165.5, 160.0, 160.50, 164.00, 202, otc]
[6570, 56.0, 54.0, 54.30, 54.70, 337, otc]
[6573, 13.45, 12.6, 12.60, 13.00, 131, tse]
[6574, 51.1, 49.7, 50.80, 50.50, 26, otc]
[6576, 95.8, 93.7, 94.30, 95.00, 653, otc]
[6577, 138.0, 128.5, 131.50, 134.00, 534, otc]
[6578, 32.2, 28.45, 29.05, 28.55, 11927, otc]
[6579, 155.0, 146.0, 148.00, 153.00, 588, tse]
[6581, 98.9, 94.7, 95.80, 97.90, 313, tse]
[6582, 51.7, 49.75, 49.90, 50.10, 393, tse]
[6584, 193.0, 174.0, 193.00, 176.00, 1924, otc]
[6585, 200.0, 170.0, 186.00, 194.50, 5335, tse]
[6588, 37.95, 34.6, 37.95, 36.90, 233, otc]
[6589, 79.5, 77.0, 77.00, 78.70, 1916, otc]
[6590, 90.0, 88.6, 90.00, 89.40, 64, otc]
[6591, 56.0, 52.5, 53.40, 55.00, 1338, tse]
[6592, 118.5, 115.5, 116.00, 117.50, 2709, tse]
[6593, 146.0, 137.0, 139.00, 141.00, 1451, otc]
[6596, 89.5, 75.0, 77.00, 87.80, 9946, otc]
[6598, 20.1, 19.3, 20.10, 19.55, 364, tse]
[6603, 17.8, 17.05, 17.30, 17.65, 4288, otc]
[6605, 205.5, 192.5, 202.00, 201.50, 4986, tse]
[6606, 27.65, 26.4, 26.55, 27.40, 843, tse]
[6609, 35.05, 34.25, 34.95, 34.50, 338, otc]
[6612, 154.0, 133.0, 138.00, 133.00, 2813, otc]
[6613, 208.0, 192.0, 198.50, 204.50, 1558, otc]
[6615, 50.4, 40.1, 40.10, 48.30, 2219, otc]
[6616, 14.9, 14.0, 14.65, 14.50, 757, otc]
[6624, 42.3, 40.0, 42.05, 41.45, 67, otc]
[6625, 99.8, 92.0, 95.50, 98.30, 1633, tse]
[6629, 90.6, 87.6, 88.60, 88.70, 131, otc]
[6640, 433.5, 360.0, 414.00, 421.50, 2782, otc]
[6641, 43.45, 41.7, 42.20, 42.85, 96, tse]
[6642, 63.8, 61.0, 61.40, 63.20, 375, otc]
[6643, 1255.0, 1110.0, 1,225.00, 1,180.00, 6624, otc]
[6645, 42.0, 37.8, 37.80, 39.35, 648, tse]
[6649, 30.75, 29.2, 29.90, 29.95, 123, otc]
[6651, 72.0, 69.2, 70.00, 71.00, 231, otc]
[6654, 51.5, 47.85, 48.80, 50.10, 137, otc]
[6655, 120.0, 117.0, 119.00, 120.00, 123, tse]
[6657, 56.3, 53.2, 53.50, 54.80, 520, tse]
[6658, 41.95, 39.55, 40.50, 41.95, 122, tse]
[6661, 23.65, 22.35, 22.45, 23.00, 272, otc]
[6662, 36.4, 34.95, 35.45, 35.65, 58, otc]
[6664, 184.5, 168.0, 178.00, 181.50, 3536, otc]
[6666, 66.1, 63.0, 63.20, 64.20, 76, tse]
[6667, 171.0, 159.5, 168.50, 165.50, 4337, otc]
[6668, 78.3, 67.0, 70.00, 74.00, 28858, tse]
[6669, 2410.0, 2070.0, 2,235.00, 2,325.00, 11232, tse]
[6670, 271.0, 243.5, 244.50, 265.00, 3700, tse]
[6671, 43.0, 42.7, 43.00, 42.95, 155, tse]
[6672, 83.6, 81.5, 82.00, 82.60, 730, tse]
[6674, 25.3, 23.85, 24.45, 23.85, 61, tse]
[6679, 396.0, 363.0, 391.00, 382.00, 2117, otc]
[6680, 87.5, 83.0, 83.70, 86.60, 30, otc]
[6683, 302.5, 276.0, 302.50, 289.00, 1497, otc]
[6684, 93.4, 84.0, 90.90, 87.30, 10394, otc]
[6689, 101.5, 98.0, 99.50, 100.00, 1038, tse]
[6690, 171.0, 166.5, 167.50, 166.50, 322, otc]
[6691, 382.5, 360.0, 375.50, 380.00, 1927, tse]
[6692, 30.25, 29.55, 29.55, 30.15, 194, otc]
[6693, 70.8, 68.7, 68.80, 69.20, 218, otc]
[6695, 57.6, 53.2, 57.00, 54.60, 6973, tse]
[6697, 48.75, 47.0, 47.00, 48.75, 99, otc]
[6698, 33.3, 32.25, 32.25, 32.85, 713, tse]
[6703, 295.5, 286.0, 288.00, 291.00, 518, otc]
[6706, 51.5, 49.6, 50.20, 50.30, 697, tse]
[6708, 44.0, 40.9, 42.00, 44.00, 41, otc]
[6712, 218.0, 199.0, 200.00, 207.00, 3169, otc]
[6715, 162.5, 151.0, 162.50, 158.50, 2065, tse]
[6716, 113.0, 103.0, 107.50, 104.50, 335, otc]
[6719, 277.5, 252.0, 265.00, 271.00, 6302, tse]
[6721, 51.8, 51.2, 51.50, 51.60, 96, otc]
[6727, 64.2, 60.8, 62.40, 62.20, 643, otc]
[6728, 141.0, 132.0, 132.00, 140.00, 67, otc]
[6732, 341.0, 320.5, 323.50, 335.00, 1016, otc]
[6733, 37.15, 35.95, 36.45, 36.60, 654, otc]
[6735, 93.9, 85.5, 89.90, 88.00, 1149, otc]
[6741, 86.6, 82.1, 82.10, 85.20, 991, otc]
[6742, 83.0, 74.1, 77.00, 80.70, 1551, tse]
[6743, 60.3, 56.3, 57.60, 58.00, 1297, tse]
[6747, 178.5, 174.0, 176.50, 177.50, 119, otc]
[6751, 65.8, 64.0, 65.80, 64.40, 60, otc]
[6752, 126.5, 122.0, 122.00, 125.00, 129, otc]
[6753, 125.0, 110.0, 117.00, 119.00, 13011, tse]
[6754, 65.5, 61.7, 61.70, 62.70, 705, tse]
[6756, 197.0, 189.5, 193.00, 192.50, 893, tse]
[6757, 36.0, 32.95, 33.60, 35.70, 3796, tse]
[6761, 105.5, 91.1, 93.50, 98.10, 3545, otc]
[6762, 250.0, 246.0, 247.00, 250.00, 37, otc]
[6763, 408.0, 377.0, 390.00, 391.50, 196, otc]
[6767, 41.5, 38.7, 40.45, 38.75, 246, otc]
[6768, 87.9, 78.0, 79.50, 87.00, 6001, tse]
[6770, 22.8, 21.7, 22.20, 22.15, 139714, tse]
[6776, 63.2, 61.0, 61.60, 62.50, 513, tse]
[6781, 634.0, 553.0, 572.00, 625.00, 2442, tse]
[6782, 258.0, 231.0, 231.00, 255.50, 5456, tse]
[6785, 312.0, 263.0, 303.50, 268.50, 2691, otc]
[6788, 137.5, 133.5, 137.50, 135.50, 786, otc]
[6789, 270.0, 252.5, 253.00, 268.00, 4157, tse]
[6790, 54.5, 52.1, 52.70, 53.20, 3746, tse]
[6791, 83.8, 80.5, 83.10, 81.00, 73, otc]
[6792, 80.0, 76.8, 76.80, 79.40, 192, tse]
[6796, 77.1, 72.7, 75.40, 75.20, 302, tse]
[6799, 150.0, 141.0, 149.50, 146.00, 3449, tse]
[6803, 309.0, 306.0, 306.00, 307.50, 183, otc]
[6804, 48.4, 46.9, 48.35, 48.10, 327, otc]
[6805, 754.0, 675.0, 752.00, 727.00, 8081, tse]
[6806, 151.0, 136.0, 147.00, 138.00, 16603, tse]
[6807, 45.5, 44.0, 44.05, 45.10, 269, tse]
[6811, 265.5, 249.0, 256.50, 258.50, 916, otc]
[6821, 43.8, 41.7, 43.40, 42.80, 275, otc]
[6823, 78.0, 75.2, 77.00, 75.40, 147, otc]
[6829, 113.5, 107.5, 112.00, 108.50, 1137, otc]
[6830, 143.0, 138.0, 142.00, 141.00, 953, tse]
[6834, 24.35, 23.45, 23.60, 24.00, 233, tse]
[6835, 54.7, 49.0, 54.70, 50.60, 1665, tse]
[6840, 72.0, 70.3, 72.00, 70.50, 53, otc]
[6841, 90.0, 84.0, 86.00, 86.70, 1189, otc]
[6843, 54.7, 53.5, 54.60, 54.10, 108, otc]
[6844, 174.0, 168.5, 170.00, 168.50, 129, otc]
[6846, 80.0, 76.0, 78.50, 78.20, 76, otc]
[6854, 81.9, 76.0, 77.00, 80.60, 201, tse]
[6855, 134.0, 116.5, 116.50, 126.00, 253, otc]
[6856, 66.5, 66.0, 66.20, 66.00, 56, otc]
[6859, 128.0, 124.0, 126.00, 124.00, 112, otc]
[6861, 71.1, 66.0, 69.20, 70.10, 253, tse]
[6863, 150.5, 138.5, 139.50, 146.00, 868, tse]
[6865, 55.9, 50.9, 55.90, 51.30, 139, otc]
[6869, 165.0, 143.5, 158.00, 145.00, 4979, tse]
[6870, 132.0, 125.0, 127.00, 130.00, 115, otc]
[6873, 200.5, 180.5, 198.50, 181.00, 2387, tse]
[6874, 109.5, 101.0, 103.00, 105.00, 175, otc]
[6875, 71.7, 64.1, 69.00, 64.50, 2059, otc]
[6877, 35.1, 34.15, 34.75, 34.85, 183, otc]
[6894, 232.0, 220.0, 230.50, 223.00, 436, otc]
[6895, 104.0, 98.5, 100.50, 99.30, 271, otc]
[6899, 62.7, 60.6, 62.50, 62.00, 448, otc]
[6901, 40.55, 38.7, 38.70, 39.60, 5147, tse]
[6902, 153.5, 145.0, 151.50, 153.00, 15, tse]
[6904, 215.0, 205.0, 212.50, 215.00, 121, otc]
[6906, 143.0, 133.0, 139.50, 134.00, 504, tse]
[6916, 26.2, 24.3, 26.20, 25.90, 293, tse]
[6922, 127.0, 117.0, 118.50, 122.00, 284, otc]
[6929, 74.5, 71.3, 74.50, 72.00, 172, otc]
[6933, 366.0, 315.0, 337.00, 349.50, 3374, tse]
[6937, 217.5, 208.0, 215.50, 211.00, 1097, tse]
[6949, 173.0, 125.5, 151.00, 173.00, 982, tse]
[7402, 120.0, 109.0, 120.00, 110.50, 3624, otc]
[7556, 145.0, 136.5, 136.50, 139.50, 65, otc]
[8011, 25.4, 21.4, 25.20, 21.95, 34751, tse]
[8016, 276.0, 259.0, 271.00, 276.00, 3548, tse]
[8021, 29.8, 28.85, 29.25, 29.35, 1838, tse]
[8024, 19.2, 18.8, 19.20, 19.00, 242, otc]
[8027, 99.1, 90.2, 94.20, 92.60, 13001, otc]
[8028, 54.3, 50.8, 52.10, 54.00, 7380, tse]
[8032, 29.0, 28.5, 28.50, 28.60, 69, otc]
[8033, 80.0, 72.1, 78.90, 75.40, 21187, tse]
[8034, 24.3, 22.65, 23.10, 23.90, 2750, otc]
[8038, 29.0, 27.4, 27.40, 28.20, 393, otc]
[8039, 51.4, 47.2, 47.45, 49.65, 11065, tse]
[8040, 75.6, 69.0, 71.10, 72.00, 2817, otc]
[8042, 36.15, 34.5, 34.70, 34.65, 269, otc]
[8043, 24.3, 23.8, 24.00, 24.30, 206, otc]
[8044, 30.35, 28.15, 28.25, 29.60, 4062, otc]
[8046, 197.0, 171.5, 171.50, 188.00, 30049, tse]
[8047, 16.65, 15.2, 15.45, 15.80, 663, otc]
[8048, 62.0, 59.1, 62.00, 59.60, 1205, otc]
[8049, 40.0, 39.0, 39.50, 39.70, 1387, otc]
[8050, 82.0, 79.3, 79.60, 81.40, 3520, otc]
[8054, 183.0, 160.0, 176.00, 161.00, 123353, otc]
[8059, 28.7, 26.1, 28.25, 26.30, 2646, otc]
[8064, 31.8, 28.4, 29.25, 30.20, 40095, otc]
[8066, 29.6, 28.9, 29.10, 29.15, 138, otc]
[8067, 17.85, 16.75, 17.75, 17.00, 19, otc]
[8068, 33.8, 31.95, 32.55, 32.35, 914, otc]
[8069, 232.5, 203.5, 214.50, 227.50, 41707, otc]
[8070, 45.35, 39.9, 40.35, 43.95, 25528, tse]
[8071, 14.35, 13.9, 13.90, 14.05, 349, otc]
[8072, 26.65, 25.7, 25.80, 26.25, 275, tse]
[8074, 23.85, 22.9, 23.00, 23.65, 816, otc]
[8076, 28.35, 27.75, 28.20, 28.15, 1924, otc]
[8077, 70.5, 66.1, 66.10, 67.90, 173, otc]
[8080, 18.05, 15.55, 17.75, 18.05, 1089, otc]
[8081, 292.0, 262.0, 271.00, 285.50, 3083, tse]
[8083, 185.0, 172.5, 173.50, 183.00, 754, otc]
[8084, 81.7, 71.0, 72.00, 78.30, 1204, otc]
[8085, 71.4, 65.0, 68.90, 65.90, 14904, otc]
[8086, 134.5, 125.5, 131.00, 130.00, 8565, otc]
[8087, 66.0, 60.5, 66.00, 61.90, 1262, otc]
[8088, 45.3, 43.5, 45.30, 44.50, 3637, otc]
[8089, 81.4, 71.5, 77.30, 77.30, 23026, otc]
[8091, 128.5, 118.0, 124.00, 126.50, 2037, otc]
[8092, 31.55, 26.7, 28.70, 27.60, 13634, otc]
[8093, 15.75, 14.85, 15.75, 15.30, 247, otc]
[8096, 28.15, 25.7, 28.00, 26.20, 18310, otc]
[8097, 75.0, 65.3, 74.60, 70.20, 6346, otc]
[8099, 71.3, 65.8, 69.50, 66.70, 457, otc]
[8101, 3.93, 3.7, 3.75, 3.70, 174, tse]
[8103, 43.6, 41.45, 43.50, 42.05, 1490, tse]
[8104, 35.5, 32.5, 33.65, 33.05, 2501, tse]
[8105, 13.25, 12.5, 12.65, 13.05, 4800, tse]
[8107, 15.3, 15.05, 15.30, 15.30, 274, otc]
[8109, 94.0, 92.1, 93.00, 93.60, 356, otc]
[8110, 18.8, 16.85, 17.50, 18.55, 29776, tse]
[8111, 25.0, 22.65, 23.10, 24.15, 4054, otc]
[8112, 85.8, 79.5, 81.90, 85.10, 34776, tse]
[8114, 117.0, 109.5, 112.50, 115.50, 764, tse]
[8121, 31.9, 28.85, 30.70, 31.65, 4982, otc]
[8131, 36.55, 35.75, 36.05, 36.45, 879, tse]
[8147, 103.0, 95.0, 101.50, 98.50, 3876, otc]
[8150, 47.3, 44.75, 45.10, 46.60, 11139, tse]
[8155, 145.5, 134.5, 142.00, 142.00, 3141, otc]
[8162, 41.2, 35.55, 38.35, 40.20, 173, tse]
[8163, 62.3, 59.7, 60.30, 61.50, 4400, tse]
[8171, 40.0, 38.6, 39.70, 38.70, 938, otc]
[8176, 14.1, 13.55, 13.75, 14.00, 623, otc]
[8182, 33.95, 32.35, 32.85, 33.45, 518, otc]
[8183, 44.3, 41.75, 44.30, 42.40, 3618, otc]
[8201, 18.2, 17.2, 17.75, 17.80, 860, tse]
[8210, 303.0, 251.0, 273.50, 288.50, 49503, tse]
[8213, 42.95, 39.2, 42.65, 39.60, 10324, tse]
[8215, 34.3, 32.9, 33.30, 33.95, 2795, tse]
[8222, 48.25, 44.85, 47.85, 45.00, 5010, tse]
[8227, 247.0, 224.0, 236.50, 236.50, 4171, otc]
[8234, 54.9, 43.5, 44.95, 53.80, 17784, otc]
[8240, 36.9, 34.8, 35.05, 36.25, 463, otc]
[8249, 29.05, 28.3, 28.65, 28.75, 292, tse]
[8255, 188.5, 173.0, 177.50, 184.00, 5475, otc]
[8261, 80.9, 77.8, 79.60, 79.90, 1992, tse]
[8271, 67.0, 62.0, 64.30, 66.00, 4714, tse]
[8277, 12.0, 11.7, 12.00, 11.75, 626, otc]
[8279, 154.5, 150.0, 150.00, 154.50, 12, otc]
[8284, 63.8, 62.5, 62.80, 63.60, 120, otc]
[8289, 31.45, 30.05, 30.45, 31.20, 340, otc]
[8291, 6.95, 5.75, 6.54, 5.76, 35, otc]
[8299, 721.0, 655.0, 698.00, 710.00, 15572, otc]
[8341, 100.5, 96.0, 96.50, 100.00, 665, tse]
[8342, 72.2, 70.7, 70.70, 71.80, 15, otc]
[8349, 71.9, 68.9, 71.70, 70.50, 2693, otc]
[8354, 15.0, 14.7, 14.70, 14.80, 198, otc]
[8358, 65.8, 59.6, 62.50, 64.60, 18139, otc]
[8367, 48.3, 45.55, 45.55, 47.95, 631, tse]
[8374, 31.55, 30.25, 30.95, 30.90, 378, tse]
[8383, 42.95, 40.4, 42.25, 40.60, 6588, otc]
[8390, 63.7, 55.3, 62.30, 55.70, 9934, otc]
[8401, 25.85, 24.3, 24.35, 25.20, 1917, otc]
[8403, 31.8, 31.15, 31.40, 31.40, 612, otc]
[8404, 21.0, 19.05, 19.45, 20.15, 4112, tse]
[8409, 23.25, 21.8, 22.30, 22.10, 194, otc]
[8410, 72.7, 69.2, 72.50, 71.40, 249, otc]
[8411, 13.65, 13.45, 13.60, 13.55, 407, tse]
[8415, 35.35, 34.0, 35.35, 34.45, 2249, otc]
[8416, 156.0, 151.5, 154.00, 156.00, 64, otc]
[8420, 40.65, 39.9, 40.60, 40.25, 910, otc]
[8421, 13.75, 13.45, 13.60, 13.60, 197, otc]
[8422, 196.5, 187.5, 188.50, 192.50, 2751, tse]
[8423, 22.5, 20.7, 21.00, 22.35, 167, otc]
[8424, 73.0, 71.2, 71.20, 71.80, 85, otc]
[8426, 57.6, 54.0, 56.10, 56.50, 562, otc]
[8429, 10.35, 9.7, 9.71, 10.10, 2687, tse]
[8431, 55.1, 53.2, 54.00, 54.00, 1057, otc]
[8432, 62.0, 56.5, 56.70, 60.30, 1411, otc]
[8433, 99.5, 94.0, 94.20, 98.90, 814, otc]
[8435, 74.0, 71.3, 73.70, 72.40, 308, otc]
[8436, 146.0, 138.5, 140.00, 145.50, 1060, otc]
[8437, 31.35, 29.7, 30.05, 30.65, 313, otc]
[8438, 39.0, 32.2, 37.00, 37.15, 3960, tse]
[8440, 45.0, 41.05, 42.30, 41.80, 4674, otc]
[8442, 122.0, 116.5, 120.00, 118.00, 561, tse]
[8443, 12.35, 11.8, 12.25, 12.15, 811, tse]
[8444, 35.0, 32.1, 34.80, 32.55, 250, otc]
[8446, 109.0, 100.0, 106.00, 100.00, 2199, otc]
[8450, 23.7, 23.25, 23.40, 23.65, 168, otc]
[8454, 427.5, 388.0, 388.00, 421.00, 8701, tse]
[8455, 21.5, 21.0, 21.25, 21.00, 29, otc]
[8462, 111.5, 108.0, 111.50, 110.50, 170, tse]
[8463, 31.6, 27.9, 31.60, 29.10, 10838, tse]
[8464, 388.0, 360.0, 366.00, 376.50, 3327, tse]
[8466, 52.9, 48.6, 49.25, 52.00, 590, tse]
[8467, 202.5, 184.5, 192.50, 184.50, 2406, tse]
[8472, 25.95, 23.05, 25.25, 25.10, 171, otc]
[8473, 52.2, 44.2, 49.85, 46.00, 48022, tse]
[8476, 59.6, 57.3, 58.50, 57.30, 406, tse]
[8477, 17.45, 16.65, 17.15, 16.80, 236, otc]
[8478, 398.0, 370.0, 378.00, 396.00, 1739, tse]
[8481, 51.5, 50.3, 50.40, 50.70, 72, tse]
[8482, 63.1, 61.4, 61.40, 62.00, 16, tse]
[8487, 81.0, 78.8, 78.90, 79.50, 45, tse]
[8488, 16.3, 15.95, 16.10, 16.10, 103, tse]
[8489, 25.75, 24.0, 25.25, 24.85, 388, otc]
[8499, 113.5, 111.5, 113.50, 112.00, 61, tse]
[8905, 31.75, 30.6, 30.65, 31.25, 328, otc]
[8906, 21.35, 18.6, 19.80, 21.35, 1416, otc]
[8908, 56.2, 55.2, 55.90, 55.80, 153, otc]
[8916, 61.2, 58.6, 59.30, 60.00, 1129, otc]
[8917, 59.9, 58.2, 58.40, 59.00, 89, otc]
[8921, 15.6, 15.05, 15.05, 15.45, 30, otc]
[8923, 20.65, 19.7, 20.50, 20.20, 47, otc]
[8924, 87.5, 86.5, 86.80, 87.30, 358, otc]
[8926, 49.3, 47.1, 48.00, 47.85, 24745, tse]
[8927, 63.0, 60.5, 62.50, 61.10, 1311, otc]
[8928, 30.8, 29.7, 29.95, 30.75, 219, otc]
[8929, 20.2, 19.8, 19.80, 20.10, 107, otc]
[8930, 38.95, 37.25, 37.65, 38.85, 4222, otc]
[8931, 55.2, 53.2, 53.60, 53.80, 671, otc]
[8932, 119.5, 112.5, 112.50, 118.50, 1317, otc]
[8933, 10.6, 10.2, 10.40, 10.40, 1810, otc]
[8935, 12.25, 11.25, 11.55, 11.65, 300, otc]
[8936, 93.5, 77.4, 91.00, 83.60, 128695, otc]
[8937, 20.75, 20.15, 20.45, 20.55, 140, otc]
[8938, 76.5, 74.6, 76.10, 75.20, 2185, otc]
[8940, 31.45, 29.75, 30.70, 31.10, 3539, tse]
[8941, 81.1, 79.5, 80.00, 79.90, 56, otc]
[8942, 72.5, 71.7, 72.00, 72.20, 758, otc]
[8996, 399.0, 328.0, 344.00, 383.50, 54731, tse]
[9103, 7.09, 6.54, 6.58, 6.54, 24663, tse]
[9105, 3.55, 3.46, 3.50, 3.51, 31093, tse]
[9110, 7.54, 7.1, 7.30, 7.46, 389, tse]
[9136, 6.4, 6.29, 6.40, 6.34, 1107, tse]
[9802, 120.5, 111.0, 111.00, 118.00, 4828, tse]
[9902, 18.4, 16.2, 17.50, 16.65, 25289, tse]
[9904, 36.45, 34.85, 35.20, 36.05, 66742, tse]
[9905, 24.05, 23.8, 23.85, 24.00, 559, tse]
[9906, 89.5, 79.9, 80.80, 87.90, 1717, tse]
[9907, 14.9, 14.5, 14.50, 14.75, 8193, tse]
[9908, 32.65, 32.25, 32.50, 32.40, 595, tse]
[9910, 163.5, 158.0, 158.00, 161.00, 5120, tse]
[9911, 88.5, 84.4, 85.30, 87.50, 2378, tse]
[9912, 12.6, 11.3, 12.55, 11.65, 1698, tse]
[9914, 247.0, 224.0, 226.00, 236.00, 7905, tse]
[9917, 129.5, 125.0, 127.00, 126.00, 1500, tse]
[9918, 41.75, 40.9, 40.90, 41.20, 48, tse]
[9919, 22.75, 21.6, 22.40, 21.90, 16587, tse]
[9921, 227.5, 214.0, 216.00, 222.50, 5657, tse]
[9924, 53.9, 52.0, 53.10, 53.90, 1990, tse]
[9925, 41.55, 40.95, 41.25, 41.30, 1192, tse]
[9926, 54.5, 53.7, 54.20, 54.50, 30, tse]
[9927, 74.2, 72.3, 72.90, 73.20, 1540, tse]
[9928, 17.3, 16.9, 17.20, 16.95, 294, tse]
[9929, 15.85, 14.25, 14.80, 15.70, 93, tse]
[9930, 67.5, 62.0, 66.80, 64.10, 2275, tse]
[9931, 37.3, 36.6, 36.85, 37.10, 59, tse]
[9933, 52.4, 48.7, 50.80, 51.40, 35511, tse]
[9934, 18.25, 17.55, 18.25, 17.70, 11003, tse]
[9935, 25.45, 24.25, 24.90, 24.80, 2781, tse]
[9937, 66.4, 64.5, 65.50, 66.40, 53, tse]
[9938, 65.4, 60.8, 61.00, 64.20, 19888, tse]
[9939, 163.0, 153.0, 159.00, 158.00, 9560, tse]
[9940, 34.25, 31.95, 32.20, 32.55, 5856, tse]
[9941, 149.0, 145.5, 146.00, 146.00, 3686, tse]
[9942, 129.0, 125.0, 125.00, 128.00, 764, tse]
[9943, 88.7, 86.8, 87.20, 88.40, 3715, tse]
[9944, 21.25, 20.65, 20.70, 21.20, 1618, tse]
[9945, 37.95, 36.1, 36.45, 37.90, 58214, tse]
[9946, 38.05, 30.8, 30.95, 37.50, 15528, tse]
[9949, 25.55, 21.8, 22.20, 22.50, 1049, otc]
[9950, 15.75, 14.8, 15.40, 15.60, 1011, otc]
[9951, 70.9, 69.5, 69.90, 70.80, 260, otc]
[9955, 39.2, 31.4, 38.50, 33.00, 10583, tse]
[9958, 218.5, 189.5, 212.50, 212.50, 32964, tse]
[9960, 27.05, 26.75, 26.90, 27.05, 68, otc]
[9962, 17.1, 16.75, 16.90, 16.80, 708, otc]
