[1101, 33.6, 31.9, 32.25, 32.00, 60360, tse]
[1102, 42.4, 41.05, 41.30, 41.15, 9022, tse]
[1103, 18.2, 17.3, 17.40, 17.45, 1564, tse]
[1104, 33.0, 31.65, 31.65, 32.05, 6376, tse]
[1108, 16.4, 15.8, 15.85, 15.90, 3850, tse]
[1109, 19.6, 19.25, 19.25, 19.45, 1829, tse]
[1110, 18.15, 17.75, 17.75, 18.00, 288, tse]
[1201, 19.05, 18.8, 18.95, 18.85, 1155, tse]
[1203, 50.6, 50.1, 50.40, 50.40, 6, tse]
[1210, 58.4, 57.3, 57.80, 57.60, 3957, tse]
[1213, 7.46, 7.04, 7.28, 7.11, 210, tse]
[1215, 114.0, 111.0, 111.50, 112.00, 1489, tse]
[1216, 77.2, 75.2, 77.10, 75.30, 21192, tse]
[1217, 12.1, 11.9, 12.00, 11.90, 3328, tse]
[1218, 22.2, 21.35, 22.10, 21.55, 2783, tse]
[1219, 18.8, 18.65, 18.70, 18.65, 636, tse]
[1220, 15.6, 15.15, 15.45, 15.25, 991, tse]
[1225, 56.5, 56.0, 56.50, 56.00, 15, tse]
[1227, 38.55, 38.05, 38.20, 38.25, 1736, tse]
[1229, 68.1, 67.1, 67.70, 67.30, 1590, tse]
[1231, 99.4, 96.5, 96.80, 97.50, 836, tse]
[1232, 147.5, 146.0, 147.00, 146.00, 158, tse]
[1233, 34.25, 33.6, 33.85, 33.80, 38, tse]
[1234, 41.85, 41.25, 41.55, 41.80, 424, tse]
[1235, 82.0, 81.3, 81.70, 82.00, 18, tse]
[1236, 23.75, 23.45, 23.45, 23.45, 51, tse]
[1240, 52.8, 51.2, 51.20, 52.50, 138, otc]
[1256, 246.0, 239.0, 239.00, 241.00, 42, tse]
[1259, 75.2, 74.5, 75.20, 75.00, 17, otc]
[1264, 305.0, 303.0, 305.00, 304.00, 19, otc]
[1268, 156.5, 153.0, 155.00, 153.50, 273, otc]
[1301, 71.3, 69.4, 69.40, 70.00, 25288, tse]
[1303, 57.7, 56.3, 56.50, 56.80, 22461, tse]
[1304, 16.4, 15.95, 16.05, 15.95, 4605, tse]
[1305, 19.15, 18.25, 18.25, 18.55, 6148, tse]
[1307, 30.0, 28.95, 29.80, 29.95, 2852, tse]
[1308, 19.7, 19.2, 19.20, 19.35, 2666, tse]
[1309, 15.85, 15.45, 15.50, 15.50, 1133, tse]
[1310, 13.5, 13.25, 13.35, 13.30, 1439, tse]
[1312, 13.55, 13.15, 13.30, 13.20, 4521, tse]
[1313, 13.45, 13.15, 13.25, 13.15, 2867, tse]
[1314, 9.63, 9.4, 9.41, 9.48, 41458, tse]
[1315, 73.4, 72.5, 72.50, 73.20, 108, tse]
[1316, 20.15, 19.3, 19.30, 19.45, 32654, tse]
[1319, 128.0, 120.0, 122.50, 120.50, 17759, tse]
[1321, 34.8, 34.5, 34.65, 34.65, 255, tse]
[1323, 31.2, 30.9, 30.95, 31.10, 57, tse]
[1324, 14.8, 14.3, 14.50, 14.35, 746, tse]
[1325, 29.9, 28.8, 29.30, 28.95, 1128, tse]
[1326, 56.4, 55.0, 55.20, 55.10, 13392, tse]
[1336, 20.55, 19.5, 20.50, 19.55, 936, otc]
[1337, 7.2, 7.1, 7.15, 7.12, 530, tse]
[1338, 36.35, 35.5, 35.50, 35.95, 172, tse]
[1339, 73.5, 67.7, 68.00, 71.60, 1063, tse]
[1340, 10.2, 9.89, 9.96, 10.10, 423, tse]
[1341, 64.9, 63.4, 64.00, 63.50, 179, tse]
[1342, 142.5, 137.0, 139.00, 138.00, 2072, tse]
[1402, 33.35, 32.55, 33.25, 32.60, 9081, tse]
[1409, 15.9, 15.65, 15.65, 15.80, 3730, tse]
[1410, 36.1, 35.55, 35.60, 35.80, 188, tse]
[1413, 9.03, 8.92, 9.00, 9.02, 122, tse]
[1414, 20.35, 19.25, 19.50, 19.45, 1230, tse]
[1416, 12.2, 12.05, 12.10, 12.10, 1851, tse]
[1417, 11.55, 11.25, 11.35, 11.35, 783, tse]
[1418, 34.0, 32.6, 33.55, 33.40, 395, tse]
[1419, 46.25, 45.5, 45.65, 46.20, 103, tse]
[1423, 32.0, 31.0, 31.05, 31.15, 215, tse]
[1432, 18.9, 18.0, 18.90, 18.00, 1396, tse]
[1434, 22.55, 22.15, 22.25, 22.20, 2679, tse]
[1435, 49.5, 49.0, 49.00, 49.50, 3, tse]
[1436, 113.5, 106.0, 111.50, 108.50, 680, tse]
[1437, 32.35, 32.0, 32.00, 32.25, 447, tse]
[1438, 48.9, 47.5, 47.80, 48.55, 602, tse]
[1439, 28.25, 25.75, 27.90, 27.20, 394, tse]
[1440, 15.7, 15.15, 15.15, 15.50, 5367, tse]
[1441, 13.5, 12.95, 13.50, 13.20, 87, tse]
[1442, 45.6, 44.1, 45.00, 44.80, 2777, tse]
[1443, 29.15, 28.3, 28.45, 29.00, 88, tse]
[1444, 9.21, 9.09, 9.11, 9.10, 2624, tse]
[1445, 22.2, 21.5, 21.80, 21.85, 2103, tse]
[1446, 34.2, 33.35, 33.75, 33.70, 447, tse]
[1447, 8.11, 7.89, 8.06, 7.92, 4632, tse]
[1449, 19.45, 18.6, 18.95, 18.85, 1103, tse]
[1451, 19.4, 19.15, 19.35, 19.30, 379, tse]
[1452, 16.7, 16.35, 16.40, 16.65, 479, tse]
[1453, 16.25, 15.15, 15.20, 15.30, 1344, tse]
[1454, 16.15, 15.65, 15.90, 16.05, 93, tse]
[1455, 15.25, 14.4, 14.45, 14.55, 14901, tse]
[1456, 19.8, 18.75, 19.00, 19.80, 291, tse]
[1457, 20.3, 20.0, 20.05, 20.10, 1507, tse]
[1459, 9.84, 9.67, 9.79, 9.84, 276, tse]
[1460, 8.62, 8.27, 8.38, 8.49, 5839, tse]
[1463, 18.45, 18.1, 18.20, 18.35, 200, tse]
[1464, 13.0, 12.9, 12.90, 12.90, 314, tse]
[1465, 15.3, 15.05, 15.15, 15.25, 409, tse]
[1466, 13.5, 13.05, 13.50, 13.05, 318, tse]
[1467, 11.35, 10.85, 10.95, 11.25, 8024, tse]
[1468, 14.0, 13.4, 13.70, 13.80, 153, tse]
[1470, 21.25, 20.45, 20.70, 20.50, 54, tse]
[1471, 16.45, 15.85, 16.15, 16.00, 1184, tse]
[1472, 77.0, 71.0, 72.20, 73.50, 484, tse]
[1473, 31.4, 30.4, 30.85, 30.80, 1625, tse]
[1474, 12.55, 12.25, 12.35, 12.50, 443, tse]
[1475, 50.8, 49.8, 50.60, 50.10, 151, tse]
[1476, 558.0, 541.0, 557.00, 546.00, 1261, tse]
[1477, 380.0, 371.0, 371.00, 374.50, 5117, tse]
[1503, 315.0, 293.5, 298.00, 305.50, 11710, tse]
[1504, 57.7, 55.1, 57.70, 55.70, 57406, tse]
[1506, 16.1, 15.9, 16.00, 16.00, 473, tse]
[1512, 10.75, 10.15, 10.50, 10.60, 82, tse]
[1513, 183.0, 176.0, 181.00, 178.50, 50352, tse]
[1514, 112.5, 106.0, 111.00, 106.00, 19995, tse]
[1515, 50.7, 46.25, 49.85, 47.20, 5931, tse]
[1516, 17.3, 16.4, 16.50, 16.90, 285, tse]
[1517, 16.2, 15.9, 16.15, 16.05, 876, tse]
[1519, 816.0, 702.0, 702.00, 816.00, 2267, tse]
[1521, 40.35, 39.3, 40.05, 39.65, 156, tse]
[1522, 61.5, 53.6, 54.00, 58.50, 47589, tse]
[1524, 38.4, 36.4, 36.40, 37.85, 37281, tse]
[1525, 74.4, 73.0, 74.40, 73.30, 109, tse]
[1526, 34.3, 33.5, 34.30, 33.70, 252, tse]
[1527, 43.15, 41.7, 41.75, 42.50, 2359, tse]
[1528, 12.9, 12.5, 12.85, 12.65, 2525, tse]
[1529, 34.2, 33.2, 33.85, 33.20, 3217, tse]
[1530, 32.55, 32.3, 32.55, 32.35, 152, tse]
[1531, 13.35, 13.1, 13.25, 13.25, 240, tse]
[1532, 38.0, 37.0, 37.50, 37.75, 5747, tse]
[1533, 49.0, 47.95, 47.95, 48.00, 360, tse]
[1535, 77.2, 71.9, 77.20, 73.50, 1512, tse]
[1536, 53.0, 51.1, 51.50, 52.40, 3413, tse]
[1537, 140.5, 139.0, 139.50, 139.50, 267, tse]
[1538, 19.5, 19.0, 19.50, 19.00, 98, tse]
[1539, 25.8, 24.55, 24.65, 25.10, 929, tse]
[1540, 19.15, 18.8, 18.95, 19.10, 1287, tse]
[1541, 32.15, 31.25, 32.00, 31.75, 41, tse]
[1558, 99.2, 98.5, 99.20, 98.50, 151, tse]
[1560, 294.0, 263.0, 268.00, 266.50, 26526, tse]
[1565, 192.0, 189.5, 189.50, 190.50, 300, otc]
[1568, 31.5, 30.3, 30.45, 30.40, 1413, tse]
[1569, 25.75, 24.65, 24.65, 24.90, 1319, otc]
[1570, 40.6, 32.85, 33.85, 40.60, 2434, otc]
[1580, 162.0, 157.0, 160.00, 159.50, 266, otc]
[1582, 94.4, 86.6, 93.80, 89.40, 16932, tse]
[1583, 76.5, 75.3, 76.10, 76.40, 137, tse]
[1584, 36.25, 34.8, 35.45, 34.90, 7145, otc]
[1586, 32.3, 31.75, 32.10, 31.90, 277, otc]
[1587, 39.65, 31.2, 31.50, 39.65, 26578, tse]
[1589, 52.1, 50.5, 51.30, 51.20, 1326, tse]
[1590, 1160.0, 1095.0, 1,140.00, 1,130.00, 1797, tse]
[1591, 67.2, 63.1, 67.20, 65.30, 1496, otc]
[1593, 47.3, 46.75, 47.30, 47.00, 66, otc]
[1595, 36.3, 35.95, 36.10, 36.00, 52, otc]
[1597, 74.2, 72.0, 73.50, 73.20, 1535, tse]
[1598, 31.1, 30.6, 30.70, 30.90, 303, tse]
[1599, 32.35, 31.6, 32.30, 32.00, 90, otc]
[1603, 45.1, 40.95, 45.10, 41.00, 16705, tse]
[1604, 30.15, 29.6, 29.60, 30.10, 2110, tse]
[1605, 37.95, 36.3, 37.90, 36.30, 39179, tse]
[1608, 30.7, 29.35, 30.05, 30.00, 36232, tse]
[1609, 43.8, 41.05, 43.80, 41.15, 71295, tse]
[1611, 17.3, 16.6, 16.95, 16.80, 2022, tse]
[1612, 31.75, 30.65, 30.95, 31.10, 10139, tse]
[1614, 40.05, 39.1, 39.95, 39.30, 120, tse]
[1615, 58.8, 56.8, 57.50, 57.30, 865, tse]
[1616, 21.7, 20.2, 20.50, 20.60, 6847, tse]
[1617, 19.85, 18.0, 18.75, 18.45, 9081, tse]
[1618, 38.0, 36.3, 37.30, 36.30, 9680, tse]
[1626, 16.2, 15.95, 16.00, 16.00, 199, tse]
[1701, 23.0, 22.65, 22.80, 22.75, 1067, tse]
[1702, 59.2, 57.8, 57.90, 58.80, 2693, tse]
[1707, 161.0, 158.5, 159.00, 160.50, 1018, tse]
[1708, 31.15, 30.8, 30.90, 30.90, 1104, tse]
[1709, 19.7, 19.5, 19.50, 19.55, 751, tse]
[1710, 18.1, 17.8, 18.00, 17.90, 2851, tse]
[1711, 20.75, 19.85, 19.85, 20.35, 6046, tse]
[1712, 39.3, 38.6, 38.70, 38.90, 1231, tse]
[1713, 51.0, 47.15, 47.50, 47.95, 1842, tse]
[1714, 8.8, 8.7, 8.78, 8.71, 3318, tse]
[1717, 33.3, 31.35, 31.50, 32.10, 18910, tse]
[1718, 7.34, 7.24, 7.26, 7.29, 4575, tse]
[1720, 66.6, 65.5, 66.00, 65.70, 1056, tse]
[1721, 15.15, 14.8, 14.85, 15.00, 1984, tse]
[1722, 64.0, 63.1, 63.10, 63.50, 4633, tse]
[1723, 121.0, 116.0, 121.00, 117.50, 2928, tse]
[1725, 40.6, 34.3, 34.85, 35.75, 6748, tse]
[1726, 80.8, 79.1, 80.80, 79.80, 92, tse]
[1727, 30.75, 29.3, 30.35, 29.45, 4689, tse]
[1730, 56.8, 56.5, 56.70, 56.70, 84, tse]
[1731, 26.95, 26.05, 26.55, 26.75, 1264, tse]
[1732, 29.2, 28.0, 28.05, 28.65, 625, tse]
[1733, 34.55, 33.75, 33.80, 34.40, 1235, tse]
[1734, 37.05, 36.2, 36.50, 36.65, 2765, tse]
[1735, 17.3, 16.95, 17.10, 17.10, 87, tse]
[1736, 71.7, 69.0, 71.00, 70.50, 966, tse]
[1737, 34.0, 33.75, 33.95, 33.85, 640, tse]
[1742, 17.05, 16.8, 16.80, 16.90, 235, otc]
[1752, 47.3, 46.2, 46.55, 46.60, 454, tse]
[1760, 114.0, 110.0, 110.50, 114.00, 2543, tse]
[1762, 49.5, 47.6, 49.05, 47.60, 1100, tse]
[1773, 187.5, 179.0, 184.50, 184.00, 3108, tse]
[1776, 17.4, 16.95, 17.25, 17.15, 109, tse]
[1777, 84.4, 83.6, 84.40, 83.60, 43, otc]
[1781, 16.25, 15.6, 15.65, 16.15, 292, otc]
[1783, 47.55, 45.7, 45.70, 46.00, 533, tse]
[1784, 65.8, 62.1, 62.70, 64.50, 771, otc]
[1785, 50.2, 47.0, 50.00, 47.90, 24572, otc]
[1786, 115.5, 98.0, 99.90, 114.50, 10149, tse]
[1788, 141.0, 140.0, 140.50, 140.00, 48, otc]
[1789, 28.0, 26.9, 27.80, 27.75, 3945, tse]
[1795, 323.5, 304.5, 306.50, 317.50, 24870, tse]
[1796, 70.8, 64.1, 64.10, 66.40, 1141, otc]
[1799, 70.5, 68.2, 69.50, 69.00, 442, otc]
[1802, 17.9, 17.15, 17.25, 17.20, 13485, tse]
[1805, 19.45, 18.4, 18.45, 18.55, 401, tse]
[1806, 9.63, 8.6, 9.41, 9.41, 10820, tse]
[1808, 125.0, 114.5, 124.50, 114.50, 13319, tse]
[1809, 27.9, 26.1, 27.00, 26.30, 10857, tse]
[1810, 17.9, 17.3, 17.40, 17.35, 1890, tse]
[1813, 20.55, 19.8, 20.20, 20.55, 184, otc]
[1815, 20.1, 18.8, 19.00, 18.90, 95733, otc]
[1817, 38.0, 37.25, 37.95, 37.30, 609, tse]
[1903, 59.7, 56.5, 56.50, 57.40, 1982, tse]
[1904, 29.1, 28.8, 29.00, 28.85, 5439, tse]
[1905, 23.6, 22.65, 23.20, 22.80, 9479, tse]
[1906, 15.75, 15.5, 15.55, 15.65, 240, tse]
[1907, 30.15, 29.7, 30.00, 29.80, 7066, tse]
[1909, 14.95, 14.65, 14.70, 14.90, 4598, tse]
[2002, 25.0, 23.9, 23.95, 24.65, 87361, tse]
[2006, 75.9, 68.9, 69.10, 71.00, 9750, tse]
[2007, 11.15, 10.1, 10.20, 10.65, 4810, tse]
[2008, 23.3, 22.55, 22.75, 22.90, 107, tse]
[2009, 42.9, 38.1, 39.55, 41.15, 67959, tse]
[2010, 21.1, 19.05, 19.10, 20.45, 8471, tse]
[2012, 25.45, 23.1, 23.40, 23.50, 509, tse]
[2013, 68.5, 62.3, 64.70, 63.50, 6981, tse]
[2014, 23.7, 22.05, 22.10, 22.80, 34194, tse]
[2015, 75.1, 70.9, 70.90, 73.30, 1834, tse]
[2017, 14.7, 13.7, 13.80, 14.05, 2541, tse]
[2020, 39.9, 38.45, 38.50, 38.75, 8615, tse]
[2022, 12.2, 11.1, 11.35, 11.60, 7668, tse]
[2023, 16.3, 15.1, 15.20, 15.30, 7618, tse]
[2024, 22.8, 21.7, 21.85, 21.70, 78, tse]
[2025, 11.15, 10.0, 10.25, 10.60, 8818, tse]
[2027, 37.1, 35.8, 36.70, 36.10, 23998, tse]
[2028, 27.7, 25.0, 25.50, 25.75, 2625, tse]
[2029, 30.45, 28.95, 29.00, 29.70, 2359, tse]
[2030, 19.0, 17.95, 18.00, 18.35, 1929, tse]
[2031, 65.2, 61.0, 61.50, 61.60, 7361, tse]
[2032, 17.25, 15.6, 15.80, 17.05, 5278, tse]
[2033, 17.8, 15.9, 16.00, 16.30, 1117, tse]
[2034, 26.2, 25.0, 25.00, 25.35, 1610, tse]
[2035, 32.75, 31.95, 32.35, 32.55, 57, otc]
[2038, 20.0, 18.1, 18.10, 19.05, 5696, tse]
[2049, 284.5, 268.0, 278.00, 269.50, 13567, tse]
[2059, 1355.0, 1225.0, 1,265.00, 1,325.00, 2400, tse]
[2061, 16.7, 16.2, 16.70, 16.45, 127, otc]
[2062, 30.6, 28.7, 29.85, 29.35, 2990, tse]
[2063, 54.5, 53.3, 54.20, 53.70, 206, otc]
[2064, 15.4, 15.0, 15.15, 15.00, 62, otc]
[2065, 63.5, 62.2, 63.50, 62.80, 363, otc]
[2066, 119.5, 98.4, 98.50, 119.50, 8297, otc]
[2067, 12.65, 11.7, 12.35, 12.20, 153, otc]
[2069, 16.65, 15.7, 16.00, 16.05, 695, tse]
[2070, 39.7, 36.5, 38.40, 36.50, 566, otc]
[2073, 30.05, 29.9, 29.95, 29.95, 67, otc]
[2101, 40.8, 40.2, 40.40, 40.60, 7058, tse]
[2102, 18.0, 17.6, 17.85, 17.60, 618, tse]
[2103, 23.45, 23.05, 23.15, 23.10, 2726, tse]
[2104, 17.35, 17.1, 17.20, 17.15, 2005, tse]
[2105, 50.5, 48.1, 50.20, 48.70, 12898, tse]
[2106, 32.35, 31.8, 32.10, 32.05, 2360, tse]
[2107, 24.9, 24.2, 24.40, 24.75, 1535, tse]
[2108, 33.45, 33.1, 33.20, 33.20, 466, tse]
[2109, 17.8, 17.4, 17.50, 17.65, 2594, tse]
[2114, 112.0, 108.5, 110.50, 110.00, 141, tse]
[2115, 29.9, 29.6, 29.75, 29.65, 291, tse]
[2201, 69.4, 66.4, 68.30, 66.70, 11500, tse]
[2204, 134.5, 128.0, 129.00, 134.00, 6186, tse]
[2206, 75.6, 74.1, 75.00, 74.60, 6453, tse]
[2207, 660.0, 638.0, 648.00, 638.00, 785, tse]
[2208, 19.05, 18.5, 18.85, 18.85, 10172, tse]
[2211, 130.0, 123.0, 124.50, 130.00, 4423, tse]
[2221, 34.3, 33.4, 33.65, 33.75, 86, otc]
[2227, 132.0, 130.0, 131.50, 131.00, 157, tse]
[2228, 104.5, 100.5, 101.00, 104.00, 1926, tse]
[2230, 184.0, 170.5, 171.00, 172.00, 3707, otc]
[2231, 121.0, 117.0, 121.00, 118.00, 1003, tse]
[2233, 134.0, 131.0, 131.00, 133.00, 354, tse]
[2235, 49.75, 48.2, 49.30, 49.55, 37, otc]
[2236, 76.4, 73.3, 74.00, 76.20, 2996, tse]
[2239, 58.5, 56.8, 58.50, 57.20, 240, tse]
[2241, 41.85, 39.2, 39.80, 39.65, 6809, tse]
[2243, 15.0, 14.15, 14.90, 14.15, 754, tse]
[2247, 318.5, 315.0, 318.00, 315.00, 151, tse]
[2250, 108.0, 100.5, 108.00, 101.50, 573, tse]
[2254, 92.8, 86.1, 86.30, 92.40, 897, tse]
[2258, 44.4, 43.35, 44.30, 43.40, 1001, tse]
[2301, 106.0, 100.0, 102.00, 104.00, 82466, tse]
[2302, 17.75, 17.4, 17.50, 17.50, 943, tse]
[2303, 52.7, 51.6, 52.40, 51.60, 147927, tse]
[2305, 25.65, 24.35, 24.40, 24.75, 2455, tse]
[2308, 346.0, 329.0, 343.50, 332.00, 27911, tse]
[2312, 15.4, 14.95, 15.30, 15.05, 7997, tse]
[2313, 82.0, 78.8, 81.20, 79.60, 45267, tse]
[2314, 34.4, 32.95, 34.20, 32.95, 2377, tse]
[2316, 45.4, 43.3, 43.80, 44.55, 12157, tse]
[2317, 159.5, 150.0, 151.00, 159.00, 401553, tse]
[2321, 16.75, 15.35, 15.50, 16.55, 46, tse]
[2323, 12.35, 12.0, 12.25, 12.20, 24873, tse]
[2324, 37.3, 36.2, 36.35, 36.55, 70806, tse]
[2327, 628.0, 594.0, 597.00, 614.00, 14023, tse]
[2328, 37.0, 35.15, 36.20, 35.50, 18456, tse]
[2329, 67.3, 64.2, 66.20, 65.20, 18956, tse]
[2330, 790.0, 769.0, 783.00, 780.00, 97476, tse]
[2331, 32.1, 31.0, 31.50, 31.10, 12601, tse]
[2332, 18.75, 18.35, 18.60, 18.40, 4714, tse]
[2337, 27.7, 26.65, 26.80, 27.15, 20861, tse]
[2338, 69.4, 68.1, 68.40, 69.30, 2696, tse]
[2340, 40.45, 39.25, 39.25, 39.60, 3244, tse]
[2342, 33.0, 31.6, 32.00, 31.65, 1212, tse]
[2344, 27.8, 26.55, 27.40, 26.70, 58111, tse]
[2345, 471.0, 449.0, 465.50, 461.00, 6999, tse]
[2347, 78.5, 75.4, 77.70, 76.10, 12983, tse]
[2348, 141.5, 128.5, 128.50, 140.00, 2107, tse]
[2349, 7.85, 7.7, 7.74, 7.72, 2922, tse]
[2351, 106.0, 96.6, 96.60, 103.00, 3975, tse]
[2352, 44.85, 42.65, 44.85, 43.25, 33529, tse]
[2353, 47.35, 45.9, 47.05, 46.10, 59820, tse]
[2354, 65.7, 63.0, 63.50, 64.00, 97371, tse]
[2355, 48.35, 46.1, 46.10, 47.70, 11425, tse]
[2356, 60.5, 58.0, 60.30, 59.20, 144625, tse]
[2357, 432.0, 419.5, 431.50, 422.50, 6989, tse]
[2358, 6.5, 4.56, 6.50, 4.56, 4595, tse]
[2359, 96.3, 76.4, 76.40, 96.30, 15950, tse]
[2360, 258.5, 250.5, 255.00, 254.00, 1766, tse]
[2362, 41.95, 40.4, 41.30, 41.10, 4876, tse]
[2363, 41.9, 37.95, 38.05, 41.90, 24708, tse]
[2364, 92.2, 90.2, 91.00, 90.50, 285, tse]
[2365, 21.35, 20.35, 20.85, 20.85, 19739, tse]
[2367, 27.3, 25.95, 26.85, 26.05, 70721, tse]
[2368, 249.0, 233.0, 245.50, 241.00, 20525, tse]
[2369, 25.2, 24.0, 24.05, 24.15, 11070, tse]
[2371, 58.4, 55.3, 57.00, 55.80, 149100, tse]
[2373, 73.9, 72.4, 73.60, 73.20, 308, tse]
[2374, 32.25, 26.4, 26.40, 32.25, 28212, tse]
[2375, 63.8, 60.6, 60.60, 61.70, 2688, tse]
[2376, 322.5, 311.0, 319.50, 317.50, 46174, tse]
[2377, 171.0, 168.0, 170.00, 169.50, 6814, tse]
[2379, 577.0, 553.0, 560.00, 571.00, 8855, tse]
[2380, 7.0, 6.51, 6.52, 6.69, 418, tse]
[2382, 299.0, 281.5, 294.50, 293.50, 208399, tse]
[2383, 419.5, 397.5, 407.50, 410.50, 18264, tse]
[2385, 222.5, 213.0, 218.00, 218.50, 17561, tse]
[2387, 65.2, 62.4, 63.50, 62.90, 3611, tse]
[2388, 133.5, 126.0, 126.00, 129.50, 15656, tse]
[2390, 13.45, 13.05, 13.25, 13.15, 1250, tse]
[2392, 48.3, 46.05, 46.80, 46.35, 10056, tse]
[2393, 55.1, 53.8, 53.80, 55.00, 5146, tse]
[2395, 406.5, 387.5, 406.00, 390.50, 3138, tse]
[2397, 67.0, 65.0, 65.70, 66.20, 198, tse]
[2399, 23.6, 22.95, 23.20, 23.10, 2590, tse]
[2401, 28.6, 27.8, 28.30, 27.95, 5405, tse]
[2402, 36.65, 34.8, 35.35, 35.65, 33411, tse]
[2404, 408.0, 386.5, 393.50, 398.00, 10743, tse]
[2405, 19.6, 18.8, 19.20, 18.85, 8965, tse]
[2406, 19.3, 18.65, 19.25, 18.90, 5351, tse]
[2408, 71.3, 67.6, 68.40, 68.20, 53028, tse]
[2409, 18.3, 17.65, 18.00, 17.70, 67959, tse]
[2412, 127.0, 125.0, 126.00, 125.00, 26033, tse]
[2413, 26.75, 26.1, 26.15, 26.25, 663, tse]
[2414, 36.2, 35.7, 35.75, 36.10, 413, tse]
[2415, 30.9, 29.25, 30.90, 29.95, 517, tse]
[2417, 47.45, 43.2, 43.65, 44.60, 17907, tse]
[2419, 32.35, 31.15, 31.85, 31.65, 2768, tse]
[2420, 54.2, 53.5, 53.60, 53.80, 660, tse]
[2421, 135.0, 127.5, 132.50, 128.50, 32422, tse]
[2423, 42.2, 40.8, 40.90, 41.55, 923, tse]
[2424, 30.35, 29.55, 30.00, 29.80, 61, tse]
[2425, 45.7, 43.4, 43.80, 44.90, 3820, tse]
[2426, 18.25, 17.85, 18.15, 17.95, 1241, tse]
[2427, 25.1, 23.75, 23.75, 24.75, 3690, tse]
[2428, 173.0, 166.5, 168.00, 169.00, 1013, tse]
[2429, 20.0, 19.15, 19.15, 19.50, 99, tse]
[2430, 37.35, 36.9, 37.25, 37.20, 470, tse]
[2431, 13.55, 13.0, 13.35, 13.30, 1153, tse]
[2432, 39.45, 38.0, 39.35, 38.25, 36, tse]
[2433, 53.3, 52.8, 53.20, 53.00, 101, tse]
[2434, 32.35, 31.6, 32.00, 32.30, 26, tse]
[2436, 63.7, 62.0, 62.80, 63.40, 2573, tse]
[2438, 23.0, 22.3, 22.85, 22.40, 331, tse]
[2439, 127.0, 118.0, 118.50, 123.00, 13264, tse]
[2440, 15.2, 13.4, 13.55, 14.90, 3839, tse]
[2441, 63.2, 61.8, 61.80, 62.40, 1942, tse]
[2442, 27.35, 26.75, 27.00, 26.80, 3400, tse]
[2443, 4.55, 3.57, 4.55, 3.57, 2458, tse]
[2444, 11.7, 11.25, 11.50, 11.30, 1209, tse]
[2449, 108.0, 102.5, 105.50, 106.50, 30982, tse]
[2450, 39.5, 39.05, 39.20, 39.25, 453, tse]
[2451, 89.7, 88.5, 89.60, 89.20, 2088, tse]
[2453, 62.3, 59.5, 61.70, 61.40, 3165, tse]
[2454, 1200.0, 1140.0, 1,190.00, 1,160.00, 14009, tse]
[2455, 173.5, 166.0, 171.00, 173.50, 6365, tse]
[2457, 55.1, 53.3, 53.70, 53.30, 5823, tse]
[2458, 162.5, 154.5, 157.00, 156.50, 7571, tse]
[2459, 72.0, 68.9, 69.50, 72.00, 497, tse]
[2460, 35.35, 34.1, 34.80, 35.30, 1760, tse]
[2461, 23.8, 23.0, 23.65, 23.80, 2994, tse]
[2462, 35.5, 34.65, 34.95, 34.95, 1244, tse]
[2464, 48.6, 45.7, 46.60, 46.70, 20353, tse]
[2465, 127.5, 114.0, 121.00, 125.00, 8148, tse]
[2466, 37.8, 36.55, 37.00, 37.15, 35, tse]
[2467, 141.0, 121.5, 123.00, 125.50, 25962, tse]
[2468, 30.95, 29.25, 30.10, 29.35, 2171, tse]
[2471, 60.3, 58.6, 59.40, 59.00, 962, tse]
[2472, 75.5, 71.1, 71.10, 74.50, 12296, tse]
[2474, 219.0, 210.0, 219.00, 211.50, 6549, tse]
[2476, 76.1, 72.8, 72.80, 74.50, 4269, tse]
[2477, 22.45, 20.55, 20.60, 22.10, 1351, tse]
[2478, 48.2, 47.15, 47.20, 47.35, 776, tse]
[2480, 130.5, 129.0, 129.50, 129.00, 413, tse]
[2481, 58.3, 56.8, 57.10, 58.20, 3702, tse]
[2482, 34.35, 32.9, 34.15, 33.00, 1387, tse]
[2483, 24.65, 23.7, 24.15, 23.85, 593, tse]
[2484, 34.95, 34.1, 34.50, 34.20, 997, tse]
[2485, 21.4, 20.75, 21.10, 20.90, 2632, tse]
[2486, 77.8, 62.5, 62.50, 70.90, 242280, tse]
[2488, 46.0, 44.9, 45.80, 45.05, 1321, tse]
[2489, 14.55, 14.15, 14.15, 14.50, 6298, tse]
[2491, 15.2, 14.5, 14.60, 14.65, 235, tse]
[2492, 126.0, 113.0, 113.50, 119.00, 49361, tse]
[2493, 98.1, 90.5, 90.50, 94.60, 2979, tse]
[2495, 22.2, 21.35, 21.85, 21.55, 2555, tse]
[2496, 79.0, 73.5, 73.50, 75.70, 383, tse]
[2497, 56.1, 54.6, 54.90, 55.00, 723, tse]
[2498, 48.45, 46.6, 47.50, 47.20, 9450, tse]
[2501, 22.35, 21.5, 21.60, 21.55, 14526, tse]
[2504, 39.9, 37.6, 37.90, 39.75, 15834, tse]
[2505, 28.7, 26.15, 27.70, 26.70, 5802, tse]
[2506, 10.2, 9.74, 9.74, 10.00, 3184, tse]
[2509, 18.65, 17.95, 17.95, 18.40, 2077, tse]
[2511, 10.7, 10.5, 10.50, 10.55, 5806, tse]
[2514, 15.35, 15.2, 15.30, 15.30, 3147, tse]
[2515, 16.35, 14.15, 14.30, 15.85, 274848, tse]
[2516, 12.45, 11.6, 11.60, 12.45, 5194, tse]
[2520, 43.55, 41.3, 42.15, 41.85, 15843, tse]
[2524, 46.85, 44.15, 44.15, 45.70, 1397, tse]
[2527, 46.5, 42.0, 42.35, 45.60, 8261, tse]
[2528, 47.3, 45.9, 46.30, 46.50, 2094, tse]
[2530, 48.05, 43.95, 45.00, 47.40, 8675, tse]
[2534, 22.9, 21.85, 21.85, 22.85, 6602, tse]
[2535, 58.9, 56.8, 57.70, 58.40, 3310, tse]
[2536, 31.9, 30.9, 30.95, 31.55, 2282, tse]
[2537, 13.65, 11.95, 12.20, 13.00, 67661, tse]
[2538, 14.9, 14.2, 14.90, 14.70, 6139, tse]
[2539, 73.2, 71.5, 71.80, 72.20, 2054, tse]
[2540, 107.0, 95.6, 98.80, 98.10, 7814, tse]
[2542, 40.5, 40.0, 40.15, 40.25, 9752, tse]
[2543, 43.15, 40.0, 42.50, 41.15, 5816, tse]
[2545, 46.2, 44.7, 44.70, 45.10, 1488, tse]
[2546, 89.1, 86.0, 86.00, 89.00, 454, tse]
[2547, 10.5, 9.92, 9.98, 10.05, 14442, tse]
[2548, 128.0, 124.0, 124.50, 126.00, 3829, tse]
[2596, 34.7, 33.3, 33.30, 33.80, 841, otc]
[2597, 161.5, 154.5, 154.50, 156.00, 1438, tse]
[2601, 7.89, 7.6, 7.84, 7.65, 5509, tse]
[2603, 172.0, 162.0, 172.00, 165.00, 107305, tse]
[2605, 24.45, 23.7, 24.10, 23.90, 6286, tse]
[2606, 53.7, 52.1, 53.00, 52.50, 6132, tse]
[2607, 31.6, 31.15, 31.35, 31.45, 2405, tse]
[2608, 39.1, 38.65, 38.80, 38.85, 531, tse]
[2609, 44.75, 43.8, 44.70, 43.80, 39518, tse]
[2610, 19.75, 19.15, 19.50, 19.15, 32945, tse]
[2611, 23.95, 23.3, 23.30, 23.60, 5450, tse]
[2612, 44.8, 43.4, 44.10, 43.60, 642, tse]
[2613, 22.3, 21.9, 22.30, 21.95, 121, tse]
[2614, 20.85, 19.75, 20.60, 19.75, 2702, tse]
[2615, 44.7, 43.65, 44.30, 43.65, 12870, tse]
[2616, 27.7, 27.25, 27.50, 27.50, 656, tse]
[2617, 34.85, 34.35, 34.50, 34.50, 1883, tse]
[2618, 32.6, 31.4, 32.05, 31.40, 153385, tse]
[2630, 38.15, 35.85, 37.45, 36.05, 10811, tse]
[2633, 30.35, 29.9, 30.30, 29.95, 7028, tse]
[2634, 54.9, 52.4, 53.00, 53.70, 51165, tse]
[2636, 95.1, 93.0, 95.00, 93.70, 1891, tse]
[2637, 59.2, 56.7, 58.40, 57.40, 12955, tse]
[2640, 124.0, 116.0, 119.00, 119.00, 259, otc]
[2641, 19.75, 19.0, 19.70, 19.00, 6694, otc]
[2642, 37.95, 37.65, 37.70, 37.80, 240, tse]
[2643, 74.9, 73.1, 73.50, 74.60, 318, otc]
[2645, 112.0, 107.5, 110.00, 108.00, 3329, tse]
[2701, 12.5, 12.4, 12.40, 12.45, 760, tse]
[2702, 19.25, 19.1, 19.20, 19.15, 181, tse]
[2704, 62.1, 57.2, 61.10, 57.30, 3235, tse]
[2705, 18.7, 18.0, 18.25, 18.10, 2330, tse]
[2706, 15.0, 14.85, 14.95, 14.85, 602, tse]
[2707, 228.0, 223.0, 225.50, 223.50, 517, tse]
[2712, 32.15, 31.5, 31.95, 31.70, 140, tse]
[2718, 88.0, 85.7, 85.70, 88.00, 105, otc]
[2719, 57.3, 55.0, 55.60, 55.50, 48, otc]
[2722, 54.8, 52.5, 52.50, 53.20, 745, tse]
[2723, 93.4, 91.2, 92.30, 91.20, 942, tse]
[2724, 19.25, 18.95, 18.95, 19.20, 181, otc]
[2726, 26.0, 25.15, 26.00, 25.15, 68, otc]
[2727, 248.0, 241.5, 242.50, 242.00, 2027, tse]
[2729, 240.5, 235.0, 237.00, 236.50, 232, otc]
[2731, 139.5, 135.0, 137.00, 137.00, 3246, tse]
[2732, 131.5, 127.0, 129.00, 127.00, 478, otc]
[2734, 38.4, 37.55, 37.80, 38.00, 275, otc]
[2736, 25.75, 24.6, 25.20, 24.60, 494, otc]
[2739, 50.8, 48.6, 49.20, 48.80, 908, tse]
[2740, 40.2, 35.45, 38.50, 35.80, 6, otc]
[2743, 121.0, 116.0, 116.50, 118.00, 1196, otc]
[2745, 80.5, 78.4, 80.00, 79.10, 623, otc]
[2748, 73.0, 68.1, 71.70, 69.00, 2419, tse]
[2752, 294.0, 277.5, 283.00, 287.00, 74, otc]
[2753, 171.0, 168.5, 168.50, 170.00, 477, tse]
[2754, 105.5, 102.0, 104.50, 102.50, 295, otc]
[2755, 97.4, 94.5, 94.60, 96.00, 37, otc]
[2756, 86.3, 85.4, 86.30, 85.70, 51, otc]
[2762, 110.0, 104.0, 110.00, 104.50, 847, tse]
[2801, 18.3, 18.0, 18.30, 18.00, 29525, tse]
[2809, 55.4, 51.5, 51.60, 55.30, 11676, tse]
[2812, 17.25, 16.9, 17.05, 17.00, 10337, tse]
[2816, 30.55, 29.6, 30.10, 29.70, 1856, tse]
[2820, 15.25, 15.1, 15.15, 15.15, 2018, tse]
[2832, 26.65, 26.35, 26.40, 26.40, 923, tse]
[2834, 16.25, 15.85, 16.20, 15.90, 74843, tse]
[2836, 11.9, 11.75, 11.90, 11.80, 11524, tse]
[2838, 15.3, 15.1, 15.30, 15.10, 3555, tse]
[2845, 14.5, 14.2, 14.45, 14.25, 12038, tse]
[2849, 14.15, 14.05, 14.15, 14.10, 146, tse]
[2850, 86.3, 83.1, 85.20, 85.50, 2542, tse]
[2851, 25.4, 24.45, 24.95, 24.55, 11020, tse]
[2852, 20.35, 19.65, 19.85, 20.00, 2446, tse]
[2855, 25.85, 24.55, 24.80, 25.50, 17332, tse]
[2867, 4.84, 4.79, 4.81, 4.82, 13944, tse]
[2880, 23.3, 22.85, 23.15, 22.85, 23384, tse]
[2881, 70.0, 68.6, 69.80, 68.60, 32374, tse]
[2882, 49.2, 48.05, 48.90, 48.05, 50634, tse]
[2883, 14.1, 13.8, 14.00, 13.80, 101392, tse]
[2884, 27.4, 26.9, 27.25, 26.90, 61041, tse]
[2885, 30.5, 29.9, 30.45, 29.95, 38277, tse]
[2886, 40.85, 39.75, 40.55, 39.75, 43061, tse]
[2887, 18.1, 17.9, 18.05, 17.90, 31257, tse]
[2888, 8.16, 8.03, 8.10, 8.03, 81436, tse]
[2889, 14.1, 13.8, 13.90, 13.80, 17528, tse]
[2890, 21.8, 21.0, 21.80, 21.00, 39683, tse]
[2891, 32.85, 31.45, 32.80, 31.45, 127581, tse]
[2892, 27.95, 27.15, 27.80, 27.15, 37690, tse]
[2897, 10.1, 9.93, 10.05, 9.95, 10382, tse]
[2901, 26.85, 26.4, 26.50, 26.60, 49, tse]
[2903, 30.05, 28.85, 29.65, 30.00, 9991, tse]
[2904, 18.4, 18.25, 18.25, 18.25, 155, tse]
[2905, 12.7, 12.35, 12.65, 12.45, 1681, tse]
[2906, 19.85, 19.25, 19.75, 19.50, 1508, tse]
[2908, 20.7, 20.45, 20.50, 20.65, 658, tse]
[2910, 27.45, 26.95, 27.45, 27.30, 97, tse]
[2911, 6.99, 6.8, 6.99, 6.82, 436, tse]
[2912, 271.5, 267.0, 267.50, 269.50, 2894, tse]
[2913, 20.95, 20.45, 20.50, 20.50, 3701, tse]
[2915, 60.4, 59.4, 59.50, 59.60, 4426, tse]
[2916, 64.5, 61.1, 64.20, 62.40, 838, otc]
[2923, 24.9, 24.15, 24.90, 24.80, 24, tse]
[2924, 25.75, 24.8, 25.20, 25.75, 37, otc]
[2926, 60.9, 60.4, 60.80, 60.60, 31, otc]
[2929, 9.95, 9.7, 9.87, 9.73, 476, tse]
[2937, 36.8, 36.05, 36.50, 36.50, 14, otc]
[2939, 28.35, 27.5, 27.65, 28.10, 369, tse]
[2941, 88.0, 83.0, 83.00, 85.20, 67, otc]
[2945, 45.9, 44.2, 45.60, 44.30, 81, tse]
[2947, 80.5, 78.6, 79.50, 78.80, 43, otc]
[2948, 69.9, 66.4, 66.50, 68.60, 34, otc]
[2949, 111.5, 108.0, 109.50, 111.00, 66, otc]
[3002, 15.75, 15.0, 15.75, 15.05, 1071, tse]
[3003, 71.0, 68.0, 70.30, 68.00, 1015, tse]
[3004, 118.0, 112.5, 115.00, 114.00, 4434, tse]
[3005, 131.5, 125.5, 127.00, 126.00, 26889, tse]
[3006, 89.6, 85.2, 87.40, 86.10, 8905, tse]
[3008, 2520.0, 2455.0, 2,460.00, 2,490.00, 1005, tse]
[3010, 131.0, 113.0, 113.50, 128.00, 27733, tse]
[3011, 31.15, 30.0, 31.15, 30.10, 1296, tse]
[3013, 66.2, 59.6, 63.50, 63.90, 101370, tse]
[3014, 176.0, 166.0, 174.50, 168.00, 7127, tse]
[3015, 60.3, 57.1, 60.30, 58.70, 4039, tse]
[3016, 63.2, 59.9, 59.90, 60.80, 7534, tse]
[3017, 570.0, 523.0, 554.00, 546.00, 44179, tse]
[3018, 14.95, 13.45, 14.35, 13.55, 298, tse]
[3019, 65.1, 64.0, 64.40, 65.00, 1576, tse]
[3021, 22.2, 21.5, 22.00, 21.95, 487, tse]
[3022, 83.4, 81.5, 82.40, 82.30, 1526, tse]
[3023, 291.0, 277.5, 280.00, 283.00, 3339, tse]
[3024, 17.85, 17.2, 17.25, 17.50, 5672, tse]
[3025, 73.0, 70.2, 71.30, 70.20, 5567, tse]
[3026, 98.2, 96.4, 96.50, 97.00, 927, tse]
[3027, 46.05, 43.25, 44.75, 44.55, 7992, tse]
[3028, 35.5, 35.1, 35.40, 35.25, 1084, tse]
[3029, 73.3, 71.5, 71.60, 72.00, 2119, tse]
[3030, 90.5, 86.2, 88.20, 88.50, 3628, tse]
[3031, 20.85, 20.05, 20.20, 20.15, 1222, tse]
[3032, 84.4, 79.8, 82.40, 82.80, 16333, tse]
[3033, 32.9, 31.65, 31.80, 32.75, 7296, tse]
[3034, 605.0, 586.0, 605.00, 596.00, 8106, tse]
[3035, 354.0, 338.0, 347.00, 345.00, 14377, tse]
[3036, 150.0, 140.5, 147.50, 140.50, 42423, tse]
[3037, 199.0, 189.0, 192.50, 192.00, 29495, tse]
[3038, 33.5, 32.85, 32.90, 32.95, 1807, tse]
[3040, 30.0, 29.8, 29.85, 29.90, 102, tse]
[3041, 24.5, 23.4, 23.60, 23.75, 5363, tse]
[3042, 112.5, 108.0, 112.50, 109.50, 10919, tse]
[3043, 33.6, 31.0, 31.90, 33.20, 651, tse]
[3044, 217.5, 203.0, 206.00, 213.00, 10222, tse]
[3045, 104.0, 102.5, 103.00, 103.00, 16313, tse]
[3046, 63.2, 61.8, 62.30, 62.00, 631, tse]
[3047, 15.5, 15.05, 15.25, 15.10, 3867, tse]
[3048, 23.75, 23.4, 23.55, 23.50, 909, tse]
[3049, 8.63, 8.23, 8.31, 8.24, 4912, tse]
[3050, 23.75, 22.35, 23.60, 23.55, 7464, tse]
[3051, 39.15, 37.35, 37.60, 38.35, 5112, tse]
[3052, 13.9, 13.3, 13.45, 13.45, 8743, tse]
[3054, 20.8, 20.3, 20.40, 20.65, 53, tse]
[3055, 80.6, 70.0, 70.30, 76.00, 14502, tse]
[3056, 29.05, 28.25, 28.40, 28.45, 5388, tse]
[3057, 12.35, 11.9, 12.35, 12.05, 628, tse]
[3058, 23.55, 21.75, 23.10, 22.60, 9026, tse]
[3059, 39.4, 36.05, 36.30, 37.75, 32546, tse]
[3060, 20.9, 20.3, 20.80, 20.40, 933, tse]
[3062, 24.95, 23.15, 24.50, 23.40, 19147, tse]
[3064, 39.0, 37.5, 38.60, 38.50, 26, otc]
[3066, 22.75, 21.55, 22.40, 21.80, 372, otc]
[3067, 35.85, 32.4, 32.90, 35.85, 20, otc]
[3071, 37.65, 36.4, 37.05, 36.95, 1562, otc]
[3073, 33.9, 29.7, 30.30, 33.15, 163, otc]
[3078, 80.0, 78.8, 79.50, 79.10, 2865, otc]
[3081, 148.0, 136.0, 136.00, 145.00, 6824, otc]
[3083, 53.9, 51.6, 52.80, 51.90, 2197, otc]
[3085, 10.9, 10.1, 10.10, 10.65, 26, otc]
[3086, 125.0, 116.5, 118.50, 120.50, 332, otc]
[3088, 92.3, 89.5, 92.00, 89.80, 1921, otc]
[3090, 61.2, 59.8, 59.80, 59.90, 2372, tse]
[3092, 34.5, 31.95, 32.00, 33.90, 2873, tse]
[3093, 30.95, 30.4, 30.40, 30.80, 301, otc]
[3094, 34.1, 33.2, 33.35, 33.30, 936, tse]
[3095, 35.1, 31.8, 35.05, 32.30, 232, otc]
[3105, 150.5, 145.0, 146.00, 147.50, 5458, otc]
[3114, 27.75, 27.45, 27.55, 27.60, 198, otc]
[3115, 10.75, 10.45, 10.45, 10.75, 7, otc]
[3118, 31.7, 31.25, 31.25, 31.55, 152, otc]
[3122, 43.15, 38.7, 38.70, 42.45, 6884, otc]
[3128, 33.45, 30.9, 32.60, 31.25, 1838, otc]
[3130, 227.0, 226.0, 226.50, 226.00, 43, tse]
[3131, 997.0, 882.0, 887.00, 973.00, 5482, otc]
[3138, 136.0, 131.5, 133.00, 133.00, 469, tse]
[3141, 79.2, 77.6, 78.00, 78.20, 1030, otc]
[3147, 143.5, 135.5, 138.00, 136.00, 2159, otc]
[3149, 25.45, 24.5, 24.90, 24.50, 1518, tse]
[3152, 239.0, 232.0, 234.00, 238.00, 301, otc]
[3162, 39.3, 37.9, 38.65, 38.10, 796, otc]
[3163, 108.0, 102.5, 103.00, 105.00, 16265, otc]
[3164, 22.5, 21.4, 22.45, 21.85, 1764, tse]
[3167, 63.2, 60.0, 60.80, 61.60, 1116, tse]
[3168, 63.7, 62.1, 62.50, 62.90, 669, tse]
[3169, 128.0, 123.5, 126.00, 124.50, 1131, otc]
[3171, 31.95, 29.55, 29.55, 30.75, 3549, otc]
[3176, 40.2, 38.75, 38.95, 38.95, 661, otc]
[3178, 137.0, 118.0, 120.00, 132.00, 9897, otc]
[3188, 29.1, 25.95, 28.40, 26.50, 5608, otc]
[3189, 103.5, 99.4, 99.40, 102.00, 6841, tse]
[3191, 21.95, 20.1, 21.95, 20.75, 106, otc]
[3202, 12.55, 12.0, 12.10, 12.30, 949, otc]
[3205, 42.45, 41.25, 42.30, 41.50, 198, otc]
[3206, 47.7, 46.85, 47.35, 47.05, 536, otc]
[3207, 143.5, 130.5, 130.50, 137.50, 9375, otc]
[3209, 36.9, 36.35, 36.40, 36.45, 1956, tse]
[3211, 95.4, 93.0, 95.40, 94.00, 3366, otc]
[3213, 98.5, 89.4, 90.20, 96.70, 3093, otc]
[3217, 186.0, 176.5, 182.00, 178.50, 3277, otc]
[3218, 277.0, 270.5, 273.50, 271.50, 1497, otc]
[3219, 40.1, 39.0, 39.80, 39.00, 53, otc]
[3221, 28.55, 27.7, 27.70, 27.90, 1051, otc]
[3224, 36.65, 35.9, 36.50, 35.95, 65, otc]
[3226, 59.9, 56.9, 58.20, 58.10, 33, otc]
[3227, 157.5, 154.5, 156.00, 156.50, 1381, otc]
[3228, 566.0, 498.5, 544.00, 503.00, 2741, otc]
[3229, 15.7, 15.1, 15.40, 15.10, 57, tse]
[3230, 11.5, 10.4, 10.95, 10.40, 680, otc]
[3231, 133.0, 122.0, 127.00, 129.50, 389735, tse]
[3232, 31.7, 30.7, 31.50, 31.10, 439, otc]
[3234, 40.8, 37.9, 40.10, 38.70, 7525, otc]
[3236, 21.4, 20.75, 20.85, 20.80, 510, otc]
[3252, 20.85, 20.5, 20.65, 20.60, 165, otc]
[3257, 72.9, 67.0, 71.90, 68.30, 2122, tse]
[3259, 28.4, 25.2, 25.30, 27.50, 122, otc]
[3260, 103.0, 98.5, 99.60, 100.00, 21713, otc]
[3264, 83.9, 81.3, 83.90, 81.30, 11356, otc]
[3265, 140.0, 128.5, 129.50, 136.00, 12129, otc]
[3266, 19.0, 18.2, 18.30, 18.40, 1078, tse]
[3268, 29.15, 27.45, 27.85, 28.40, 505, otc]
[3272, 31.25, 30.8, 30.90, 30.85, 111, otc]
[3276, 20.3, 19.65, 20.00, 19.70, 550, otc]
[3284, 26.5, 24.8, 24.80, 25.30, 2275, otc]
[3285, 26.5, 25.95, 25.95, 26.40, 35, otc]
[3287, 34.25, 33.0, 33.80, 33.00, 736, otc]
[3288, 28.45, 27.4, 28.40, 28.00, 49, otc]
[3289, 136.0, 125.0, 125.00, 132.50, 13260, otc]
[3290, 24.9, 24.4, 24.50, 24.70, 1939, otc]
[3293, 1170.0, 1115.0, 1,130.00, 1,155.00, 4026, otc]
[3294, 47.8, 41.45, 46.80, 42.20, 14248, otc]
[3296, 23.8, 22.6, 23.50, 22.75, 1189, tse]
[3297, 19.45, 18.4, 18.90, 18.50, 300, otc]
[3303, 33.25, 32.7, 33.15, 33.25, 471, otc]
[3305, 64.6, 62.3, 63.60, 62.60, 2232, tse]
[3306, 53.7, 51.2, 52.50, 51.70, 1720, otc]
[3308, 31.85, 29.4, 31.20, 29.50, 1397, tse]
[3310, 111.0, 102.5, 103.00, 111.00, 333, otc]
[3311, 41.45, 40.45, 40.60, 40.90, 456, tse]
[3312, 44.95, 41.05, 44.90, 41.35, 19718, tse]
[3313, 20.45, 19.05, 20.25, 19.45, 2059, otc]
[3317, 53.6, 52.1, 52.20, 53.50, 524, otc]
[3321, 17.8, 16.8, 17.00, 17.00, 912, tse]
[3322, 24.35, 23.0, 24.10, 23.20, 4388, otc]
[3323, 26.6, 25.8, 25.80, 26.35, 337, otc]
[3324, 803.0, 685.0, 700.00, 796.00, 34910, otc]
[3325, 37.9, 36.4, 37.90, 37.05, 4420, otc]
[3332, 44.45, 43.2, 43.75, 43.30, 84, otc]
[3338, 65.8, 64.2, 64.80, 64.90, 3217, tse]
[3339, 32.25, 28.6, 30.40, 32.25, 14166, otc]
[3346, 49.35, 47.75, 47.85, 48.35, 3918, tse]
[3349, 24.4, 23.5, 24.40, 24.30, 23, otc]
[3354, 24.35, 23.25, 23.95, 24.00, 990, otc]
[3356, 57.8, 52.4, 52.40, 55.80, 15256, tse]
[3357, 125.0, 116.0, 116.00, 122.00, 2632, otc]
[3360, 15.9, 15.15, 15.25, 15.35, 2363, otc]
[3362, 228.0, 220.0, 226.00, 223.00, 2647, otc]
[3363, 109.5, 97.5, 97.90, 103.50, 26752, otc]
[3372, 19.85, 18.1, 18.40, 18.90, 9519, otc]
[3373, 25.8, 24.6, 24.80, 25.55, 535, otc]
[3374, 128.5, 124.0, 125.00, 127.50, 4012, otc]
[3376, 186.5, 169.0, 185.00, 176.00, 31800, tse]
[3379, 14.85, 14.65, 14.75, 14.85, 134, otc]
[3380, 37.2, 35.6, 35.90, 35.70, 5364, tse]
[3388, 76.0, 75.5, 75.80, 75.80, 153, otc]
[3390, 31.9, 30.7, 31.10, 31.90, 2560, otc]
[3402, 99.8, 91.1, 91.20, 97.50, 4952, otc]
[3406, 496.0, 472.0, 496.00, 474.00, 6022, tse]
[3413, 319.0, 298.5, 299.00, 308.00, 7299, tse]
[3416, 147.5, 139.0, 145.50, 139.50, 1597, tse]
[3419, 16.6, 16.1, 16.30, 16.20, 369, tse]
[3426, 41.3, 41.0, 41.00, 41.25, 26, otc]
[3430, 47.9, 46.5, 47.00, 46.70, 211, otc]
[3432, 20.15, 19.55, 19.85, 19.75, 245, tse]
[3434, 30.5, 28.1, 30.00, 28.35, 438, otc]
[3437, 30.9, 29.65, 30.00, 30.00, 3847, tse]
[3438, 86.3, 81.7, 85.90, 82.00, 1277, otc]
[3441, 35.6, 34.75, 35.00, 34.75, 261, otc]
[3443, 1410.0, 1240.0, 1,255.00, 1,385.00, 9409, tse]
[3444, 104.0, 101.0, 101.00, 102.00, 739, otc]
[3447, 33.95, 32.3, 33.20, 32.55, 101, tse]
[3450, 78.4, 73.8, 74.80, 76.10, 23765, tse]
[3454, 147.5, 142.5, 147.50, 143.00, 412, tse]
[3455, 84.7, 82.5, 82.50, 84.40, 1635, otc]
[3465, 75.8, 65.1, 65.50, 74.90, 111, otc]
[3466, 33.4, 27.9, 27.95, 33.40, 6392, otc]
[3479, 127.5, 122.5, 125.00, 123.00, 2840, otc]
[3481, 15.3, 14.65, 15.05, 14.70, 151565, tse]
[3483, 155.0, 148.5, 153.50, 152.50, 3637, otc]
[3484, 50.7, 46.75, 47.80, 48.45, 3092, otc]
[3489, 27.15, 25.9, 25.90, 26.45, 2194, otc]
[3490, 29.0, 27.8, 28.15, 27.85, 1104, otc]
[3491, 173.0, 159.0, 159.50, 168.00, 5463, otc]
[3492, 19.25, 18.75, 18.75, 19.15, 117, otc]
[3494, 5.5, 5.3, 5.49, 5.35, 220, tse]
[3498, 40.3, 37.2, 39.20, 37.20, 3224, otc]
[3499, 23.35, 22.0, 22.90, 22.85, 1158, otc]
[3501, 57.8, 56.6, 56.70, 57.50, 715, tse]
[3504, 60.1, 58.3, 59.40, 58.60, 1628, tse]
[3508, 27.3, 26.05, 26.75, 26.15, 484, otc]
[3511, 26.85, 26.0, 26.15, 26.00, 239, otc]
[3512, 38.55, 37.6, 38.55, 37.80, 4362, otc]
[3515, 259.0, 246.0, 254.50, 253.00, 1940, tse]
[3516, 23.9, 22.2, 22.25, 23.10, 895, otc]
[3518, 31.05, 29.6, 31.05, 29.95, 393, tse]
[3520, 17.9, 17.0, 17.20, 17.50, 1040, otc]
[3521, 23.35, 21.55, 21.55, 22.70, 3635, otc]
[3522, 18.3, 17.4, 18.10, 17.50, 890, otc]
[3523, 18.75, 17.1, 17.90, 17.10, 50, otc]
[3526, 238.0, 218.0, 220.50, 237.00, 2590, otc]
[3527, 98.4, 95.0, 96.80, 95.30, 280, otc]
[3528, 47.5, 46.65, 46.95, 47.00, 95, tse]
[3529, 2590.0, 2420.0, 2,530.00, 2,510.00, 1133, otc]
[3530, 116.5, 108.0, 113.00, 108.00, 4320, tse]
[3531, 33.9, 32.1, 33.60, 32.30, 273, otc]
[3532, 170.0, 165.5, 166.50, 170.00, 2402, tse]
[3533, 1540.0, 1395.0, 1,410.00, 1,520.00, 2960, tse]
[3535, 25.6, 20.1, 20.10, 23.95, 30502, tse]
[3537, 41.45, 41.0, 41.00, 41.20, 492, otc]
[3540, 50.5, 47.0, 48.70, 47.00, 3310, otc]
[3541, 32.0, 30.9, 32.00, 30.90, 172, otc]
[3543, 24.0, 23.5, 23.50, 23.70, 322, tse]
[3545, 96.4, 90.9, 94.50, 91.10, 7381, tse]
[3546, 83.9, 82.6, 83.10, 82.90, 371, otc]
[3548, 296.0, 253.5, 290.00, 277.00, 34497, otc]
[3550, 15.0, 14.75, 15.00, 14.90, 172, tse]
[3551, 132.0, 121.0, 127.00, 123.00, 10876, otc]
[3552, 122.0, 118.5, 120.50, 119.00, 452, otc]
[3555, 30.7, 23.3, 23.30, 30.70, 915, otc]
[3556, 53.1, 52.1, 53.10, 52.10, 168, otc]
[3557, 61.4, 60.3, 60.30, 60.60, 346, tse]
[3558, 217.0, 210.0, 215.00, 212.50, 501, otc]
[3563, 414.0, 387.0, 403.50, 396.00, 4119, tse]
[3564, 62.4, 58.4, 62.00, 60.60, 1702, otc]
[3567, 43.55, 43.0, 43.15, 43.00, 512, otc]
[3570, 166.0, 162.0, 163.50, 165.50, 262, otc]
[3576, 11.6, 11.25, 11.55, 11.25, 6208, tse]
[3577, 71.5, 66.0, 68.10, 67.20, 205, otc]
[3580, 53.8, 51.8, 51.90, 53.00, 632, otc]
[3581, 33.6, 31.7, 32.25, 32.35, 1573, otc]
[3583, 381.5, 304.0, 306.50, 380.50, 48013, tse]
[3587, 303.5, 269.0, 272.00, 298.50, 8546, otc]
[3588, 111.5, 103.5, 103.50, 108.50, 5925, tse]
[3591, 25.8, 25.2, 25.20, 25.65, 907, tse]
[3592, 489.0, 474.5, 481.00, 480.00, 1106, tse]
[3593, 11.3, 11.05, 11.25, 11.15, 76, tse]
[3594, 44.0, 42.35, 42.90, 43.10, 912, otc]
[3596, 198.5, 189.0, 192.00, 192.50, 5153, tse]
[3597, 24.4, 23.95, 24.25, 24.05, 71, otc]
[3605, 39.45, 37.0, 38.90, 38.75, 3670, tse]
[3607, 17.6, 16.9, 17.20, 17.60, 1528, tse]
[3609, 28.1, 27.55, 27.75, 27.85, 74, otc]
[3611, 242.0, 238.0, 242.00, 238.50, 319, otc]
[3615, 26.75, 25.6, 25.80, 25.75, 1590, otc]
[3617, 256.5, 241.5, 252.00, 243.00, 7300, tse]
[3622, 69.5, 63.0, 63.00, 66.40, 25308, tse]
[3623, 32.85, 31.1, 31.90, 31.25, 613, otc]
[3624, 51.7, 49.8, 50.00, 50.50, 1359, otc]
[3625, 14.0, 13.2, 13.95, 13.30, 596, otc]
[3628, 53.6, 47.4, 47.90, 51.30, 1865, otc]
[3629, 32.45, 24.8, 24.80, 32.40, 89, otc]
[3630, 31.85, 30.45, 31.15, 30.75, 721, otc]
[3631, 39.35, 38.6, 38.70, 39.10, 227, otc]
[3632, 13.7, 13.5, 13.65, 13.50, 9, otc]
[3645, 41.0, 40.05, 40.40, 40.15, 1256, tse]
[3646, 30.75, 30.45, 30.75, 30.70, 145, otc]
[3652, 29.5, 28.9, 29.35, 29.20, 221, tse]
[3653, 946.0, 887.0, 923.00, 930.00, 3414, tse]
[3661, 3475.0, 3305.0, 3,395.00, 3,385.00, 5234, tse]
[3663, 46.95, 43.9, 46.50, 44.85, 1526, otc]
[3664, 28.7, 27.0, 27.80, 27.90, 327, otc]
[3665, 259.0, 250.5, 256.00, 256.50, 2032, tse]
[3666, 34.7, 28.5, 28.95, 32.95, 22969, otc]
[3669, 52.8, 50.1, 51.50, 50.90, 877, tse]
[3672, 23.05, 22.05, 23.05, 22.05, 160, otc]
[3673, 39.85, 37.0, 37.00, 39.10, 18055, tse]
[3675, 280.0, 252.0, 252.00, 273.50, 3431, otc]
[3679, 117.5, 114.0, 116.50, 116.00, 286, tse]
[3680, 480.0, 434.5, 435.00, 474.00, 9194, otc]
[3684, 44.7, 44.2, 44.20, 44.60, 16, otc]
[3685, 20.15, 19.75, 19.90, 19.85, 224, otc]
[3686, 14.95, 13.95, 14.80, 14.20, 1760, tse]
[3687, 102.5, 99.0, 101.00, 99.10, 404, otc]
[3689, 81.7, 73.6, 78.50, 73.60, 17444, otc]
[3691, 119.5, 109.0, 118.00, 114.50, 1591, otc]
[3693, 381.0, 360.0, 375.50, 376.50, 1708, otc]
[3694, 54.2, 51.7, 51.70, 53.40, 6989, tse]
[3701, 61.2, 59.3, 60.60, 59.40, 1391, tse]
[3702, 96.5, 91.6, 96.50, 91.70, 20296, tse]
[3703, 31.65, 30.6, 30.75, 31.60, 9960, tse]
[3704, 47.75, 46.15, 47.05, 47.60, 13569, tse]
[3705, 49.4, 48.5, 48.70, 48.95, 1450, tse]
[3706, 52.5, 49.2, 52.10, 50.00, 71252, tse]
[3707, 69.0, 63.0, 63.00, 68.60, 36678, otc]
[3708, 133.0, 124.0, 130.00, 125.00, 12158, tse]
[3709, 25.75, 25.05, 25.15, 25.55, 204, otc]
[3710, 10.75, 10.1, 10.65, 10.20, 3421, otc]
[3711, 160.0, 150.0, 159.50, 154.50, 58041, tse]
[3712, 44.45, 43.0, 43.00, 43.65, 4841, tse]
[3713, 24.1, 23.35, 24.10, 23.80, 116, otc]
[3714, 39.55, 38.2, 38.20, 38.60, 4507, tse]
[3715, 81.5, 70.2, 70.50, 79.80, 73525, tse]
[4102, 40.45, 38.75, 39.85, 39.85, 1411, otc]
[4104, 98.2, 96.5, 96.70, 97.00, 687, tse]
[4105, 78.7, 77.9, 78.60, 78.40, 1371, otc]
[4106, 28.9, 28.35, 28.50, 28.60, 372, tse]
[4107, 127.5, 124.5, 125.50, 125.00, 524, otc]
[4108, 20.85, 20.3, 20.60, 20.30, 471, tse]
[4109, 27.05, 25.05, 25.10, 27.00, 6750, otc]
[4111, 26.5, 26.25, 26.30, 26.30, 267, otc]
[4113, 38.7, 37.45, 37.85, 38.50, 1389, otc]
[4114, 40.15, 39.25, 39.25, 39.75, 4039, otc]
[4116, 59.2, 57.8, 58.00, 57.90, 224, otc]
[4119, 89.9, 87.8, 88.40, 87.80, 554, tse]
[4120, 45.8, 43.05, 43.80, 43.70, 634, otc]
[4121, 25.9, 25.0, 25.35, 25.15, 1041, otc]
[4123, 43.95, 42.75, 43.30, 43.10, 2400, otc]
[4126, 91.0, 89.8, 89.90, 90.20, 322, otc]
[4127, 31.7, 29.95, 30.50, 31.70, 2144, otc]
[4128, 47.25, 44.35, 46.85, 44.80, 3675, otc]
[4129, 100.0, 97.8, 99.00, 98.30, 2256, otc]
[4130, 25.15, 24.85, 25.00, 25.00, 267, otc]
[4131, 32.95, 30.1, 31.75, 32.30, 149, otc]
[4133, 32.35, 31.7, 31.75, 31.85, 235, tse]
[4137, 207.0, 198.0, 198.00, 202.50, 707, tse]
[4138, 141.0, 135.5, 136.00, 139.00, 586, otc]
[4139, 30.7, 29.2, 29.60, 30.70, 19, otc]
[4142, 26.95, 26.4, 26.80, 26.45, 1388, tse]
[4147, 95.0, 87.6, 87.80, 90.60, 9515, otc]
[4148, 52.2, 50.6, 50.90, 52.20, 112, tse]
[4153, 40.65, 38.8, 39.80, 38.90, 270, otc]
[4154, 13.7, 13.15, 13.35, 13.45, 124, otc]
[4155, 24.8, 24.2, 24.60, 24.35, 1094, tse]
[4157, 15.8, 15.05, 15.60, 15.05, 6429, otc]
[4160, 44.5, 41.9, 42.30, 42.90, 218, otc]
[4161, 38.0, 35.5, 36.00, 35.75, 762, otc]
[4162, 101.0, 97.1, 100.00, 99.00, 1756, otc]
[4163, 124.0, 122.5, 124.00, 122.50, 100, otc]
[4164, 61.4, 59.4, 60.30, 60.60, 1536, tse]
[4167, 20.75, 19.6, 19.60, 20.65, 5954, otc]
[4168, 25.2, 24.85, 24.85, 25.00, 465, otc]
[4171, 33.6, 32.5, 33.15, 32.85, 315, otc]
[4173, 23.1, 22.85, 23.05, 23.00, 706, otc]
[4174, 66.2, 62.9, 63.00, 64.70, 2030, otc]
[4175, 80.7, 79.0, 79.80, 79.90, 92, otc]
[4183, 20.6, 20.4, 20.40, 20.40, 36, otc]
[4188, 30.0, 28.65, 29.50, 29.45, 372, otc]
[4190, 57.3, 52.4, 55.60, 52.70, 620, tse]
[4192, 41.8, 38.0, 38.50, 41.80, 139, otc]
[4198, 51.2, 42.4, 42.40, 51.20, 616, otc]
[4205, 97.5, 96.5, 97.30, 96.70, 71, otc]
[4207, 18.3, 18.05, 18.20, 18.20, 979, otc]
[4303, 56.6, 51.4, 54.70, 55.50, 52576, otc]
[4304, 8.04, 7.17, 7.80, 7.17, 207, otc]
[4305, 40.9, 39.95, 40.00, 40.00, 26, otc]
[4306, 19.0, 18.65, 18.70, 18.80, 8576, tse]
[4401, 26.95, 25.7, 25.70, 26.75, 919, otc]
[4402, 20.55, 18.65, 18.90, 20.00, 4588, otc]
[4406, 10.3, 10.1, 10.20, 10.20, 32, otc]
[4413, 18.65, 17.5, 18.40, 17.95, 91, otc]
[4414, 3.71, 3.6, 3.66, 3.65, 1945, tse]
[4416, 103.5, 102.0, 102.00, 103.00, 48, otc]
[4417, 39.4, 39.05, 39.15, 39.40, 168, otc]
[4419, 44.45, 43.0, 44.45, 43.00, 52, otc]
[4420, 48.5, 44.3, 48.00, 45.90, 1512, otc]
[4426, 17.6, 17.05, 17.60, 17.05, 572, tse]
[4430, 21.45, 21.25, 21.40, 21.35, 30, otc]
[4432, 25.2, 24.6, 24.90, 24.60, 344, otc]
[4433, 29.5, 28.9, 28.90, 29.15, 106, otc]
[4438, 112.5, 111.0, 111.00, 112.00, 121, tse]
[4439, 106.0, 104.0, 104.50, 104.50, 101, tse]
[4440, 23.85, 23.6, 23.75, 23.80, 203, tse]
[4442, 23.8, 22.65, 22.80, 22.65, 38, otc]
[4502, 36.4, 36.15, 36.35, 36.40, 60, otc]
[4503, 63.0, 61.1, 63.00, 61.60, 1285, otc]
[4506, 103.0, 92.0, 93.30, 98.50, 1315, otc]
[4510, 17.6, 16.6, 17.50, 17.00, 3134, otc]
[4513, 30.45, 28.0, 28.00, 30.40, 4654, otc]
[4523, 68.0, 61.4, 66.80, 62.10, 1006, otc]
[4526, 23.45, 21.8, 22.45, 22.60, 16266, tse]
[4527, 41.15, 40.0, 41.00, 40.20, 228, otc]
[4528, 30.75, 30.05, 30.40, 30.75, 81, otc]
[4529, 14.35, 12.5, 13.80, 12.50, 998, otc]
[4530, 7.79, 7.33, 7.65, 7.79, 37, otc]
[4532, 25.15, 24.55, 24.55, 24.90, 4625, tse]
[4533, 29.15, 26.95, 26.95, 27.80, 20679, otc]
[4534, 11.3, 10.85, 11.10, 11.15, 476, otc]
[4535, 33.6, 33.3, 33.60, 33.55, 138, otc]
[4536, 197.0, 192.5, 194.00, 192.50, 407, tse]
[4538, 21.5, 21.1, 21.10, 21.35, 276, otc]
[4540, 37.15, 35.1, 36.35, 35.15, 1877, tse]
[4541, 32.0, 30.8, 31.30, 31.00, 1223, otc]
[4542, 70.6, 63.1, 63.10, 67.50, 2831, otc]
[4543, 51.2, 49.15, 50.90, 49.55, 1548, otc]
[4545, 31.6, 30.7, 31.45, 30.85, 263, tse]
[4549, 98.0, 94.6, 94.80, 96.70, 164, otc]
[4550, 39.5, 38.0, 38.00, 38.50, 218, otc]
[4551, 109.5, 107.0, 107.00, 107.50, 387, tse]
[4552, 30.9, 30.4, 30.85, 30.45, 443, tse]
[4554, 31.3, 29.95, 30.00, 29.95, 178, otc]
[4555, 63.3, 60.6, 63.00, 61.00, 120, tse]
[4556, 37.5, 35.75, 36.40, 36.80, 252, otc]
[4557, 131.5, 125.0, 125.50, 126.00, 865, tse]
[4558, 24.7, 24.1, 24.60, 24.70, 32, otc]
[4560, 37.05, 36.5, 36.90, 36.85, 396, tse]
[4561, 35.6, 34.45, 35.05, 35.00, 628, otc]
[4562, 19.9, 17.25, 19.50, 17.85, 5499, tse]
[4563, 49.5, 48.05, 48.25, 49.25, 751, otc]
[4564, 23.8, 23.0, 23.10, 23.20, 1992, tse]
[4566, 52.5, 51.1, 51.70, 51.30, 468, tse]
[4568, 56.8, 56.1, 56.20, 56.60, 9, otc]
[4569, 95.9, 94.0, 94.00, 95.20, 40, tse]
[4571, 103.5, 96.2, 98.10, 100.50, 513, tse]
[4572, 176.0, 171.0, 174.00, 173.50, 1262, tse]
[4576, 93.8, 82.6, 82.60, 88.80, 5253, tse]
[4577, 20.3, 19.7, 20.10, 19.75, 62, otc]
[4580, 98.7, 96.0, 96.20, 97.90, 561, otc]
[4581, 68.5, 67.8, 67.80, 68.10, 166, tse]
[4583, 252.5, 242.5, 245.00, 246.00, 815, tse]
[4584, 73.0, 65.2, 73.00, 65.50, 240, otc]
[4588, 101.0, 94.6, 100.00, 95.50, 1636, tse]
[4609, 6.96, 6.38, 6.51, 6.61, 49, otc]
[4702, 13.55, 13.0, 13.10, 13.10, 249, otc]
[4706, 28.75, 27.95, 28.05, 28.05, 112, otc]
[4707, 14.25, 13.9, 14.15, 13.95, 1574, otc]
[4711, 17.05, 16.7, 16.95, 16.90, 84, otc]
[4714, 23.4, 22.35, 22.60, 22.75, 34748, otc]
[4716, 15.3, 13.4, 13.55, 15.30, 5733, otc]
[4720, 15.75, 15.4, 15.50, 15.65, 1211, tse]
[4721, 75.4, 73.5, 74.20, 73.50, 517, otc]
[4722, 40.0, 38.6, 38.85, 38.95, 303, tse]
[4726, 39.75, 37.85, 39.40, 39.05, 1090, otc]
[4728, 237.5, 229.5, 231.00, 230.00, 273, otc]
[4729, 19.5, 18.05, 19.20, 18.55, 955, otc]
[4735, 35.9, 35.4, 35.80, 35.50, 68, otc]
[4736, 155.0, 152.0, 154.00, 154.00, 333, tse]
[4737, 70.5, 69.3, 70.30, 69.40, 112, tse]
[4739, 65.3, 62.9, 62.90, 64.90, 980, tse]
[4741, 39.5, 36.95, 36.95, 38.10, 241, otc]
[4743, 180.0, 170.0, 180.00, 172.00, 7369, otc]
[4744, 24.2, 23.0, 24.00, 23.45, 1109, otc]
[4745, 24.2, 23.8, 23.95, 23.80, 72, otc]
[4746, 119.0, 108.0, 109.50, 116.50, 11764, tse]
[4747, 72.5, 67.9, 72.00, 68.90, 1282, otc]
[4754, 41.5, 40.7, 40.80, 40.80, 49, otc]
[4755, 163.0, 157.0, 157.50, 157.50, 2130, tse]
[4760, 73.6, 70.3, 70.30, 72.40, 285, otc]
[4763, 994.0, 903.0, 907.00, 965.00, 9483, tse]
[4764, 34.75, 33.2, 34.75, 33.50, 221, tse]
[4766, 322.0, 308.5, 311.50, 320.00, 1551, tse]
[4767, 32.2, 31.8, 32.15, 31.95, 20, otc]
[4768, 240.5, 226.0, 236.50, 230.00, 3164, otc]
[4770, 433.5, 416.0, 421.00, 421.00, 1545, tse]
[4771, 366.5, 346.0, 347.00, 352.50, 1832, tse]
[4804, 4.99, 4.25, 4.25, 4.62, 771, otc]
[4806, 12.15, 11.15, 11.75, 11.60, 64, otc]
[4807, 17.25, 17.0, 17.05, 17.05, 26, tse]
[4903, 16.85, 16.55, 16.70, 16.75, 266, otc]
[4904, 82.3, 80.6, 81.50, 80.60, 14920, tse]
[4905, 89.4, 84.3, 84.30, 88.50, 249, otc]
[4906, 34.75, 33.8, 34.30, 33.95, 12287, tse]
[4907, 55.6, 51.4, 51.80, 54.00, 474, otc]
[4908, 120.0, 106.0, 110.00, 111.00, 16237, otc]
[4909, 101.0, 89.5, 89.90, 96.60, 45029, otc]
[4911, 62.3, 58.4, 59.50, 60.70, 188, otc]
[4912, 135.5, 123.0, 124.00, 126.00, 3094, tse]
[4915, 84.5, 81.5, 84.30, 83.00, 12760, tse]
[4916, 32.05, 31.25, 31.70, 31.40, 950, tse]
[4919, 127.5, 123.0, 123.50, 127.00, 5966, tse]
[4923, 47.8, 47.05, 47.60, 47.70, 87, otc]
[4924, 14.8, 14.3, 14.40, 14.80, 33, otc]
[4927, 41.05, 38.85, 40.70, 39.00, 2512, tse]
[4930, 33.3, 32.3, 32.70, 33.00, 980, tse]
[4931, 33.4, 31.6, 33.00, 32.05, 1417, otc]
[4933, 58.5, 57.5, 57.70, 57.90, 467, otc]
[4934, 25.5, 24.25, 25.50, 24.30, 2535, tse]
[4935, 52.2, 51.6, 52.10, 51.80, 543, tse]
[4938, 101.5, 97.2, 101.50, 97.40, 38274, tse]
[4939, 22.85, 21.9, 22.40, 22.25, 1301, otc]
[4942, 45.7, 45.0, 45.00, 45.50, 452, tse]
[4943, 25.45, 23.3, 24.65, 23.60, 206, tse]
[4945, 127.0, 118.5, 125.00, 123.50, 1492, otc]
[4946, 52.0, 45.9, 49.55, 46.85, 111, otc]
[4951, 74.9, 72.9, 74.00, 73.90, 314, otc]
[4952, 48.75, 47.25, 48.05, 47.50, 2344, tse]
[4953, 145.0, 141.5, 144.50, 143.00, 2046, otc]
[4956, 19.55, 18.0, 18.00, 19.00, 4855, tse]
[4958, 134.0, 125.0, 126.50, 129.50, 91248, tse]
[4960, 13.7, 12.9, 13.00, 13.35, 15078, tse]
[4961, 281.5, 268.5, 272.00, 268.50, 10759, tse]
[4966, 947.0, 888.0, 937.00, 894.00, 3694, otc]
[4967, 85.6, 79.4, 79.40, 83.80, 14225, tse]
[4968, 215.5, 202.5, 207.00, 205.00, 5203, tse]
[4971, 61.5, 59.5, 59.90, 60.10, 394, otc]
[4972, 28.55, 28.05, 28.10, 28.40, 159, otc]
[4973, 41.8, 39.95, 39.95, 41.50, 2886, otc]
[4974, 69.6, 68.5, 68.80, 69.50, 397, otc]
[4976, 42.9, 40.7, 42.00, 40.80, 1554, tse]
[4977, 76.2, 73.1, 73.70, 75.30, 1933, tse]
[4979, 131.0, 122.0, 124.50, 127.00, 10341, otc]
[4987, 62.2, 61.4, 61.60, 61.90, 76, otc]
[4989, 25.0, 23.9, 23.90, 24.55, 626, tse]
[4991, 30.75, 30.05, 30.35, 30.10, 116, otc]
[4994, 128.0, 116.0, 116.50, 119.50, 1993, tse]
[4995, 50.6, 50.2, 50.60, 50.30, 99, otc]
[4999, 33.9, 33.45, 33.50, 33.65, 269, tse]
[5007, 56.4, 55.9, 56.10, 56.10, 238, tse]
[5009, 50.1, 49.2, 49.50, 49.40, 8127, otc]
[5011, 26.45, 25.1, 25.30, 25.60, 1314, otc]
[5013, 35.0, 34.25, 34.50, 34.40, 45, otc]
[5014, 13.95, 12.8, 12.90, 13.10, 1175, otc]
[5015, 45.25, 44.7, 44.90, 44.75, 141, otc]
[5016, 28.25, 28.05, 28.25, 28.10, 11, otc]
[5201, 35.7, 32.55, 35.50, 32.80, 1603, otc]
[5202, 23.6, 22.25, 22.50, 23.40, 1499, otc]
[5203, 89.0, 87.7, 88.20, 87.90, 264, tse]
[5205, 28.6, 27.5, 28.60, 28.00, 12, otc]
[5206, 34.2, 33.4, 33.65, 34.20, 238, otc]
[5209, 220.0, 202.0, 202.00, 216.50, 766, otc]
[5210, 40.75, 39.0, 40.40, 39.05, 1333, otc]
[5211, 26.95, 24.15, 24.15, 26.25, 3190, otc]
[5212, 63.9, 62.7, 63.20, 63.00, 202, otc]
[5213, 39.6, 39.1, 39.20, 39.55, 1805, otc]
[5215, 51.8, 50.3, 51.20, 50.40, 235, tse]
[5220, 26.6, 26.35, 26.50, 26.60, 49, otc]
[5222, 184.0, 178.0, 180.00, 182.00, 3453, tse]
[5223, 39.3, 38.3, 39.25, 38.55, 289, otc]
[5225, 129.0, 120.0, 121.00, 121.50, 12494, tse]
[5227, 40.35, 39.5, 40.35, 39.90, 328, otc]
[5228, 23.95, 22.7, 22.90, 22.70, 427, otc]
[5230, 25.85, 25.2, 25.30, 25.30, 415, otc]
[5234, 168.0, 148.5, 152.00, 152.50, 16248, tse]
[5236, 149.0, 146.0, 147.00, 148.50, 505, otc]
[5243, 60.5, 57.9, 59.00, 58.10, 3807, tse]
[5244, 47.55, 44.15, 46.90, 44.60, 1232, tse]
[5245, 34.55, 34.05, 34.55, 34.10, 55, otc]
[5251, 23.65, 22.85, 22.95, 23.45, 568, otc]
[5258, 148.0, 141.0, 141.50, 143.50, 12273, tse]
[5263, 115.0, 113.0, 114.00, 113.00, 272, otc]
[5269, 2550.0, 2375.0, 2,415.00, 2,550.00, 2890, tse]
[5272, 36.2, 34.35, 34.35, 35.10, 1787, otc]
[5274, 3480.0, 3245.0, 3,350.00, 3,405.00, 1349, otc]
[5276, 14.2, 13.9, 13.90, 14.20, 4, otc]
[5278, 257.0, 251.0, 257.00, 254.50, 43, otc]
[5283, 116.5, 115.5, 115.50, 116.00, 272, tse]
[5284, 217.0, 204.5, 212.50, 211.00, 4519, tse]
[5285, 65.5, 62.0, 62.00, 63.60, 781, tse]
[5287, 209.0, 207.0, 207.50, 207.50, 108, otc]
[5288, 197.0, 192.5, 196.50, 197.00, 213, tse]
[5289, 319.5, 306.0, 307.50, 316.50, 2284, otc]
[5291, 27.35, 26.7, 27.05, 26.90, 315, otc]
[5292, 157.5, 151.5, 152.50, 155.50, 635, tse]
[5299, 114.5, 113.0, 114.50, 113.50, 284, otc]
[5301, 8.78, 8.16, 8.75, 8.25, 129, otc]
[5302, 11.3, 11.05, 11.15, 11.15, 326, otc]
[5306, 143.0, 137.5, 143.00, 138.50, 488, tse]
[5309, 36.15, 35.05, 35.75, 35.05, 5781, otc]
[5310, 47.6, 43.9, 43.90, 46.70, 980, otc]
[5312, 111.0, 105.0, 105.00, 108.00, 512, otc]
[5314, 430.0, 370.5, 370.50, 417.00, 261, otc]
[5315, 18.65, 18.15, 18.15, 18.25, 458, otc]
[5321, 78.3, 76.5, 77.10, 77.40, 221, otc]
[5324, 13.2, 11.95, 12.00, 13.05, 7538, otc]
[5328, 15.5, 14.9, 15.10, 14.90, 2475, otc]
[5340, 55.1, 53.0, 53.20, 55.10, 1115, otc]
[5344, 22.6, 21.45, 22.20, 21.80, 152, otc]
[5345, 12.0, 11.15, 11.60, 11.40, 16, otc]
[5347, 86.0, 83.7, 86.00, 85.00, 20919, otc]
[5348, 18.15, 17.6, 17.60, 18.05, 13, otc]
[5351, 53.7, 51.2, 51.30, 52.10, 20793, otc]
[5353, 37.2, 36.05, 36.30, 36.30, 298, otc]
[5355, 11.05, 10.7, 11.05, 10.80, 721, otc]
[5356, 36.95, 34.75, 35.00, 36.90, 2845, otc]
[5364, 16.75, 16.35, 16.50, 16.45, 94, otc]
[5371, 92.8, 81.1, 81.80, 92.30, 47929, otc]
[5381, 35.1, 33.5, 34.60, 33.75, 3142, otc]
[5383, 40.9, 38.8, 40.55, 40.70, 1196, otc]
[5386, 99.4, 82.6, 85.90, 85.20, 17057, otc]
[5388, 139.0, 136.0, 136.50, 136.00, 9080, tse]
[5392, 24.7, 23.4, 23.40, 24.35, 2585, otc]
[5398, 19.45, 18.2, 18.25, 19.00, 325, otc]
[5403, 137.5, 131.5, 137.50, 132.50, 992, otc]
[5410, 34.5, 34.1, 34.25, 34.40, 636, otc]
[5425, 76.3, 74.0, 74.10, 76.00, 4920, otc]
[5426, 38.0, 34.7, 36.25, 36.90, 11680, otc]
[5432, 176.0, 161.5, 162.50, 171.50, 2561, otc]
[5434, 239.0, 220.0, 220.00, 239.00, 5089, tse]
[5438, 18.55, 18.1, 18.30, 18.35, 143, otc]
[5439, 129.0, 120.0, 124.00, 120.50, 7715, otc]
[5443, 71.9, 54.2, 55.00, 67.90, 106148, otc]
[5450, 19.95, 19.55, 19.75, 19.80, 180, otc]
[5452, 25.85, 24.35, 25.00, 24.40, 4397, otc]
[5455, 49.6, 46.55, 47.10, 49.50, 47, otc]
[5457, 61.9, 57.8, 61.10, 58.00, 3458, otc]
[5460, 14.4, 13.9, 14.25, 14.10, 343, otc]
[5464, 29.1, 28.7, 29.10, 28.90, 136, otc]
[5465, 48.05, 45.3, 45.35, 48.05, 2822, otc]
[5468, 17.5, 17.15, 17.35, 17.35, 41, otc]
[5469, 62.3, 60.5, 61.50, 61.30, 17346, tse]
[5471, 55.5, 52.3, 52.40, 54.60, 3580, tse]
[5474, 141.5, 132.5, 133.50, 140.00, 1507, otc]
[5475, 11.3, 11.05, 11.20, 11.15, 518, otc]
[5478, 144.0, 140.0, 141.50, 140.50, 666, otc]
[5481, 13.75, 13.35, 13.40, 13.70, 218, otc]
[5483, 214.5, 206.5, 214.00, 211.00, 18415, otc]
[5484, 25.0, 24.75, 24.90, 25.00, 97, tse]
[5487, 30.8, 29.8, 30.80, 30.10, 100, otc]
[5488, 12.95, 12.1, 12.70, 12.20, 2563, otc]
[5489, 38.6, 37.2, 37.45, 38.10, 292, otc]
[5490, 27.15, 25.15, 25.15, 26.15, 827, otc]
[5493, 94.4, 85.4, 87.00, 93.90, 914, otc]
[5498, 13.7, 13.0, 13.60, 13.30, 4826, otc]
[5508, 141.0, 128.5, 129.00, 136.00, 5352, otc]
[5511, 72.4, 71.5, 72.00, 71.60, 1271, otc]
[5512, 10.65, 10.3, 10.50, 10.40, 8561, otc]
[5514, 20.45, 19.9, 19.90, 20.10, 860, otc]
[5515, 21.3, 20.0, 20.75, 21.00, 10331, tse]
[5516, 20.1, 19.85, 19.90, 20.10, 80, otc]
[5519, 42.45, 40.3, 40.95, 40.55, 6665, tse]
[5520, 80.0, 77.6, 77.60, 78.80, 32, otc]
[5521, 14.3, 13.3, 13.35, 13.60, 36055, tse]
[5522, 58.6, 57.4, 57.40, 57.60, 2650, tse]
[5523, 29.75, 28.4, 29.00, 29.00, 586, otc]
[5525, 32.45, 31.7, 32.20, 31.90, 528, tse]
[5529, 24.4, 23.55, 23.90, 23.90, 458, otc]
[5530, 42.0, 40.5, 40.95, 41.20, 946, otc]
[5531, 10.0, 9.64, 9.68, 9.75, 2457, tse]
[5533, 24.35, 23.7, 23.70, 24.00, 1197, tse]
[5534, 90.6, 88.3, 88.50, 89.90, 4588, tse]
[5536, 204.5, 197.0, 198.00, 204.00, 895, otc]
[5538, 32.6, 31.25, 32.60, 31.30, 16, tse]
[5543, 46.85, 44.95, 46.15, 46.25, 56, otc]
[5546, 30.8, 29.5, 29.95, 29.95, 91, tse]
[5548, 32.35, 32.1, 32.35, 32.20, 180, otc]
[5601, 36.55, 36.45, 36.50, 36.55, 8, otc]
[5603, 24.2, 23.55, 23.95, 23.85, 962, otc]
[5604, 41.8, 40.1, 41.80, 40.20, 187, otc]
[5607, 57.0, 55.7, 56.40, 56.20, 1523, tse]
[5608, 18.7, 18.3, 18.45, 18.35, 2733, tse]
[5609, 90.5, 88.8, 90.10, 89.30, 601, otc]
[5701, 5.9, 5.42, 5.90, 5.59, 138, otc]
[5703, 21.4, 21.05, 21.20, 21.30, 101, otc]
[5704, 50.3, 49.0, 49.80, 49.05, 64, otc]
[5706, 69.8, 67.5, 69.00, 67.70, 880, tse]
[5864, 21.2, 19.35, 19.40, 20.70, 12080, otc]
[5871, 177.5, 173.0, 173.00, 175.50, 15267, tse]
[5876, 48.15, 45.8, 47.95, 45.95, 15830, tse]
[5878, 48.5, 48.1, 48.35, 48.10, 11, otc]
[5880, 26.35, 26.0, 26.25, 26.00, 27670, tse]
[5902, 34.75, 32.55, 32.55, 33.75, 39, otc]
[5903, 189.5, 188.5, 188.50, 189.50, 155, otc]
[5904, 499.0, 491.0, 495.00, 496.00, 387, otc]
[5905, 12.15, 11.8, 12.10, 11.95, 1985, otc]
[5906, 67.0, 59.1, 67.00, 59.10, 139, tse]
[5907, 8.96, 8.72, 8.87, 8.78, 605, tse]
[6005, 19.9, 19.2, 19.25, 19.75, 38496, tse]
[6015, 12.65, 12.2, 12.20, 12.30, 7600, otc]
[6016, 17.15, 16.7, 16.70, 17.00, 18671, otc]
[6020, 19.4, 19.1, 19.30, 19.20, 117, otc]
[6021, 17.3, 16.9, 16.95, 17.00, 201, otc]
[6023, 81.0, 77.9, 81.00, 80.20, 1018, otc]
[6024, 54.8, 54.0, 54.50, 54.50, 947, tse]
[6026, 16.4, 15.7, 15.70, 16.20, 13216, otc]
[6101, 49.4, 45.0, 46.10, 48.90, 1133, otc]
[6103, 36.45, 33.15, 33.15, 36.00, 12, otc]
[6104, 111.5, 107.0, 107.00, 110.00, 3156, otc]
[6108, 21.95, 21.35, 21.45, 21.60, 1197, tse]
[6109, 15.3, 14.8, 15.00, 14.85, 564, otc]
[6111, 71.0, 69.4, 70.20, 70.20, 1124, otc]
[6112, 67.9, 62.2, 66.40, 62.40, 5281, tse]
[6113, 30.7, 28.7, 29.40, 28.80, 2109, otc]
[6114, 25.4, 24.2, 25.20, 24.50, 258, otc]
[6115, 52.9, 52.1, 52.20, 52.30, 455, tse]
[6116, 10.8, 10.4, 10.75, 10.45, 13451, tse]
[6117, 89.4, 79.7, 81.50, 89.40, 17869, tse]
[6118, 24.3, 23.6, 23.65, 23.85, 343, otc]
[6120, 18.6, 16.25, 16.25, 18.60, 96531, tse]
[6121, 445.0, 430.0, 443.00, 438.00, 6094, otc]
[6122, 71.9, 69.1, 69.80, 69.50, 10626, otc]
[6123, 70.7, 70.0, 70.50, 70.50, 114, otc]
[6124, 39.65, 37.55, 37.55, 37.65, 951, otc]
[6125, 85.0, 79.2, 84.50, 81.20, 23875, otc]
[6126, 39.1, 36.3, 37.60, 36.30, 19334, otc]
[6127, 27.5, 26.4, 26.50, 26.90, 2230, otc]
[6128, 42.1, 40.15, 40.15, 41.85, 2498, tse]
[6129, 27.35, 26.6, 27.25, 26.75, 1509, otc]
[6130, 24.1, 22.6, 24.05, 22.85, 178, otc]
[6133, 14.1, 13.65, 14.00, 14.00, 863, tse]
[6134, 20.2, 19.5, 20.05, 19.75, 389, otc]
[6136, 23.6, 23.35, 23.50, 23.45, 576, tse]
[6138, 211.0, 201.0, 204.00, 205.00, 3255, otc]
[6139, 292.0, 245.0, 259.50, 283.50, 78118, tse]
[6140, 30.0, 28.65, 29.40, 29.60, 1371, otc]
[6141, 18.6, 17.8, 18.30, 18.00, 932, tse]
[6142, 10.0, 9.84, 9.97, 9.86, 1191, tse]
[6143, 97.5, 92.5, 92.50, 96.80, 3970, otc]
[6144, 20.15, 16.55, 20.15, 17.30, 794, otc]
[6146, 253.5, 242.0, 252.50, 251.00, 2769, otc]
[6147, 79.0, 75.8, 79.00, 76.00, 14367, otc]
[6148, 33.1, 31.05, 32.35, 31.30, 527, otc]
[6150, 93.4, 90.0, 90.40, 92.00, 2057, otc]
[6151, 26.9, 26.25, 26.80, 26.50, 225, otc]
[6152, 10.4, 10.0, 10.40, 10.10, 1038, tse]
[6153, 21.0, 20.3, 20.40, 20.35, 4375, tse]
[6154, 17.2, 16.9, 17.00, 17.10, 98, otc]
[6155, 27.35, 26.3, 26.30, 26.75, 1170, tse]
[6156, 23.55, 23.1, 23.35, 23.15, 1293, otc]
[6158, 31.55, 30.9, 31.50, 31.20, 289, otc]
[6160, 22.75, 22.15, 22.15, 22.30, 394, otc]
[6161, 47.9, 46.75, 47.55, 47.10, 1008, otc]
[6163, 22.85, 21.35, 22.35, 21.70, 6282, otc]
[6164, 15.8, 14.9, 15.80, 15.10, 4802, tse]
[6165, 40.15, 38.5, 39.40, 38.90, 1664, tse]
[6166, 70.4, 66.6, 67.90, 67.10, 2921, tse]
[6167, 16.65, 16.0, 16.10, 16.45, 1594, otc]
[6168, 24.6, 23.55, 24.15, 23.55, 2638, tse]
[6169, 22.5, 22.0, 22.40, 22.00, 92, otc]
[6170, 54.9, 53.6, 53.90, 53.60, 1008, otc]
[6171, 37.95, 34.6, 34.90, 37.65, 573, otc]
[6173, 47.95, 45.55, 45.55, 46.65, 5236, otc]
[6174, 23.05, 22.4, 22.55, 23.05, 124, otc]
[6175, 35.0, 33.8, 33.80, 34.60, 465, otc]
[6176, 175.0, 165.0, 166.50, 174.00, 16209, tse]
[6177, 44.7, 42.0, 42.15, 43.80, 13212, tse]
[6179, 37.5, 35.0, 36.00, 36.70, 13072, otc]
[6180, 74.1, 72.0, 72.80, 73.20, 1716, otc]
[6182, 40.15, 39.0, 39.00, 39.95, 7917, otc]
[6183, 75.8, 74.4, 74.60, 74.80, 91, tse]
[6184, 54.5, 53.8, 54.20, 54.30, 60, tse]
[6185, 16.9, 16.65, 16.75, 16.90, 416, otc]
[6186, 68.3, 64.9, 65.50, 68.20, 2872, otc]
[6187, 293.0, 258.0, 258.00, 279.50, 23863, otc]
[6188, 103.0, 94.8, 97.30, 95.40, 27625, otc]
[6189, 98.6, 88.3, 88.80, 94.00, 60020, tse]
[6190, 37.0, 35.15, 35.50, 36.50, 7164, otc]
[6191, 73.9, 71.5, 73.70, 72.00, 12864, tse]
[6192, 100.5, 98.3, 99.30, 100.00, 504, tse]
[6194, 36.25, 35.4, 36.00, 35.75, 462, otc]
[6195, 42.85, 41.65, 41.70, 42.00, 126, otc]
[6196, 178.5, 162.0, 162.50, 169.00, 16961, tse]
[6197, 171.0, 146.0, 152.50, 171.00, 42529, tse]
[6198, 51.9, 46.9, 46.90, 49.75, 874, otc]
[6199, 28.4, 25.55, 27.50, 27.75, 38, otc]
[6201, 64.0, 62.6, 62.60, 63.20, 340, tse]
[6202, 61.0, 54.3, 54.30, 59.00, 10757, tse]
[6203, 90.0, 88.0, 88.00, 88.60, 513, otc]
[6204, 147.0, 141.5, 146.00, 142.00, 1110, otc]
[6205, 78.7, 76.0, 77.70, 77.90, 1296, tse]
[6206, 80.6, 78.1, 78.10, 79.80, 1858, tse]
[6207, 52.1, 41.1, 41.25, 51.50, 50176, otc]
[6208, 62.7, 58.2, 58.30, 61.20, 2783, otc]
[6209, 26.9, 25.95, 25.95, 26.35, 1780, tse]
[6210, 27.4, 24.6, 25.95, 26.30, 313, otc]
[6212, 65.2, 62.1, 62.70, 64.40, 137, otc]
[6213, 124.5, 102.5, 103.00, 116.50, 123531, tse]
[6214, 120.5, 118.0, 120.00, 118.50, 999, tse]
[6215, 37.2, 33.6, 33.60, 36.20, 19971, tse]
[6216, 36.5, 35.75, 35.95, 36.35, 1011, tse]
[6217, 43.1, 42.15, 42.20, 42.55, 2156, otc]
[6218, 27.05, 26.35, 26.80, 26.40, 400, otc]
[6219, 39.05, 37.0, 37.65, 38.50, 8299, otc]
[6220, 24.3, 23.65, 24.15, 23.85, 814, otc]
[6221, 80.6, 79.0, 79.00, 80.10, 99, otc]
[6222, 33.3, 31.25, 33.30, 31.35, 169, otc]
[6223, 333.0, 315.5, 316.50, 324.00, 6448, otc]
[6224, 57.6, 56.4, 56.40, 56.90, 286, tse]
[6225, 16.0, 14.9, 16.00, 15.65, 18, tse]
[6226, 10.6, 10.15, 10.50, 10.25, 902, tse]
[6227, 74.4, 63.0, 63.70, 74.40, 18783, otc]
[6228, 23.1, 22.2, 22.60, 22.90, 49, otc]
[6229, 32.3, 31.2, 31.60, 31.55, 700, otc]
[6230, 205.0, 185.0, 190.50, 196.00, 1961, tse]
[6231, 279.0, 252.0, 252.00, 278.00, 4814, otc]
[6233, 42.35, 40.6, 41.55, 40.60, 3083, otc]
[6234, 32.75, 28.85, 28.85, 32.20, 14625, otc]
[6235, 108.5, 102.5, 103.50, 106.00, 7722, tse]
[6236, 32.5, 30.65, 32.50, 32.50, 25, otc]
[6237, 62.5, 60.2, 60.50, 61.60, 2137, otc]
[6239, 200.0, 188.0, 200.00, 191.00, 22090, tse]
[6240, 22.5, 22.1, 22.50, 22.25, 19, otc]
[6241, 15.85, 15.2, 15.85, 15.25, 215, otc]
[6242, 54.4, 53.8, 54.30, 53.90, 51, otc]
[6243, 69.2, 66.3, 66.80, 67.60, 3445, tse]
[6244, 28.1, 27.1, 28.05, 27.15, 3921, otc]
[6245, 102.0, 99.5, 101.00, 99.80, 1714, otc]
[6246, 15.1, 14.15, 15.00, 14.50, 238, otc]
[6248, 34.7, 33.6, 34.30, 33.70, 2370, otc]
[6257, 73.0, 70.6, 71.40, 71.80, 16350, tse]
[6259, 21.6, 21.1, 21.20, 21.60, 38, otc]
[6261, 74.6, 71.8, 72.20, 74.50, 2583, otc]
[6263, 164.0, 156.0, 158.00, 160.00, 700, otc]
[6264, 8.6, 7.86, 7.94, 8.09, 331, otc]
[6265, 11.95, 11.4, 11.80, 11.50, 1243, otc]
[6266, 34.1, 33.7, 34.10, 33.75, 412, otc]
[6269, 92.2, 91.0, 91.20, 91.00, 3425, tse]
[6270, 23.9, 23.5, 23.60, 23.60, 525, otc]
[6271, 154.0, 146.5, 146.50, 153.00, 7686, tse]
[6274, 188.0, 178.0, 180.00, 187.00, 39307, otc]
[6275, 63.2, 58.4, 61.80, 61.20, 7336, otc]
[6276, 69.9, 66.7, 67.40, 68.00, 528, otc]
[6277, 82.7, 81.1, 81.60, 82.00, 440, tse]
[6278, 111.0, 107.5, 109.00, 110.00, 7251, tse]
[6279, 178.0, 167.5, 175.00, 169.50, 5490, otc]
[6281, 85.0, 83.1, 83.20, 84.70, 669, tse]
[6282, 39.7, 38.8, 38.85, 38.85, 11248, tse]
[6283, 24.1, 23.55, 23.95, 23.70, 430, tse]
[6284, 89.1, 85.8, 85.80, 86.80, 14348, otc]
[6285, 158.0, 154.0, 156.00, 157.50, 9650, tse]
[6287, 14.35, 13.95, 13.95, 14.20, 19, otc]
[6288, 37.2, 33.7, 33.70, 36.70, 38900, tse]
[6290, 92.9, 88.9, 90.30, 90.30, 7880, otc]
[6291, 174.5, 165.0, 168.00, 167.00, 324, otc]
[6292, 82.5, 78.7, 79.20, 79.30, 1391, otc]
[6294, 123.5, 122.0, 122.50, 123.50, 294, otc]
[6405, 23.9, 23.55, 23.80, 23.85, 131, tse]
[6409, 1640.0, 1505.0, 1,640.00, 1,520.00, 389, tse]
[6411, 106.5, 104.0, 104.00, 105.00, 719, otc]
[6412, 184.5, 169.0, 170.50, 177.00, 2651, tse]
[6414, 374.0, 334.0, 368.00, 336.00, 23656, tse]
[6415, 342.5, 315.0, 329.00, 319.50, 8432, tse]
[6416, 133.0, 121.0, 132.50, 123.50, 4301, tse]
[6417, 105.0, 100.0, 100.00, 105.00, 550, otc]
[6418, 22.6, 22.15, 22.40, 22.30, 183, otc]
[6419, 54.5, 52.4, 52.40, 54.00, 404, otc]
[6425, 81.7, 70.3, 73.90, 78.10, 22449, otc]
[6426, 71.2, 69.0, 70.80, 69.30, 448, tse]
[6431, 12.45, 11.8, 12.30, 12.00, 283, tse]
[6432, 34.05, 33.1, 33.65, 33.30, 184, otc]
[6435, 106.5, 104.0, 105.00, 105.50, 279, otc]
[6438, 138.5, 121.0, 121.50, 135.00, 24271, tse]
[6441, 43.8, 42.05, 43.70, 42.25, 367, otc]
[6442, 144.5, 135.0, 141.00, 136.00, 11356, tse]
[6443, 29.45, 28.05, 29.45, 28.10, 12973, tse]
[6446, 333.0, 320.0, 327.00, 323.00, 3320, tse]
[6449, 94.7, 78.1, 78.10, 88.30, 5055, tse]
[6451, 182.0, 172.0, 178.50, 174.50, 5766, tse]
[6456, 61.5, 59.5, 60.70, 60.20, 3100, tse]
[6457, 52.0, 46.45, 46.55, 48.40, 1627, otc]
[6461, 28.1, 27.5, 27.75, 27.75, 202, otc]
[6462, 310.5, 275.5, 283.00, 293.50, 49926, otc]
[6464, 88.1, 86.8, 87.40, 87.20, 287, tse]
[6465, 22.85, 22.1, 22.60, 22.75, 124, otc]
[6469, 303.5, 298.0, 302.00, 299.00, 316, otc]
[6470, 57.9, 56.1, 56.40, 57.20, 625, otc]
[6472, 761.0, 650.0, 655.00, 761.00, 14114, tse]
[6477, 41.0, 39.0, 41.00, 39.05, 1986, tse]
[6482, 53.6, 50.6, 52.80, 52.70, 109, otc]
[6485, 86.3, 83.5, 83.50, 84.70, 808, otc]
[6486, 87.3, 83.8, 83.80, 86.60, 1000, otc]
[6488, 568.0, 548.0, 560.00, 555.00, 6224, otc]
[6491, 494.5, 462.0, 462.00, 482.00, 5632, tse]
[6492, 45.35, 43.0, 44.45, 43.10, 479, otc]
[6494, 73.1, 70.8, 71.20, 71.70, 426, otc]
[6496, 28.4, 27.8, 28.05, 27.80, 54, otc]
[6499, 44.2, 42.95, 43.65, 43.15, 220, otc]
[6504, 71.8, 70.7, 71.10, 70.80, 137, tse]
[6505, 73.1, 70.0, 70.00, 72.30, 24651, tse]
[6506, 17.3, 17.0, 17.10, 17.00, 49, otc]
[6508, 31.95, 31.75, 31.95, 31.80, 221, otc]
[6509, 38.7, 38.2, 38.20, 38.35, 670, otc]
[6510, 521.0, 505.0, 520.00, 507.00, 400, otc]
[6512, 22.2, 21.3, 21.75, 21.30, 39, otc]
[6514, 53.1, 52.7, 52.90, 52.70, 92, otc]
[6515, 781.0, 717.0, 727.00, 771.00, 2376, tse]
[6516, 78.3, 76.5, 77.60, 76.80, 105, otc]
[6517, 89.6, 82.8, 86.90, 82.80, 1867, otc]
[6523, 171.5, 164.0, 169.50, 164.50, 483, otc]
[6525, 68.1, 67.2, 68.00, 67.40, 245, tse]
[6526, 665.0, 616.0, 619.00, 647.00, 2705, tse]
[6527, 84.1, 83.4, 83.70, 83.50, 76, otc]
[6530, 54.5, 52.5, 53.40, 52.80, 2705, otc]
[6531, 416.0, 397.5, 401.00, 412.00, 7626, tse]
[6532, 79.4, 71.2, 71.20, 75.60, 5340, otc]
[6533, 437.5, 424.5, 429.50, 431.50, 1189, tse]
[6534, 86.6, 85.0, 85.50, 85.20, 178, tse]
[6535, 198.0, 178.5, 180.00, 196.00, 4730, otc]
[6538, 167.5, 154.5, 155.50, 158.50, 6810, otc]
[6541, 51.2, 48.7, 48.90, 49.90, 1237, tse]
[6542, 73.3, 66.0, 66.00, 71.20, 390, otc]
[6546, 131.0, 125.0, 129.50, 129.00, 3428, otc]
[6547, 53.1, 51.6, 52.20, 51.80, 3136, otc]
[6548, 35.7, 34.1, 34.10, 35.30, 5534, otc]
[6550, 78.0, 70.5, 72.60, 72.60, 18764, tse]
[6552, 35.0, 34.2, 34.20, 34.65, 278, tse]
[6556, 84.5, 83.2, 83.60, 84.10, 38, otc]
[6558, 23.35, 22.6, 22.85, 22.65, 282, tse]
[6560, 29.5, 28.15, 28.50, 28.30, 91, otc]
[6561, 382.0, 370.0, 382.00, 370.50, 281, otc]
[6568, 144.5, 142.5, 142.50, 143.00, 107, otc]
[6569, 183.5, 173.5, 179.50, 181.50, 551, otc]
[6570, 53.9, 53.0, 53.90, 53.20, 140, otc]
[6573, 13.6, 13.15, 13.15, 13.20, 116, tse]
[6574, 50.8, 49.95, 50.10, 50.80, 18, otc]
[6576, 99.7, 96.7, 98.00, 98.00, 614, otc]
[6577, 148.0, 140.5, 142.00, 142.50, 1240, otc]
[6578, 29.5, 25.4, 25.40, 28.20, 12982, otc]
[6579, 166.5, 161.5, 165.50, 163.50, 472, tse]
[6581, 91.2, 89.8, 90.00, 90.30, 68, tse]
[6582, 48.55, 48.1, 48.55, 48.45, 90, tse]
[6584, 211.0, 198.5, 201.50, 205.00, 4469, otc]
[6585, 189.5, 175.5, 187.00, 179.00, 1408, tse]
[6588, 36.85, 33.1, 33.50, 36.85, 536, otc]
[6589, 88.7, 86.1, 87.40, 86.40, 1281, otc]
[6590, 97.3, 94.5, 96.00, 94.90, 130, otc]
[6591, 60.2, 58.4, 58.40, 58.90, 1315, tse]
[6592, 122.5, 119.5, 120.00, 120.50, 1372, tse]
[6593, 172.0, 140.0, 170.50, 142.00, 3396, otc]
[6596, 75.4, 72.2, 72.90, 74.00, 1392, otc]
[6598, 22.0, 21.3, 21.40, 21.70, 53, tse]
[6603, 16.35, 15.7, 15.75, 16.15, 3324, otc]
[6605, 224.0, 211.5, 221.00, 223.00, 6332, tse]
[6606, 27.2, 26.8, 27.20, 26.90, 334, tse]
[6609, 35.5, 33.9, 34.65, 35.10, 535, otc]
[6612, 116.5, 111.0, 111.00, 115.00, 169, otc]
[6613, 193.5, 185.0, 185.50, 192.00, 798, otc]
[6615, 41.2, 40.7, 41.00, 41.05, 46, otc]
[6616, 14.75, 14.0, 14.25, 14.75, 682, otc]
[6624, 42.7, 41.9, 42.45, 41.90, 38, otc]
[6625, 100.0, 95.7, 96.60, 98.10, 883, tse]
[6629, 85.8, 72.4, 72.40, 85.00, 312, otc]
[6640, 440.0, 398.5, 398.50, 435.00, 598, otc]
[6641, 40.5, 39.1, 39.70, 39.40, 41, tse]
[6642, 62.9, 57.3, 57.40, 61.90, 487, otc]
[6643, 1605.0, 1375.0, 1,410.00, 1,555.00, 5355, otc]
[6645, 39.2, 38.45, 39.00, 38.45, 109, tse]
[6649, 34.0, 29.45, 33.50, 30.75, 1203, otc]
[6651, 77.6, 76.5, 76.50, 77.20, 230, otc]
[6654, 50.5, 49.3, 49.65, 50.00, 28, otc]
[6655, 122.0, 116.5, 120.00, 122.00, 27, tse]
[6657, 60.0, 57.9, 58.80, 58.80, 281, tse]
[6658, 41.4, 39.7, 40.05, 41.30, 64, tse]
[6661, 22.9, 22.6, 22.85, 22.70, 11, otc]
[6662, 37.7, 36.4, 37.70, 36.85, 31, otc]
[6664, 177.5, 170.5, 174.50, 175.00, 2285, otc]
[6666, 75.2, 68.9, 74.00, 69.20, 816, tse]
[6667, 188.0, 158.0, 162.00, 182.00, 23194, otc]
[6668, 77.3, 63.2, 63.80, 77.30, 30701, tse]
[6669, 2460.0, 2220.0, 2,305.00, 2,460.00, 7081, tse]
[6670, 249.0, 234.0, 234.00, 249.00, 1583, tse]
[6671, 43.45, 43.1, 43.45, 43.20, 104, tse]
[6672, 93.9, 91.6, 91.80, 92.20, 1446, tse]
[6674, 26.5, 23.8, 25.30, 26.50, 104, tse]
[6679, 449.0, 427.5, 447.00, 429.00, 1584, otc]
[6680, 82.0, 81.0, 81.00, 81.50, 5, otc]
[6683, 292.0, 281.0, 282.00, 289.50, 1080, otc]
[6684, 101.0, 85.7, 86.50, 98.10, 13380, otc]
[6689, 113.5, 109.0, 110.50, 110.00, 742, tse]
[6690, 179.0, 174.5, 175.00, 176.00, 111, otc]
[6691, 393.5, 386.0, 386.00, 390.00, 464, tse]
[6692, 30.65, 30.2, 30.50, 30.30, 161, otc]
[6693, 73.3, 70.5, 73.00, 71.00, 286, otc]
[6695, 70.2, 63.8, 63.80, 68.70, 22324, tse]
[6697, 52.6, 50.8, 52.10, 50.80, 121, otc]
[6698, 34.65, 33.3, 34.40, 34.00, 705, tse]
[6703, 296.0, 285.5, 285.50, 296.00, 424, otc]
[6706, 54.0, 52.0, 52.60, 52.10, 886, tse]
[6708, 45.2, 44.8, 44.80, 45.15, 25, otc]
[6712, 221.0, 210.5, 218.00, 214.50, 1641, otc]
[6715, 196.0, 184.5, 184.50, 195.50, 1208, tse]
[6716, 109.0, 102.5, 103.00, 104.50, 244, otc]
[6719, 296.0, 281.0, 296.00, 285.50, 2895, tse]
[6721, 52.8, 51.7, 52.00, 51.90, 36, otc]
[6727, 58.7, 56.5, 57.00, 57.60, 350, otc]
[6728, 137.5, 136.0, 137.50, 136.00, 18, otc]
[6732, 425.0, 409.0, 410.00, 419.50, 1577, otc]
[6733, 38.1, 37.15, 37.70, 37.40, 509, otc]
[6735, 114.0, 104.0, 108.50, 104.50, 1906, otc]
[6741, 94.6, 91.3, 94.30, 93.00, 1090, otc]
[6742, 88.5, 76.8, 78.40, 86.10, 6603, tse]
[6743, 59.8, 52.5, 52.50, 56.80, 2486, tse]
[6747, 191.0, 187.5, 188.00, 188.00, 61, otc]
[6751, 75.0, 71.0, 71.00, 71.50, 79, otc]
[6752, 138.0, 133.5, 135.00, 134.00, 271, otc]
[6753, 132.5, 119.0, 121.00, 132.50, 6653, tse]
[6754, 60.1, 58.5, 59.80, 58.60, 254, tse]
[6756, 221.5, 213.5, 215.00, 220.00, 690, tse]
[6757, 33.85, 32.6, 33.50, 32.90, 1015, tse]
[6761, 92.0, 81.7, 82.20, 89.00, 1376, otc]
[6762, 255.0, 250.0, 255.00, 255.00, 29, otc]
[6763, 414.0, 405.0, 406.00, 405.50, 72, otc]
[6767, 39.05, 37.9, 37.95, 38.50, 63, otc]
[6768, 76.1, 74.0, 74.10, 75.80, 9483, tse]
[6770, 26.3, 25.4, 25.95, 25.40, 30115, tse]
[6776, 65.6, 63.9, 65.20, 64.10, 533, tse]
[6781, 700.0, 681.0, 695.00, 685.00, 563, tse]
[6782, 237.5, 223.0, 233.00, 227.00, 3651, tse]
[6785, 356.5, 302.5, 305.00, 353.00, 3663, otc]
[6788, 141.5, 136.5, 136.50, 138.50, 1107, otc]
[6789, 314.0, 303.0, 305.00, 307.50, 6224, tse]
[6790, 49.8, 48.8, 49.05, 49.55, 863, tse]
[6791, 88.0, 85.1, 88.00, 85.30, 50, otc]
[6792, 87.7, 84.5, 84.50, 85.70, 235, tse]
[6796, 87.4, 85.3, 85.50, 86.00, 181, tse]
[6799, 173.0, 166.5, 168.50, 171.50, 1620, tse]
[6803, 310.0, 307.0, 308.50, 310.00, 54, otc]
[6804, 51.3, 50.3, 50.30, 50.50, 109, otc]
[6805, 809.0, 672.0, 789.00, 725.00, 5095, tse]
[6806, 152.0, 145.0, 146.00, 151.00, 14946, tse]
[6807, 42.0, 41.15, 41.55, 41.45, 280, tse]
[6811, 292.5, 280.5, 284.50, 281.50, 741, otc]
[6821, 43.75, 43.0, 43.30, 43.75, 87, otc]
[6823, 79.1, 77.0, 79.10, 77.70, 77, otc]
[6829, 124.0, 118.0, 118.50, 120.50, 1735, otc]
[6830, 153.5, 143.0, 143.00, 148.50, 1468, tse]
[6834, 24.55, 24.15, 24.50, 24.20, 91, tse]
[6835, 58.0, 50.2, 50.60, 55.50, 5784, tse]
[6840, 73.5, 70.8, 73.50, 71.00, 34, otc]
[6841, 89.5, 86.1, 88.50, 87.50, 997, otc]
[6843, 58.9, 56.8, 58.90, 57.00, 33, otc]
[6844, 181.5, 178.5, 178.50, 179.50, 132, otc]
[6846, 80.3, 79.4, 80.00, 80.00, 36, otc]
[6854, 83.3, 78.6, 79.10, 78.60, 217, tse]
[6855, 131.0, 125.5, 127.50, 130.50, 77, otc]
[6856, 68.0, 67.6, 67.80, 68.00, 49, otc]
[6859, 147.0, 135.5, 141.50, 141.50, 304, otc]
[6861, 81.1, 78.8, 79.60, 79.00, 124, tse]
[6863, 149.0, 145.0, 145.00, 145.50, 364, tse]
[6865, 60.8, 60.0, 60.00, 60.00, 36, otc]
[6869, 144.5, 136.5, 136.50, 141.00, 1343, tse]
[6870, 133.5, 122.0, 126.00, 133.50, 110, otc]
[6873, 161.5, 157.0, 158.50, 158.00, 1372, tse]
[6874, 120.5, 117.0, 117.00, 118.50, 76, otc]
[6875, 87.0, 80.5, 80.50, 82.90, 2710, otc]
[6877, 35.1, 34.7, 35.10, 34.70, 142, otc]
[6894, 215.0, 205.0, 210.50, 209.00, 205, otc]
[6895, 104.0, 100.0, 103.00, 102.00, 204, otc]
[6901, 43.2, 41.7, 43.05, 42.50, 2972, tse]
[6902, 151.0, 148.0, 151.00, 148.00, 14, tse]
[6904, 220.5, 203.5, 219.00, 209.50, 81, otc]
[6906, 174.0, 164.5, 168.50, 166.00, 241, tse]
[6916, 27.0, 26.7, 26.85, 26.80, 98, tse]
[6922, 119.5, 114.5, 119.50, 116.00, 102, otc]
[6929, 80.8, 75.0, 79.80, 77.00, 682, otc]
[6933, 378.0, 335.0, 356.00, 368.50, 3147, tse]
[6937, 212.0, 204.0, 207.00, 207.50, 328, tse]
[6949, 86.0, 81.7, 81.80, 83.10, 194, tse]
[7402, 134.0, 116.0, 118.00, 128.50, 30256, otc]
[7556, 147.0, 136.5, 136.50, 143.50, 100, otc]
[8011, 24.25, 23.1, 24.00, 23.30, 8887, tse]
[8016, 298.0, 288.5, 294.50, 295.50, 3495, tse]
[8021, 29.55, 28.6, 28.60, 29.20, 1113, tse]
[8024, 20.9, 20.3, 20.55, 20.30, 156, otc]
[8027, 104.0, 93.0, 93.90, 102.50, 14449, otc]
[8028, 54.2, 51.2, 51.20, 53.10, 10542, tse]
[8032, 29.75, 29.15, 29.15, 29.35, 52, otc]
[8033, 73.4, 67.1, 67.70, 73.00, 34626, tse]
[8034, 27.75, 27.0, 27.25, 27.50, 1839, otc]
[8038, 30.6, 29.45, 30.45, 29.65, 327, otc]
[8039, 46.85, 46.05, 46.20, 46.80, 1311, tse]
[8040, 87.4, 80.3, 82.10, 81.30, 9197, otc]
[8042, 36.65, 35.0, 35.35, 35.70, 80, otc]
[8043, 25.1, 24.35, 24.50, 24.40, 417, otc]
[8044, 33.95, 32.5, 33.30, 32.50, 1904, otc]
[8046, 211.0, 202.5, 203.00, 209.00, 8819, tse]
[8047, 15.4, 14.4, 14.55, 14.70, 525, otc]
[8048, 70.6, 68.7, 69.80, 68.80, 735, otc]
[8049, 42.5, 41.6, 41.95, 41.85, 1243, otc]
[8050, 84.6, 82.9, 84.00, 83.50, 2808, otc]
[8054, 180.0, 147.0, 147.00, 175.00, 94692, otc]
[8059, 34.45, 31.7, 34.10, 31.90, 2474, otc]
[8064, 32.9, 28.45, 28.45, 30.45, 65006, otc]
[8066, 30.15, 29.5, 30.00, 29.90, 132, otc]
[8067, 18.5, 17.25, 18.25, 17.50, 56, otc]
[8068, 38.15, 35.55, 37.90, 35.65, 1466, otc]
[8069, 233.5, 224.0, 228.50, 227.00, 11726, otc]
[8070, 42.45, 39.95, 40.10, 42.20, 10704, tse]
[8071, 14.45, 14.1, 14.20, 14.25, 192, otc]
[8072, 27.45, 26.8, 27.25, 26.95, 221, tse]
[8074, 23.9, 22.5, 22.50, 23.55, 2043, otc]
[8076, 28.9, 28.15, 28.70, 28.25, 1097, otc]
[8077, 49.95, 48.5, 49.95, 49.00, 32, otc]
[8080, 17.15, 16.45, 17.15, 16.85, 79, otc]
[8081, 273.5, 265.0, 266.50, 273.50, 1214, tse]
[8083, 168.5, 167.0, 168.00, 168.00, 174, otc]
[8084, 90.5, 82.0, 88.50, 82.40, 1337, otc]
[8085, 79.6, 73.9, 74.50, 77.50, 18980, otc]
[8086, 155.0, 144.5, 145.00, 153.00, 19176, otc]
[8087, 62.3, 60.2, 61.00, 61.70, 304, otc]
[8088, 47.1, 43.95, 44.05, 46.25, 11333, otc]
[8089, 71.8, 67.2, 67.30, 71.50, 2020, otc]
[8091, 132.0, 122.5, 123.00, 125.00, 2469, otc]
[8092, 34.6, 28.95, 29.60, 32.50, 11340, otc]
[8093, 16.0, 15.2, 15.90, 15.30, 220, otc]
[8096, 27.9, 25.55, 26.20, 27.25, 54974, otc]
[8097, 66.9, 65.5, 66.20, 66.60, 692, otc]
[8099, 79.3, 74.1, 78.90, 75.50, 848, otc]
[8101, 3.92, 3.88, 3.90, 3.88, 157, tse]
[8103, 49.9, 45.7, 49.00, 46.65, 4234, tse]
[8104, 33.5, 32.7, 33.40, 33.00, 380, tse]
[8105, 14.15, 13.7, 14.00, 13.75, 3157, tse]
[8107, 15.95, 15.7, 15.85, 15.85, 192, otc]
[8109, 100.5, 97.6, 98.30, 97.60, 469, otc]
[8110, 18.0, 17.0, 17.90, 17.25, 13020, tse]
[8111, 26.0, 23.2, 23.25, 25.65, 9356, otc]
[8112, 75.2, 72.2, 72.90, 74.80, 18069, tse]
[8114, 119.0, 116.5, 118.00, 118.50, 620, tse]
[8121, 28.55, 27.1, 27.50, 27.25, 2674, otc]
[8131, 36.8, 36.3, 36.80, 36.55, 459, tse]
[8147, 140.5, 127.5, 133.00, 133.00, 8523, otc]
[8150, 50.4, 48.6, 50.10, 49.25, 10117, tse]
[8155, 143.5, 138.0, 141.00, 141.50, 1233, otc]
[8162, 41.95, 41.0, 41.05, 41.60, 97, tse]
[8163, 64.3, 62.3, 62.70, 63.60, 4627, tse]
[8171, 41.4, 39.75, 41.25, 40.60, 766, otc]
[8176, 13.95, 13.5, 13.85, 13.75, 289, otc]
[8182, 37.8, 35.65, 36.35, 35.85, 923, otc]
[8183, 50.1, 48.65, 49.05, 48.70, 934, otc]
[8201, 20.7, 19.3, 20.00, 19.40, 1332, tse]
[8210, 271.5, 245.5, 256.50, 268.50, 8637, tse]
[8213, 44.6, 43.8, 43.80, 44.05, 2718, tse]
[8215, 35.05, 34.0, 34.40, 34.45, 4767, tse]
[8222, 49.8, 47.2, 47.25, 47.60, 8513, tse]
[8227, 287.5, 270.0, 278.00, 281.50, 3709, otc]
[8234, 50.6, 48.9, 49.45, 49.20, 1485, otc]
[8240, 38.2, 34.9, 35.00, 37.80, 2020, otc]
[8249, 29.45, 29.1, 29.20, 29.15, 148, tse]
[8255, 186.5, 180.0, 186.00, 184.00, 4385, otc]
[8261, 90.6, 86.6, 88.00, 87.90, 3452, tse]
[8271, 73.2, 70.1, 70.80, 71.00, 3843, tse]
[8277, 12.35, 12.05, 12.30, 12.20, 714, otc]
[8279, 158.0, 155.0, 156.00, 158.00, 15, otc]
[8284, 63.4, 62.3, 62.70, 63.20, 157, otc]
[8289, 34.7, 33.5, 33.60, 33.55, 490, otc]
[8291, 7.1, 6.46, 6.46, 6.62, 19, otc]
[8299, 723.0, 691.0, 705.00, 713.00, 5755, otc]
[8341, 99.0, 97.5, 98.00, 97.60, 302, tse]
[8342, 77.9, 75.0, 76.00, 75.40, 77, otc]
[8349, 68.5, 66.7, 66.70, 67.20, 1356, otc]
[8354, 14.8, 14.5, 14.70, 14.65, 214, otc]
[8358, 65.6, 59.7, 59.80, 64.20, 52564, otc]
[8367, 45.5, 43.85, 43.90, 45.20, 329, tse]
[8374, 31.3, 29.8, 30.55, 30.45, 405, tse]
[8383, 41.2, 40.4, 40.90, 40.60, 809, otc]
[8390, 58.2, 55.8, 58.20, 56.50, 4266, otc]
[8401, 25.35, 24.5, 24.90, 25.10, 1729, otc]
[8403, 31.7, 31.2, 31.50, 31.40, 381, otc]
[8404, 18.6, 18.3, 18.40, 18.30, 608, tse]
[8409, 22.85, 22.55, 22.80, 22.70, 118, otc]
[8410, 68.8, 66.7, 67.50, 66.90, 326, otc]
[8411, 13.7, 13.3, 13.70, 13.45, 314, tse]
[8415, 34.5, 33.75, 33.80, 34.20, 750, otc]
[8416, 148.5, 145.5, 146.00, 148.50, 39, otc]
[8420, 60.2, 57.4, 57.40, 58.80, 116, otc]
[8421, 13.7, 13.15, 13.15, 13.60, 151, otc]
[8422, 180.5, 177.5, 178.00, 178.50, 509, tse]
[8423, 24.0, 22.25, 23.30, 22.35, 670, otc]
[8424, 73.9, 70.5, 70.50, 72.00, 139, otc]
[8426, 61.8, 60.2, 61.00, 60.20, 534, otc]
[8429, 9.7, 9.6, 9.69, 9.63, 510, tse]
[8431, 59.0, 55.0, 57.90, 57.30, 768, otc]
[8432, 62.4, 57.4, 57.40, 60.10, 689, otc]
[8433, 108.5, 102.5, 107.00, 102.50, 760, otc]
[8435, 79.5, 73.5, 77.20, 74.50, 505, otc]
[8436, 157.5, 153.0, 155.00, 156.50, 689, otc]
[8437, 35.55, 29.85, 29.85, 31.75, 1077, otc]
[8438, 28.2, 27.4, 27.90, 27.45, 109, tse]
[8440, 39.6, 38.35, 39.00, 38.40, 322, otc]
[8442, 135.0, 122.5, 123.00, 128.00, 1592, tse]
[8443, 12.35, 12.05, 12.05, 12.25, 310, tse]
[8444, 37.95, 36.05, 37.75, 36.70, 46, otc]
[8446, 108.5, 107.0, 107.50, 107.50, 386, otc]
[8450, 24.05, 22.9, 23.35, 24.05, 214, otc]
[8454, 399.5, 382.0, 390.00, 386.00, 1777, tse]
[8455, 20.95, 20.95, 20.95, 20.95, 10, otc]
[8462, 112.5, 110.0, 112.50, 111.00, 185, tse]
[8463, 26.5, 25.1, 26.40, 26.00, 836, tse]
[8464, 354.5, 347.0, 352.00, 348.00, 2563, tse]
[8466, 47.4, 44.9, 45.75, 47.35, 373, tse]
[8467, 203.0, 188.0, 198.00, 196.50, 1777, tse]
[8472, 28.5, 26.0, 28.45, 26.80, 132, otc]
[8473, 43.15, 41.0, 43.15, 41.45, 3465, tse]
[8476, 64.8, 62.9, 64.20, 63.30, 281, tse]
[8477, 18.6, 18.05, 18.40, 18.05, 164, otc]
[8478, 432.5, 385.0, 385.00, 420.00, 3982, tse]
[8481, 51.2, 50.5, 50.70, 51.00, 69, tse]
[8482, 63.2, 61.5, 62.00, 62.40, 11, tse]
[8487, 92.0, 80.7, 87.10, 82.50, 361, tse]
[8488, 17.05, 16.3, 16.30, 16.80, 215, tse]
[8489, 29.8, 27.5, 29.60, 27.50, 368, otc]
[8499, 116.0, 114.5, 116.00, 114.50, 54, tse]
[8905, 32.0, 31.15, 31.15, 31.80, 344, otc]
[8906, 18.9, 17.6, 17.60, 18.30, 599, otc]
[8908, 57.9, 56.8, 57.50, 57.70, 133, otc]
[8916, 62.9, 61.4, 61.60, 62.00, 1171, otc]
[8917, 59.6, 58.2, 58.40, 58.20, 91, otc]
[8921, 15.4, 14.95, 15.05, 15.35, 72, otc]
[8923, 20.75, 20.05, 20.50, 20.25, 60, otc]
[8924, 91.4, 90.1, 90.20, 90.60, 317, otc]
[8926, 48.7, 47.15, 47.15, 47.30, 14419, tse]
[8927, 57.5, 55.1, 55.40, 57.30, 1465, otc]
[8928, 28.8, 28.3, 28.30, 28.75, 113, otc]
[8929, 20.15, 19.9, 20.00, 20.00, 26, otc]
[8930, 41.6, 38.6, 38.70, 41.55, 4388, otc]
[8931, 56.5, 54.0, 56.10, 54.30, 344, otc]
[8932, 120.0, 116.0, 117.50, 116.00, 893, otc]
[8933, 10.85, 10.4, 10.80, 10.40, 1632, otc]
[8935, 12.6, 12.2, 12.25, 12.50, 479, otc]
[8936, 82.1, 79.2, 79.20, 79.50, 35068, otc]
[8937, 21.0, 20.5, 21.00, 20.75, 91, otc]
[8938, 71.6, 69.8, 69.80, 71.00, 745, otc]
[8940, 26.3, 25.4, 25.60, 25.75, 318, tse]
[8941, 80.4, 78.3, 79.60, 79.20, 104, otc]
[8942, 74.0, 72.6, 73.60, 72.80, 1226, otc]
[8996, 375.0, 355.5, 368.00, 364.00, 20866, tse]
[9103, 6.97, 6.82, 6.97, 6.91, 990, tse]
[9105, 3.79, 3.69, 3.79, 3.70, 31231, tse]
[9110, 7.89, 7.64, 7.88, 7.79, 214, tse]
[9136, 6.55, 6.16, 6.17, 6.45, 1193, tse]
[9802, 124.5, 122.5, 124.00, 122.50, 782, tse]
[9902, 15.45, 14.85, 15.40, 14.90, 2013, tse]
[9904, 36.35, 34.8, 36.00, 35.05, 36431, tse]
[9905, 24.1, 23.9, 23.95, 23.90, 569, tse]
[9906, 76.3, 73.4, 74.30, 74.30, 738, tse]
[9907, 14.55, 14.3, 14.30, 14.35, 4176, tse]
[9908, 32.6, 32.3, 32.35, 32.35, 487, tse]
[9910, 162.5, 158.0, 160.50, 160.00, 2090, tse]
[9911, 86.5, 83.8, 83.80, 86.20, 1135, tse]
[9912, 11.8, 11.5, 11.65, 11.70, 177, tse]
[9914, 211.0, 203.0, 209.00, 206.00, 2260, tse]
[9917, 125.0, 121.5, 123.50, 122.50, 941, tse]
[9918, 40.95, 40.7, 40.70, 40.95, 17, tse]
[9919, 22.65, 22.15, 22.30, 22.35, 2395, tse]
[9921, 219.0, 204.0, 218.00, 204.50, 7614, tse]
[9924, 55.4, 53.8, 53.90, 54.60, 1025, tse]
[9925, 41.15, 41.0, 41.05, 41.10, 397, tse]
[9926, 56.0, 54.9, 55.30, 54.90, 63, tse]
[9927, 75.3, 73.8, 74.30, 75.00, 1408, tse]
[9928, 17.5, 17.15, 17.25, 17.20, 111, tse]
[9929, 16.2, 15.0, 15.00, 16.10, 176, tse]
[9930, 60.9, 60.0, 60.90, 60.10, 408, tse]
[9931, 38.25, 37.45, 37.65, 37.70, 47, tse]
[9933, 47.95, 46.2, 47.90, 47.70, 9418, tse]
[9934, 17.7, 16.7, 17.65, 16.95, 5419, tse]
[9935, 21.65, 20.5, 21.65, 20.70, 801, tse]
[9937, 67.2, 66.0, 66.50, 67.20, 18, tse]
[9938, 57.8, 56.2, 57.50, 56.40, 879, tse]
[9939, 148.5, 143.5, 144.50, 146.50, 1731, tse]
[9940, 31.0, 30.55, 30.60, 30.65, 1166, tse]
[9941, 149.0, 146.0, 146.50, 146.50, 2365, tse]
[9942, 136.5, 135.0, 135.50, 135.00, 432, tse]
[9943, 88.3, 87.5, 88.00, 87.80, 372, tse]
[9944, 20.5, 20.2, 20.30, 20.45, 1003, tse]
[9945, 35.5, 34.65, 35.15, 34.65, 13376, tse]
[9946, 27.1, 25.45, 25.50, 26.40, 2650, tse]
[9949, 18.95, 18.6, 18.60, 18.95, 40, otc]
[9950, 17.7, 16.7, 17.00, 16.80, 1234, otc]
[9951, 73.2, 72.4, 72.40, 72.50, 208, otc]
[9955, 26.35, 24.7, 25.15, 24.90, 4155, tse]
[9958, 226.0, 210.0, 220.00, 216.00, 12374, tse]
[9960, 27.2, 26.8, 27.10, 26.90, 129, otc]
[9962, 18.9, 18.05, 18.10, 18.15, 1511, otc]
