[1101, 33.3, 31.85, 32.35, 32.00, 138131, tse]
[1102, 42.25, 41.15, 41.80, 42.00, 28633, tse]
[1103, 17.9, 17.2, 17.70, 17.55, 2063, tse]
[1104, 33.8, 32.05, 32.60, 33.10, 11149, tse]
[1108, 17.55, 16.0, 16.40, 16.70, 18163, tse]
[1109, 19.5, 18.95, 19.35, 19.15, 2738, tse]
[1110, 18.9, 18.15, 18.20, 18.60, 1495, tse]
[1201, 18.8, 18.25, 18.80, 18.40, 2483, tse]
[1203, 48.6, 45.8, 48.15, 47.00, 147, tse]
[1210, 56.9, 54.7, 56.90, 55.50, 17604, tse]
[1213, 7.35, 7.07, 7.19, 7.12, 302, tse]
[1215, 106.5, 102.0, 106.00, 103.50, 2494, tse]
[1216, 77.2, 74.5, 76.20, 76.00, 48513, tse]
[1217, 12.15, 11.6, 11.90, 11.75, 8694, tse]
[1218, 21.5, 20.3, 21.30, 20.55, 4535, tse]
[1219, 18.95, 18.45, 18.65, 18.70, 2132, tse]
[1220, 15.2, 14.6, 15.05, 15.00, 1745, tse]
[1225, 57.6, 55.8, 57.30, 57.50, 142, tse]
[1227, 38.25, 37.1, 38.25, 37.30, 3201, tse]
[1229, 68.2, 64.3, 67.50, 65.30, 8364, tse]
[1231, 98.0, 94.7, 96.70, 95.80, 1384, tse]
[1232, 145.5, 143.0, 145.50, 143.50, 414, tse]
[1233, 33.7, 33.0, 33.50, 33.30, 74, tse]
[1234, 41.95, 41.0, 41.65, 41.15, 1346, tse]
[1235, 82.5, 81.2, 81.90, 81.60, 91, tse]
[1236, 23.5, 23.1, 23.45, 23.20, 80, tse]
[1240, 52.7, 50.5, 52.60, 50.80, 148, otc]
[1256, 232.0, 210.0, 232.00, 211.00, 205, tse]
[1259, 74.9, 73.2, 74.40, 74.00, 86, otc]
[1264, 314.5, 299.5, 314.50, 300.50, 74, otc]
[1268, 152.0, 147.0, 152.00, 148.50, 451, otc]
[1301, 70.4, 66.8, 69.70, 67.10, 47646, tse]
[1303, 57.3, 54.5, 57.10, 55.00, 41316, tse]
[1304, 17.1, 15.95, 16.05, 16.00, 17575, tse]
[1305, 19.2, 17.85, 18.65, 17.95, 8679, tse]
[1307, 29.75, 27.8, 29.35, 28.60, 3353, tse]
[1308, 19.8, 18.5, 19.35, 18.60, 6043, tse]
[1309, 16.0, 14.85, 15.65, 15.10, 3389, tse]
[1310, 13.2, 12.7, 13.10, 12.85, 4844, tse]
[1312, 13.6, 12.8, 13.30, 12.90, 13360, tse]
[1313, 13.8, 13.05, 13.45, 13.30, 6535, tse]
[1314, 10.0, 9.37, 9.75, 9.81, 146444, tse]
[1315, 71.9, 70.3, 71.60, 70.50, 158, tse]
[1316, 19.2, 17.0, 19.00, 17.45, 37261, tse]
[1319, 133.0, 118.0, 132.00, 123.50, 28312, tse]
[1321, 37.6, 35.4, 36.20, 36.70, 2447, tse]
[1323, 31.2, 30.95, 31.00, 31.10, 140, tse]
[1324, 15.75, 14.5, 14.65, 15.15, 1652, tse]
[1325, 30.25, 27.0, 28.60, 27.65, 2999, tse]
[1326, 55.7, 52.3, 55.30, 52.40, 35218, tse]
[1336, 19.6, 18.9, 19.55, 19.30, 532, otc]
[1337, 7.3, 7.08, 7.30, 7.12, 2555, tse]
[1338, 35.0, 32.9, 34.80, 33.35, 894, tse]
[1339, 74.5, 67.5, 70.30, 68.80, 2576, tse]
[1340, 10.05, 9.92, 10.00, 9.93, 407, tse]
[1341, 63.8, 62.4, 63.80, 62.90, 211, tse]
[1342, 133.0, 120.5, 131.50, 123.00, 2790, tse]
[1402, 32.85, 31.15, 32.40, 31.15, 32600, tse]
[1409, 16.55, 15.8, 16.20, 16.20, 19194, tse]
[1410, 35.5, 34.6, 35.10, 34.85, 145, tse]
[1413, 9.27, 8.96, 9.10, 9.00, 590, tse]
[1414, 18.75, 18.0, 18.65, 18.55, 1898, tse]
[1416, 12.8, 12.05, 12.45, 12.75, 5008, tse]
[1417, 11.35, 10.95, 11.30, 10.95, 1454, tse]
[1418, 33.65, 30.05, 33.60, 31.55, 366, tse]
[1419, 47.85, 45.8, 47.20, 47.20, 401, tse]
[1423, 31.15, 30.9, 31.10, 30.95, 424, tse]
[1432, 18.2, 17.1, 18.15, 17.35, 1626, tse]
[1434, 22.6, 22.0, 22.50, 22.05, 7226, tse]
[1435, 52.7, 43.2, 52.70, 47.80, 44, tse]
[1436, 121.0, 108.5, 111.00, 117.00, 2401, tse]
[1437, 32.8, 31.5, 32.60, 31.95, 1071, tse]
[1438, 57.4, 50.2, 51.70, 55.30, 3241, tse]
[1439, 27.55, 25.8, 26.45, 26.40, 265, tse]
[1440, 16.05, 15.4, 15.75, 15.55, 6402, tse]
[1441, 13.5, 12.95, 13.40, 13.10, 310, tse]
[1442, 50.9, 47.4, 48.50, 50.40, 14613, tse]
[1443, 34.75, 28.45, 28.55, 33.30, 1635, tse]
[1444, 9.41, 8.96, 9.12, 9.15, 8651, tse]
[1445, 22.6, 21.7, 22.60, 21.95, 3504, tse]
[1446, 36.25, 33.6, 36.20, 33.90, 879, tse]
[1447, 7.98, 7.67, 7.94, 7.80, 6223, tse]
[1449, 18.9, 17.65, 18.60, 18.10, 2110, tse]
[1451, 20.45, 19.8, 20.25, 20.10, 1130, tse]
[1452, 17.0, 16.5, 16.95, 16.75, 823, tse]
[1453, 25.55, 20.6, 23.90, 22.30, 16114, tse]
[1454, 16.0, 15.1, 15.90, 15.25, 307, tse]
[1455, 13.2, 12.35, 13.20, 12.90, 15805, tse]
[1456, 21.2, 19.2, 20.15, 20.50, 1381, tse]
[1457, 20.7, 19.8, 20.20, 20.00, 2609, tse]
[1459, 9.98, 9.52, 9.84, 9.57, 363, tse]
[1460, 8.12, 7.5, 7.99, 7.60, 3043, tse]
[1463, 18.35, 17.85, 18.35, 17.90, 539, tse]
[1464, 13.15, 12.9, 13.00, 12.95, 1973, tse]
[1465, 15.15, 14.65, 14.90, 14.90, 456, tse]
[1466, 13.0, 12.1, 13.00, 12.10, 671, tse]
[1467, 11.9, 11.1, 11.60, 11.55, 24424, tse]
[1468, 13.55, 11.6, 13.55, 11.85, 357, tse]
[1470, 20.2, 19.0, 20.20, 19.35, 59, tse]
[1471, 15.95, 14.6, 15.95, 14.70, 4030, tse]
[1472, 84.1, 71.5, 73.10, 79.00, 943, tse]
[1473, 30.9, 29.6, 30.55, 29.95, 1491, tse]
[1474, 13.25, 12.4, 12.80, 12.95, 2261, tse]
[1475, 55.5, 52.5, 54.00, 54.10, 1092, tse]
[1476, 527.0, 485.0, 526.00, 487.00, 5210, tse]
[1477, 383.0, 366.5, 380.00, 380.50, 6551, tse]
[1503, 354.0, 297.0, 337.00, 327.50, 119925, tse]
[1504, 63.3, 56.3, 60.80, 59.90, 295692, tse]
[1506, 17.05, 16.05, 16.90, 16.15, 2235, tse]
[1512, 10.4, 10.0, 10.25, 10.15, 155, tse]
[1513, 221.0, 188.5, 213.50, 197.50, 456068, tse]
[1514, 184.0, 158.0, 179.50, 165.00, 139181, tse]
[1515, 51.1, 47.2, 49.90, 48.40, 7460, tse]
[1516, 18.45, 16.65, 17.70, 17.30, 437, tse]
[1517, 16.7, 15.5, 16.70, 15.80, 2835, tse]
[1519, 988.0, 828.0, 954.00, 915.00, 63807, tse]
[1521, 39.35, 36.65, 39.35, 37.20, 456, tse]
[1522, 56.1, 48.25, 53.90, 49.80, 16146, tse]
[1524, 37.2, 32.85, 36.75, 34.35, 27782, tse]
[1525, 73.0, 67.8, 72.80, 68.10, 413, tse]
[1526, 34.95, 33.7, 34.65, 33.95, 668, tse]
[1527, 42.15, 40.65, 42.10, 41.00, 1524, tse]
[1528, 13.2, 11.8, 12.95, 12.00, 5650, tse]
[1529, 40.0, 33.1, 36.65, 36.50, 50464, tse]
[1530, 33.0, 31.75, 32.85, 32.20, 615, tse]
[1531, 13.65, 13.1, 13.55, 13.30, 558, tse]
[1532, 43.3, 39.8, 41.15, 42.15, 38608, tse]
[1533, 47.1, 43.6, 47.10, 44.05, 963, tse]
[1535, 97.5, 74.9, 76.90, 89.50, 18744, tse]
[1536, 54.8, 50.7, 53.80, 52.60, 9814, tse]
[1537, 139.5, 135.5, 138.50, 137.50, 754, tse]
[1538, 17.5, 17.0, 17.35, 17.00, 151, tse]
[1539, 24.75, 23.35, 24.75, 23.60, 1103, tse]
[1540, 20.8, 19.2, 19.70, 20.15, 6373, tse]
[1541, 32.8, 31.5, 32.70, 31.95, 162, tse]
[1558, 98.6, 96.9, 98.00, 97.20, 391, tse]
[1560, 263.0, 232.5, 252.00, 233.00, 16909, tse]
[1565, 190.5, 179.5, 189.50, 181.00, 751, otc]
[1568, 29.95, 27.65, 29.95, 28.35, 2985, tse]
[1569, 25.0, 23.15, 24.85, 23.45, 2202, otc]
[1570, 30.8, 25.25, 30.20, 25.25, 10971, otc]
[1580, 152.5, 149.0, 152.50, 151.50, 750, otc]
[1582, 91.5, 85.6, 90.70, 88.40, 14001, tse]
[1583, 75.9, 70.0, 75.80, 72.10, 231, tse]
[1584, 36.8, 34.5, 34.70, 35.35, 43926, otc]
[1586, 32.9, 31.5, 31.85, 31.85, 1062, otc]
[1587, 52.2, 44.5, 46.30, 47.40, 19913, tse]
[1589, 51.1, 47.4, 49.70, 49.40, 5442, tse]
[1590, 1155.0, 1030.0, 1,140.00, 1,055.00, 3242, tse]
[1591, 64.3, 59.7, 62.00, 63.00, 2330, otc]
[1593, 47.05, 43.5, 47.05, 43.90, 131, otc]
[1595, 35.75, 34.6, 35.75, 34.60, 110, otc]
[1597, 72.5, 64.4, 72.30, 64.60, 2810, tse]
[1598, 31.1, 29.8, 30.70, 30.10, 1024, tse]
[1599, 32.45, 31.35, 32.20, 31.40, 204, otc]
[1603, 56.3, 42.2, 46.95, 53.10, 98904, tse]
[1604, 29.6, 28.15, 28.75, 28.70, 5013, tse]
[1605, 42.0, 37.6, 40.50, 38.85, 487207, tse]
[1608, 47.45, 36.8, 40.75, 42.45, 443080, tse]
[1609, 68.0, 53.6, 55.60, 64.20, 1077873, tse]
[1611, 19.4, 16.85, 17.65, 18.05, 39595, tse]
[1612, 45.4, 36.6, 38.40, 41.10, 240623, tse]
[1614, 40.3, 38.9, 39.10, 40.00, 1574, tse]
[1615, 69.1, 58.2, 60.60, 64.00, 27579, tse]
[1616, 28.25, 21.15, 22.90, 28.25, 54248, tse]
[1617, 29.95, 19.4, 19.40, 29.95, 53982, tse]
[1618, 64.2, 43.3, 45.20, 64.20, 200676, tse]
[1626, 16.1, 15.8, 16.00, 15.85, 1077, tse]
[1701, 22.55, 21.2, 22.50, 21.30, 6389, tse]
[1702, 56.7, 55.0, 56.10, 55.80, 3422, tse]
[1707, 159.5, 153.0, 159.00, 155.00, 1717, tse]
[1708, 31.25, 30.05, 30.80, 30.45, 3496, tse]
[1709, 19.75, 19.05, 19.55, 19.10, 2490, tse]
[1710, 18.0, 16.8, 17.85, 17.00, 8211, tse]
[1711, 20.75, 19.2, 20.15, 19.50, 6281, tse]
[1712, 40.0, 38.6, 39.00, 39.05, 5958, tse]
[1713, 45.05, 42.65, 45.05, 43.50, 926, tse]
[1714, 8.88, 8.6, 8.77, 8.76, 6198, tse]
[1717, 32.55, 30.3, 32.00, 30.50, 11833, tse]
[1718, 7.48, 7.15, 7.35, 7.23, 11619, tse]
[1720, 64.2, 60.5, 64.00, 60.90, 3837, tse]
[1721, 14.65, 13.7, 14.60, 14.05, 4188, tse]
[1722, 63.9, 61.6, 63.00, 62.40, 19194, tse]
[1723, 115.5, 110.5, 115.00, 112.00, 3001, tse]
[1725, 36.1, 30.25, 33.45, 34.60, 3866, tse]
[1726, 80.4, 77.6, 80.40, 78.30, 72, tse]
[1727, 30.55, 28.4, 29.85, 28.80, 4631, tse]
[1730, 56.5, 56.0, 56.40, 56.10, 207, tse]
[1731, 25.6, 23.6, 25.00, 23.70, 3222, tse]
[1732, 28.25, 26.15, 27.70, 26.70, 1105, tse]
[1733, 35.0, 33.0, 35.00, 33.50, 3739, tse]
[1734, 36.9, 35.3, 36.55, 35.70, 4086, tse]
[1735, 16.85, 16.7, 16.85, 16.75, 155, tse]
[1736, 80.7, 73.4, 80.20, 74.50, 8566, tse]
[1737, 35.75, 33.55, 33.70, 34.20, 10327, tse]
[1742, 17.45, 16.75, 16.90, 17.35, 826, otc]
[1752, 46.2, 43.85, 46.15, 44.10, 1095, tse]
[1760, 105.0, 94.8, 104.00, 96.30, 3329, tse]
[1762, 47.05, 43.6, 47.05, 43.80, 2073, tse]
[1773, 194.0, 173.5, 188.00, 177.00, 5522, tse]
[1776, 17.9, 16.6, 17.50, 16.85, 296, tse]
[1777, 82.9, 81.7, 82.70, 81.70, 98, otc]
[1781, 16.25, 15.65, 15.95, 15.95, 589, otc]
[1783, 45.6, 41.8, 45.60, 42.05, 1017, tse]
[1784, 63.9, 58.0, 63.50, 58.80, 1315, otc]
[1785, 52.0, 45.1, 49.60, 46.25, 73106, otc]
[1786, 114.0, 99.2, 109.00, 104.00, 6224, tse]
[1788, 140.0, 139.0, 139.50, 139.00, 133, otc]
[1789, 27.9, 26.45, 27.40, 26.75, 6025, tse]
[1795, 344.0, 303.0, 340.50, 311.50, 48348, tse]
[1796, 61.0, 54.0, 60.60, 54.80, 318, otc]
[1799, 67.5, 62.5, 67.00, 63.60, 391, otc]
[1802, 17.45, 16.4, 17.20, 16.60, 21536, tse]
[1805, 21.6, 18.8, 18.90, 20.10, 7448, tse]
[1806, 10.05, 9.32, 9.93, 9.99, 1770, tse]
[1808, 112.5, 101.0, 112.50, 103.50, 25882, tse]
[1809, 25.05, 21.9, 25.00, 22.85, 12698, tse]
[1810, 22.95, 17.55, 17.55, 19.95, 105304, tse]
[1813, 20.9, 19.95, 20.50, 20.10, 321, otc]
[1815, 19.2, 17.2, 19.00, 17.70, 48568, otc]
[1817, 37.65, 36.45, 37.25, 36.80, 1865, tse]
[1903, 62.6, 55.4, 58.60, 57.70, 4384, tse]
[1904, 29.25, 28.1, 28.95, 28.20, 5720, tse]
[1905, 24.25, 21.85, 22.95, 22.25, 21276, tse]
[1906, 15.6, 15.2, 15.45, 15.35, 320, tse]
[1907, 30.6, 29.15, 30.00, 29.40, 9943, tse]
[1909, 15.1, 14.4, 14.90, 14.55, 11548, tse]
[2002, 25.15, 24.2, 24.80, 24.45, 153655, tse]
[2006, 73.4, 69.4, 71.30, 73.40, 16640, tse]
[2007, 12.5, 11.05, 11.50, 11.90, 12882, tse]
[2008, 22.95, 22.4, 22.75, 22.55, 261, tse]
[2009, 56.3, 49.0, 53.90, 51.70, 146159, tse]
[2010, 22.0, 20.45, 21.15, 21.05, 11991, tse]
[2012, 24.05, 23.05, 23.80, 23.40, 281, tse]
[2013, 66.9, 59.5, 61.00, 63.10, 4319, tse]
[2014, 24.45, 22.05, 22.95, 23.20, 77205, tse]
[2015, 69.8, 67.2, 68.60, 67.90, 2282, tse]
[2017, 15.45, 14.0, 14.45, 15.20, 8575, tse]
[2020, 39.5, 37.25, 38.45, 39.00, 9851, tse]
[2022, 12.6, 11.8, 12.20, 12.15, 11472, tse]
[2023, 15.9, 15.0, 15.35, 15.25, 13630, tse]
[2024, 22.8, 20.9, 21.40, 21.50, 98, tse]
[2025, 12.8, 11.0, 12.25, 11.70, 21627, tse]
[2027, 38.95, 36.35, 36.90, 37.70, 73377, tse]
[2028, 29.4, 26.0, 27.75, 28.05, 7152, tse]
[2029, 29.35, 27.55, 28.90, 28.10, 3370, tse]
[2030, 19.3, 18.2, 18.70, 18.80, 4429, tse]
[2031, 61.5, 58.1, 60.00, 59.50, 9223, tse]
[2032, 18.65, 17.1, 17.70, 17.85, 3788, tse]
[2033, 19.05, 17.0, 18.30, 17.50, 3242, tse]
[2034, 26.0, 24.85, 25.60, 25.20, 2771, tse]
[2035, 33.1, 32.25, 32.25, 33.00, 160, otc]
[2038, 23.3, 19.55, 20.05, 21.95, 18933, tse]
[2049, 254.0, 221.5, 253.00, 228.50, 16431, tse]
[2059, 1335.0, 1140.0, 1,325.00, 1,230.00, 7674, tse]
[2061, 25.65, 17.05, 17.10, 22.05, 14605, otc]
[2062, 31.45, 27.2, 28.35, 29.65, 8886, tse]
[2063, 56.6, 54.6, 55.00, 56.10, 604, otc]
[2064, 15.4, 15.0, 15.30, 15.05, 113, otc]
[2065, 63.2, 61.3, 63.20, 62.10, 574, otc]
[2066, 133.0, 115.0, 127.00, 123.50, 5413, otc]
[2067, 12.65, 11.8, 12.05, 12.40, 214, otc]
[2069, 16.8, 16.0, 16.40, 16.25, 1049, tse]
[2070, 35.6, 31.35, 35.60, 32.25, 389, otc]
[2073, 31.45, 29.55, 29.95, 29.95, 177, otc]
[2101, 50.9, 45.2, 47.00, 50.00, 132102, tse]
[2102, 18.55, 17.25, 18.10, 18.20, 2567, tse]
[2103, 24.85, 23.5, 24.10, 24.40, 14212, tse]
[2104, 17.65, 17.0, 17.55, 17.15, 7508, tse]
[2105, 49.95, 46.6, 48.70, 46.90, 28491, tse]
[2106, 34.35, 32.5, 33.50, 33.70, 8960, tse]
[2107, 25.9, 24.7, 25.45, 25.55, 3872, tse]
[2108, 33.8, 32.2, 33.75, 32.50, 1918, tse]
[2109, 17.85, 16.3, 17.75, 16.55, 10537, tse]
[2114, 109.5, 105.5, 108.50, 106.50, 370, tse]
[2115, 31.15, 29.55, 30.60, 29.85, 934, tse]
[2201, 70.5, 66.6, 69.00, 66.90, 32084, tse]
[2204, 150.0, 128.0, 148.00, 130.00, 27082, tse]
[2206, 77.5, 72.6, 75.20, 74.10, 30940, tse]
[2207, 641.0, 585.0, 640.00, 601.00, 2677, tse]
[2208, 19.95, 18.35, 19.05, 18.70, 31286, tse]
[2211, 152.0, 133.5, 135.50, 140.00, 15213, tse]
[2221, 34.05, 32.9, 34.00, 32.90, 174, otc]
[2227, 133.5, 121.5, 133.50, 122.00, 472, tse]
[2228, 99.9, 92.9, 98.60, 93.80, 1501, tse]
[2230, 168.5, 151.0, 168.50, 159.00, 3816, otc]
[2231, 115.0, 108.0, 112.50, 111.00, 2803, tse]
[2233, 133.5, 124.0, 132.50, 125.50, 1071, tse]
[2235, 49.45, 46.6, 47.95, 46.90, 68, otc]
[2236, 79.4, 68.7, 78.00, 70.40, 5473, tse]
[2239, 59.9, 55.9, 57.00, 58.40, 466, tse]
[2241, 43.95, 37.0, 37.00, 41.00, 19823, tse]
[2243, 14.15, 13.5, 14.10, 13.65, 620, tse]
[2247, 318.0, 306.0, 318.00, 310.50, 376, tse]
[2250, 107.5, 97.7, 101.00, 99.00, 1075, tse]
[2254, 90.3, 83.5, 86.10, 89.40, 1602, tse]
[2258, 45.6, 41.75, 43.70, 42.25, 2812, tse]
[2301, 102.5, 94.1, 102.00, 96.10, 122922, tse]
[2302, 17.7, 16.3, 17.70, 16.75, 1937, tse]
[2303, 52.1, 48.7, 52.00, 49.10, 358304, tse]
[2305, 24.05, 21.5, 24.00, 22.05, 4400, tse]
[2308, 313.5, 292.5, 312.00, 298.50, 65843, tse]
[2312, 15.05, 14.15, 15.00, 14.40, 25778, tse]
[2313, 81.3, 74.0, 81.00, 76.10, 83489, tse]
[2314, 33.05, 30.3, 33.05, 30.40, 5874, tse]
[2316, 45.45, 39.55, 45.05, 40.85, 17735, tse]
[2317, 150.0, 137.5, 148.50, 143.00, 606686, tse]
[2321, 16.8, 15.05, 16.80, 15.55, 89, tse]
[2323, 12.3, 11.35, 12.00, 11.85, 47661, tse]
[2324, 36.7, 34.6, 36.40, 35.30, 101997, tse]
[2327, 614.0, 578.0, 614.00, 588.00, 14555, tse]
[2328, 34.5, 32.0, 34.50, 32.65, 12219, tse]
[2329, 70.8, 63.0, 67.00, 64.60, 134205, tse]
[2330, 812.0, 746.0, 804.00, 750.00, 321620, tse]
[2331, 32.6, 29.05, 31.70, 30.95, 43968, tse]
[2332, 18.2, 17.0, 18.00, 17.20, 11967, tse]
[2337, 26.9, 25.1, 26.90, 25.95, 57337, tse]
[2338, 70.2, 64.5, 70.10, 65.50, 6647, tse]
[2340, 41.1, 36.65, 41.10, 37.40, 11100, tse]
[2342, 32.3, 29.25, 31.90, 29.70, 4143, tse]
[2344, 26.85, 24.95, 26.60, 25.40, 180800, tse]
[2345, 451.5, 387.0, 450.00, 401.00, 22033, tse]
[2347, 78.6, 75.0, 76.20, 77.30, 39798, tse]
[2348, 208.0, 160.0, 163.00, 188.00, 15022, tse]
[2349, 7.74, 7.2, 7.74, 7.26, 6459, tse]
[2351, 104.0, 94.8, 102.50, 96.10, 4160, tse]
[2352, 42.45, 39.7, 42.30, 40.50, 63890, tse]
[2353, 48.3, 42.35, 47.75, 43.80, 240309, tse]
[2354, 58.3, 54.2, 58.00, 55.80, 58497, tse]
[2355, 43.85, 40.0, 43.85, 41.05, 19122, tse]
[2356, 57.2, 51.3, 57.10, 53.00, 176032, tse]
[2357, 446.0, 407.0, 440.00, 413.50, 17312, tse]
[2359, 102.5, 89.1, 100.00, 91.20, 14357, tse]
[2360, 260.0, 239.0, 256.00, 243.00, 9709, tse]
[2362, 42.8, 37.55, 42.75, 38.30, 11496, tse]
[2363, 73.5, 59.4, 60.50, 68.20, 185609, tse]
[2364, 90.0, 80.7, 89.20, 82.50, 997, tse]
[2365, 21.9, 19.15, 21.65, 19.70, 23919, tse]
[2367, 29.45, 26.0, 29.20, 27.30, 298538, tse]
[2368, 227.5, 190.5, 227.50, 196.00, 49497, tse]
[2369, 24.0, 21.2, 24.00, 21.80, 20280, tse]
[2371, 70.7, 57.8, 61.00, 69.10, 1479691, tse]
[2373, 73.5, 72.4, 73.50, 72.50, 512, tse]
[2374, 45.65, 36.3, 40.00, 41.60, 167813, tse]
[2375, 64.6, 60.8, 64.40, 62.00, 2110, tse]
[2376, 314.5, 284.0, 312.50, 292.50, 60259, tse]
[2377, 172.5, 152.0, 170.50, 154.00, 20682, tse]
[2379, 578.0, 547.0, 567.00, 552.00, 19066, tse]
[2380, 6.85, 6.37, 6.70, 6.71, 552, tse]
[2382, 273.0, 237.0, 268.50, 241.50, 190475, tse]
[2383, 403.5, 360.0, 400.00, 375.50, 38380, tse]
[2385, 210.0, 195.0, 206.00, 199.00, 30755, tse]
[2387, 62.5, 57.8, 62.50, 59.70, 7127, tse]
[2388, 151.0, 125.0, 145.50, 128.00, 88353, tse]
[2390, 13.6, 12.5, 13.50, 12.70, 3589, tse]
[2392, 46.9, 43.15, 46.00, 44.40, 15482, tse]
[2393, 62.4, 58.1, 61.10, 59.90, 21404, tse]
[2395, 381.0, 359.5, 381.00, 365.00, 4927, tse]
[2397, 67.0, 64.2, 66.90, 65.00, 298, tse]
[2399, 22.9, 20.0, 22.90, 20.40, 7250, tse]
[2401, 30.15, 27.0, 28.50, 27.60, 73228, tse]
[2402, 35.55, 32.5, 35.05, 32.90, 34895, tse]
[2404, 434.0, 386.0, 414.00, 399.50, 18689, tse]
[2405, 19.85, 17.5, 19.80, 18.05, 35850, tse]
[2406, 21.5, 19.95, 20.60, 20.50, 34763, tse]
[2408, 70.9, 60.9, 70.20, 62.00, 85271, tse]
[2409, 18.15, 16.9, 17.85, 17.15, 186172, tse]
[2412, 126.5, 122.5, 125.50, 123.00, 67367, tse]
[2413, 26.3, 24.05, 26.15, 24.15, 1614, tse]
[2414, 36.25, 35.3, 36.25, 35.55, 901, tse]
[2415, 30.0, 27.85, 30.00, 28.45, 893, tse]
[2417, 42.65, 36.4, 42.65, 36.75, 10829, tse]
[2419, 31.8, 28.55, 31.60, 29.30, 6851, tse]
[2420, 56.2, 53.1, 55.00, 54.30, 2015, tse]
[2421, 123.5, 109.0, 123.00, 112.00, 28140, tse]
[2423, 41.5, 39.85, 41.15, 40.55, 1814, tse]
[2424, 28.7, 28.2, 28.55, 28.25, 55, tse]
[2425, 44.8, 37.05, 44.80, 37.50, 5053, tse]
[2426, 17.95, 16.85, 17.90, 17.10, 3202, tse]
[2427, 31.2, 25.7, 27.80, 30.45, 56245, tse]
[2428, 166.0, 151.0, 166.00, 154.50, 1853, tse]
[2429, 19.8, 19.2, 19.80, 19.55, 119, tse]
[2430, 36.85, 35.35, 36.70, 35.55, 1502, tse]
[2431, 13.45, 12.05, 13.25, 12.80, 2461, tse]
[2432, 40.2, 38.5, 39.20, 40.00, 60, tse]
[2433, 53.3, 52.6, 53.00, 52.90, 318, tse]
[2434, 32.0, 30.75, 31.20, 31.10, 25, tse]
[2436, 63.8, 57.7, 63.20, 60.60, 9588, tse]
[2438, 22.1, 19.4, 22.00, 19.70, 727, tse]
[2439, 123.0, 111.0, 123.00, 114.00, 13219, tse]
[2440, 16.7, 15.35, 15.95, 16.45, 7645, tse]
[2441, 62.4, 58.6, 62.40, 59.00, 5593, tse]
[2442, 28.8, 25.3, 27.05, 27.40, 19519, tse]
[2444, 11.35, 10.75, 11.20, 10.85, 1880, tse]
[2449, 106.0, 95.7, 106.00, 99.00, 72674, tse]
[2450, 39.2, 38.05, 39.20, 38.60, 1009, tse]
[2451, 94.3, 86.3, 94.30, 87.40, 6317, tse]
[2453, 61.6, 55.4, 61.00, 56.80, 4639, tse]
[2454, 1160.0, 970.0, 1,160.00, 993.00, 55205, tse]
[2455, 164.0, 142.0, 161.00, 147.00, 11634, tse]
[2457, 56.7, 50.0, 53.20, 52.50, 26483, tse]
[2458, 166.5, 154.0, 158.00, 155.00, 22897, tse]
[2459, 72.5, 68.6, 69.00, 71.00, 1634, tse]
[2460, 37.65, 29.7, 36.60, 31.00, 9836, tse]
[2461, 25.1, 23.0, 24.65, 23.25, 5273, tse]
[2462, 35.3, 32.5, 34.80, 33.20, 2879, tse]
[2464, 49.7, 42.5, 48.65, 43.95, 25671, tse]
[2465, 146.5, 122.0, 136.00, 138.00, 54418, tse]
[2466, 37.9, 35.3, 37.65, 36.20, 118, tse]
[2467, 143.0, 123.0, 131.50, 126.50, 28753, tse]
[2468, 28.4, 26.0, 28.05, 26.60, 1578, tse]
[2471, 59.0, 55.3, 59.00, 56.30, 1992, tse]
[2472, 75.9, 70.2, 75.70, 71.80, 7657, tse]
[2474, 209.5, 205.0, 207.50, 207.00, 14936, tse]
[2476, 78.8, 70.4, 78.60, 73.40, 12553, tse]
[2477, 22.25, 20.8, 22.25, 21.15, 509, tse]
[2478, 46.9, 45.25, 46.50, 45.50, 800, tse]
[2480, 128.5, 123.0, 128.50, 125.00, 1241, tse]
[2481, 59.2, 53.0, 58.90, 53.80, 8379, tse]
[2482, 32.35, 28.2, 32.35, 28.55, 4490, tse]
[2483, 24.3, 22.6, 24.05, 23.10, 785, tse]
[2484, 34.0, 31.55, 33.55, 31.85, 2401, tse]
[2485, 20.3, 19.0, 20.30, 19.30, 7717, tse]
[2486, 73.6, 65.7, 72.40, 67.80, 97901, tse]
[2488, 47.35, 44.4, 47.35, 45.05, 3293, tse]
[2489, 15.05, 13.6, 15.00, 13.90, 15624, tse]
[2491, 15.15, 14.0, 15.15, 14.05, 499, tse]
[2492, 114.0, 102.5, 113.00, 104.00, 16529, tse]
[2493, 104.0, 93.5, 104.00, 95.00, 3586, tse]
[2495, 23.45, 20.5, 23.45, 20.85, 6240, tse]
[2496, 70.9, 67.9, 69.50, 69.60, 306, tse]
[2497, 57.0, 48.6, 56.20, 50.00, 3170, tse]
[2498, 46.6, 41.1, 46.60, 41.45, 25428, tse]
[2501, 31.5, 27.25, 28.80, 29.90, 151194, tse]
[2504, 48.95, 41.4, 43.40, 48.25, 96533, tse]
[2505, 28.15, 26.2, 27.80, 27.05, 5551, tse]
[2506, 12.9, 10.9, 11.95, 12.05, 34414, tse]
[2509, 22.05, 20.25, 21.10, 20.85, 10654, tse]
[2511, 12.35, 10.8, 11.35, 11.85, 52797, tse]
[2514, 17.55, 15.8, 15.95, 16.75, 19003, tse]
[2515, 17.7, 14.9, 16.05, 17.45, 610009, tse]
[2516, 13.15, 11.55, 12.80, 12.55, 17460, tse]
[2520, 51.3, 42.7, 45.20, 49.40, 76334, tse]
[2524, 48.55, 41.25, 47.90, 45.75, 3535, tse]
[2527, 49.95, 45.75, 49.35, 48.85, 12975, tse]
[2528, 52.5, 48.05, 49.90, 51.40, 7396, tse]
[2530, 54.4, 50.7, 53.20, 53.00, 12428, tse]
[2534, 24.1, 22.15, 23.50, 23.40, 13162, tse]
[2535, 58.8, 55.0, 56.70, 57.20, 6139, tse]
[2536, 36.2, 32.3, 34.90, 35.50, 6203, tse]
[2537, 16.6, 14.45, 16.05, 16.00, 84702, tse]
[2538, 16.05, 14.8, 15.10, 15.15, 14566, tse]
[2539, 77.0, 72.6, 73.30, 76.70, 7903, tse]
[2540, 128.5, 111.0, 119.00, 123.00, 11827, tse]
[2542, 42.2, 40.05, 40.70, 41.45, 34120, tse]
[2543, 53.8, 44.0, 48.90, 53.80, 74587, tse]
[2545, 52.6, 47.55, 50.20, 51.30, 10127, tse]
[2546, 102.5, 87.3, 89.50, 102.50, 4061, tse]
[2547, 12.4, 9.95, 10.70, 12.10, 84161, tse]
[2548, 153.0, 127.5, 134.00, 149.50, 23153, tse]
[2596, 37.8, 32.05, 35.45, 35.55, 2981, otc]
[2597, 176.0, 161.5, 165.00, 170.50, 5734, tse]
[2601, 7.65, 7.37, 7.58, 7.50, 10037, tse]
[2603, 180.0, 168.0, 176.50, 172.50, 166565, tse]
[2605, 27.45, 24.9, 26.35, 26.60, 76025, tse]
[2606, 57.2, 53.4, 56.30, 55.30, 41599, tse]
[2607, 31.2, 29.7, 30.55, 30.70, 75012, tse]
[2608, 42.3, 37.95, 38.50, 42.10, 9298, tse]
[2609, 46.25, 43.55, 45.00, 45.15, 136020, tse]
[2610, 20.05, 19.25, 20.00, 19.45, 145505, tse]
[2611, 25.15, 23.1, 23.75, 24.60, 23186, tse]
[2612, 47.6, 44.55, 46.05, 45.85, 3956, tse]
[2613, 22.05, 21.35, 21.90, 21.45, 558, tse]
[2614, 19.95, 19.2, 19.95, 19.35, 5304, tse]
[2615, 45.5, 42.7, 45.00, 43.25, 39761, tse]
[2616, 27.15, 26.65, 27.15, 26.80, 807, tse]
[2617, 35.55, 33.85, 35.30, 34.70, 9116, tse]
[2618, 32.0, 30.85, 31.90, 31.10, 340661, tse]
[2630, 47.6, 41.05, 41.90, 44.95, 140799, tse]
[2633, 30.1, 29.25, 30.10, 29.30, 23874, tse]
[2634, 60.5, 54.3, 58.00, 57.60, 234012, tse]
[2636, 100.0, 91.7, 99.80, 93.70, 12971, tse]
[2637, 67.8, 62.3, 66.70, 66.30, 42817, tse]
[2640, 122.5, 117.0, 119.50, 120.00, 675, otc]
[2641, 20.55, 19.35, 20.40, 19.90, 17578, otc]
[2642, 37.9, 37.2, 37.85, 37.25, 431, tse]
[2643, 81.2, 77.5, 80.50, 78.60, 891, otc]
[2645, 122.0, 106.5, 115.00, 108.50, 23535, tse]
[2701, 12.55, 12.3, 12.55, 12.40, 1682, tse]
[2702, 19.5, 18.65, 19.50, 18.90, 740, tse]
[2704, 74.9, 67.0, 68.50, 73.00, 32753, tse]
[2705, 18.95, 17.5, 18.15, 18.25, 2953, tse]
[2706, 15.05, 14.75, 15.00, 14.90, 1330, tse]
[2707, 223.5, 212.5, 223.50, 215.50, 1038, tse]
[2712, 30.9, 29.0, 30.20, 29.95, 229, tse]
[2718, 104.0, 89.8, 90.00, 99.00, 706, otc]
[2719, 59.0, 55.7, 59.00, 56.10, 230, otc]
[2722, 61.4, 55.7, 60.80, 56.90, 1535, tse]
[2723, 91.1, 86.3, 90.60, 87.20, 2821, tse]
[2724, 32.7, 27.0, 29.70, 29.50, 1054, otc]
[2726, 24.6, 22.85, 24.60, 22.85, 90, otc]
[2727, 239.0, 224.5, 239.00, 225.50, 4730, tse]
[2729, 236.5, 228.5, 236.50, 230.50, 491, otc]
[2731, 142.5, 133.0, 142.00, 138.50, 7774, tse]
[2732, 121.5, 111.0, 121.50, 112.00, 934, otc]
[2734, 39.45, 37.0, 39.00, 37.50, 892, otc]
[2736, 27.6, 24.6, 27.50, 25.05, 2098, otc]
[2739, 52.3, 48.85, 51.90, 49.45, 2432, tse]
[2740, 39.0, 34.2, 34.20, 39.00, 13, otc]
[2743, 127.0, 118.0, 127.00, 119.00, 2630, otc]
[2745, 93.5, 86.2, 88.10, 87.00, 3022, otc]
[2748, 71.6, 67.8, 71.40, 68.30, 2147, tse]
[2752, 299.5, 269.0, 299.50, 290.00, 129, otc]
[2753, 170.5, 162.0, 167.50, 164.50, 1127, tse]
[2754, 102.5, 96.5, 99.00, 97.00, 852, otc]
[2755, 97.7, 90.2, 97.30, 92.60, 82, otc]
[2756, 88.5, 84.5, 88.30, 85.00, 148, otc]
[2762, 103.5, 95.9, 103.00, 96.50, 1168, tse]
[2801, 18.2, 17.75, 18.05, 17.85, 81568, tse]
[2809, 56.9, 52.2, 55.00, 54.00, 39274, tse]
[2812, 17.4, 16.85, 17.25, 17.10, 32972, tse]
[2816, 30.6, 28.8, 30.50, 29.70, 3269, tse]
[2820, 15.1, 14.85, 15.00, 14.95, 5711, tse]
[2832, 28.4, 26.75, 27.75, 28.05, 4677, tse]
[2834, 16.2, 15.8, 16.00, 16.15, 134886, tse]
[2836, 11.6, 11.2, 11.60, 11.35, 21548, tse]
[2838, 15.4, 14.75, 15.30, 14.85, 16116, tse]
[2845, 14.5, 14.05, 14.40, 14.50, 36616, tse]
[2849, 14.2, 13.65, 14.10, 13.65, 663, tse]
[2850, 94.5, 86.7, 88.70, 91.80, 5540, tse]
[2851, 25.4, 24.4, 24.85, 25.00, 12840, tse]
[2852, 20.5, 19.65, 20.35, 20.10, 3563, tse]
[2855, 26.7, 24.9, 26.55, 26.65, 33061, tse]
[2867, 6.4, 5.4, 5.60, 5.60, 393529, tse]
[2880, 23.05, 22.1, 22.95, 22.20, 87218, tse]
[2881, 68.0, 64.2, 67.30, 65.00, 105775, tse]
[2882, 49.3, 47.05, 48.75, 47.45, 127878, tse]
[2883, 13.75, 13.05, 13.70, 13.20, 260514, tse]
[2884, 27.15, 26.15, 27.05, 26.55, 167644, tse]
[2885, 30.65, 29.6, 30.20, 29.90, 142182, tse]
[2886, 40.1, 38.0, 39.95, 38.70, 142916, tse]
[2887, 17.95, 17.25, 17.90, 17.35, 115136, tse]
[2888, 8.26, 8.03, 8.23, 8.07, 193876, tse]
[2889, 13.85, 13.35, 13.80, 13.60, 58440, tse]
[2890, 22.1, 21.0, 21.85, 21.20, 122354, tse]
[2891, 32.2, 30.65, 31.75, 31.00, 250708, tse]
[2892, 27.4, 26.4, 27.25, 26.65, 90708, tse]
[2897, 10.2, 9.6, 10.10, 9.76, 72912, tse]
[2901, 27.2, 26.2, 27.20, 26.70, 141, tse]
[2903, 31.45, 29.8, 30.85, 31.45, 20057, tse]
[2904, 18.25, 17.95, 18.15, 18.00, 433, tse]
[2905, 13.9, 13.05, 13.70, 13.25, 7312, tse]
[2906, 19.65, 18.6, 19.50, 18.95, 3287, tse]
[2908, 20.75, 20.45, 20.65, 20.60, 1147, tse]
[2910, 27.25, 26.2, 27.20, 26.95, 278, tse]
[2911, 6.88, 6.65, 6.85, 6.85, 774, tse]
[2912, 275.5, 269.5, 275.00, 270.00, 6488, tse]
[2913, 21.25, 20.05, 20.50, 20.35, 11949, tse]
[2915, 60.2, 58.1, 59.00, 59.60, 13431, tse]
[2916, 62.1, 60.0, 61.40, 60.70, 611, otc]
[2923, 24.85, 22.2, 24.50, 22.75, 460, tse]
[2924, 30.75, 26.8, 26.80, 30.00, 57, otc]
[2926, 60.5, 58.3, 60.50, 58.30, 98, otc]
[2929, 9.86, 8.94, 9.83, 9.02, 1697, tse]
[2937, 34.7, 33.75, 34.50, 34.70, 66, otc]
[2939, 28.15, 24.15, 27.25, 25.75, 360, tse]
[2941, 94.6, 86.3, 93.50, 93.50, 111, otc]
[2945, 45.55, 43.15, 45.50, 44.05, 217, tse]
[2947, 84.9, 81.0, 82.30, 81.50, 94, otc]
[2948, 66.7, 64.9, 66.40, 66.00, 85, otc]
[2949, 107.0, 101.5, 105.50, 102.00, 75, otc]
[3002, 15.9, 14.6, 15.90, 14.80, 2199, tse]
[3003, 72.1, 68.3, 68.70, 70.80, 5456, tse]
[3004, 117.5, 100.0, 113.50, 104.00, 5139, tse]
[3005, 120.0, 104.0, 120.00, 107.00, 49235, tse]
[3006, 87.1, 76.8, 87.00, 79.10, 20900, tse]
[3008, 2350.0, 2100.0, 2,350.00, 2,120.00, 3735, tse]
[3010, 131.0, 120.0, 128.00, 123.00, 12662, tse]
[3011, 30.75, 28.6, 30.75, 29.25, 2585, tse]
[3013, 78.5, 67.0, 75.00, 74.00, 150480, tse]
[3014, 166.5, 153.0, 164.50, 157.00, 7386, tse]
[3015, 68.4, 57.6, 61.00, 68.40, 30595, tse]
[3016, 65.3, 56.4, 60.20, 58.60, 12478, tse]
[3017, 692.0, 586.0, 622.00, 630.00, 96614, tse]
[3018, 14.5, 13.8, 14.00, 14.20, 60, tse]
[3019, 66.3, 61.2, 65.60, 62.00, 4551, tse]
[3021, 23.3, 21.8, 22.90, 22.30, 1212, tse]
[3022, 80.5, 75.1, 79.90, 76.60, 5355, tse]
[3023, 284.0, 269.0, 277.00, 279.00, 6345, tse]
[3024, 19.45, 17.7, 19.00, 18.05, 15116, tse]
[3025, 72.4, 65.5, 68.40, 67.50, 13133, tse]
[3026, 97.3, 94.6, 97.20, 95.20, 1069, tse]
[3027, 50.8, 43.8, 43.95, 47.35, 83865, tse]
[3028, 36.3, 34.5, 36.30, 35.00, 3353, tse]
[3029, 76.9, 71.0, 76.50, 72.70, 6152, tse]
[3030, 104.0, 90.2, 96.80, 93.40, 20220, tse]
[3031, 20.45, 19.1, 19.90, 19.50, 2778, tse]
[3032, 79.6, 70.0, 79.00, 72.50, 10331, tse]
[3033, 33.9, 31.25, 33.90, 32.50, 26311, tse]
[3034, 629.0, 578.0, 629.00, 588.00, 25181, tse]
[3035, 327.5, 297.0, 320.00, 306.00, 39223, tse]
[3036, 166.5, 145.0, 163.00, 152.00, 86329, tse]
[3037, 190.0, 168.0, 190.00, 170.00, 83561, tse]
[3038, 32.15, 29.8, 32.00, 30.65, 4071, tse]
[3040, 30.1, 29.0, 29.90, 29.50, 325, tse]
[3041, 23.1, 21.1, 22.55, 21.90, 8119, tse]
[3042, 113.5, 105.5, 112.50, 106.50, 11276, tse]
[3043, 32.65, 30.0, 31.25, 31.00, 709, tse]
[3044, 201.0, 188.0, 199.00, 193.50, 20042, tse]
[3045, 104.5, 101.0, 104.00, 102.00, 32028, tse]
[3046, 63.8, 58.2, 63.80, 59.50, 1861, tse]
[3047, 15.2, 13.8, 15.20, 14.15, 8599, tse]
[3048, 23.75, 22.6, 23.75, 22.80, 1910, tse]
[3049, 8.24, 7.61, 8.16, 7.73, 10454, tse]
[3050, 22.75, 20.8, 22.30, 21.40, 7244, tse]
[3051, 39.35, 35.2, 38.25, 36.30, 17584, tse]
[3052, 14.55, 12.9, 13.40, 14.00, 21928, tse]
[3054, 21.2, 20.2, 21.00, 20.40, 116, tse]
[3055, 77.5, 70.0, 76.90, 71.50, 8998, tse]
[3056, 31.65, 29.6, 30.10, 31.00, 22317, tse]
[3057, 12.7, 11.4, 12.35, 11.40, 1300, tse]
[3058, 23.5, 20.75, 22.70, 22.45, 11553, tse]
[3059, 42.65, 36.25, 40.65, 37.35, 53320, tse]
[3060, 31.25, 25.05, 31.20, 26.15, 47625, tse]
[3062, 23.05, 20.7, 22.45, 21.10, 13663, tse]
[3064, 38.25, 32.25, 34.35, 37.00, 39, otc]
[3066, 22.5, 20.65, 21.95, 21.10, 924, otc]
[3067, 35.0, 31.55, 32.85, 35.00, 17, otc]
[3071, 35.6, 32.15, 35.60, 33.25, 2490, otc]
[3073, 37.9, 32.6, 32.75, 34.25, 750, otc]
[3078, 79.4, 75.0, 78.70, 76.10, 6381, otc]
[3081, 136.5, 120.5, 135.50, 126.00, 7555, otc]
[3083, 51.7, 47.2, 51.50, 47.85, 2218, otc]
[3085, 13.9, 10.25, 10.25, 13.90, 338, otc]
[3086, 117.5, 100.0, 117.00, 102.50, 322, otc]
[3088, 88.4, 82.5, 88.30, 83.70, 3652, otc]
[3090, 60.8, 57.8, 60.60, 58.30, 3392, tse]
[3092, 35.55, 32.35, 35.00, 32.95, 1817, tse]
[3093, 31.15, 29.5, 31.15, 30.40, 651, otc]
[3094, 32.1, 29.85, 31.50, 30.45, 2129, tse]
[3095, 41.7, 36.2, 37.10, 37.50, 316, otc]
[3105, 151.0, 135.0, 150.00, 140.00, 13539, otc]
[3114, 28.5, 27.4, 28.50, 27.40, 439, otc]
[3115, 10.7, 10.25, 10.50, 10.25, 65, otc]
[3118, 32.7, 31.75, 32.70, 32.20, 418, otc]
[3122, 42.4, 38.65, 41.20, 41.00, 2518, otc]
[3128, 31.0, 29.2, 30.85, 29.55, 896, otc]
[3130, 230.5, 225.0, 230.00, 226.00, 169, tse]
[3131, 1130.0, 924.0, 1,005.00, 1,030.00, 9123, otc]
[3138, 137.0, 123.5, 137.00, 124.00, 1324, tse]
[3141, 84.8, 78.8, 81.70, 80.20, 5755, otc]
[3147, 138.0, 121.0, 133.00, 126.00, 4012, otc]
[3149, 25.0, 22.5, 25.00, 22.85, 2653, tse]
[3152, 224.0, 202.0, 223.50, 203.50, 870, otc]
[3162, 39.4, 36.5, 38.90, 37.00, 2270, otc]
[3163, 100.5, 89.5, 100.50, 92.50, 16826, otc]
[3164, 22.55, 21.85, 22.50, 22.10, 324, tse]
[3167, 64.8, 58.5, 64.00, 60.00, 3211, tse]
[3168, 65.2, 61.9, 63.80, 62.20, 1335, tse]
[3169, 121.0, 111.0, 120.50, 113.00, 1953, otc]
[3171, 29.8, 28.65, 29.50, 28.95, 1773, otc]
[3176, 40.25, 37.0, 39.70, 37.95, 1747, otc]
[3178, 137.5, 118.0, 131.50, 124.00, 12671, otc]
[3188, 25.9, 22.5, 23.65, 24.65, 9878, otc]
[3189, 98.2, 93.0, 97.80, 94.00, 13149, tse]
[3191, 22.2, 20.2, 20.45, 22.00, 120, otc]
[3202, 12.8, 11.9, 12.80, 12.10, 1671, otc]
[3205, 43.55, 40.05, 42.30, 43.25, 1004, otc]
[3206, 52.0, 45.5, 47.30, 45.90, 7748, otc]
[3207, 148.5, 130.5, 143.50, 142.00, 12477, otc]
[3209, 34.8, 33.2, 34.80, 33.50, 4991, tse]
[3211, 88.8, 85.2, 87.80, 87.30, 4815, otc]
[3213, 108.0, 93.0, 107.00, 95.70, 6266, otc]
[3217, 167.0, 153.0, 166.00, 157.50, 11283, otc]
[3218, 269.5, 246.5, 269.50, 246.50, 2922, otc]
[3219, 44.4, 39.75, 41.10, 40.45, 684, otc]
[3221, 28.1, 25.55, 28.10, 26.35, 2291, otc]
[3224, 35.9, 33.5, 35.75, 34.50, 281, otc]
[3226, 59.4, 55.2, 59.40, 56.30, 43, otc]
[3227, 159.5, 141.5, 158.00, 146.00, 6754, otc]
[3228, 512.0, 418.5, 501.00, 419.00, 5718, otc]
[3229, 15.3, 14.85, 15.15, 15.05, 276, tse]
[3230, 10.35, 9.8, 10.10, 10.05, 776, otc]
[3231, 122.5, 111.0, 121.50, 115.00, 366490, tse]
[3232, 32.95, 29.5, 32.00, 30.60, 1617, otc]
[3234, 37.9, 34.8, 36.50, 35.70, 4624, otc]
[3236, 20.75, 19.45, 20.75, 19.55, 900, otc]
[3252, 21.15, 20.1, 20.75, 20.70, 515, otc]
[3257, 63.3, 58.1, 63.00, 59.20, 1696, tse]
[3259, 28.05, 26.5, 27.00, 27.40, 143, otc]
[3260, 117.0, 94.0, 111.50, 96.20, 89964, otc]
[3264, 80.2, 76.9, 78.80, 79.80, 24013, otc]
[3265, 128.5, 118.0, 125.50, 121.50, 6379, otc]
[3266, 20.3, 18.65, 19.50, 19.50, 3826, tse]
[3268, 27.2, 23.55, 26.75, 24.20, 1017, otc]
[3272, 30.95, 29.15, 30.80, 29.15, 426, otc]
[3276, 21.25, 18.9, 20.05, 19.50, 2739, otc]
[3284, 31.2, 26.4, 27.80, 30.50, 5266, otc]
[3285, 27.0, 25.8, 26.80, 26.35, 253, otc]
[3287, 42.75, 35.95, 39.75, 42.75, 14615, otc]
[3288, 30.7, 26.35, 29.00, 28.10, 221, otc]
[3289, 141.5, 117.5, 138.50, 122.50, 24806, otc]
[3290, 24.55, 23.8, 24.40, 24.15, 1164, otc]
[3293, 1080.0, 991.0, 1,075.00, 1,000.00, 7094, otc]
[3294, 42.15, 35.5, 41.50, 36.75, 34802, otc]
[3296, 28.85, 23.75, 25.45, 25.50, 17500, tse]
[3297, 21.35, 18.3, 19.85, 19.80, 2041, otc]
[3303, 34.8, 33.35, 34.80, 33.65, 1264, otc]
[3305, 68.2, 59.8, 66.90, 61.10, 11557, tse]
[3306, 53.3, 47.2, 52.10, 48.60, 2562, otc]
[3308, 28.0, 25.2, 27.70, 25.50, 1637, tse]
[3310, 110.0, 103.5, 109.00, 108.00, 233, otc]
[3311, 40.1, 38.3, 40.05, 38.55, 920, tse]
[3312, 54.0, 44.4, 53.10, 46.20, 130407, tse]
[3313, 18.75, 16.8, 18.75, 17.85, 2340, otc]
[3317, 52.0, 49.4, 52.00, 50.10, 1276, otc]
[3321, 18.75, 16.55, 18.50, 17.05, 2585, tse]
[3322, 24.5, 20.7, 24.40, 21.30, 15319, otc]
[3323, 26.05, 24.3, 26.05, 24.60, 905, otc]
[3324, 823.0, 724.0, 769.00, 777.00, 45693, otc]
[3325, 35.9, 33.0, 35.75, 34.10, 5800, otc]
[3332, 45.0, 42.55, 44.55, 42.85, 289, otc]
[3338, 71.7, 63.8, 68.40, 67.80, 15278, tse]
[3339, 43.1, 36.25, 37.80, 39.85, 25203, otc]
[3346, 47.3, 41.0, 47.30, 42.10, 10325, tse]
[3349, 23.95, 23.1, 23.95, 23.50, 72, otc]
[3354, 26.9, 24.0, 26.90, 24.10, 3277, otc]
[3356, 56.7, 50.3, 55.10, 51.60, 9798, tse]
[3357, 118.5, 108.0, 117.00, 110.00, 1314, otc]
[3360, 16.4, 14.2, 16.35, 14.60, 4279, otc]
[3362, 228.0, 192.0, 228.00, 201.00, 9313, otc]
[3363, 114.0, 98.2, 108.50, 105.50, 39457, otc]
[3372, 21.4, 17.5, 21.40, 18.00, 12681, otc]
[3373, 25.0, 23.1, 24.55, 23.80, 629, otc]
[3374, 124.0, 110.5, 124.00, 113.50, 6336, otc]
[3376, 177.5, 151.0, 173.50, 156.50, 23377, tse]
[3379, 14.5, 13.75, 14.50, 14.15, 410, otc]
[3380, 34.65, 30.8, 34.65, 31.15, 10804, tse]
[3388, 79.9, 76.4, 77.50, 78.00, 884, otc]
[3390, 29.75, 26.1, 29.35, 26.80, 5576, otc]
[3402, 126.0, 103.5, 120.00, 106.50, 35981, otc]
[3406, 472.0, 413.5, 472.00, 424.00, 6380, tse]
[3413, 313.5, 278.0, 303.50, 288.00, 10822, tse]
[3416, 143.5, 135.0, 140.00, 139.50, 2658, tse]
[3419, 16.7, 15.8, 16.50, 15.80, 1513, tse]
[3426, 46.0, 42.95, 44.25, 43.60, 155, otc]
[3430, 53.3, 48.35, 48.95, 50.10, 2191, otc]
[3432, 19.9, 16.9, 19.25, 18.00, 877, tse]
[3434, 29.8, 27.05, 29.25, 27.75, 743, otc]
[3437, 28.7, 26.45, 28.70, 26.75, 6481, tse]
[3438, 76.8, 67.3, 76.80, 69.50, 2108, otc]
[3441, 40.2, 33.95, 35.15, 36.85, 6191, otc]
[3443, 1240.0, 1120.0, 1,230.00, 1,155.00, 16379, tse]
[3444, 137.5, 116.0, 125.00, 136.00, 9636, otc]
[3447, 32.7, 29.8, 32.55, 30.05, 349, tse]
[3450, 73.0, 58.7, 72.80, 60.90, 32774, tse]
[3454, 142.0, 128.0, 141.50, 131.00, 1369, tse]
[3455, 90.0, 83.3, 87.00, 86.10, 5292, otc]
[3465, 68.8, 63.9, 68.20, 65.10, 77, otc]
[3466, 42.8, 36.0, 40.50, 39.00, 4479, otc]
[3479, 121.0, 112.5, 118.50, 118.00, 3744, otc]
[3481, 14.55, 13.3, 14.20, 13.55, 435143, tse]
[3483, 147.0, 131.0, 147.00, 140.50, 9442, otc]
[3484, 53.7, 47.0, 53.70, 50.40, 3642, otc]
[3489, 26.85, 22.25, 26.15, 24.80, 6343, otc]
[3490, 37.15, 30.5, 32.00, 32.50, 50627, otc]
[3491, 187.0, 165.5, 169.00, 182.50, 18500, otc]
[3492, 19.55, 18.75, 19.55, 18.80, 180, otc]
[3494, 5.5, 4.85, 5.48, 5.08, 568, tse]
[3498, 38.55, 30.65, 38.55, 31.90, 2754, otc]
[3499, 21.15, 18.9, 20.80, 19.25, 1856, otc]
[3501, 62.0, 58.3, 60.20, 60.00, 4180, tse]
[3504, 57.2, 53.2, 57.20, 53.90, 2013, tse]
[3508, 25.95, 23.7, 25.60, 23.85, 943, otc]
[3511, 25.75, 24.95, 25.55, 25.30, 414, otc]
[3512, 41.3, 36.5, 37.50, 39.50, 11089, otc]
[3515, 257.5, 224.0, 257.50, 228.00, 4705, tse]
[3516, 24.35, 21.45, 24.30, 22.00, 1259, otc]
[3518, 29.7, 26.8, 28.30, 27.40, 1626, tse]
[3520, 18.2, 16.7, 18.20, 17.10, 1714, otc]
[3521, 22.1, 20.25, 21.55, 20.55, 1132, otc]
[3522, 17.65, 16.25, 17.40, 17.00, 1748, otc]
[3523, 20.3, 18.8, 20.00, 18.80, 493, otc]
[3526, 235.0, 217.5, 231.50, 223.00, 2453, otc]
[3527, 95.3, 87.9, 95.00, 90.10, 618, otc]
[3528, 49.5, 46.45, 49.50, 47.65, 203, tse]
[3529, 2510.0, 2190.0, 2,440.00, 2,190.00, 3655, otc]
[3530, 103.0, 91.2, 103.00, 93.10, 2209, tse]
[3531, 32.0, 30.95, 31.90, 31.20, 121, otc]
[3532, 174.5, 163.5, 173.00, 164.50, 7420, tse]
[3533, 1510.0, 1335.0, 1,485.00, 1,365.00, 9856, tse]
[3535, 23.1, 20.3, 22.95, 21.05, 4233, tse]
[3537, 41.6, 40.05, 41.60, 40.50, 838, otc]
[3540, 44.8, 39.6, 44.75, 40.40, 3826, otc]
[3541, 30.0, 28.7, 29.65, 29.35, 387, otc]
[3543, 23.4, 22.15, 23.40, 22.55, 1585, tse]
[3545, 88.8, 79.9, 88.80, 81.70, 11358, tse]
[3546, 80.8, 77.8, 79.90, 79.00, 695, otc]
[3548, 275.0, 230.0, 275.00, 234.50, 18392, otc]
[3550, 15.35, 14.3, 15.30, 14.50, 614, tse]
[3551, 122.0, 105.0, 118.00, 108.00, 5170, otc]
[3552, 112.5, 100.5, 112.50, 102.00, 1768, otc]
[3555, 36.75, 31.0, 36.75, 31.80, 580, otc]
[3556, 51.8, 49.1, 51.80, 49.35, 746, otc]
[3557, 72.2, 66.1, 71.20, 67.00, 4026, tse]
[3558, 189.5, 168.0, 189.50, 170.00, 2228, otc]
[3563, 449.5, 384.5, 408.00, 420.00, 13791, tse]
[3564, 61.4, 50.3, 60.40, 53.50, 3146, otc]
[3567, 42.8, 40.4, 42.80, 41.20, 1205, otc]
[3570, 158.5, 149.5, 157.50, 153.50, 370, otc]
[3576, 12.65, 11.5, 11.85, 12.00, 81921, tse]
[3577, 66.6, 64.9, 65.50, 65.60, 38, otc]
[3580, 53.4, 49.25, 53.30, 50.00, 1297, otc]
[3581, 30.55, 27.05, 30.55, 27.95, 1409, otc]
[3583, 364.5, 312.0, 339.50, 316.50, 50805, tse]
[3587, 327.0, 288.0, 307.00, 297.00, 14846, otc]
[3588, 95.5, 85.8, 95.00, 88.00, 5171, tse]
[3591, 25.55, 22.8, 25.30, 23.40, 2922, tse]
[3592, 455.0, 411.0, 453.50, 420.00, 2818, tse]
[3593, 11.1, 10.75, 11.10, 10.85, 153, tse]
[3594, 45.45, 41.1, 43.55, 42.95, 2111, otc]
[3596, 185.0, 172.0, 183.00, 174.50, 7306, tse]
[3597, 24.5, 23.55, 23.90, 23.85, 349, otc]
[3605, 42.0, 35.5, 37.20, 40.20, 11993, tse]
[3607, 18.35, 16.5, 18.35, 16.85, 4266, tse]
[3609, 41.0, 36.75, 38.55, 37.95, 537, otc]
[3611, 229.0, 222.0, 226.00, 225.00, 739, otc]
[3615, 31.0, 24.55, 28.50, 25.35, 17413, otc]
[3617, 252.0, 220.5, 248.00, 233.50, 9097, tse]
[3622, 73.6, 59.4, 69.50, 62.30, 58850, tse]
[3623, 32.0, 28.2, 32.00, 28.85, 917, otc]
[3624, 51.4, 45.65, 51.40, 46.55, 2352, otc]
[3625, 13.4, 12.55, 13.20, 12.55, 1223, otc]
[3628, 51.8, 47.7, 50.40, 49.55, 1892, otc]
[3629, 28.75, 24.6, 28.75, 27.15, 135, otc]
[3630, 30.95, 28.7, 30.10, 29.15, 2315, otc]
[3631, 43.75, 39.75, 40.50, 41.50, 963, otc]
[3632, 13.7, 13.3, 13.35, 13.55, 31, otc]
[3645, 48.25, 43.15, 44.65, 46.00, 15522, tse]
[3646, 31.1, 30.05, 31.10, 30.30, 300, otc]
[3652, 29.0, 27.55, 29.00, 28.05, 502, tse]
[3653, 961.0, 836.0, 911.00, 907.00, 6812, tse]
[3661, 3080.0, 2695.0, 2,855.00, 2,860.00, 19091, tse]
[3663, 48.2, 42.0, 47.90, 43.50, 4613, otc]
[3664, 29.25, 26.7, 28.45, 28.20, 761, otc]
[3665, 252.0, 223.0, 247.00, 226.50, 8530, tse]
[3666, 45.3, 36.25, 37.15, 42.30, 23366, otc]
[3669, 50.3, 46.2, 49.90, 47.45, 939, tse]
[3672, 23.5, 20.65, 21.75, 23.50, 513, otc]
[3673, 39.2, 35.65, 38.40, 36.30, 10402, tse]
[3675, 324.5, 276.5, 289.00, 303.50, 8297, otc]
[3679, 124.0, 115.5, 121.50, 122.50, 823, tse]
[3680, 492.0, 418.0, 474.50, 419.50, 12248, otc]
[3684, 45.6, 44.0, 45.50, 45.15, 34, otc]
[3685, 19.9, 18.05, 19.60, 18.20, 433, otc]
[3686, 17.4, 15.0, 16.00, 16.70, 6332, tse]
[3687, 97.1, 87.5, 97.10, 89.50, 1025, otc]
[3689, 68.3, 58.6, 67.70, 60.60, 9142, otc]
[3691, 162.0, 144.0, 156.00, 147.00, 11136, otc]
[3693, 365.5, 305.0, 365.00, 315.50, 4453, otc]
[3694, 51.2, 43.8, 51.20, 44.80, 6956, tse]
[3701, 60.4, 55.9, 59.00, 56.50, 4874, tse]
[3702, 92.8, 86.2, 91.60, 88.70, 49907, tse]
[3703, 39.1, 31.65, 32.55, 39.10, 78499, tse]
[3704, 46.05, 40.3, 45.90, 41.60, 13959, tse]
[3705, 48.85, 47.3, 48.25, 48.00, 2010, tse]
[3706, 48.5, 42.7, 48.40, 43.70, 74885, tse]
[3707, 79.7, 65.5, 71.60, 67.10, 60108, otc]
[3708, 154.5, 121.0, 124.50, 145.00, 68308, tse]
[3709, 24.7, 23.1, 24.65, 23.25, 402, otc]
[3710, 10.75, 10.1, 10.35, 10.25, 7976, otc]
[3711, 162.0, 143.5, 157.00, 146.00, 104383, tse]
[3712, 51.2, 45.8, 46.95, 47.30, 43929, tse]
[3713, 23.4, 22.25, 23.05, 22.65, 162, otc]
[3714, 40.65, 38.05, 39.75, 38.55, 10591, tse]
[3715, 78.5, 69.1, 78.00, 71.90, 38332, tse]
[4102, 40.0, 38.35, 40.00, 38.65, 1383, otc]
[4104, 97.2, 88.9, 96.40, 90.00, 3200, tse]
[4105, 78.3, 75.7, 78.30, 76.00, 4050, otc]
[4106, 28.45, 27.3, 28.20, 27.45, 778, tse]
[4107, 128.0, 120.0, 126.50, 124.00, 1367, otc]
[4108, 20.6, 19.2, 20.45, 19.45, 1682, tse]
[4109, 26.15, 23.6, 26.05, 24.15, 8728, otc]
[4111, 26.6, 25.85, 26.40, 25.85, 569, otc]
[4113, 44.95, 41.25, 44.60, 42.75, 5153, otc]
[4114, 39.1, 37.5, 39.10, 37.90, 5966, otc]
[4116, 57.3, 54.2, 56.80, 55.10, 517, otc]
[4119, 89.2, 85.6, 88.60, 86.40, 1340, tse]
[4120, 43.75, 40.3, 43.75, 40.80, 475, otc]
[4121, 24.25, 22.6, 24.25, 22.80, 1655, otc]
[4123, 44.05, 41.35, 43.80, 42.00, 5744, otc]
[4126, 90.7, 88.2, 90.50, 89.50, 619, otc]
[4127, 41.0, 30.15, 33.50, 31.60, 38374, otc]
[4128, 44.4, 39.55, 44.10, 39.60, 10906, otc]
[4129, 96.3, 91.0, 95.80, 93.10, 4964, otc]
[4130, 24.85, 23.6, 24.75, 23.80, 1154, otc]
[4131, 32.6, 29.8, 30.55, 30.50, 88, otc]
[4133, 31.55, 29.8, 31.55, 30.05, 974, tse]
[4137, 197.5, 188.0, 197.50, 189.50, 671, tse]
[4138, 136.0, 113.0, 136.00, 116.00, 1975, otc]
[4139, 31.55, 29.5, 31.00, 30.20, 28, otc]
[4142, 29.9, 25.0, 26.55, 27.35, 14549, tse]
[4147, 93.1, 82.2, 93.10, 83.10, 7656, otc]
[4148, 51.6, 47.8, 51.60, 50.00, 326, tse]
[4153, 39.8, 37.25, 38.00, 38.30, 207, otc]
[4154, 13.4, 12.9, 13.05, 13.25, 81, otc]
[4155, 24.95, 23.65, 24.95, 23.85, 2348, tse]
[4157, 17.25, 14.15, 14.95, 16.45, 42581, otc]
[4160, 43.15, 40.2, 43.15, 41.80, 207, otc]
[4161, 36.5, 32.75, 36.30, 34.05, 751, otc]
[4162, 96.3, 87.8, 96.30, 89.00, 3964, otc]
[4163, 124.5, 120.5, 122.00, 122.50, 316, otc]
[4164, 59.5, 55.4, 59.40, 55.60, 5269, tse]
[4167, 22.4, 20.2, 21.25, 20.90, 14941, otc]
[4168, 26.55, 25.0, 26.55, 25.40, 1542, otc]
[4171, 31.45, 29.2, 31.10, 30.40, 1196, otc]
[4173, 22.1, 21.4, 21.95, 21.65, 1094, otc]
[4174, 62.8, 58.0, 62.50, 58.50, 1655, otc]
[4175, 79.0, 75.0, 79.00, 76.20, 217, otc]
[4183, 22.35, 21.1, 22.35, 21.10, 525, otc]
[4188, 27.1, 24.05, 27.00, 24.55, 905, otc]
[4190, 51.3, 49.2, 51.10, 49.80, 420, tse]
[4192, 51.4, 45.65, 51.40, 46.80, 284, otc]
[4198, 52.9, 46.55, 52.90, 47.00, 274, otc]
[4205, 97.5, 95.8, 97.50, 95.80, 118, otc]
[4207, 20.0, 18.55, 19.20, 19.05, 3228, otc]
[4303, 51.8, 40.5, 50.40, 42.50, 28390, otc]
[4304, 5.3, 4.77, 5.29, 5.14, 253, otc]
[4305, 42.25, 40.3, 42.25, 41.15, 103, otc]
[4306, 19.7, 18.0, 19.25, 19.45, 32547, tse]
[4401, 25.9, 23.6, 25.50, 23.95, 1867, otc]
[4402, 31.2, 24.9, 25.25, 30.85, 11615, otc]
[4406, 10.95, 9.96, 10.00, 10.80, 371, otc]
[4413, 18.5, 17.2, 18.50, 17.45, 87, otc]
[4414, 3.64, 3.49, 3.58, 3.57, 4501, tse]
[4416, 106.0, 102.5, 104.00, 105.50, 126, otc]
[4417, 39.3, 38.6, 39.30, 38.90, 562, otc]
[4419, 46.85, 42.0, 45.10, 46.25, 31, otc]
[4420, 47.8, 45.05, 47.25, 45.50, 990, otc]
[4426, 17.6, 15.8, 17.20, 15.90, 1045, tse]
[4430, 21.65, 21.25, 21.65, 21.25, 55, otc]
[4432, 25.6, 22.7, 23.90, 25.60, 682, otc]
[4433, 30.6, 28.8, 29.35, 28.95, 199, otc]
[4438, 111.0, 106.0, 110.50, 107.00, 425, tse]
[4439, 109.5, 105.0, 105.00, 106.50, 261, tse]
[4440, 24.3, 23.5, 24.30, 23.65, 368, tse]
[4442, 24.1, 22.6, 24.10, 22.80, 82, otc]
[4502, 36.3, 35.8, 36.20, 36.10, 132, otc]
[4503, 59.7, 54.6, 59.40, 56.50, 2009, otc]
[4506, 107.0, 100.5, 101.50, 103.50, 1682, otc]
[4510, 18.2, 16.65, 18.20, 17.30, 5209, otc]
[4513, 44.45, 31.85, 42.25, 37.90, 28830, otc]
[4523, 61.0, 50.0, 59.10, 51.20, 452, otc]
[4526, 25.35, 22.0, 23.40, 24.00, 34748, tse]
[4527, 43.5, 41.65, 41.95, 41.90, 787, otc]
[4528, 30.2, 29.45, 30.05, 29.50, 216, otc]
[4529, 13.0, 9.83, 10.25, 11.60, 1707, otc]
[4530, 7.33, 6.96, 7.15, 7.05, 152, otc]
[4532, 28.45, 24.95, 25.40, 27.30, 45183, tse]
[4533, 42.5, 34.4, 40.25, 35.80, 118805, otc]
[4534, 11.9, 10.45, 11.65, 10.60, 1427, otc]
[4535, 33.65, 33.0, 33.65, 33.10, 244, otc]
[4536, 194.5, 182.5, 193.00, 185.50, 1289, tse]
[4538, 20.8, 19.95, 20.55, 20.10, 310, otc]
[4540, 34.9, 31.65, 34.30, 31.70, 1354, tse]
[4541, 35.3, 31.15, 33.50, 32.65, 6293, otc]
[4542, 69.9, 61.3, 65.50, 63.30, 2439, otc]
[4543, 51.8, 45.1, 51.60, 46.45, 5369, otc]
[4545, 34.5, 31.05, 33.90, 31.60, 1375, tse]
[4549, 95.6, 93.1, 95.20, 93.30, 201, otc]
[4550, 38.85, 36.7, 38.35, 37.50, 898, otc]
[4551, 105.0, 95.0, 105.00, 96.10, 1185, tse]
[4552, 30.7, 29.7, 30.45, 30.15, 1205, tse]
[4554, 29.8, 27.5, 29.75, 28.00, 296, otc]
[4555, 64.5, 60.0, 61.50, 63.20, 106, tse]
[4556, 43.35, 34.6, 38.00, 43.35, 4660, otc]
[4557, 122.5, 115.0, 122.00, 117.50, 389, tse]
[4558, 27.85, 26.05, 27.00, 27.30, 267, otc]
[4560, 38.1, 36.8, 37.90, 37.40, 303, tse]
[4561, 37.7, 32.9, 36.80, 33.20, 2235, otc]
[4562, 19.45, 16.65, 17.55, 18.45, 2770, tse]
[4563, 51.5, 47.1, 51.50, 48.50, 1625, otc]
[4564, 23.1, 21.45, 23.00, 21.60, 4254, tse]
[4566, 53.0, 50.2, 52.40, 50.80, 1586, tse]
[4568, 56.2, 52.5, 56.20, 52.60, 113, otc]
[4569, 96.1, 93.2, 95.00, 95.50, 62, tse]
[4571, 95.2, 90.6, 95.20, 91.70, 292, tse]
[4572, 175.5, 154.0, 171.50, 158.50, 3455, tse]
[4576, 79.6, 69.1, 78.60, 70.90, 2667, tse]
[4577, 20.05, 19.2, 19.95, 19.60, 64, otc]
[4580, 96.4, 93.4, 96.20, 94.30, 452, otc]
[4581, 66.9, 63.0, 66.50, 63.50, 476, tse]
[4583, 247.0, 217.5, 246.50, 225.00, 1034, tse]
[4584, 70.9, 65.0, 70.90, 68.50, 148, otc]
[4588, 149.5, 105.5, 108.00, 137.00, 16863, tse]
[4609, 9.87, 8.0, 8.16, 9.00, 795, otc]
[4702, 12.9, 12.6, 12.90, 12.80, 573, otc]
[4706, 28.25, 26.65, 28.05, 27.00, 122, otc]
[4707, 13.95, 13.55, 13.85, 13.90, 3567, otc]
[4711, 16.9, 16.4, 16.85, 16.65, 178, otc]
[4714, 22.15, 19.05, 22.10, 19.50, 28731, otc]
[4716, 17.45, 15.5, 16.30, 16.20, 17357, otc]
[4720, 17.25, 16.35, 16.35, 16.90, 5822, tse]
[4721, 74.0, 66.3, 73.50, 68.30, 1307, otc]
[4722, 40.9, 39.2, 39.50, 39.65, 1578, tse]
[4726, 45.35, 40.1, 41.90, 44.50, 13071, otc]
[4728, 234.0, 217.0, 234.00, 222.00, 282, otc]
[4729, 18.75, 16.7, 18.75, 17.45, 968, otc]
[4735, 36.2, 34.85, 35.90, 35.60, 154, otc]
[4736, 156.0, 149.0, 152.50, 152.50, 1052, tse]
[4737, 70.5, 68.3, 70.00, 68.90, 240, tse]
[4739, 62.8, 58.0, 62.80, 58.30, 2235, tse]
[4741, 41.15, 38.5, 40.65, 39.45, 225, otc]
[4743, 169.0, 145.0, 166.50, 145.50, 18548, otc]
[4744, 24.5, 23.3, 24.25, 23.65, 1094, otc]
[4745, 24.05, 23.0, 24.05, 23.30, 169, otc]
[4746, 114.5, 99.4, 114.00, 101.00, 12973, tse]
[4747, 68.3, 63.0, 67.80, 65.20, 1155, otc]
[4754, 42.25, 41.1, 42.00, 41.80, 138, otc]
[4755, 154.5, 142.5, 147.00, 144.00, 3358, tse]
[4760, 95.0, 74.9, 75.20, 87.50, 6982, otc]
[4763, 930.0, 736.0, 917.00, 764.00, 15383, tse]
[4764, 34.3, 33.5, 33.65, 33.80, 121, tse]
[4766, 362.5, 331.0, 354.00, 335.00, 5104, tse]
[4767, 30.25, 28.5, 29.60, 29.40, 185, otc]
[4768, 292.5, 243.5, 257.00, 270.00, 18269, otc]
[4770, 466.0, 400.0, 440.00, 419.00, 6770, tse]
[4771, 333.0, 280.0, 330.00, 287.00, 3059, tse]
[4804, 4.34, 3.98, 4.34, 4.06, 316, otc]
[4806, 13.8, 11.4, 13.45, 12.30, 223, otc]
[4807, 18.25, 17.55, 17.80, 17.60, 105, tse]
[4903, 16.7, 16.2, 16.60, 16.55, 574, otc]
[4904, 82.7, 79.7, 81.90, 80.20, 36196, tse]
[4905, 96.7, 88.4, 96.70, 91.90, 1352, otc]
[4906, 34.3, 31.65, 34.20, 32.20, 18281, tse]
[4907, 65.9, 53.1, 60.40, 63.80, 1863, otc]
[4908, 103.5, 90.7, 103.00, 97.50, 8622, otc]
[4909, 100.0, 92.3, 99.00, 97.50, 5057, otc]
[4911, 61.5, 57.1, 61.50, 58.60, 226, otc]
[4912, 139.5, 119.0, 131.00, 121.00, 6966, tse]
[4915, 87.4, 83.1, 84.10, 85.40, 24659, tse]
[4916, 35.4, 31.55, 34.75, 32.15, 5450, tse]
[4919, 133.0, 124.0, 130.00, 127.00, 18009, tse]
[4923, 47.85, 43.55, 47.85, 44.65, 326, otc]
[4924, 16.4, 15.0, 15.05, 16.00, 510, otc]
[4927, 40.45, 37.65, 39.40, 38.40, 2769, tse]
[4930, 35.85, 33.3, 34.45, 34.30, 2212, tse]
[4931, 34.55, 31.0, 33.20, 31.90, 4547, otc]
[4933, 59.4, 54.6, 59.40, 55.70, 1352, otc]
[4934, 24.35, 21.7, 24.20, 23.50, 5757, tse]
[4935, 61.8, 55.8, 56.20, 60.60, 3875, tse]
[4938, 100.5, 92.6, 98.00, 94.80, 67124, tse]
[4939, 21.6, 19.5, 21.40, 20.50, 2643, otc]
[4942, 46.0, 44.35, 45.50, 45.25, 1370, tse]
[4943, 22.5, 19.6, 22.15, 22.30, 341, tse]
[4945, 109.0, 95.4, 102.00, 99.50, 2356, otc]
[4946, 46.85, 42.6, 46.85, 43.70, 49, otc]
[4951, 76.6, 70.1, 76.60, 72.00, 761, otc]
[4952, 51.6, 47.7, 49.20, 48.70, 4095, tse]
[4953, 141.5, 132.0, 141.50, 135.00, 5041, otc]
[4956, 22.2, 18.5, 19.65, 21.65, 15112, tse]
[4958, 116.5, 109.5, 116.00, 112.00, 44598, tse]
[4960, 14.0, 11.75, 13.95, 12.25, 59424, tse]
[4961, 262.5, 228.0, 257.00, 231.50, 13580, tse]
[4966, 895.0, 771.0, 895.00, 800.00, 5651, otc]
[4967, 89.8, 77.1, 89.70, 80.20, 17296, tse]
[4968, 185.5, 165.0, 183.00, 169.00, 9157, tse]
[4971, 65.6, 60.1, 63.90, 61.00, 899, otc]
[4972, 28.5, 28.0, 28.50, 28.25, 233, otc]
[4973, 43.05, 35.2, 43.05, 35.80, 6990, otc]
[4974, 69.5, 67.5, 69.00, 68.50, 619, otc]
[4976, 41.8, 39.1, 40.90, 40.20, 3228, tse]
[4977, 75.5, 70.9, 75.30, 72.20, 2428, tse]
[4979, 126.5, 108.0, 126.50, 118.00, 29256, otc]
[4987, 61.9, 60.7, 61.30, 61.40, 103, otc]
[4989, 27.8, 25.0, 26.60, 25.45, 1982, tse]
[4991, 29.8, 28.55, 29.65, 28.95, 133, otc]
[4994, 126.0, 112.5, 117.00, 114.50, 2238, tse]
[4995, 56.5, 50.0, 50.20, 55.20, 1529, otc]
[4999, 33.8, 33.05, 33.75, 33.20, 594, tse]
[5007, 56.6, 55.9, 55.90, 56.20, 474, tse]
[5009, 55.8, 51.4, 52.70, 54.90, 127156, otc]
[5011, 24.5, 22.85, 24.50, 23.25, 2753, otc]
[5013, 34.85, 33.6, 34.65, 34.10, 83, otc]
[5014, 13.75, 13.15, 13.35, 13.50, 1825, otc]
[5015, 44.7, 43.9, 44.50, 44.20, 380, otc]
[5016, 29.0, 28.0, 29.00, 28.25, 25, otc]
[5201, 31.25, 29.25, 30.80, 30.15, 1399, otc]
[5202, 22.45, 21.15, 22.40, 21.40, 1892, otc]
[5203, 87.4, 82.9, 87.30, 84.00, 795, tse]
[5205, 28.8, 27.05, 28.75, 28.50, 34, otc]
[5206, 38.55, 34.5, 38.45, 36.30, 1242, otc]
[5209, 202.0, 189.0, 194.50, 195.00, 622, otc]
[5210, 40.9, 36.4, 38.10, 38.00, 5236, otc]
[5211, 26.7, 25.35, 26.45, 25.60, 502, otc]
[5212, 64.3, 60.7, 63.60, 62.20, 240, otc]
[5213, 40.95, 37.2, 40.90, 38.50, 6944, otc]
[5215, 50.5, 47.2, 50.40, 47.95, 786, tse]
[5220, 28.7, 26.65, 27.05, 27.95, 319, otc]
[5222, 188.0, 165.0, 180.50, 174.50, 15628, tse]
[5223, 38.8, 37.1, 38.75, 37.50, 442, otc]
[5225, 122.5, 111.5, 115.00, 115.50, 9343, tse]
[5227, 39.5, 34.95, 39.50, 35.30, 2226, otc]
[5228, 22.6, 21.9, 21.95, 22.10, 66, otc]
[5230, 35.05, 27.4, 27.85, 35.05, 44812, otc]
[5234, 167.0, 135.0, 158.50, 138.50, 14115, tse]
[5236, 148.0, 134.5, 148.00, 138.50, 1069, otc]
[5243, 60.8, 53.2, 60.60, 54.10, 7446, tse]
[5244, 46.25, 42.65, 44.05, 44.00, 965, tse]
[5245, 34.55, 33.1, 34.55, 33.40, 108, otc]
[5251, 33.9, 24.8, 25.00, 33.90, 13620, otc]
[5258, 141.5, 121.0, 141.00, 127.50, 11707, tse]
[5263, 115.5, 111.0, 115.00, 113.00, 610, otc]
[5269, 2270.0, 1890.0, 2,235.00, 1,920.00, 4101, tse]
[5272, 34.1, 31.15, 33.85, 31.90, 1949, otc]
[5274, 3235.0, 2965.0, 3,110.00, 3,000.00, 1532, otc]
[5276, 13.9, 13.5, 13.65, 13.90, 10, otc]
[5278, 261.5, 238.0, 255.00, 243.00, 65, otc]
[5283, 115.0, 113.5, 115.00, 113.50, 466, tse]
[5284, 203.5, 164.0, 200.00, 167.00, 6269, tse]
[5285, 68.0, 63.1, 65.30, 63.70, 953, tse]
[5287, 204.5, 199.5, 204.50, 200.00, 352, otc]
[5288, 195.0, 188.5, 194.00, 193.00, 289, tse]
[5289, 313.0, 281.0, 312.50, 283.00, 3530, otc]
[5291, 27.0, 26.2, 27.00, 26.70, 473, otc]
[5292, 144.5, 132.0, 139.00, 136.00, 978, tse]
[5299, 107.0, 96.2, 107.00, 98.00, 1539, otc]
[5301, 8.8, 8.26, 8.80, 8.75, 199, otc]
[5302, 11.15, 10.4, 11.10, 10.40, 1141, otc]
[5306, 147.5, 136.5, 145.50, 138.00, 1359, tse]
[5309, 36.1, 33.05, 35.80, 34.05, 11812, otc]
[5310, 44.8, 37.9, 44.80, 41.00, 1860, otc]
[5312, 109.0, 98.5, 105.50, 100.50, 1148, otc]
[5314, 436.0, 267.0, 372.00, 273.50, 3685, otc]
[5315, 18.45, 17.65, 18.40, 17.70, 1168, otc]
[5321, 80.0, 70.2, 75.60, 73.30, 896, otc]
[5324, 14.8, 12.9, 14.40, 13.65, 9688, otc]
[5328, 14.65, 13.3, 14.55, 13.70, 4067, otc]
[5340, 61.6, 55.0, 60.70, 56.90, 5890, otc]
[5344, 22.8, 20.1, 22.55, 20.20, 545, otc]
[5345, 11.9, 10.75, 11.90, 11.70, 45, otc]
[5347, 86.7, 80.0, 86.70, 81.20, 62465, otc]
[5348, 17.95, 16.45, 17.40, 17.20, 155, otc]
[5351, 52.9, 44.0, 52.90, 45.50, 26977, otc]
[5353, 35.6, 32.55, 35.20, 32.70, 1167, otc]
[5355, 12.0, 10.2, 11.05, 11.30, 4118, otc]
[5356, 35.85, 33.2, 35.85, 34.85, 1988, otc]
[5364, 16.45, 15.7, 16.45, 15.90, 494, otc]
[5371, 111.0, 91.0, 100.00, 95.70, 111357, otc]
[5381, 41.5, 35.3, 38.85, 37.05, 50572, otc]
[5383, 43.0, 37.6, 40.10, 40.50, 3094, otc]
[5386, 73.5, 67.4, 72.00, 70.20, 6343, otc]
[5388, 133.0, 119.0, 132.50, 121.50, 21450, tse]
[5392, 27.75, 24.4, 27.45, 24.85, 8572, otc]
[5398, 19.35, 17.0, 19.00, 17.55, 339, otc]
[5403, 133.5, 127.5, 132.00, 129.50, 1847, otc]
[5410, 38.2, 35.15, 37.50, 35.55, 4735, otc]
[5425, 80.8, 70.5, 80.80, 71.10, 14674, otc]
[5426, 39.45, 31.15, 39.45, 32.80, 14992, otc]
[5432, 172.5, 123.5, 170.00, 126.00, 3551, otc]
[5434, 272.5, 245.0, 249.00, 258.00, 33075, tse]
[5438, 19.5, 18.5, 18.75, 18.50, 388, otc]
[5439, 122.0, 103.5, 122.00, 113.50, 11568, otc]
[5443, 66.5, 55.8, 65.90, 56.00, 46882, otc]
[5450, 21.1, 19.4, 20.55, 19.65, 616, otc]
[5452, 25.65, 22.3, 25.60, 23.05, 5962, otc]
[5455, 61.3, 50.0, 50.10, 58.90, 376, otc]
[5457, 62.5, 55.6, 61.70, 56.80, 4739, otc]
[5460, 14.25, 13.45, 14.25, 13.85, 406, otc]
[5464, 29.55, 28.35, 29.30, 29.00, 352, otc]
[5465, 45.9, 40.7, 45.30, 41.20, 3070, otc]
[5468, 17.05, 16.4, 16.90, 16.90, 235, otc]
[5469, 59.0, 54.3, 58.40, 55.70, 17159, tse]
[5471, 53.6, 49.0, 53.20, 49.75, 2086, tse]
[5474, 136.5, 117.0, 135.50, 122.50, 1471, otc]
[5475, 11.2, 10.45, 11.15, 10.55, 1307, otc]
[5478, 143.0, 132.5, 142.00, 137.50, 1344, otc]
[5481, 13.6, 13.1, 13.45, 13.50, 265, otc]
[5483, 210.0, 191.0, 210.00, 192.00, 35261, otc]
[5484, 24.7, 22.8, 24.00, 22.80, 469, tse]
[5487, 32.25, 29.75, 29.75, 30.40, 220, otc]
[5488, 12.3, 11.15, 12.30, 11.30, 3297, otc]
[5489, 39.2, 38.05, 38.80, 38.45, 568, otc]
[5490, 26.6, 25.4, 26.60, 25.90, 708, otc]
[5493, 98.0, 83.3, 92.00, 91.70, 4309, otc]
[5498, 13.4, 11.75, 13.25, 12.10, 7910, otc]
[5508, 164.5, 139.5, 150.50, 163.00, 12398, otc]
[5511, 75.0, 66.4, 67.00, 72.70, 15022, otc]
[5512, 14.3, 10.7, 11.20, 13.75, 237056, otc]
[5514, 22.7, 20.0, 20.30, 22.70, 1357, otc]
[5515, 29.85, 22.55, 22.70, 27.00, 65676, tse]
[5516, 22.25, 19.55, 19.75, 21.85, 1467, otc]
[5519, 43.95, 38.0, 39.75, 42.20, 11924, tse]
[5520, 80.0, 78.4, 79.30, 79.10, 80, otc]
[5521, 15.75, 12.9, 13.60, 14.35, 132459, tse]
[5522, 64.5, 58.2, 59.60, 62.20, 18052, tse]
[5523, 30.1, 27.5, 29.30, 29.35, 1067, otc]
[5525, 36.2, 32.7, 34.40, 35.75, 2620, tse]
[5529, 27.9, 23.6, 24.55, 27.35, 4408, otc]
[5530, 42.35, 39.35, 39.35, 41.80, 3531, otc]
[5531, 11.2, 9.47, 9.88, 10.50, 25193, tse]
[5533, 25.6, 23.3, 24.50, 24.80, 4733, tse]
[5534, 123.5, 99.0, 99.80, 123.00, 37823, tse]
[5536, 228.0, 198.5, 228.00, 203.00, 4160, otc]
[5538, 31.9, 28.4, 31.30, 28.60, 439, tse]
[5543, 50.3, 47.65, 48.50, 49.50, 327, otc]
[5546, 32.4, 30.1, 31.10, 31.80, 134, tse]
[5548, 42.0, 36.5, 36.75, 41.35, 1294, otc]
[5601, 36.8, 35.6, 36.20, 36.30, 14, otc]
[5603, 23.15, 22.15, 22.90, 22.70, 1307, otc]
[5604, 40.35, 39.8, 39.90, 39.80, 266, otc]
[5607, 58.2, 54.8, 57.90, 56.10, 6679, tse]
[5608, 19.75, 18.2, 19.30, 18.55, 15718, tse]
[5609, 95.2, 89.2, 91.50, 95.20, 2600, otc]
[5701, 5.8, 5.38, 5.67, 5.66, 302, otc]
[5703, 22.35, 20.8, 22.35, 21.20, 157, otc]
[5704, 47.8, 45.0, 47.80, 45.00, 186, otc]
[5706, 73.5, 67.7, 73.50, 69.40, 3407, tse]
[5864, 20.6, 18.8, 20.35, 20.05, 12536, otc]
[5871, 174.5, 165.0, 173.00, 168.00, 27011, tse]
[5876, 47.8, 44.75, 47.30, 45.00, 35774, tse]
[5878, 48.2, 48.1, 48.20, 48.10, 17, otc]
[5880, 26.45, 25.45, 26.45, 25.60, 74358, tse]
[5902, 33.5, 32.45, 32.45, 32.70, 196, otc]
[5903, 190.5, 187.5, 190.00, 187.50, 342, otc]
[5904, 491.0, 468.5, 489.50, 473.50, 1082, otc]
[5905, 12.0, 11.6, 11.90, 11.65, 3120, otc]
[5906, 62.0, 58.4, 62.00, 59.80, 49, tse]
[5907, 9.17, 8.29, 9.07, 8.40, 1218, tse]
[6005, 23.5, 20.75, 21.65, 23.50, 132384, tse]
[6015, 13.1, 12.15, 13.10, 12.45, 18470, otc]
[6016, 15.95, 15.05, 15.85, 15.50, 28369, otc]
[6020, 19.75, 18.7, 19.75, 19.00, 169, otc]
[6021, 18.7, 17.3, 18.25, 17.70, 505, otc]
[6023, 80.7, 77.7, 80.00, 79.70, 1367, otc]
[6024, 55.5, 53.3, 55.40, 54.00, 2307, tse]
[6026, 15.8, 15.0, 15.75, 15.40, 20209, otc]
[6101, 47.15, 45.05, 46.70, 46.50, 818, otc]
[6103, NaN, NaN, NaN, NaN, 0, otc]
[6104, 102.0, 91.1, 102.00, 93.50, 7646, otc]
[6108, 21.0, 19.65, 21.00, 20.05, 2798, tse]
[6109, 14.85, 13.6, 14.65, 13.95, 1568, otc]
[6111, 73.9, 69.3, 72.50, 70.10, 4232, otc]
[6112, 59.8, 54.9, 59.50, 55.50, 4672, tse]
[6113, 34.8, 28.05, 34.80, 29.00, 4354, otc]
[6114, 25.45, 22.6, 25.45, 23.80, 462, otc]
[6115, 53.3, 50.2, 53.30, 51.30, 1377, tse]
[6116, 10.55, 9.93, 10.45, 10.00, 37753, tse]
[6117, 95.3, 78.0, 93.10, 81.30, 35741, tse]
[6118, 24.55, 21.6, 24.40, 21.80, 1248, otc]
[6120, 16.95, 15.1, 16.80, 15.75, 39351, tse]
[6121, 433.0, 408.0, 429.50, 413.00, 6815, otc]
[6122, 65.5, 60.8, 65.30, 62.30, 4742, otc]
[6123, 70.9, 68.8, 70.90, 69.30, 533, otc]
[6124, 39.5, 36.6, 39.50, 37.15, 1437, otc]
[6125, 89.5, 74.5, 79.40, 87.30, 106168, otc]
[6126, 34.45, 31.05, 34.25, 32.05, 15003, otc]
[6127, 26.8, 24.3, 26.75, 25.10, 3408, otc]
[6128, 42.7, 36.5, 42.50, 37.20, 6764, tse]
[6129, 26.2, 23.05, 26.20, 23.90, 4137, otc]
[6130, 23.8, 21.8, 23.70, 22.50, 157, otc]
[6133, 14.15, 13.0, 13.85, 13.20, 2689, tse]
[6134, 20.3, 19.15, 20.05, 19.40, 932, otc]
[6136, 23.4, 21.85, 23.25, 22.15, 1974, tse]
[6138, 204.5, 182.0, 203.00, 188.00, 6246, otc]
[6139, 357.0, 294.0, 357.00, 310.50, 21887, tse]
[6140, 30.25, 26.5, 30.25, 27.80, 3069, otc]
[6141, 18.7, 17.5, 18.70, 17.95, 2070, tse]
[6142, 9.81, 9.3, 9.81, 9.32, 1809, tse]
[6143, 112.0, 91.1, 97.10, 109.00, 26602, otc]
[6144, 20.95, 19.1, 20.45, 19.75, 243, otc]
[6146, 248.0, 234.0, 243.00, 241.50, 2732, otc]
[6147, 78.5, 73.9, 77.10, 74.40, 26323, otc]
[6148, 32.2, 29.95, 32.20, 30.30, 918, otc]
[6150, 88.2, 77.3, 88.10, 79.00, 2749, otc]
[6151, 26.4, 25.5, 26.40, 25.80, 454, otc]
[6152, 10.1, 9.55, 10.10, 9.85, 3967, tse]
[6153, 20.15, 18.95, 20.00, 19.10, 8534, tse]
[6154, 17.0, 16.5, 17.00, 16.65, 213, otc]
[6155, 26.75, 25.4, 26.60, 25.50, 612, tse]
[6156, 23.2, 21.2, 23.15, 21.90, 3509, otc]
[6158, 31.1, 27.8, 31.10, 28.50, 995, otc]
[6160, 21.65, 20.0, 21.65, 20.20, 1301, otc]
[6161, 46.15, 43.5, 46.00, 44.10, 1692, otc]
[6163, 23.1, 20.45, 22.80, 21.00, 9774, otc]
[6164, 15.55, 14.05, 15.55, 14.25, 5744, tse]
[6165, 44.95, 39.0, 42.00, 41.00, 9173, tse]
[6166, 68.9, 60.9, 68.60, 62.90, 4608, tse]
[6167, 16.8, 15.0, 15.50, 15.50, 6488, otc]
[6168, 23.7, 22.1, 23.50, 22.60, 3908, tse]
[6169, 22.8, 21.9, 22.80, 22.05, 151, otc]
[6170, 55.5, 51.7, 55.50, 52.40, 3464, otc]
[6171, 39.5, 34.1, 39.20, 38.20, 1853, otc]
[6173, 45.95, 42.0, 45.95, 42.95, 2208, otc]
[6174, 22.95, 21.2, 22.40, 21.35, 201, otc]
[6175, 36.8, 35.2, 36.10, 35.85, 1078, otc]
[6176, 182.0, 172.5, 173.00, 177.00, 22742, tse]
[6177, 47.5, 44.7, 46.05, 47.05, 20852, tse]
[6179, 34.75, 31.5, 33.40, 32.40, 13712, otc]
[6180, 74.5, 69.4, 74.30, 70.50, 3568, otc]
[6182, 40.3, 38.5, 39.45, 38.85, 16087, otc]
[6183, 74.4, 71.3, 73.90, 73.80, 421, tse]
[6184, 54.4, 53.1, 54.40, 53.90, 259, tse]
[6185, 17.35, 16.55, 17.25, 16.60, 1112, otc]
[6186, 79.0, 67.6, 68.50, 79.00, 12010, otc]
[6187, 271.0, 224.5, 264.00, 224.50, 4125, otc]
[6188, 96.6, 83.0, 96.10, 85.80, 30572, otc]
[6189, 94.6, 83.6, 91.50, 86.90, 33557, tse]
[6190, 37.85, 34.3, 36.90, 37.10, 14957, otc]
[6191, 71.8, 67.9, 69.50, 70.40, 22767, tse]
[6192, 113.5, 107.5, 113.50, 110.50, 2755, tse]
[6194, 34.7, 33.05, 34.70, 33.65, 956, otc]
[6195, 41.85, 41.3, 41.85, 41.50, 228, otc]
[6196, 172.0, 150.0, 171.50, 154.50, 12129, tse]
[6197, 173.0, 136.0, 170.00, 136.00, 20652, tse]
[6198, 70.9, 62.2, 65.50, 66.70, 2805, otc]
[6199, 24.05, 21.45, 23.25, 22.45, 117, otc]
[6201, 62.0, 60.0, 60.60, 60.80, 537, tse]
[6202, 59.6, 55.4, 58.50, 57.00, 7643, tse]
[6203, 86.0, 81.0, 86.00, 82.60, 1232, otc]
[6204, 142.5, 113.5, 142.50, 115.50, 2312, otc]
[6205, 78.7, 69.4, 78.70, 70.00, 3494, tse]
[6206, 83.3, 79.2, 83.30, 81.20, 2881, tse]
[6207, 62.4, 55.0, 60.40, 58.70, 11556, otc]
[6208, 64.2, 57.7, 62.20, 59.40, 3892, otc]
[6209, 26.5, 24.3, 26.05, 24.60, 2420, tse]
[6210, 26.1, 24.6, 26.05, 24.90, 102, otc]
[6212, 81.9, 77.2, 78.80, 81.40, 396, otc]
[6213, 119.5, 104.5, 118.00, 110.00, 67877, tse]
[6214, 121.5, 117.0, 121.50, 119.50, 2972, tse]
[6215, 39.7, 35.6, 38.45, 38.35, 16126, tse]
[6216, 36.75, 33.2, 36.75, 33.70, 3576, tse]
[6217, 46.9, 41.2, 46.85, 42.10, 8129, otc]
[6218, 27.6, 24.35, 27.55, 24.75, 1372, otc]
[6219, 41.3, 37.2, 38.85, 40.75, 15786, otc]
[6220, 23.9, 22.9, 23.90, 23.25, 839, otc]
[6221, 80.6, 78.5, 80.10, 80.20, 134, otc]
[6222, 34.95, 25.5, 26.85, 31.95, 1250, otc]
[6223, 418.5, 370.0, 412.00, 397.50, 26239, otc]
[6224, 55.9, 51.0, 55.60, 51.20, 1299, tse]
[6225, 16.15, 15.3, 15.30, 15.80, 39, tse]
[6226, 10.2, 9.7, 10.20, 9.86, 2347, tse]
[6227, 72.2, 63.5, 71.90, 66.50, 8055, otc]
[6228, 23.4, 20.8, 22.65, 21.70, 82, otc]
[6229, 42.2, 32.05, 42.20, 32.55, 8748, otc]
[6230, 248.5, 168.5, 178.00, 248.50, 3958, tse]
[6231, 257.0, 220.0, 257.00, 223.00, 4199, otc]
[6233, 42.8, 36.1, 39.10, 39.95, 21565, otc]
[6234, 30.8, 27.8, 29.65, 28.20, 2660, otc]
[6235, 98.7, 83.2, 98.30, 85.50, 24513, tse]
[6236, 34.5, 31.8, 32.80, 33.90, 48, otc]
[6237, 57.0, 49.9, 57.00, 51.30, 4125, otc]
[6239, 194.0, 170.0, 185.50, 174.00, 40029, tse]
[6240, 22.35, 21.05, 21.45, 21.70, 66, otc]
[6241, 15.2, 14.0, 14.80, 14.10, 417, otc]
[6242, 53.1, 50.5, 53.10, 50.50, 209, otc]
[6243, 63.5, 57.6, 63.50, 59.80, 3230, tse]
[6244, 29.3, 27.25, 27.70, 27.60, 41145, otc]
[6245, 99.5, 90.4, 99.10, 92.50, 5095, otc]
[6246, 15.05, 13.4, 13.50, 14.35, 584, otc]
[6248, 36.35, 34.55, 34.95, 36.30, 8024, otc]
[6257, 72.9, 68.5, 72.60, 70.50, 22875, tse]
[6259, 22.7, 21.5, 22.30, 21.95, 181, otc]
[6261, 74.3, 70.3, 74.00, 71.80, 3475, otc]
[6263, 155.5, 140.0, 155.50, 142.50, 1654, otc]
[6264, 11.0, 8.46, 8.70, 11.00, 9081, otc]
[6265, 12.35, 10.65, 11.80, 10.85, 3576, otc]
[6266, 33.65, 31.8, 33.65, 32.35, 1823, otc]
[6269, 93.2, 90.0, 92.60, 90.70, 12461, tse]
[6270, 24.5, 22.65, 24.50, 23.10, 1345, otc]
[6271, 152.5, 140.5, 149.00, 142.00, 13774, tse]
[6274, 189.5, 158.0, 187.00, 163.00, 66480, otc]
[6275, 59.6, 53.9, 59.50, 56.60, 6759, otc]
[6276, 64.4, 55.9, 63.80, 57.10, 990, otc]
[6277, 80.8, 79.5, 80.70, 79.80, 733, tse]
[6278, 111.5, 105.0, 109.50, 107.50, 14070, tse]
[6279, 156.5, 145.0, 155.00, 148.50, 3752, otc]
[6281, 85.2, 84.0, 84.60, 84.20, 789, tse]
[6282, 41.5, 38.1, 40.25, 39.50, 57573, tse]
[6283, 36.5, 27.4, 28.65, 31.50, 48099, tse]
[6284, 88.4, 79.0, 88.30, 82.30, 16208, otc]
[6285, 154.5, 143.0, 153.00, 147.00, 27227, tse]
[6287, 14.45, 13.75, 14.45, 13.85, 17, otc]
[6288, 35.0, 31.5, 34.80, 31.90, 19361, tse]
[6290, 108.0, 85.2, 105.00, 88.20, 56336, otc]
[6291, 173.5, 153.0, 173.00, 157.00, 573, otc]
[6292, 78.2, 71.2, 77.20, 72.80, 1376, otc]
[6294, 118.0, 113.0, 118.00, 116.00, 802, otc]
[6405, 24.35, 23.05, 24.35, 23.45, 349, tse]
[6409, 1700.0, 1495.0, 1,700.00, 1,515.00, 937, tse]
[6411, 102.0, 93.0, 102.00, 95.20, 3195, otc]
[6412, 180.5, 166.0, 178.50, 168.00, 3968, tse]
[6414, 341.5, 315.5, 340.00, 324.00, 12866, tse]
[6415, 398.5, 336.0, 393.00, 336.00, 22672, tse]
[6416, 120.0, 106.5, 120.00, 109.50, 4664, tse]
[6417, 105.0, 98.0, 104.00, 100.00, 1291, otc]
[6418, 23.0, 21.6, 23.00, 22.30, 550, otc]
[6419, 58.3, 53.1, 58.30, 57.30, 926, otc]
[6425, 85.1, 73.0, 81.00, 78.40, 17359, otc]
[6426, 68.0, 62.2, 68.00, 63.10, 970, tse]
[6431, 15.45, 12.1, 14.20, 12.10, 2316, tse]
[6432, 38.3, 33.3, 35.40, 35.80, 3497, otc]
[6435, 100.5, 93.5, 100.00, 95.10, 609, otc]
[6438, 137.0, 118.0, 134.50, 122.50, 18685, tse]
[6441, 40.9, 37.7, 40.40, 38.20, 759, otc]
[6442, 142.0, 128.0, 140.00, 128.50, 9144, tse]
[6443, 29.9, 27.75, 29.20, 28.70, 59316, tse]
[6446, 319.0, 281.0, 318.50, 285.50, 11566, tse]
[6449, 100.0, 88.2, 93.00, 96.20, 5084, tse]
[6451, 163.5, 147.0, 162.50, 149.50, 10108, tse]
[6456, 60.1, 55.4, 60.10, 56.40, 4367, tse]
[6457, 51.4, 46.6, 50.70, 47.70, 977, otc]
[6461, 28.3, 25.8, 28.25, 27.00, 847, otc]
[6462, 277.5, 241.0, 249.00, 257.00, 46984, otc]
[6464, 87.7, 85.4, 86.40, 85.60, 598, tse]
[6465, 24.35, 21.25, 24.00, 22.70, 160, otc]
[6469, 290.0, 276.0, 290.00, 278.00, 987, otc]
[6470, 57.5, 54.1, 57.50, 55.50, 910, otc]
[6472, 835.0, 690.0, 791.00, 706.00, 17998, tse]
[6477, 39.55, 36.65, 39.25, 37.60, 4693, tse]
[6482, 52.4, 47.8, 51.80, 47.95, 252, otc]
[6485, 84.8, 76.9, 84.50, 78.10, 1523, otc]
[6486, 89.9, 85.9, 88.90, 87.60, 2091, otc]
[6488, 553.0, 520.0, 545.00, 520.00, 13822, otc]
[6491, 484.5, 447.5, 482.00, 455.00, 4356, tse]
[6492, 43.0, 40.35, 42.50, 40.70, 1012, otc]
[6494, 70.6, 63.3, 70.60, 64.90, 689, otc]
[6496, 28.45, 27.75, 28.10, 28.05, 74, otc]
[6499, 43.85, 41.8, 43.00, 42.30, 234, otc]
[6504, 70.8, 68.3, 70.40, 69.40, 340, tse]
[6505, 74.0, 69.0, 73.00, 69.30, 29330, tse]
[6506, 16.95, 16.6, 16.80, 16.85, 97, otc]
[6508, 33.0, 31.55, 32.05, 32.35, 497, otc]
[6509, 38.4, 36.3, 38.20, 36.70, 3230, otc]
[6510, 501.0, 443.0, 501.00, 451.00, 1623, otc]
[6512, 22.6, 21.55, 22.00, 21.60, 49, otc]
[6514, 52.7, 52.4, 52.50, 52.50, 388, otc]
[6515, 929.0, 799.0, 924.00, 820.00, 6984, tse]
[6516, 77.4, 74.3, 76.40, 75.70, 150, otc]
[6517, 85.0, 72.0, 80.80, 73.30, 2050, otc]
[6523, 183.5, 167.0, 175.00, 169.00, 1133, otc]
[6525, 68.5, 66.6, 68.50, 66.90, 506, tse]
[6526, 725.0, 621.0, 650.00, 675.00, 11353, tse]
[6527, 80.0, 77.0, 80.00, 77.10, 292, otc]
[6530, 50.4, 43.3, 50.40, 44.85, 4537, otc]
[6531, 390.0, 345.5, 386.00, 360.50, 15184, tse]
[6532, 70.1, 62.6, 70.10, 64.00, 1860, otc]
[6533, 422.0, 375.0, 420.50, 389.50, 5059, tse]
[6534, 87.0, 81.7, 85.10, 83.10, 416, tse]
[6535, 198.0, 174.0, 197.50, 181.50, 5048, otc]
[6538, 163.5, 147.0, 160.00, 158.00, 7501, otc]
[6541, 48.25, 45.4, 48.10, 46.10, 1429, tse]
[6542, 69.6, 65.7, 69.60, 67.00, 54, otc]
[6546, 136.0, 113.0, 133.00, 119.50, 8370, otc]
[6547, 52.2, 48.05, 52.00, 48.50, 8938, otc]
[6548, 38.0, 35.55, 37.25, 36.15, 13886, otc]
[6550, 70.0, 63.6, 70.00, 64.00, 6816, tse]
[6552, 35.0, 32.65, 35.00, 33.65, 411, tse]
[6556, 83.1, 77.0, 83.00, 78.10, 112, otc]
[6558, 23.55, 22.2, 23.55, 22.40, 776, tse]
[6560, 29.35, 27.75, 29.00, 27.90, 128, otc]
[6561, 379.0, 362.0, 379.00, 368.00, 329, otc]
[6568, 140.0, 129.0, 140.00, 131.00, 347, otc]
[6569, 172.0, 160.0, 171.00, 161.50, 549, otc]
[6570, 56.0, 53.3, 55.50, 54.30, 558, otc]
[6573, 13.4, 12.5, 13.40, 12.65, 295, tse]
[6574, 51.1, 49.0, 50.70, 49.80, 44, otc]
[6576, 99.0, 93.1, 99.00, 93.60, 1666, otc]
[6577, 145.0, 128.5, 143.00, 131.00, 1200, otc]
[6578, 30.4, 27.1, 27.60, 29.05, 6083, otc]
[6579, 158.0, 145.0, 155.50, 148.00, 1359, tse]
[6581, 98.4, 92.4, 93.00, 95.80, 743, tse]
[6582, 49.65, 48.45, 49.40, 49.50, 246, tse]
[6584, 199.5, 181.5, 199.00, 194.00, 2592, otc]
[6585, 210.5, 180.0, 207.00, 186.00, 4914, tse]
[6588, 41.5, 37.0, 38.60, 37.95, 523, otc]
[6589, 85.3, 76.5, 85.30, 77.00, 4875, otc]
[6590, 92.0, 87.5, 90.20, 88.70, 211, otc]
[6591, 57.1, 53.1, 57.10, 53.60, 1770, tse]
[6592, 120.5, 114.0, 120.00, 115.50, 4636, tse]
[6593, 146.0, 125.0, 141.50, 137.50, 3982, otc]
[6596, 80.5, 72.5, 73.50, 76.00, 5402, otc]
[6598, 21.0, 19.5, 21.00, 20.10, 514, tse]
[6603, 18.0, 16.65, 17.60, 17.05, 7460, otc]
[6605, 228.0, 192.0, 215.50, 199.00, 9936, tse]
[6606, 27.2, 26.05, 26.15, 26.55, 1045, tse]
[6609, 36.35, 33.4, 35.20, 34.95, 756, otc]
[6612, 152.5, 126.0, 131.00, 137.50, 1758, otc]
[6613, 228.0, 194.5, 222.50, 199.50, 4603, otc]
[6615, 41.0, 39.7, 40.50, 39.90, 66, otc]
[6616, 15.1, 14.4, 15.00, 14.60, 1177, otc]
[6624, 44.5, 40.2, 41.65, 42.05, 190, otc]
[6625, 100.0, 95.5, 100.00, 95.50, 1217, tse]
[6629, 91.3, 86.0, 88.90, 87.50, 248, otc]
[6640, 506.0, 420.0, 480.00, 420.50, 4221, otc]
[6641, 44.35, 40.0, 42.30, 42.60, 250, tse]
[6642, 63.5, 58.6, 62.90, 60.90, 348, otc]
[6643, 1365.0, 1180.0, 1,270.00, 1,215.00, 8682, otc]
[6645, 38.9, 37.1, 38.30, 37.15, 321, tse]
[6649, 31.8, 28.6, 30.70, 29.40, 172, otc]
[6651, 74.7, 69.2, 74.60, 70.20, 465, otc]
[6654, 50.4, 46.2, 49.20, 49.00, 116, otc]
[6655, 120.5, 119.0, 119.50, 120.50, 16, tse]
[6657, 58.5, 51.5, 58.40, 53.40, 1255, tse]
[6658, 42.8, 39.2, 41.50, 40.30, 151, tse]
[6661, 22.5, 22.05, 22.40, 22.25, 68, otc]
[6662, 35.55, 33.6, 34.95, 35.45, 75, otc]
[6664, 190.5, 165.5, 180.50, 177.00, 6799, otc]
[6666, 68.2, 63.1, 68.20, 63.60, 223, tse]
[6667, 193.0, 159.5, 193.00, 165.00, 13307, otc]
[6668, 74.7, 66.3, 72.10, 70.20, 14080, tse]
[6669, 2500.0, 2260.0, 2,375.00, 2,315.00, 10224, tse]
[6670, 253.0, 239.5, 242.00, 243.00, 2192, tse]
[6671, 43.2, 42.5, 42.85, 42.80, 170, tse]
[6672, 88.1, 80.6, 88.00, 81.90, 1529, tse]
[6674, 25.45, 24.1, 25.45, 24.40, 42, tse]
[6679, 430.0, 382.0, 426.50, 391.00, 3468, otc]
[6680, 86.8, 77.9, 80.00, 86.50, 88, otc]
[6683, 321.0, 293.0, 309.00, 300.50, 3896, otc]
[6684, 95.7, 83.0, 85.10, 90.90, 17092, otc]
[6689, 111.0, 98.0, 111.00, 99.50, 1673, tse]
[6690, 179.0, 167.0, 179.00, 169.50, 240, otc]
[6691, 419.0, 367.5, 415.00, 375.50, 3939, tse]
[6692, 30.9, 29.8, 30.90, 29.85, 142, otc]
[6693, 71.0, 67.2, 70.40, 70.20, 305, otc]
[6695, 61.0, 55.5, 60.30, 56.90, 12539, tse]
[6697, 50.3, 47.2, 50.30, 47.20, 333, otc]
[6698, 34.5, 31.85, 34.45, 32.55, 1122, tse]
[6703, 314.0, 283.5, 314.00, 287.00, 863, otc]
[6706, 52.5, 49.0, 52.30, 50.30, 1799, tse]
[6708, 43.5, 40.55, 43.50, 42.00, 110, otc]
[6712, 213.0, 198.0, 213.00, 200.00, 2920, otc]
[6715, 183.5, 161.0, 182.00, 163.00, 2572, tse]
[6716, 111.0, 101.0, 109.50, 104.00, 547, otc]
[6719, 295.0, 258.0, 295.00, 263.50, 9590, tse]
[6721, 51.8, 51.2, 51.50, 51.50, 43, otc]
[6727, 64.0, 59.0, 63.00, 62.10, 1574, otc]
[6728, 138.5, 130.5, 138.50, 132.00, 143, otc]
[6732, 388.5, 325.5, 387.50, 327.00, 2633, otc]
[6733, 38.0, 36.3, 38.00, 36.45, 1014, otc]
[6735, 99.0, 88.0, 98.90, 88.90, 1844, otc]
[6741, 91.5, 80.2, 91.50, 82.50, 2607, otc]
[6742, 83.2, 74.4, 81.30, 76.10, 2687, tse]
[6743, 60.0, 54.4, 57.50, 56.60, 3457, tse]
[6747, 188.0, 174.0, 188.00, 176.50, 197, otc]
[6751, 70.9, 65.8, 70.90, 65.80, 120, otc]
[6752, 130.0, 120.0, 128.50, 121.50, 335, otc]
[6753, 135.0, 109.5, 130.00, 116.00, 22306, tse]
[6754, 63.8, 60.8, 63.50, 61.70, 526, tse]
[6756, 218.5, 193.0, 218.50, 194.00, 1506, tse]
[6757, 34.1, 32.45, 34.00, 33.25, 1885, tse]
[6761, 99.5, 90.6, 96.20, 92.60, 1901, otc]
[6762, 252.0, 246.0, 252.00, 249.00, 28, otc]
[6763, 409.0, 389.0, 409.00, 390.00, 117, otc]
[6767, 42.0, 38.0, 39.60, 40.45, 306, otc]
[6768, 79.9, 74.9, 77.60, 79.30, 1929, tse]
[6770, 25.2, 21.85, 25.20, 22.20, 158283, tse]
[6776, 64.7, 60.6, 64.60, 61.60, 1058, tse]
[6781, 669.0, 555.0, 668.00, 575.00, 2396, tse]
[6782, 256.0, 226.0, 238.00, 232.50, 8503, tse]
[6785, 324.5, 294.0, 320.00, 303.50, 2471, otc]
[6788, 146.5, 134.0, 144.50, 136.50, 2508, otc]
[6789, 286.0, 246.5, 283.00, 253.50, 10770, tse]
[6790, 53.8, 49.6, 50.00, 52.00, 3787, tse]
[6791, 88.3, 83.1, 88.30, 83.10, 109, otc]
[6792, 82.9, 75.5, 82.90, 76.80, 764, tse]
[6796, 87.0, 74.1, 87.00, 75.20, 845, tse]
[6799, 167.5, 142.5, 167.50, 147.50, 3611, tse]
[6803, 310.5, 304.5, 308.50, 308.00, 204, otc]
[6804, 50.1, 48.1, 50.10, 48.30, 342, otc]
[6805, 830.0, 707.0, 816.00, 750.00, 9527, tse]
[6806, 157.0, 140.0, 149.50, 146.50, 41956, tse]
[6807, 46.6, 43.35, 46.60, 44.50, 978, tse]
[6811, 283.5, 256.0, 283.50, 256.50, 1472, otc]
[6821, 44.05, 42.45, 43.40, 43.50, 122, otc]
[6823, 81.0, 75.0, 76.80, 77.60, 369, otc]
[6829, 121.5, 107.0, 115.00, 110.50, 4767, otc]
[6830, 156.0, 139.0, 147.00, 141.50, 4026, tse]
[6834, 24.4, 23.5, 24.40, 23.80, 129, tse]
[6835, 56.4, 51.0, 56.40, 52.80, 2862, tse]
[6840, 72.5, 70.6, 72.10, 71.00, 93, otc]
[6841, 92.2, 83.5, 91.40, 84.80, 1916, otc]
[6843, 56.2, 54.0, 56.20, 54.00, 89, otc]
[6844, 176.0, 167.5, 175.00, 171.00, 243, otc]
[6846, 79.2, 77.9, 78.50, 78.00, 132, otc]
[6854, 82.1, 76.0, 80.00, 77.10, 168, tse]
[6855, 123.0, 114.5, 123.00, 119.00, 103, otc]
[6856, 68.0, 66.7, 68.00, 67.30, 117, otc]
[6859, 135.0, 124.5, 135.00, 124.50, 169, otc]
[6861, 75.5, 68.1, 75.50, 69.20, 455, tse]
[6863, 151.0, 137.0, 150.00, 139.50, 1339, tse]
[6865, 59.5, 52.6, 59.50, 54.30, 108, otc]
[6869, 156.5, 134.0, 139.50, 156.50, 4274, tse]
[6870, 132.5, 126.0, 130.00, 127.00, 96, otc]
[6873, 202.0, 178.5, 180.00, 197.00, 5442, tse]
[6874, 115.5, 102.0, 114.00, 102.00, 437, otc]
[6875, 79.6, 67.8, 79.60, 69.20, 3599, otc]
[6877, 35.85, 33.7, 34.85, 34.50, 214, otc]
[6894, 245.0, 215.0, 219.00, 227.00, 2601, otc]
[6895, 102.5, 92.0, 93.00, 99.60, 742, otc]
[6899, 68.0, 62.2, 68.00, 62.50, 771, otc]
[6901, 41.55, 38.5, 41.55, 38.65, 8352, tse]
[6902, 157.5, 150.0, 156.50, 155.00, 28, tse]
[6904, 215.0, 200.0, 207.50, 208.00, 89, otc]
[6906, 157.5, 137.5, 154.00, 140.50, 831, tse]
[6916, 26.3, 24.2, 26.30, 24.20, 534, tse]
[6922, 125.0, 115.5, 118.50, 119.00, 271, otc]
[6929, 80.5, 73.5, 79.80, 75.00, 348, otc]
[6933, 367.0, 328.5, 355.00, 338.00, 3554, tse]
[6937, 238.0, 210.0, 235.00, 217.00, 4874, tse]
[6949, 154.5, 114.5, 123.50, 149.00, 890, tse]
[7402, 131.0, 113.5, 128.00, 120.00, 3963, otc]
[7556, 143.5, 136.5, 142.50, 137.50, 91, otc]
[8011, 26.75, 24.0, 25.80, 24.65, 38286, tse]
[8016, 290.0, 266.0, 287.00, 270.50, 4868, tse]
[8021, 30.6, 28.65, 30.60, 29.25, 2769, tse]
[8024, 20.1, 18.8, 20.10, 19.20, 534, otc]
[8027, 101.0, 91.7, 98.70, 94.60, 15351, otc]
[8028, 55.5, 50.2, 52.80, 52.00, 15392, tse]
[8032, 29.25, 28.35, 29.25, 28.55, 50, otc]
[8033, 84.0, 75.5, 77.70, 79.40, 60045, tse]
[8034, 25.1, 22.5, 25.10, 23.30, 4208, otc]
[8038, 30.0, 27.2, 29.20, 28.10, 826, otc]
[8039, 48.9, 46.7, 48.00, 47.00, 4551, tse]
[8040, 79.7, 70.0, 77.80, 71.80, 4323, otc]
[8042, 36.15, 34.7, 36.15, 34.70, 111, otc]
[8043, 25.05, 23.7, 24.85, 23.80, 395, otc]
[8044, 31.4, 27.7, 31.10, 28.25, 5959, otc]
[8046, 196.0, 171.0, 196.00, 171.50, 21334, tse]
[8047, 16.5, 14.8, 16.15, 15.45, 1029, otc]
[8048, 65.5, 61.0, 65.40, 62.00, 1544, otc]
[8049, 40.25, 38.65, 40.25, 39.50, 2682, otc]
[8050, 82.3, 79.1, 81.00, 79.50, 5888, otc]
[8054, 183.0, 147.0, 152.00, 174.50, 156886, otc]
[8059, 31.45, 27.55, 31.45, 28.50, 3252, otc]
[8064, 30.5, 27.5, 30.50, 28.50, 25326, otc]
[8066, 29.85, 29.0, 29.60, 29.05, 330, otc]
[8067, 17.9, 16.75, 17.40, 16.95, 39, otc]
[8068, 36.35, 32.4, 36.10, 32.90, 1932, otc]
[8069, 245.0, 213.0, 244.50, 215.00, 38654, otc]
[8070, 42.3, 39.6, 42.00, 40.55, 12018, tse]
[8071, 14.7, 13.85, 14.70, 13.95, 660, otc]
[8072, 27.2, 25.75, 26.80, 25.75, 394, tse]
[8074, 23.3, 22.45, 23.30, 22.95, 919, otc]
[8076, 29.15, 27.7, 29.00, 28.20, 2510, otc]
[8077, 80.9, 65.9, 65.90, 70.90, 412, otc]
[8080, 16.15, 14.2, 14.70, 16.15, 212, otc]
[8081, 285.5, 262.0, 285.00, 269.00, 4036, tse]
[8083, 178.0, 173.0, 178.00, 174.00, 427, otc]
[8084, 78.5, 69.2, 78.50, 72.50, 1378, otc]
[8085, 72.3, 67.4, 68.00, 68.70, 20571, otc]
[8086, 139.5, 125.5, 138.00, 130.50, 13088, otc]
[8087, 68.5, 62.7, 64.00, 65.60, 2663, otc]
[8088, 48.1, 43.5, 47.00, 44.50, 14191, otc]
[8089, 78.5, 62.5, 69.90, 77.00, 14097, otc]
[8091, 138.0, 116.0, 137.00, 123.00, 4122, otc]
[8092, 30.8, 25.65, 30.35, 26.10, 5425, otc]
[8093, 15.9, 14.65, 15.90, 14.85, 320, otc]
[8096, 31.4, 26.55, 30.55, 27.60, 70042, otc]
[8097, 75.2, 67.0, 67.60, 73.40, 7165, otc]
[8099, 74.6, 66.7, 71.80, 67.80, 1126, otc]
[8101, 3.99, 3.76, 3.81, 3.80, 171, tse]
[8103, 45.45, 42.6, 45.40, 43.30, 2540, tse]
[8104, 35.4, 32.2, 33.50, 33.65, 1262, tse]
[8105, 13.4, 12.5, 13.35, 12.60, 5880, tse]
[8107, 15.85, 15.15, 15.80, 15.35, 380, otc]
[8109, 95.5, 91.0, 95.50, 93.00, 708, otc]
[8110, 19.45, 17.0, 18.45, 17.55, 61927, tse]
[8111, 26.7, 22.55, 26.40, 23.10, 8359, otc]
[8112, 86.4, 78.5, 85.70, 81.90, 60800, tse]
[8114, 117.0, 110.0, 116.50, 111.00, 993, tse]
[8121, 33.9, 28.9, 29.10, 30.90, 18335, otc]
[8131, 37.05, 35.35, 36.90, 36.00, 1780, tse]
[8147, 116.0, 98.8, 116.00, 102.00, 4687, otc]
[8150, 48.65, 44.85, 48.65, 45.65, 14515, tse]
[8155, 164.5, 139.5, 158.50, 141.50, 13520, otc]
[8162, 42.55, 38.0, 42.55, 38.30, 443, tse]
[8163, 62.0, 59.1, 61.80, 60.40, 6608, tse]
[8171, 40.25, 37.8, 39.50, 38.90, 1695, otc]
[8176, 14.55, 13.4, 14.20, 13.60, 990, otc]
[8182, 35.8, 32.3, 35.80, 32.70, 949, otc]
[8183, 47.15, 43.5, 47.15, 44.00, 2548, otc]
[8201, 18.75, 17.3, 18.75, 17.50, 1705, tse]
[8210, 275.0, 247.0, 264.50, 273.50, 24106, tse]
[8213, 44.2, 42.3, 44.20, 42.75, 3721, tse]
[8215, 34.7, 32.7, 34.60, 33.15, 5071, tse]
[8222, 51.4, 45.5, 49.80, 47.50, 26960, tse]
[8227, 257.5, 228.0, 245.00, 236.50, 7466, otc]
[8234, 51.8, 43.1, 51.40, 44.35, 3817, otc]
[8240, 36.45, 34.55, 36.45, 35.00, 863, otc]
[8249, 29.35, 28.2, 29.00, 28.50, 404, tse]
[8255, 184.5, 174.5, 180.50, 177.00, 4371, otc]
[8261, 85.3, 78.1, 85.10, 79.90, 3461, tse]
[8271, 73.6, 63.1, 73.60, 64.10, 9418, tse]
[8277, 12.2, 11.6, 12.20, 11.90, 1839, otc]
[8279, 159.0, 150.5, 159.00, 153.00, 28, otc]
[8284, 63.8, 62.5, 63.40, 62.80, 295, otc]
[8289, 33.05, 30.0, 33.05, 30.30, 988, otc]
[8291, 6.79, 5.98, 6.18, 5.98, 33, otc]
[8299, 764.0, 692.0, 735.00, 710.00, 16205, otc]
[8341, 99.0, 95.6, 98.60, 96.50, 965, tse]
[8342, 74.0, 69.7, 74.00, 70.70, 75, otc]
[8349, 71.0, 64.4, 67.00, 70.80, 3618, otc]
[8354, 15.1, 14.55, 15.05, 14.65, 226, otc]
[8358, 69.1, 61.2, 67.50, 62.30, 33360, otc]
[8367, 46.2, 44.5, 45.35, 45.70, 428, tse]
[8374, 32.5, 30.05, 31.65, 30.70, 664, tse]
[8383, 45.8, 40.1, 41.75, 42.25, 19495, otc]
[8390, 66.0, 59.5, 61.50, 61.80, 41153, otc]
[8401, 25.6, 24.0, 25.35, 24.35, 1535, otc]
[8403, 32.55, 30.5, 31.55, 31.35, 1649, otc]
[8404, 19.7, 18.6, 18.85, 19.20, 3292, tse]
[8409, 23.35, 21.1, 22.45, 22.30, 405, otc]
[8410, 71.4, 65.4, 68.30, 70.00, 477, otc]
[8411, 13.65, 13.4, 13.60, 13.60, 535, tse]
[8415, 36.35, 34.6, 35.10, 35.00, 5954, otc]
[8416, 159.0, 150.0, 158.00, 154.00, 144, otc]
[8420, 53.1, 40.05, 53.10, 40.65, 1009, otc]
[8421, 13.75, 13.1, 13.65, 13.40, 280, otc]
[8422, 192.5, 180.0, 184.00, 188.50, 3124, tse]
[8423, 22.7, 20.85, 22.60, 21.00, 443, otc]
[8424, 72.5, 70.2, 72.30, 71.20, 62, otc]
[8426, 60.4, 53.9, 58.50, 54.40, 1056, otc]
[8429, 9.99, 9.54, 9.94, 9.70, 1190, tse]
[8431, 56.4, 52.6, 55.30, 54.10, 803, otc]
[8432, 57.4, 54.4, 56.80, 54.70, 436, otc]
[8433, 105.5, 93.2, 103.00, 95.40, 3079, otc]
[8435, 77.0, 70.8, 71.60, 73.60, 692, otc]
[8436, 152.5, 138.5, 152.50, 141.00, 3772, otc]
[8437, 31.7, 29.75, 31.10, 30.40, 240, otc]
[8438, 41.75, 27.95, 27.95, 36.70, 7124, tse]
[8440, 49.8, 39.2, 39.20, 41.75, 29761, otc]
[8442, 123.5, 116.0, 119.00, 120.50, 1409, tse]
[8443, 12.7, 12.1, 12.30, 12.35, 860, tse]
[8444, 36.55, 34.8, 36.55, 34.80, 141, otc]
[8446, 107.5, 103.0, 107.50, 105.50, 1476, otc]
[8450, 23.9, 23.1, 23.45, 23.50, 491, otc]
[8454, 403.0, 376.0, 387.00, 384.50, 4732, tse]
[8455, 20.7, 20.4, 20.70, 20.55, 13, otc]
[8462, 114.0, 107.5, 112.00, 108.00, 310, tse]
[8463, 28.75, 25.1, 26.00, 28.75, 2347, tse]
[8464, 371.5, 352.0, 355.00, 365.00, 4119, tse]
[8466, 50.1, 47.6, 49.20, 49.25, 300, tse]
[8467, 225.5, 182.0, 206.50, 189.50, 7863, tse]
[8472, 26.55, 24.9, 26.55, 25.10, 141, otc]
[8473, 52.5, 39.3, 39.75, 49.55, 65613, tse]
[8476, 61.5, 58.0, 60.10, 58.50, 727, tse]
[8477, 17.85, 16.9, 17.65, 17.50, 273, otc]
[8478, 397.5, 360.0, 397.00, 378.00, 2717, tse]
[8481, 51.0, 50.4, 50.80, 50.60, 106, tse]
[8482, 62.4, 60.0, 62.40, 60.40, 45, tse]
[8487, 80.8, 77.4, 80.80, 78.90, 127, tse]
[8488, 16.7, 15.95, 16.50, 16.10, 104, tse]
[8489, 26.2, 24.5, 26.10, 24.85, 268, otc]
[8499, 116.5, 111.0, 116.50, 112.50, 96, tse]
[8905, 31.65, 30.65, 31.65, 30.65, 533, otc]
[8906, 19.3, 17.9, 17.95, 18.65, 843, otc]
[8908, 57.0, 55.1, 56.60, 55.90, 280, otc]
[8916, 60.7, 58.6, 60.50, 59.20, 1512, otc]
[8917, 59.6, 58.4, 58.60, 58.60, 53, otc]
[8921, 15.4, 15.2, 15.30, 15.20, 36, otc]
[8923, 20.35, 19.9, 19.90, 20.35, 328, otc]
[8924, 90.2, 86.3, 89.30, 86.80, 693, otc]
[8926, 50.0, 46.0, 47.95, 47.55, 54823, tse]
[8927, 63.5, 57.0, 57.00, 62.50, 4921, otc]
[8928, 31.0, 29.45, 31.00, 29.85, 231, otc]
[8929, 20.0, 19.75, 19.95, 19.80, 58, otc]
[8930, 38.9, 36.2, 38.85, 37.40, 6703, otc]
[8931, 55.4, 50.3, 51.00, 53.50, 1538, otc]
[8932, 118.0, 111.0, 117.50, 113.00, 1373, otc]
[8933, 10.6, 10.1, 10.60, 10.25, 2329, otc]
[8935, 12.0, 11.35, 11.80, 11.50, 285, otc]
[8936, 99.6, 79.0, 83.50, 92.00, 144994, otc]
[8937, 20.75, 20.1, 20.40, 20.45, 256, otc]
[8938, 78.5, 73.3, 78.10, 76.20, 3715, otc]
[8940, 30.45, 27.25, 29.15, 30.00, 2978, tse]
[8941, 83.1, 77.5, 80.10, 80.00, 203, otc]
[8942, 72.6, 71.4, 72.30, 71.90, 1491, otc]
[8996, 374.0, 320.0, 357.00, 351.50, 34750, tse]
[9103, 7.04, 6.26, 6.80, 6.64, 15239, tse]
[9105, 3.74, 3.44, 3.73, 3.50, 69581, tse]
[9110, 7.7, 7.18, 7.64, 7.30, 391, tse]
[9136, 6.46, 6.28, 6.46, 6.38, 853, tse]
[9802, 113.5, 106.5, 113.50, 110.50, 3697, tse]
[9902, 16.1, 14.0, 14.35, 16.10, 8104, tse]
[9904, 36.3, 33.85, 35.25, 35.30, 85333, tse]
[9905, 23.9, 23.65, 23.90, 23.80, 2063, tse]
[9906, 81.5, 73.2, 75.70, 80.10, 2089, tse]
[9907, 14.7, 14.3, 14.60, 14.50, 8230, tse]
[9908, 32.55, 32.25, 32.45, 32.35, 855, tse]
[9910, 161.0, 152.0, 161.00, 153.50, 10738, tse]
[9911, 89.5, 82.4, 89.30, 84.90, 5090, tse]
[9912, 12.55, 11.15, 11.85, 12.55, 2075, tse]
[9914, 247.0, 224.0, 232.50, 225.50, 8102, tse]
[9917, 130.0, 124.0, 125.00, 126.00, 3844, tse]
[9918, 41.55, 40.65, 41.45, 40.90, 124, tse]
[9919, 23.75, 20.15, 21.50, 22.35, 24382, tse]
[9921, 228.0, 215.0, 225.50, 215.50, 10797, tse]
[9924, 53.5, 51.4, 53.30, 52.90, 2812, tse]
[9925, 41.4, 40.8, 41.25, 41.00, 1281, tse]
[9926, 54.5, 54.0, 54.50, 54.30, 46, tse]
[9927, 75.2, 71.2, 74.10, 72.90, 3611, tse]
[9928, 17.35, 16.85, 17.25, 16.90, 517, tse]
[9929, 15.8, 14.75, 15.60, 15.10, 113, tse]
[9930, 68.9, 60.0, 60.30, 67.00, 4665, tse]
[9931, 37.15, 36.35, 36.80, 36.85, 189, tse]
[9933, 51.7, 47.15, 49.15, 50.20, 43546, tse]
[9934, 18.5, 17.25, 17.40, 18.30, 42251, tse]
[9935, 25.65, 22.85, 22.95, 24.80, 7298, tse]
[9937, 66.7, 62.9, 66.60, 64.90, 160, tse]
[9938, 63.0, 58.5, 58.60, 60.10, 18476, tse]
[9939, 160.5, 152.0, 156.50, 159.00, 6450, tse]
[9940, 31.7, 30.25, 30.80, 31.20, 3963, tse]
[9941, 150.0, 142.5, 150.00, 146.00, 5959, tse]
[9942, 131.5, 126.0, 130.00, 127.50, 1225, tse]
[9943, 88.9, 86.8, 87.90, 87.10, 1080, tse]
[9944, 21.45, 20.6, 21.20, 20.70, 1915, tse]
[9945, 36.75, 34.25, 34.90, 36.15, 57629, tse]
[9946, 31.45, 28.95, 29.95, 30.95, 8687, tse]
[9949, 24.8, 21.6, 23.55, 22.70, 955, otc]
[9950, 16.35, 14.95, 15.95, 15.35, 1691, otc]
[9951, 72.0, 69.1, 71.80, 69.90, 942, otc]
[9955, 42.1, 30.6, 30.60, 38.50, 80727, tse]
[9958, 223.0, 204.5, 204.50, 212.00, 39743, tse]
[9960, 27.1, 26.7, 26.90, 26.90, 117, otc]
[9962, 18.8, 16.85, 18.60, 16.90, 3511, otc]
